2 0.6829370260238647 1.6550990343093872
3 -0.1036631166934967 -0.1024312824010849
4 -0.10366438329219818 -0.10206979513168335
5 -0.10366357117891312 -0.10243213921785355
6 -0.10366407036781311 -0.10202125459909439
7 -0.10366405546665192 -0.10203905403614044
8 -0.1044917032122612 -0.10194679349660873
9 -0.1044909656047821 -0.10204033553600311
10 -0.10426817089319229 -0.101946160197258
11 -0.1044909656047821 -0.10204030573368073
12 -0.10426817834377289 -0.10194618999958038
13 -0.10366430878639221 -0.10203928500413895
14 -0.1036643460392952 -0.10206978023052216
15 -0.10426908731460571 -0.10180054605007172
16 -0.10398047417402267 -0.10206759721040726
17 -0.10426817089319229 -0.10194618254899979
18 -0.10366357117891312 -0.10243213921785355
19 -0.10366315394639969 -0.10243190079927444
20 -0.1044909730553627 -0.10204030573368073
21 -0.10389117896556854 -0.10209713876247406
22 -0.10398047417402267 -0.10206770896911621
23 -0.10426601767539978 -0.10199352353811264
24 -0.10366430878639221 -0.10203901678323746
25 -0.10366425663232803 -0.10209636390209198
26 -0.10366427153348923 -0.10209831595420837
27 -0.10454051941633224 -0.1024371087551117
28 -0.10384541004896164 -0.10243527591228485
29 -0.10384539514780045 -0.10243526846170425
30 -0.10426818579435349 -0.10194618999958038
31 -0.1044909656047821 -0.10204028338193893
32 -0.10449095815420151 -0.10204040259122849
33 -0.1040773019194603 -0.10243508219718933
34 -0.10384509712457657 -0.10203651338815689
35 -0.10384540259838104 -0.10243526101112366
36 -0.1036633774638176 -0.10243162512779236
37 -0.10384540259838104 -0.10243526101112366
38 -0.10426817834377289 -0.10194617509841919
39 -0.10366404056549072 -0.10203930735588074
40 -0.10366427898406982 -0.10205762833356857
41 -0.10384541004896164 -0.10243527591228485
42 -0.10366430878639221 -0.10203900188207626
43 -0.10366357862949371 -0.10243213921785355
44 -0.10384540259838104 -0.10243526846170425
45 -0.10449173301458359 -0.10194674879312515
46 -0.10384541004896164 -0.10243527591228485
47 -0.10366339236497879 -0.1024312749505043
48 -0.10366401821374893 -0.10203928500413895
49 -0.1036631166934967 -0.10243187099695206
50 -0.1036636158823967 -0.10243214666843414
51 -0.10323821008205414 -0.09668809175491333
52 -0.10389119386672974 -0.10209715366363525
53 -0.10426601767539978 -0.10199348628520966
54 -0.10366429388523102 -0.10205801576375961
55 -0.10449731349945068 -0.10243728756904602
56 -0.10384540259838104 -0.10243465006351471
57 -0.10366427898406982 -0.10205771774053574
58 -0.10398045927286148 -0.10206763446331024
59 -0.10366405546665192 -0.10203906893730164
60 -0.10384539514780045 -0.1024346649646759
61 -0.10366430878639221 -0.10203899443149567
62 -0.1036633849143982 -0.1024312824010849
63 -0.10366403311491013 -0.10203927755355835
64 -0.1039804220199585 -0.10206764191389084
65 -0.10366430133581161 -0.10203904658555984
66 -0.10398045182228088 -0.10206757485866547
67 -0.10384508967399597 -0.10203654319047928
68 -0.10384509712457657 -0.1020364835858345
69 -0.10366401821374893 -0.1020982414484024
70 -0.10366426408290863 -0.10209622234106064
71 -0.10366428643465042 -0.10205771028995514
72 -0.10398044437170029 -0.10206764936447144
73 -0.10384541749954224 -0.10243525356054306
74 -0.10384508222341537 -0.1020365059375763
75 -0.1036643460392952 -0.1020696759223938
76 -0.10366429388523102 -0.10203928500413895
77 -0.10426715016365051 -0.10180053114891052
78 -0.10426601022481918 -0.10199352353811264
79 -0.10426818579435349 -0.10194618999958038
80 -0.10366339236497879 -0.1024312824010849
81 -0.10366427898406982 -0.10209833085536957
82 -0.10449731349945068 -0.10243727266788483
83 -0.1044909730553627 -0.10204029083251953
84 -0.10398045182228088 -0.10206758230924606
85 -0.10384540259838104 -0.10243527591228485
86 -0.10398043692111969 -0.10206765681505203
87 -0.10384540259838104 -0.10243526101112366
88 -0.10398050397634506 -0.10196515917778015
89 -0.10392411798238754 -0.10243463516235352
90 -0.10487063229084015 -0.10278396308422089
91 1.5428555011749268 -0.5619220733642578
92 -0.6606253385543823 1.5674904584884644
93 1.526843786239624 0.562813401222229
94 0.4681928753852844 -0.1283218115568161
95 0.474031537771225 -0.1681339144706726
96 1.4505170583724976 -0.9924185872077942
97 0.408488005399704 0.5168881416320801
98 0.059642236679792404 -0.02541298232972622
99 -0.8537781834602356 0.8553402423858643
100 -1.8003177642822266 -0.6016566157341003
101 1.3187388181686401 0.21111957728862762
102 0.29878664016723633 -0.25499165058135986
103 -0.1294509917497635 0.24507755041122437
104 -0.07460370659828186 -0.058027636259794235
105 -1.2889440059661865 -0.401676744222641
106 -1.0673539638519287 -0.7972287535667419
107 0.35072311758995056 -0.5564797520637512
108 0.407586008310318 0.5081740617752075
109 -1.2999651432037354 -0.4069848358631134
110 1.5213338136672974 0.4627079963684082
111 -1.1645519733428955 1.3633935451507568
112 -0.10204249620437622 0.8616465926170349
113 -0.583250880241394 0.08826969563961029
114 -0.13279643654823303 0.786648690700531
115 0.23551194369792938 1.608378291130066
116 0.8256112337112427 0.639950692653656
117 0.07692720741033554 -0.052304960787296295
118 0.0026062047109007835 -1.066542148590088
119 -1.723820447921753 -0.8200499415397644
120 -0.81828373670578 -0.9636722207069397
121 -1.5234355926513672 -1.0774213075637817
122 -0.1060425415635109 -0.4214896857738495
123 -0.7085742354393005 1.1859101057052612
124 -0.7653487324714661 0.31577643752098083
125 1.296302080154419 -1.2283527851104736
126 0.40045350790023804 -0.042475100606679916
127 0.428734689950943 0.5061057209968567
128 -1.3857026100158691 1.2099207639694214
129 -0.1459563970565796 0.25304049253463745
130 0.16506217420101166 0.7902336120605469
131 -0.13347892463207245 0.25404658913612366
132 -1.2363228797912598 -0.43953102827072144
133 -1.1254386901855469 -1.5112446546554565
134 1.0878212451934814 1.1680097579956055
135 -1.7917077541351318 -0.633064866065979
136 -0.5314393639564514 -0.6191478967666626
137 0.41762468218803406 0.020485656335949898
138 -1.8562942743301392 -0.2211236208677292
139 1.3123055696487427 0.8696160912513733
140 0.5651564002037048 -1.7023706436157227
141 -0.12415049225091934 0.2464984506368637
142 1.29166579246521 -1.0954097509384155
143 0.7178395390510559 -1.1195762157440186
144 1.2544885873794556 -1.2727020978927612
145 -0.7056269645690918 1.1506274938583374
146 -0.9835612773895264 1.448955774307251
147 -0.10366427153348923 -0.10205763578414917
148 1.2275139093399048 0.23623420298099518
149 -1.317399501800537 -1.230062484741211
150 0.22090566158294678 1.6072615385055542
151 -0.05382866412401199 -0.8654252886772156
152 -0.7175830602645874 1.371993064880371
153 1.5372387170791626 0.5518172383308411
154 -0.4884045124053955 -0.46679145097732544
155 0.5985991358757019 1.5005289316177368
156 1.47720468044281 0.3485429584980011
157 -0.5803737640380859 -0.002303726738318801
158 -0.5924469828605652 -1.1264522075653076
159 0.9407599568367004 -0.627541720867157
160 -0.48514044284820557 -0.45197802782058716
161 -0.07011891901493073 -0.3992742896080017
162 -1.0248534679412842 1.1396509408950806
163 0.5831409096717834 -1.2185887098312378
164 0.46526670455932617 1.4440319538116455
165 -0.6871182918548584 -0.09677457064390182
166 -1.3891632556915283 -0.16162820160388947
167 -0.1039578840136528 0.23544564843177795
168 -0.5620251893997192 0.01636095903813839
169 -0.5606390237808228 -1.1624600887298584
170 0.3873189091682434 0.4950595796108246
171 0.08082970231771469 -0.028075437992811203
172 0.32209551334381104 -0.434215247631073
173 0.9583200216293335 0.11178112775087357
174 -1.1856017112731934 0.5872653722763062
175 1.0953633785247803 0.7354670763015747
176 -0.5419971346855164 -1.1733202934265137
177 0.571201741695404 1.5133488178253174
178 -0.48165687918663025 -0.4489694833755493
179 -1.335099458694458 1.2393953800201416
180 -0.868360161781311 -1.6693105697631836
181 0.5835481882095337 -0.16648171842098236
182 -1.1386388540267944 -0.6441404819488525
183 0.4455702006816864 -0.1856538951396942
184 1.4775573015213013 0.7038809061050415
185 -0.5378662943840027 0.2875051200389862
186 0.6692365407943726 0.42898043990135193
187 -1.3355516195297241 1.230836033821106
188 0.9901576638221741 -0.31691044569015503
189 0.06907986104488373 -1.5588886737823486
190 -0.4883781969547272 -0.46680161356925964
191 -0.13115522265434265 0.25337255001068115
192 0.41480401158332825 0.5142925977706909
193 -0.7328497171401978 1.0962660312652588
194 0.07649523764848709 -0.02395491674542427
195 0.3711060881614685 -0.5722774267196655
196 1.3867794275283813 0.2002629190683365
197 -0.04347258806228638 -1.7903369665145874
198 -0.708735466003418 -0.18933896720409393
199 -0.30930033326148987 1.0268059968948364
200 0.7296663522720337 -1.0613335371017456
201 0.8982654213905334 1.169033169746399
202 -0.009074300527572632 -0.8457008004188538
203 -0.3450860381126404 0.7961496114730835
204 0.18822729587554932 1.607992172241211
205 -0.928934633731842 1.4596078395843506
206 -0.04862842336297035 -0.8575092554092407
207 0.9367997646331787 0.6918567419052124
208 -0.4786822199821472 -1.2123935222625732
209 -1.7923885583877563 -0.6317236423492432
210 0.9198246002197266 0.12678509950637817
211 0.4374147355556488 0.47852084040641785
212 0.3009052872657776 -1.4137160778045654
213 0.47972995042800903 0.5559564828872681
214 -1.3399128913879395 -0.05081017687916756
215 -1.2375051975250244 -0.43558186292648315
216 -1.5540354251861572 -1.0279138088226318
217 -1.2383100986480713 -0.43641015887260437
218 -0.8351351618766785 -1.692533016204834
219 0.9112450480461121 1.3295390605926514
220 -0.08863946050405502 0.23600585758686066
221 -0.10228963196277618 0.23806534707546234
222 -0.7494229674339294 -0.1680079847574234
223 -0.5667528510093689 0.12232070416212082
224 1.2829771041870117 -1.266196608543396
225 -0.7215015292167664 -1.1333234310150146
226 0.9652585387229919 -0.4939853250980377
227 -0.05510266125202179 -0.8192926049232483
228 -1.7280058860778809 -0.7943316698074341
229 1.2398267984390259 -1.1582406759262085
230 -0.07835745066404343 0.8477709293365479
231 -1.2253742218017578 0.22048501670360565
232 -0.3347775340080261 0.8011029958724976
233 -0.7745869755744934 -0.17612744867801666
234 0.5835558772087097 -0.166489377617836
235 -0.09526783227920532 -0.4384685158729553
236 -0.04420887678861618 1.5514228343963623
237 -0.11960052698850632 0.22416912019252777
238 -0.764089047908783 0.3151686489582062
239 -0.20089316368103027 0.10703596472740173
240 -0.3605959117412567 -0.6420478224754333
241 0.8353399038314819 1.3736268281936646
242 1.2883062362670898 -1.2387237548828125
243 -0.5521170496940613 0.3282078504562378
244 0.3796183168888092 -0.020890973508358
245 -0.11920443177223206 0.25339195132255554
246 0.5558022856712341 -1.2673773765563965
247 -0.0846485123038292 -0.0759691596031189
248 -1.781819462776184 -0.6469715237617493
249 0.022880475968122482 -0.15079595148563385
250 0.07030726224184036 -1.5775463581085205
251 -0.9229059815406799 0.8132444024085999
252 1.5854578018188477 -0.6133092045783997
253 1.5767545700073242 0.16864004731178284
254 -0.7456972002983093 0.3504953682422638
255 -0.7463432550430298 0.3250931203365326
256 1.2795437574386597 0.8883860111236572
257 0.0072610825300216675 1.422438621520996
258 1.2266182899475098 -0.992328405380249
259 1.2708353996276855 0.2588191032409668
260 0.5214112401008606 0.27010536193847656
261 0.2929018437862396 -0.3896756172180176
262 0.4478164613246918 0.25793927907943726
263 1.3571341037750244 0.8413203358650208
264 -1.4119452238082886 -0.041479527950286865
265 0.9801782369613647 -0.7418724894523621
266 0.05909935384988785 -0.02575060725212097
267 -1.233266830444336 0.6108947396278381
268 -0.12167192995548248 0.24839408695697784
269 0.040674347430467606 -0.14979146420955658
270 1.0388543605804443 -0.1897401511669159
271 1.358062505722046 -0.58857661485672
272 -0.16519871354103088 0.26127785444259644
273 1.1969035863876343 -1.3893827199935913
274 0.35437506437301636 -0.5487158894538879
275 0.3514079451560974 -0.5797942280769348
276 -0.6289096474647522 -1.1268643140792847
277 1.0447118282318115 -0.19008609652519226
278 -0.4847170114517212 0.9322572350502014
279 -0.17273513972759247 -0.4180379807949066
280 -0.9208613634109497 0.6858202815055847
281 0.6942558288574219 -1.1058363914489746
282 1.0502395629882812 1.177414894104004
283 0.8868288993835449 1.3407626152038574
284 1.5813201665878296 0.13783615827560425
285 -1.0541003942489624 -1.5473204851150513
286 -0.3010044991970062 1.6121604442596436
287 0.999200701713562 -0.2751556932926178
288 0.8989530801773071 0.5396437644958496
289 0.41103261709213257 -0.05303608626127243
290 -0.8526292443275452 -1.6857783794403076
291 -0.0106685571372509 -0.9661977887153625
292 -1.8540009260177612 -0.3923724591732025
293 -1.5912549495697021 0.8132683038711548
294 -0.31566229462623596 1.0154646635055542
295 0.2651440501213074 -0.49631279706954956
296 0.15866415202617645 -0.22664068639278412
297 -0.10384510457515717 -0.10203645378351212
298 -0.6689388751983643 0.2868455648422241
299 -0.913481593132019 0.8119664788246155
300 -0.7879201173782349 -0.16653753817081451
301 0.280915230512619 -0.26961296796798706
302 0.3789122700691223 0.5174464583396912
303 -0.8969593644142151 0.8278665542602539
304 0.47025567293167114 -0.591406524181366
305 0.07315296679735184 1.341904640197754
306 -1.2219079732894897 -1.4361653327941895
307 0.029633324593305588 -0.1532357633113861
308 1.6326709985733032 -0.05193908512592316
309 -0.4883813261985779 -0.4668002426624298
310 0.6366219520568848 -1.1151986122131348
311 -0.48842430114746094 -0.46678343415260315
312 -0.2916136085987091 0.7958356142044067
313 -0.2659527361392975 -0.44922953844070435
314 -0.12094905227422714 0.24891303479671478
315 -0.4884146749973297 -0.4667872190475464
316 0.5672708749771118 0.5328223705291748
317 -1.7001261711120605 0.6530128121376038
318 -1.2375046014785767 -0.4355802536010742
319 1.4683202505111694 -0.9387415051460266
320 -0.09873886406421661 -0.44664132595062256
321 -1.689685344696045 -0.896737277507782
322 0.6793573498725891 1.0930144786834717
323 -0.7374500632286072 -0.17071114480495453
324 -0.45801711082458496 -0.4822008013725281
325 -0.14835119247436523 0.2563527822494507
326 0.34096187353134155 -0.55209881067276
327 0.026486488059163094 -0.9291145205497742
328 0.8752385973930359 0.40924271941185
329 1.2245795726776123 0.7401115894317627
330 0.07671134173870087 -0.032200831919908524
331 -1.0027401447296143 -0.8295872211456299
332 -0.49800771474838257 -0.5971164703369141
333 -0.8296040296554565 -0.9182009100914001
334 -0.5703985095024109 0.07968217879533768
335 0.36689746379852295 -0.5609695315361023
336 -1.0896707773208618 -0.7934255599975586
337 -1.7925947904586792 -0.6309980154037476
338 -0.13319693505764008 -0.44720762968063354
339 -1.480790376663208 -1.1447478532791138
340 0.5819372534751892 -0.1573917716741562
341 -0.6692472696304321 -0.22348743677139282
342 -1.849921703338623 0.3559396266937256
343 -1.5575984716415405 -1.025039553642273
344 -0.4158917963504791 1.627763271331787
345 -1.8003276586532593 -0.6016268730163574
346 1.5000079870224 -0.8233164548873901
347 0.3723208010196686 0.640821099281311
348 -0.5703935623168945 0.0874411091208458
349 -0.5968617796897888 0.01000993512570858
350 -1.6635594367980957 0.7121477723121643
351 0.3295263648033142 -0.7971252799034119
352 0.1560211479663849 0.8292334079742432
353 -0.6326959133148193 -0.009150671772658825
354 -1.0247994661331177 1.1395748853683472
355 0.9407763481140137 -0.627521812915802
356 -0.7271813154220581 -0.17311252653598785
357 -1.2382338047027588 -0.43659788370132446
358 1.3549662828445435 0.2692880630493164
359 -0.832662045955658 -0.93764328956604
360 0.22358614206314087 -0.46895578503608704
361 -1.2842342853546143 -1.3166173696517944
362 -0.8185316920280457 -0.9552482962608337
363 -0.7545003294944763 -0.16773173213005066
364 -0.7640901803970337 0.31516560912132263
365 -0.6791616678237915 1.5578597784042358
366 -1.6636533737182617 0.7144949436187744
367 -0.6166396141052246 -1.7688263654708862
368 -1.2597126960754395 -1.3941706418991089
369 -0.6298317909240723 -0.01651584357023239
370 0.7137109041213989 0.29024896025657654
371 -0.5744050145149231 0.3514145016670227
372 0.3313826322555542 -0.5585158467292786
373 -0.6166298985481262 -1.7683173418045044
374 0.3543768525123596 -0.5487179756164551
375 0.05535747483372688 -0.032756924629211426
376 -0.1562282145023346 0.580905556678772
377 -0.05887261778116226 1.5990910530090332
378 -0.8146597743034363 -0.9611274600028992
379 0.05423237755894661 -0.9169520139694214
380 -0.5514047145843506 -1.1677762269973755
381 -0.5206179618835449 -0.32639288902282715
382 -0.46396005153656006 -1.792494535446167
383 -0.18591561913490295 1.5972883701324463
384 0.003657301887869835 -1.5629863739013672
385 -1.0248740911483765 1.1396747827529907
386 -0.1721891462802887 0.6149828433990479
387 1.1876840591430664 -1.2438042163848877
388 -0.483755499124527 -0.43899619579315186
389 -0.0638355165719986 1.600840449333191
390 0.8354802131652832 1.3782871961593628
391 0.4994312822818756 -0.1931629329919815
392 -0.17273467779159546 -0.41803959012031555
393 0.988831102848053 -0.3783813714981079
394 0.08093580603599548 -0.02802698314189911
395 -1.4538577795028687 -1.1751521825790405
396 -1.4881706237792969 0.04980255290865898
397 -0.6114168167114258 -0.01539799477905035
398 -0.005923314951360226 -1.7976250648498535
399 0.31399986147880554 -1.607435941696167
400 1.3620272874832153 -1.1374024152755737
401 0.17545035481452942 0.8156324028968811
402 -1.3613104820251465 -0.015839865431189537
403 0.0763784795999527 -0.04040239751338959
404 1.2445012331008911 -1.1144065856933594
405 -0.5280279517173767 -0.6174618601799011
406 0.6504349112510681 1.1474512815475464
407 0.8504227995872498 -1.0973563194274902
408 0.5697482228279114 -0.2940097153186798
409 -0.565028190612793 -1.1553412675857544
410 -0.36525556445121765 -1.3119487762451172
411 -1.4674819707870483 -1.1524096727371216
412 -1.523094654083252 0.9150753021240234
413 0.35962533950805664 -0.6276224255561829
414 0.42356014251708984 0.4807388186454773
415 -1.3677786588668823 1.0844306945800781
416 0.07874637097120285 -0.15453489124774933
417 -1.1338907480239868 0.6993537545204163
418 0.9150808453559875 -1.5590705871582031
419 0.6366285681724548 -1.1151973009109497
420 -1.301500916481018 0.10328111797571182
421 -0.16526366770267487 -0.43841561675071716
422 -0.22798988223075867 -0.48523107171058655
423 0.9082768559455872 0.4348389804363251
424 0.49588772654533386 -0.12796318531036377
425 -1.2229692935943604 -1.4333585500717163
426 1.5034692287445068 -0.8161629438400269
427 -1.3514878749847412 -1.245564341545105
428 -0.09125107526779175 -0.05012817680835724
429 1.2435078620910645 -1.0166758298873901
430 0.5273981690406799 -1.8035005331039429
431 0.5116440653800964 1.141053318977356
432 -1.2985492944717407 -0.4066712558269501
433 0.3116941750049591 -1.83970308303833
434 -0.12297038733959198 0.2456059604883194
435 -1.5214688777923584 0.9200792908668518
436 0.4039883017539978 -1.7709141969680786
437 -1.373543381690979 -1.2188886404037476
438 -0.8254883289337158 -0.9452633857727051
439 -1.2439839839935303 -0.4350764751434326
440 -0.3538130819797516 0.5376037955284119
441 -0.004478491842746735 -0.4997295141220093
442 -0.3769107162952423 1.0367741584777832
443 0.004797571804374456 -0.9364780783653259
444 0.589553952217102 -1.219468355178833
445 -0.5696179866790771 -1.1337510347366333
446 0.9640002250671387 0.0889434739947319
447 0.40951743721961975 0.4386027157306671
448 1.0000593662261963 -0.33542317152023315
449 0.3952682912349701 -0.5873865485191345
450 -0.7658795714378357 0.31038254499435425
451 -0.5678733587265015 0.12002399563789368
452 -1.8120396137237549 -0.049315985292196274
453 -0.4748907685279846 -0.4650784134864807
454 -0.047856394201517105 -1.000303030014038
455 0.009551715105772018 -0.9560798406600952
456 -0.04455076530575752 -1.735439419746399
457 0.010489432141184807 -0.01327067706733942
458 1.1013634204864502 0.570040762424469
459 -0.774534285068512 -0.17539387941360474
460 0.586846649646759 -0.1774776577949524
461 0.3285629451274872 -0.49293816089630127
462 1.621920108795166 -0.08130105584859848
463 -0.8435911536216736 -0.9225534200668335
464 -1.3504701852798462 1.2300854921340942
465 -1.2294317483901978 -0.4420022964477539
466 -1.5290193557739258 -1.0652941465377808
467 -1.2382320165634155 -0.4365992546081543
468 -0.2003379613161087 -0.40926533937454224
469 1.6361863613128662 -0.13419272005558014
470 0.18981529772281647 0.827221691608429
471 -0.7519332766532898 0.368101567029953
472 -0.20015141367912292 0.07718217372894287
473 0.38941800594329834 0.27458587288856506
474 -0.10870195180177689 -0.9238485097885132
475 0.26210087537765503 -0.4605826139450073
476 -0.14536041021347046 0.2422141581773758
477 1.3405152559280396 0.21989130973815918
478 -1.8541101217269897 -0.38262471556663513
479 -0.3363996744155884 -1.2757488489151
480 -0.8809242248535156 0.8472882509231567
481 -1.3532943725585938 0.01952832005918026
482 0.6310906410217285 -1.6800651550292969
483 -1.0538508892059326 -1.5474947690963745
484 -1.4119435548782349 -0.041463229805231094
485 0.10785214602947235 1.0312306880950928
486 0.9450079202651978 -0.5989250540733337
487 -0.2001972496509552 -0.40928274393081665
488 0.9941065907478333 -0.3338351845741272
489 -0.5584752559661865 0.33749738335609436
490 0.3087487816810608 -1.840729832649231
491 -0.1077217310667038 -0.41783204674720764
492 0.5345727801322937 1.2118654251098633
493 -0.8705568313598633 -1.6730923652648926
494 -0.33914709091186523 0.801686704158783
495 -1.0949817895889282 0.6454223990440369
496 -0.7182523608207703 -0.060788530856370926
497 0.024007966741919518 -0.9492301344871521
498 0.18473510444164276 1.610041856765747
499 0.6697939038276672 1.4793106317520142
500 -0.5765708684921265 -1.1719069480895996
501 1.0490353107452393 -0.20750561356544495
502 -0.7267408967018127 1.1214967966079712
503 0.015892837196588516 -0.9332048892974854
504 0.6844716668128967 -1.0940552949905396
505 -0.10788125544786453 0.8779839277267456
506 -0.5792821049690247 -1.1510345935821533
507 -1.7857743501663208 -0.6335896849632263
508 0.08465702831745148 -0.08152726292610168
509 0.8027319312095642 1.0401978492736816
510 0.9508112668991089 -0.5383806228637695
511 0.5155378580093384 0.27268657088279724
512 -0.12285887449979782 0.24722370505332947
513 -0.0019168220460414886 -1.0356806516647339
514 -1.8239130973815918 0.3758913576602936
515 0.6973050832748413 -1.0721032619476318
516 -1.853049874305725 -0.21354518830776215
517 0.040752772241830826 -0.8575634360313416
518 0.11607999354600906 -1.8475126028060913
519 0.5939575433731079 -0.16550984978675842
520 1.0265461206436157 -1.5610522031784058
522 0.19671238958835602 0.832621693611145
523 -1.8517554998397827 -0.21394789218902588
524 0.00031445722561329603 -0.9630178213119507
525 -0.6096581220626831 -1.7686402797698975
526 0.040740832686424255 -0.14977200329303741
527 -0.864726722240448 0.8431375622749329
589 -0.18977120518684387 -0.42187103629112244
590 0.018687952309846878 0.159458726644516
591 -1.0178226232528687 1.4398328065872192
592 -0.8171262741088867 -0.9431867003440857
593 0.3964858949184418 -0.607845664024353
594 1.504415512084961 0.6396039724349976
597 -1.1479847431182861 -1.4959110021591187
598 -1.319860577583313 -0.27772256731987
599 1.0315061807632446 -1.5608272552490234
600 0.5409917235374451 -1.2936758995056152
601 0.0026057343930006027 -1.0665425062179565
602 -0.1758991777896881 -0.43305060267448425
603 1.6545804738998413 -0.22485482692718506
604 1.3154962062835693 0.27613505721092224
605 0.8794836401939392 0.785547137260437
606 -0.5762059092521667 0.11163359880447388
607 -0.32165083289146423 1.6032588481903076
608 0.3234058618545532 -0.4466339349746704
609 -0.12332925200462341 0.24847064912319183
610 1.2148176431655884 0.270088255405426
611 -0.3847481608390808 -0.38706982135772705
612 -0.8791328072547913 0.832088053226471
613 -0.7693896293640137 -1.0021635293960571
614 0.32027667760849 -0.5016487240791321
615 -0.8114215135574341 -0.15851223468780518
616 -0.244020476937294 -0.4189092516899109
617 1.534006118774414 0.5534841418266296
618 -0.14694470167160034 0.2576141953468323
619 -0.3782083988189697 0.808483898639679
620 -1.5745352506637573 0.8646389245986938
621 -1.0878527164459229 -0.7871745824813843
622 -0.7785516381263733 -0.1691281795501709
623 0.23081296682357788 -0.37651070952415466
624 -1.843792200088501 0.34605079889297485
625 -0.48375850915908813 -0.43899664282798767
626 0.9543670415878296 -0.5387242436408997
627 0.24372106790542603 1.6084048748016357
628 0.7097185254096985 -1.6937392950057983
629 0.07523483783006668 -0.03885124996304512
630 -0.4978574216365814 -0.5934315919876099
631 -0.8537805676460266 0.8553413152694702
632 1.5722166299819946 0.19448953866958618
633 -0.5607959032058716 0.32285061478614807
634 -1.4243290424346924 -1.1922837495803833
635 -0.1456555426120758 0.24257947504520416
636 -0.7310001254081726 0.2914619445800781
637 -1.532090663909912 0.921336829662323
638 -0.4615393579006195 -1.7856377363204956
639 -1.031217098236084 -0.8204459547996521
640 -0.47413530945777893 -0.4073643386363983
641 -0.7830670475959778 -0.17526480555534363
642 0.3168688118457794 -0.44490522146224976
643 -0.6696869730949402 -0.20489293336868286
644 -1.2565706968307495 0.1519487053155899
645 0.5324229598045349 1.5162502527236938
646 -1.354143500328064 0.019248122349381447
647 -0.3802151381969452 0.999832034111023
648 -0.6134144067764282 0.4357946217060089
649 -0.23205851018428802 -0.4619123637676239
650 -0.42507731914520264 -1.2351471185684204
651 -0.8980078101158142 -1.650172472000122
652 -0.4700925946235657 -0.46443432569503784
653 0.3538702428340912 -0.5751709938049316
654 -0.26199138164520264 1.6093868017196655
655 0.6334737539291382 -1.726036787033081
656 -1.8214139938354492 -0.05877317488193512
657 1.0519386529922485 -0.3290286660194397
658 0.92903071641922 -0.7176841497421265
659 1.1330864429473877 1.0472205877304077
660 0.9556003212928772 0.03631407395005226
661 -0.10384507477283478 -0.1020365059375763
662 1.5678564310073853 0.11842012405395508
663 0.9275811910629272 0.10542496293783188
664 -1.8231722116470337 -0.08405669033527374
665 0.025509759783744812 -0.9223628640174866
666 -0.8196234107017517 -0.95685213804245
667 -0.22380143404006958 0.828550398349762
668 0.24967993795871735 -0.482090026140213
669 -1.863582968711853 0.1917601078748703
670 -0.056798893958330154 0.2340097278356552
671 0.19858400523662567 -1.6754354238510132
672 -0.27460306882858276 -1.7968240976333618
673 1.6308311223983765 -0.3798436224460602
674 0.008197744376957417 -0.946173906326294
675 -1.19879949092865 -1.472782015800476
676 -0.4754984378814697 -0.43098291754722595
677 0.32228153944015503 0.7350912690162659
678 -0.1382746696472168 0.2420133501291275
679 -1.5017739534378052 0.9378553628921509
680 -0.22095462679862976 0.9996547698974609
681 0.6526246070861816 -1.1050221920013428
682 -0.3707331717014313 1.0120904445648193
683 -0.1275927871465683 0.24111592769622803
684 0.3542192876338959 0.33162549138069153
685 0.9402734041213989 -0.6789425015449524
686 -1.8407803773880005 0.34949684143066406
687 1.0428646802902222 -0.23368073999881744
688 0.42559945583343506 0.512118935585022
689 0.18381072580814362 0.8757657408714294
690 0.4164576828479767 -0.04653800651431084
691 0.3231453597545624 -0.4724082052707672
692 -0.12806856632232666 0.23807893693447113
693 -0.8149792551994324 -0.9527756571769714
694 -0.7182511687278748 -0.1997043639421463
695 -0.47525227069854736 -0.4647907316684723
696 1.6481313705444336 -0.32587283849716187
697 1.176012635231018 0.1714390218257904
698 -0.47003430128097534 -0.46443304419517517
699 -0.5913375020027161 -1.774139404296875
700 -0.1424299031496048 -0.44695642590522766
701 0.002605975605547428 -1.066540241241455
702 1.1804572343826294 0.9513583183288574
703 1.4938870668411255 -0.8380875587463379
704 0.4028986394405365 -0.05167258530855179
705 -0.6794080138206482 1.5575162172317505
706 -0.05539131164550781 0.8394115567207336
707 0.6000548005104065 -1.2009601593017578
708 -0.03253014013171196 1.4153897762298584
709 -1.8575983047485352 -0.25975432991981506
710 -0.18389765918254852 1.5990771055221558
711 -0.7524336576461792 0.3220691382884979
712 0.9412896037101746 -0.7003641724586487
713 1.5576294660568237 0.27251219749450684
714 -0.6791636347770691 1.557860255241394
715 0.618792712688446 -1.7298465967178345
716 0.9950031042098999 -0.34437763690948486
717 1.0268508195877075 -1.5638824701309204
718 1.000760793685913 -0.32937002182006836
719 -0.48766395449638367 1.5965263843536377
720 0.3950285315513611 0.5206959843635559
721 1.3361539840698242 0.21104693412780762
722 0.5607576370239258 -0.20022934675216675
723 0.9378809332847595 -0.6576464772224426
724 0.4086776673793793 0.46126997470855713
725 -0.548836886882782 0.2958180606365204
726 1.3877196311950684 -0.41122812032699585
727 0.3332497179508209 -0.7904132604598999
728 0.35490620136260986 0.29420000314712524
729 -0.5506221652030945 -1.1569329500198364
730 -0.2912147641181946 1.6123348474502563
731 -1.3090428113937378 -0.41645893454551697
732 1.03940749168396 -0.2645101249217987
733 1.648136854171753 -0.32585063576698303
734 -0.3838381767272949 0.8482183218002319
735 1.530358910560608 0.5451182126998901
736 -0.6872039437294006 0.4277457892894745
737 -0.5669664740562439 0.03184530511498451
738 0.48107731342315674 -0.13208507001399994
739 0.304206520318985 -0.3974749743938446
740 -0.470098614692688 -0.4642730951309204
741 -1.21818208694458 0.360263466835022
742 0.37140509486198425 0.24421584606170654
743 0.5101636648178101 -0.18132272362709045
744 -0.267106294631958 -1.8104338645935059
745 -0.13724879920482635 0.24028785526752472
746 -0.8744843602180481 -1.673647165298462
747 0.3999870717525482 -0.8020465970039368
748 -0.23961660265922546 -0.46824756264686584
749 -0.12352563440799713 0.246573343873024
750 0.9452908039093018 -0.6160836219787598
751 -0.5659494400024414 0.08264581859111786
752 -1.8226091861724854 -0.08479547500610352
753 0.459310919046402 0.2469884306192398
754 -1.7840231657028198 0.37476274371147156
755 1.3011353015899658 -1.1958589553833008
756 -0.24404899775981903 -1.8128079175949097
757 -1.8165240287780762 -0.5522851347923279
758 -0.030496858060359955 0.24624662101268768
759 0.9214417338371277 0.1467278152704239
760 -0.4881642460823059 -0.47847408056259155
761 -0.16124477982521057 -0.4250658452510834
762 0.18802140653133392 0.7778280377388
763 -0.7775114178657532 0.30595606565475464
764 -1.322607159614563 -1.223051905632019
765 0.4242720305919647 -0.29544156789779663
766 -0.2631998062133789 -0.44406062364578247
767 0.36824262142181396 -0.5614831447601318
768 -0.01066538505256176 -0.9661983847618103
769 1.2061370611190796 0.960652768611908
770 -0.7710455060005188 0.37684449553489685
771 0.39669743180274963 -0.10110186785459518
772 -1.0598907470703125 -0.8061087131500244
773 -0.08987786620855331 0.2118878960609436
774 0.059207893908023834 -0.026082150638103485
775 -0.47004491090774536 -0.46428877115249634
776 0.8982719779014587 0.5075178146362305
777 1.6462786197662354 -0.17477039992809296
778 0.33847713470458984 -1.833923578262329
779 -0.4884195923805237 -0.4667852520942688
780 1.6628258228302002 -0.25181886553764343
781 0.3223115801811218 -0.5135777592658997
782 0.16320110857486725 0.9572393298149109
783 -0.07005927711725235 0.8484660983085632
784 -0.48741090297698975 -0.4625438451766968
785 1.1457414627075195 1.0453581809997559
786 0.35990986227989197 0.5643382668495178
787 -0.20628958940505981 0.5784679055213928
788 0.8556067943572998 0.5368696451187134
789 -0.3983054459095001 1.6253718137741089
790 -1.0178143978118896 1.439839243888855
791 0.3172655701637268 -0.4773559868335724
792 1.3736375570297241 0.8218573927879333
793 -1.2708300352096558 -0.40890583395957947
794 0.35821735858917236 1.1069968938827515
795 0.5618043541908264 -0.09649421274662018
796 0.7108132243156433 0.34868738055229187
797 0.387637734413147 -0.0711289644241333
798 0.37303072214126587 0.5196084976196289
799 0.028271600604057312 -0.5095808506011963
800 0.45931577682495117 0.24698671698570251
801 -0.2445494532585144 1.59938645362854
802 -0.5511930584907532 -1.7794129848480225
803 1.576748251914978 0.16912686824798584
804 -0.11916594952344894 0.23519420623779297
805 -0.009558354504406452 -0.4931311011314392
806 1.4200986623764038 -1.0347716808319092
807 -0.4897629916667938 -0.4771953523159027
808 0.11400790512561798 0.185890331864357
809 -1.8314993381500244 0.35706713795661926
810 1.3632023334503174 0.19673238694667816
811 0.2027502954006195 0.777988076210022
812 -0.019097838550806046 -1.800012469291687
813 0.005193032789975405 -0.9092780351638794
814 -1.2346835136413574 -0.4407745897769928
815 -1.0557748079299927 -1.546101689338684
816 -0.1768147498369217 -0.4373641312122345
817 -1.048757553100586 -1.5526984930038452
818 -0.747715175151825 1.0662859678268433
819 1.411091923713684 -1.0533431768417358
820 1.5533872842788696 0.25474703311920166
821 0.5584031343460083 -0.17518481612205505
822 1.1834228038787842 0.9869841933250427
823 -1.717032551765442 0.2350296676158905
824 -0.12508463859558105 0.2560192048549652
825 -0.6254299879074097 0.4376313388347626
826 0.31828707456588745 -0.4705752432346344
827 0.6132534146308899 0.9412767887115479
828 -0.613880455493927 -0.025582769885659218
829 0.927723228931427 0.16236725449562073
830 -1.818343162536621 -0.05127635598182678
831 -0.20020131766796112 -0.410744845867157
832 1.0435755252838135 -0.21331560611724854
833 -0.045220885425806046 -0.8538784980773926
834 -1.2370089292526245 -0.4356878101825714
835 -0.5737645030021667 0.33788713812828064
836 0.9405083060264587 -0.7022212147712708
837 -1.852908730506897 0.20080742239952087
838 -1.2826169729232788 0.18071645498275757
839 -0.7763220071792603 -0.15961627662181854
840 1.0320661067962646 -1.5597946643829346
841 -0.10631348937749863 -0.42274078726768494
842 1.047402262687683 -0.24276907742023468
843 0.48106926679611206 -0.13207890093326569
844 -1.2097500562667847 0.2815939486026764
845 0.30758213996887207 -0.06178150326013565
846 -0.31591978669166565 1.6070176362991333
847 0.8210551142692566 1.3901515007019043
848 0.6595914959907532 1.0680688619613647
849 -0.19852982461452484 -0.4321843683719635
850 -1.5473880767822266 0.9004972577095032
851 -1.010524034500122 1.446531891822815
852 -0.025419408455491066 -0.44931846857070923
853 -1.2386969327926636 -0.4359862804412842
854 -1.358580231666565 -1.248552918434143
855 0.04245445132255554 -0.8320128321647644
856 0.4280630648136139 0.5112889409065247
857 -0.9540380835533142 1.4581198692321777
858 -0.5632887482643127 0.32683342695236206
859 0.9897017478942871 0.05791611596941948
860 -1.3950462341308594 -0.06779653578996658
861 -1.2399410009384155 0.18975505232810974
862 0.7560002207756042 -1.6591897010803223
863 -0.7103906869888306 -0.18374232947826385
864 -0.16897818446159363 -0.3981514573097229
865 0.4956967532634735 -0.393715500831604
866 -0.2003364861011505 -0.4092695116996765
867 -1.0382378101348877 -0.805953860282898
868 -1.1393312215805054 0.6136474013328552
869 0.9624423980712891 -0.48841503262519836
870 1.5278691053390503 -0.771785318851471
871 1.6536580324172974 -0.2761586010456085
872 0.46824711561203003 1.3351898193359375
873 0.3894149363040924 0.2745847702026367
874 -1.028558373451233 -1.5677789449691772
875 -0.12806904315948486 0.23809878528118134
876 -1.5193352699279785 0.9221928119659424
877 -1.087015986442566 0.6681775450706482
878 0.29399973154067993 -0.3866022527217865
879 0.29321351647377014 0.755621612071991
880 -0.1581753045320511 -0.44113537669181824
881 0.5339382886886597 0.26735803484916687
882 -0.777389407157898 0.3061298131942749
883 0.49197715520858765 1.2104917764663696
884 0.31262093782424927 -0.421073317527771
885 0.31169360876083374 -0.46013644337654114
886 0.2379021793603897 1.6086958646774292
887 -0.6042795777320862 0.001817766111344099
888 -0.8978379368782043 0.8274328708648682
889 0.38476765155792236 1.5869243144989014
890 -0.9796831011772156 0.7663590908050537
891 -1.2413970232009888 -0.433039128780365
892 -0.7750868201255798 0.30879688262939453
893 -0.08448547124862671 0.8554301261901855
894 -0.11982082575559616 0.2525922358036041
895 -0.12775714695453644 0.24750980734825134
896 -1.151119589805603 0.6701863408088684
897 -1.0557678937911987 -0.808824896812439
898 0.3292721211910248 -0.4320772886276245
899 0.8398851156234741 0.35949671268463135
900 -0.6394611597061157 -1.1004170179367065
901 0.6291821002960205 0.9187229871749878
902 -0.5061367750167847 -1.1938927173614502
903 0.28404679894447327 -1.572665810585022
904 -0.40153616666793823 -1.8106663227081299
905 -1.4490596055984497 -1.1657928228378296
906 0.5384016036987305 -1.2941913604736328
907 -0.13790783286094666 0.25602439045906067
908 -0.13624149560928345 0.2398090660572052
909 -1.541305422782898 0.9090573191642761
910 -0.13518664240837097 0.2524928152561188
911 -0.7050837278366089 -0.07342785596847534
912 0.3841285705566406 0.290402889251709
913 0.16622669994831085 0.18672989308834076
914 -1.830440878868103 0.02273997664451599
915 -1.504185438156128 -1.1076219081878662
916 0.028182541951537132 -0.15014304220676422
917 -0.356531023979187 -1.799312949180603
918 -1.0425169467926025 -1.557592511177063
919 -0.3852138817310333 0.8016045093536377
920 -0.34017446637153625 0.8571484088897705
921 0.8106778264045715 0.3584553003311157
922 -0.4913100004196167 -0.6320154070854187
923 0.01418211031705141 -0.714357852935791
924 -1.8166226148605347 -0.04569051042199135
925 -0.2430570125579834 -0.4665068984031677
926 -0.13724176585674286 0.24027836322784424
927 0.9202842116355896 1.3480867147445679
928 -1.664167881011963 0.710783839225769
929 0.4157761335372925 0.569592297077179
930 0.032968293875455856 -1.5256404876708984
931 1.1884968280792236 0.971611738204956
932 -0.6346297860145569 0.1161784678697586
933 0.2419293373823166 1.6088420152664185
934 0.14132797718048096 -0.8890146613121033
935 -0.5741867423057556 0.32878273725509644
936 -0.6243900656700134 -0.14036113023757935
937 -1.3895859718322754 1.2115111351013184
938 -0.8057177066802979 -0.9658666849136353
939 0.4810754358768463 0.5540398955345154
940 -0.7468045353889465 0.38388708233833313
941 0.23081590235233307 -0.37651437520980835
942 -1.4119449853897095 -0.04147935286164284
943 -0.12945403158664703 0.24507573246955872
944 0.7533273100852966 -1.025712251663208
945 -1.0920655727386475 -0.7914976477622986
946 -1.3554881811141968 1.03960382938385
947 0.11302116513252258 -1.627135992050171
948 -1.2364264726638794 0.20900066196918488
949 0.002606494352221489 -1.0665394067764282
950 -0.16093549132347107 0.25828564167022705
951 1.0367096662521362 -1.344023585319519
952 1.0268813371658325 -1.5639824867248535
953 1.5651495456695557 -0.6773199439048767
954 -0.570389986038208 0.08743856102228165
955 -1.2191518545150757 1.3385298252105713
956 -0.14441393315792084 0.24126146733760834
957 -0.12039171159267426 0.2488153576850891
958 -1.180366039276123 1.3807858228683472
959 -0.6117399334907532 -0.01570090278983116
960 -0.8000969290733337 -0.9576449990272522
961 -1.4125272035598755 0.09702033549547195
962 0.04966546222567558 -1.4795762300491333
963 0.2289561629295349 0.14506137371063232
964 -1.8553376197814941 0.2015584260225296
965 -1.6656285524368286 0.6846404671669006
966 -0.1336880624294281 0.23786728084087372
967 0.5294662117958069 -1.3020168542861938
968 -0.5223524570465088 -0.31347665190696716
969 -0.3315851092338562 -1.803022861480713
970 -0.6139587163925171 0.40848881006240845
971 -0.06002981588244438 1.5936354398727417
972 -0.7387392520904541 -0.17862479388713837
973 0.8513808846473694 1.36703622341156
974 -0.5371547341346741 0.8478237986564636
975 1.0330836772918701 -1.5603692531585693
976 -0.2272300273180008 -0.47129026055336
977 -0.3309832513332367 0.35203489661216736
978 -0.506212592124939 1.6115343570709229
979 1.6481267213821411 -0.3259502053260803
980 -1.2856531143188477 0.36367717385292053
981 1.1564974784851074 0.8936278820037842
982 0.5378061532974243 -1.2947161197662354
983 0.01922229491174221 -0.933128833770752
984 0.02519458346068859 -0.9470956921577454
985 -0.2015707641839981 -0.4101748466491699
986 1.6348247528076172 -0.44632846117019653
987 0.0047509027644991875 0.8144081830978394
988 0.41762328147888184 0.01796155795454979
989 0.9432995319366455 -0.6892644762992859
990 -0.22833603620529175 0.6020150780677795
991 0.392172247171402 -0.5492368340492249
992 0.05681262165307999 -0.0342816561460495
993 0.5584093928337097 -0.17518769204616547
994 -0.20451968908309937 -1.7877908945083618
995 -0.8344180583953857 -0.1572779417037964
996 0.2903673052787781 0.05299220234155655
997 -0.06767183542251587 0.2610863149166107
998 1.2138018608093262 0.9458919763565063
999 0.2243375927209854 1.6084588766098022
1000 -0.18518708646297455 -0.4121449291706085
1001 -0.08379878848791122 0.8558731079101562
1002 -0.17617587745189667 -0.4215152859687805
1003 0.38016974925994873 0.2825149595737457
1004 -0.453530877828598 -0.46417030692100525
1005 -0.810973584651947 -0.9410059452056885
1006 0.6659741997718811 1.123237133026123
1007 -0.09663894772529602 0.25397026538848877
1008 0.41279202699661255 0.5171055793762207
1009 0.49890631437301636 -1.4936317205429077
1010 -1.2548636198043823 -0.42266759276390076
1011 -1.7927095890045166 -0.6243779063224792
1012 0.6526321172714233 -1.1050193309783936
1013 1.5268363952636719 0.5628224015235901
1014 -0.6830915212631226 1.5598273277282715
1015 0.5736516714096069 -1.2244815826416016
1016 0.05901261419057846 -0.482787162065506
1017 -1.4846676588058472 -1.1343681812286377
1018 0.9459823966026306 -0.5776060223579407
1019 -1.0926196575164795 0.6403347253799438
1020 0.42848876118659973 -0.7700842022895813
1021 0.2928994596004486 -0.389675498008728
1022 -0.3848024308681488 1.6205589771270752
1023 -0.6447455883026123 -0.2339840829372406
1024 -1.4635441303253174 0.6626243591308594
1025 -0.8182587027549744 -0.9512035846710205
1026 0.6310061812400818 0.4564538896083832
1027 -1.5445219278335571 0.9040367007255554
1028 -0.4884045124053955 -0.4667937159538269
1029 0.2264556884765625 1.6065070629119873
1030 0.4815804660320282 0.5535565614700317
1031 -1.1640838384628296 -0.5963618755340576
1032 -0.3850187659263611 1.6309791803359985
1033 1.0459935665130615 1.253978967666626
1034 -0.2712581753730774 0.3736366331577301
1035 -0.5634965300559998 0.11142118275165558
1036 0.6670359373092651 -1.0956153869628906
1037 -0.8504329919815063 -1.688544750213623
1038 -0.4626128673553467 -1.7926506996154785
1039 -0.22851529717445374 -1.6415475606918335
1040 -0.6139567494392395 0.4084922671318054
1041 1.1113566160202026 0.6732543110847473
1042 0.9231589436531067 0.16272419691085815
1043 -1.0439749956130981 -1.5569394826889038
1044 -0.6532517075538635 -0.10461372882127762
1045 0.4076560139656067 0.5182544589042664
1046 0.5452638864517212 -0.18345962464809418
1047 0.3793759047985077 -0.06097131967544556
1048 -1.7926450967788696 -0.6295372843742371
1049 -0.30875012278556824 0.8132070302963257
1050 -1.2381172180175781 -0.4431636929512024
1051 -0.12972255051136017 0.24625326693058014
1052 -0.3017447590827942 -1.8188294172286987
1053 -0.18673068284988403 -1.5123735666275024
1054 0.4242645502090454 -0.29543623328208923
1055 -0.1463426649570465 0.2553390860557556
1056 0.3247448801994324 -0.4570632576942444
1057 1.4156991243362427 -0.4916331470012665
1058 -1.8442226648330688 0.3756202757358551
1059 0.9358006119728088 -0.6769396066665649
1060 -0.5483922362327576 0.28357601165771484
1061 0.11836910992860794 1.334890365600586
1062 -1.389864444732666 -1.1977511644363403
1063 -0.0701189935207367 -0.3992753326892853
1064 -0.25922828912734985 -1.4147963523864746
1065 1.5413200855255127 0.605828583240509
1066 0.4008195102214813 0.5240221619606018
1067 -0.14406265318393707 0.23879213631153107
1068 -1.120774269104004 1.3912615776062012
1069 -0.6791616678237915 1.5578597784042358
1070 0.7467614412307739 -1.6653094291687012
1071 -0.09608205407857895 0.8595272898674011
1072 1.637662410736084 -0.13280731439590454
1073 -1.8137946128845215 -0.5693983435630798
1074 0.942129909992218 -0.6916719079017639
1075 0.8441545367240906 0.3496875464916229
1076 1.2062805891036987 0.9603493809700012
1077 -0.5212154984474182 -0.3248528242111206
1078 1.5654810667037964 -0.6733116507530212
1079 0.3182521462440491 -0.4441293478012085
1080 0.11398013681173325 1.0030044317245483
1081 0.3098539113998413 -0.35170578956604004
1082 0.7023571729660034 0.3577372133731842
1083 0.4352990686893463 -0.06332100927829742
1084 -0.7737241983413696 -0.16196942329406738
1085 0.4182256758213043 0.027349025011062622
1086 -1.2359286546707153 0.1911831647157669
1087 -1.850401520729065 0.3560381531715393
1088 -0.7611779570579529 -1.708613395690918
1089 -0.7901712656021118 0.8251413702964783
1090 -0.26629695296287537 -0.44087693095207214
1091 -0.032491136342287064 -0.8392727375030518
1092 -0.8069911003112793 -0.15834815800189972
1093 -0.8379800319671631 -0.9124017953872681
1094 0.11839467287063599 0.7871456146240234
1095 -0.1435638815164566 0.25602221488952637
1096 1.1877658367156982 0.9808555245399475
1097 -0.4762074053287506 -0.46669256687164307
1098 -0.7024609446525574 -0.20315124094486237
1099 -0.6243898868560791 -0.14036156237125397
1100 0.5988017320632935 -1.2266415357589722
1101 1.0282524824142456 -1.5622881650924683
1102 -0.11577703058719635 0.2504211366176605
1103 -0.13442280888557434 0.2367454320192337
1104 0.6639895439147949 1.1348408460617065
1105 -1.2153749465942383 0.25545763969421387
1106 -0.954029381275177 1.4581257104873657
1107 0.2387414425611496 1.606392741203308
1108 0.6366209983825684 -1.115200400352478
1109 -0.14922839403152466 0.10466823726892471
1110 -0.37667956948280334 1.0231444835662842
1111 -0.007636752910912037 -0.8469550609588623
1112 -1.0655443668365479 -0.8048129081726074
1113 -0.4902459979057312 -0.47924986481666565
1114 -0.11381653696298599 0.24928998947143555
1115 0.9278207421302795 0.10521220415830612
1116 -0.48375996947288513 -0.4389941990375519
1117 0.010504424571990967 -0.9346451163291931
1118 0.3737766146659851 -1.8185362815856934
1119 -0.6189735531806946 -0.011604655534029007
1120 -1.4801032543182373 -1.1402510404586792
1121 -0.5959575176239014 -0.019503537565469742
1122 -1.8437412977218628 0.3457947373390198
1123 -0.17633238434791565 0.2605220079421997
1124 -0.7808171510696411 -0.9648070931434631
1125 1.5745457410812378 0.1633971631526947
1126 -1.6533775329589844 -0.9471635222434998
1127 -0.47001853585243225 -0.4618653357028961
1128 -0.8280260562896729 -0.9450374841690063
1129 -0.11880379915237427 0.8701119422912598
1130 -0.6794095039367676 1.557510495185852
1131 0.3914351463317871 0.15854880213737488
1132 -0.4738609492778778 -0.46541914343833923
1133 -0.622691810131073 -0.019216695800423622
1134 0.25312426686286926 1.6077325344085693
1135 -0.20015420019626617 0.0771816149353981
1136 0.5269443988800049 -1.8039153814315796
1137 -1.2540661096572876 0.14662623405456543
1138 0.05066368728876114 -1.696577548980713
1139 0.4435988962650299 0.26813986897468567
1140 -0.8057831525802612 -0.9658263325691223
1141 0.18051482737064362 -1.8636853694915771
1142 -0.5271397233009338 -1.7745925188064575
1143 -0.6058653593063354 0.42016249895095825
1144 0.9172746539115906 1.3492085933685303
1145 -0.24989165365695953 -0.42232435941696167
1146 0.7020818591117859 1.1000257730484009
1147 0.6938669085502625 -1.0714434385299683
1148 -0.6075557470321655 0.3581608235836029
1149 -1.108055591583252 1.397835612297058
1150 0.02963634394109249 -0.15323443710803986
1151 -0.10647479444742203 0.24829603731632233
1152 -0.3873281478881836 1.0400980710983276
1153 0.9374825954437256 0.17198194563388824
1154 -0.5000703930854797 1.6149038076400757
1155 -0.3688485622406006 0.8041619658470154
1156 0.5227512121200562 1.1472535133361816
1157 -0.005668869242072105 -1.797616720199585
1158 -0.1431460678577423 0.2570066750049591
1159 -1.2387347221374512 -0.4359082281589508
1160 0.2775816321372986 0.06597283482551575
1161 -1.6740996837615967 -0.9132615327835083
1162 0.33792996406555176 -1.8476895093917847
1163 -1.8437349796295166 0.3817152976989746
1164 0.3782486319541931 0.05232560634613037
1165 -0.12136820703744888 0.24673227965831757
1166 1.3285157680511475 0.8611627221107483
1167 0.370754599571228 -0.5563340783119202
1168 -0.0778726190328598 -0.950232207775116
1169 -0.3086467981338501 0.8011030554771423
1170 -1.0248785018920898 1.1396760940551758
1171 1.6448423862457275 -0.2551407217979431
1172 0.0013579117367044091 -0.9424906969070435
1173 -0.789077639579773 -0.16203588247299194
1174 -0.09396622329950333 -1.5167192220687866
1175 -1.0705218315124512 -0.7977994084358215
1176 1.502653956413269 -0.7872117161750793
1177 0.9351248741149902 -0.6348652839660645
1178 0.16609609127044678 0.8215915560722351
1179 1.459550142288208 -0.3479750454425812
1180 -0.027276689186692238 -0.46629491448402405
1181 1.0292011499404907 -1.561448097229004
1182 -0.5307062268257141 -1.1823047399520874
1183 -1.7857264280319214 -0.6319286823272705
1184 -0.23532439768314362 -0.4684801995754242
1185 -1.2188118696212769 0.21888364851474762
1186 1.6527248620986938 -0.17030556499958038
1187 1.480689525604248 0.6653374433517456
1188 0.11867690831422806 0.02562391571700573
1189 1.630829095840454 -0.3798752725124359
1190 0.19939514994621277 -1.8539775609970093
1191 0.42776259779930115 0.5562973022460938
1192 0.5269672274589539 -1.8039100170135498
1193 -1.0248748064041138 1.1396663188934326
1194 -0.24402174353599548 -0.41890737414360046
1195 0.5501396656036377 -0.1649228185415268
1196 0.14363396167755127 -0.16140834987163544
1197 -0.6326888799667358 -0.009151019155979156
1198 -0.2209542989730835 0.9996548891067505
1199 -0.4249354600906372 -0.4127686321735382
1200 0.3886013925075531 1.5784026384353638
1201 -0.055435504764318466 0.8394356966018677
1202 -1.218811273574829 0.3601113557815552
1203 1.4688397645950317 0.7069975733757019
1204 0.5385238528251648 1.5164536237716675
1205 -0.07011749595403671 -0.3992792069911957
1206 0.2659730017185211 0.8239969611167908
1207 1.5289936065673828 -0.7689083814620972
1208 -0.04690985754132271 -0.8513821959495544
1209 -1.5277312994003296 0.9099951982498169
1210 0.5413481593132019 -1.2933801412582397
1211 -1.3483392000198364 -0.055302608758211136
1212 -0.4143437445163727 0.8058477640151978
1213 0.7826095819473267 0.20429407060146332
1214 -0.5965646505355835 -0.018918998539447784
1215 -0.5938123464584351 -1.773247480392456
1216 -0.4022601544857025 -1.2761870622634888
1217 0.47149142622947693 0.5623494982719421
1218 0.5148949027061462 1.2067921161651611
1219 -0.1443052440881729 0.8993581533432007
1220 -0.4553854763507843 -0.45932847261428833
1221 -0.49731630086898804 1.6142830848693848
1222 -0.058344971388578415 1.374377727508545
1223 0.008126181550323963 -0.944063663482666
1224 -1.864802360534668 -0.3288767337799072
1225 -1.088963270187378 -0.785323977470398
1226 -1.834957480430603 0.37084871530532837
1227 -0.13970822095870972 0.23844216763973236
1228 0.43353721499443054 -0.07382221519947052
1229 -0.33254557847976685 0.8011776208877563
1230 0.12103799730539322 1.1637308597564697
1231 -0.6248652935028076 -1.1150091886520386
1232 -0.017300015315413475 -0.9449136853218079
1233 1.402811884880066 -1.0629466772079468
1234 -0.6851292252540588 0.44383350014686584
1235 -0.8782773017883301 0.8324048519134521
1236 -0.02117670699954033 -1.7869377136230469
1237 -0.04862162470817566 -0.857512354850769
1238 0.8095952272415161 0.6489649415016174
1239 0.927473247051239 0.09507379680871964
1240 -0.39000818133354187 -1.2823612689971924
1241 -1.1877752542495728 0.45211637020111084
1242 0.3931780457496643 -0.08923356980085373
1243 -0.36594974994659424 0.7991967797279358
1244 1.0913094282150269 1.163894772529602
1245 0.8382001519203186 1.1341702938079834
1246 0.5721174478530884 -0.17005737125873566
1247 -0.15489469468593597 -0.8156710267066956
1248 0.18500778079032898 0.8709558844566345
1249 -1.6641684770584106 0.7107866406440735
1250 0.4237378239631653 -0.2128729224205017
1251 -0.5511713624000549 -1.779421329498291
1252 -1.6630253791809082 0.7145221829414368
1253 -0.22799663245677948 -0.4852566719055176
1254 0.26287150382995605 -0.8164841532707214
1255 -0.5646300315856934 0.08789727836847305
1256 1.358039140701294 -0.588565468788147
1257 1.6560808420181274 -0.24623887240886688
1258 -0.6312029957771301 -0.021649060770869255
1259 -0.10947759449481964 0.24844442307949066
1260 -0.1036631241440773 -0.10243190079927444
