960 2
191 -2.060669 -1.777451 
192 -2.063757 -1.783648 
193 -2.520131 -2.157964 
194 -2.628554 -2.300409 
195 -2.992030 -2.608221 
196 -3.662057 -3.166674 
197 -3.049093 -2.670407 
198 -3.536540 -3.032057 
199 -3.265291 -2.825106 
200 -2.941835 -2.521029 
201 -2.387588 -2.057172 
202 -3.179164 -2.797259 
203 -2.648445 -2.318078 
204 -2.479455 -2.177134 
205 -2.411057 -2.110946 
206 -2.274395 -1.967354 
207 -2.122872 -1.830750 
208 -2.284422 -2.002139 
209 -2.196300 -1.902424 
210 -2.259463 -1.997869 
211 -2.165823 -1.871265 
212 -2.173534 -1.912586 
213 -2.069498 -1.856265 
214 -1.947353 -1.668286 
215 -2.036654 -1.723409 
216 -2.156758 -1.859710 
217 -1.952006 -1.686312 
218 -1.910661 -1.670756 
219 -1.909342 -1.639195 
220 -2.042706 -1.745168 
221 -2.053797 -1.803838 
222 -2.058256 -1.758404 
223 -2.029299 -1.742930 
224 -2.137712 -1.857818 
225 -2.059581 -1.784029 
226 -2.200593 -1.911364 
227 -2.136722 -1.815653 
228 -2.090254 -1.785348 
229 -2.067799 -1.726296 
230 -1.957418 -1.679940 
231 -2.073921 -1.749634 
232 -1.955609 -1.684683 
233 -2.072504 -1.777306 
234 -2.084637 -1.824293 
235 -2.008834 -1.693399 
236 -2.107223 -1.799260 
237 -1.938791 -1.634756 
238 -1.893317 -1.613793 
239 -2.120736 -1.799770 
240 -1.978024 -1.680572 
241 -1.869597 -1.612233 
242 -1.921179 -1.585922 
243 -1.920791 -1.676802 
244 -1.811227 -1.528395 
245 -1.779965 -1.502207 
246 -1.864017 -1.570783 
247 -1.875146 -1.577022 
248 -1.835868 -1.544333 
249 -1.787833 -1.482186 
250 -1.710987 -1.386181 
251 -1.885089 -1.553770 
252 -1.863534 -1.550158 
253 -1.875053 -1.617018 
254 -1.730406 -1.419766 
255 -1.672677 -1.368288 
256 -1.645728 -1.294756 
257 -1.772995 -1.442766 
258 -1.965726 -1.676378 
259 -1.785630 -1.440980 
260 -1.894577 -1.597939 
261 -1.751847 -1.389950 
262 -1.762038 -1.456806 
263 -1.869960 -1.519173 
264 -1.894985 -1.580108 
265 -1.748114 -1.379398 
266 -1.958187 -1.599441 
267 -1.817777 -1.486889 
268 -1.746920 -1.434327 
269 -1.767771 -1.419877 
270 -1.634807 -1.314623 
271 -1.735524 -1.413384 
272 -1.675246 -1.301050 
273 -1.623181 -1.258270 
274 -1.692459 -1.352015 
275 -1.771336 -1.417383 
276 -1.776250 -1.429618 
277 -1.620025 -1.256465 
278 -1.643032 -1.295150 
279 -1.678671 -1.328288 
280 -1.749517 -1.417266 
281 -1.820917 -1.490666 
282 -1.644192 -1.235872 
283 -1.613156 -1.189130 
284 -1.705743 -1.402344 
285 -1.745786 -1.376604 
286 -1.686512 -1.306365 
287 -1.709811 -1.355501 
288 -1.565607 -1.129513 
289 -1.608335 -1.281955 
290 -1.764120 -1.390341 
291 -1.714202 -1.350275 
292 -1.697340 -1.358135 
293 -1.666446 -1.315624 
294 -1.668858 -1.309058 
295 -1.636352 -1.207331 
296 -1.741252 -1.345851 
297 -1.765282 -1.401256 
298 -1.779982 -1.457187 
299 -1.611111 -1.225664 
300 -1.715890 -1.348007 
301 -1.733954 -1.374410 
302 -1.583141 -1.201279 
303 -1.678006 -1.277501 
304 -1.648366 -1.274748 
305 -1.684671 -1.302909 
306 -1.655615 -1.265271 
307 -1.696728 -1.299402 
308 -1.756904 -1.413539 
309 -1.813451 -1.475039 
310 -1.750084 -1.388722 
311 -1.793014 -1.458454 
312 -1.803323 -1.453948 
313 -1.703427 -1.381378 
314 -1.748925 -1.410075 
315 -1.564034 -1.105931 
316 -1.481776 -1.008443 
317 -1.563560 -1.156893 
318 -1.572634 -1.107499 
319 -1.627014 -1.195138 
320 -1.596272 -1.181759 
321 -1.736206 -1.345327 
322 -1.686535 -1.298769 
323 -1.575855 -1.100773 
324 -1.643580 -1.285000 
325 -1.558201 -1.155795 
326 -1.506955 -1.134153 
327 -1.531709 -1.096159 
328 -1.486090 -1.067129 
329 -1.481107 -1.012825 
330 -1.478080 -1.067331 
331 -1.494823 -1.034242 
332 -1.569271 -1.150318 
333 -1.526581 -1.148551 
334 -1.561963 -1.164854 
335 -1.561797 -1.127197 
336 -1.567909 -1.153807 
337 -1.619952 -1.226350 
338 -1.584873 -1.151158 
339 -1.499373 -1.036874 
340 -1.483897 -1.053685 
341 -1.588820 -1.185639 
342 -1.594490 -1.158813 
343 -1.567043 -1.137145 
344 -1.502050 -1.098923 
345 -1.562977 -1.148898 
346 -1.597891 -1.181197 
347 -1.614851 -1.214818 
348 -1.515004 -1.087017 
349 -1.597109 -1.204619 
350 -1.591443 -1.157211 
351 -1.555351 -1.117861 
352 -1.638526 -1.197100 
353 -1.619358 -1.214047 
354 -1.679404 -1.289476 
355 -1.588031 -1.157404 
356 -1.584118 -1.167954 
357 -1.606922 -1.201199 
358 -1.541295 -1.119444 
359 -1.459244 -0.965774 
360 -1.452832 -0.973487 
361 -1.537560 -1.045611 
362 -1.592936 -1.137464 
363 -1.630906 -1.222595 
364 -1.600024 -1.220673 
365 -1.617681 -1.218717 
366 -1.524835 -1.032364 
367 -1.584344 -1.121856 
368 -1.563992 -1.107034 
369 -1.476078 -0.993309 
370 -1.506569 -1.026960 
371 -1.426631 -0.940503 
372 -1.386341 -0.837885 
373 -1.589459 -1.116521 
374 -1.671893 -1.238243 
375 -1.480449 -1.016050 
376 -1.465885 -0.957098 
377 -1.400677 -0.848392 
378 -1.361465 -0.763980 
379 -1.350684 -0.739671 
380 -1.387416 -0.746676 
381 -1.349947 -0.711379 
382 -1.365450 -0.737385 
383 -1.334176 -0.665939 
384 -1.320528 -0.653377 
385 -1.377141 -0.709339 
386 -1.341361 -0.612385 
387 -1.384350 -0.766602 
388 -1.402657 -0.755589 
389 -1.363224 -0.741829 
390 -1.348130 -0.691717 
391 -1.293374 -0.609386 
392 -1.344517 -0.683976 
393 -1.354598 -0.738278 
394 -1.326765 -0.641045 
395 -1.391568 -0.789214 
396 -1.372400 -0.762575 
397 -1.360835 -0.813568 
398 -1.395589 -0.780023 
399 -1.439370 -0.905613 
400 -1.431742 -0.885185 
401 -1.351479 -0.720964 
402 -1.337339 -0.712409 
403 -1.412892 -0.850134 
404 -1.497584 -0.956491 
405 -1.523205 -1.067215 
406 -1.492520 -1.018443 
407 -1.521065 -1.099605 
408 -1.558408 -1.130495 
409 -1.542648 -1.084341 
410 -1.516925 -1.033152 
411 -1.677776 -1.275821 
412 -1.593779 -1.231983 
413 -1.573704 -1.171777 
414 -1.495142 -1.024689 
415 -1.434556 -0.868693 
416 -1.482784 -0.963929 
417 -1.631099 -1.193158 
418 -1.590022 -1.138804 
419 -1.684564 -1.201702 
420 -1.521883 -1.028793 
421 -1.421272 -0.853945 
422 -1.411082 -0.835277 
423 -1.471391 -0.957014 
424 -1.445807 -0.946269 
425 -1.428947 -0.880745 
426 -1.438823 -0.915372 
427 -1.427325 -0.916544 
428 -1.395978 -0.813451 
429 -1.465510 -0.964956 
430 -1.365798 -0.826816 
431 -1.337262 -0.759909 
432 -1.402462 -0.822267 
433 -1.319440 -0.631835 
434 -1.371589 -0.795025 
435 -1.391991 -0.741438 
436 -1.347574 -0.706316 
437 -1.311765 -0.641049 
438 -1.308690 -0.650188 
439 -1.255877 -0.510610 
440 -1.350910 -0.711326 
441 -1.326686 -0.653428 
442 -1.314182 -0.588841 
443 -1.289517 -0.551740 
444 -1.272337 -0.473471 
445 -1.303542 -0.639972 
446 -1.324917 -0.640601 
447 -1.268353 -0.461875 
448 -1.305268 -0.581870 
449 -1.325680 -0.658438 
450 -1.319115 -0.622530 
451 -1.331114 -0.667236 
452 -1.345483 -0.686616 
453 -1.420811 -0.822747 
454 -1.356407 -0.675588 
455 -1.402499 -0.783805 
456 -1.292822 -0.563765 
457 -1.299878 -0.573489 
458 -1.274161 -0.532523 
459 -1.342954 -0.649487 
460 -1.226505 -0.377950 
461 -1.224272 -0.329128 
462 -1.220053 -0.345777 
463 -1.206437 -0.234648 
464 -1.215236 -0.273544 
465 -1.207795 -0.234522 
466 -1.198672 -0.219080 
467 -1.208001 -0.238314 
468 -1.239412 -0.334129 
469 -1.211832 -0.214262 
470 -1.184603 -0.146962 
471 -1.187915 0.005649 
472 -1.184875 -0.079990 
473 -1.187325 -0.140224 
474 -1.164123 -0.011055 
475 -1.174962 -0.057219 
476 -1.177701 -0.168032 
477 -1.176170 -0.195705 
478 -1.190290 -0.187050 
479 -1.160763 -0.047399 
480 -1.160335 0.076909 
481 -1.170997 0.044483 
482 -1.163901 0.136072 
483 -1.160480 0.064289 
484 -1.161808 0.158319 
485 -1.188448 0.186596 
486 -1.164872 0.068684 
487 -1.208525 0.535645 
488 -1.265963 0.725009 
489 -1.336810 0.938135 
490 -1.285816 0.835788 
491 -1.263422 0.688306 
492 -1.248141 0.700987 
493 -1.226651 0.566796 
494 -1.222487 0.509765 
495 -1.208503 0.477204 
496 -1.175607 0.306617 
497 -1.163965 0.307303 
498 -1.182081 0.319657 
499 -1.207193 0.433931 
500 -1.187995 0.298620 
501 -1.172446 0.303417 
502 -1.185190 0.307062 
503 -1.150576 0.226375 
504 -1.167206 0.244291 
505 -1.160257 0.054996 
506 -1.173782 0.100219 
507 -1.163602 0.161820 
508 -1.169536 0.115505 
509 -1.189160 -0.034866 
510 -1.181185 0.013132 
511 -1.174617 0.155383 
512 -1.178251 0.021607 
513 -1.178579 -0.023199 
514 -1.189694 0.077806 
515 -1.187330 0.057522 
516 -1.182092 0.118301 
517 -1.187411 0.108741 
518 -1.185898 0.107820 
519 -1.174385 0.036449 
520 -1.175496 0.191184 
521 -1.194814 0.241338 
522 -1.190006 0.286126 
523 -1.183996 0.205146 
524 -1.179719 0.091720 
525 -1.211681 -0.152834 
526 -1.217853 -0.290842 
527 -1.184142 -0.153786 
528 -1.169086 -0.100889 
529 -1.206483 0.360883 
530 -1.201752 0.163125 
531 -1.195220 0.075821 
532 -1.205384 -0.083028 
533 -1.228661 -0.247125 
534 -1.275218 -0.380341 
535 -1.215277 -0.262180 
536 -1.228785 -0.351972 
537 -1.254744 -0.409665 
538 -1.231708 -0.322504 
539 -1.201564 -0.227937 
540 -1.204646 -0.230503 
541 -1.191656 -0.178584 
542 -1.197638 -0.121408 
543 -1.233005 -0.276774 
544 -1.196122 -0.149693 
545 -1.229733 -0.265649 
546 -1.220309 -0.243573 
547 -1.197855 -0.118779 
548 -1.201757 -0.063534 
549 -1.204217 -0.150655 
550 -1.200138 -0.160173 
551 -1.203904 -0.082139 
552 -1.196595 -0.111598 
553 -1.187457 -0.038576 
554 -1.203732 -0.152655 
555 -1.229042 -0.213008 
556 -1.192850 -0.147916 
557 -1.192426 -0.090936 
558 -1.207149 -0.101442 
559 -1.201703 -0.146512 
560 -1.221954 -0.226642 
561 -1.194983 -0.103119 
562 -1.224461 -0.249337 
563 -1.200216 -0.160198 
564 -1.210527 -0.105592 
565 -1.204078 -0.150607 
566 -1.225676 -0.240422 
567 -1.198396 -0.125062 
568 -1.254254 -0.323426 
569 -1.197544 -0.108556 
570 -1.195772 -0.136647 
571 -1.207675 -0.157297 
572 -1.214080 -0.201342 
573 -1.192163 -0.140088 
574 -1.193387 -0.146659 
575 -1.217711 -0.244264 
576 -1.193915 -0.085922 
577 -1.204472 -0.154889 
578 -1.227784 -0.230845 
579 -1.206090 -0.199404 
580 -1.259559 -0.349064 
581 -1.231104 -0.260210 
582 -1.237596 -0.341073 
583 -1.229574 -0.315842 
584 -1.265320 -0.405168 
585 -1.299950 -0.498231 
586 -1.245643 -0.355387 
587 -1.267925 -0.454214 
588 -1.266895 -0.413768 
589 -1.289114 -0.412777 
590 -1.293686 -0.477250 
591 -1.274004 -0.433997 
592 -1.290326 -0.502424 
593 -1.296134 -0.514362 
594 -1.319027 -0.515993 
595 -1.301355 -0.491591 
596 -1.318513 -0.542494 
597 -1.275349 -0.428916 
598 -1.240034 -0.348013 
599 -1.303013 -0.465059 
600 -1.273327 -0.447035 
601 -1.237417 -0.384821 
602 -1.245836 -0.339504 
603 -1.274463 -0.438867 
604 -1.233531 -0.403521 
605 -1.212390 -0.273099 
606 -1.231764 -0.300988 
607 -1.263317 -0.425197 
608 -1.254315 -0.344110 
609 -1.229656 -0.390905 
610 -1.307231 -0.556870 
611 -1.201279 -0.251145 
612 -1.222610 -0.278154 
613 -1.166301 -0.043169 
614 -1.194887 -0.091489 
615 -1.185414 0.053664 
616 -1.177131 0.019089 
617 -1.165930 0.037503 
618 -1.206676 -0.210748 
619 -1.187011 -0.123078 
620 -1.179118 0.026381 
621 -1.164276 0.255350 
622 -1.169499 0.189879 
623 -1.161956 0.127613 
624 -1.180824 0.078579 
625 -1.190466 -0.112066 
626 -1.164387 0.069051 
627 -1.181028 0.166963 
628 -1.186869 -0.024887 
629 -1.192532 0.020027 
630 -1.189541 -0.056002 
631 -1.173779 0.091917 
632 -1.175702 0.121651 
633 -1.189881 0.033908 
634 -1.185815 0.112611 
635 -1.209389 0.008592 
636 -1.200279 0.062365 
637 -1.190507 -0.010731 
638 -1.204891 0.001831 
639 -1.194073 0.049226 
640 -1.176412 0.142158 
641 -1.170230 0.135680 
642 -1.199155 0.017445 
643 -1.181209 0.100442 
644 -1.167211 0.189588 
645 -1.180935 0.067778 
646 -1.198580 -0.039897 
647 -1.191705 -0.037658 
648 -1.181620 -0.020657 
649 -1.200984 -0.158562 
650 -1.219941 -0.128503 
651 -1.214626 -0.128506 
652 -1.247164 -0.328401 
653 -1.199885 -0.138727 
654 -1.218367 -0.138915 
655 -1.208194 -0.170972 
656 -1.194939 -0.151638 
657 -1.241629 -0.286431 
658 -1.199429 -0.079410 
659 -1.208048 -0.120420 
660 -1.224172 -0.220967 
661 -1.197249 -0.104786 
662 -1.178427 -0.076232 
663 -1.212715 -0.164144 
664 -1.192136 -0.084588 
665 -1.178054 -0.026629 
666 -1.213785 -0.133417 
667 -1.191049 -0.134344 
668 -1.197775 -0.167462 
669 -1.194226 -0.100637 
670 -1.207623 -0.168480 
671 -1.216696 -0.140403 
672 -1.197447 -0.099625 
673 -1.209542 -0.130794 
674 -1.196021 0.089778 
675 -1.179315 -0.011628 
676 -1.192464 -0.114732 
677 -1.178485 -0.032934 
678 -1.196514 -0.051569 
679 -1.165203 0.041058 
680 -1.170097 0.055487 
681 -1.182250 0.265899 
682 -1.204917 0.361322 
683 -1.178612 0.292464 
684 -1.190688 0.216811 
685 -1.185923 0.270335 
686 -1.208174 0.347770 
687 -1.190516 0.237907 
688 -1.182733 0.352412 
689 -1.211761 0.382477 
690 -1.199976 0.500906 
691 -1.190173 0.443530 
692 -1.173647 0.327780 
693 -1.216666 0.555875 
694 -1.202996 0.515046 
695 -1.217958 0.603687 
696 -1.203854 0.413742 
697 -1.211010 0.501853 
698 -1.178109 0.322358 
699 -1.212967 0.485559 
700 -1.217172 0.503267 
701 -1.228348 0.505284 
702 -1.198371 0.430189 
703 -1.215199 0.520810 
704 -1.214593 0.521834 
705 -1.192222 0.423879 
706 -1.202617 0.469508 
707 -1.191225 0.359173 
708 -1.213018 0.420174 
709 -1.197094 0.393637 
710 -1.176749 0.325041 
711 -1.176143 0.326828 
712 -1.172563 0.234815 
713 -1.205141 0.286281 
714 -1.186082 0.278720 
715 -1.181405 0.219418 
716 -1.189345 0.221733 
717 -1.179590 0.214862 
718 -1.188582 0.195583 
719 -1.175968 0.108405 
720 -1.180117 0.237777 
721 -1.183410 0.167638 
722 -1.179896 0.251008 
723 -1.188383 0.196601 
724 -1.185506 0.148479 
725 -1.194723 0.080551 
726 -1.211139 -0.116596 
727 -1.189860 0.084503 
728 -1.181002 0.131660 
729 -1.179909 0.234991 
730 -1.170801 0.190724 
731 -1.177205 0.114575 
732 -1.184391 0.091884 
733 -1.199463 -0.011183 
734 -1.187985 -0.025219 
735 -1.192898 0.002896 
736 -1.193709 -0.022918 
737 -1.212877 -0.054575 
738 -1.191661 -0.009619 
739 -1.194799 0.057481 
740 -1.190496 0.012277 
741 -1.188866 0.081595 
742 -1.187987 -0.000340 
743 -1.186715 -0.047991 
744 -1.199398 -0.100075 
745 -1.198606 -0.123479 
746 -1.208088 -0.127903 
747 -1.200362 -0.033839 
748 -1.182002 0.049526 
749 -1.210575 -0.122457 
750 -1.172686 0.110152 
751 -1.176032 0.301613 
752 -1.154662 0.095073 
753 -1.159542 0.233931 
754 -1.183437 0.164797 
755 -1.185155 0.173924 
756 -1.188871 0.187454 
757 -1.191863 0.255085 
758 -1.177553 0.126243 
759 -1.174976 0.154292 
760 -1.184773 0.145395 
761 -1.194272 0.113485 
762 -1.164978 0.186577 
763 -1.164043 0.279188 
764 -1.173377 0.369497 
765 -1.181178 0.417601 
766 -1.217123 0.562391 
767 -1.254714 0.753297 
768 -1.266099 0.823132 
769 -1.274889 0.858056 
770 -1.293553 0.968091 
771 -1.282366 0.820148 
772 -1.306753 0.973402 
773 -1.292854 0.906899 
774 -1.228969 0.654862 
775 -1.243833 0.760830 
776 -1.225375 0.727345 
777 -1.257844 0.938066 
778 -1.399196 1.193680 
779 -1.382314 1.119297 
780 -1.322694 1.012346 
781 -1.306706 0.991301 
782 -1.326016 0.979644 
783 -1.452336 1.274664 
784 -1.342400 1.076874 
785 -1.314742 0.988387 
786 -1.362851 1.097125 
787 -1.295200 0.935372 
788 -1.274687 0.951745 
789 -1.328122 0.987513 
790 -1.400562 1.205468 
791 -1.261159 0.883669 
792 -1.298954 0.959940 
793 -1.346742 1.099074 
794 -1.314242 1.053100 
795 -1.273811 0.869961 
796 -1.407633 1.152626 
797 -1.349666 1.128571 
798 -1.321495 0.978556 
799 -1.355256 1.084078 
800 -1.340721 1.082489 
801 -1.335205 1.031809 
802 -1.309831 0.978261 
803 -1.239937 0.767103 
804 -1.266431 0.849272 
805 -1.297462 0.911600 
806 -1.237887 0.818403 
807 -1.227418 0.741226 
808 -1.257927 0.842166 
809 -1.266072 0.910812 
810 -1.271211 0.803558 
811 -1.248922 0.858864 
812 -1.256852 0.851671 
813 -1.264767 0.918398 
814 -1.276032 1.000748 
815 -1.293896 1.032217 
816 -1.264275 0.933665 
817 -1.302904 1.035185 
818 -1.353885 1.152865 
819 -1.282397 1.023094 
820 -1.335689 1.151708 
821 -1.369515 1.208203 
822 -1.365634 1.217732 
823 -1.440919 1.311677 
824 -1.354524 1.169726 
825 -1.431880 1.258608 
826 -1.369061 1.190786 
827 -1.422478 1.343945 
828 -1.340661 1.113255 
829 -1.360792 1.160072 
830 -1.308074 0.942942 
831 -1.393653 1.192741 
832 -1.448983 1.290264 
833 -1.335499 1.079351 
834 -1.328677 1.066237 
835 -1.376380 1.102659 
836 -1.319577 0.974201 
837 -1.330542 0.990677 
838 -1.321935 1.022354 
839 -1.248315 0.839776 
840 -1.249975 0.846150 
841 -1.306850 1.019212 
842 -1.242255 0.786106 
843 -1.248762 0.791525 
844 -1.277460 0.863388 
845 -1.277533 0.867788 
846 -1.295969 0.939151 
847 -1.269589 0.843332 
848 -1.212874 0.613343 
849 -1.313161 0.909836 
850 -1.315494 0.961142 
851 -1.262254 0.828063 
852 -1.290232 0.928723 
853 -1.277383 0.817527 
854 -1.364922 1.047122 
855 -1.295565 0.923781 
856 -1.305957 0.883169 
857 -1.234670 0.788767 
858 -1.245413 0.874373 
859 -1.274733 0.883041 
860 -1.270664 0.933786 
861 -1.202700 0.644066 
862 -1.231564 0.696095 
863 -1.258005 0.867429 
864 -1.225091 0.722484 
865 -1.243822 0.870083 
866 -1.303984 0.990941 
867 -1.254731 0.858827 
868 -1.299674 0.941046 
870 -1.335558 1.069513 
871 -1.247616 0.782478 
872 -1.274261 0.933787 
873 -1.291205 0.960646 
874 -1.289602 0.958089 
875 -1.254843 0.835006 
876 -1.254005 0.842261 
877 -1.301995 0.913504 
878 -1.270067 0.920429 
879 -1.289707 0.933240 
880 -1.281489 0.935914 
881 -1.248632 0.833047 
882 -1.255092 0.828037 
883 -1.248119 0.842686 
884 -1.266716 0.907800 
885 -1.267671 0.855891 
886 -1.235106 0.787696 
887 -1.222353 0.741284 
888 -1.222568 0.705325 
889 -1.244510 0.848960 
890 -1.268761 0.841917 
891 -1.281450 0.936027 
892 -1.275099 0.872121 
893 -1.228331 0.789968 
894 -1.217919 0.767632 
895 -1.228755 0.695983 
896 -1.286944 0.921666 
897 -1.237288 0.855998 
898 -1.270278 0.869122 
899 -1.227646 0.670520 
900 -1.229723 0.747704 
901 -1.200072 0.706989 
902 -1.225317 0.776906 
903 -1.274302 0.834264 
904 -1.240160 0.773423 
905 -1.254057 0.806478 
906 -1.231622 0.697488 
907 -1.219037 0.749411 
908 -1.266893 0.863414 
909 -1.246810 0.713790 
910 -1.212389 0.644868 
911 -1.209374 0.605331 
912 -1.233108 0.716978 
913 -1.231953 0.750285 
914 -1.248593 0.744450 
915 -1.261551 0.802256 
916 -1.261433 0.816984 
917 -1.270520 0.871793 
918 -1.305925 0.936057 
919 -1.296730 0.953360 
920 -1.256412 0.847635 
921 -1.263296 0.895194 
922 -1.275972 1.068897 
923 -1.315581 1.057235 
924 -1.271608 0.851003 
925 -1.284414 0.975310 
926 -1.341841 1.075843 
927 -1.326118 1.041218 
928 -1.362588 1.103211 
929 -1.272539 0.972758 
930 -1.266288 0.918309 
931 -1.281967 0.958244 
932 -1.249078 0.843401 
933 -1.372384 1.211637 
934 -1.385754 1.235500 
935 -1.394359 1.219994 
936 -1.329225 1.072669 
937 -1.378119 1.182297 
938 -1.496664 1.388811 
939 -1.452151 1.324654 
940 -1.467033 1.395292 
941 -1.511056 1.485353 
942 -1.527722 1.540433 
943 -1.420918 1.306276 
944 -1.445075 1.325473 
945 -1.466947 1.417797 
946 -1.466799 1.360490 
947 -1.411300 1.202218 
948 -1.485554 1.403725 
949 -1.416772 1.233350 
950 -1.301416 0.917980 
951 -1.384432 1.181963 
952 -1.399318 1.252057 
953 -1.354891 1.120033 
954 -1.402459 1.222246 
955 -1.390334 1.236796 
956 -1.446952 1.326234 
957 -1.335652 1.086616 
958 -1.376081 1.195590 
959 -1.276177 0.906480 
960 -1.357239 1.068411 
961 -1.335728 1.063643 
962 -1.385313 1.148474 
963 -1.317830 1.005194 
964 -1.358972 1.125699 
965 -1.329940 1.060788 
966 -1.338367 1.123438 
967 -1.369794 1.141480 
968 -1.419492 1.324733 
969 -1.451655 1.368004 
970 -1.445768 1.363674 
971 -1.437872 1.382523 
972 -1.502486 1.483793 
973 -1.505059 1.453447 
974 -1.405966 1.305027 
975 -1.496041 1.391291 
976 -1.293116 1.027970 
977 -1.391808 1.288262 
978 -1.461768 1.345142 
979 -1.319965 1.042068 
980 -1.352196 1.088917 
981 -1.315579 1.043690 
982 -1.261317 0.850097 
983 -1.397435 1.228968 
984 -1.331794 1.090287 
985 -1.321315 1.110329 
986 -1.412745 1.353781 
987 -1.441463 1.337490 
988 -1.448019 1.406482 
989 -1.341229 1.204100 
990 -1.444165 1.343036 
991 -1.398901 1.339392 
992 -1.461088 1.374157 
993 -1.382946 1.272024 
994 -1.469661 1.414500 
995 -1.585771 1.629636 
996 -1.466848 1.429908 
997 -1.641415 1.749885 
998 -1.704321 1.852055 
999 -1.881043 2.141106 
1000 -1.796076 1.988849 
1001 -1.752153 1.949976 
1002 -1.641086 1.728870 
1003 -1.647121 1.788361 
1004 -1.649602 1.750073 
1005 -1.420544 1.320027 
1006 -1.465283 1.396180 
1007 -1.571813 1.619484 
1008 -1.566804 1.545504 
1009 -1.470779 1.497478 
1010 -1.593846 1.650114 
1011 -1.550333 1.647605 
1012 -1.575125 1.627283 
1013 -1.543385 1.544909 
1014 -1.337103 1.186937 
1015 -1.302193 1.089963 
1016 -1.406018 1.279683 
1017 -1.414887 1.340582 
1018 -1.519370 1.451159 
1019 -1.407886 1.355700 
1020 -1.374089 1.217323 
1021 -1.428407 1.384623 
1022 -1.423239 1.213195 
1023 -1.459483 1.417673 
1024 -1.402445 1.243942 
1025 -1.423671 1.345188 
1026 -1.492718 1.475700 
1027 -1.459254 1.428103 
1028 -1.597352 1.617875 
1029 -1.579031 1.602933 
1030 -1.546943 1.498217 
1031 -1.462136 1.428305 
1032 -1.558645 1.598597 
1033 -1.420760 1.334290 
1034 -1.317451 1.118015 
1035 -1.402211 1.334994 
1036 -1.550485 1.558722 
1037 -1.365262 1.259262 
1038 -1.548943 1.639645 
1039 -1.495207 1.505894 
1040 -1.478486 1.518529 
1041 -1.611389 1.691290 
1042 -1.594426 1.712163 
1043 -1.554869 1.645484 
1044 -1.508669 1.534205 
1045 -1.718822 1.896942 
1046 -1.773228 1.973236 
1047 -1.677268 1.903753 
1048 -1.780242 1.988405 
1049 -1.777882 2.034414 
1050 -1.562606 1.662172 
1051 -1.651581 1.797683 
1052 -1.639913 1.828770 
1053 -1.794555 2.058101 
1054 -1.821302 2.075415 
1055 -1.800863 2.056370 
1056 -1.857426 2.127997 
1057 -1.781031 2.071286 
1058 -1.739677 2.024162 
1059 -1.671406 1.906672 
1060 -1.738923 1.994732 
1061 -1.684879 1.858610 
1062 -1.759506 1.970290 
1063 -1.739577 1.949280 
1064 -1.656845 1.781358 
1065 -1.591482 1.640954 
1066 -1.719715 1.908547 
1067 -1.749596 1.961232 
1068 -1.703390 1.898227 
1069 -1.831828 2.059444 
1070 -1.794809 2.064307 
1071 -1.764723 1.979304 
1072 -1.780404 2.043960 
1073 -1.690202 1.880168 
1074 -1.665550 1.817261 
1075 -1.731407 1.939026 
1076 -1.700019 1.918383 
1077 -1.470547 1.543617 
1078 -1.647982 1.800238 
1079 -1.687008 1.785333 
1080 -1.706121 1.861056 
1081 -1.657943 1.818309 
1082 -1.531497 1.631151 
1083 -1.692334 1.862534 
1084 -1.700105 1.893851 
1085 -1.648454 1.801464 
1086 -1.623381 1.758375 
1087 -1.551372 1.634954 
1088 -1.585948 1.733044 
1089 -1.535967 1.547130 
1090 -1.587321 1.672106 
1091 -1.527924 1.607890 
1092 -1.625825 1.753802 
1093 -1.680437 1.899744 
1094 -1.676171 1.846368 
1095 -1.692804 1.843776 
1096 -1.726736 1.875183 
1097 -1.716118 1.885733 
1098 -1.620920 1.719844 
1099 -1.582103 1.593370 
1100 -1.424883 1.386446 
1101 -1.581539 1.642541 
1102 -1.557661 1.581129 
1103 -1.531891 1.588260 
1104 -1.496205 1.515626 
1105 -1.600093 1.651234 
1106 -1.548093 1.609014 
1107 -1.697767 1.830072 
1108 -1.698587 1.842205 
1109 -1.673870 1.826003 
1110 -1.537952 1.523732 
1111 -1.690206 1.816581 
1112 -1.602921 1.727177 
1113 -1.608481 1.685448 
1114 -1.478496 1.521864 
1115 -1.623814 1.665303 
1116 -1.535425 1.530463 
1117 -1.499578 1.487255 
1118 -1.398854 1.309582 
1119 -1.516751 1.450856 
1120 -1.443133 1.349235 
1121 -1.352386 1.113263 
1122 -1.293288 1.017302 
1123 -1.290579 0.891929 
1124 -1.375373 1.083505 
1126 -1.273885 0.842231 
1127 -1.241121 0.762950 
1128 -1.205473 0.618045 
1129 -1.172364 0.533609 
1130 -1.237059 0.752482 
1131 -1.267961 0.878714 
1132 -1.368310 1.123796 
1133 -1.358279 1.128181 
1134 -1.313218 1.046923 
1135 -1.386523 1.121028 
1136 -1.338656 1.080005 
1137 -1.368341 1.099718 
1138 -1.246351 0.777756 
1139 -1.263645 0.920873 
1140 -1.335773 0.996773 
1141 -1.398979 1.145234 
1142 -1.323288 1.016141 
1143 -1.185424 0.575815 
1144 -1.216482 0.251153 
1145 -1.179716 0.102648 
1146 -1.188826 0.434878 
1147 -1.196169 0.241343 
1148 -1.219998 0.484411 
1149 -1.225274 0.512729 
1150 -1.208344 0.392936 
1151 -1.161238 0.233918 
1152 -1.309271 -0.807554 
