879 2
191 -1.746671 1.696016 
192 -1.784056 1.705648 
193 -1.814668 1.785787 
195 -1.862520 1.767636 
197 -1.776991 1.744534 
198 -1.912272 1.886318 
199 -1.600600 1.526793 
202 -1.977312 2.021849 
203 -2.906868 2.951291 
204 -3.019955 3.083002 
205 -2.837072 2.895442 
206 -2.756052 2.832937 
207 -2.717687 2.762311 
208 -2.873720 2.950614 
209 -2.453221 2.547831 
210 -2.511097 2.588979 
211 -2.780304 2.898062 
212 -2.596049 2.689714 
213 -2.159966 2.194733 
214 -2.024848 2.059872 
215 -2.042107 2.044276 
216 -1.952739 1.910941 
217 -1.691728 1.637100 
218 -1.697754 1.594464 
219 -1.593303 1.504753 
220 -1.716631 1.621599 
221 -1.772746 1.653124 
222 -1.571681 1.455830 
223 -1.741190 1.643347 
224 -1.507618 1.280269 
225 -1.734300 1.559562 
226 -1.574587 1.418855 
227 -1.649713 1.499111 
228 -1.526550 1.322607 
229 -1.544016 1.334422 
230 -1.507561 1.314463 
231 -1.438132 1.184215 
232 -1.289917 0.914909 
233 -1.340719 0.988001 
234 -1.403225 1.137163 
235 -1.473881 1.267135 
236 -1.415359 1.122519 
237 -1.314107 0.939290 
238 -1.288512 0.886669 
239 -1.378655 1.096758 
240 -1.416632 1.159237 
241 -1.412793 1.131122 
242 -1.449681 1.193308 
243 -1.382032 1.098961 
244 -1.422532 1.187219 
245 -1.322666 0.996693 
246 -1.438165 1.199142 
247 -1.461465 1.258222 
248 -1.645629 1.442602 
249 -1.763144 1.690460 
250 -1.477920 1.332066 
251 -1.769073 1.675883 
252 -1.645889 1.553924 
253 -1.592343 1.538716 
254 -1.738296 1.624154 
255 -1.702810 1.602122 
256 -1.606753 1.507533 
257 -1.681878 1.591534 
258 -1.897565 1.867325 
259 -1.821481 1.777582 
260 -1.890145 1.926630 
261 -2.274368 2.305030 
262 -2.070280 2.064304 
263 -2.138841 2.200021 
264 -1.944579 1.980222 
265 -2.030261 2.023708 
266 -1.779566 1.836892 
267 -2.159048 2.151237 
268 -1.955902 1.940764 
269 -1.998455 1.972222 
270 -1.788611 1.783568 
271 -1.942613 1.940276 
272 -2.112448 2.080752 
273 -2.072801 2.091249 
274 -2.057445 2.113823 
275 -1.869757 1.863931 
276 -1.919934 1.923334 
277 -1.842476 1.832640 
278 -1.993704 2.048641 
279 -2.026198 2.034922 
280 -1.921346 1.957487 
281 -1.872143 1.892421 
282 -1.967134 1.927838 
283 -1.657818 1.634225 
284 -1.975364 1.939751 
285 -1.828576 1.850981 
286 -2.028486 2.077492 
287 -1.951373 1.962313 
288 -1.952443 1.999890 
289 -1.777411 1.761264 
290 -1.976092 1.978271 
291 -1.932065 1.978002 
292 -1.917677 1.898406 
293 -1.790466 1.760751 
294 -1.626191 1.561513 
295 -1.821203 1.810504 
296 -1.686749 1.620312 
297 -1.775998 1.749565 
298 -1.791170 1.735610 
299 -1.835909 1.795507 
300 -1.714990 1.677605 
301 -1.959619 1.937171 
302 -1.837306 1.777113 
303 -1.753128 1.772120 
304 -1.746609 1.722444 
305 -1.771117 1.735026 
306 -1.718223 1.667220 
307 -1.795465 1.787013 
308 -1.883480 1.891304 
309 -1.697548 1.573784 
310 -1.506540 1.383039 
311 -1.469077 1.266007 
312 -1.536667 1.284750 
313 -1.557083 1.351830 
314 -1.498877 1.298507 
315 -1.417242 1.150148 
316 -1.522830 1.284363 
317 -1.340019 1.092929 
318 -1.413271 1.166623 
319 -1.333956 1.075683 
320 -1.501586 1.263069 
321 -1.540275 1.359120 
322 -1.650620 1.523791 
323 -1.457544 1.263147 
324 -1.483807 1.304239 
325 -1.508423 1.300739 
326 -1.495479 1.295745 
327 -1.366091 1.115600 
328 -1.471477 1.269067 
329 -1.525210 1.360609 
330 -1.512502 1.294492 
331 -1.527988 1.340744 
332 -1.477534 1.289967 
333 -1.549169 1.426014 
334 -1.505524 1.306812 
335 -1.564405 1.334990 
336 -1.527408 1.361692 
337 -1.607120 1.453923 
338 -1.509613 1.346504 
339 -1.535863 1.350585 
340 -1.587934 1.432373 
341 -1.436736 1.194487 
342 -1.553060 1.386413 
343 -1.525299 1.351053 
344 -1.499652 1.318542 
345 -1.531820 1.352955 
346 -1.451817 1.268166 
347 -1.463417 1.254479 
348 -1.518333 1.346746 
349 -1.392051 1.095756 
350 -1.387761 1.035569 
351 -1.194366 0.627042 
352 -1.251951 0.747154 
353 -1.193511 0.618466 
354 -1.233082 0.727403 
355 -1.245529 0.762708 
356 -1.235853 0.725761 
357 -1.257556 0.704796 
358 -1.269926 0.786711 
359 -1.263655 0.792242 
360 -1.259680 0.829799 
361 -1.233249 0.660976 
362 -1.252694 0.749618 
363 -1.210742 0.727251 
364 -1.321419 0.948114 
365 -1.344496 0.968574 
366 -1.412374 1.101311 
367 -1.358804 1.060139 
368 -1.368081 1.064877 
369 -1.357827 1.085910 
370 -1.401508 1.083293 
371 -1.414035 1.165583 
372 -1.542742 1.321784 
373 -1.465893 1.212927 
374 -1.397365 1.105753 
375 -1.471090 1.185425 
376 -1.479328 1.282116 
377 -1.464300 1.231219 
378 -1.618880 1.400970 
379 -1.591500 1.423423 
380 -1.660301 1.525006 
381 -1.746128 1.585651 
382 -1.575256 1.389443 
383 -1.444442 1.195255 
384 -1.471219 1.298361 
385 -1.572241 1.377575 
386 -1.625072 1.444523 
387 -1.582958 1.360366 
388 -1.466743 1.263345 
389 -1.518250 1.292666 
390 -1.690969 1.556271 
391 -1.551031 1.286988 
392 -1.463845 1.248970 
393 -1.430284 1.191646 
394 -1.469225 1.232296 
395 -1.445544 1.100086 
396 -1.248131 0.827636 
397 -1.322957 0.894767 
398 -1.302561 0.888521 
399 -1.276598 0.842387 
400 -1.345740 0.946075 
401 -1.435844 1.112881 
402 -1.384278 1.034014 
403 -1.295039 0.907016 
404 -1.318027 0.891420 
405 -1.376563 0.984257 
406 -1.316571 0.872270 
407 -1.299982 0.898595 
408 -1.441824 1.081492 
409 -1.383150 1.024762 
410 -1.456625 1.081260 
411 -1.398622 1.059277 
412 -1.437577 1.128611 
413 -1.304141 0.970737 
414 -1.480392 1.158881 
415 -1.336942 0.978170 
416 -1.277168 0.830160 
417 -1.327542 0.936353 
418 -1.309597 0.884960 
419 -1.337474 0.994805 
420 -1.340076 0.917204 
421 -1.375712 0.954388 
422 -1.362164 0.980454 
423 -1.376181 0.994179 
424 -1.341960 0.919247 
425 -1.403383 1.074924 
426 -1.362829 0.958916 
427 -1.352269 0.932218 
428 -1.331037 0.897796 
429 -1.338645 0.891531 
430 -1.290501 0.825042 
431 -1.317325 0.893927 
432 -1.310788 0.865294 
433 -1.375051 0.970196 
434 -1.331986 0.898697 
435 -1.313792 0.852110 
436 -1.277441 0.815435 
437 -1.338897 0.889015 
438 -1.373283 0.925031 
439 -1.334463 0.892456 
440 -1.282658 0.817722 
441 -1.374354 1.009933 
442 -1.289001 0.845373 
443 -1.383139 0.987332 
444 -1.411294 1.040903 
445 -1.348434 1.005561 
446 -1.415722 1.042924 
447 -1.471539 1.089335 
448 -1.342888 0.942816 
449 -1.346797 0.953430 
450 -1.349281 0.979208 
451 -1.334214 0.902255 
452 -1.436560 1.039940 
453 -1.333972 0.936284 
454 -1.313869 0.964691 
455 -1.247114 0.721861 
456 -1.247862 0.683352 
457 -1.220437 0.648050 
458 -1.245889 0.760849 
459 -1.222764 0.676121 
460 -1.258133 0.682472 
461 -1.233671 0.609037 
462 -1.346582 0.890260 
463 -1.255865 0.668883 
464 -1.282622 0.691904 
465 -1.236837 0.602256 
466 -1.265134 0.679891 
467 -1.215661 0.594542 
468 -1.237666 0.621318 
469 -1.273996 0.641697 
470 -1.221340 0.523551 
471 -1.280587 0.662114 
472 -1.243646 0.588200 
473 -1.259896 0.660580 
474 -1.204128 0.458797 
475 -1.195457 0.512015 
476 -1.221905 0.479778 
477 -1.211289 0.448477 
478 -1.258028 0.565566 
479 -1.266781 0.618331 
480 -1.262525 0.655725 
481 -1.276057 0.657873 
482 -1.236236 0.615756 
483 -1.360727 0.859557 
484 -1.225186 0.559042 
485 -1.240198 0.576960 
486 -1.241062 0.648918 
487 -1.196424 0.451741 
488 -1.209236 0.496099 
489 -1.183850 0.427019 
490 -1.174048 0.268515 
491 -1.276859 0.636985 
492 -1.212834 0.468148 
493 -1.210020 0.502590 
494 -1.246601 0.605304 
495 -1.188876 0.443600 
496 -1.240422 0.577285 
497 -1.228781 0.523793 
498 -1.213141 0.476674 
499 -1.197692 0.419210 
500 -1.181091 0.269101 
501 -1.133656 0.132299 
502 -1.173555 -0.244630 
503 -1.292117 -0.621825 
504 -1.443420 -0.986725 
505 -1.440468 -0.958602 
506 -1.506395 -1.097449 
507 -1.408254 -0.937217 
508 -1.384685 -0.864001 
509 -1.365385 -0.798659 
510 -1.317672 -0.748930 
511 -1.212045 -0.450066 
512 -1.256052 -0.588184 
513 -1.274480 -0.548021 
514 -1.240851 -0.414163 
515 -1.178865 -0.134792 
516 -1.189145 -0.190963 
517 -1.221322 -0.294037 
518 -1.176505 -0.129027 
519 -1.200297 -0.211989 
520 -1.184743 -0.091072 
521 -1.172024 -0.045273 
522 -1.194872 -0.178275 
523 -1.210503 -0.185707 
524 -1.179707 -0.033316 
525 -1.187784 -0.111776 
526 -1.186211 -0.126619 
527 -1.190302 -0.105131 
528 -1.173603 0.020492 
529 -1.201255 -0.199803 
530 -1.176076 -0.069753 
531 -1.205096 -0.251537 
532 -1.241428 -0.399915 
533 -1.203241 -0.296138 
534 -1.190365 -0.216859 
535 -1.195786 -0.212216 
536 -1.211168 -0.401160 
537 -1.180150 -0.234248 
538 -1.196931 -0.235713 
539 -1.163071 -0.014877 
540 -1.182373 -0.154759 
541 -1.158034 -0.099877 
542 -1.192214 -0.192522 
543 -1.169979 -0.045765 
544 -1.171410 -0.087365 
545 -1.176062 -0.133394 
546 -1.172148 -0.031739 
547 -1.182523 -0.131400 
548 -1.192352 -0.205370 
549 -1.215232 -0.308908 
550 -1.251030 -0.495546 
551 -1.250071 -0.483980 
552 -1.261372 -0.466784 
553 -1.318915 -0.677496 
554 -1.300180 -0.640898 
555 -1.314692 -0.706280 
556 -1.307404 -0.725635 
557 -1.305384 -0.688290 
558 -1.312163 -0.677645 
559 -1.284273 -0.613529 
560 -1.224831 -0.346122 
561 -1.230918 -0.462009 
562 -1.188931 -0.244902 
563 -1.162239 0.137690 
564 -1.152702 0.068234 
565 -1.163749 0.037327 
566 -1.161243 0.017462 
567 -1.176401 -0.034053 
568 -1.179991 0.019496 
569 -1.186789 0.261791 
570 -1.182099 0.093160 
571 -1.162117 0.087741 
572 -1.170236 0.092212 
573 -1.183498 0.317720 
574 -1.191731 0.280784 
575 -1.202393 0.292699 
576 -1.180445 0.242638 
577 -1.173446 0.125716 
578 -1.161405 0.078817 
579 -1.161124 0.177932 
580 -1.174698 0.168253 
581 -1.146654 0.265069 
582 -1.202822 0.416622 
583 -1.184968 0.334654 
584 -1.190821 0.340907 
585 -1.167680 0.198180 
586 -1.159502 0.023266 
587 -1.177759 -0.112998 
588 -1.241401 -0.420113 
589 -1.204565 -0.334774 
590 -1.224810 -0.401110 
591 -1.200460 -0.314822 
592 -1.168361 -0.127928 
593 -1.195113 -0.280791 
594 -1.189582 -0.340514 
595 -1.179238 -0.164790 
596 -1.228853 -0.348099 
597 -1.223793 -0.428035 
598 -1.267597 -0.499732 
599 -1.248678 -0.407274 
600 -1.194697 -0.236896 
601 -1.172653 -0.087848 
602 -1.176275 0.264262 
603 -1.171009 0.103389 
604 -1.183858 -0.081200 
605 -1.194175 -0.157121 
606 -1.198852 -0.198912 
607 -1.212140 -0.201770 
608 -1.197739 -0.247679 
609 -1.195476 -0.155984 
610 -1.191113 -0.181743 
611 -1.195429 -0.027011 
612 -1.185920 -0.179300 
613 -1.201513 -0.172386 
614 -1.201195 -0.209807 
615 -1.210149 -0.244645 
616 -1.185059 0.103890 
617 -1.199000 -0.162480 
618 -1.209545 -0.191236 
619 -1.209784 -0.216069 
620 -1.186491 -0.093750 
621 -1.183637 -0.084204 
622 -1.204833 -0.207210 
623 -1.201169 -0.185133 
624 -1.173512 -0.005558 
625 -1.165094 0.092255 
626 -1.159537 0.089561 
627 -1.209812 0.309250 
628 -1.231255 0.431215 
629 -1.218311 0.444351 
630 -1.218595 0.406969 
631 -1.203233 0.396147 
632 -1.175505 0.161044 
633 -1.187838 0.264894 
634 -1.179248 0.261968 
635 -1.183693 0.305054 
636 -1.199895 0.336018 
637 -1.184883 0.202512 
638 -1.170421 0.123514 
639 -1.179081 -0.143103 
640 -1.212378 -0.363112 
641 -1.231353 -0.370066 
642 -1.279370 -0.570349 
643 -1.338279 -0.712210 
644 -1.291914 -0.577879 
645 -1.375640 -0.819324 
646 -1.358306 -0.762964 
647 -1.359158 -0.846421 
648 -1.384095 -0.816758 
649 -1.370150 -0.817892 
650 -1.451944 -1.065754 
651 -1.385478 -0.908807 
652 -1.343318 -0.726678 
653 -1.309317 -0.746269 
654 -1.357273 -0.854668 
655 -1.360943 -0.846290 
656 -1.417604 -0.959254 
657 -1.538737 -1.186918 
658 -1.434986 -1.022174 
659 -1.489480 -1.147259 
660 -1.573884 -1.263392 
661 -1.579423 -1.371044 
662 -1.509823 -1.224765 
663 -1.454500 -1.098645 
664 -1.263415 -0.686718 
665 -1.475001 -1.080905 
666 -1.455959 -1.048380 
667 -1.422133 -0.991626 
668 -1.461210 -1.044244 
669 -1.412622 -0.988484 
670 -1.604863 -1.254328 
671 -1.608487 -1.366678 
672 -1.390060 -0.976001 
673 -1.521746 -1.264033 
674 -1.562313 -1.210734 
675 -1.724707 -1.540962 
676 -1.776628 -1.579348 
677 -1.716091 -1.560791 
678 -1.754985 -1.616037 
679 -1.696180 -1.461057 
680 -1.687470 -1.466614 
681 -1.574059 -1.309636 
682 -1.577183 -1.331064 
683 -1.702475 -1.514248 
684 -1.765093 -1.597466 
685 -1.783289 -1.656053 
686 -1.821546 -1.675046 
687 -1.878805 -1.779671 
688 -1.859968 -1.753671 
689 -1.927379 -1.817383 
690 -1.799192 -1.652607 
691 -1.699420 -1.556790 
692 -1.749955 -1.590898 
693 -1.617754 -1.395408 
694 -1.665111 -1.460264 
695 -1.426161 -1.062049 
696 -1.602990 -1.358467 
697 -1.508104 -1.264179 
698 -1.530111 -1.221608 
699 -1.499089 -1.151474 
700 -1.417332 -1.104374 
701 -1.580830 -1.326202 
702 -1.618475 -1.388378 
703 -1.557658 -1.268993 
704 -1.477409 -1.222595 
705 -1.462813 -1.107252 
706 -1.540705 -1.282639 
707 -1.552409 -1.273094 
708 -1.657622 -1.444353 
709 -1.476067 -1.165648 
710 -1.682667 -1.528098 
711 -1.716745 -1.563889 
712 -1.634469 -1.441638 
713 -1.666601 -1.475594 
714 -1.604305 -1.449919 
715 -1.801238 -1.702086 
716 -1.685803 -1.549376 
717 -1.688771 -1.507668 
718 -1.838341 -1.671927 
719 -1.823820 -1.705186 
720 -1.906450 -1.820458 
721 -1.880888 -1.776192 
722 -1.779288 -1.637648 
723 -1.602447 -1.341164 
724 -1.443391 -1.075076 
725 -1.544926 -1.264456 
726 -1.484152 -1.172912 
727 -1.535102 -1.254701 
728 -1.537110 -1.276640 
729 -1.560271 -1.317212 
730 -1.612050 -1.380441 
731 -1.834166 -1.728804 
732 -1.727251 -1.596241 
733 -1.693786 -1.551872 
734 -1.816952 -1.686646 
735 -1.973607 -1.865141 
736 -2.110189 -2.095995 
737 -2.114423 -2.112672 
738 -2.072823 -2.045951 
739 -2.127742 -2.115223 
740 -2.220905 -2.189279 
741 -2.198711 -2.194883 
742 -2.078304 -2.060815 
743 -2.191139 -2.217454 
744 -2.129412 -2.128385 
745 -2.082146 -2.044578 
746 -1.924358 -1.883392 
747 -1.868146 -1.764403 
748 -1.738496 -1.624403 
749 -1.793272 -1.730847 
750 -1.740632 -1.618442 
751 -1.778137 -1.690367 
752 -1.868613 -1.826793 
753 -2.045357 -2.005111 
754 -2.247111 -2.230051 
755 -2.098185 -2.067100 
756 -2.044958 -2.012686 
757 -2.338700 -2.315708 
758 -2.325234 -2.318894 
759 -2.072971 -2.008206 
760 -2.135051 -2.091423 
761 -2.028305 -2.005409 
762 -1.985752 -1.898065 
763 -1.869346 -1.808796 
764 -1.729680 -1.609540 
765 -1.727591 -1.607518 
766 -1.721655 -1.526368 
767 -1.773606 -1.593979 
768 -1.824074 -1.642303 
769 -1.701313 -1.477926 
770 -1.567329 -1.302125 
771 -1.466626 -1.122190 
772 -1.632154 -1.388277 
773 -1.648543 -1.415808 
774 -1.643488 -1.413596 
775 -1.529192 -1.275418 
776 -1.713638 -1.501253 
777 -1.540751 -1.237780 
778 -1.545215 -1.243911 
779 -1.508488 -1.234072 
780 -1.451328 -1.103836 
781 -1.456416 -1.109350 
782 -1.487071 -1.079566 
783 -1.353455 -0.847849 
784 -1.181885 -0.399602 
785 -1.179052 -0.304845 
786 -1.202909 -0.377629 
787 -1.214683 -0.331895 
788 -1.182945 -0.164889 
789 -1.192046 -0.214324 
790 -1.164341 -0.173957 
791 -1.163625 -0.082195 
792 -1.223149 -0.270622 
793 -1.211216 -0.361437 
794 -1.238642 -0.385787 
795 -1.229835 -0.308979 
796 -1.186976 -0.212597 
797 -1.186619 -0.116508 
798 -1.177258 0.072608 
799 -1.201564 -0.246302 
800 -1.210055 0.242495 
801 -1.181686 -0.086412 
802 -1.186267 -0.152851 
803 -1.188512 -0.167672 
804 -1.178578 -0.096861 
805 -1.234105 -0.310309 
806 -1.245555 -0.366679 
807 -1.254402 -0.517412 
808 -1.250071 -0.403005 
809 -1.200030 -0.215931 
810 -1.215636 -0.247365 
811 -1.205894 -0.299933 
812 -1.253155 -0.419678 
813 -1.278594 -0.520204 
814 -1.199126 -0.262305 
815 -1.308589 -0.604027 
816 -1.239721 -0.513842 
817 -1.269245 -0.633603 
818 -1.275383 -0.592528 
819 -1.213167 -0.433562 
820 -1.280367 -0.607546 
821 -1.222424 -0.362528 
822 -1.207183 -0.265414 
823 -1.172899 -0.009000 
824 -1.183753 -0.248537 
825 -1.168875 -0.181435 
826 -1.263893 -0.400804 
827 -1.241641 -0.415638 
828 -1.204345 -0.293450 
829 -1.283664 -0.525679 
830 -1.190575 -0.252424 
831 -1.195767 -0.167327 
832 -1.233195 -0.332077 
833 -1.214258 -0.251313 
834 -1.207185 -0.262235 
835 -1.213586 -0.264719 
836 -1.207734 -0.268769 
837 -1.179986 0.055947 
838 -1.169768 -0.120014 
839 -1.177160 -0.121255 
840 -1.194470 -0.156179 
841 -1.209763 -0.188126 
842 -1.183479 -0.101022 
843 -1.199829 -0.219337 
844 -1.197849 -0.133842 
845 -1.187216 -0.032069 
846 -1.189724 0.148914 
847 -1.173535 0.127546 
848 -1.192158 0.159425 
849 -1.191736 -0.066423 
850 -1.197624 -0.071498 
851 -1.193991 -0.036499 
852 -1.184235 0.031620 
853 -1.209882 0.338485 
854 -1.164167 0.150853 
855 -1.169025 0.073202 
856 -1.165627 0.096697 
857 -1.172139 0.106326 
858 -1.181237 0.083524 
859 -1.175213 0.093619 
860 -1.193369 0.212871 
861 -1.179931 0.080393 
862 -1.165612 0.064482 
863 -1.159048 0.165505 
864 -1.178869 0.079391 
865 -1.191308 0.082014 
866 -1.179530 0.119223 
867 -1.164943 0.066792 
868 -1.159301 0.198523 
869 -1.179595 0.121630 
870 -1.181372 0.038690 
871 -1.179284 0.065272 
872 -1.174877 0.088628 
873 -1.167755 0.165655 
874 -1.165665 -0.017270 
875 -1.178920 0.205473 
876 -1.197272 0.174389 
877 -1.189166 0.113972 
878 -1.214168 0.244389 
879 -1.192142 0.151782 
880 -1.190520 0.181281 
881 -1.187799 0.141923 
882 -1.181822 0.021562 
883 -1.169966 -0.061375 
884 -1.170871 -0.008523 
885 -1.229479 -0.325310 
886 -1.198323 -0.246892 
887 -1.187732 -0.142921 
888 -1.182115 -0.051897 
889 -1.196244 -0.265212 
890 -1.231941 -0.380883 
891 -1.244695 -0.435927 
892 -1.242876 -0.450888 
893 -1.217322 -0.355151 
894 -1.178258 -0.184511 
895 -1.213011 -0.407321 
896 -1.218314 -0.381754 
897 -1.244377 -0.499310 
898 -1.270343 -0.601457 
899 -1.263051 -0.615635 
900 -1.275288 -0.594812 
901 -1.320633 -0.641108 
902 -1.234719 -0.476935 
903 -1.262443 -0.502369 
904 -1.242529 -0.466025 
905 -1.228197 -0.458414 
906 -1.232092 -0.451568 
907 -1.185902 -0.341775 
908 -1.266418 -0.577130 
909 -1.241131 -0.536759 
910 -1.217584 -0.374783 
911 -1.206129 -0.393210 
912 -1.263015 -0.531844 
913 -1.257901 -0.544941 
914 -1.435370 -1.008656 
915 -1.499673 -1.078153 
916 -1.424353 -0.981123 
917 -1.452351 -0.979815 
918 -1.447501 -1.030269 
919 -1.479852 -1.145389 
920 -1.461928 -1.081094 
921 -1.411239 -0.991016 
922 -1.619729 -1.332395 
923 -1.550192 -1.189380 
924 -1.565556 -1.233051 
925 -1.605748 -1.253604 
926 -1.523209 -1.212177 
927 -1.575466 -1.325944 
928 -1.597091 -1.305486 
929 -1.594493 -1.331352 
930 -1.503013 -1.234268 
931 -1.549521 -1.235174 
932 -1.619280 -1.324358 
933 -1.491285 -1.169153 
934 -1.461670 -1.160619 
935 -1.470647 -1.000287 
936 -1.460591 -1.078324 
937 -1.401588 -0.929659 
938 -1.386102 -0.864030 
939 -1.339030 -0.771580 
940 -1.362020 -0.817601 
941 -1.279788 -0.665304 
942 -1.395283 -0.878465 
943 -1.320246 -0.766051 
944 -1.408532 -0.929070 
945 -1.453632 -0.997495 
946 -1.420478 -0.985121 
947 -1.239490 -0.503511 
948 -1.222394 -0.400209 
949 -1.332735 -0.735939 
950 -1.361225 -0.814133 
951 -1.424769 -0.878555 
952 -1.358011 -0.823698 
953 -1.211223 -0.413179 
954 -1.356451 -0.853027 
955 -1.376686 -0.850999 
956 -1.397767 -0.899805 
957 -1.405401 -0.971910 
958 -1.578461 -1.183826 
959 -1.548921 -1.138956 
960 -1.542433 -1.180684 
961 -1.458132 -0.995905 
962 -1.403592 -0.920358 
963 -1.359036 -0.843731 
964 -1.342370 -0.746447 
965 -1.423913 -0.925700 
966 -1.305685 -0.662275 
967 -1.366957 -0.867128 
968 -1.362550 -0.836577 
969 -1.253368 -0.569861 
970 -1.227417 -0.525484 
971 -1.318629 -0.677317 
972 -1.211081 -0.432031 
973 -1.254982 -0.522334 
974 -1.284895 -0.614122 
975 -1.206783 -0.400201 
976 -1.224547 -0.332176 
977 -1.225123 -0.246633 
978 -1.201881 -0.130663 
979 -1.199808 -0.270463 
980 -1.184070 0.004988 
981 -1.211956 -0.152710 
982 -1.195887 0.176577 
983 -1.190113 -0.103128 
984 -1.243841 -0.310723 
985 -1.178392 -0.079526 
986 -1.211204 -0.229329 
987 -1.237029 -0.294877 
988 -1.211569 -0.331923 
989 -1.260198 -0.405892 
990 -1.251979 -0.437176 
991 -1.215917 -0.239203 
992 -1.248974 -0.361932 
993 -1.216757 -0.222287 
994 -1.193476 -0.156992 
995 -1.193950 -0.112788 
996 -1.182266 -0.198897 
997 -1.223346 -0.302479 
998 -1.256442 -0.443966 
999 -1.204342 -0.293946 
1000 -1.248640 -0.470381 
1001 -1.251027 -0.535808 
1002 -1.251085 -0.526942 
1003 -1.235238 -0.437443 
1004 -1.304770 -0.623933 
1005 -1.283102 -0.619128 
1006 -1.280003 -0.603090 
1007 -1.289621 -0.692366 
1008 -1.311040 -0.708411 
1009 -1.341431 -0.716449 
1010 -1.303231 -0.647939 
1011 -1.202665 -0.317789 
1012 -1.197081 -0.298136 
1013 -1.240253 -0.430932 
1014 -1.202313 -0.304988 
1015 -1.354621 -0.677650 
1016 -1.201784 -0.291153 
1017 -1.213859 -0.355901 
1018 -1.329284 -0.685566 
1019 -1.324206 -0.692587 
1020 -1.234170 -0.441625 
1021 -1.304661 -0.619542 
1022 -1.283834 -0.682266 
1023 -1.394810 -0.893877 
1024 -1.363687 -0.848104 
1025 -1.368279 -0.930314 
1026 -1.343895 -0.869835 
1027 -1.398915 -0.986607 
1028 -1.378687 -0.983372 
1029 -1.431965 -0.981096 
1030 -1.386785 -1.006383 
1031 -1.454826 -1.073907 
1032 -1.359562 -0.852811 
1033 -1.454778 -1.050969 
1034 -1.503537 -1.143457 
1035 -1.464854 -1.077031 
1036 -1.395654 -0.997625 
1037 -1.324456 -0.905313 
1038 -1.299224 -0.762244 
1039 -1.243466 -0.582440 
1040 -1.340802 -0.928248 
1041 -1.432470 -1.043395 
1042 -1.435478 -1.033732 
1043 -1.434497 -1.080746 
1044 -1.429956 -1.037309 
1045 -1.523302 -1.237071 
1046 -1.523412 -1.194892 
1047 -1.494935 -1.158880 
1048 -1.561775 -1.299261 
1049 -1.517061 -1.208130 
1050 -1.504152 -1.174658 
1051 -1.636729 -1.434272 
1052 -1.580142 -1.305901 
1053 -1.526779 -1.228841 
1054 -1.605902 -1.344095 
1055 -1.587496 -1.290171 
1056 -1.531160 -1.241853 
1057 -1.527800 -1.249645 
1058 -1.372114 -0.981325 
1059 -1.583783 -1.342381 
1060 -1.593583 -1.345580 
1061 -2.003366 -1.915658 
1062 -2.257078 -2.239295 
1063 -2.086368 -2.015812 
1064 -2.207798 -2.173258 
1065 -2.474089 -2.537990 
1066 -2.406760 -2.455402 
1067 -2.249467 -2.223329 
1068 -2.284340 -2.281845 
1069 -2.045774 -1.949550 
1070 -1.817178 -1.696621 
1071 -1.760292 -1.596966 
1072 -1.702861 -1.564160 
1073 -1.639464 -1.600644 
