560 2
1 -0.676451 -1.404415 
3 -0.854192 -2.245194 
4 -1.110359 -3.172150 
5 -1.159341 -3.243053 
6 -1.010527 -3.102797 
7 -0.974750 -3.348501 
8 -0.978423 -3.416878 
9 -0.885964 -3.293485 
10 -0.844731 -3.237432 
11 -0.842568 -3.164917 
12 -0.850264 -3.122828 
13 -0.817673 -3.093511 
14 -0.923262 -3.437664 
15 -0.935897 -3.413285 
16 -0.945000 -3.563321 
17 -0.999639 -3.692105 
18 -0.962565 -3.515591 
19 -0.885727 -3.376312 
20 -0.870153 -3.381690 
21 -0.879921 -3.452552 
22 -0.922056 -3.588570 
23 -0.919705 -3.524965 
24 -1.013603 -3.794809 
25 -0.933775 -3.545293 
26 -0.845562 -3.212213 
27 -0.904641 -3.402800 
28 -0.917318 -3.498926 
29 -0.766680 -2.936906 
30 -0.892656 -3.220881 
31 -0.837163 -3.196729 
32 -0.898221 -3.380965 
33 -0.932984 -3.380560 
34 -1.019791 -3.602814 
35 -0.835905 -3.166221 
36 -0.806302 -3.134040 
37 -0.833065 -2.992902 
38 -0.811157 -2.934945 
39 -0.875385 -3.084728 
40 -0.876149 -3.207535 
41 -0.811361 -2.975015 
42 -0.825225 -3.017359 
43 -0.828250 -3.023172 
44 -0.766612 -2.947588 
45 -0.788560 -2.854927 
46 -0.833053 -3.003434 
47 -0.804420 -2.800736 
48 -0.763766 -2.821378 
49 -0.811081 -2.893851 
50 -0.812571 -2.828386 
51 -0.779025 -2.760293 
52 -0.763534 -2.699148 
53 -0.805653 -2.771046 
54 -0.704114 -2.446063 
55 -0.712333 -2.278652 
56 -0.685650 -2.444026 
57 -0.782133 -2.567852 
58 -0.749634 -2.477347 
59 -0.736443 -2.466717 
60 -0.777246 -2.519744 
61 -0.759744 -2.592274 
62 -0.747823 -2.584063 
63 -0.821405 -2.675683 
64 -0.744867 -2.617292 
65 -0.799065 -2.698228 
66 -0.750856 -2.594969 
67 -0.834888 -2.931512 
68 -0.734114 -2.610976 
69 -0.771564 -2.466525 
70 -0.663265 -1.947041 
71 -0.714051 -1.914779 
72 -0.681700 -1.960319 
73 -0.721159 -1.945886 
74 -0.741339 -1.866207 
75 -0.801616 -2.354368 
76 -0.763863 -2.135672 
77 -0.703389 -1.933053 
78 -0.723092 -2.015821 
79 -0.706840 -1.748481 
80 -0.693838 -1.732200 
81 -0.698010 -1.506767 
82 -0.693369 -1.412830 
83 -0.705838 -1.400349 
84 -0.721237 -1.352395 
85 -0.736451 -1.178040 
86 -0.766292 -1.103233 
87 -0.827151 -0.899498 
88 -1.004778 -0.425809 
89 -1.076444 -0.357532 
90 -1.074859 -0.354621 
91 -1.105084 -0.316819 
92 -1.035877 -0.471389 
93 -0.914909 -0.635395 
94 -0.967417 -0.517345 
95 -0.977068 -0.492825 
96 -0.954086 -0.524152 
97 -0.909874 -0.753981 
98 -0.882309 -0.671482 
99 -0.868498 -0.651887 
100 -0.773542 -1.103024 
101 -0.724733 -1.257671 
102 -0.713487 -1.361538 
103 -0.696202 -1.584581 
104 -0.711579 -1.792796 
105 -0.696994 -1.768034 
106 -0.742540 -2.019183 
107 -0.677573 -2.018850 
108 -0.731224 -2.004938 
109 -0.712226 -2.080966 
110 -0.696093 -1.912725 
111 -0.667824 -1.979108 
112 -0.691617 -1.914594 
113 -0.687156 -1.839440 
114 -0.708885 -1.885421 
115 -0.781644 -1.999849 
116 -0.706292 -1.661684 
117 -0.689338 -1.509454 
118 -0.748720 -1.049031 
119 -0.760195 -0.990556 
120 -0.775493 -0.985205 
121 -0.759732 -0.980029 
122 -0.788834 -0.934406 
123 -0.780966 -1.029863 
124 -0.798077 -0.872980 
125 -0.790801 -0.930107 
126 -0.789594 -0.938446 
127 -0.763667 -1.046007 
128 -0.735524 -1.229011 
129 -0.672879 -1.529984 
130 -0.668218 -1.683671 
131 -0.681362 -1.779280 
132 -0.706132 -1.853925 
133 -0.703181 -1.973958 
134 -0.720306 -2.142647 
135 -0.718042 -2.050300 
136 -0.776057 -2.174222 
137 -0.705639 -1.975440 
138 -0.751663 -2.215236 
139 -0.744148 -2.224695 
140 -0.740005 -2.405920 
141 -0.729233 -2.347390 
142 -0.751861 -2.443185 
143 -0.737069 -2.393258 
144 -0.786908 -2.444395 
145 -0.762241 -2.553604 
146 -0.791754 -2.636315 
147 -0.727654 -2.327684 
148 -0.698359 -2.013307 
149 -0.717500 -2.044137 
150 -0.738961 -2.043333 
151 -0.703299 -1.987518 
152 -0.763249 -2.203266 
153 -0.715505 -2.199338 
154 -0.814188 -2.478527 
155 -0.698666 -2.210634 
156 -0.761541 -2.325686 
157 -0.737999 -2.256454 
158 -0.712751 -2.057170 
159 -0.731172 -2.059583 
160 -0.768678 -2.157411 
161 -0.732582 -2.054379 
162 -0.723443 -2.359594 
163 -0.691396 -2.164948 
164 -0.723160 -2.327075 
165 -0.748890 -2.313857 
166 -0.723942 -2.366377 
167 -0.751872 -2.318141 
168 -0.695380 -2.289046 
169 -0.776008 -2.403660 
170 -0.698305 -2.200960 
171 -0.729214 -2.251364 
172 -0.781686 -2.325214 
173 -0.731699 -2.276266 
174 -0.720254 -2.213730 
175 -0.703309 -2.084719 
176 -0.753500 -2.272676 
177 -0.732279 -2.066572 
178 -0.671410 -1.972289 
179 -0.694578 -2.075209 
180 -0.736699 -2.157300 
181 -0.713997 -2.068302 
182 -0.767265 -2.256993 
183 -0.751122 -2.152542 
184 -0.682682 -2.008066 
185 -0.679331 -1.930813 
186 -0.688440 -1.866508 
187 -0.661613 -1.791459 
188 -0.711243 -1.758991 
189 -0.689007 -1.625954 
190 -0.693850 -1.707344 
191 -0.701607 -1.618255 
192 -0.687064 -1.507927 
193 -0.699838 -1.488274 
194 -0.697508 -1.308045 
195 -0.722019 -1.406462 
196 -0.714690 -1.202500 
197 -0.776529 -1.004146 
198 -0.807699 -0.808031 
199 -1.057764 -0.344666 
200 -1.130411 -0.277266 
201 -1.214425 -0.179584 
202 -1.314873 -0.082774 
203 -1.553300 0.072509 
204 -1.483130 0.030219 
205 -1.563586 0.072484 
206 -2.135022 0.380923 
207 -1.895138 0.228727 
208 -1.568147 0.069685 
209 -1.534124 0.020566 
210 -1.546261 0.066416 
211 -1.658204 0.129850 
212 -1.488508 0.009549 
213 -1.399581 -0.075078 
214 -1.408244 -0.047118 
215 -1.395549 -0.078934 
216 -1.448483 -0.018005 
217 -1.558451 0.079746 
218 -1.644398 0.155114 
219 -1.779277 0.243966 
220 -1.548153 0.024407 
221 -1.684870 0.175932 
222 -1.832993 0.277085 
223 -1.944953 0.331156 
224 -2.001602 0.351655 
225 -1.717795 0.146552 
226 -1.987086 0.323707 
227 -1.885208 0.283847 
228 -1.745797 0.177992 
229 -2.179054 0.421030 
230 -1.998743 0.341069 
231 -1.926775 0.317391 
232 -2.019921 0.360473 
233 -1.949301 0.328572 
234 -1.880802 0.275582 
235 -1.377120 -0.070274 
236 -1.812445 0.236545 
237 -2.009452 0.364851 
238 -1.984661 0.342594 
239 -1.953842 0.309332 
240 -1.838395 0.283538 
241 -2.096737 0.404450 
242 -2.082181 0.385786 
243 -1.823633 0.266014 
244 -2.104182 0.418740 
245 -2.427872 0.565517 
246 -2.785703 0.765547 
247 -4.245173 1.229730 
278 -4.091686 1.225030 
279 -4.174129 1.249562 
280 -4.053116 1.192284 
281 -4.184513 1.252432 
282 -4.132440 1.241989 
283 -3.501032 1.021157 
284 -3.798265 1.123065 
285 -3.817532 1.141175 
286 -3.901386 1.147818 
287 -3.850000 1.139209 
288 -3.764180 1.150885 
289 -3.795994 1.147641 
290 -3.657586 1.077002 
291 -3.698054 1.082201 
292 -3.838782 1.147939 
293 -3.592931 1.054901 
294 -4.185776 1.236641 
295 -3.527647 1.042692 
296 -3.457056 1.018017 
297 -3.241025 0.904566 
298 -3.163423 0.888518 
299 -3.115958 0.885094 
300 -2.043663 0.386407 
301 -2.332676 0.516181 
302 -2.252660 0.499232 
303 -2.208392 0.467749 
304 -1.821553 0.270740 
305 -2.186981 0.467865 
306 -2.387566 0.545487 
307 -2.746170 0.728924 
308 -2.794803 0.761642 
309 -3.004294 0.837011 
310 -3.043248 0.858897 
311 -3.174326 0.890504 
312 -3.050006 0.858309 
313 -3.138803 0.899914 
314 -3.145055 0.882387 
315 -3.113230 0.917983 
316 -3.267444 0.939094 
317 -3.135824 0.898199 
318 -3.234679 0.938128 
319 -3.293127 0.952326 
320 -3.225811 0.939009 
321 -3.344140 0.959819 
322 -3.221957 0.941806 
323 -3.247166 0.915607 
324 -3.209639 0.915788 
325 -3.377770 0.976222 
326 -2.342836 0.554761 
327 -3.106755 0.872598 
328 -3.056326 0.860569 
329 -2.279436 0.523554 
330 -2.115193 0.430451 
331 -2.238299 0.477067 
332 -1.769667 0.185087 
333 -1.936828 0.316530 
334 -1.982415 0.324611 
335 -1.759979 0.297647 
336 -1.613630 0.123772 
337 -1.777422 0.243693 
338 -1.748438 0.234358 
339 -1.802360 0.244452 
340 -2.041991 0.400995 
341 -1.645935 0.095267 
342 -2.009023 0.358905 
343 -1.606990 0.119779 
344 -1.879520 0.296736 
345 -2.005532 0.376555 
346 -1.875089 0.310402 
347 -1.623448 0.092128 
348 -1.398946 -0.047472 
349 -1.362737 -0.104243 
350 -1.692405 0.175262 
351 -1.859692 0.279838 
352 -1.652106 0.160387 
353 -1.515821 0.029827 
354 -1.726436 0.159823 
355 -1.445735 -0.006025 
356 -1.331976 -0.124203 
357 -1.319710 -0.070340 
358 -1.029833 -0.422557 
359 -0.992374 -0.488106 
360 -0.993851 -0.530377 
361 -0.967870 -0.604728 
362 -0.952494 -0.574374 
363 -0.944239 -0.556323 
364 -0.983299 -0.522018 
365 -1.017347 -0.433966 
366 -1.010190 -0.556415 
367 -1.300904 -0.099407 
368 -1.789516 0.195023 
369 -1.852987 0.260681 
370 -1.766836 0.200809 
371 -1.468167 -0.011915 
372 -1.649397 0.114365 
373 -1.837057 0.232751 
374 -1.840810 0.257058 
375 -1.658035 0.126324 
376 -1.628742 0.089639 
377 -1.852523 0.259201 
378 -2.050129 0.369113 
379 -1.518755 0.030384 
380 -1.786926 0.208516 
381 -1.905997 0.278849 
382 -1.937451 0.315717 
383 -1.794125 0.207471 
384 -1.594442 0.100046 
385 -1.230747 -0.168988 
386 -1.280967 -0.151676 
387 -1.237384 -0.179219 
388 -1.212659 -0.226685 
389 -1.109369 -0.324738 
390 -1.062003 -0.396751 
391 -1.003148 -0.511529 
392 -0.996012 -0.521916 
393 -0.985194 -0.529961 
394 -0.981109 -0.548119 
395 -0.986420 -0.523614 
396 -0.959105 -0.561686 
397 -0.929894 -0.612340 
398 -0.939149 -0.689491 
399 -0.934105 -0.618998 
400 -1.015983 -0.401176 
401 -0.977730 -0.578451 
402 -0.979009 -0.575472 
403 -0.926744 -0.630842 
404 -0.952497 -0.571872 
405 -0.928900 -0.615151 
406 -1.010787 -0.470542 
407 -0.966946 -0.595698 
408 -0.958269 -0.590687 
409 -0.938298 -0.616707 
410 -0.916288 -0.666010 
411 -0.877328 -0.757953 
412 -0.907920 -0.640304 
413 -0.920365 -0.611585 
414 -1.038785 -0.434575 
415 -1.124703 -0.334172 
416 -1.226944 -0.174867 
417 -1.068442 -0.421187 
418 -1.015730 -0.559973 
419 -0.941368 -0.677582 
420 -1.059359 -0.446665 
421 -1.060450 -0.455707 
422 -1.044374 -0.432689 
423 -1.045567 -0.435198 
424 -1.004672 -0.496056 
425 -0.966556 -0.539047 
426 -1.113416 -0.365546 
427 -1.041641 -0.447925 
428 -1.009083 -0.460631 
429 -1.062088 -0.407611 
430 -1.108886 -0.370003 
431 -1.271250 -0.162312 
432 -1.455311 0.008007 
433 -1.961640 0.313359 
434 -1.842218 0.244233 
435 -1.919677 0.299047 
436 -2.041101 0.364174 
437 -2.106398 0.364250 
438 -2.102444 0.355436 
439 -2.122365 0.398284 
440 -1.695389 0.148948 
441 -1.217582 -0.265703 
442 -1.300400 -0.137661 
443 -1.269644 -0.166317 
444 -1.911006 0.274294 
445 -1.917351 0.268056 
446 -1.963125 0.283706 
447 -1.968118 0.308625 
448 -1.957624 0.320900 
449 -2.078480 0.369010 
450 -2.411111 0.540469 
451 -1.595533 0.060611 
452 -1.649392 0.110682 
453 -1.388647 -0.042419 
454 -1.382340 -0.058908 
455 -1.221498 -0.219891 
456 -1.031026 -0.448845 
457 -1.270912 -0.144467 
458 -1.164823 -0.287314 
459 -1.105554 -0.332970 
460 -0.966170 -0.532374 
461 -0.991505 -0.518087 
462 -0.960289 -0.645051 
463 -0.984958 -0.514431 
464 -1.006289 -0.457369 
465 -1.085404 -0.360118 
466 -1.215195 -0.217937 
467 -1.403471 -0.095869 
468 -1.344516 -0.112037 
469 -1.327858 -0.159996 
470 -1.318636 -0.161380 
471 -1.167745 -0.348422 
472 -1.192852 -0.282647 
473 -1.150761 -0.310145 
474 -1.184672 -0.320590 
475 -1.237203 -0.246403 
476 -1.241890 -0.222360 
477 -1.160426 -0.303383 
478 -1.085391 -0.371457 
479 -1.087913 -0.379436 
480 -1.163690 -0.331464 
481 -1.114805 -0.348585 
482 -1.140085 -0.314236 
483 -1.131811 -0.336523 
484 -1.210201 -0.194899 
485 -1.002007 -0.586289 
486 -1.050520 -0.469200 
487 -0.943504 -0.668544 
488 -0.910879 -0.678721 
489 -0.882416 -0.755572 
490 -0.848358 -0.759443 
491 -0.866139 -0.868036 
492 -0.839436 -0.850692 
493 -0.798693 -0.924852 
494 -0.814304 -0.916334 
495 -0.814055 -1.044738 
496 -0.780542 -1.009708 
497 -0.783314 -1.013345 
498 -0.827575 -1.077554 
499 -0.811304 -1.101900 
500 -0.806534 -1.018997 
501 -0.792645 -0.976223 
502 -0.831763 -0.970258 
503 -0.818577 -0.858854 
504 -0.834586 -0.858596 
505 -0.877290 -0.812238 
506 -0.941424 -0.606144 
507 -1.045644 -0.485568 
508 -1.025769 -0.431324 
509 -0.965049 -0.572435 
510 -0.905877 -0.673193 
511 -0.993717 -0.528178 
512 -1.022736 -0.526717 
513 -0.995798 -0.626166 
514 -0.962585 -0.541442 
515 -1.009739 -0.590798 
516 -1.055803 -0.467356 
517 -1.056807 -0.355351 
518 -1.136075 -0.320010 
519 -1.071174 -0.402969 
520 -1.107580 -0.363984 
521 -1.133874 -0.353942 
522 -1.373197 -0.037085 
523 -1.677014 0.134891 
524 -1.521012 0.032577 
525 -1.481088 -0.016003 
526 -1.570268 0.083476 
527 -1.366107 -0.098223 
528 -1.358451 -0.092585 
529 -1.792617 0.224999 
530 -1.954530 0.301479 
531 -1.601103 0.107697 
532 -1.682998 0.157510 
533 -2.091745 0.398820 
534 -1.828298 0.234591 
535 -1.940879 0.322494 
536 -2.216743 0.482836 
537 -2.067391 0.368091 
538 -2.524600 0.584270 
539 -2.355051 0.533315 
540 -2.235054 0.442160 
541 -2.172824 0.461890 
542 -2.233130 0.460147 
543 -1.793905 0.206140 
544 -2.471270 0.602883 
545 -2.298145 0.528816 
546 -2.134900 0.434315 
547 -1.340196 -0.072037 
548 -1.324462 -0.100417 
549 -1.243473 -0.213639 
550 -1.123216 -0.304096 
551 -1.179812 -0.269402 
552 -1.187515 -0.269691 
553 -1.212609 -0.268667 
554 -1.311199 -0.174637 
555 -1.294392 -0.138328 
556 -1.191573 -0.262990 
557 -1.111599 -0.343346 
558 -1.031597 -0.449496 
559 -0.984461 -0.498192 
560 -1.050859 -0.446992 
561 -1.086790 -0.482526 
562 -1.112693 -0.308867 
563 -1.373389 -0.103707 
564 -1.563941 0.084638 
565 -1.833506 0.285636 
566 -1.590377 0.095852 
567 -1.317946 -0.130330 
568 -1.574152 0.094644 
569 -1.612596 0.097148 
570 -1.977972 0.359168 
571 -1.991717 0.365088 
572 -1.976065 0.334129 
573 -2.292421 0.497369 
574 -2.143300 0.462406 
575 -2.089714 0.395153 
576 -2.214036 0.448483 
577 -1.624731 0.112220 
578 -1.414862 -0.022473 
579 -1.391037 -0.035921 
580 -1.535718 0.016364 
581 -1.554152 0.058124 
582 -1.607060 0.128705 
583 -1.489400 0.000150 
584 -1.422718 -0.025681 
585 -1.563884 0.064009 
586 -1.775263 0.190977 
587 -1.734501 0.189700 
588 -1.418513 -0.033706 
589 -1.132092 -0.300008 
590 -1.050998 -0.521737 
591 -1.057258 -0.402561 
