1310 2
1 -2.968186 -1.788224 
2 -2.700100 -1.644938 
3 -2.393793 -1.502685 
4 -2.144362 -1.369105 
5 -1.995482 -1.311131 
6 -1.966483 -1.303062 
7 -2.076905 -1.315970 
8 -1.324458 -1.110792 
9 -1.288417 -1.119162 
10 -1.430795 -1.144969 
11 -1.719658 -1.213124 
12 -1.658253 -1.192009 
13 -1.630239 -1.200760 
14 -1.898554 -1.262745 
15 -1.868292 -1.235379 
16 -1.857993 -1.281833 
17 -1.863314 -1.258986 
18 -1.900541 -1.278730 
19 -1.602684 -1.171256 
20 -1.458493 -1.153674 
21 -1.372128 -1.145727 
22 -0.786288 -1.124657 
23 -0.501386 -1.129640 
24 -0.279170 -1.176150 
25 -0.142290 -1.205945 
26 -0.376131 -1.161520 
27 -0.623615 -1.127878 
28 -0.232058 -1.185296 
29 -0.208767 -1.196056 
30 -0.182101 -1.209654 
31 -0.066429 -1.254274 
32 -0.096857 -1.244859 
33 -0.319715 -1.205212 
34 -0.490069 -1.174676 
35 -0.018647 -1.266364 
36 -0.149925 -1.209456 
37 0.077056 -1.284800 
38 0.094845 -1.282247 
39 0.200640 -1.320207 
40 0.147664 -1.302348 
41 0.118343 -1.289848 
42 0.597537 -1.446936 
43 0.468353 -1.392362 
44 0.498468 -1.394503 
45 0.128410 -1.294252 
46 -0.078253 -1.233962 
47 -0.081920 -1.216366 
48 -0.052281 -1.229338 
49 -0.201179 -1.208445 
50 -0.284524 -1.190585 
51 -0.240325 -1.205298 
52 -0.353846 -1.175848 
53 -0.463470 -1.183466 
54 -0.556056 -1.168603 
55 -0.566453 -1.175329 
56 -0.635757 -1.158071 
57 -0.344360 -1.192091 
58 -0.168616 -1.223845 
59 -0.057315 -1.236840 
60 -0.376593 -1.198102 
61 -0.150317 -1.233281 
62 -0.284050 -1.204338 
63 -0.474435 -1.149505 
64 -0.506877 -1.149610 
65 -0.522068 -1.156540 
66 -1.177656 -1.135321 
67 -1.609556 -1.210092 
68 -1.707272 -1.207776 
69 -1.406935 -1.137377 
70 -1.502106 -1.142586 
71 -1.135677 -1.129700 
72 -0.981067 -1.111760 
73 -0.839238 -1.139573 
74 -0.422289 -1.156251 
75 -0.205962 -1.203181 
76 -0.174883 -1.211521 
77 0.045256 -1.261011 
78 -0.345871 -1.173470 
79 0.005587 -1.244222 
80 -0.079023 -1.227064 
81 -0.304771 -1.175265 
82 -0.693904 -1.119711 
83 -0.511872 -1.162972 
84 0.235896 -1.334016 
85 0.743744 -1.570571 
86 1.005582 -1.707063 
87 1.258340 -1.869369 
88 1.052533 -1.726761 
89 0.950518 -1.666524 
90 0.920036 -1.589664 
91 0.766008 -1.539568 
92 0.553566 -1.465901 
93 0.576754 -1.467181 
94 0.286889 -1.331588 
95 -0.002490 -1.262968 
96 -0.044455 -1.260693 
97 -1.763874 -1.284631 
98 -1.346592 -1.216979 
99 -1.227383 -1.183103 
100 -1.082413 -1.164274 
101 -0.794932 -1.168489 
102 -0.754778 -1.176446 
103 -0.926426 -1.144697 
104 -1.036753 -1.145000 
105 -0.863445 -1.149686 
106 -0.611419 -1.171696 
107 -0.627440 -1.160192 
108 -0.985525 -1.135268 
109 -0.762878 -1.145418 
110 -0.328178 -1.196310 
111 -0.069551 -1.255050 
112 -0.147105 -1.238705 
113 -0.285684 -1.217223 
114 -0.194406 -1.242530 
115 -0.694063 -1.144828 
116 -0.560415 -1.160881 
117 -0.934436 -1.141614 
118 -1.386725 -1.166013 
119 -1.296506 -1.122771 
120 -1.554519 -1.175332 
121 -1.542908 -1.164906 
122 -1.481428 -1.160765 
123 -1.546580 -1.175951 
124 -1.489121 -1.126355 
125 -1.508659 -1.168607 
126 -1.218369 -1.155042 
127 -0.925862 -1.137681 
128 -1.305271 -1.149056 
129 -1.358938 -1.152045 
130 -0.614394 -1.140370 
131 0.035430 -1.266308 
132 -0.140361 -1.228694 
133 -0.314976 -1.184608 
134 -0.154316 -1.233540 
135 -0.200575 -1.205398 
136 -0.159552 -1.223471 
137 -0.122290 -1.231857 
138 -0.283907 -1.201238 
139 0.068110 -1.286833 
140 0.087339 -1.288769 
141 -0.203647 -1.227203 
142 0.107321 -1.288977 
143 -0.082857 -1.249456 
144 -0.329694 -1.211089 
145 -0.239833 -1.198117 
146 -0.635697 -1.139661 
147 -0.476032 -1.167546 
148 -0.266979 -1.207606 
149 -0.370119 -1.179039 
150 -0.376328 -1.176607 
151 -0.083808 -1.236777 
152 -0.037671 -1.242844 
153 -0.599075 -1.150295 
154 -0.611887 -1.157946 
155 -0.464808 -1.175573 
156 -0.348983 -1.204960 
157 -0.362848 -1.188797 
158 -0.119078 -1.230607 
159 0.012321 -1.256807 
160 0.050254 -1.284703 
161 -0.199391 -1.219746 
162 -0.116253 -1.233313 
163 -0.276538 -1.202589 
164 -0.257210 -1.220369 
165 -0.402649 -1.177337 
166 0.084064 -1.266788 
167 -0.178639 -1.206977 
168 -0.330618 -1.191794 
169 0.035643 -1.252689 
170 -0.204022 -1.215394 
171 -0.245967 -1.210140 
172 -0.167334 -1.227517 
173 -0.323176 -1.206000 
174 -0.319531 -1.181502 
175 -0.304348 -1.211063 
176 -0.335243 -1.211229 
177 -0.284497 -1.223259 
178 -0.154828 -1.240223 
179 0.278795 -1.362519 
180 0.316942 -1.345402 
181 0.197710 -1.324220 
182 0.484598 -1.412880 
183 0.724559 -1.506724 
184 0.757078 -1.535382 
185 0.643736 -1.467980 
186 0.642079 -1.460149 
187 0.843520 -1.586382 
188 0.842543 -1.547688 
189 0.613091 -1.454403 
190 0.899247 -1.581206 
191 0.795149 -1.533084 
192 0.715606 -1.497564 
193 0.906830 -1.627069 
194 0.989066 -1.651302 
195 1.008803 -1.672334 
196 0.862278 -1.561882 
197 0.912746 -1.612486 
198 0.848328 -1.542477 
199 0.879744 -1.593617 
200 1.129578 -1.752162 
201 1.109766 -1.734560 
202 1.102636 -1.714912 
203 1.085001 -1.713719 
204 1.097027 -1.717975 
205 1.013509 -1.672356 
206 0.785911 -1.552878 
207 0.746102 -1.552112 
208 0.713563 -1.527586 
209 0.494205 -1.416305 
210 0.663823 -1.471206 
211 0.559840 -1.440868 
212 0.812268 -1.563771 
213 0.622120 -1.461335 
214 0.794652 -1.564780 
215 0.866018 -1.607913 
216 0.811992 -1.582040 
217 0.783619 -1.575271 
218 0.886529 -1.603492 
219 0.763438 -1.534752 
220 0.319361 -1.374408 
221 0.525702 -1.448490 
222 0.552173 -1.458833 
223 0.497746 -1.435088 
224 0.316116 -1.364353 
225 0.433452 -1.400725 
226 0.402812 -1.404342 
227 0.242671 -1.340714 
228 0.238918 -1.353213 
229 0.140974 -1.315992 
230 0.420383 -1.400233 
231 0.514703 -1.440497 
232 0.461992 -1.416127 
233 0.272989 -1.336103 
234 -0.171136 -1.233789 
235 -0.059746 -1.253538 
236 0.031404 -1.283119 
237 -0.184613 -1.234206 
238 -0.161871 -1.234404 
239 -0.108928 -1.247266 
240 -0.064791 -1.260641 
241 0.080199 -1.300270 
242 -0.075556 -1.262807 
243 -0.047638 -1.263372 
244 0.088844 -1.308025 
245 -0.066970 -1.257839 
246 -0.207925 -1.228853 
247 0.120757 -1.315015 
248 -0.115193 -1.250437 
249 -0.086831 -1.261220 
250 -0.167053 -1.232235 
251 -0.590664 -1.149058 
252 -0.509906 -1.153754 
253 -0.344349 -1.174374 
254 -0.385999 -1.182488 
255 -0.562718 -1.163076 
256 -0.405103 -1.186616 
257 -0.295605 -1.209415 
258 -0.158266 -1.243427 
259 -0.272494 -1.223186 
260 -0.076582 -1.267485 
261 -0.213454 -1.225779 
262 -0.365332 -1.194985 
263 -0.945444 -1.146033 
264 -1.016447 -1.125031 
265 -0.802395 -1.140139 
266 -0.861760 -1.128265 
267 -1.045442 -1.121552 
268 -1.019615 -1.124370 
269 -1.132724 -1.139489 
270 -0.937051 -1.114308 
271 -0.623666 -1.134621 
272 -0.548970 -1.150606 
273 -0.641108 -1.156711 
274 -0.630521 -1.151598 
275 -0.620501 -1.157498 
276 -0.792467 -1.133290 
277 -0.499345 -1.173383 
278 -0.554766 -1.156277 
279 -0.771198 -1.138446 
280 -0.924214 -1.129766 
281 -1.078985 -1.146139 
282 -0.992817 -1.159449 
283 -0.909954 -1.137232 
284 -0.674707 -1.138834 
285 -0.873651 -1.120172 
286 -0.719512 -1.131342 
287 -0.910379 -1.132003 
288 -0.796473 -1.128693 
289 -0.589432 -1.157726 
290 -0.846324 -1.148139 
291 -0.746971 -1.161708 
292 -0.846739 -1.161664 
293 -0.584116 -1.164727 
294 -0.728317 -1.146786 
295 -0.804527 -1.131427 
296 -0.746251 -1.161868 
297 -0.545631 -1.161783 
298 -0.236906 -1.191365 
299 -0.171053 -1.219466 
300 -0.106761 -1.236942 
301 -0.151144 -1.222906 
302 -0.095625 -1.231169 
303 -0.170833 -1.219450 
304 -0.168574 -1.225188 
305 -0.408625 -1.168836 
306 -0.422407 -1.164844 
307 -0.529338 -1.162211 
308 -0.597766 -1.140816 
309 -0.522930 -1.144960 
310 -0.662874 -1.140790 
311 -0.365845 -1.188500 
312 -0.471709 -1.153147 
313 -1.091178 -1.136762 
314 -1.116216 -1.130880 
315 -1.022564 -1.127042 
316 -0.758464 -1.125309 
317 -0.936484 -1.110624 
318 -0.831126 -1.119285 
319 -0.384142 -1.177820 
320 -0.150917 -1.211761 
321 -0.038876 -1.245455 
322 -0.271217 -1.190403 
323 -0.343327 -1.186075 
324 -0.576196 -1.157860 
325 -0.516985 -1.155101 
326 -0.520353 -1.163732 
327 -0.502028 -1.172608 
328 -0.417125 -1.185289 
329 -0.477472 -1.176660 
330 -0.433492 -1.186340 
331 -0.485349 -1.173493 
332 -0.420968 -1.199155 
333 -0.342405 -1.191687 
334 -0.391141 -1.190611 
335 -0.518725 -1.164540 
336 -0.505185 -1.177687 
337 -0.439923 -1.187126 
338 -0.548641 -1.171498 
339 -0.525613 -1.160300 
340 -0.412010 -1.193181 
341 -0.083595 -1.240280 
342 -0.138074 -1.234887 
343 0.060806 -1.278425 
344 0.139224 -1.316375 
345 0.132853 -1.299553 
346 0.544511 -1.429288 
347 0.478202 -1.407357 
348 0.709662 -1.504984 
349 -0.474705 -1.178398 
379 0.745059 -1.591784 
380 0.724208 -1.580539 
381 0.716021 -1.551218 
382 0.552912 -1.460646 
383 0.663601 -1.533912 
384 0.834050 -1.629012 
385 0.718663 -1.571224 
386 0.810421 -1.612803 
387 0.583574 -1.507761 
388 0.554145 -1.470098 
389 0.458999 -1.424954 
390 0.495934 -1.441172 
391 0.183150 -1.337549 
392 0.175579 -1.337314 
393 0.268023 -1.365809 
394 0.511359 -1.446790 
395 0.520450 -1.460241 
396 0.494776 -1.448310 
397 0.475772 -1.453198 
398 0.037744 -1.290470 
399 0.403356 -1.405598 
400 0.277763 -1.374752 
401 0.109602 -1.301467 
402 0.070633 -1.312806 
403 -0.231185 -1.233382 
404 -0.228937 -1.239929 
405 -0.059428 -1.281834 
406 -0.233347 -1.231954 
407 -0.315655 -1.208188 
408 -0.230991 -1.237836 
409 -0.204630 -1.248021 
410 -0.181296 -1.238960 
411 -0.259204 -1.212558 
412 -0.604299 -1.155337 
413 -0.508257 -1.178590 
414 -0.726892 -1.152550 
415 -0.904922 -1.150415 
416 -0.878583 -1.154400 
417 -1.008007 -1.146338 
418 -0.904316 -1.156197 
419 -0.614296 -1.165306 
420 -0.586324 -1.175128 
421 -0.788667 -1.148257 
422 -0.922316 -1.143014 
423 -0.968560 -1.137093 
424 -0.864389 -1.150149 
425 -0.979897 -1.119862 
426 -1.270428 -1.158256 
427 -1.119436 -1.154460 
428 -1.384043 -1.171322 
429 -1.083582 -1.152316 
430 -0.924329 -1.138478 
431 -0.690345 -1.142832 
432 -0.695656 -1.154932 
433 -0.624601 -1.156791 
434 -0.718388 -1.156165 
435 -0.862483 -1.146084 
436 -0.602987 -1.161304 
437 -0.857542 -1.147368 
438 -0.779189 -1.152092 
439 -1.100341 -1.142007 
440 -1.114830 -1.163194 
441 -1.305792 -1.148698 
442 -1.170527 -1.152280 
443 -1.162074 -1.167881 
444 -1.315379 -1.151738 
445 -1.359291 -1.146010 
446 -1.366630 -1.153282 
447 -1.337052 -1.148917 
448 -1.038788 -1.130223 
449 -1.178442 -1.126621 
450 -1.260921 -1.122947 
451 -1.093786 -1.125482 
452 -1.134702 -1.136801 
453 -1.174679 -1.128328 
454 -1.113100 -1.128592 
455 -1.066531 -1.140640 
456 -1.019236 -1.153945 
457 -0.760653 -1.142118 
458 -0.766451 -1.150645 
459 -0.891935 -1.142191 
460 -1.016417 -1.139995 
461 -1.129438 -1.136289 
462 -1.078785 -1.148205 
463 -0.730763 -1.139814 
464 -0.840093 -1.155680 
465 -0.993461 -1.118102 
466 -0.762137 -1.134470 
467 -0.903914 -1.141437 
468 -0.750430 -1.143314 
469 -0.658315 -1.142521 
470 -0.668440 -1.142866 
471 -0.677290 -1.148239 
472 -0.617382 -1.141824 
473 -0.820524 -1.142945 
474 -1.002135 -1.140519 
475 -1.058584 -1.153392 
476 -0.806217 -1.143786 
477 -0.977096 -1.156276 
478 -0.863895 -1.149469 
479 -0.698502 -1.152923 
480 -0.825426 -1.151067 
481 -1.024941 -1.157676 
482 -0.854768 -1.151891 
483 -0.639439 -1.153153 
484 -0.845922 -1.141256 
485 -0.582338 -1.159028 
486 -0.463998 -1.175947 
487 -0.981154 -1.150380 
488 -1.086321 -1.149596 
489 -0.928586 -1.135423 
490 -0.772282 -1.133114 
491 -0.925307 -1.125781 
492 -1.067240 -1.132848 
493 -1.076716 -1.129406 
494 -1.231366 -1.126346 
495 -1.474138 -1.159882 
496 -1.751482 -1.208043 
497 -1.755946 -1.199877 
498 -1.931097 -1.262605 
499 -1.969001 -1.279102 
500 -2.174125 -1.353568 
501 -1.813748 -1.244727 
502 -1.902850 -1.236463 
503 -1.731861 -1.231750 
504 -1.570544 -1.146333 
505 -1.759368 -1.211128 
506 -1.784832 -1.174144 
507 -1.493309 -1.134133 
508 -1.556804 -1.161547 
509 -1.406494 -1.162929 
510 -1.473490 -1.116881 
511 -1.278573 -1.089928 
512 -1.474376 -1.141798 
513 -1.549691 -1.160997 
514 -1.487673 -1.153741 
515 -1.504301 -1.152594 
516 -1.335438 -1.120305 
517 -1.546575 -1.163960 
518 -1.477669 -1.149614 
519 -0.647096 -1.161049 
520 -0.729875 -1.144123 
521 -0.466721 -1.168685 
522 -0.583207 -1.157027 
523 -0.653363 -1.151385 
524 -0.891014 -1.133271 
525 -1.357774 -1.148825 
526 -1.264121 -1.099255 
527 -1.205414 -1.122530 
528 -0.913301 -1.126609 
529 -0.732170 -1.134884 
530 -0.889608 -1.132533 
531 -0.978508 -1.149826 
532 -1.127554 -1.123303 
533 -1.234334 -1.136543 
534 -1.080685 -1.128403 
535 -1.701137 -1.207509 
536 -1.625216 -1.169579 
537 -1.746194 -1.209086 
538 -1.712963 -1.197547 
539 -1.452394 -1.136893 
540 -1.433061 -1.148371 
541 -1.052278 -1.129375 
542 -1.057969 -1.128065 
543 -0.886971 -1.133071 
544 -0.894582 -1.116304 
545 -1.271814 -1.149408 
546 -1.179520 -1.126818 
547 -0.931385 -1.115746 
548 -1.091765 -1.115890 
549 -1.233277 -1.149817 
550 -0.999483 -1.129823 
551 -0.623899 -1.170095 
552 -0.541678 -1.173175 
553 -0.784566 -1.166632 
554 -0.651958 -1.166084 
555 -0.404703 -1.187960 
556 -0.690443 -1.158203 
557 -0.630492 -1.154335 
558 -0.704703 -1.143176 
559 -0.649647 -1.167967 
560 -0.781280 -1.144427 
561 -1.070265 -1.141084 
562 -1.060786 -1.144091 
563 -0.731077 -1.144783 
564 -0.930706 -1.129101 
565 -1.338569 -1.164140 
566 -1.741975 -1.226726 
567 -1.690189 -1.206683 
568 -1.476521 -1.155995 
569 -1.521578 -1.146285 
570 -1.288303 -1.146389 
571 -1.415706 -1.134184 
572 -0.853187 -1.145027 
573 -0.761159 -1.150818 
574 -0.843654 -1.144531 
575 -0.895456 -1.139294 
576 -0.712519 -1.162519 
577 -0.443747 -1.178286 
578 0.036629 -1.285811 
579 -0.191372 -1.215063 
580 -0.112384 -1.229162 
581 -0.350855 -1.172327 
582 -0.431792 -1.174839 
583 -0.343075 -1.191331 
584 -0.350417 -1.198589 
585 -0.609822 -1.166026 
586 -0.610151 -1.165509 
587 -0.648937 -1.141064 
588 -0.643128 -1.154652 
589 -0.739393 -1.146418 
590 -0.683368 -1.167121 
591 -0.546099 -1.165633 
592 -0.509814 -1.173922 
593 -0.669616 -1.153011 
594 -0.816737 -1.138641 
595 -0.761836 -1.153215 
596 -0.417800 -1.190625 
597 -0.489027 -1.159612 
598 -0.425701 -1.184262 
599 -0.230664 -1.218691 
600 -0.641425 -1.151074 
601 -0.542273 -1.170907 
602 -0.599167 -1.152208 
603 -0.591572 -1.150800 
604 -0.654985 -1.161455 
605 -0.537917 -1.188694 
606 -0.596040 -1.177292 
607 -0.273750 -1.209872 
608 -0.354304 -1.204020 
609 -0.719505 -1.154258 
610 -0.521099 -1.167259 
611 -0.249020 -1.204385 
612 -0.332968 -1.190460 
613 -0.308235 -1.204366 
614 -0.088349 -1.262570 
615 -0.332040 -1.206783 
616 -0.073735 -1.266690 
617 -0.112089 -1.254785 
618 -0.371788 -1.197325 
619 -0.273555 -1.218354 
620 -0.527449 -1.179364 
621 -0.340272 -1.209644 
622 -0.449547 -1.198754 
623 -0.239032 -1.238119 
624 -0.081820 -1.262577 
625 -0.164552 -1.227842 
626 -0.282943 -1.214238 
627 -0.391649 -1.194735 
628 -0.377635 -1.187553 
629 -0.566994 -1.160346 
630 -0.839213 -1.146774 
631 -0.866538 -1.138045 
632 -0.799911 -1.135854 
633 -0.330157 -1.198291 
634 -0.490468 -1.174424 
635 -0.318550 -1.210465 
636 0.050741 -1.275941 
637 -0.276866 -1.212648 
638 -0.349755 -1.207001 
639 -0.324845 -1.210857 
640 0.329497 -1.382676 
641 0.525347 -1.476465 
642 0.313252 -1.386277 
643 0.014645 -1.290224 
644 0.102033 -1.318082 
645 -0.025152 -1.284137 
646 -0.025446 -1.285943 
647 -0.011581 -1.287551 
648 0.089996 -1.321492 
649 0.141345 -1.310030 
650 0.286211 -1.363102 
651 0.343270 -1.381218 
652 0.204617 -1.323097 
653 -0.082327 -1.244945 
654 0.015794 -1.272666 
655 0.017389 -1.266195 
656 0.240518 -1.332950 
657 0.158373 -1.306526 
658 0.346737 -1.377803 
659 0.121884 -1.292596 
660 0.196714 -1.313734 
661 0.307878 -1.356189 
662 0.190056 -1.334322 
663 0.445463 -1.409405 
664 0.738355 -1.540694 
665 0.647071 -1.493010 
666 0.412681 -1.378317 
667 0.342595 -1.379657 
668 0.120670 -1.299122 
669 -0.048371 -1.250892 
670 0.349012 -1.376183 
671 0.175263 -1.330325 
672 0.091266 -1.286324 
673 0.131466 -1.306581 
674 0.022308 -1.291333 
675 0.066064 -1.298694 
676 -0.127120 -1.256011 
677 -0.316206 -1.202152 
678 -0.648415 -1.157182 
679 -0.242906 -1.215783 
680 -0.382102 -1.188366 
681 -0.610190 -1.155552 
682 -0.812332 -1.148642 
683 -0.727496 -1.157005 
684 -0.725994 -1.151104 
685 -0.729188 -1.147302 
686 -0.644006 -1.149847 
687 -0.607913 -1.160338 
688 -0.286974 -1.201265 
689 -0.055955 -1.244418 
690 -0.179593 -1.223356 
691 -0.031664 -1.254070 
692 -0.207977 -1.224363 
693 -0.419933 -1.179630 
694 -0.754394 -1.139474 
695 -0.628571 -1.151836 
696 -0.431433 -1.170710 
697 -0.450554 -1.165967 
698 -0.643774 -1.157343 
699 -0.545242 -1.166425 
700 -0.368847 -1.191947 
701 -0.583026 -1.158582 
702 -0.312991 -1.205469 
703 -0.145975 -1.238742 
704 -0.184601 -1.223804 
705 -0.289120 -1.210538 
706 -0.087722 -1.252064 
707 0.035994 -1.265925 
708 -0.037890 -1.252800 
709 -0.244143 -1.207936 
710 -0.066643 -1.252823 
711 0.253574 -1.346035 
712 0.283409 -1.343464 
713 0.196888 -1.342044 
714 0.261346 -1.352562 
715 0.386037 -1.392852 
716 0.509941 -1.456091 
717 0.377068 -1.389700 
718 0.474554 -1.440890 
719 0.353540 -1.393016 
720 0.306730 -1.368256 
721 0.071342 -1.306608 
722 0.301625 -1.375836 
723 0.043585 -1.284536 
724 0.077562 -1.290421 
725 0.099731 -1.297719 
726 0.099963 -1.307480 
727 0.076793 -1.284481 
728 -0.169633 -1.235820 
729 0.044399 -1.277287 
730 0.068489 -1.287437 
731 0.190605 -1.323443 
732 0.050586 -1.286722 
733 -0.016226 -1.270949 
734 0.026744 -1.282013 
735 -0.077626 -1.261529 
736 -0.299062 -1.213268 
737 -0.204537 -1.226057 
738 -0.085152 -1.253353 
739 -0.324041 -1.204119 
740 -0.335946 -1.194729 
741 -0.157035 -1.226876 
742 -0.338263 -1.196399 
743 -0.394988 -1.203693 
744 -0.340325 -1.212005 
745 -0.251259 -1.231813 
746 -0.075991 -1.275860 
747 -0.126708 -1.266095 
748 -0.041605 -1.279186 
749 0.039896 -1.303124 
750 0.309794 -1.378107 
751 0.237638 -1.337049 
752 0.151398 -1.338404 
753 0.216301 -1.334802 
754 0.299560 -1.358689 
755 0.297107 -1.358757 
756 0.205042 -1.348584 
757 0.252212 -1.348373 
758 0.271804 -1.369924 
759 0.325621 -1.371972 
760 0.263728 -1.345823 
761 0.082948 -1.294095 
762 0.015742 -1.284736 
763 -0.013732 -1.286915 
764 0.190148 -1.339643 
765 0.228996 -1.332329 
766 0.342740 -1.382279 
767 0.147737 -1.308087 
768 0.126511 -1.307161 
769 0.278264 -1.355152 
770 0.302993 -1.365828 
771 0.428126 -1.412085 
772 0.288300 -1.352183 
773 0.272331 -1.343507 
774 0.064546 -1.295925 
775 -0.223333 -1.225852 
776 -0.347464 -1.206434 
777 -0.039258 -1.283038 
778 -0.321303 -1.208436 
779 -0.260182 -1.235454 
780 -0.403627 -1.204694 
781 0.008039 -1.271204 
782 -0.146517 -1.238563 
783 0.091410 -1.313299 
784 -0.242368 -1.229798 
785 -0.061765 -1.257768 
786 -0.392642 -1.196661 
787 -0.580090 -1.173584 
788 -0.361727 -1.205201 
789 -0.337478 -1.204761 
790 -0.425589 -1.197027 
791 -0.536288 -1.170701 
792 -0.329067 -1.219978 
793 -0.543886 -1.177065 
794 -0.554625 -1.180679 
795 -0.577731 -1.166753 
796 -0.478185 -1.169412 
797 -0.343040 -1.200020 
798 -0.519707 -1.185586 
799 -0.731584 -1.168209 
800 -0.842396 -1.143987 
801 -0.649390 -1.163512 
802 -0.632556 -1.164751 
803 -0.634870 -1.157953 
804 -0.737956 -1.143881 
805 -0.281933 -1.202346 
806 -0.298986 -1.194589 
807 -0.657132 -1.145964 
808 -0.556481 -1.160423 
809 -0.347647 -1.200417 
810 -0.644052 -1.162786 
811 -0.575581 -1.171342 
812 -0.679015 -1.164622 
813 -0.688842 -1.154004 
814 -0.345769 -1.198416 
815 -0.273213 -1.219779 
816 0.005310 -1.287666 
817 -0.003826 -1.274865 
818 0.026310 -1.267377 
819 0.364505 -1.370851 
820 0.331600 -1.363716 
821 0.472578 -1.398163 
822 0.884427 -1.615717 
823 0.846998 -1.607673 
824 0.915051 -1.636799 
825 0.926567 -1.630579 
826 0.697101 -1.513635 
827 0.537952 -1.448874 
828 0.526604 -1.432318 
829 0.273011 -1.336823 
830 0.464548 -1.405722 
831 0.460491 -1.392520 
832 0.561902 -1.440404 
833 0.415313 -1.369480 
834 0.567746 -1.451486 
835 0.599449 -1.468300 
836 0.499287 -1.401260 
837 0.508054 -1.414537 
838 0.554396 -1.409780 
839 0.885772 -1.591504 
840 0.641528 -1.483435 
841 0.728747 -1.527701 
842 0.846838 -1.556224 
843 0.760420 -1.539035 
844 0.425169 -1.397452 
845 0.554122 -1.431900 
846 0.752584 -1.510828 
847 0.767466 -1.555900 
848 0.682668 -1.494059 
849 0.430527 -1.394524 
850 0.458741 -1.402934 
851 0.622363 -1.452954 
852 0.329444 -1.362288 
853 0.124123 -1.307727 
854 0.158048 -1.306388 
855 0.168991 -1.312212 
856 0.145911 -1.292405 
857 0.296940 -1.357839 
858 0.538061 -1.439738 
859 0.552184 -1.427790 
860 0.675320 -1.499611 
861 0.705932 -1.504976 
862 0.647829 -1.481701 
863 0.831498 -1.562959 
864 0.670867 -1.512150 
865 0.464503 -1.422020 
866 0.155715 -1.308724 
867 0.095853 -1.301428 
868 0.156143 -1.322857 
869 0.145773 -1.316609 
870 0.044265 -1.293729 
871 -0.136775 -1.236331 
872 -0.000840 -1.260842 
873 0.221389 -1.318952 
874 0.379722 -1.379735 
875 0.297271 -1.347302 
876 0.446991 -1.401713 
877 0.631641 -1.474471 
878 0.567139 -1.460939 
879 0.713039 -1.502456 
880 0.712741 -1.505415 
881 0.392122 -1.375169 
882 0.575898 -1.442747 
883 0.627322 -1.456450 
884 0.308558 -1.346513 
885 0.172613 -1.318337 
886 0.160539 -1.323535 
887 0.156337 -1.325258 
888 0.133058 -1.314917 
889 0.259651 -1.339965 
890 0.466857 -1.409640 
891 0.387797 -1.393928 
892 0.167224 -1.320177 
893 0.031071 -1.272604 
894 0.084836 -1.282268 
895 0.084006 -1.278419 
896 0.326215 -1.358311 
897 0.207312 -1.322275 
898 0.160047 -1.309905 
899 0.312208 -1.341125 
900 0.051182 -1.290000 
901 -0.364904 -1.208338 
902 -0.381592 -1.200679 
903 -0.459646 -1.202973 
904 -0.298476 -1.219674 
905 -0.106055 -1.262393 
906 -0.003435 -1.278894 
907 0.042096 -1.292328 
908 0.086801 -1.306490 
909 0.038466 -1.289673 
910 -0.027089 -1.268204 
911 0.177769 -1.316703 
912 0.204386 -1.334050 
913 0.047302 -1.298280 
914 0.477220 -1.440442 
915 0.664373 -1.527066 
916 0.525506 -1.439166 
917 0.480454 -1.440335 
918 0.356283 -1.386223 
919 0.327914 -1.376254 
920 0.308408 -1.374985 
921 0.165175 -1.321245 
922 -0.046562 -1.263859 
923 0.121586 -1.317902 
924 -0.003997 -1.277846 
925 -0.049561 -1.258856 
926 0.109592 -1.290614 
927 0.050272 -1.276589 
928 -0.033492 -1.256736 
929 -0.221359 -1.221427 
930 -0.174202 -1.223314 
931 -0.150851 -1.245962 
932 -0.143667 -1.240171 
933 -0.735793 -1.157393 
934 -0.569922 -1.173504 
935 -0.402899 -1.193623 
936 -0.386377 -1.201015 
937 -0.593332 -1.179845 
938 -0.589838 -1.168664 
939 -0.532626 -1.177508 
940 -0.583969 -1.164546 
941 -0.124541 -1.251055 
942 -0.323033 -1.214945 
943 -0.269130 -1.224255 
944 -0.384575 -1.179885 
945 -0.512737 -1.167108 
946 -0.585445 -1.147455 
947 -0.368239 -1.193511 
948 -0.829210 -1.139758 
949 -0.703595 -1.162062 
950 -0.901885 -1.147457 
951 -0.666480 -1.169502 
952 -0.731414 -1.157340 
953 -0.811056 -1.153212 
954 -0.408460 -1.193770 
955 -0.463007 -1.171335 
956 -0.852122 -1.138346 
957 -0.542130 -1.162032 
958 -0.601359 -1.145269 
959 -0.626912 -1.148577 
960 -0.431253 -1.186625 
961 -0.295529 -1.203420 
962 -0.140249 -1.242399 
963 -0.072961 -1.242110 
964 -0.104641 -1.230992 
965 -0.271133 -1.205941 
966 -0.378361 -1.201179 
967 -0.550147 -1.161615 
968 -0.743150 -1.130311 
969 -0.647800 -1.124569 
970 -0.304356 -1.206361 
971 0.401882 -1.385423 
972 0.435097 -1.402227 
973 0.198664 -1.332055 
974 0.318785 -1.359432 
975 0.214037 -1.322082 
976 0.233259 -1.331077 
977 0.322869 -1.361438 
978 0.410748 -1.395694 
979 0.381850 -1.391806 
980 0.478004 -1.406041 
981 0.651053 -1.477434 
982 0.630802 -1.493953 
983 0.803118 -1.568008 
984 0.508769 -1.420835 
985 0.308114 -1.349772 
986 0.397590 -1.380966 
987 0.452433 -1.404967 
988 0.492159 -1.441304 
989 0.395544 -1.386866 
990 -0.033376 -1.262687 
991 -0.013841 -1.267717 
992 0.353294 -1.371434 
993 0.627504 -1.470486 
994 0.491707 -1.422989 
995 0.588666 -1.460565 
996 0.640623 -1.472752 
997 0.476712 -1.405295 
998 0.813473 -1.557246 
999 0.820329 -1.552013 
1000 0.850604 -1.601309 
1001 0.628187 -1.478214 
1002 0.590179 -1.457041 
1003 0.718516 -1.520492 
1004 0.772043 -1.519722 
1005 0.925573 -1.611114 
1006 0.742461 -1.535175 
1007 0.729494 -1.527039 
1008 0.644007 -1.474683 
1009 0.767103 -1.538146 
1010 0.529444 -1.432224 
1011 0.666462 -1.490350 
1012 0.670664 -1.472852 
1013 0.467503 -1.412196 
1014 0.742140 -1.512945 
1015 0.623721 -1.475485 
1016 0.794781 -1.558656 
1017 0.629940 -1.442871 
1018 0.836183 -1.581817 
1019 0.454920 -1.408699 
1020 0.678105 -1.493358 
1021 0.802824 -1.572097 
1022 0.779729 -1.569320 
1023 0.675329 -1.513293 
1024 0.746313 -1.512804 
1025 0.679309 -1.501961 
1026 0.841628 -1.565930 
1027 1.040109 -1.695679 
1028 0.956887 -1.678517 
1029 0.831580 -1.578964 
1030 0.984255 -1.663797 
1031 0.901669 -1.609245 
1032 0.880737 -1.581803 
1033 0.749387 -1.543516 
1034 1.012179 -1.665233 
1035 0.709522 -1.504487 
1036 0.723777 -1.527831 
1037 1.073830 -1.716983 
1038 0.929732 -1.630657 
1039 0.901711 -1.638994 
1040 0.943650 -1.648760 
1041 0.630632 -1.491503 
1042 0.501438 -1.425045 
1043 0.294482 -1.369250 
1044 0.007609 -1.285409 
1045 -0.389827 -1.207229 
1046 -0.339290 -1.206059 
1047 -0.156780 -1.247203 
1048 -0.286457 -1.220302 
1049 -0.264193 -1.231758 
1050 -0.317960 -1.219692 
1051 -0.522627 -1.180334 
1052 -0.264386 -1.220998 
1053 -0.039337 -1.259467 
1054 -0.278601 -1.240843 
1055 -0.244926 -1.236426 
1056 -0.201059 -1.229912 
1057 -0.311517 -1.211459 
1058 -0.134495 -1.251763 
1059 -0.081598 -1.247411 
1060 -0.040982 -1.260591 
1061 -0.122988 -1.248884 
1062 -0.123504 -1.242593 
1063 0.208429 -1.327172 
1064 0.221414 -1.342881 
1065 -0.044584 -1.265015 
1066 -0.058648 -1.264663 
1067 0.136612 -1.321466 
1068 0.008480 -1.267992 
1069 0.135633 -1.313149 
1070 0.283201 -1.356207 
1071 0.153191 -1.299027 
1072 0.107724 -1.291846 
1073 0.023413 -1.272013 
1074 -0.018346 -1.258660 
1075 -0.000131 -1.273679 
1076 0.243372 -1.349258 
1077 0.178630 -1.323460 
1078 0.254519 -1.351822 
1079 0.085552 -1.299416 
1080 0.044564 -1.289662 
1081 0.362053 -1.375479 
1082 0.266758 -1.360797 
1083 0.148506 -1.314778 
1084 0.029110 -1.270213 
1085 0.122498 -1.306801 
1086 -0.068207 -1.239831 
1087 0.339952 -1.365295 
1088 0.139820 -1.306886 
1089 0.115376 -1.287539 
1090 -0.275035 -1.190369 
1091 -0.278150 -1.189855 
1092 0.017220 -1.262141 
1093 0.008617 -1.260320 
1094 -0.031198 -1.247880 
1095 -0.312782 -1.197891 
1096 -0.179385 -1.221690 
1097 -0.216260 -1.211793 
1098 0.136853 -1.311279 
1099 0.001908 -1.269311 
1100 -0.357084 -1.193983 
1101 -0.489769 -1.163745 
1102 -0.443431 -1.193667 
1103 -0.432257 -1.174644 
1104 -0.873975 -1.115718 
1105 -1.407572 -1.152698 
1106 -1.168246 -1.107165 
1107 -1.168804 -1.127553 
1108 -1.565023 -1.167169 
1109 -1.550518 -1.178932 
1110 -2.069845 -1.317032 
1111 -1.889124 -1.291253 
1112 -1.646466 -1.183433 
1113 -1.249644 -1.117268 
1114 -0.562675 -1.123625 
1115 -0.325086 -1.193125 
1116 -0.165820 -1.234952 
1117 -0.274592 -1.209502 
1118 -0.659429 -1.145744 
1119 -0.944097 -1.126383 
1120 -1.032323 -1.115268 
1121 -0.894108 -1.123914 
1122 -0.669340 -1.135576 
1123 -0.412628 -1.179146 
1124 -0.221176 -1.212432 
1125 -0.046558 -1.265334 
1126 -0.078343 -1.246603 
1127 -0.100859 -1.234824 
1128 -0.115813 -1.237453 
1129 -0.075574 -1.240394 
1130 0.113845 -1.298584 
1131 0.258630 -1.334473 
1132 0.205990 -1.327258 
1133 -0.118936 -1.231823 
1134 -0.258655 -1.206117 
1135 -0.357118 -1.191372 
1136 -0.168303 -1.226238 
1137 -0.242896 -1.221662 
1138 0.228085 -1.330740 
1139 0.101955 -1.301401 
1140 -0.161004 -1.229192 
1141 -0.168593 -1.228322 
1142 -0.024790 -1.262403 
1143 0.052497 -1.293533 
1144 -0.132550 -1.248761 
1145 0.079249 -1.289842 
1146 -0.170885 -1.230540 
1147 0.183188 -1.314378 
1148 -0.000712 -1.276220 
1149 -0.054613 -1.268892 
1150 0.121468 -1.299921 
1151 0.167524 -1.315084 
1152 0.035082 -1.281480 
1153 0.013012 -1.266548 
1154 0.018647 -1.290729 
1155 0.122300 -1.315628 
1156 0.000710 -1.281621 
1157 0.280106 -1.362945 
1158 0.294516 -1.365023 
1159 0.208605 -1.345609 
1160 0.130182 -1.314511 
1161 0.117562 -1.306660 
1162 0.339982 -1.367296 
1163 -0.018132 -1.257952 
1164 -0.110752 -1.250166 
1165 -0.131619 -1.239802 
1166 -0.140252 -1.236663 
1167 -0.390508 -1.190306 
1168 -0.188094 -1.221236 
1169 -0.328500 -1.205063 
1170 -0.123388 -1.243695 
1171 -0.166351 -1.235296 
1172 -0.302782 -1.204480 
1173 -0.335190 -1.211485 
1174 -0.412824 -1.196546 
1175 -0.404170 -1.193600 
1176 -0.429637 -1.192398 
1177 0.126982 -1.296238 
1178 0.349873 -1.362168 
1179 0.253978 -1.328592 
1180 0.411887 -1.422300 
1181 0.531214 -1.451688 
1182 0.507340 -1.415943 
1183 0.251246 -1.338058 
1184 0.094360 -1.280873 
1185 0.141592 -1.301703 
1186 -0.373334 -1.182751 
1187 -0.707267 -1.167392 
1188 -0.926301 -1.158829 
1189 -0.233692 -1.219557 
1190 0.302484 -1.343030 
1191 0.330970 -1.352279 
1192 0.300744 -1.343352 
1193 0.490543 -1.410121 
1194 0.367121 -1.369902 
1195 0.236206 -1.330055 
1196 0.112408 -1.309132 
1197 0.134407 -1.299822 
1198 0.082833 -1.274782 
1199 0.371412 -1.364563 
1200 0.288376 -1.316220 
1201 0.177713 -1.296723 
1202 -0.442575 -1.160228 
1203 -0.246013 -1.206769 
1204 -0.442236 -1.167651 
1205 -0.460306 -1.183970 
1206 -0.545159 -1.162623 
1207 -1.161594 -1.137202 
1208 -1.309703 -1.128919 
1209 -1.548118 -1.148158 
1210 -1.717989 -1.212814 
1211 -1.851275 -1.204912 
1212 -1.848496 -1.233340 
1213 -1.988059 -1.267216 
1214 -1.916471 -1.222581 
1215 -1.883219 -1.224362 
1216 -2.018538 -1.294618 
1217 -1.733484 -1.193795 
1218 -1.589438 -1.152145 
1219 -1.793533 -1.190782 
1220 -1.825720 -1.244207 
1221 -1.627840 -1.220112 
1222 -1.816677 -1.208828 
1223 -1.522165 -1.144270 
1224 -1.387935 -1.124332 
1225 -1.359677 -1.107195 
1226 -0.852853 -1.086541 
1227 -0.898561 -1.076943 
1228 -1.524465 -1.140965 
1229 -1.532390 -1.179557 
1230 -1.328413 -1.140998 
1231 -1.511480 -1.152067 
1232 -1.091347 -1.109146 
1233 -1.345557 -1.128633 
1234 -1.294306 -1.143668 
1235 -1.209735 -1.144213 
1236 -1.134454 -1.129279 
1237 -1.229678 -1.143330 
1238 -0.837319 -1.145339 
1239 -0.900533 -1.146981 
1240 -0.972762 -1.147124 
1241 -1.094256 -1.143694 
1242 -0.936603 -1.144472 
1243 -0.447645 -1.178582 
1244 -0.302976 -1.199492 
1245 -0.289358 -1.209374 
1246 -0.453631 -1.177164 
1247 -0.462733 -1.191829 
1248 -0.429765 -1.186499 
1249 -0.670391 -1.163874 
1250 -0.952687 -1.147491 
1251 -1.017290 -1.164407 
1252 -1.016505 -1.157369 
1253 -0.770513 -1.135949 
1254 -0.565563 -1.154727 
1255 -0.238200 -1.192815 
1256 -0.398600 -1.168250 
1257 -0.010958 -1.257835 
1258 0.168657 -1.310898 
1259 0.437849 -1.397035 
1260 0.404378 -1.389124 
1261 0.302486 -1.337547 
1262 0.292413 -1.342548 
1263 0.573933 -1.425176 
1264 0.539446 -1.463386 
1265 0.551531 -1.445325 
1266 0.356288 -1.354851 
1267 0.126756 -1.294112 
1268 0.709154 -1.499113 
1269 0.338503 -1.356379 
1270 0.529737 -1.441047 
1271 0.425191 -1.385525 
1272 0.493442 -1.418193 
1273 0.269036 -1.352665 
1274 0.313904 -1.360994 
1275 0.361965 -1.357970 
1276 0.619982 -1.479058 
1277 0.542479 -1.440053 
1278 0.680045 -1.498660 
1279 0.620764 -1.463478 
1280 0.381444 -1.372236 
1281 0.408439 -1.375767 
1282 0.357340 -1.352044 
1283 0.720656 -1.514513 
1284 0.957582 -1.606353 
1285 1.005760 -1.667745 
1286 0.999717 -1.652448 
1287 1.013463 -1.670900 
1288 1.018536 -1.670215 
1289 0.942589 -1.608973 
1290 0.930614 -1.613424 
1291 0.731662 -1.493638 
1292 0.745098 -1.502374 
1293 0.683104 -1.493276 
1294 0.715663 -1.522993 
1295 0.712680 -1.484133 
1296 0.432180 -1.376848 
1297 0.556446 -1.453628 
1298 0.823115 -1.572191 
1299 0.778935 -1.542582 
1300 0.533411 -1.441250 
1301 0.719412 -1.521772 
1302 0.544792 -1.442762 
1303 0.840294 -1.566201 
1304 0.851118 -1.570025 
1305 0.482428 -1.408523 
1306 0.532542 -1.436716 
1307 0.592541 -1.454469 
1308 0.333460 -1.353612 
1309 0.328201 -1.353368 
1310 0.408709 -1.382398 
1311 0.058595 -1.282582 
1312 0.235712 -1.355541 
1313 0.124224 -1.305746 
1314 0.189049 -1.326416 
1315 -0.047087 -1.265121 
1316 0.083316 -1.308877 
1317 -0.117166 -1.242674 
1318 0.145434 -1.317060 
1319 0.150089 -1.317441 
1320 0.165867 -1.308698 
1321 0.051557 -1.287943 
1322 -0.100410 -1.253469 
1323 -0.400065 -1.173849 
1324 -0.277506 -1.188654 
1325 -0.453563 -1.165567 
1326 -0.590667 -1.156809 
1327 -0.660251 -1.129101 
1328 -2.401234 -1.500777 
1329 -1.640335 -1.222220 
1330 -1.463356 -1.157904 
1331 -1.494252 -1.174519 
1332 -1.332359 -1.138092 
1333 -1.296040 -1.141520 
1334 -0.633984 -1.135434 
1335 -0.242006 -1.163941 
1336 2.756581 -3.712949 
1337 2.518297 -3.353941 
1338 2.251076 -3.010713 
1339 1.840806 -2.412756 
