2381 2
1 -1.279714 -0.198538 
2 -1.227741 -0.469649 
3 -1.206478 -0.329597 
4 -1.204712 -0.325565 
5 -1.234203 -0.161424 
6 -1.212194 -0.225051 
7 -1.236238 -0.253475 
8 -1.212098 -0.173144 
9 -1.182720 -0.244409 
10 -1.173162 -0.291324 
11 -1.188064 -0.357268 
12 -1.219669 -0.231816 
13 -1.173556 -0.521908 
14 -1.196062 -0.560030 
15 -1.230873 -0.315236 
16 -1.185741 -0.278317 
17 -1.178559 -0.291670 
18 -1.202430 -0.239585 
19 -1.183444 -0.421829 
20 -1.241278 -0.215024 
21 -1.174644 -0.610259 
22 -1.133800 -0.486790 
23 -1.137153 -0.621366 
24 -1.143697 -0.692439 
25 -1.134058 -0.700604 
26 -1.154630 -0.618491 
27 -1.201329 -0.361210 
28 -1.143529 -0.470064 
29 -1.166481 -0.537430 
30 -1.185408 -0.278329 
31 -1.157859 -0.618728 
32 -1.124998 -0.666115 
33 -1.180537 -0.377597 
34 -1.180151 -0.531393 
35 -1.160328 -0.540390 
36 -1.172774 -0.606921 
37 -1.129050 -0.637280 
38 -1.180484 -0.432059 
39 -1.126616 -0.556584 
40 -1.203285 -0.181852 
41 -1.209509 -0.194270 
42 -1.160732 -0.223539 
43 -1.166562 -0.277280 
44 -1.133664 -0.519605 
45 -1.130341 -0.527733 
46 -1.200525 -0.366541 
47 -1.174782 -0.642602 
48 -1.156431 -0.707140 
49 -1.230120 -0.401061 
50 -1.147016 -0.614970 
51 -1.139968 -1.049367 
52 -1.174531 -0.814843 
53 -1.176260 -0.808029 
54 -1.164265 -0.709743 
55 -1.174028 -0.629324 
56 -1.213676 -0.276929 
57 -1.198251 -0.307940 
58 -1.138560 -0.597796 
59 -1.119615 -0.515569 
60 -1.179811 -0.522672 
61 -1.144505 -0.621584 
62 -1.204545 -0.406858 
63 -1.188859 -0.361769 
64 -1.155054 -0.722916 
65 -1.152496 -0.344517 
66 -1.173573 -0.601745 
67 -1.159281 -0.662384 
68 -1.237062 -0.208945 
69 -1.167474 -0.519563 
70 -1.222676 -0.253312 
71 -1.168140 -0.578841 
72 -1.164803 -0.600893 
73 -1.247736 -0.174266 
74 -1.165466 -0.285795 
75 -1.153418 -0.508759 
76 -1.201715 -0.257704 
77 -1.211542 -0.087243 
78 -1.259472 -0.014048 
79 -1.236175 -0.064100 
80 -1.195677 -0.322932 
81 -1.190386 -0.387238 
82 -1.229403 -0.248072 
83 -1.193932 -0.380468 
84 -1.254633 -0.128785 
85 -1.155203 -0.458657 
86 -1.207304 -0.159236 
87 -1.219264 -0.049540 
88 -1.150436 -0.432697 
89 -1.166144 -0.254588 
90 -1.175635 -0.257698 
91 -1.240476 -0.149125 
92 -1.172662 -0.471384 
93 -1.208492 -0.243827 
94 -1.189439 -0.527384 
95 -1.188810 -0.441133 
96 -1.153557 -0.418522 
97 -1.183371 -0.620746 
98 -1.185950 -0.429738 
99 -1.214193 -0.430279 
100 -1.197484 -0.377546 
101 -1.219709 -0.358866 
102 -1.213424 -0.234195 
103 -1.246886 -0.129118 
104 -1.279644 0.053986 
105 -1.260353 -0.080112 
106 -1.183987 -0.488143 
107 -1.212987 -0.103305 
108 -1.220750 -0.274700 
109 -1.201407 -0.302910 
110 -1.164282 -0.353908 
111 -1.126286 -0.210404 
112 -1.192909 -0.301020 
113 -1.186561 -0.205310 
114 -1.172334 -0.402441 
115 -1.189116 -0.311121 
116 -1.213147 -0.115464 
117 -1.265482 -0.157712 
118 -1.272867 -0.160629 
119 -1.176202 -0.385722 
120 -1.250890 -0.166521 
121 -1.165316 -0.430472 
122 -1.223823 -0.191413 
123 -1.211285 -0.224105 
124 -1.223704 -0.100639 
125 -1.226201 -0.343097 
126 -1.156558 -0.605600 
127 -1.150665 -0.558784 
128 -1.204779 -0.306257 
129 -1.217534 -0.258713 
130 -1.157093 -0.526140 
131 -1.161515 -0.266350 
132 -1.170099 -0.297111 
133 -1.185531 -0.524315 
134 -1.174521 -0.239522 
135 -1.231596 -0.197875 
136 -1.207728 -0.251494 
137 -1.235671 -0.020147 
138 -1.245523 -0.120495 
139 -1.186854 -0.202365 
140 -1.183690 -0.202448 
141 -1.120731 -0.525264 
142 -1.133136 -0.476341 
143 -1.174555 -0.434326 
144 -1.245248 -0.116272 
145 -1.154143 -0.368821 
146 -1.148855 -0.484003 
147 -1.186808 -0.440925 
148 -1.151759 -0.401351 
149 -1.219729 -0.113844 
150 -1.176531 -0.336306 
151 -1.178037 -0.496185 
152 -1.151731 -0.320870 
153 -1.202188 -0.174145 
154 -1.173626 -0.504336 
155 -1.205572 -0.286668 
156 -1.229409 -0.150834 
157 -1.208166 -0.369894 
158 -1.181844 -0.401928 
159 -1.183016 -0.432648 
160 -1.186184 -0.461356 
161 -1.239515 -0.131170 
162 -1.163857 -0.392318 
163 -1.205258 -0.316171 
164 -1.215850 -0.270983 
165 -1.194730 -0.445623 
166 -1.159457 -0.421048 
167 -1.237367 -0.084333 
168 -1.238119 -0.078761 
169 -1.143651 -0.326255 
170 -1.241004 -0.086255 
171 -1.231034 -0.282525 
172 -1.160679 -0.611822 
173 -1.218071 -0.380547 
174 -1.279769 -0.042640 
175 -1.248387 -0.108502 
176 -1.197860 -0.567183 
177 -1.191676 -0.582001 
178 -1.188320 -0.570871 
179 -1.211258 -0.200787 
180 -1.168027 -0.507199 
181 -1.174992 -0.347651 
182 -1.185124 -0.114571 
183 -1.151053 -0.432144 
184 -1.150213 -0.469956 
185 -1.181813 -0.348199 
186 -1.181377 -0.480696 
187 -1.221499 -0.086831 
188 -1.164876 -0.347011 
189 -1.228921 -0.224036 
190 -1.146922 -0.346899 
191 -1.201060 -0.266210 
192 -1.215128 -0.045749 
193 -1.177650 -0.301223 
194 -1.153097 -0.392229 
195 -1.197078 -0.420493 
196 -1.188020 -0.257864 
197 -1.154119 -0.370680 
198 -1.160589 -0.417246 
199 -1.177832 -0.565507 
200 -1.172219 -0.296802 
201 -1.150525 -0.556961 
202 -1.227707 -0.133691 
203 -1.180251 -0.351481 
204 -1.161823 -0.249691 
205 -1.217061 -0.224320 
206 -1.167431 -0.459755 
207 -1.203196 -0.180459 
208 -1.128275 -0.551391 
209 -1.183654 -0.238763 
210 -1.170661 -0.306805 
211 -1.128123 -0.535487 
212 -1.129508 -0.415170 
213 -1.218270 -0.199358 
214 -1.179221 -0.265893 
215 -1.157976 -0.309043 
216 -1.137606 -0.504186 
217 -1.152210 -0.203547 
218 -1.165341 -0.309674 
219 -1.188992 -0.111645 
220 -1.176358 -0.463419 
221 -1.110535 -0.625920 
222 -1.173488 -0.324584 
223 -1.224677 -0.354437 
224 -1.257502 -0.013844 
225 -1.165047 -0.551592 
226 -1.222371 -0.216971 
227 -1.173962 -0.377274 
228 -1.234798 -0.155511 
229 -1.214771 -0.311177 
230 -1.133244 -0.621017 
231 -1.178807 -0.425727 
232 -1.221319 -0.166489 
233 -1.210678 -0.275977 
234 -1.159946 -0.508231 
235 -1.221032 -0.199194 
236 -1.151092 -0.410239 
237 -1.173998 -0.619567 
238 -1.155612 -0.454262 
239 -1.163463 -0.576050 
240 -1.155438 -0.411071 
241 -1.117233 -0.664680 
242 -1.158855 -0.574213 
243 -1.196900 -0.173891 
244 -1.183496 -0.443703 
245 -1.199715 -0.318561 
246 -1.261791 -0.115359 
247 -1.150443 -0.484160 
248 -1.193165 -0.676031 
249 -1.204841 -0.325336 
250 -1.229920 -0.365269 
251 -1.218142 -0.458185 
252 -1.215134 -0.418234 
253 -1.165620 -0.491020 
254 -1.221426 -0.410767 
255 -1.179113 -0.489014 
256 -1.139597 -0.373170 
257 -1.225789 -0.255558 
258 -1.208535 -0.155730 
259 -1.221510 -0.399810 
260 -1.147555 -0.508986 
261 -1.174955 -0.375080 
262 -1.179632 -0.361992 
263 -1.213875 -0.527046 
264 -1.225382 -0.471694 
265 -1.191591 -0.241700 
266 -1.138141 -0.651822 
267 -1.240250 -0.433474 
268 -1.182632 -0.449164 
269 -1.177199 -0.544500 
270 -1.181778 -0.331338 
271 -1.151475 -0.587172 
272 -1.164622 -0.489212 
273 -1.202610 -0.490706 
274 -1.205323 -0.304688 
275 -1.177588 -0.293598 
276 -1.222839 -0.163679 
277 -1.218836 -0.158315 
278 -1.206627 -0.232880 
279 -1.192047 -0.490225 
280 -1.200888 -0.422377 
281 -1.257818 -0.120905 
282 -1.194987 -0.574529 
283 -1.190213 -0.505026 
284 -1.174924 -0.632645 
285 -1.205768 -0.585936 
286 -1.227565 -0.242741 
287 -1.185587 -0.580279 
288 -1.186877 -0.498123 
289 -1.232280 -0.299844 
290 -1.213211 -0.318264 
291 -1.180186 -0.437713 
292 -1.265629 -0.069144 
293 -1.180056 -0.389850 
294 -1.178176 -0.348612 
295 -1.206020 -0.485940 
296 -1.195566 -0.411050 
297 -1.228273 -0.291798 
298 -1.213114 -0.313074 
299 -1.164321 -0.159447 
300 -1.135060 -0.445901 
301 -1.184495 -0.165514 
302 -1.106528 -0.484884 
303 -1.211550 -0.115435 
304 -1.156386 -0.448252 
305 -1.280500 -0.061853 
306 -1.172786 -0.378365 
307 -1.259802 -0.049007 
308 -1.194593 -0.494256 
309 -1.192128 -0.168010 
310 -1.188292 -0.504626 
311 -1.141393 -0.369003 
312 -1.175884 -0.393500 
313 -1.152127 -0.557274 
314 -1.168192 -0.410398 
315 -1.163130 -0.393971 
316 -1.163902 -0.472487 
317 -1.224479 -0.206018 
318 -1.252315 -0.022711 
319 -1.236171 -0.005014 
320 -1.187685 -0.084834 
321 -1.219866 -0.082343 
322 -1.169075 -0.395091 
323 -1.189551 -0.095052 
324 -1.165912 -0.210221 
325 -1.220122 -0.069834 
326 -1.149498 -0.420225 
327 -1.140989 -0.428863 
328 -1.200288 -0.221832 
329 -1.161270 -0.404224 
330 -1.220758 -0.166053 
331 -1.258439 -0.179647 
332 -1.260991 -0.052068 
333 -1.232072 -0.104276 
334 -1.194852 -0.353635 
335 -1.194610 -0.202953 
336 -1.141711 -0.442714 
337 -1.216918 -0.218881 
338 -1.233156 -0.013574 
339 -1.214854 -0.302159 
340 -1.232978 -0.025670 
341 -1.132032 -0.270573 
342 -1.250351 -0.097691 
343 -1.173348 -0.358566 
344 -1.154398 -0.183755 
345 -1.200860 -0.243339 
346 -1.159461 -0.357390 
347 -1.154725 -0.493014 
348 -1.153134 -0.542716 
349 -1.241198 -0.211943 
350 -1.192847 -0.257307 
351 -1.217963 -0.324741 
352 -1.202177 -0.361706 
353 -1.187047 -0.562008 
354 -1.182368 -0.343301 
355 -1.215375 -0.174565 
356 -1.259812 -0.030225 
357 -1.215922 -0.309330 
358 -1.253392 -0.143784 
359 -1.192849 -0.128141 
360 -1.180234 -0.494130 
361 -1.186020 -0.614012 
362 -1.196780 -0.385822 
363 -1.243528 -0.126818 
364 -1.189198 -0.401729 
365 -1.207938 -0.198114 
366 -1.196268 -0.337363 
367 -1.205407 -0.368600 
368 -1.150489 -0.441401 
369 -1.181936 -0.387385 
370 -1.144473 -0.479497 
371 -1.199427 -0.198755 
372 -1.176577 -0.413834 
373 -1.132869 -0.585409 
374 -1.234945 -0.140613 
375 -1.192403 -0.515982 
376 -1.176462 -0.410030 
377 -1.121199 -0.629723 
378 -1.163079 -0.473738 
379 -1.137296 -0.622315 
380 -1.118621 -0.611866 
381 -1.092507 -0.668128 
382 -1.177552 -0.406470 
383 -1.240400 -0.124753 
384 -1.185519 -0.441068 
385 -1.232971 -0.353439 
386 -1.221164 -0.477639 
387 -1.202580 -0.479345 
388 -1.239908 -0.439287 
389 -1.206156 -0.433916 
390 -1.189404 -0.372116 
391 -1.204732 -0.360204 
392 -1.225399 -0.093388 
393 -1.234170 -0.267166 
394 -1.275019 -0.027961 
395 -1.253936 -0.009120 
396 -1.263377 -0.117554 
397 -1.265320 -0.225877 
398 -1.150823 -0.514144 
399 -1.170286 -0.381084 
400 -1.239304 -0.154481 
401 -1.187013 -0.413417 
402 -1.218100 -0.031017 
403 -1.227408 -0.057367 
404 -1.205702 -0.198397 
405 -1.242148 -0.026894 
406 -1.234182 -0.087901 
407 -1.220338 -0.053272 
408 -1.230049 -0.118526 
409 -1.160029 -0.538530 
410 -1.183506 -0.421609 
411 -1.213459 -0.464039 
412 -1.225525 -0.418986 
413 -1.156271 -0.449627 
414 -1.193938 -0.490176 
415 -1.236014 -0.402621 
416 -1.206069 -0.573426 
417 -1.191478 -0.649781 
418 -1.174932 -0.599806 
419 -1.170039 -0.703230 
420 -1.206642 -0.650415 
421 -1.220728 -0.370585 
422 -1.165886 -0.567061 
423 -1.175777 -0.613435 
424 -1.147390 -0.578403 
425 -1.166923 -0.370882 
426 -1.194589 -0.263399 
427 -1.224270 -0.454046 
428 -1.193255 -0.378681 
429 -1.178704 -0.361481 
430 -1.172798 -0.280519 
431 -1.188104 -0.242669 
432 -1.161372 -0.443837 
433 -1.210583 -0.518985 
434 -1.188449 -0.170769 
435 -1.149693 -0.552608 
436 -1.236781 -0.219669 
437 -1.202896 -0.114211 
438 -1.240121 -0.259421 
439 -1.195154 -0.500015 
440 -1.218169 -0.356301 
441 -1.158514 -0.562875 
442 -1.198368 -0.188165 
443 -1.210400 -0.207397 
444 -1.178790 -0.537239 
445 -1.264380 -0.219869 
446 -1.228787 -0.236255 
447 -1.124145 -0.633910 
448 -1.195396 -0.317223 
449 -1.181092 -0.511623 
450 -1.197813 -0.311170 
451 -1.164436 -0.522859 
452 -1.205432 -0.516124 
453 -1.174917 -0.665389 
454 -1.155801 -0.590275 
455 -1.199481 -0.396717 
456 -1.193530 -0.260724 
457 -1.183143 -0.431224 
458 -1.224304 -0.447271 
459 -1.167335 -0.553702 
460 -1.185695 -0.343873 
461 -1.185445 -0.190898 
462 -1.149026 -0.504770 
463 -1.166924 -0.544331 
464 -1.155080 -0.479367 
465 -1.157855 -0.559370 
466 -1.193591 -0.334371 
467 -1.142415 -0.571062 
468 -1.164868 -0.561705 
469 -1.202226 -0.313652 
470 -1.180113 -0.538053 
471 -1.196656 -0.547419 
472 -1.162553 -0.477659 
473 -1.193434 -0.537525 
474 -1.177020 -0.446532 
475 -1.126336 -0.628752 
476 -1.199704 -0.172252 
477 -1.233633 -0.262354 
478 -1.186108 -0.483155 
479 -1.163272 -0.237681 
480 -1.176674 -0.324935 
481 -1.197869 -0.444750 
482 -1.190693 -0.360657 
483 -1.267015 -0.088854 
484 -1.203680 -0.622017 
485 -1.149666 -0.511518 
486 -1.122152 -0.461116 
487 -1.132696 -0.639366 
488 -1.179872 -0.464326 
489 -1.214000 -0.112854 
490 -1.190378 -0.102688 
491 -1.212624 -0.244823 
492 -1.161339 -0.595874 
493 -1.193362 -0.182740 
494 -1.147425 -0.424842 
495 -1.135973 -0.533718 
496 -1.275324 -0.029630 
497 -1.284023 -0.105869 
498 -1.215418 -0.224804 
499 -1.210632 -0.281298 
500 -1.151407 -0.570845 
501 -1.228171 -0.229637 
502 -1.202564 -0.485218 
503 -1.202358 -0.512759 
504 -1.195541 -0.470118 
505 -1.211519 -0.144432 
506 -1.219906 -0.270722 
507 -1.185998 -0.306292 
508 -1.237167 -0.199532 
509 -1.208770 -0.228079 
510 -1.202265 -0.257604 
511 -1.165467 -0.479729 
512 -1.134647 -0.468703 
513 -1.176083 -0.458021 
514 -1.219127 -0.136552 
515 -1.180476 -0.280716 
516 -1.232402 -0.120952 
517 -1.249230 -0.003478 
518 -1.198543 -0.235025 
519 -1.229457 -0.167783 
520 -1.262315 -0.208802 
521 -1.241967 -0.224226 
522 -1.131584 -0.468760 
523 -1.187027 -0.458868 
524 -1.189902 -0.400819 
525 -1.188210 -0.371339 
526 -1.206476 -0.126588 
527 -1.184642 -0.467238 
528 -1.229012 -0.594680 
529 -1.204177 -0.488945 
530 -1.196836 -0.559571 
531 -1.208105 -0.508679 
532 -1.193093 -0.404240 
533 -1.205611 -0.390604 
534 -1.222902 -0.276969 
535 -1.191812 -0.356331 
536 -1.214956 -0.427026 
537 -1.223111 -0.314374 
538 -1.205003 -0.333501 
539 -1.223034 -0.185533 
540 -1.232079 -0.285694 
541 -1.195740 -0.360500 
542 -1.227153 -0.235423 
543 -1.160237 -0.349683 
544 -1.179717 -0.518288 
545 -1.191883 -0.281448 
546 -1.204518 -0.327258 
547 -1.183316 -0.287304 
548 -1.192404 -0.247057 
549 -1.183340 -0.316314 
550 -1.212670 -0.083061 
551 -1.109884 -0.419442 
552 -1.136647 -0.422955 
553 -1.180095 -0.271996 
554 -1.129191 -0.357988 
555 -1.230962 -0.002694 
556 -1.233847 -0.006639 
557 -1.210892 -0.252374 
558 -1.226788 -0.097087 
559 -1.174801 -0.170396 
560 -1.225582 -0.208748 
561 -1.199847 -0.388452 
562 -1.198667 -0.408570 
563 -1.238328 -0.109873 
564 -1.257179 -0.105971 
565 -1.191884 -0.412236 
566 -1.183264 -0.511940 
567 -1.154049 -0.464275 
568 -1.180590 -0.418602 
569 -1.200647 -0.233703 
570 -1.134245 -0.376300 
571 -1.223805 -0.303184 
572 -1.232023 -0.067545 
573 -1.248098 -0.101741 
574 -1.202039 -0.297393 
575 -1.178922 -0.505820 
576 -1.222129 -0.233151 
577 -1.230775 -0.277815 
578 -1.156116 -0.539515 
579 -1.168956 -0.501430 
580 -1.198217 -0.447067 
581 -1.215946 -0.161552 
582 -1.175802 -0.324548 
583 -1.183380 -0.324959 
584 -1.199857 -0.295780 
585 -1.136921 -0.517087 
586 -1.227224 -0.208588 
587 -1.196624 -0.312862 
588 -1.145502 -0.490492 
589 -1.260272 -0.118539 
590 -1.242206 -0.095697 
591 -1.244131 -0.199568 
592 -1.216620 -0.177135 
593 -1.178829 -0.391160 
594 -1.177332 -0.509920 
595 -1.211182 -0.353135 
596 -1.173320 -0.399277 
597 -1.213099 -0.209023 
598 -1.262345 -0.067296 
599 -1.196751 -0.321284 
600 -1.187337 -0.387712 
601 -1.284782 -0.034775 
602 -1.219373 -0.360622 
603 -1.206699 -0.424761 
604 -1.249795 -0.135813 
605 -1.285249 -0.031713 
606 -1.236174 -0.083068 
607 -1.207276 -0.274363 
608 -1.246122 -0.298921 
609 -1.231040 -0.261423 
610 -1.193589 -0.505186 
611 -1.193207 -0.302308 
612 -1.228520 -0.119432 
613 -1.171065 -0.271468 
614 -1.211448 -0.210862 
615 -1.150252 -0.566942 
616 -1.146408 -0.618649 
617 -1.211117 -0.212199 
618 -1.188307 -0.392835 
619 -1.144520 -0.525987 
620 -1.151027 -0.696652 
621 -1.125363 -0.716157 
622 -1.095375 -0.760943 
623 -1.140933 -0.699127 
624 -1.157158 -0.642022 
625 -1.180160 -0.227616 
626 -1.199751 -0.452549 
627 -1.125377 -0.597763 
628 -1.128694 -0.607588 
629 -1.166284 -0.458426 
630 -1.134091 -0.420878 
631 -1.169349 -0.130391 
632 -1.202854 -0.066733 
633 -1.177027 -0.348369 
634 -1.159283 -0.258670 
635 -1.118509 -0.352286 
636 -1.200154 -0.142297 
637 -1.173815 -0.319157 
638 -1.141588 -0.366060 
639 -1.180369 -0.392625 
640 -1.185212 -0.439240 
641 -1.124297 -0.555955 
642 -1.200552 -0.140165 
643 -1.132591 -0.542800 
644 -1.109493 -0.603177 
645 -1.125281 -0.336773 
646 -1.129231 -0.542749 
647 -1.131340 -0.399722 
648 -1.130149 -0.529470 
649 -1.181251 -0.429888 
650 -1.116071 -0.576184 
651 -1.158503 -0.286621 
652 -1.214949 -0.190692 
653 -1.219597 -0.218686 
654 -1.174755 -0.540854 
655 -1.214335 -0.416384 
656 -1.225308 -0.252741 
657 -1.237074 -0.107618 
658 -1.253843 -0.265194 
659 -1.175793 -0.217084 
660 -1.217539 -0.037300 
661 -1.169704 -0.143308 
662 -1.178856 -0.105567 
663 -1.161217 -0.337181 
664 -1.208348 -0.172375 
665 -1.275836 0.051797 
666 -1.254692 0.014459 
667 -1.189100 -0.191793 
668 -1.238471 -0.156302 
669 -1.193345 -0.468389 
670 -1.227071 -0.271551 
671 -1.155411 -0.378605 
672 -1.247289 -0.127718 
673 -1.207313 -0.372381 
674 -1.205037 -0.373019 
675 -1.222361 -0.251156 
676 -1.227180 -0.249803 
677 -1.135578 -0.425729 
678 -1.205389 -0.165837 
679 -1.129478 -0.561074 
680 -1.193684 -0.393224 
681 -1.204551 -0.190822 
682 -1.184116 -0.127610 
683 -1.143188 -0.413465 
684 -1.148480 -0.558466 
685 -1.125219 -0.617912 
686 -1.196185 -0.243570 
687 -1.135828 -0.396560 
688 -1.189697 -0.353111 
689 -1.177883 -0.340601 
690 -1.188314 -0.475721 
691 -1.214317 -0.232797 
692 -1.213041 -0.595140 
693 -1.174370 -0.338911 
694 -1.217920 -0.381418 
695 -1.230033 -0.340574 
696 -1.235457 -0.210842 
697 -1.214950 -0.286549 
698 -1.218924 -0.289550 
699 -1.221079 -0.346129 
700 -1.206273 -0.239375 
701 -1.200779 -0.200653 
702 -1.204187 -0.495604 
703 -1.208649 -0.500362 
704 -1.194890 -0.535264 
705 -1.261008 -0.115502 
706 -1.241682 -0.088569 
707 -1.232114 -0.494722 
708 -1.185788 -0.455818 
709 -1.164959 -0.578748 
710 -1.245351 -0.243414 
711 -1.247262 -0.072271 
712 -1.189961 -0.247520 
713 -1.176306 -0.418413 
714 -1.297399 -0.048212 
715 -1.258602 -0.054224 
716 -1.292671 0.061638 
717 -1.248477 -0.077311 
718 -1.190778 -0.366622 
719 -1.218606 -0.115587 
720 -1.178033 -0.416932 
721 -1.216678 -0.023923 
722 -1.162140 -0.199633 
723 -1.170440 -0.356352 
724 -1.198197 -0.181542 
725 -1.173536 -0.404523 
726 -1.191813 -0.233308 
727 -1.185308 -0.231486 
728 -1.186410 -0.399114 
729 -1.161463 -0.545430 
730 -1.149060 -0.398226 
731 -1.147131 -0.449522 
732 -1.209055 -0.328977 
733 -1.214048 -0.121942 
734 -1.170259 -0.473079 
735 -1.182163 -0.327572 
736 -1.141092 -0.486809 
737 -1.164392 -0.377416 
738 -1.242820 -0.140607 
739 -1.216978 -0.190864 
740 -1.180713 -0.348783 
741 -1.172505 -0.227134 
742 -1.145157 -0.458311 
743 -1.160998 -0.313106 
744 -1.225470 -0.036511 
745 -1.195691 -0.179529 
746 -1.246722 -0.002393 
747 -1.242247 -0.037598 
748 -1.188408 -0.214991 
749 -1.221040 -0.203790 
750 -1.187415 -0.494921 
751 -1.260409 -0.174850 
752 -1.197147 -0.493831 
753 -1.214782 -0.139559 
754 -1.112001 -0.474083 
755 -1.213245 -0.183868 
756 -1.158567 -0.575407 
757 -1.183536 -0.340441 
758 -1.174932 -0.119605 
759 -1.195053 -0.353731 
760 -1.129069 -0.533778 
761 -1.177766 -0.281443 
762 -1.195893 -0.244061 
763 -1.151515 -0.550901 
764 -1.169554 -0.397843 
765 -1.174258 -0.333382 
766 -1.203788 -0.380919 
767 -1.252924 -0.068166 
768 -1.208250 -0.080321 
769 -1.216890 -0.167599 
770 -1.166028 -0.376418 
771 -1.200844 -0.286174 
772 -1.163688 -0.563479 
773 -1.186463 -0.552133 
774 -1.226143 -0.254261 
775 -1.250091 -0.053186 
776 -1.136985 -0.564753 
777 -1.212438 -0.218250 
778 -1.198860 -0.367807 
779 -1.205364 -0.380445 
780 -1.186521 -0.462317 
781 -1.229641 -0.550540 
782 -1.223309 -0.436355 
783 -1.237256 -0.406309 
784 -1.247637 -0.418528 
785 -1.195735 -0.383885 
786 -1.216255 -0.139632 
787 -1.168993 -0.532602 
788 -1.225438 -0.287471 
789 -1.181006 -0.546705 
790 -1.177089 -0.511354 
791 -1.215572 -0.131760 
792 -1.214595 -0.540310 
793 -1.185289 -0.479849 
794 -1.163756 -0.548364 
795 -1.186045 -0.321008 
796 -1.192210 -0.176779 
797 -1.139721 -0.504626 
798 -1.214469 -0.256993 
799 -1.188029 -0.365109 
800 -1.208895 -0.405408 
801 -1.178838 -0.380873 
802 -1.159457 -0.580443 
803 -1.191783 -0.218959 
804 -1.194386 -0.330297 
805 -1.126269 -0.511579 
806 -1.135554 -0.278943 
807 -1.208982 -0.186200 
808 -1.192320 -0.038071 
809 -1.154196 -0.397402 
810 -1.138328 -0.218811 
811 -1.164154 -0.445497 
812 -1.182534 -0.132798 
813 -1.151613 -0.124883 
814 -1.200266 -0.151064 
815 -1.195061 -0.387180 
816 -1.188412 -0.478156 
817 -1.186686 -0.202666 
818 -1.183051 -0.291169 
819 -1.128271 -0.393225 
820 -1.235265 -0.213466 
821 -1.204173 -0.294166 
822 -1.219345 -0.086703 
823 -1.176171 -0.493182 
824 -1.210427 -0.282360 
825 -1.219965 -0.018743 
826 -1.223725 -0.195740 
827 -1.254308 -0.136484 
828 -1.150592 -0.462476 
829 -1.236746 -0.017752 
830 -1.141513 -0.496163 
831 -1.148946 -0.345476 
832 -1.201739 -0.197447 
833 -1.188884 -0.080849 
834 -1.162627 -0.259636 
835 -1.236670 -0.111610 
836 -1.188766 -0.196059 
837 -1.261888 -0.103291 
838 -1.223633 -0.321515 
839 -1.279859 -0.031684 
840 -1.239345 -0.136359 
841 -1.215702 -0.428457 
842 -1.205799 -0.404505 
843 -1.231618 -0.323846 
844 -1.165433 -0.447033 
845 -1.217153 -0.207414 
846 -1.248577 -0.123701 
847 -1.245737 -0.083889 
848 -1.187059 -0.247799 
849 -1.183099 -0.436852 
850 -1.216802 -0.295770 
851 -1.191456 -0.396709 
852 -1.182703 -0.483199 
853 -1.150938 -0.523620 
854 -1.194363 -0.189918 
855 -1.205366 -0.271058 
856 -1.261893 -0.040328 
857 -1.210969 -0.328511 
858 -1.292767 0.066755 
859 -1.257731 -0.021642 
860 -1.158014 -0.442839 
861 -1.206671 -0.263577 
862 -1.105150 -0.482435 
863 -1.200949 -0.196155 
864 -1.221399 -0.163731 
865 -1.267388 -0.025620 
866 -1.265634 0.119287 
867 -1.162949 -0.035191 
868 -1.187230 -0.043380 
869 -1.221534 -0.118681 
870 -1.177656 0.021854 
871 -1.118335 0.071284 
872 -1.612409 0.875097 
873 -1.868681 1.382930 
874 -1.736793 1.189756 
875 -1.984457 1.544057 
876 -1.834450 1.340863 
877 -2.105854 1.680188 
878 -2.038853 1.677327 
879 -2.050735 1.637158 
880 -2.085164 1.755686 
881 -2.285876 2.018101 
882 -2.248314 1.801332 
883 -2.345049 1.869307 
884 -3.219201 2.409245 
885 -2.993956 2.225732 
886 -2.396032 1.863729 
887 -2.272215 1.663889 
888 -2.344491 1.729133 
889 -1.963358 1.413385 
890 -2.004312 1.413990 
891 -1.773860 1.130977 
892 -1.496857 0.729899 
893 -1.364171 0.136975 
894 -1.437334 0.276245 
895 -1.442610 0.244330 
896 -1.438786 0.264957 
899 -1.379495 0.120600 
900 -1.482579 0.457498 
901 -1.450674 0.182818 
902 -1.405973 0.148191 
903 -1.389668 0.006359 
905 -1.596187 0.869003 
917 -1.684182 1.060018 
918 -1.991642 1.288927 
919 -1.774344 0.947361 
920 -1.476605 0.322755 
921 -1.464108 0.253700 
922 -1.470796 0.201582 
923 -1.266258 -0.584440 
924 -1.263029 -0.704257 
954 -1.477636 0.366519 
955 -1.530375 0.510127 
956 -1.518595 0.430800 
957 -1.618572 0.678230 
958 -1.509298 0.408390 
959 -1.458970 0.205914 
960 -1.547221 0.528461 
961 -1.492274 0.455944 
962 -1.365661 -0.103843 
963 -1.389465 0.082747 
964 -1.395827 0.113576 
965 -1.336403 -0.056705 
966 -1.358880 -0.161117 
967 -1.254905 -0.950972 
968 -1.247131 -0.778415 
969 -1.247634 -0.888472 
970 -1.307409 -0.512796 
971 -1.252385 -0.405633 
972 -1.356327 -0.079471 
973 -1.318276 -0.070976 
974 -1.300401 -0.202386 
975 -1.387190 -0.054563 
976 -1.275029 -0.304998 
977 -1.301725 -0.043232 
978 -1.344428 -0.087274 
979 -1.450630 0.200785 
981 -1.477628 0.389744 
982 -1.525414 0.460045 
983 -1.487716 0.121963 
984 -1.447420 -0.009589 
985 -1.442058 0.209873 
986 -1.361882 -0.095025 
987 -1.332299 -0.104247 
988 -1.420604 0.104006 
989 -1.418081 0.152650 
990 -1.396584 0.024129 
991 -1.453972 0.197617 
992 -1.484457 0.369705 
993 -1.355003 0.079997 
994 -1.402963 0.092351 
995 -1.442934 0.262017 
996 -1.402781 0.209116 
997 -1.429744 0.240171 
998 -1.389828 0.162767 
999 -1.374659 0.124446 
1000 -1.406119 0.215643 
1001 -1.373329 0.092509 
1002 -1.336872 -0.057062 
1003 -1.322084 0.039895 
1004 -1.326075 -0.037622 
1005 -1.376576 0.046786 
1006 -1.422425 0.288886 
1007 -1.404869 0.272910 
1008 -1.309156 0.088787 
1009 -1.390306 0.245581 
1010 -1.337082 -0.091870 
1011 -1.427598 0.242523 
1012 -1.400529 0.163641 
1013 -1.318020 -0.011200 
1014 -1.444572 0.319332 
1015 -1.367892 0.241609 
1016 -1.337239 0.106879 
1017 -1.346318 0.056207 
1018 -1.312311 -0.062480 
1019 -1.280138 -0.226517 
1020 -1.329174 0.032660 
1021 -1.286918 -0.036794 
1022 -1.276457 -0.184477 
1023 -1.318747 0.085392 
1024 -1.386811 0.250496 
1025 -1.330713 -0.000901 
1026 -1.303423 -0.158350 
1027 -1.346294 0.100251 
1028 -1.301466 -0.009061 
1029 -1.317316 0.118304 
1030 -1.344629 0.160437 
1031 -1.276274 -0.052007 
1032 -1.303264 0.005750 
1033 -1.333887 0.133660 
1034 -1.287972 -0.145976 
1035 -1.407467 0.308380 
1036 -1.322044 0.138414 
1037 -1.344464 0.225215 
1038 -1.284978 -0.160962 
1039 -1.297226 0.014804 
1040 -1.337729 0.054048 
1041 -1.354321 0.165626 
1042 -1.268209 -0.052241 
1043 -1.280284 -0.120439 
1044 -1.300691 -0.177965 
1045 -1.275457 -0.185716 
1046 -1.296882 -0.101835 
1047 -1.393791 0.182389 
1048 -1.356569 0.127562 
1049 -1.322771 0.030170 
1050 -1.372842 0.121954 
1051 -1.408888 0.288021 
1052 -1.268470 -0.187067 
1053 -1.349881 0.076225 
1054 -1.368541 0.227514 
1055 -1.355610 0.125791 
1056 -1.262669 -0.140092 
1057 -1.352052 0.136796 
1058 -1.324798 0.024314 
1059 -1.290220 -0.001660 
1060 -1.395842 0.178278 
1061 -1.415333 0.173129 
1062 -1.358459 0.022604 
1063 -1.330803 -0.032069 
1064 -1.366286 0.064512 
1065 -1.406593 0.343889 
1066 -1.411734 0.161182 
1067 -1.365038 0.039175 
1068 -1.313049 0.072952 
1069 -1.289803 -0.050909 
1070 -1.375462 0.216568 
1071 -1.413589 0.266473 
1072 -1.468034 0.003216 
1073 -1.372729 -0.061683 
1074 -1.370784 0.104139 
1075 -1.420256 0.306574 
1076 -1.411004 0.212423 
1077 -1.364307 0.044592 
1078 -1.308223 0.025589 
1079 -1.371905 0.143375 
1080 -1.316440 0.070649 
1081 -1.369553 0.094484 
1082 -1.321418 0.083383 
1083 -1.304389 -0.046019 
1084 -1.349705 0.226684 
1085 -1.332712 0.001090 
1086 -1.359685 0.181207 
1087 -1.375339 0.274790 
1088 -1.471917 0.402888 
1089 -1.398358 0.357538 
1090 -1.442552 0.337804 
1091 -1.393432 0.302630 
1092 -1.399962 0.340847 
1093 -1.355922 0.218218 
1094 -1.349338 0.025840 
1095 -1.387516 0.213395 
1096 -1.337778 -0.065279 
1097 -1.357739 0.154259 
1098 -1.423509 0.252615 
1099 -1.477260 0.397298 
1100 -1.333125 0.043546 
1101 -1.438757 0.349917 
1102 -1.286082 -0.179752 
1103 -1.312421 -0.002459 
1104 -1.264186 -0.260436 
1105 -1.326653 -0.030251 
1109 -1.325249 -0.037960 
1110 -1.342285 0.048481 
1114 -1.791485 1.076459 
1115 -1.559319 0.449755 
1116 -1.494717 0.430631 
1117 -1.438484 0.320745 
1118 -1.441078 0.331004 
1119 -1.466331 0.444806 
1120 -1.532302 0.531726 
1121 -1.386486 0.079057 
1122 -1.760831 1.162642 
1123 -1.565764 0.616093 
1124 -1.576453 0.650257 
1125 -1.812794 1.084514 
1126 -1.812383 1.318858 
1127 -1.828942 1.119868 
1128 -1.752899 1.047114 
1129 -1.573790 0.682400 
1130 -1.475491 0.471816 
1131 -1.503345 0.464491 
1132 -1.429572 0.063332 
1133 -1.524411 0.410577 
1134 -1.448882 0.210103 
1135 -1.400715 0.136653 
1136 -1.473373 0.362858 
1137 -1.493555 0.481335 
1138 -1.436527 0.418252 
1139 -1.412430 0.204048 
1140 -1.482915 0.402176 
1141 -1.388707 0.107976 
1142 -1.337574 0.014106 
1143 -1.707383 1.094648 
1144 -1.869990 1.377707 
1145 -2.164269 1.566208 
1146 -1.958856 1.364245 
1147 -1.799837 1.104968 
1148 -1.770174 1.027646 
1149 -1.643206 0.831645 
1150 -1.422078 0.216484 
1151 -1.415183 0.241112 
1152 -1.497458 0.465360 
1153 -1.413300 0.233328 
1154 -1.421257 0.220562 
1155 -1.333373 0.033868 
1156 -1.333197 -0.067856 
1157 -1.364191 0.095210 
1158 -1.373583 0.096888 
1159 -1.275305 -0.037043 
1160 -1.270208 -0.286520 
1161 -1.311181 -0.260709 
1162 -1.302621 -0.151145 
1163 -1.254899 -0.212329 
1164 -1.239887 -0.298333 
1165 -1.328735 0.042499 
1166 -1.284426 -0.313278 
1167 -1.339384 -0.177078 
1168 -1.213848 -0.320218 
1169 -1.339417 -0.008893 
1170 -1.307299 -0.029012 
1171 -1.266008 -0.129958 
1172 -1.290067 -0.042392 
1173 -1.266895 -0.092073 
1174 -1.349669 0.111759 
1175 -1.259326 -0.272166 
1176 -1.252170 -0.323696 
1177 -1.268129 -0.362079 
1178 -1.195715 -0.334381 
1179 -1.245759 -0.289153 
1180 -1.372047 0.187438 
1181 -1.329988 -0.065113 
1182 -1.380027 0.136929 
1183 -1.341957 0.099198 
1184 -1.308089 -0.155107 
1185 -1.441700 0.294295 
1186 -1.349074 0.102782 
1187 -1.324195 -0.002770 
1188 -1.519337 0.554552 
1189 -1.412016 0.339208 
1190 -1.415924 0.308036 
1191 -1.441525 0.434415 
1192 -1.301184 -0.094810 
1193 -1.386186 0.178415 
1194 -1.448059 0.320951 
1195 -1.465743 0.346928 
1196 -1.417229 0.240088 
1197 -1.352416 0.056090 
1198 -1.325484 0.015483 
1199 -1.373577 0.189422 
1200 -1.419391 0.270474 
1201 -1.419958 0.320941 
1202 -1.432594 0.357148 
1203 -1.398861 0.283592 
1204 -1.387498 0.177224 
1205 -1.418468 0.268748 
1206 -1.369358 0.327650 
1207 -1.322698 -0.112461 
1208 -1.344465 0.101546 
1209 -1.397902 0.295621 
1210 -1.372249 0.255429 
1211 -1.401699 0.244540 
1212 -1.376092 0.023121 
1213 -1.368699 0.151368 
1214 -1.354012 0.096314 
1215 -1.370958 0.047916 
1216 -1.430428 0.272197 
1217 -1.373982 0.178321 
1218 -1.427264 0.271398 
1219 -1.424458 0.281865 
1220 -1.319049 0.137077 
1221 -1.314750 -0.068202 
1222 -1.353555 0.194320 
1223 -1.292194 -0.165089 
1224 -1.296711 -0.070907 
1225 -1.406434 0.262777 
1226 -1.279517 -0.029114 
1227 -1.269278 -0.167240 
1228 -1.350185 -0.022982 
1229 -1.324408 0.054241 
1230 -1.367347 -0.020771 
1231 -1.355589 0.014960 
1232 -1.316039 -0.043057 
1233 -1.320062 0.029100 
1234 -1.446510 0.368872 
1235 -1.354913 0.165027 
1236 -1.307502 0.127155 
1237 -1.315635 -0.189038 
1238 -1.273029 -0.264663 
1239 -1.249956 0.047633 
1240 -1.291261 -0.197721 
1241 -1.361527 -0.017234 
1242 -1.329650 0.054037 
1243 -1.381283 0.169035 
1244 -1.230282 -0.420247 
1245 -1.305919 -0.144472 
1246 -1.302748 -0.229483 
1247 -1.219638 -0.329165 
1248 -1.302705 -0.009679 
1249 -1.328783 -0.015224 
1250 -1.296750 -0.253527 
1251 -1.287952 -0.162197 
1252 -1.288638 -0.365024 
1253 -1.304166 -0.167693 
1254 -1.281379 -0.198009 
1255 -1.346224 0.056636 
1256 -1.329442 0.066911 
1257 -1.251889 -0.349599 
1258 -1.275357 -0.206571 
1259 -1.233128 -0.168556 
1260 -1.224571 -0.269290 
1261 -1.307068 0.001953 
1262 -1.301692 -0.055947 
1263 -1.299739 -0.107012 
1264 -1.231186 -0.122218 
1265 -1.250857 -0.111289 
1266 -1.257468 -0.160664 
1267 -1.280045 -0.005994 
1268 -1.274528 -0.009072 
1269 -1.267069 -0.176360 
1270 -1.340883 0.108125 
1271 -1.306937 -0.089852 
1272 -1.289358 -0.237737 
1273 -1.291240 -0.187552 
1274 -1.335928 0.129733 
1275 -1.321216 -0.032833 
1276 -1.323619 0.013313 
1277 -1.346852 0.020552 
1278 -1.348649 -0.055128 
1279 -1.443520 0.339136 
1280 -1.317521 0.085892 
1281 -1.345658 0.172069 
1282 -1.354298 0.177166 
1283 -1.370432 0.073896 
1284 -1.414821 0.297807 
1285 -1.381437 0.256330 
1286 -1.327563 -0.024173 
1287 -1.445379 0.401594 
1288 -1.332859 0.044207 
1289 -1.340113 0.152077 
1290 -1.416164 0.379080 
1291 -1.376209 0.291952 
1292 -1.374804 0.306533 
1293 -1.342329 0.106543 
1294 -1.416038 0.301390 
1295 -1.328829 -0.068429 
1296 -1.351278 0.173033 
1297 -1.351505 0.117759 
1298 -1.307094 0.127752 
1299 -1.269508 -0.191925 
1300 -1.361075 0.211617 
1301 -1.364268 0.101443 
1302 -1.283674 -0.072396 
1303 -1.363195 0.127773 
1304 -1.368004 0.171834 
1305 -1.333030 0.210717 
1306 -1.362105 0.161447 
1307 -1.287256 -0.016931 
1308 -1.239800 -0.216309 
1309 -1.233405 -0.872115 
1310 -1.300434 -0.405511 
1311 -1.267391 -0.329839 
1312 -1.311242 -0.142877 
1313 -1.182585 -1.508039 
1314 -1.196622 -1.357536 
1315 -1.331834 -0.400502 
1316 -1.351956 -0.555578 
1317 -1.318601 -0.803461 
1318 -1.343091 -0.486814 
1319 -1.333011 -0.161552 
1320 -1.287193 -0.251847 
1321 -1.345330 -0.155624 
1322 -1.363056 -0.141650 
1323 -1.335796 -0.119354 
1324 -1.252258 -0.522034 
1325 -1.259568 -0.483812 
1326 -1.368224 0.046811 
1327 -1.254123 -0.568534 
1328 -1.231917 -0.827711 
1329 -1.237997 -0.786543 
1330 -1.313455 -0.390391 
1331 -1.277972 -0.617225 
1332 -1.335715 -0.232734 
1333 -1.315920 -0.331014 
1334 -1.343601 -0.276608 
1335 -1.305794 -0.276084 
1336 -1.276514 -0.461651 
1337 -1.317013 -0.116213 
1338 -1.302183 -0.382816 
1339 -1.285969 -0.328893 
1340 -1.258796 -0.565877 
1341 -1.314361 -0.239395 
1342 -1.273680 -0.537235 
1343 -1.274063 -0.499181 
1344 -1.402065 0.111446 
1345 -1.303739 -0.217423 
1346 -1.318224 -0.296790 
1347 -1.317583 -0.051314 
1348 -1.271170 -0.460613 
1349 -1.338606 -0.188216 
1350 -1.330057 -0.250227 
1351 -1.316628 -0.169256 
1352 -1.408210 0.013999 
1353 -1.303531 -0.295488 
1354 -1.260193 -0.373622 
1355 -1.333359 -0.003875 
1356 -1.313909 -0.039620 
1357 -1.311335 -0.244503 
1358 -1.320907 0.086166 
1359 -1.290867 -0.261700 
1360 -1.245691 -0.114389 
1361 -1.264950 -0.055307 
1362 -1.244988 -0.267443 
1363 -1.271987 -0.107686 
1364 -1.323343 0.145729 
1365 -1.232376 -0.265957 
1366 -1.324202 0.044919 
1367 -1.220726 -0.411454 
1368 -1.205236 -0.506962 
1369 -1.258604 -0.270789 
1370 -1.295177 -0.164694 
1371 -1.228750 -0.449832 
1372 -1.286327 -0.140140 
1373 -1.249521 -0.305113 
1374 -1.270234 -0.145886 
1375 -1.213391 -0.487080 
1376 -1.197461 -0.443677 
1377 -1.262813 -0.177373 
1378 -1.277470 -0.228513 
1379 -1.278659 -0.078603 
1380 -1.252551 -0.271356 
1381 -1.285261 -0.186179 
1382 -1.246572 -0.244484 
1383 -1.271708 -0.206681 
1384 -1.237741 -0.420843 
1385 -1.267944 -0.160594 
1386 -1.261223 -0.179813 
1387 -1.274967 0.014942 
1388 -1.304725 0.090198 
1389 -1.296827 -0.138203 
1390 -1.208747 -0.208166 
1391 -1.219635 -0.279351 
1392 -1.231556 -0.371880 
1393 -1.314315 0.104354 
1394 -1.195955 -0.420020 
1395 -1.256526 -0.161959 
1396 -1.232713 -0.303696 
1397 -1.206466 0.031969 
1398 -1.231747 -0.277794 
1399 -1.285056 0.026648 
1400 -1.326356 0.048177 
1401 -1.225374 -0.347160 
1402 -1.257249 -0.052665 
1403 -1.296318 -0.058465 
1404 -1.241276 -0.308700 
1405 -1.191405 -0.381148 
1406 -1.253253 -0.055432 
1407 -1.266233 -0.015930 
1408 -1.206935 -0.389599 
1409 -1.277732 0.045572 
1410 -1.288454 0.000803 
1411 -1.223153 -0.351657 
1412 -1.269300 -0.251379 
1413 -1.238172 -0.174264 
1414 -1.236647 -0.280113 
1415 -1.258935 -0.218146 
1416 -1.271225 -0.030577 
1417 -1.239887 -0.103661 
1418 -1.220942 -0.212922 
1419 -1.156067 -0.447947 
1420 -1.217346 -0.345184 
1421 -1.233447 -0.259059 
1422 -1.313305 0.020308 
1423 -1.266083 -0.012512 
1424 -1.312360 0.125984 
1425 -1.255248 0.009883 
1426 -1.251109 -0.243487 
1427 -1.239002 -0.217214 
1428 -1.265938 -0.251443 
1429 -1.252590 -0.201260 
1430 -1.287946 -0.131470 
1431 -1.203012 -0.415392 
1432 -1.211406 -0.221239 
1433 -1.249935 -0.234016 
1434 -1.193318 -0.414386 
1435 -1.236880 -0.163684 
1436 -1.264637 -0.141591 
1437 -1.298605 0.016268 
1438 -1.208840 -0.286442 
1439 -1.322615 -0.055267 
1440 -1.261707 -0.224088 
1441 -1.196580 -0.276717 
1442 -1.238155 -0.117599 
1443 -1.265848 -0.280081 
1444 -1.247082 -0.142776 
1445 -1.231459 -0.421657 
1446 -1.232811 -0.325709 
1447 -1.266432 -0.263083 
1448 -1.264978 -0.140686 
1449 -1.230311 -0.343582 
1450 -1.276596 -0.292410 
1451 -1.178856 -0.327812 
1452 -1.189986 -0.431527 
1453 -1.252098 -0.144285 
1454 -1.276282 -0.028398 
1455 -1.229266 -0.154192 
1456 -1.262226 -0.133455 
1457 -1.202858 -0.275053 
1458 -1.262101 -0.097124 
1459 -1.184897 -0.338883 
1460 -1.206321 -0.278348 
1461 -1.216642 -0.243158 
1462 -1.230996 -0.270220 
1463 -1.227082 -0.426821 
1464 -1.292800 0.058364 
1465 -1.256183 -0.251566 
1466 -1.244540 -0.284892 
1467 -1.279953 -0.023634 
1468 -1.232974 -0.247687 
1469 -1.256492 -0.298730 
1470 -1.264051 -0.285010 
1471 -1.235236 -0.212813 
1472 -1.299324 0.035189 
1473 -1.277010 -0.124864 
1474 -1.273496 -0.029101 
1475 -1.259241 -0.068986 
1476 -1.197293 -0.412460 
1477 -1.223496 -0.449714 
1478 -1.276238 -0.122401 
1479 -1.225518 -0.469986 
1480 -1.256254 -0.306605 
1481 -1.249697 -0.099507 
1482 -1.273058 -0.093254 
1483 -1.259759 -0.330649 
1484 -1.201199 -0.299993 
1485 -1.214991 -0.229381 
1486 -1.230144 -0.150707 
1487 -1.188420 -0.462390 
1488 -1.295061 -0.116598 
1489 -1.223785 -0.380510 
1490 -1.293005 -0.108519 
1491 -1.309250 0.029990 
1492 -1.311657 -0.152128 
1493 -1.320488 -0.073778 
1494 -1.261124 -0.273293 
1495 -1.191849 -0.438538 
1496 -1.300852 -0.045040 
1497 -1.282809 -0.096065 
1498 -1.330665 -0.093756 
1499 -1.310498 -0.004644 
1500 -1.232419 -0.199328 
1501 -1.211846 -0.318738 
1502 -1.210104 -0.448016 
1503 -1.256249 -0.260577 
1504 -1.337228 0.085570 
1505 -1.249433 -0.233608 
1506 -1.233901 -0.151942 
1507 -1.184179 -0.545708 
1508 -1.211552 -0.399158 
1509 -1.246603 -0.320269 
1510 -1.165482 -0.532053 
1511 -1.224360 -0.539969 
1512 -1.253361 -0.328158 
1513 -1.250377 -0.232115 
1514 -1.233977 -0.432123 
1515 -1.260754 -0.175170 
1516 -1.234021 -0.178063 
1517 -1.266529 -0.246503 
1518 -1.235728 -0.412443 
1519 -1.252454 -0.199193 
1520 -1.213020 -0.507039 
1521 -1.203482 -0.248711 
1522 -1.259134 -0.378719 
1523 -1.208092 -0.531226 
1524 -1.284162 -0.092738 
1525 -1.277187 -0.117851 
1526 -1.256220 -0.211906 
1527 -1.274730 0.020877 
1528 -1.297057 -0.046844 
1529 -1.316911 0.042086 
1530 -1.307953 0.006981 
1531 -1.254083 -0.204963 
1532 -1.255229 -0.436817 
1533 -1.290536 -0.210496 
1534 -1.241452 -0.432286 
1535 -1.230868 -0.453418 
1536 -1.183461 -0.438953 
1537 -1.208968 -0.471125 
1538 -1.193750 -0.326570 
1539 -1.212003 -0.470750 
1540 -1.244222 -0.282205 
1541 -1.238509 -0.527772 
1542 -1.230833 -0.109137 
1543 -1.198553 -0.519013 
1544 -1.206741 -0.336031 
1545 -1.158993 -0.522109 
1546 -1.276152 -0.243523 
1547 -1.245951 -0.333582 
1548 -1.258262 -0.205014 
1549 -1.239097 -0.383090 
1550 -1.207978 -0.378379 
1551 -1.223004 -0.529014 
1552 -1.248838 -0.362295 
1553 -1.275688 -0.096406 
1554 -1.222237 -0.452670 
1555 -1.228876 -0.255740 
1556 -1.257316 -0.145735 
1557 -1.238971 -0.358426 
1558 -1.221908 -0.247442 
1559 -1.212943 -0.333526 
1560 -1.311383 0.013941 
1561 -1.287411 -0.124889 
1562 -1.281239 -0.258424 
1563 -1.235836 -0.193423 
1564 -1.262551 -0.121688 
1565 -1.265885 -0.206189 
1566 -1.297152 -0.093377 
1567 -1.231459 -0.316517 
1568 -1.215212 -0.236806 
1569 -1.312197 0.052788 
1570 -1.253486 -0.248944 
1571 -1.200221 -0.379372 
1572 -1.275421 -0.176402 
1573 -1.296635 -0.170332 
1574 -1.242020 -0.144994 
1575 -1.227226 -0.399741 
1576 -1.205760 -0.377541 
1577 -1.230096 -0.193516 
1578 -1.218637 -0.332331 
1579 -1.254943 -0.199371 
1580 -1.209306 -0.109637 
1581 -1.196287 -0.469833 
1582 -1.306583 0.069401 
1583 -1.299842 0.035560 
1584 -1.301090 0.032148 
1585 -1.242823 -0.138157 
1586 -1.253054 -0.169630 
1587 -1.248013 -0.178022 
1588 -1.239544 -0.291345 
1589 -1.221499 -0.411677 
1590 -1.223792 -0.301009 
1591 -1.239600 -0.191879 
1592 -1.248350 -0.303120 
1593 -1.265216 0.010465 
1594 -1.239698 -0.138762 
1595 -1.221640 -0.261799 
1596 -1.261428 -0.115724 
1597 -1.282685 -0.054273 
1598 -1.257046 -0.027966 
1599 -1.321009 0.140524 
1600 -1.303783 0.041808 
1601 -1.266753 0.017683 
1602 -1.246849 0.025143 
1603 -1.202843 -0.069479 
1604 -1.208435 -0.342829 
1605 -1.259253 -0.090596 
1606 -1.280676 -0.052946 
1607 -1.281646 -0.040998 
1608 -1.281641 -0.102231 
1609 -1.208181 -0.320321 
1610 -1.222639 -0.117741 
1611 -1.284021 0.056797 
1612 -1.216903 -0.208049 
1613 -1.185481 -0.440879 
1614 -1.225205 -0.473753 
1615 -1.205414 -0.262212 
1616 -1.166265 -0.322217 
1617 -1.230854 -0.179083 
1618 -1.171325 -0.543237 
1619 -1.265915 -0.206829 
1620 -1.280189 0.028874 
1621 -1.177846 -0.404318 
1622 -1.181526 -0.397539 
1623 -1.213267 -0.150164 
1624 -1.208421 -0.443318 
1625 -1.211335 -0.199519 
1626 -1.199707 -0.349875 
1627 -1.219152 -0.242687 
1628 -1.266537 -0.028835 
1629 -1.221191 -0.340912 
1630 -1.191753 -0.295697 
1631 -1.181442 -0.408008 
1632 -1.203822 -0.337965 
1633 -1.255404 -0.016029 
1634 -1.143402 -0.457155 
1635 -1.168413 -0.401872 
1636 -1.244316 -0.162741 
1637 -1.260659 -0.082887 
1638 -1.213948 -0.238353 
1639 -1.278985 0.020710 
1640 -1.192439 -0.083826 
1641 -1.227433 -0.139892 
1642 -1.185911 -0.358246 
1643 -1.228739 -0.120100 
1644 -1.175893 -0.522885 
1645 -1.192562 -0.409954 
1646 -1.244554 -0.087176 
1647 -1.187904 -0.302934 
1648 -1.221748 -0.043090 
1649 -1.209126 -0.069364 
1650 -1.201394 -0.367665 
1651 -1.185455 -0.459523 
1652 -1.183796 -0.427031 
1653 -1.168563 -0.350661 
1654 -1.224836 -0.322694 
1655 -1.240114 -0.141079 
1656 -1.157812 -0.518747 
1657 -1.265509 -0.127490 
1658 -1.255949 -0.144484 
1659 -1.272592 -0.007071 
1660 -1.260034 -0.069708 
1661 -1.259649 -0.051372 
1662 -1.255088 -0.249800 
1663 -1.185941 -0.268979 
1664 -1.184484 -0.381731 
1665 -1.225212 -0.101264 
1666 -1.257993 -0.147907 
1667 -1.211601 -0.418402 
1668 -1.250366 -0.160290 
1669 -1.191259 -0.484220 
1670 -1.172240 -0.430813 
1671 -1.199350 -0.283570 
1672 -1.194947 -0.390057 
1673 -1.202816 -0.380187 
1674 -1.180486 -0.629342 
1675 -1.162522 -0.593737 
1676 -1.186813 -0.687607 
1677 -1.219649 -0.477461 
1678 -1.197192 -0.491592 
1679 -1.179919 -0.629466 
1680 -1.168200 -0.734923 
1681 -1.221853 -0.467431 
1682 -1.216046 -0.287580 
1683 -1.218356 -0.434022 
1684 -1.262855 -0.208646 
1685 -1.192232 -0.494341 
1686 -1.249997 -0.188337 
1687 -1.210636 -0.311334 
1688 -1.199224 -0.539807 
1689 -1.215282 -0.591476 
1690 -1.208164 -0.451747 
1691 -1.245711 -0.503294 
1692 -1.189173 -0.614623 
1693 -1.230242 -0.603899 
1694 -1.272943 -0.322534 
1695 -1.261799 -0.223827 
1696 -1.213553 -0.529051 
1697 -1.273393 -0.394700 
1698 -1.266865 -0.262080 
1699 -1.234517 -0.168025 
1700 -1.262247 -0.279848 
1701 -1.248901 -0.238376 
1702 -1.241598 -0.459334 
1703 -1.265915 -0.415606 
1704 -1.245714 -0.255768 
1705 -1.224843 -0.451025 
1706 -1.196468 -0.597626 
1707 -1.213096 -0.557171 
1708 -1.201561 -0.507926 
1709 -1.170882 -0.605056 
1710 -1.206227 -0.396474 
1711 -1.231281 -0.370597 
1712 -1.233725 -0.406598 
1713 -1.254592 -0.293625 
1714 -1.293735 -0.022648 
1715 -1.216992 -0.384969 
1716 -1.228785 -0.339055 
1717 -1.238152 -0.397264 
1718 -1.287446 -0.062777 
1719 -1.267466 -0.248629 
1720 -1.242034 -0.525597 
1721 -1.228195 -0.519989 
1722 -1.239474 -0.265772 
1723 -1.264506 -0.192258 
1724 -1.285426 -0.293053 
1725 -1.294452 -0.048196 
1726 -1.235070 -0.358711 
1727 -1.277393 -0.016500 
1728 -1.269416 -0.236258 
1729 -1.291577 -0.132532 
1730 -1.282182 -0.303464 
1731 -1.283876 -0.306006 
1732 -1.274627 -0.133473 
1733 -1.313359 -0.052258 
1734 -1.276289 -0.312209 
1735 -1.326992 0.014038 
1736 -1.293558 -0.149641 
1737 -1.227597 -0.314153 
1738 -1.168344 -0.596937 
1739 -1.189832 -0.377820 
1740 -1.202831 -0.359735 
1741 -1.208765 -0.187421 
1742 -1.168522 -0.377947 
1743 -1.233294 -0.133453 
1744 -1.202666 -0.434591 
1745 -1.252527 -0.188536 
1746 -1.272332 -0.087773 
1747 -1.177203 -0.458853 
1748 -1.266355 -0.080673 
1749 -1.190625 -0.406983 
1750 -1.265598 -0.012156 
1751 -1.300045 0.124039 
1752 -1.232815 -0.162563 
1753 -1.258777 -0.231459 
1754 -1.249858 -0.306524 
1755 -1.227063 -0.467035 
1756 -1.259402 -0.055556 
1757 -1.220657 -0.293366 
1758 -1.245363 -0.319646 
1759 -1.234939 -0.165577 
1760 -1.223948 -0.131464 
1761 -1.244118 -0.046732 
1762 -1.218640 -0.147081 
1763 -1.256399 -0.095363 
1764 -1.232031 -0.256309 
1765 -1.206200 -0.364920 
1766 -1.164009 -0.320018 
1767 -1.220880 -0.337212 
1768 -1.244671 -0.196312 
1769 -1.260679 0.014318 
1770 -1.285031 0.016872 
1771 -1.260322 -0.058220 
1772 -1.135823 -0.555060 
1773 -1.150891 -0.380106 
1774 -1.198391 -0.392424 
1775 -1.191848 -0.232053 
1776 -1.249328 -0.067827 
1777 -1.180947 -0.431031 
1778 -1.259552 -0.087651 
1779 -1.260458 -0.132740 
1780 -1.240548 -0.129347 
1781 -1.246054 -0.320430 
1782 -1.315648 -0.009514 
1783 -1.243695 -0.361551 
1784 -1.216538 -0.279671 
1785 -1.260915 -0.127243 
1786 -1.215946 -0.418814 
1787 -1.183990 -0.388247 
1788 -1.224082 -0.209634 
1789 -1.279377 -0.000573 
1790 -1.258673 -0.278428 
1791 -1.231410 -0.105398 
1792 -1.216934 -0.311011 
1793 -1.276886 -0.208622 
1794 -1.278247 -0.104177 
1795 -1.267793 -0.038001 
1796 -1.277792 -0.109784 
1797 -1.236000 -0.074788 
1798 -1.210132 -0.210098 
1799 -1.234339 -0.322210 
1800 -1.274321 -0.177033 
1801 -1.226936 -0.488787 
1802 -1.255539 -0.334973 
1803 -1.220613 -0.308118 
1804 -1.229293 -0.260785 
1805 -1.192466 -0.256832 
1806 -1.223135 -0.215613 
1807 -1.194125 -0.290358 
1808 -1.211829 -0.290527 
1809 -1.187298 -0.380799 
1810 -1.257975 -0.077902 
1811 -1.152920 -0.308933 
1812 -1.207513 -0.206505 
1813 -1.214674 -0.322678 
1814 -1.121092 -0.372983 
1815 -1.224477 -0.196400 
1816 -1.197824 -0.147561 
1817 -1.201238 -0.152041 
1818 -1.187775 -0.150803 
1819 -1.237611 -0.033728 
1820 -1.200225 -0.155402 
1821 -1.204162 -0.186419 
1822 -1.239441 -0.124922 
1823 -1.181426 -0.214622 
1824 -1.154872 -0.415797 
1825 -1.198522 -0.399449 
1826 -1.199044 -0.415741 
1827 -1.241882 -0.010943 
1828 -1.215345 -0.259570 
1829 -1.199927 -0.281888 
1830 -1.190561 -0.378412 
1831 -1.209225 -0.147268 
1832 -1.202821 -0.128121 
1833 -1.209751 -0.264969 
1834 -1.209966 -0.343285 
1835 -1.176887 -0.444238 
1836 -1.194586 -0.430107 
1837 -1.192836 -0.314762 
1838 -1.195462 -0.475164 
1839 -1.282398 -0.018709 
1840 -1.255232 -0.082893 
1841 -1.235511 -0.198899 
1842 -1.136732 -0.469434 
1843 -1.224543 -0.167116 
1844 -1.137517 -0.474093 
1845 -1.183181 -0.325418 
1846 -1.190618 -0.290387 
1847 -1.187666 -0.362821 
1848 -1.232614 -0.111484 
1849 -1.186661 -0.213785 
1850 -1.198684 -0.319855 
1851 -1.183863 -0.266600 
1852 -1.238687 -0.353718 
1853 -1.211382 -0.335234 
1854 -1.258930 -0.032206 
1855 -1.242299 -0.054659 
1856 -1.271986 -0.113381 
1857 -1.241269 0.028781 
1858 -1.241051 -0.112499 
1859 -1.223003 -0.215235 
1860 -1.180580 -0.253128 
1861 -1.207080 -0.206779 
1862 -1.232919 -0.235563 
1863 -1.188250 -0.182061 
1864 -1.151725 -0.554557 
1865 -1.150418 -0.558256 
1866 -1.197960 -0.419650 
1867 -1.255517 -0.009566 
1868 -1.199419 -0.103940 
1869 -1.226003 0.003353 
1870 -1.231478 -0.188661 
1871 -1.233469 -0.234110 
1872 -1.181818 -0.328207 
1873 -1.224047 -0.185829 
1874 -1.241982 -0.199397 
1875 -1.163920 -0.513094 
1876 -1.200432 -0.160650 
1877 -1.148018 -0.428007 
1878 -1.246366 -0.105255 
1879 -1.223067 -0.358039 
1880 -1.238119 -0.005738 
1881 -1.183418 -0.341598 
1882 -1.159698 -0.545511 
1883 -1.211284 -0.155800 
1884 -1.219260 -0.174439 
1885 -1.238781 -0.051146 
1886 -1.155545 -0.518623 
1887 -1.201057 -0.176974 
1888 -1.222704 -0.213715 
1889 -1.155897 -0.619052 
1890 -1.188666 -0.476465 
1891 -1.203537 -0.247599 
1892 -1.203755 -0.454374 
1893 -1.217602 -0.254381 
1894 -1.145015 -0.541188 
1895 -1.159536 -0.532806 
1896 -1.214009 -0.309039 
1897 -1.254946 -0.091142 
1898 -1.231082 -0.165686 
1899 -1.211209 -0.152013 
1900 -1.151994 -0.471840 
1901 -1.265620 0.008348 
1902 -1.221119 -0.078790 
1903 -1.189712 -0.337860 
1904 -1.241170 -0.260517 
1905 -1.259588 -0.081698 
1906 -1.235454 -0.095142 
1907 -1.261953 0.011485 
1908 -1.214587 -0.383657 
1909 -1.251338 -0.153526 
1910 -1.250743 -0.126627 
1911 -1.264727 -0.327736 
1912 -1.165351 -0.402569 
1913 -1.175784 -0.355977 
1914 -1.176628 -0.470577 
1915 -1.222051 -0.079644 
1916 -1.202686 -0.344510 
1917 -1.171195 -0.600508 
1918 -1.196258 -0.391549 
1919 -1.233453 -0.430580 
1920 -1.207294 -0.420158 
1921 -1.282392 -0.040329 
1922 -1.210837 -0.426959 
1923 -1.248919 -0.119144 
1924 -1.201099 -0.417307 
1925 -1.181623 -0.533904 
1926 -1.153183 -0.470657 
1927 -1.154369 -0.376693 
1928 -1.169712 -0.531253 
1929 -1.180662 -0.090827 
1930 -1.165243 -0.467744 
1931 -1.189474 -0.365544 
1932 -1.151447 -0.402244 
1933 -1.202295 -0.327762 
1934 -1.184737 -0.357275 
1935 -1.183120 -0.313428 
1936 -1.205307 -0.147860 
1937 -1.199111 -0.219063 
1938 -1.169201 -0.216895 
1939 -1.160376 -0.267939 
1940 -1.197666 -0.394612 
1941 -1.138170 -0.429512 
1942 -1.214779 -0.093259 
1943 -1.222165 -0.125958 
1944 -1.176077 -0.257710 
1945 -1.236780 -0.175570 
1946 -1.201946 -0.534658 
1947 -1.184732 -0.440280 
1948 -1.137231 -0.592637 
1949 -1.198740 -0.352957 
1950 -1.161660 -0.530883 
1951 -1.170433 -0.613734 
1952 -1.158703 -0.501823 
1953 -1.230284 -0.104903 
1954 -1.280959 -0.071999 
1955 -1.186077 -0.277301 
1956 -1.216012 -0.307650 
1957 -1.254582 -0.065312 
1958 -1.197124 -0.188119 
1959 -1.136161 -0.497141 
1960 -1.168648 -0.292148 
1961 -1.214038 -0.188331 
1962 -1.196127 -0.304108 
1963 -1.255693 -0.234110 
1964 -1.241506 -0.174810 
1965 -1.210871 -0.410714 
1966 -1.208444 -0.213608 
1967 -1.222816 -0.324694 
1968 -1.214855 -0.398176 
1969 -1.187150 -0.438152 
1970 -1.220757 -0.304787 
1971 -1.190037 -0.501502 
1972 -1.187078 -0.412522 
1973 -1.225616 -0.472653 
1974 -1.197911 -0.473756 
1975 -1.240716 -0.206265 
1976 -1.209942 -0.264173 
1977 -1.232453 -0.220667 
1978 -1.239892 -0.265953 
1979 -1.309186 -0.145600 
1980 -1.269903 -0.213477 
1981 -1.247241 -0.414182 
1982 -1.278343 -0.183456 
1983 -1.212137 -0.581965 
1984 -1.204430 -0.530901 
1985 -1.183069 -0.436370 
1986 -1.234019 -0.248342 
1987 -1.209469 -0.304477 
1988 -1.147883 -0.583939 
1989 -1.225159 -0.232505 
1990 -1.148947 -0.594060 
1991 -1.179368 -0.343679 
1992 -1.253102 -0.148758 
1993 -1.247289 -0.081590 
1994 -1.205920 -0.285804 
1995 -1.255643 -0.075455 
1996 -1.198677 -0.449312 
1997 -1.221871 -0.122584 
1998 -1.166786 -0.530000 
1999 -1.176360 -0.283579 
2000 -1.179652 -0.457067 
2001 -1.175538 -0.224059 
2002 -1.188781 -0.493066 
2003 -1.177402 -0.545970 
2004 -1.222061 -0.221301 
2005 -1.149990 -0.443017 
2006 -1.174155 -0.431907 
2007 -1.260666 -0.242404 
2008 -1.215893 -0.479629 
2009 -1.232830 -0.281858 
2010 -1.194983 -0.259338 
2011 -1.247088 -0.222165 
2012 -1.195220 -0.356099 
2013 -1.203365 -0.357617 
2014 -1.217159 -0.476552 
2015 -1.253308 -0.222057 
2016 -1.230787 -0.322657 
2017 -1.205721 -0.378851 
2018 -1.185114 -0.412149 
2019 -1.215012 -0.429340 
2020 -1.164415 -0.671952 
2021 -1.160202 -0.658162 
2022 -1.199189 -0.403253 
2023 -1.215561 -0.317875 
2024 -1.220382 -0.502384 
2025 -1.209848 -0.326445 
2026 -1.215791 -0.550110 
2027 -1.177233 -0.614806 
2028 -1.238626 -0.493007 
2029 -1.210079 -0.315313 
2030 -1.269885 -0.130575 
2031 -1.218060 -0.469287 
2032 -1.275777 -0.160450 
2033 -1.211810 -0.498657 
2034 -1.179386 -0.469902 
2035 -1.210649 -0.513746 
2036 -1.197378 -0.397404 
2037 -1.191344 -0.309814 
2038 -1.223709 -0.217546 
2039 -1.188719 -0.441137 
2040 -1.189465 -0.519715 
2041 -1.222202 -0.477299 
2042 -1.197474 -0.251866 
2043 -1.222358 -0.103635 
2044 -1.236956 -0.418739 
2045 -1.217092 -0.489885 
2046 -1.196760 -0.443127 
2047 -1.221292 -0.439280 
2048 -1.253796 -0.253973 
2049 -1.226732 -0.466484 
2050 -1.232521 -0.463170 
2051 -1.244536 -0.013736 
2052 -1.269655 -0.023694 
2053 -1.285995 0.002342 
2054 -1.251087 -0.017894 
2055 -1.241188 -0.134516 
2056 -1.234905 -0.134974 
2057 -1.203248 -0.425928 
2058 -1.152593 -0.299640 
2059 -1.177617 -0.250769 
2060 -1.225016 -0.105856 
2061 -1.252237 -0.201096 
2062 -1.266870 -0.094688 
2063 -1.203777 -0.256102 
2064 -1.202555 -0.372045 
2065 -1.188012 -0.356024 
2066 -1.233301 -0.280523 
2067 -1.182583 -0.347529 
2068 -1.201190 -0.435450 
2069 -1.189532 -0.511297 
2070 -1.229656 -0.391850 
2071 -1.285919 -0.107276 
2072 -1.222513 -0.433539 
2073 -1.190375 -0.480581 
2074 -1.158857 -0.413108 
2075 -1.177108 -0.183653 
2076 -1.196004 -0.338271 
2077 -1.228155 -0.340064 
2078 -1.191453 -0.530071 
2079 -1.210608 -0.203878 
2080 -1.223197 -0.272094 
2081 -1.209693 -0.392856 
2082 -1.217832 -0.278612 
2083 -1.229830 -0.119587 
2084 -1.210008 -0.168848 
2085 -1.197017 -0.240473 
2086 -1.184022 -0.427997 
2087 -1.232803 -0.294256 
2088 -1.171428 -0.449329 
2089 -1.194875 -0.327296 
2090 -1.223816 -0.235402 
2091 -1.227701 -0.271517 
2092 -1.275231 -0.015188 
2093 -1.234534 -0.127944 
2094 -1.177714 -0.498563 
2095 -1.224140 -0.277105 
2096 -1.256047 -0.281510 
2097 -1.249637 -0.253125 
2098 -1.285577 -0.075354 
2099 -1.187283 -0.365307 
2100 -1.256429 -0.374951 
2101 -1.204493 -0.296655 
2102 -1.172071 -0.515723 
2103 -1.215332 -0.434939 
2104 -1.213890 -0.296018 
2105 -1.228413 -0.204366 
2106 -1.253785 -0.060298 
2107 -1.273731 -0.136255 
2108 -1.213053 -0.343282 
2109 -1.242054 -0.157099 
2110 -1.230439 -0.155417 
2111 -1.213902 -0.419753 
2112 -1.247718 -0.034477 
2113 -1.268178 -0.013856 
2114 -1.235175 -0.301697 
2115 -1.244930 -0.250714 
2116 -1.200489 -0.356706 
2117 -1.173111 -0.520410 
2118 -1.213465 -0.251187 
2119 -1.203272 -0.083909 
2120 -1.190680 -0.328555 
2121 -1.201687 -0.514509 
2122 -1.193243 -0.254435 
2123 -1.241029 -0.280541 
2124 -1.217441 -0.548182 
2125 -1.229215 -0.280448 
2126 -1.173601 -0.269997 
2127 -1.225519 -0.349535 
2128 -1.202365 -0.328683 
2129 -1.229932 -0.316892 
2130 -1.228080 -0.194868 
2131 -1.225711 -0.136010 
2132 -1.214002 -0.228165 
2133 -1.194750 -0.233960 
2134 -1.198915 -0.252821 
2135 -1.226120 -0.296546 
2136 -1.164040 -0.408657 
2137 -1.158627 -0.345083 
2138 -1.213989 -0.175582 
2139 -1.129450 -0.526154 
2140 -1.234114 -0.108124 
2141 -1.174575 -0.417468 
2142 -1.237694 -0.151682 
2143 -1.193958 -0.178591 
2144 -1.184534 -0.331446 
2145 -1.160725 -0.415378 
2146 -1.182122 -0.199229 
2147 -1.131995 -0.546340 
2148 -1.209038 -0.152598 
2149 -1.117658 -0.560758 
2150 -1.215682 -0.158626 
2151 -1.176931 -0.407887 
2152 -1.184658 -0.453841 
2153 -1.233070 -0.169593 
2154 -1.206940 -0.170689 
2155 -1.170977 -0.337630 
2156 -1.149021 -0.534931 
2157 -1.188063 -0.382629 
2158 -1.161865 -0.494631 
2159 -1.218962 -0.436561 
2160 -1.196091 -0.429762 
2161 -1.190637 -0.441925 
2162 -1.178152 -0.378730 
2163 -1.226344 -0.190034 
2164 -1.219566 -0.300762 
2165 -1.146877 -0.624950 
2166 -1.219601 -0.301465 
2167 -1.115269 -0.533944 
2168 -1.232266 -0.184479 
2169 -1.211635 -0.425525 
2170 -1.250558 -0.288098 
2171 -1.253662 -0.049264 
2172 -1.244388 -0.246648 
2173 -1.235030 -0.480244 
2174 -1.280588 -0.059671 
2175 -1.218889 -0.121907 
2176 -1.217153 -0.278246 
2177 -1.312523 -0.092065 
2178 -1.220420 -0.384490 
2179 -1.266360 -0.057048 
2180 -1.269863 -0.281461 
2181 -1.238039 -0.216938 
2182 -1.233466 -0.321788 
2183 -1.308221 -0.041111 
2184 -1.296525 0.014663 
2185 -1.264873 -0.098540 
2186 -1.211640 -0.384739 
2187 -1.287812 -0.030195 
2188 -1.272399 -0.101297 
2189 -1.210335 -0.423455 
2190 -1.252548 -0.136506 
2191 -1.242565 -0.238895 
2192 -1.303242 0.023670 
2193 -1.202956 -0.392198 
2194 -1.281438 -0.060113 
2195 -1.312349 0.047051 
2196 -1.264471 -0.163797 
2197 -1.214759 -0.347093 
2198 -1.260585 -0.124397 
2199 -1.312958 0.051135 
2200 -1.226419 -0.223794 
2201 -1.253431 -0.117714 
2202 -1.155021 -0.391104 
2203 -1.281873 -0.017359 
2204 -1.208577 -0.432476 
2205 -1.186622 -0.507813 
2206 -1.138885 -0.421876 
2207 -1.259340 -0.121969 
2208 -1.224049 -0.179051 
2209 -1.225027 -0.164432 
2210 -1.271727 -0.335258 
2211 -1.189316 -0.240483 
2212 -1.211466 -0.167087 
2213 -1.160502 -0.503031 
2214 -1.228914 -0.301670 
2215 -1.173267 -0.257638 
2216 -1.252131 -0.043255 
2217 -1.186377 -0.379958 
2218 -1.247570 -0.147489 
2219 -1.220098 -0.145796 
2220 -1.217086 -0.159535 
2221 -1.238926 -0.373385 
2222 -1.258613 -0.137953 
2223 -1.226909 0.003099 
2224 -1.245048 -0.139599 
2225 -1.253626 -0.098981 
2226 -1.179826 -0.435706 
2227 -1.209816 -0.175329 
2228 -1.186311 -0.479600 
2229 -1.191443 -0.497279 
2230 -1.204712 -0.340424 
2231 -1.246166 -0.073593 
2232 -1.240723 -0.207947 
2233 -1.217318 -0.386262 
2234 -1.178061 -0.487197 
2235 -1.226635 -0.286079 
2236 -1.247248 -0.090753 
2237 -1.250449 -0.123191 
2238 -1.204039 -0.174745 
2239 -1.194174 -0.401763 
2240 -1.205303 -0.271557 
2241 -1.247157 -0.147290 
2242 -1.166645 -0.531229 
2243 -1.188700 -0.390135 
2244 -1.242532 -0.230215 
2245 -1.174465 -0.554735 
2246 -1.169171 -0.490393 
2247 -1.264830 -0.072772 
2248 -1.272098 -0.065414 
2249 -1.246247 -0.170882 
2250 -1.216338 -0.265585 
2251 -1.149458 -0.512340 
2252 -1.187424 -0.293212 
2253 -1.216683 -0.329648 
2254 -1.166604 -0.562172 
2255 -1.225783 -0.281185 
2256 -1.189275 -0.504300 
2257 -1.201058 -0.505192 
2258 -1.226933 -0.168251 
2259 -1.239749 -0.117014 
2260 -1.176257 -0.512724 
2261 -1.154987 -0.449764 
2262 -1.161610 -0.387955 
2263 -1.187177 -0.485898 
2264 -1.158662 -0.578480 
2265 -1.219363 -0.287476 
2266 -1.206015 -0.472251 
2267 -1.212715 -0.429088 
2268 -1.197146 -0.471127 
2269 -1.236104 -0.144054 
2270 -1.227443 -0.493650 
2271 -1.288480 -0.148592 
2272 -1.198736 -0.317901 
2273 -1.236741 -0.341857 
2274 -1.195745 -0.418521 
2275 -1.270095 -0.254370 
2276 -1.262460 -0.425324 
2277 -1.220150 -0.488547 
2278 -1.266658 -0.277585 
2279 -1.260908 -0.269740 
2280 -1.218818 -0.364592 
2281 -1.244095 -0.171658 
2282 -1.233627 -0.172640 
2283 -1.253107 0.039115 
2284 -1.309015 0.137128 
2285 -1.171238 -0.242502 
2286 -1.239853 -0.234183 
2287 -1.166621 -0.538211 
2288 -1.213999 -0.070398 
2289 -1.140247 -0.626223 
2290 -1.141017 -0.540693 
2291 -1.185115 -0.278525 
2292 -1.175365 -0.326508 
2293 -1.190798 -0.247103 
2294 -1.182150 -0.589533 
2295 -1.161003 -0.518851 
2296 -1.196966 -0.392652 
2297 -1.209392 -0.380059 
2298 -1.201462 -0.446349 
2299 -1.206582 -0.401694 
2300 -1.227296 -0.369571 
2301 -1.255959 -0.082062 
2302 -1.221000 -0.190677 
2303 -1.176487 -0.466205 
2304 -1.202995 -0.368239 
2305 -1.217277 -0.113042 
2306 -1.269448 0.028192 
2307 -1.217458 -0.483243 
2308 -1.229115 -0.094120 
2309 -1.219779 -0.411180 
2310 -1.212843 -0.384260 
2311 -1.188596 -0.524251 
2312 -1.249026 -0.261324 
2313 -1.285295 -0.067234 
2314 -1.229717 -0.348495 
2315 -1.254450 -0.160819 
2316 -1.279696 -0.092592 
2317 -1.247626 -0.301458 
2318 -1.219261 -0.202775 
2319 -1.231296 0.095895 
2320 -1.239178 -0.184201 
2321 -1.184735 -0.487181 
2322 -1.269468 0.014572 
2323 -1.219908 -0.120891 
2324 -1.168125 -0.568617 
2325 -1.219664 -0.258197 
2326 -1.222906 -0.395932 
2327 -1.206994 -0.349347 
2328 -1.251110 -0.227943 
2329 -1.252608 0.023780 
2330 -1.296445 -0.072008 
2331 -1.277232 0.003266 
2332 -1.228083 -0.259329 
2333 -1.272774 -0.127985 
2334 -1.304289 0.080769 
2335 -1.286349 0.042422 
2336 -1.256102 -0.193215 
2337 -1.193949 -0.218524 
2338 -1.271247 0.030844 
2339 -1.187604 -0.341259 
2340 -1.291839 0.049682 
2341 -1.271368 -0.109048 
2342 -1.280599 0.005954 
2343 -1.272107 -0.008817 
2344 -1.261544 -0.101198 
2345 -1.208607 -0.329804 
2346 -1.279472 -0.139758 
2347 -1.207941 -0.400323 
2348 -1.282616 -0.028731 
2349 -1.273003 -0.034572 
2350 -1.174296 -0.408583 
2351 -1.221662 -0.450035 
2352 -1.226791 -0.211319 
2353 -1.173506 -0.395379 
2354 -1.220123 -0.268223 
2355 -1.234559 -0.224803 
2356 -1.243693 -0.070114 
2357 -1.205187 -0.280936 
2358 -1.264714 -0.159733 
2359 -1.278654 -0.077781 
2360 -1.239930 -0.267450 
2361 -1.188922 -0.435352 
2362 -1.164406 -0.395196 
2363 -1.222974 -0.185864 
2364 -1.260419 -0.073534 
2365 -1.277471 -0.075706 
2366 -1.239556 -0.387393 
2367 -1.287243 -0.045720 
2368 -1.291945 0.014260 
2369 -1.287923 -0.053937 
2370 -1.247420 -0.263551 
2371 -1.252736 -0.157103 
2372 -1.235416 -0.153440 
2373 -1.264117 -0.163337 
2374 -1.199049 -0.446250 
2375 -1.276721 -0.050210 
2376 -1.242747 -0.129174 
2377 -1.202626 -0.418524 
2378 -1.204005 -0.373697 
2379 -1.261943 -0.217462 
2380 -1.299786 -0.047373 
2381 -1.276323 0.002678 
2382 -1.218686 -0.176346 
2383 -1.251929 -0.090980 
2384 -1.219514 -0.236835 
2385 -1.240007 -0.239003 
2386 -1.206373 -0.457381 
2387 -1.257982 -0.228754 
2388 -1.245841 -0.364830 
2389 -1.309842 0.045522 
2390 -1.256989 -0.073804 
2391 -1.282535 -0.064486 
2392 -1.247534 0.046062 
2393 -1.291164 0.049049 
2394 -1.273548 0.069767 
2395 -1.221919 -0.089226 
2396 -1.246441 0.024453 
2397 -1.307827 -0.017656 
2398 -1.261016 -0.097772 
2399 -1.248833 -0.147778 
2400 -1.291422 0.011963 
2401 -1.238806 -0.093922 
2402 -1.360422 0.207000 
2403 -1.226414 -0.216006 
2404 -1.286595 -0.181628 
2405 -1.216354 -0.484760 
2406 -1.251293 -0.242207 
2407 -1.206640 -0.304461 
2408 -1.256764 -0.131598 
2409 -1.200772 -0.350650 
2410 -1.265305 -0.001071 
2411 -1.225797 -0.260803 
2412 -1.233331 -0.236864 
2413 -1.221230 -0.207285 
2414 -1.269754 0.039979 
2415 -1.236971 -0.116005 
2416 -1.302484 -0.002312 
2417 -1.342581 0.189832 
2418 -1.244531 -0.191087 
2419 -1.217232 -0.149299 
2420 -1.252140 -0.065185 
2421 -1.267222 0.025563 
2422 -1.320512 0.249234 
2423 -1.280512 -0.071482 
2424 -1.309992 0.144348 
2425 -1.189200 -0.370008 
2426 -1.201205 -0.176033 
2427 -1.158506 -0.373447 
2428 -1.129574 -0.436305 
2429 -1.209780 -0.412504 
2430 -1.212957 -0.172144 
2431 -1.231765 0.122082 
