1677 2
3 -1.612051 -1.081518 
4 -1.470186 -1.081921 
5 -0.400535 -1.180428 
6 -0.404602 -1.178283 
7 -0.391295 -1.181252 
8 -0.505377 -1.172180 
9 -0.522793 -1.194395 
10 -0.181868 -1.242090 
11 -0.171329 -1.241308 
12 -0.063399 -1.268058 
13 -0.350892 -1.220873 
14 -0.298155 -1.225099 
15 -0.348765 -1.195256 
16 -0.613067 -1.164279 
17 -0.711742 -1.160996 
18 -0.519515 -1.172329 
19 -0.335164 -1.208946 
20 -0.644228 -1.165647 
21 -0.590178 -1.188505 
22 -0.809511 -1.153028 
23 -0.510802 -1.181440 
24 -0.263488 -1.237512 
25 -0.157528 -1.256331 
26 0.091665 -1.299892 
27 0.022203 -1.294337 
28 -0.281202 -1.212977 
29 -0.683376 -1.138288 
30 -0.281478 -1.200743 
31 -0.183496 -1.215970 
32 0.054041 -1.269149 
33 0.183459 -1.298462 
34 0.029764 -1.263085 
35 -0.340124 -1.206774 
36 -0.499340 -1.166991 
37 0.039774 -1.273457 
38 -0.119709 -1.233511 
39 -0.037046 -1.243876 
40 0.184271 -1.285605 
41 0.254290 -1.308036 
42 -0.044395 -1.253862 
43 -0.030773 -1.247413 
44 0.245123 -1.325146 
45 0.179954 -1.307819 
46 0.116835 -1.302829 
47 0.081627 -1.282119 
48 -0.288318 -1.196664 
49 -0.019856 -1.253681 
50 0.172243 -1.305873 
51 -0.200727 -1.226288 
52 -0.168216 -1.241199 
53 -0.013745 -1.273535 
54 -0.200839 -1.227656 
55 -0.333232 -1.219487 
56 -0.466615 -1.199343 
57 -0.482038 -1.188392 
58 -0.497429 -1.188671 
59 -0.348571 -1.230699 
60 -0.001896 -1.284505 
61 -0.002957 -1.287585 
62 -0.414605 -1.201043 
63 -0.135909 -1.257071 
64 -0.098850 -1.262731 
65 -0.178151 -1.244364 
66 -0.348224 -1.207254 
67 -0.199038 -1.214602 
68 -0.453407 -1.183898 
69 -0.503097 -1.177151 
70 -0.626007 -1.141564 
71 -0.177380 -1.241154 
72 -0.704235 -1.145545 
73 -0.457350 -1.180267 
74 -0.486872 -1.181724 
75 -0.442978 -1.186656 
76 -0.054805 -1.253973 
77 -0.257403 -1.206890 
78 -0.308559 -1.210322 
79 -0.072979 -1.244333 
80 -0.587693 -1.155134 
81 -0.186884 -1.228086 
82 -0.123373 -1.240021 
83 -0.032264 -1.271034 
84 -0.511571 -1.173714 
85 -0.414230 -1.182010 
86 -0.041093 -1.260345 
87 0.086521 -1.297777 
88 0.023570 -1.288000 
89 -0.009369 -1.277566 
90 0.088344 -1.305625 
91 0.356888 -1.359062 
92 0.052308 -1.285118 
93 -0.431244 -1.186351 
94 -0.440785 -1.199793 
95 -0.321505 -1.216549 
96 -0.274603 -1.225849 
97 -0.195424 -1.242957 
98 -0.089121 -1.256558 
99 -0.257874 -1.243817 
100 -0.093023 -1.259352 
101 -0.469872 -1.184073 
102 -0.389352 -1.194152 
103 -0.347639 -1.200933 
104 -0.331675 -1.205258 
105 -0.517610 -1.165557 
106 -0.567211 -1.149591 
107 -0.729867 -1.123578 
108 -0.426128 -1.167887 
109 -0.279081 -1.204385 
110 -0.666100 -1.129244 
111 -0.379113 -1.169073 
112 -0.407782 -1.171528 
113 -0.074939 -1.235103 
114 -0.134303 -1.221109 
115 -0.302647 -1.187800 
116 -0.223845 -1.199307 
117 -0.731344 -1.130786 
118 -0.453915 -1.183569 
119 -0.750926 -1.130872 
120 -0.920772 -1.105616 
121 -0.714442 -1.145009 
122 -0.991653 -1.112531 
123 -1.015260 -1.091529 
124 -0.908280 -1.113033 
125 -1.117185 -1.108630 
126 -0.895193 -1.108609 
127 -0.832171 -1.118667 
128 -0.255097 -1.196328 
129 -0.145037 -1.222529 
130 -0.697706 -1.124225 
131 -0.668913 -1.119379 
132 -0.588379 -1.148828 
133 -0.374346 -1.184243 
134 -0.366712 -1.185350 
135 -0.678351 -1.134692 
136 -0.469368 -1.163547 
137 -0.692046 -1.146225 
138 -0.707234 -1.131915 
139 -0.862106 -1.125357 
140 -1.004137 -1.106585 
141 -0.671712 -1.148936 
142 -0.557630 -1.160161 
143 -0.607643 -1.150978 
144 -0.319689 -1.189460 
145 -0.519554 -1.165850 
146 -0.740697 -1.144803 
147 -0.450008 -1.176364 
148 -0.830252 -1.124454 
149 -0.909379 -1.117054 
150 -0.633963 -1.141804 
151 -0.841993 -1.117344 
152 -0.739730 -1.136014 
153 -0.584968 -1.160956 
154 -0.370735 -1.189032 
155 -0.896238 -1.129437 
156 -0.808798 -1.127676 
157 -0.763860 -1.140123 
158 -0.466964 -1.170045 
159 -0.640741 -1.150937 
160 -0.430653 -1.168706 
161 -0.451899 -1.165759 
162 -0.443605 -1.178229 
163 -0.772784 -1.118468 
164 -0.666378 -1.144931 
165 -0.836804 -1.115030 
166 -0.950375 -1.101397 
167 -0.897987 -1.112573 
168 -0.540260 -1.149003 
169 -0.665304 -1.138280 
170 -0.705022 -1.139379 
171 -0.233985 -1.221267 
172 -0.598757 -1.138319 
173 -0.865068 -1.103836 
174 -0.359369 -1.194859 
175 -0.900170 -1.118959 
176 -0.824710 -1.120293 
177 -1.036975 -1.087788 
178 -0.765950 -1.118701 
179 -0.620804 -1.142366 
180 -0.507779 -1.181451 
181 -0.251491 -1.211632 
182 -0.357672 -1.188550 
183 -0.295628 -1.191689 
184 -0.207662 -1.218730 
185 -0.073461 -1.255276 
186 0.205144 -1.304146 
187 0.004625 -1.255079 
188 -0.200247 -1.240034 
189 0.210014 -1.323307 
190 0.397901 -1.356061 
191 0.078662 -1.286945 
192 0.474641 -1.392780 
193 0.320597 -1.364568 
194 0.394423 -1.366730 
195 0.328673 -1.356830 
196 0.549158 -1.419840 
197 0.603595 -1.434427 
198 0.348239 -1.364735 
199 0.502729 -1.399587 
200 0.311751 -1.357722 
201 0.175410 -1.318011 
202 0.199642 -1.309740 
203 0.154464 -1.301028 
204 0.198140 -1.310168 
205 0.366975 -1.363176 
206 0.302862 -1.325025 
207 0.382677 -1.353555 
208 0.075496 -1.258915 
209 0.134733 -1.292183 
210 0.052814 -1.273020 
211 -0.158045 -1.221040 
212 0.060309 -1.265865 
213 0.187497 -1.293662 
214 0.396858 -1.352071 
215 0.344019 -1.344478 
216 0.465396 -1.365771 
217 0.464542 -1.390957 
218 0.345080 -1.336429 
219 0.471488 -1.388098 
220 0.416493 -1.374199 
221 0.417852 -1.366421 
222 0.049956 -1.254237 
223 0.440633 -1.362499 
224 0.252585 -1.307232 
225 0.239913 -1.311979 
226 -0.134338 -1.217275 
227 0.253145 -1.310473 
228 0.209419 -1.303667 
229 0.420323 -1.348152 
230 0.241715 -1.305702 
231 0.074352 -1.252735 
232 0.358867 -1.351232 
233 0.359198 -1.348014 
234 0.344422 -1.348760 
235 0.071483 -1.275209 
236 -0.128529 -1.231301 
237 -0.059447 -1.256797 
238 0.406079 -1.389427 
239 -0.028830 -1.277793 
240 0.171175 -1.312353 
241 0.003774 -1.274284 
242 0.171297 -1.321225 
243 0.372096 -1.362108 
244 0.098681 -1.295462 
245 0.077145 -1.278956 
246 0.045969 -1.284491 
247 -0.199857 -1.234211 
248 -0.260335 -1.203067 
249 0.078377 -1.301155 
250 -0.399520 -1.211290 
251 -0.153120 -1.255802 
252 -0.345246 -1.215632 
253 -0.707336 -1.145892 
254 -0.764807 -1.131750 
255 -0.386642 -1.194420 
256 -0.448307 -1.190243 
257 -0.460700 -1.197825 
258 -0.635311 -1.174809 
259 -0.451958 -1.214202 
260 -0.481833 -1.195721 
261 -0.639790 -1.181288 
262 -0.612269 -1.157088 
263 -0.878759 -1.145384 
264 -1.118582 -1.114958 
265 -1.326476 -1.121437 
266 -1.441940 -1.142917 
267 -1.555571 -1.105822 
268 -2.612559 -1.473217 
269 -3.013718 -1.528727 
270 -2.579309 -1.479351 
271 -2.982222 -1.750919 
272 -2.305418 -1.363879 
273 -2.151820 -1.334626 
274 -2.044014 -1.260767 
275 -2.231312 -1.332207 
276 -2.190671 -1.324961 
277 -2.079599 -1.286577 
278 -2.000854 -1.251207 
279 -1.589564 -1.165585 
280 -1.564755 -1.156306 
281 -1.650276 -1.158775 
282 -1.861324 -1.207260 
283 -1.825433 -1.189307 
284 -1.755603 -1.176788 
285 -1.637156 -1.147040 
286 -1.267735 -1.133725 
287 -1.563622 -1.157732 
288 -1.441416 -1.147618 
289 -1.684897 -1.139534 
290 -1.524371 -1.123642 
291 -1.182579 -1.122725 
292 -1.292230 -1.133558 
293 -1.051213 -1.131401 
294 -1.209899 -1.133997 
295 -0.929909 -1.147970 
296 -1.350658 -1.120027 
297 -1.224461 -1.101471 
298 -1.220042 -1.115918 
299 -1.326948 -1.125481 
300 -1.192432 -1.124990 
301 -0.824841 -1.150710 
302 -0.753786 -1.156179 
303 -0.511706 -1.173303 
304 -0.548067 -1.174809 
305 -0.666642 -1.153738 
306 -0.733070 -1.144842 
307 -1.036675 -1.121153 
308 -0.821114 -1.134187 
309 -1.070566 -1.105029 
310 -0.936786 -1.106614 
311 -0.824301 -1.112443 
312 -1.087496 -1.097002 
313 -0.699792 -1.126313 
314 -0.842359 -1.121714 
315 -0.681890 -1.149075 
316 -0.646292 -1.150892 
317 -0.787964 -1.135657 
318 -0.618416 -1.166297 
319 -0.800846 -1.119237 
320 -0.593345 -1.145754 
321 -0.436549 -1.173612 
322 -0.173321 -1.223295 
323 -0.149449 -1.226793 
324 -0.253678 -1.215686 
325 -0.448822 -1.187926 
326 -0.804312 -1.161253 
327 -0.684611 -1.159740 
328 -0.473966 -1.171765 
329 -0.628548 -1.149581 
330 -0.667597 -1.155841 
331 -0.683224 -1.148602 
332 -0.814020 -1.137967 
333 -0.997316 -1.115754 
334 -0.948309 -1.147798 
335 -0.976177 -1.133226 
336 -0.854317 -1.149154 
337 -0.761383 -1.156777 
338 -0.895462 -1.135871 
339 -1.006983 -1.124056 
340 -0.990346 -1.122967 
341 -0.731834 -1.136868 
342 -0.428670 -1.189488 
343 0.018345 -1.276603 
344 0.034911 -1.288734 
345 -0.006656 -1.263358 
346 0.077603 -1.274809 
347 0.403562 -1.362444 
348 0.449905 -1.368014 
349 0.039005 -1.263488 
350 0.055147 -1.271377 
351 -0.160726 -1.237334 
352 -0.177850 -1.212200 
353 -0.087596 -1.228200 
354 0.016461 -1.262954 
355 -0.169445 -1.211248 
356 -0.005239 -1.246751 
357 0.158066 -1.262387 
358 -0.253937 -1.191253 
359 -0.027490 -1.266031 
360 -0.274848 -1.206893 
361 -0.199938 -1.222682 
362 -0.135520 -1.219672 
363 -0.163044 -1.212955 
364 -0.614367 -1.148549 
365 -0.497215 -1.175151 
366 -0.087117 -1.252547 
367 -0.034132 -1.255976 
368 0.044785 -1.267095 
369 -0.082689 -1.260286 
370 0.314867 -1.348960 
371 -0.116719 -1.247265 
372 0.147706 -1.311782 
373 -0.121577 -1.228296 
374 -0.332361 -1.198293 
375 -0.250077 -1.209270 
376 -0.708454 -1.139811 
377 -0.627171 -1.149076 
378 -0.397393 -1.205362 
379 -0.473304 -1.197456 
380 -0.553775 -1.170002 
381 -0.452010 -1.188760 
382 -0.260928 -1.232365 
383 -0.037963 -1.256068 
384 -0.268155 -1.228788 
385 -0.655250 -1.149353 
386 -0.471546 -1.176572 
387 -0.778273 -1.132612 
388 -0.962248 -1.119705 
389 -0.666419 -1.150925 
390 -1.054448 -1.115131 
391 -0.949134 -1.138030 
392 -0.628529 -1.164915 
393 -0.619983 -1.150512 
394 -0.684509 -1.146796 
395 -1.031905 -1.109123 
396 -1.210265 -1.114223 
397 -1.009270 -1.120072 
398 -0.915687 -1.113598 
399 -1.127444 -1.108916 
400 -0.895569 -1.115319 
401 -0.976218 -1.125279 
402 -1.080720 -1.107817 
403 -0.917284 -1.126543 
404 -0.730025 -1.111965 
405 -0.744734 -1.129006 
406 -0.720698 -1.127956 
407 -0.784194 -1.131630 
408 -0.910604 -1.112742 
409 -0.650290 -1.134825 
410 -1.037550 -1.093773 
411 -1.005616 -1.111755 
412 -1.232160 -1.095383 
413 -1.457761 -1.115502 
414 -1.494527 -1.121105 
415 -1.136441 -1.112629 
416 -1.147491 -1.112672 
417 -1.342896 -1.127014 
418 -1.483485 -1.102014 
419 -1.357135 -1.064859 
420 -1.436405 -1.091042 
421 -1.232906 -1.086703 
422 -1.271745 -1.084208 
423 -1.381014 -1.131356 
424 -1.354290 -1.099670 
425 -1.141791 -1.101170 
426 -1.171028 -1.102291 
427 -1.170829 -1.126436 
428 -1.123952 -1.111366 
429 -1.063328 -1.124657 
430 -0.847160 -1.145140 
431 -0.799444 -1.156268 
432 -0.813729 -1.144243 
433 -0.869557 -1.108238 
434 -0.887410 -1.120905 
435 -1.049525 -1.106130 
436 -0.459300 -1.191148 
437 -0.702370 -1.162135 
438 -0.825139 -1.139696 
439 -0.383033 -1.206135 
440 -0.816055 -1.128059 
441 -0.664402 -1.137203 
442 -0.587972 -1.157978 
443 -0.451759 -1.176564 
444 -0.307791 -1.187817 
445 -0.316238 -1.195623 
446 -0.447381 -1.169345 
447 -0.703199 -1.144454 
448 -0.794068 -1.130581 
449 -0.129030 -1.245789 
450 -0.642227 -1.161493 
451 -0.521691 -1.181822 
452 -0.367932 -1.206109 
453 -0.351759 -1.203771 
454 -0.562282 -1.161791 
455 -0.258295 -1.219608 
456 -0.132031 -1.239452 
457 -0.394494 -1.192304 
458 -0.143782 -1.244138 
459 -0.094031 -1.249960 
460 -0.433305 -1.198690 
461 -0.505123 -1.180581 
462 -0.441960 -1.181551 
463 -0.240469 -1.210867 
464 -0.220689 -1.210665 
465 -0.509345 -1.165563 
466 -0.296520 -1.212538 
467 -0.320981 -1.217192 
468 -0.498473 -1.176155 
469 -0.589332 -1.177179 
470 -0.441537 -1.203558 
471 -0.789292 -1.147702 
472 -0.873560 -1.140278 
473 -0.889868 -1.142792 
474 -0.650736 -1.153559 
475 -0.979110 -1.103434 
476 -0.768104 -1.143552 
477 -0.555307 -1.176090 
478 -0.484097 -1.200969 
479 -0.640595 -1.180727 
480 -0.228555 -1.229196 
481 -0.455913 -1.204056 
482 -0.130151 -1.267074 
483 -0.444373 -1.180004 
484 -0.032953 -1.267067 
485 -0.478100 -1.200757 
486 -0.535667 -1.171877 
487 -0.300266 -1.223276 
488 -0.045547 -1.268307 
489 0.089423 -1.304053 
490 -0.384564 -1.222506 
491 -0.267420 -1.245319 
492 -0.047688 -1.279703 
493 -0.106267 -1.266972 
494 -0.122382 -1.263356 
495 -0.257577 -1.243553 
496 -0.256934 -1.246622 
497 -0.180499 -1.263338 
498 -0.709270 -1.171724 
499 -0.444375 -1.214030 
500 -0.454481 -1.204201 
501 -0.335057 -1.230046 
502 -0.370638 -1.212266 
503 -0.302065 -1.222559 
504 -0.645101 -1.159778 
505 -0.670640 -1.157266 
506 -0.648901 -1.164608 
507 -0.375665 -1.201590 
508 -0.611263 -1.177376 
509 -0.478400 -1.186878 
510 -0.622909 -1.168933 
511 -0.839939 -1.133252 
512 -0.402314 -1.204696 
513 -0.769379 -1.145269 
514 -0.302803 -1.210999 
515 -0.507020 -1.180542 
516 -0.323502 -1.216962 
517 -0.245567 -1.220855 
518 -0.694715 -1.165523 
519 -0.488002 -1.185621 
520 -0.429432 -1.195618 
521 -0.636500 -1.168131 
522 -0.903411 -1.144493 
523 -0.865543 -1.136739 
524 -0.538793 -1.166513 
525 -0.518918 -1.179814 
526 -0.735363 -1.148506 
527 -0.481663 -1.189618 
528 -0.282571 -1.217817 
529 -0.594312 -1.158041 
530 -0.608952 -1.164038 
531 -0.590953 -1.167575 
532 -0.502134 -1.174903 
533 -0.724240 -1.157190 
534 -0.699150 -1.165432 
535 -0.489672 -1.185223 
536 -0.202728 -1.230909 
537 -0.158006 -1.217897 
538 -0.484193 -1.175349 
539 -0.562699 -1.153672 
540 -0.530863 -1.180204 
541 -0.358903 -1.194096 
542 -0.673809 -1.137955 
543 -0.523031 -1.161097 
544 -0.603454 -1.171918 
545 -0.146209 -1.256796 
546 -0.329042 -1.210992 
547 -0.320356 -1.234191 
548 -0.331324 -1.220888 
549 -0.129908 -1.245097 
550 -0.091037 -1.242415 
551 0.123791 -1.296050 
552 0.177483 -1.315577 
553 0.192006 -1.319317 
554 0.109146 -1.298478 
555 -0.168763 -1.247623 
556 0.072538 -1.303760 
557 -0.045526 -1.278764 
558 -0.287974 -1.234548 
559 -0.266244 -1.223908 
560 -0.435078 -1.194234 
561 -0.337366 -1.211497 
562 -0.638507 -1.153006 
563 -0.967662 -1.116357 
564 -0.883068 -1.143206 
565 -0.991626 -1.127468 
566 -1.022499 -1.107327 
567 -1.100713 -1.110920 
568 -0.966882 -1.116182 
569 -0.395435 -1.196033 
570 -0.572670 -1.194900 
571 -0.512053 -1.196517 
572 -0.293634 -1.222278 
573 -0.651032 -1.171694 
574 -0.401024 -1.194705 
575 -0.405813 -1.204516 
576 -0.388296 -1.228227 
577 -0.570803 -1.179761 
578 -0.034222 -1.312763 
579 -0.049083 -1.321648 
580 0.185734 -1.364848 
581 0.154884 -1.355372 
582 -0.985654 -1.179352 
583 -1.069983 -1.157760 
584 -0.746594 -1.197919 
585 -0.872671 -1.184387 
586 -1.077505 -1.178272 
587 -0.799545 -1.194637 
588 -1.613355 -1.129825 
619 1.622723 -1.926527 
620 0.910386 -1.616539 
621 0.231775 -1.387878 
622 0.781582 -1.558184 
623 0.701943 -1.533583 
624 0.538120 -1.469386 
625 0.304409 -1.391827 
626 0.225302 -1.367404 
627 0.305553 -1.378011 
628 0.327232 -1.383331 
629 0.310931 -1.375049 
630 0.031367 -1.301585 
631 0.118840 -1.327281 
632 -0.143674 -1.261535 
633 -0.463625 -1.210364 
634 -0.446557 -1.212610 
635 -0.256455 -1.253280 
636 0.000923 -1.306262 
637 -0.396941 -1.222342 
638 -0.191678 -1.266860 
639 -0.018460 -1.292390 
640 -0.282901 -1.244421 
641 -0.324283 -1.229663 
642 -0.425746 -1.212488 
643 -0.136909 -1.265825 
644 -0.054724 -1.269590 
645 -0.132035 -1.254260 
646 -0.395566 -1.210619 
647 -0.132440 -1.268523 
648 -0.330447 -1.221898 
649 -0.490751 -1.188697 
650 -0.428018 -1.210112 
651 -0.263121 -1.245426 
652 -0.212928 -1.254293 
653 0.091521 -1.304686 
654 -0.014383 -1.279876 
655 -0.148984 -1.264069 
656 -0.522217 -1.185339 
657 -0.248927 -1.245390 
658 -0.477919 -1.185351 
659 -0.042654 -1.272897 
660 -0.047781 -1.284465 
661 0.005586 -1.309725 
662 -0.322426 -1.250785 
663 -0.189251 -1.257554 
664 0.007966 -1.308976 
665 0.013731 -1.303696 
666 -0.021511 -1.300189 
667 0.310462 -1.368420 
668 0.301115 -1.366269 
669 0.303088 -1.381666 
670 0.306186 -1.389974 
671 -0.064465 -1.281364 
672 -0.182654 -1.249537 
673 0.237683 -1.349917 
674 0.097817 -1.313887 
675 0.078019 -1.313547 
676 0.228099 -1.341064 
677 0.065808 -1.310975 
678 0.054833 -1.324658 
679 -0.129127 -1.282183 
680 -0.170388 -1.262115 
681 -0.364249 -1.231410 
682 0.006211 -1.300940 
683 -0.150231 -1.261175 
684 -0.521928 -1.206034 
685 -0.659152 -1.191710 
686 -0.473729 -1.210415 
687 -0.572713 -1.199462 
688 -0.698103 -1.172865 
689 -0.364167 -1.229829 
690 -0.625322 -1.190869 
691 -0.371994 -1.238104 
692 -0.084509 -1.289315 
693 -0.171560 -1.267147 
694 -0.064412 -1.293236 
695 -0.098844 -1.266577 
696 -0.060369 -1.283881 
697 -0.596909 -1.182516 
698 -0.498246 -1.209905 
699 -0.269692 -1.251548 
700 -0.440457 -1.209260 
701 -0.552273 -1.201470 
702 -0.435589 -1.222303 
703 -0.002577 -1.294385 
704 -0.438709 -1.219200 
705 -0.466958 -1.204666 
706 -0.390215 -1.224189 
707 -0.560180 -1.201144 
708 -0.621627 -1.196388 
709 -0.282759 -1.246213 
710 -0.012672 -1.293805 
711 0.062501 -1.302052 
712 -0.326334 -1.226065 
713 0.035478 -1.292583 
714 0.110436 -1.299629 
715 0.332698 -1.380026 
716 0.035537 -1.304730 
717 0.101657 -1.319037 
718 0.152377 -1.311203 
719 0.242322 -1.333997 
720 -0.023355 -1.270124 
721 0.028836 -1.298374 
722 -0.053995 -1.271621 
723 -0.014889 -1.289376 
724 -0.289524 -1.227356 
725 0.048771 -1.298031 
726 -0.090331 -1.267102 
727 -0.253830 -1.234975 
728 -0.077667 -1.289907 
729 0.003469 -1.284213 
730 -0.146249 -1.248679 
731 -0.544150 -1.179832 
732 -0.375481 -1.206973 
733 -0.322898 -1.225159 
734 -0.306144 -1.225844 
735 -0.245926 -1.242897 
736 -0.237434 -1.237019 
737 -0.274681 -1.236246 
738 -0.267356 -1.227066 
739 -0.519579 -1.175002 
740 -0.392979 -1.209006 
741 -0.338772 -1.213408 
742 -0.769336 -1.138427 
743 -0.798371 -1.139329 
744 -0.627414 -1.162890 
745 -0.513405 -1.192496 
746 -0.456502 -1.198686 
747 -0.350670 -1.209553 
748 -0.379591 -1.198966 
749 -0.252505 -1.218663 
750 -0.053476 -1.264577 
751 -0.016587 -1.295385 
752 0.092303 -1.321335 
753 0.178863 -1.329069 
754 0.054661 -1.291323 
755 -0.005422 -1.290583 
756 -0.032842 -1.279039 
757 0.020495 -1.288678 
758 0.036156 -1.295037 
759 -0.098114 -1.268037 
760 -0.128224 -1.251323 
761 -0.089731 -1.255991 
762 0.010083 -1.284402 
763 -0.207311 -1.237892 
764 -0.290281 -1.228615 
765 -0.212916 -1.232451 
766 -0.342575 -1.216202 
767 -0.029824 -1.295954 
768 0.034556 -1.291450 
769 0.279165 -1.353379 
770 -0.058553 -1.260000 
771 -0.046443 -1.270258 
772 0.059680 -1.301221 
773 0.311454 -1.357432 
774 0.341010 -1.370708 
775 0.160167 -1.310965 
776 0.140487 -1.316825 
777 0.018392 -1.294365 
778 -0.224583 -1.248032 
779 -0.327273 -1.218854 
780 0.095956 -1.314426 
781 -0.200296 -1.240639 
782 -0.125061 -1.253669 
783 -0.347504 -1.213031 
784 0.123832 -1.330468 
785 -0.229889 -1.240248 
786 0.269707 -1.346892 
787 0.034422 -1.300479 
788 0.298390 -1.362896 
789 0.076109 -1.300112 
790 -0.172355 -1.258452 
791 0.005934 -1.306629 
792 0.130291 -1.322065 
793 -0.096776 -1.271985 
794 -0.265140 -1.233960 
795 0.092291 -1.310547 
796 -0.357430 -1.225464 
797 -0.145723 -1.271485 
798 -0.333925 -1.220752 
799 -0.214371 -1.247101 
800 0.028099 -1.302486 
801 -0.177112 -1.252000 
802 -0.139964 -1.252952 
803 -0.405879 -1.209830 
804 -0.211849 -1.254712 
805 -0.184615 -1.266361 
806 -0.338671 -1.238479 
807 -0.202325 -1.260191 
808 0.242329 -1.351628 
809 0.089096 -1.304452 
810 -0.013760 -1.289685 
811 -0.036611 -1.299180 
812 0.145673 -1.324946 
813 -0.269177 -1.220314 
814 -0.372920 -1.202988 
815 -0.486012 -1.190669 
816 -0.312336 -1.233625 
817 -0.113105 -1.268744 
818 -0.104026 -1.278057 
819 0.155892 -1.332401 
820 -0.075746 -1.295231 
821 0.000779 -1.311979 
822 0.081737 -1.327613 
823 -0.130494 -1.278282 
824 -0.012173 -1.294282 
825 0.296734 -1.365082 
826 0.405305 -1.382124 
827 0.257610 -1.347626 
828 0.355094 -1.377794 
829 0.235225 -1.350170 
830 0.045477 -1.300321 
831 0.177434 -1.336540 
832 -0.088515 -1.279800 
833 0.221084 -1.349505 
834 0.097873 -1.308382 
835 0.350802 -1.369059 
836 0.121312 -1.321408 
837 0.380237 -1.371146 
838 0.158857 -1.321164 
839 -0.013306 -1.271689 
840 0.299644 -1.349947 
841 0.314466 -1.363638 
842 0.514291 -1.409125 
843 0.109669 -1.305708 
844 0.200172 -1.338513 
845 0.204422 -1.329417 
846 0.322397 -1.365387 
847 -0.057163 -1.263856 
848 -0.076496 -1.263304 
849 0.173703 -1.311031 
850 0.179270 -1.310957 
851 0.269053 -1.350501 
852 -0.260255 -1.221313 
853 0.122298 -1.303317 
854 0.179776 -1.316745 
855 -0.123792 -1.258318 
856 -0.412838 -1.202634 
857 -0.315036 -1.211273 
858 -0.318885 -1.201059 
859 -0.357698 -1.214267 
860 0.047904 -1.294787 
861 0.318600 -1.363716 
862 0.396840 -1.394990 
863 0.371084 -1.371612 
864 0.227829 -1.339170 
865 0.111014 -1.317495 
866 0.262954 -1.347829 
867 0.160071 -1.326892 
868 -0.200307 -1.252416 
869 -0.303203 -1.227007 
870 -0.247881 -1.231514 
871 -0.233964 -1.231042 
872 -0.056369 -1.260213 
873 -0.484279 -1.196403 
874 -0.521470 -1.206589 
875 -0.292265 -1.242603 
876 -0.221504 -1.256333 
877 0.022985 -1.302192 
878 -0.259381 -1.249096 
879 -0.125642 -1.256768 
880 0.169594 -1.310352 
881 0.099057 -1.320488 
882 0.098390 -1.315247 
883 0.299588 -1.351634 
884 0.021270 -1.276780 
885 0.071009 -1.299730 
886 0.076286 -1.289835 
887 -0.157551 -1.243967 
888 -0.513542 -1.177956 
889 -0.234256 -1.231405 
890 -0.219883 -1.230275 
891 -0.310644 -1.225595 
892 -0.257853 -1.243836 
893 -0.119263 -1.255860 
894 -0.032697 -1.275618 
895 -0.268178 -1.235147 
896 -0.404710 -1.219124 
897 -0.513422 -1.189478 
898 -0.537755 -1.196659 
899 -0.170525 -1.259797 
900 -0.334488 -1.229202 
901 -0.430659 -1.206216 
902 -0.052898 -1.272844 
903 -0.212239 -1.242064 
904 -0.565334 -1.180277 
905 -0.623191 -1.180597 
906 -0.615318 -1.176133 
907 -0.437645 -1.215034 
908 -0.166278 -1.251172 
909 -0.239346 -1.248473 
910 -0.271190 -1.227503 
911 -0.369597 -1.212626 
912 -0.388305 -1.208309 
913 -0.250386 -1.244247 
914 -0.084305 -1.264448 
915 -0.123332 -1.256805 
916 -0.217811 -1.242035 
917 0.053401 -1.290133 
918 0.211505 -1.332262 
919 0.142566 -1.322071 
920 0.056125 -1.303096 
921 0.279933 -1.361362 
922 0.195472 -1.321645 
923 0.030983 -1.273325 
924 -0.087851 -1.264147 
925 -0.353375 -1.194077 
926 -0.017426 -1.276236 
927 0.073883 -1.301537 
928 0.028976 -1.283674 
929 0.060510 -1.299700 
930 0.121485 -1.311163 
931 -0.143341 -1.241482 
932 -0.225402 -1.237579 
933 -0.103068 -1.269077 
934 -0.145913 -1.260289 
935 0.103948 -1.320932 
936 -0.283664 -1.238577 
937 -0.121026 -1.273402 
938 -0.092314 -1.292331 
939 0.056042 -1.313976 
940 -0.333723 -1.231724 
941 -0.477034 -1.201822 
942 -0.125510 -1.277601 
943 -0.423409 -1.204196 
944 0.117764 -1.318371 
945 -0.275047 -1.230971 
946 -0.210954 -1.249000 
947 -0.323884 -1.217168 
948 -0.268097 -1.225024 
949 -0.408194 -1.205374 
950 -0.036001 -1.299050 
951 -0.426593 -1.209402 
952 -0.153634 -1.267891 
953 -0.575592 -1.182532 
954 -0.336784 -1.226367 
955 -0.470876 -1.197596 
956 -0.426650 -1.212099 
957 0.153440 -1.347146 
959 -0.084747 -1.266639 
960 -0.351824 -1.210145 
961 -0.096181 -1.266957 
962 -0.093180 -1.270537 
963 -0.258224 -1.244110 
964 -0.282159 -1.244901 
965 -0.377105 -1.227157 
966 -0.163333 -1.272804 
967 -0.023698 -1.294878 
968 -0.107847 -1.263349 
969 -0.445090 -1.198294 
970 -0.338165 -1.236449 
971 -0.396490 -1.226413 
972 -0.597967 -1.174964 
973 -0.514876 -1.196433 
974 -0.459398 -1.207605 
975 -0.228236 -1.258917 
976 -0.011202 -1.297228 
977 -0.076460 -1.285408 
978 0.139123 -1.330525 
979 -0.165013 -1.260928 
980 -0.241149 -1.240364 
981 -0.181441 -1.243419 
982 0.183384 -1.335881 
983 0.078782 -1.306466 
984 0.031879 -1.288048 
985 0.097917 -1.300728 
986 0.136235 -1.298247 
987 0.288357 -1.355439 
988 0.096978 -1.329532 
989 -0.162861 -1.262722 
990 0.133733 -1.325971 
991 0.166544 -1.333906 
992 0.232622 -1.354694 
993 0.252499 -1.362033 
994 -0.210821 -1.243559 
995 -0.255035 -1.234561 
996 0.180432 -1.329646 
997 0.303403 -1.355904 
998 0.246400 -1.354521 
999 0.127127 -1.321725 
1000 0.261969 -1.349197 
1001 -0.113429 -1.260594 
1002 0.275883 -1.365216 
1003 0.103097 -1.320015 
1004 0.465494 -1.402194 
1005 0.349204 -1.367311 
1006 0.215035 -1.346797 
1007 0.519455 -1.412528 
1008 0.467825 -1.407875 
1009 0.614732 -1.446902 
1010 0.549625 -1.433262 
1011 0.245859 -1.357556 
1012 0.342197 -1.369359 
1013 0.117413 -1.307204 
1014 0.011185 -1.288470 
1015 0.119492 -1.303362 
1016 0.192683 -1.329145 
1017 0.062035 -1.291975 
1018 0.301309 -1.345890 
1019 0.238699 -1.324541 
1020 0.368064 -1.349402 
1021 0.107507 -1.296136 
1022 0.334425 -1.361533 
1023 -0.091978 -1.251865 
1024 0.135814 -1.308743 
1025 0.429468 -1.375779 
1026 0.471731 -1.411939 
1027 0.235259 -1.340976 
1028 0.257291 -1.337305 
1029 0.286902 -1.349302 
1030 0.400450 -1.375917 
1031 0.525128 -1.424329 
1032 0.342684 -1.381999 
1033 0.164252 -1.337532 
1034 0.442292 -1.403248 
1035 0.153823 -1.316814 
1036 -0.073776 -1.273153 
1037 -0.048472 -1.291014 
1038 0.290763 -1.337707 
1039 -0.039583 -1.272317 
1040 -0.129859 -1.249764 
1041 0.389935 -1.390982 
1042 0.196527 -1.331535 
1043 0.258103 -1.337003 
1044 0.349526 -1.380248 
1045 0.146010 -1.307157 
1046 0.117673 -1.303013 
1047 0.369288 -1.372496 
1048 0.187827 -1.324010 
1049 -0.183600 -1.224205 
1050 -0.128729 -1.258485 
1051 0.158912 -1.325635 
1052 0.083726 -1.298617 
1053 -0.093032 -1.267200 
1054 -0.107017 -1.266406 
1055 -0.327433 -1.225414 
1056 -0.317055 -1.213743 
1057 -0.092293 -1.262388 
1058 -0.288483 -1.228572 
1059 -0.140210 -1.255710 
1060 -0.372694 -1.201363 
1061 -0.538511 -1.174142 
1062 -0.374179 -1.212384 
1063 -0.388792 -1.220811 
1064 -0.339863 -1.209003 
1065 -0.569029 -1.176475 
1066 -0.491879 -1.200698 
1067 -0.193573 -1.257768 
1068 -0.124735 -1.263359 
1069 -0.313133 -1.205124 
1070 -0.585133 -1.169324 
1071 -0.198213 -1.242550 
1072 -0.157249 -1.239932 
1073 -0.096839 -1.239695 
1074 -0.037070 -1.265840 
1075 -0.301090 -1.214987 
1076 -0.138644 -1.246749 
1077 -0.364611 -1.209885 
1078 -0.236971 -1.234666 
1079 -0.283008 -1.220699 
1080 0.066973 -1.304688 
1081 -0.116610 -1.262770 
1082 0.156993 -1.308686 
1083 -0.162540 -1.245027 
1084 -0.303628 -1.220626 
1085 0.035979 -1.290453 
1086 -0.119800 -1.239336 
1087 -0.477064 -1.166928 
1088 -0.479987 -1.179432 
1089 -0.109603 -1.251342 
1090 -0.560973 -1.158304 
1091 -0.056106 -1.259658 
1092 -0.178836 -1.244023 
1093 -0.165814 -1.256529 
1094 -0.343826 -1.225476 
1095 -0.363824 -1.204618 
1096 -0.033059 -1.265360 
1097 -0.048844 -1.260065 
1098 -0.057104 -1.276796 
1099 -0.237491 -1.236654 
1100 -0.238292 -1.223288 
1101 -0.289337 -1.220072 
1102 0.074771 -1.302630 
1103 -0.069953 -1.278944 
1104 -0.219902 -1.239549 
1105 -0.277023 -1.245130 
1106 -0.257146 -1.231181 
1107 0.047168 -1.288836 
1108 -0.400969 -1.209609 
1109 -0.447546 -1.188825 
1110 -0.103159 -1.255600 
1111 -0.142120 -1.249414 
1112 -0.355312 -1.217105 
1113 -0.159808 -1.244917 
1114 -0.487675 -1.184449 
1115 -0.420921 -1.195297 
1116 -0.325863 -1.220567 
1117 -0.085217 -1.277386 
1118 0.108075 -1.319854 
1119 -0.045690 -1.293049 
1120 -0.130179 -1.275370 
1121 -0.180145 -1.245711 
1122 -0.375618 -1.200686 
1123 -0.393849 -1.181994 
1124 -0.331408 -1.218242 
1125 -0.340710 -1.211797 
1126 -0.218499 -1.227697 
1127 -0.000804 -1.280352 
1128 -0.038717 -1.281518 
1129 0.181649 -1.326065 
1130 0.131285 -1.304826 
1131 -0.047886 -1.261018 
1132 0.041147 -1.278840 
1133 0.140799 -1.298921 
1134 0.217126 -1.320017 
1135 0.413677 -1.382236 
1136 0.301633 -1.351956 
1137 0.052672 -1.280745 
1138 -0.106204 -1.242898 
1139 -0.168683 -1.236681 
1140 -0.091656 -1.249850 
1141 -0.214220 -1.221043 
1142 0.231456 -1.329450 
1143 0.121284 -1.294862 
1144 -0.201337 -1.229439 
1145 -0.290306 -1.218583 
1146 -0.184581 -1.257061 
1147 0.031233 -1.308663 
1148 -0.168760 -1.260075 
1149 -0.178525 -1.261550 
1150 -0.310432 -1.241195 
1151 0.139400 -1.340678 
1152 -0.324676 -1.241828 
1153 -0.186279 -1.278313 
1154 -0.044158 -1.304131 
1155 0.128082 -1.332567 
1156 -0.187292 -1.271690 
1157 -0.272359 -1.252067 
1158 -0.164655 -1.251181 
1159 -0.026251 -1.288988 
1160 -0.053330 -1.294345 
1161 0.279519 -1.368772 
1162 0.122014 -1.318491 
1163 -0.036325 -1.290726 
1164 -0.075123 -1.273469 
1165 -0.179607 -1.258590 
1166 0.096334 -1.308728 
1167 -0.376459 -1.212308 
1168 -0.450719 -1.198923 
1169 0.064863 -1.313497 
1170 0.011446 -1.300717 
1171 -0.349378 -1.223461 
1172 0.124814 -1.322876 
1173 -0.174267 -1.254914 
1174 0.233350 -1.333302 
1175 0.049884 -1.285452 
1176 -0.056619 -1.291561 
1177 -0.190539 -1.242968 
1178 -0.205768 -1.242943 
1179 -0.220194 -1.241328 
1180 -0.338673 -1.215787 
1181 0.137670 -1.320221 
1182 0.171311 -1.339476 
1183 0.019967 -1.304498 
1184 0.357161 -1.371876 
1185 0.371308 -1.381802 
1186 0.287590 -1.359014 
1187 -0.100236 -1.269629 
1188 0.101664 -1.308708 
1189 0.292561 -1.359227 
1190 0.024205 -1.306711 
1191 -0.040405 -1.282944 
1192 -0.123567 -1.261703 
1193 -0.034178 -1.274875 
1194 0.216613 -1.353067 
1195 0.237301 -1.349762 
1196 0.195464 -1.342637 
1197 0.337847 -1.380319 
1198 0.152973 -1.322954 
1199 0.102044 -1.306145 
1200 0.029642 -1.290433 
1201 -0.039617 -1.271509 
1202 -0.013862 -1.284927 
1203 0.253535 -1.361475 
1204 0.201932 -1.326962 
1205 0.101173 -1.311990 
1206 -0.274021 -1.241253 
1207 0.034424 -1.306413 
1208 -0.155914 -1.257823 
1209 0.025973 -1.296269 
1210 0.150796 -1.301917 
1211 -0.209751 -1.238167 
1212 -0.054662 -1.268003 
1213 -0.434901 -1.194402 
1214 -0.407900 -1.202737 
1215 -0.566284 -1.186512 
1216 -0.490100 -1.196889 
1217 -0.542444 -1.186518 
1218 -0.370454 -1.218314 
1219 -0.187979 -1.246165 
1220 -0.482508 -1.178198 
1221 -0.171358 -1.252909 
1222 0.003114 -1.297083 
1223 -0.427838 -1.198012 
1224 -0.536618 -1.195506 
1225 -0.163764 -1.251165 
1226 -0.531838 -1.174294 
1227 -0.116840 -1.270703 
1228 -0.427417 -1.215994 
1229 -0.360103 -1.234928 
1230 -0.083650 -1.282323 
1231 0.039640 -1.291394 
1232 -0.330864 -1.212521 
1233 -0.433405 -1.182125 
1234 -0.014600 -1.274982 
1235 -0.367132 -1.215511 
1236 -0.082378 -1.268455 
1237 -0.289685 -1.234659 
1238 -0.291679 -1.226822 
1239 -0.058908 -1.267728 
1240 -0.113473 -1.263444 
1241 -0.452054 -1.196238 
1242 0.103912 -1.301802 
1243 0.071516 -1.287300 
1244 -0.115919 -1.251337 
1245 -0.438249 -1.179435 
1246 -0.210430 -1.235624 
1247 0.156635 -1.319340 
1248 0.190102 -1.329475 
1249 0.041715 -1.292389 
1250 0.090274 -1.313567 
1251 -0.214634 -1.253797 
1252 -0.020913 -1.280734 
1253 -0.161155 -1.266238 
1254 -0.350163 -1.213095 
1255 -0.267572 -1.232850 
1256 -0.374304 -1.207115 
1257 -0.095200 -1.277983 
1258 0.032896 -1.307064 
1259 0.309857 -1.368107 
1260 -0.265383 -1.233439 
1261 -0.076508 -1.267105 
1262 -0.151605 -1.244933 
1263 0.066559 -1.293649 
1264 0.156790 -1.317929 
1265 0.117034 -1.302861 
1266 -0.059823 -1.254506 
1267 0.177709 -1.326391 
1268 0.249278 -1.332707 
1269 -0.002748 -1.284882 
1270 -0.169858 -1.255532 
1271 -0.262075 -1.241095 
1272 0.126466 -1.311530 
1273 -0.041989 -1.276177 
1274 0.011250 -1.278526 
1275 -0.004989 -1.294456 
1276 -0.230817 -1.226564 
1277 -0.363260 -1.210009 
1278 -0.222416 -1.235594 
1279 -0.411217 -1.194531 
1280 0.016867 -1.272099 
1281 0.044557 -1.290886 
1282 0.126830 -1.319196 
1283 0.298323 -1.368154 
1284 -0.200738 -1.241398 
1285 -0.114706 -1.260126 
1286 -0.242452 -1.221586 
1287 -0.151868 -1.239730 
1288 0.263068 -1.337780 
1289 0.458204 -1.393677 
1290 0.352377 -1.382565 
1291 0.387378 -1.371252 
1292 0.286361 -1.334388 
1293 0.358839 -1.375015 
1294 0.443624 -1.387514 
1295 0.102970 -1.295174 
1296 0.239542 -1.341833 
1297 0.316786 -1.362832 
1298 0.405482 -1.376398 
1299 0.097160 -1.293554 
1300 -0.210477 -1.223874 
1301 -0.141312 -1.234933 
1302 0.318708 -1.346930 
1303 0.171998 -1.302585 
1304 0.136010 -1.305540 
1305 -0.008435 -1.278357 
1306 -0.093836 -1.259088 
1307 0.326245 -1.369894 
1308 0.309039 -1.348640 
1309 -0.183710 -1.232822 
1310 0.007706 -1.285594 
1311 0.220406 -1.343226 
1312 -0.028319 -1.279973 
1313 -0.035948 -1.275140 
1314 0.086773 -1.292303 
1315 -0.239721 -1.233752 
1316 -0.121806 -1.259587 
1317 -0.099091 -1.265759 
1318 0.077736 -1.293584 
1319 -0.217139 -1.246211 
1320 0.047624 -1.298295 
1321 -0.046273 -1.270808 
1322 0.157758 -1.315296 
1323 0.169630 -1.330059 
1324 0.094063 -1.311699 
1325 0.247117 -1.335768 
1326 0.234116 -1.347354 
1327 -0.298470 -1.229762 
1328 -0.044600 -1.292904 
1329 -0.122175 -1.254497 
1330 0.018295 -1.293234 
1331 0.071822 -1.309407 
1332 -0.016502 -1.303577 
1333 -0.063280 -1.271622 
1334 0.036269 -1.287356 
1335 -0.309438 -1.212303 
1336 -0.159557 -1.249602 
1337 -0.147767 -1.260939 
1338 0.085671 -1.316252 
1339 -0.146310 -1.266135 
1340 0.061313 -1.306595 
1341 0.193523 -1.328261 
1342 -0.081436 -1.274787 
1343 0.292230 -1.359944 
1344 0.387951 -1.384696 
1345 0.337134 -1.384013 
1346 0.208807 -1.335967 
1347 0.046449 -1.300288 
1348 0.205793 -1.334770 
1349 -0.134613 -1.256366 
1350 0.027728 -1.298154 
1351 -0.002451 -1.296175 
1352 -0.038396 -1.282694 
1353 0.035617 -1.305922 
1354 0.184362 -1.325637 
1355 0.025461 -1.289435 
1356 0.300142 -1.355615 
1357 0.319884 -1.365953 
1358 0.463947 -1.411235 
1359 0.274643 -1.360150 
1360 0.043862 -1.297019 
1361 -0.332220 -1.223433 
1362 -0.306886 -1.227763 
1363 -0.104354 -1.273864 
1364 -0.201510 -1.246124 
1365 -0.060747 -1.269867 
1366 -0.066635 -1.270619 
1367 0.033807 -1.288945 
1368 -0.477014 -1.187873 
1369 -0.020540 -1.272688 
1370 0.098818 -1.315702 
1371 -0.162642 -1.244971 
1372 -0.214344 -1.231347 
1373 -0.001164 -1.294318 
1374 0.046894 -1.301999 
1375 -0.156201 -1.243741 
1376 -0.095554 -1.261976 
1377 -0.056083 -1.268275 
1378 -0.029351 -1.258462 
1379 -0.054335 -1.272993 
1380 0.034291 -1.282115 
1381 -0.257608 -1.235806 
1382 -0.540261 -1.192599 
1383 -0.604665 -1.175636 
1384 -0.222658 -1.239177 
1385 -0.270256 -1.235718 
1386 -0.503625 -1.183227 
1387 -0.491865 -1.184549 
1388 -0.321781 -1.218539 
1389 -0.399192 -1.211876 
1390 -0.308069 -1.221278 
1391 -0.167391 -1.266198 
1392 -0.503829 -1.208340 
1393 -0.583581 -1.189595 
1394 -0.577735 -1.191524 
1395 -0.640332 -1.167185 
1396 -0.351939 -1.214510 
1397 -0.414914 -1.205345 
1398 -0.446712 -1.195772 
1399 -0.320420 -1.227918 
1400 -0.036914 -1.284979 
1401 0.032426 -1.294721 
1402 0.087570 -1.297797 
1403 -0.160416 -1.252015 
1404 0.082188 -1.296486 
1405 -0.334692 -1.204098 
1406 -0.061636 -1.270896 
1407 -0.335659 -1.204744 
1408 0.169352 -1.302228 
1409 -0.053338 -1.259322 
1410 0.070130 -1.294873 
1411 -0.134042 -1.235448 
1412 -0.091377 -1.251585 
1413 -0.289089 -1.214818 
1414 -0.053783 -1.262576 
1415 0.184330 -1.322324 
1416 0.043377 -1.288718 
1417 0.355593 -1.361192 
1418 0.267055 -1.344712 
1419 0.112317 -1.294214 
1420 -0.283216 -1.224972 
1421 0.185327 -1.335071 
1422 -0.201792 -1.245242 
1423 -0.021317 -1.298156 
1424 0.157697 -1.344628 
1425 0.268523 -1.361837 
1426 -0.078980 -1.263477 
1427 -0.166132 -1.240798 
1428 -0.188416 -1.250708 
1429 -0.063403 -1.286919 
1430 0.250334 -1.348678 
1431 0.209632 -1.333919 
1432 0.186907 -1.326673 
1433 -0.198008 -1.248998 
1434 0.260659 -1.351757 
1435 0.278691 -1.362368 
1436 0.141662 -1.325221 
1437 -0.059915 -1.289420 
1438 -0.032155 -1.283003 
1439 0.014620 -1.300634 
1440 0.198888 -1.338621 
1441 -0.136506 -1.251984 
1442 -0.016325 -1.276020 
1443 0.194263 -1.334194 
1444 0.262410 -1.337830 
1445 0.173943 -1.332375 
1446 0.187157 -1.329096 
1447 -0.004849 -1.276286 
1448 -0.317538 -1.207067 
1449 -0.448316 -1.186381 
1450 -0.211380 -1.242708 
1451 -0.118346 -1.245421 
1452 -0.500997 -1.186473 
1453 -0.761196 -1.146566 
1454 -0.570036 -1.163857 
1455 -0.523175 -1.166541 
1456 -0.607694 -1.158760 
1457 -0.140881 -1.253939 
1458 -0.183457 -1.244210 
1459 -0.336274 -1.204161 
1460 -0.453153 -1.183952 
1461 -0.376848 -1.220373 
1462 -0.325043 -1.218923 
1463 -0.465841 -1.193846 
1464 -0.006425 -1.292518 
1465 -0.245059 -1.244975 
1466 -0.363064 -1.209951 
1467 -0.115500 -1.245571 
1468 0.149433 -1.305689 
1469 0.049301 -1.290307 
1470 -0.279648 -1.225633 
1471 -0.448388 -1.198772 
1472 -0.549516 -1.185639 
1473 -0.531630 -1.177603 
1474 -0.474705 -1.195498 
1475 -0.642154 -1.162194 
1476 -0.417074 -1.211730 
1477 -0.240468 -1.243122 
1478 0.018515 -1.300717 
1479 -0.373276 -1.207973 
1480 -0.487853 -1.184805 
1481 -0.451341 -1.195388 
1482 0.059437 -1.300025 
1483 -0.030055 -1.268913 
1484 0.024170 -1.297889 
1485 -0.172201 -1.249572 
1486 -0.238520 -1.234566 
1487 -0.052084 -1.270385 
1488 0.109810 -1.312090 
1489 0.257726 -1.349518 
1490 0.082786 -1.304167 
1491 0.192834 -1.341296 
1492 0.118815 -1.316995 
1493 0.236924 -1.359828 
1494 0.024627 -1.296486 
1495 -0.078813 -1.263907 
1496 0.154172 -1.332399 
1497 0.192996 -1.340733 
1498 0.331277 -1.367460 
1499 0.268984 -1.341321 
1500 -0.210132 -1.228684 
1501 -0.171625 -1.223390 
1502 -0.016803 -1.274970 
1503 0.202465 -1.322856 
1504 0.071773 -1.288530 
1505 -0.185129 -1.232707 
1506 0.069045 -1.280583 
1507 0.187114 -1.308252 
1508 -0.130111 -1.239679 
1509 0.110520 -1.314928 
1510 -0.135525 -1.246285 
1511 -0.004432 -1.282437 
1512 -0.215518 -1.236161 
1513 -0.462373 -1.204372 
1514 -0.394096 -1.203516 
1515 -0.187263 -1.244318 
1516 -0.416317 -1.191430 
1517 -0.467815 -1.178620 
1518 -0.358342 -1.217605 
1519 -0.059066 -1.280455 
1520 -0.228619 -1.234508 
1521 -0.210349 -1.235272 
1522 -0.555057 -1.183856 
1523 -0.628170 -1.184576 
1524 -0.533852 -1.189854 
1525 -0.432831 -1.197721 
1526 -0.294677 -1.240777 
1527 -0.450129 -1.210534 
1528 -0.181491 -1.240418 
1529 -0.465328 -1.195768 
1530 -0.618162 -1.173393 
1531 -0.565771 -1.177357 
1532 -0.458135 -1.199632 
1533 -0.218178 -1.243784 
1534 -0.665947 -1.169670 
1535 -0.539903 -1.184936 
1536 -0.660649 -1.166340 
1537 -0.498680 -1.181955 
1538 -0.787838 -1.155581 
1539 -0.666896 -1.162195 
1540 -0.765037 -1.145109 
1541 -0.516165 -1.186882 
1542 -0.507140 -1.188497 
1543 -0.808933 -1.148286 
1544 -0.820054 -1.147261 
1545 -0.940727 -1.151527 
1546 -0.607065 -1.189190 
1547 -0.575639 -1.192529 
1548 -0.709734 -1.176455 
1549 -0.718130 -1.169788 
1550 -0.620470 -1.170750 
1551 -0.377441 -1.195068 
1552 -0.575498 -1.168344 
1553 -0.707282 -1.157400 
1554 -0.239664 -1.215730 
1555 -0.609619 -1.156183 
1556 -0.578713 -1.168921 
1557 -0.118137 -1.269722 
1558 -0.335357 -1.208107 
1559 -0.495405 -1.184374 
1560 0.097162 -1.295770 
1561 -0.415637 -1.192517 
1562 -0.581120 -1.158619 
1563 0.015610 -1.268957 
1564 -0.142525 -1.251122 
1565 -0.306237 -1.211439 
1566 -0.494974 -1.179180 
1567 -0.394295 -1.193114 
1568 -0.225610 -1.223553 
1569 -0.285067 -1.207277 
1570 -0.266739 -1.227145 
1571 -0.137905 -1.248860 
1572 0.040859 -1.289493 
1573 0.214138 -1.348160 
1574 0.184572 -1.333239 
1575 0.134437 -1.319101 
1576 0.256521 -1.338828 
1577 0.626528 -1.464604 
1578 0.683663 -1.478734 
1579 0.566555 -1.444319 
1580 0.256638 -1.351487 
1581 0.643413 -1.477756 
1582 0.085298 -1.321258 
1583 0.129034 -1.342672 
1584 0.086546 -1.315509 
1585 0.277396 -1.368915 
1586 0.504194 -1.423669 
1587 0.351491 -1.375600 
1588 0.251153 -1.352154 
1589 0.442863 -1.390115 
1590 0.428048 -1.388009 
1591 0.081094 -1.300087 
1592 0.134185 -1.311767 
1593 0.368760 -1.385030 
1594 0.325308 -1.368597 
1595 0.552231 -1.425363 
1596 0.511182 -1.405208 
1597 0.101025 -1.298852 
1598 0.244083 -1.344848 
1599 0.465072 -1.391031 
1600 0.166024 -1.318754 
1601 0.271861 -1.344787 
1602 -0.400859 -1.204458 
1603 -0.390398 -1.202720 
1604 0.103778 -1.297902 
1605 0.044845 -1.278130 
1606 0.106798 -1.296155 
1607 -0.353080 -1.213480 
1608 -0.195359 -1.232181 
1609 -0.184184 -1.236987 
1610 0.105590 -1.308115 
1611 -0.240287 -1.218436 
1612 -0.309196 -1.206268 
1613 -0.012611 -1.271058 
1614 0.015762 -1.282968 
1615 -0.209352 -1.238525 
1616 -0.260287 -1.230543 
1617 0.072025 -1.295383 
1618 0.058720 -1.295407 
1619 0.030000 -1.276526 
1620 -0.230834 -1.230366 
1621 0.129811 -1.325308 
1622 -0.221336 -1.237316 
1623 0.330640 -1.365708 
1624 0.052276 -1.283755 
1625 0.208438 -1.322408 
1626 0.391370 -1.363879 
1627 0.335710 -1.350844 
1628 0.537314 -1.422212 
1629 0.393993 -1.390454 
1630 0.455688 -1.393369 
1631 -0.044496 -1.273035 
1632 0.336995 -1.341349 
1633 0.051323 -1.278111 
1634 0.224599 -1.335212 
1635 0.460519 -1.399843 
1636 0.319117 -1.380178 
1637 0.075110 -1.308937 
1638 -0.042229 -1.280923 
1639 0.167412 -1.319650 
1640 -0.083430 -1.278892 
1641 -0.001255 -1.285673 
1642 -0.053996 -1.275684 
1643 -0.178948 -1.230294 
1644 0.231823 -1.336346 
1645 -0.150885 -1.243888 
1646 0.203138 -1.321927 
1647 -0.031688 -1.277930 
1648 -0.028208 -1.280336 
1649 -0.100922 -1.257113 
1650 -0.025584 -1.281730 
1651 0.023863 -1.286554 
1652 -0.316111 -1.212092 
1653 0.048355 -1.305409 
1654 0.100556 -1.311712 
1655 0.087834 -1.301943 
1656 0.381257 -1.390901 
1657 0.216163 -1.330095 
1658 0.218513 -1.333113 
1659 0.274475 -1.351760 
1660 0.127073 -1.307498 
1661 0.124773 -1.306821 
1662 -0.055203 -1.278018 
1663 0.135309 -1.328101 
1664 -0.184243 -1.240597 
1665 0.006826 -1.281475 
1666 -0.175791 -1.251430 
1667 -0.269822 -1.218568 
1668 -0.257675 -1.221019 
1669 -0.172736 -1.229117 
1670 0.119635 -1.302917 
1671 0.180755 -1.339953 
1672 0.155310 -1.315445 
1673 0.040558 -1.299473 
1674 -0.545888 -1.180186 
1675 -0.106749 -1.263993 
1676 -0.455009 -1.195846 
1677 -0.162360 -1.232311 
1678 -0.400356 -1.174107 
1679 0.060617 -1.294281 
1680 -0.660414 -1.177764 
1681 -0.212188 -1.211667 
1682 0.009650 -1.271488 
1683 -0.373979 -1.207832 
1684 -0.225118 -1.220088 
1685 -0.485235 -1.178114 
1686 -0.197003 -1.228688 
1687 -0.289735 -1.214648 
1688 -0.210358 -1.229990 
1689 -0.292656 -1.216455 
1690 -0.294631 -1.220337 
1691 -0.202208 -1.233332 
1692 0.091202 -1.297236 
1693 -0.183307 -1.239288 
1694 -0.207902 -1.225362 
1695 -0.479233 -1.183424 
1696 -0.370386 -1.203663 
1697 -0.364110 -1.210285 
1698 -0.000833 -1.271300 
1699 -0.215223 -1.230635 
1700 -0.354890 -1.207663 
1701 -0.599350 -1.163982 
1702 -0.663534 -1.147504 
1703 -0.590211 -1.168203 
1704 -0.571907 -1.173625 
1705 -0.338224 -1.211678 
1706 -0.652799 -1.154633 
1707 -0.798202 -1.132865 
1708 -0.526954 -1.172609 
1709 -0.316852 -1.196416 
1710 -0.367904 -1.183195 
