1 245000 370000
2 185000 375000
3 405000 520000
4 620000 695000
5 535000 800000
6 925000 1030000
7 840000 1070000
8 1210000 1610000
9 1715000 1845000
10 1855000 1990000
11 1660000 2035000
12 2055000 2180000
13 1710000 2185000
14 1655000 2185000
15 2320000 2445000
16 2205000 2465000
17 2450000 2550000
18 2560000 2910000
19 2955000 3125000
20 3690000 3835000
21 3870000 3985000
22 4000000 4080000
23 3860000 4115000
24 4165000 4610000
25 4635000 5050000
26 5215000 5405000
27 5135000 5420000
28 5620000 5735000
29 5505000 5855000
30 5985000 6385000
31 6260000 6385000
32 6390000 6505000
33 6550000 6620000
34 6625000 6705000
35 6540000 6725000
36 6390000 6780000
37 6715000 6790000
38 6825000 7085000
39 7375000 7465000
40 7480000 7715000
41 7910000 8010000
42 8020000 8130000
43 8225000 8350000
44 8355000 8600000
45 8200000 8615000
46 8615000 8705000
47 8710000 8840000
48 8650000 8985000
49 9000000 9170000
50 9190000 9305000
51 9175000 9530000
52 9415000 9530000
53 9170000 9770000
54 9630000 9775000
55 10220000 10360000
56 9780000 10390000
57 10430000 10565000
58 10405000 10770000
59 10785000 10935000
60 10955000 11050000
61 11055000 11290000
62 11385000 11650000
63 10930000 11815000
64 11815000 11990000
65 12070000 12305000
66 12340000 12935000
67 12975000 13195000
68 13230000 13385000
69 12965000 13415000
70 13535000 13680000
71 13820000 14280000
72 13935000 14280000
73 14310000 14400000
74 14285000 14525000
75 14475000 14540000
76 14545000 14935000
77 15110000 15235000
78 15310000 16720000
79 16810000 16955000
80 16960000 17090000
81 16800000 17100000
82 16770000 17230000
83 17100000 17230000
84 17240000 17380000
85 17400000 17555000
86 17600000 17750000
87 17750000 18005000
88 17605000 18025000
89 18015000 18130000
90 18135000 18240000
91 18250000 18425000
92 18430000 18530000
93 18550000 18675000
94 18120000 18800000
95 19090000 19265000
96 19330000 19575000
97 19110000 19580000
98 19580000 19765000
99 19580000 19930000
100 19780000 19930000
101 19060000 19945000
102 19250000 19945000
103 19955000 20140000
104 20165000 20380000
105 20390000 20525000
106 20390000 20640000
107 20650000 22170000
108 22180000 22335000
109 22635000 22850000
110 25985000 26275000
111 26545000 26690000
112 26315000 26700000
113 26775000 27155000
114 27195000 27330000
115 27190000 27530000
116 27870000 28035000
117 28130000 28345000
118 29255000 29355000
119 30380000 30935000
120 31395000 31980000
121 32050000 32205000
122 32215000 32320000
123 32330000 32755000
124 32325000 32820000
125 32975000 33095000
126 33190000 33275000
127 33275000 33365000
128 33180000 33370000
129 33380000 33720000
130 33715000 33800000
131 33870000 34005000
132 34015000 34160000
133 34075000 34170000
134 34200000 34265000
135 34190000 34380000
136 34385000 34520000
137 33855000 34525000
138 34565000 34925000
139 34950000 35015000
140 35015000 35190000
141 35265000 35415000
142 34935000 35430000
143 35450000 35610000
144 35635000 35840000
145 35600000 36295000
146 36310000 36525000
147 36580000 36695000
148 36700000 36785000
149 36565000 36790000
150 40160000 40320000
151 41265000 41465000
152 41505000 42570000
153 42720000 43320000
154 43330000 43475000
155 43490000 43905000
156 43905000 44085000
157 44125000 44275000
158 44305000 44550000
159 44115000 44565000
160 44565000 44655000
161 44650000 44940000
162 44955000 45130000
163 45150000 45355000
164 44945000 45360000
165 45385000 45795000
166 45870000 45945000
167 45950000 46140000
168 46155000 46250000
169 46255000 46370000
170 46405000 46570000
171 46570000 46645000
172 46745000 46840000
173 46665000 46855000
174 46910000 47180000
175 47195000 47290000
176 47295000 47385000
177 47195000 47455000
178 47500000 47600000
179 47740000 47870000
180 47875000 48150000
181 51190000 51580000
182 55670000 56585000
183 56860000 57045000
184 56600000 57060000
185 57215000 57310000
186 57325000 57420000
187 57495000 57585000
188 57090000 57590000
189 57430000 57590000
190 57600000 58295000
191 58295000 58415000
192 58435000 58560000
193 58820000 58920000
194 58980000 59060000
195 59065000 59205000
196 58930000 59225000
197 59315000 59440000
198 59495000 59585000
199 59880000 60025000
200 60030000 60115000
201 60130000 60245000
202 60260000 60385000
203 60450000 60530000
204 60540000 60675000
205 60680000 60955000
206 60535000 60970000
207 61080000 61195000
208 61020000 61200000
209 61215000 61505000
210 61560000 61655000
211 61555000 61890000
212 61920000 62095000
213 62170000 62320000
214 62345000 62480000
215 62340000 62650000
216 62495000 62650000
217 62665000 62800000
218 62670000 63200000
219 63240000 63405000
220 63230000 63510000
221 63430000 63510000
222 63580000 63745000
223 63765000 63930000
224 63525000 63950000
225 63950000 64115000
226 64310000 64410000
227 64130000 64510000
228 64440000 64515000
229 64545000 64685000
230 64690000 64775000
231 64780000 64875000
232 64545000 64890000
233 64545000 64955000
234 64545000 65100000
235 65030000 65100000
236 64900000 65105000
237 64960000 65105000
238 65130000 65290000
239 65295000 65385000
240 65435000 65620000
241 65625000 65770000
242 65385000 65815000
243 65830000 65910000
244 65910000 65985000
245 65385000 65995000
246 65820000 66035000
247 65385000 66055000
248 66055000 66145000
249 66160000 66250000
250 66330000 66445000
251 66460000 66610000
252 66140000 66660000
253 66655000 66795000
254 66840000 67005000
255 67010000 67115000
256 67160000 67275000
257 67800000 67890000
258 67775000 67975000
259 68010000 68080000
260 68080000 68155000
261 67985000 68225000
262 67770000 68230000
263 68230000 68350000
264 68365000 68860000
265 68675000 68860000
266 68870000 69020000
267 69495000 70050000
268 70050000 70295000
269 70330000 70620000
270 70640000 70800000
271 70800000 71145000
272 71165000 71280000
273 71680000 71825000
274 71990000 72145000
275 71625000 72170000
276 72170000 72285000
277 72165000 72400000
278 72290000 72400000
279 72425000 72535000
280 72600000 72890000
281 72890000 73000000
282 73000000 73110000
283 73115000 73380000
284 73495000 73635000
285 73665000 73790000
286 73660000 73885000
287 74085000 74170000
288 74175000 74290000
289 73960000 74300000
290 74310000 74445000
291 74480000 74585000
292 74640000 74730000
293 74745000 74835000
294 74845000 74965000
295 74620000 74970000
296 74985000 75110000
297 75135000 75255000
298 75295000 75405000
299 75500000 75600000
300 75605000 75860000
301 75500000 75870000
302 75430000 75905000
303 75890000 76050000
304 76295000 76400000
305 76420000 76515000
306 76520000 76630000
307 76750000 76825000
308 76830000 76905000
309 77030000 77330000
310 77380000 77770000
311 77935000 78120000
312 78125000 78285000
313 77850000 78300000
314 78345000 78850000
315 79095000 79240000
316 80420000 80695000
317 81480000 81715000
318 81415000 81720000
319 82420000 82575000
320 82690000 82780000
321 82610000 82785000
322 82785000 82880000
323 82605000 82990000
324 82905000 82990000
325 83100000 83510000
326 83005000 83530000
327 83545000 84075000
328 84450000 85290000
329 85405000 85560000
330 85305000 85565000
331 85305000 85630000
332 85560000 85645000
333 85660000 85750000
334 85660000 86020000
335 86165000 86325000
336 86145000 86565000
337 86650000 87020000
338 87055000 87150000
339 87825000 88285000
340 88305000 88660000
341 90010000 90205000
342 92660000 92945000
343 93285000 93385000
344 92965000 93395000
345 93395000 93545000
346 94145000 94240000
347 94245000 94350000
348 94355000 94675000
349 94705000 94790000
350 94800000 94885000
351 94700000 94885000
352 94880000 95510000
353 95555000 95735000
354 95995000 96075000
355 95545000 96165000
356 96170000 96290000
357 100435000 100820000
358 101725000 101895000
359 102155000 102375000
360 102155000 102430000
361 102375000 102485000
362 102245000 102495000
363 102150000 102495000
364 102580000 102945000
365 103060000 103485000
366 103530000 104055000
367 105860000 105955000
368 107175000 107330000
369 107430000 107575000
370 107655000 107800000
371 107400000 107805000
372 107805000 107870000
373 107895000 107990000
374 108015000 108100000
375 107990000 108210000
376 108250000 108535000
377 108340000 108535000
378 107875000 108550000
379 108550000 108795000
380 108825000 109605000
381 109705000 109810000
382 109815000 109975000
383 109715000 110045000
384 110150000 110245000
385 110065000 110310000
386 110335000 111130000
387 111225000 111305000
388 111145000 111315000
389 111325000 111430000
390 111435000 111735000
391 111640000 111735000
392 111800000 111875000
393 111875000 111960000
394 111745000 111965000
395 111975000 112060000
396 112075000 112160000
397 112450000 112545000
398 112450000 112675000
399 113170000 113410000
400 113165000 113620000
401 113635000 113755000
402 113800000 114150000
403 114185000 114470000
404 115030000 115180000
405 115800000 115865000
406 115730000 115955000
407 115785000 115955000
408 115195000 116150000
409 116200000 116585000
410 116640000 116740000
411 116625000 117105000
412 116990000 117105000
413 117040000 117105000
414 117110000 117200000
415 117290000 117355000
416 117270000 117650000
417 117690000 117815000
418 117820000 117930000
419 117670000 117945000
420 118055000 118230000
421 118240000 118440000
422 118005000 118445000
423 118560000 118650000
424 118655000 118830000
425 118535000 118850000
426 118880000 118975000
427 118990000 119070000
428 119070000 119200000
429 118920000 119210000
430 119220000 119350000
431 119525000 119630000
432 119425000 120030000
433 119260000 120035000
434 120105000 120190000
435 120030000 120190000
436 120200000 120365000
437 120380000 120585000
438 120695000 120815000
439 120370000 120825000
440 120365000 121040000
441 120830000 121080000
442 121105000 121175000
443 121185000 121320000
444 121335000 121465000
445 121160000 121490000
446 121525000 122060000
447 122080000 122400000
448 122495000 122650000
449 122660000 122735000
450 122730000 122925000
451 122445000 122930000
452 122970000 123130000
453 123165000 123355000
454 123360000 123450000
455 122935000 123460000
456 123465000 123610000
457 123930000 124095000
458 124270000 124475000
459 124540000 124610000
460 124490000 124715000
461 124825000 125015000
462 125030000 125285000
463 124755000 125295000
464 125335000 125455000
465 125320000 125530000
466 125560000 125745000
467 125805000 125935000
468 125780000 126070000
469 126070000 126160000
470 126175000 126300000
471 126575000 126870000
472 126300000 126975000
473 127890000 128025000
474 128040000 128155000
475 128155000 128340000
476 128425000 128500000
477 128340000 128500000
478 128140000 128505000
479 128505000 128720000
480 128030000 128735000
481 128740000 128840000
482 128975000 129210000
483 129230000 129630000
484 129765000 130020000
485 130100000 130185000
486 130055000 130280000
487 130305000 130765000
488 130930000 131095000
489 131445000 131550000
490 130860000 131555000
491 131735000 131810000
492 131715000 131935000
493 132145000 132280000
494 132045000 132310000
495 132945000 133715000
496 133790000 133905000
497 133915000 134015000
498 133775000 134025000
499 134030000 134135000
