1 0
2 0
3 0
4 0
5 0
6 0
7 0
8 0
9 0
10 0
11 0
12 0
13 0
14 0
15 0
16 -1
17 1
18 1
19 1
20 1
21 1
22 1
23 1
24 1
25 1
26 1
27 1
28 0
29 2
30 2
31 2
32 2
33 2
34 2
35 2
36 2
37 2
38 2
39 2
40 2
41 2
42 2
43 2
44 2
45 2
46 2
47 2
48 2
49 2
50 2
51 2
52 2
53 2
54 2
55 2
56 2
57 2
58 2
59 2
60 -2
61 0
62 0
63 3
64 3
65 3
66 3
67 3
68 3
69 3
70 3
71 3
72 3
73 3
74 3
75 3
76 3
77 3
78 3
79 3
80 3
81 3
82 3
83 3
84 3
85 3
86 0
87 0
88 0
89 0
90 0
91 0
92 0
93 0
94 0
95 0
96 0
97 0
98 0
99 0
100 0
101 0
102 0
103 0
104 0
105 0
106 0
107 0
108 0
109 0
110 0
111 0
112 0
113 0
114 0
115 0
116 0
117 0
118 0
119 0
120 0
121 0
122 0
123 0
124 0
125 0
126 0
127 0
128 0
129 0
130 0
131 0
132 0
133 0
134 0
135 0
136 0
137 0
138 0
139 0
140 0
141 0
142 0
143 0
144 0
145 0
146 0
147 0
148 0
149 0
150 0
151 0
152 0
153 0
154 0
155 0
156 0
157 0
158 0
159 0
160 0
161 0
162 0
163 0
164 0
165 0
166 0
167 0
168 0
169 0
170 0
171 0
172 0
173 0
174 0
175 0
176 0
177 0
178 0
179 0
180 0
181 0
182 0
183 0
184 0
185 0
186 0
187 0
188 0
189 0
190 0
191 0
192 0
193 0
194 0
195 0
196 0
197 0
198 0
199 0
200 0
201 0
202 0
203 0
204 0
205 0
206 0
207 0
208 0
209 0
210 0
211 0
212 0
213 0
214 0
215 0
216 0
217 0
218 0
219 0
220 0
221 0
222 0
223 0
224 0
225 0
226 0
227 0
228 0
229 0
230 0
231 -4
232 4
233 4
234 4
235 4
236 4
237 4
238 4
239 4
240 4
241 4
242 4
243 4
244 4
245 4
246 4
247 4
248 4
249 4
250 4
251 4
252 4
253 4
254 4
255 -4
256 0
257 0
258 5
259 5
260 5
261 5
262 5
263 5
264 5
265 5
266 5
267 5
268 5
269 5
270 5
271 5
272 5
273 5
274 5
275 5
276 5
277 5
278 5
279 0
280 0
281 0
282 6
283 6
284 6
285 6
286 6
287 6
288 6
289 6
290 6
291 -6
292 -7
293 7
294 7
295 7
296 7
297 7
298 7
299 7
300 7
301 7
302 7
303 7
304 7
305 7
306 7
307 7
308 7
309 7
310 7
311 7
312 7
313 7
314 7
315 7
316 7
317 7
318 7
319 7
320 7
321 7
322 7
323 7
324 7
325 7
326 -7
327 0
328 -8
329 8
330 8
331 8
332 8
333 8
334 8
335 8
336 8
337 8
338 8
339 8
340 8
341 8
342 8
343 8
344 8
345 8
346 8
347 8
348 8
349 8
350 8
351 8
352 8
353 8
354 8
355 8
356 8
357 8
358 8
359 8
360 8
361 8
362 8
363 8
364 8
365 8
366 8
367 8
368 -8
369 0
370 0
371 -9
372 9
373 9
374 9
375 9
376 9
377 9
378 9
379 9
380 9
381 9
382 9
383 9
384 9
385 9
386 9
387 9
388 9
389 9
390 9
391 9
392 9
393 9
394 9
395 9
396 9
397 9
398 9
399 9
400 9
401 9
402 -9
403 0
404 0
405 0
406 0
407 0
408 10
409 10
410 10
411 10
412 10
413 10
414 10
415 10
416 10
417 10
418 10
419 10
420 10
421 10
422 10
423 10
424 10
425 10
426 10
427 10
428 10
429 10
430 10
431 10
432 10
433 10
434 10
435 10
436 10
437 10
438 10
439 10
440 10
441 10
442 10
443 10
444 10
445 10
446 10
447 10
448 10
449 10
450 10
451 10
452 10
453 10
454 10
455 10
456 10
457 10
458 10
459 10
460 10
461 10
462 10
463 10
464 10
465 10
466 10
467 10
468 10
469 10
470 10
471 10
472 10
473 10
474 10
475 10
476 10
477 10
478 10
479 10
480 10
481 10
482 10
483 10
484 10
485 10
486 10
487 10
488 10
489 10
490 10
491 10
492 10
493 10
494 10
495 10
496 10
497 10
498 10
499 10
500 10
501 10
502 10
503 10
504 10
505 10
506 10
507 -10
508 0
509 0
510 0
511 0
512 0
513 0
514 0
515 0
516 0
517 0
518 0
519 0
520 0
521 0
522 0
523 -11
524 11
525 11
526 11
527 11
528 11
529 11
530 11
531 11
532 0
533 0
534 0
535 0
536 0
537 0
538 0
539 0
540 0
541 0
542 0
543 0
544 0
545 0
546 0
547 0
548 0
549 0
550 0
551 0
552 0
553 0
554 0
555 0
556 0
557 0
558 0
559 0
560 0
561 0
562 0
563 0
564 0
565 0
566 0
567 0
568 0
569 0
570 0
571 0
572 0
573 0
574 0
575 0
576 0
577 0
578 0
579 0
580 0
581 0
582 0
583 0
584 0
585 0
586 0
587 -12
588 12
589 12
590 12
591 12
592 12
593 12
594 12
595 12
596 12
597 12
598 12
599 12
600 12
601 12
602 12
603 12
604 12
605 12
606 12
607 12
608 12
609 12
610 12
611 12
612 12
613 12
614 12
615 12
616 12
617 12
618 12
619 12
620 12
621 12
622 12
623 12
624 12
625 12
626 12
627 12
628 12
629 12
630 12
631 12
632 12
633 12
634 12
635 12
636 12
637 12
638 12
639 12
640 12
641 12
642 12
643 12
644 12
645 12
646 12
647 12
648 12
649 12
650 12
651 12
652 0
653 0
654 0
655 0
656 13
657 13
658 13
659 13
660 13
661 13
662 13
663 13
664 13
665 13
666 13
667 13
668 13
669 13
670 13
671 13
672 13
673 13
674 13
675 13
676 13
677 13
678 13
679 13
680 13
681 13
682 13
683 13
684 13
685 13
686 13
687 13
688 13
689 13
690 -13
691 0
692 0
693 0
694 0
695 0
696 0
697 0
698 0
699 0
700 0
701 0
702 14
703 14
704 14
705 14
706 14
707 14
708 14
709 14
710 14
711 14
712 14
713 14
714 14
715 14
716 14
717 14
718 14
719 14
720 14
721 14
722 14
723 14
724 14
725 14
726 14
727 14
728 14
729 14
730 14
731 14
732 14
733 14
734 14
735 14
736 14
737 14
738 14
739 14
740 14
741 14
742 14
743 14
744 14
745 14
746 14
747 14
748 14
749 14
750 14
751 14
752 14
753 14
754 14
755 14
756 14
757 14
758 14
759 14
760 14
761 14
762 14
763 14
764 14
765 14
766 14
767 14
768 14
769 14
770 14
771 14
772 14
773 14
774 14
775 14
776 14
777 14
778 14
779 14
780 14
781 14
782 14
783 14
784 14
785 14
786 14
787 14
788 14
789 14
790 14
791 14
792 14
793 14
794 14
795 14
796 14
797 14
798 14
799 14
800 14
801 14
802 14
803 14
804 14
805 14
806 14
807 14
808 14
809 14
810 14
811 14
812 14
813 14
814 14
815 14
816 14
817 14
818 14
819 14
820 14
821 14
822 14
823 14
824 14
825 14
826 14
827 14
828 14
829 14
830 14
831 14
832 14
833 14
834 14
835 14
836 14
837 14
838 14
839 14
840 14
841 14
842 14
843 14
844 -14
845 0
846 0
847 -15
848 15
849 15
850 15
851 15
852 15
853 15
854 15
855 15
856 15
857 15
858 15
859 15
860 15
861 15
862 15
863 0
864 0
865 0
866 -16
867 16
868 16
869 16
870 16
871 16
872 16
873 16
874 16
875 16
876 16
877 16
878 16
879 16
880 16
881 16
882 16
883 16
884 16
885 16
886 16
887 16
888 16
889 16
890 16
891 16
892 16
893 16
894 16
895 16
896 16
897 16
898 16
899 16
900 -16
901 0
902 0
903 0
904 0
905 0
906 0
907 17
908 17
909 17
910 17
911 17
912 17
913 17
914 17
915 17
916 17
917 17
918 17
919 17
920 17
921 17
922 17
923 17
924 17
925 17
926 17
927 17
928 17
929 17
930 17
931 17
932 17
933 17
934 17
935 17
936 17
937 17
938 17
939 17
940 17
941 17
942 17
943 17
944 17
945 17
946 17
947 17
948 17
949 17
950 17
951 17
952 17
953 17
954 17
955 -17
956 0
957 0
958 18
959 18
960 18
961 18
962 18
963 18
964 18
965 18
966 18
967 18
968 18
969 18
970 18
971 18
972 18
973 18
974 0
975 0
976 0
977 0
978 0
979 0
980 0
981 0
982 0
983 0
984 0
985 0
986 0
987 0
988 0
989 0
990 0
991 0
992 0
993 0
994 0
995 0
996 0
997 0
998 19
999 19
1000 19
1001 19
1002 19
1003 19
1004 19
1005 19
1006 19
1007 19
1008 19
1009 19
1010 19
1011 19
1012 19
1013 19
1014 19
1015 19
1016 19
1017 19
1018 19
1019 19
1020 19
1021 19
1022 19
1023 19
1024 19
1025 19
1026 19
1027 19
1028 19
1029 19
1030 19
1031 19
1032 19
1033 19
1034 19
1035 19
1036 19
1037 19
1038 19
1039 19
1040 19
1041 19
1042 19
1043 19
1044 19
1045 19
1046 19
1047 19
1048 19
1049 19
1050 19
1051 19
1052 19
1053 -19
1054 20
1055 20
1056 20
1057 20
1058 20
1059 20
1060 20
1061 20
1062 20
1063 20
1064 20
1065 20
1066 20
1067 20
1068 20
1069 20
1070 20
1071 20
1072 20
1073 20
1074 20
1075 20
1076 20
1077 20
1078 -20
1079 0
1080 0
1081 0
1082 0
1083 0
1084 0
1085 21
1086 21
1087 21
1088 21
1089 21
1090 21
1091 21
1092 21
1093 21
1094 21
1095 21
1096 21
1097 21
1098 21
1099 21
1100 21
1101 21
1102 21
1103 21
1104 21
1105 21
1106 21
1107 21
1108 21
1109 21
1110 21
1111 21
1112 21
1113 21
1114 21
1115 21
1116 -21
1117 0
1118 0
1119 0
1120 22
1121 22
1122 22
1123 22
1124 22
1125 22
1126 22
1127 22
1128 22
1129 22
1130 22
1131 22
1132 22
1133 22
1134 22
1135 22
1136 22
1137 22
1138 22
1139 22
1140 22
1141 22
1142 22
1143 22
1144 22
1145 22
1146 22
1147 22
1148 22
1149 22
1150 22
1151 22
1152 22
1153 22
1154 22
1155 22
1156 22
1157 22
1158 -22
1159 0
1160 0
1161 0
1162 0
1163 0
1164 0
1165 0
1166 23
1167 23
1168 23
1169 23
1170 23
1171 23
1172 23
1173 23
1174 23
1175 23
1176 23
1177 23
1178 23
1179 23
1180 23
1181 23
1182 23
1183 23
1184 23
1185 23
1186 23
1187 23
1188 23
1189 23
1190 23
1191 23
1192 23
1193 23
1194 23
1195 23
1196 23
1197 23
1198 23
1199 23
1200 23
1201 23
1202 23
1203 23
1204 23
1205 23
1206 23
1207 0
1208 0
1209 0
1210 0
1211 0
1212 0
1213 0
1214 0
1215 0
1216 0
1217 0
1218 0
1219 0
1220 0
1221 0
1222 0
1223 0
1224 0
1225 0
1226 0
1227 0
1228 0
1229 0
1230 0
1231 -24
1232 24
1233 24
1234 24
1235 24
1236 24
1237 24
1238 24
1239 24
1240 24
1241 24
1242 24
1243 24
1244 24
1245 24
1246 24
1247 24
1248 24
1249 24
1250 24
1251 24
1252 24
1253 24
1254 24
1255 24
1256 24
1257 24
1258 24
1259 24
1260 24
1261 24
1262 24
1263 24
1264 24
1265 24
1266 24
1267 24
1268 0
1269 0
1270 0
1271 25
1272 25
1273 25
1274 25
1275 25
1276 25
1277 25
1278 25
1279 25
1280 25
1281 25
1282 25
1283 25
1284 25
1285 25
1286 25
1287 25
1288 25
1289 25
1290 25
1291 25
1292 25
1293 25
1294 25
1295 25
1296 25
1297 25
1298 25
1299 25
1300 25
1301 25
1302 25
1303 25
1304 25
1305 25
1306 25
1307 25
1308 25
1309 25
1310 25
1311 25
1312 25
1313 25
1314 -25
1315 0
1316 0
1317 0
1318 0
1319 26
1320 26
1321 26
1322 26
1323 26
1324 26
1325 26
1326 26
1327 26
1328 26
1329 26
1330 26
1331 26
1332 26
1333 26
1334 26
1335 26
1336 26
1337 26
1338 26
1339 26
1340 26
1341 26
1342 26
1343 26
1344 26
1345 26
1346 26
1347 26
1348 26
1349 26
1350 26
1351 26
1352 26
1353 26
1354 26
1355 26
1356 26
1357 26
1358 26
1359 26
1360 26
1361 26
1362 26
1363 26
1364 26
1365 26
1366 26
1367 26
1368 26
1369 26
1370 26
1371 26
1372 26
1373 26
1374 26
1375 -26
1376 0
1377 0
1378 0
1379 0
1380 0
1381 0
1382 -27
1383 27
1384 27
1385 27
1386 27
1387 27
1388 27
1389 27
1390 27
1391 27
1392 27
1393 27
1394 27
1395 27
1396 27
1397 27
1398 27
1399 27
1400 27
1401 27
1402 27
1403 27
1404 27
1405 27
1406 27
1407 27
1408 27
1409 27
1410 0
1411 0
1412 0
1413 0
1414 0
1415 0
1416 0
1417 0
1418 0
1419 0
1420 0
1421 0
1422 0
1423 0
1424 0
1425 0
1426 0
1427 0
1428 0
1429 0
1430 0
1431 0
1432 0
1433 0
1434 0
1435 0
1436 0
1437 0
1438 0
1439 0
1440 0
1441 0
1442 0
1443 0
1444 0
1445 0
1446 0
1447 0
1448 0
1449 0
1450 0
1451 0
1452 0
1453 0
1454 0
1455 0
1456 0
1457 0
1458 0
1459 0
1460 0
1461 0
1462 0
1463 0
1464 0
1465 0
1466 0
1467 0
1468 0
1469 0
1470 0
1471 0
1472 0
1473 0
1474 0
1475 0
1476 0
1477 0
1478 0
1479 0
1480 0
1481 0
1482 0
1483 0
1484 0
1485 0
1486 0
1487 0
1488 0
1489 0
1490 0
1491 0
1492 0
1493 0
1494 0
1495 0
1496 0
1497 0
1498 0
1499 0
1500 0
1501 0
1502 0
1503 0
1504 0
1505 0
1506 0
1507 0
1508 0
1509 0
1510 0
1511 0
1512 0
1513 0
1514 0
1515 0
1516 0
1517 0
1518 0
1519 0
1520 0
1521 0
1522 0
1523 0
1524 0
1525 0
1526 0
1527 0
1528 0
1529 0
1530 0
1531 0
1532 0
1533 0
1534 0
1535 0
1536 0
1537 0
1538 0
1539 0
1540 0
1541 0
1542 0
1543 0
1544 0
1545 0
1546 0
1547 0
1548 0
1549 0
1550 0
1551 0
1552 0
1553 0
1554 0
1555 0
1556 0
1557 0
1558 0
1559 0
1560 0
1561 0
1562 0
1563 0
1564 0
1565 0
1566 0
1567 0
1568 0
1569 0
1570 0
1571 0
1572 0
1573 0
1574 0
1575 0
1576 0
1577 0
1578 0
1579 0
1580 0
1581 0
1582 0
1583 0
1584 0
1585 0
1586 0
1587 0
1588 0
1589 0
1590 0
1591 0
1592 0
1593 0
1594 0
1595 0
1596 0
1597 0
1598 0
1599 0
1600 0
1601 0
1602 0
1603 0
1604 0
1605 0
1606 0
1607 0
1608 0
1609 0
1610 0
1611 0
1612 0
1613 0
1614 0
1615 0
1616 0
1617 0
1618 0
1619 0
1620 0
1621 0
1622 0
1623 0
1624 0
1625 0
1626 0
1627 0
1628 0
1629 0
1630 0
1631 0
1632 0
1633 0
1634 0
1635 0
1636 0
1637 0
1638 0
1639 0
1640 0
1641 0
1642 0
1643 0
1644 0
1645 0
1646 0
1647 0
1648 0
1649 0
1650 0
1651 0
1652 0
1653 0
1654 0
1655 0
1656 0
1657 0
1658 0
1659 0
1660 0
1661 0
1662 0
1663 0
1664 0
1665 0
1666 0
1667 0
1668 0
1669 0
1670 0
1671 0
1672 0
1673 0
1674 0
1675 0
1676 0
1677 0
1678 0
1679 0
1680 0
1681 0
1682 0
1683 0
1684 0
1685 0
1686 0
1687 0
1688 0
1689 0
1690 0
1691 0
1692 0
1693 0
1694 0
1695 0
1696 0
1697 0
1698 0
1699 0
1700 0
1701 0
1702 0
1703 0
1704 0
1705 0
1706 0
1707 0
1708 0
1709 0
1710 0
1711 0
1712 0
1713 0
1714 0
1715 0
1716 0
1717 0
1718 0
1719 0
1720 0
1721 0
1722 0
1723 0
1724 0
1725 0
1726 0
1727 0
1728 0
1729 0
1730 0
1731 0
1732 0
1733 0
1734 0
1735 0
1736 0
1737 0
1738 0
1739 0
1740 0
1741 0
1742 0
1743 0
1744 0
1745 0
1746 0
1747 0
1748 0
1749 0
1750 0
1751 0
1752 0
1753 0
1754 0
1755 0
1756 0
1757 0
1758 0
1759 0
1760 0
1761 0
1762 0
1763 0
1764 0
1765 0
1766 0
1767 0
1768 0
1769 0
1770 0
1771 0
1772 0
1773 0
1774 0
1775 0
1776 0
1777 0
1778 0
1779 0
1780 0
1781 0
1782 0
1783 0
1784 0
1785 0
1786 0
1787 0
1788 0
1789 0
1790 0
1791 0
1792 0
1793 0
1794 0
1795 0
1796 0
1797 0
1798 0
1799 0
1800 0
1801 0
1802 0
1803 0
1804 0
1805 0
1806 0
1807 0
1808 0
1809 0
1810 0
1811 0
1812 0
1813 0
1814 0
1815 0
1816 0
1817 0
1818 0
1819 0
1820 0
1821 0
1822 0
1823 0
1824 0
1825 0
1826 0
1827 0
1828 0
1829 0
1830 0
1831 0
1832 0
1833 0
1834 0
1835 0
1836 0
1837 0
1838 0
1839 0
1840 0
1841 0
1842 0
1843 0
1844 0
1845 0
1846 0
1847 0
1848 0
1849 0
1850 0
1851 0
1852 28
1853 28
1854 28
1855 28
1856 28
1857 28
1858 28
1859 28
1860 28
1861 28
1862 28
1863 28
1864 28
1865 28
1866 28
1867 28
1868 28
1869 28
1870 28
1871 28
1872 28
1873 28
1874 28
1875 28
1876 28
1877 -28
1878 -29
1879 29
1880 29
1881 29
1882 29
1883 29
1884 29
1885 29
1886 29
1887 29
1888 29
1889 29
1890 29
1891 29
1892 29
1893 29
1894 29
1895 29
1896 29
1897 29
1898 29
1899 29
1900 29
1901 29
1902 29
1903 29
1904 29
1905 29
1906 0
1907 0
1908 0
1909 0
1910 -30
1911 30
1912 30
1913 30
1914 30
1915 30
1916 30
1917 30
1918 30
1919 30
1920 30
1921 30
1922 30
1923 30
1924 30
1925 30
1926 30
1927 30
1928 30
1929 30
1930 30
1931 30
1932 30
1933 30
1934 30
1935 30
1936 30
1937 30
1938 30
1939 30
1940 30
1941 30
1942 30
1943 30
1944 30
1945 30
1946 0
1947 31
1948 31
1949 31
1950 31
1951 31
1952 31
1953 31
1954 31
1955 31
1956 31
1957 31
1958 31
1959 31
1960 31
1961 31
1962 31
1963 31
1964 31
1965 31
1966 31
1967 31
1968 31
1969 31
1970 31
1971 31
1972 31
1973 31
1974 31
1975 31
1976 31
1977 31
1978 31
1979 31
1980 31
1981 31
1982 31
1983 31
1984 31
1985 31
1986 31
1987 31
1988 31
1989 31
1990 31
1991 31
1992 31
1993 31
1994 31
1995 31
1996 31
1997 31
1998 31
1999 31
2000 31
2001 31
2002 31
2003 31
2004 31
2005 31
2006 31
2007 31
2008 31
2009 31
2010 31
2011 31
2012 31
2013 31
2014 31
2015 31
2016 31
2017 31
2018 31
2019 31
2020 31
2021 31
2022 31
2023 31
2024 31
2025 31
2026 31
2027 31
2028 31
2029 31
2030 31
2031 0
2032 0
2033 0
2034 0
2035 0
2036 0
2037 32
2038 32
2039 32
2040 32
2041 32
2042 32
2043 32
2044 32
2045 32
2046 32
2047 32
2048 32
2049 32
2050 32
2051 32
2052 32
2053 32
2054 32
2055 32
2056 32
2057 32
2058 32
2059 32
2060 32
2061 32
2062 32
2063 32
2064 32
2065 32
2066 32
2067 32
2068 32
2069 32
2070 32
2071 32
2072 32
2073 32
2074 32
2075 32
2076 32
2077 32
2078 32
2079 32
2080 32
2081 32
2082 32
2083 32
2084 32
2085 32
2086 32
2087 32
2088 32
2089 32
2090 32
2091 32
2092 32
2093 32
2094 32
2095 32
2096 32
2097 32
2098 32
2099 32
2100 32
2101 32
2102 32
2103 32
2104 32
2105 32
2106 32
2107 32
2108 32
2109 32
2110 32
2111 32
2112 32
2113 32
2114 32
2115 32
2116 32
2117 32
2118 32
2119 32
2120 32
2121 32
2122 32
2123 32
2124 32
2125 32
2126 32
2127 32
2128 32
2129 32
2130 32
2131 32
2132 32
2133 32
2134 32
2135 32
2136 32
2137 32
2138 32
2139 32
2140 32
2141 32
2142 32
2143 32
2144 32
2145 32
2146 32
2147 32
2148 32
2149 32
2150 32
2151 32
2152 32
2153 32
2154 32
2155 32
2156 32
2157 32
2158 32
2159 32
2160 32
2161 32
2162 32
2163 32
2164 32
2165 32
2166 32
2167 32
2168 32
2169 32
2170 32
2171 32
2172 32
2173 -32
2174 0
2175 -33
2176 33
2177 33
2178 33
2179 33
2180 33
2181 33
2182 33
2183 33
2184 33
2185 33
2186 33
2187 33
2188 33
2189 33
2190 0
2191 0
2192 0
2193 0
2194 -34
2195 34
2196 34
2197 34
2198 34
2199 34
2200 34
2201 34
2202 34
2203 34
2204 34
2205 34
2206 34
2207 34
2208 -34
2209 0
2210 0
2211 -35
2212 35
2213 35
2214 35
2215 35
2216 35
2217 35
2218 35
2219 35
2220 35
2221 35
2222 35
2223 35
2224 35
2225 35
2226 35
2227 35
2228 35
2229 35
2230 35
2231 35
2232 35
2233 35
2234 0
2235 0
2236 0
2237 0
2238 0
2239 0
2240 0
2241 0
2242 0
2243 0
2244 0
2245 0
2246 0
2247 0
2248 0
2249 0
2250 0
2251 0
2252 0
2253 0
2254 0
2255 0
2256 0
2257 0
2258 0
2259 0
2260 0
2261 0
2262 0
2263 0
2264 0
2265 0
2266 0
2267 0
2268 0
2269 0
2270 0
2271 0
2272 0
2273 0
2274 0
2275 0
2276 0
2277 0
2278 0
2279 0
2280 0
2281 0
2282 0
2283 0
2284 0
2285 0
2286 0
2287 0
2288 0
2289 0
2290 0
2291 0
2292 0
2293 0
2294 0
2295 0
2296 0
2297 0
2298 0
2299 0
2300 0
2301 0
2302 0
2303 0
2304 0
2305 0
2306 0
2307 0
2308 0
2309 0
2310 0
2311 0
2312 0
2313 0
2314 0
2315 0
2316 0
2317 0
2318 0
2319 0
2320 0
2321 0
2322 0
2323 0
2324 0
2325 0
2326 0
2327 0
2328 0
2329 0
2330 0
2331 0
2332 0
2333 0
2334 0
2335 0
2336 0
2337 0
2338 0
2339 0
2340 0
2341 0
2342 0
2343 0
2344 0
2345 0
2346 0
2347 0
2348 0
2349 0
2350 -36
2351 36
2352 36
2353 36
2354 36
2355 36
2356 36
2357 36
2358 36
2359 36
2360 36
2361 36
2362 36
2363 36
2364 36
2365 36
2366 36
2367 36
2368 36
2369 36
2370 36
2371 36
2372 36
2373 36
2374 36
2375 36
2376 36
2377 36
2378 36
2379 36
2380 36
2381 36
2382 36
2383 36
2384 36
2385 36
2386 36
2387 36
2388 0
2389 0
2390 0
2391 0
2392 0
2393 0
2394 0
2395 0
2396 37
2397 37
2398 37
2399 37
2400 37
2401 37
2402 37
2403 37
2404 37
2405 37
2406 37
2407 37
2408 37
2409 37
2410 37
2411 37
2412 37
2413 37
2414 37
2415 37
2416 37
2417 37
2418 37
2419 37
2420 37
2421 37
2422 37
2423 37
2424 -37
2425 38
2426 38
2427 38
2428 38
2429 38
2430 38
2431 38
2432 38
2433 38
2434 38
2435 38
2436 38
2437 -38
2438 0
2439 39
2440 39
2441 39
2442 39
2443 39
2444 39
2445 39
2446 39
2447 39
2448 39
2449 39
2450 39
2451 39
2452 39
2453 39
2454 39
2455 39
2456 39
2457 39
2458 39
2459 39
2460 39
2461 0
2462 0
2463 0
2464 0
2465 0
2466 0
2467 0
2468 0
2469 0
2470 0
2471 0
2472 0
2473 0
2474 0
2475 0
2476 0
2477 0
2478 0
2479 0
2480 0
2481 0
2482 0
2483 0
2484 0
2485 0
2486 0
2487 0
2488 0
2489 0
2490 0
2491 0
2492 0
2493 0
2494 0
2495 0
2496 0
2497 0
2498 0
2499 0
2500 0
2501 0
2502 0
2503 0
2504 0
2505 0
2506 0
2507 0
2508 0
2509 0
2510 0
2511 0
2512 0
2513 0
2514 0
2515 0
2516 0
2517 0
2518 0
2519 0
2520 0
2521 0
2522 0
2523 0
2524 0
2525 0
2526 0
2527 0
2528 0
2529 0
2530 0
2531 0
2532 0
2533 0
2534 0
2535 0
2536 0
2537 0
2538 0
2539 0
2540 0
2541 0
2542 0
2543 0
2544 0
2545 0
2546 0
2547 0
2548 0
2549 0
2550 0
2551 0
2552 0
2553 0
2554 0
2555 0
2556 0
2557 0
2558 0
2559 0
2560 0
2561 0
2562 0
2563 0
2564 0
2565 0
2566 0
2567 0
2568 0
2569 0
2570 0
2571 0
2572 0
2573 0
2574 0
2575 0
2576 0
2577 0
2578 0
2579 0
2580 0
2581 0
2582 0
2583 0
2584 0
2585 0
2586 0
2587 0
2588 0
2589 0
2590 0
2591 0
2592 0
2593 0
2594 0
2595 0
2596 0
2597 0
2598 0
2599 0
2600 0
2601 0
2602 0
2603 0
2604 0
2605 0
2606 0
2607 0
2608 0
2609 0
2610 0
2611 0
2612 0
2613 0
2614 0
2615 0
2616 0
2617 0
2618 0
2619 0
2620 0
2621 0
2622 0
2623 0
2624 0
2625 0
2626 0
2627 0
2628 0
2629 0
2630 0
2631 0
2632 0
2633 0
2634 0
2635 0
2636 0
2637 0
2638 0
2639 0
2640 0
2641 0
2642 0
2643 0
2644 0
2645 0
2646 0
2647 0
2648 0
2649 0
2650 0
2651 0
2652 0
2653 0
2654 0
2655 0
2656 0
2657 0
2658 0
2659 0
2660 0
2661 0
2662 0
2663 0
2664 0
2665 0
2666 0
2667 0
2668 0
2669 0
2670 0
2671 0
2672 0
2673 0
2674 0
2675 0
2676 0
2677 0
2678 0
2679 0
2680 0
2681 0
2682 0
2683 0
2684 0
2685 0
2686 0
2687 0
2688 0
2689 0
2690 0
2691 0
2692 0
2693 0
2694 0
2695 0
2696 0
2697 0
2698 0
2699 0
2700 0
2701 0
2702 0
2703 0
2704 0
2705 0
2706 0
2707 0
2708 0
2709 0
2710 0
2711 0
2712 0
2713 0
2714 0
2715 0
2716 0
2717 0
2718 0
2719 0
2720 0
2721 0
2722 0
2723 0
2724 0
2725 0
2726 0
2727 0
2728 0
2729 0
2730 0
2731 0
2732 0
2733 0
2734 0
2735 0
2736 0
2737 0
2738 0
2739 0
2740 0
2741 0
2742 0
2743 -40
2744 40
2745 40
2746 40
2747 40
2748 40
2749 40
2750 40
2751 40
2752 40
2753 40
2754 40
2755 40
2756 40
2757 40
2758 40
2759 40
2760 40
2761 40
2762 40
2763 40
2764 40
2765 40
2766 40
2767 40
2768 40
2769 40
2770 40
2771 40
2772 40
2773 40
2774 40
2775 40
2776 40
2777 40
2778 40
2779 40
2780 40
2781 40
2782 40
2783 40
2784 40
2785 40
2786 40
2787 40
2788 0
2789 0
2790 0
2791 0
2792 0
2793 0
2794 41
2795 41
2796 41
2797 41
2798 41
2799 41
2800 41
2801 41
2802 41
2803 41
2804 41
2805 41
2806 41
2807 41
2808 41
2809 41
2810 41
2811 41
2812 41
2813 41
2814 41
2815 41
2816 41
2817 41
2818 41
2819 41
2820 41
2821 41
2822 41
2823 41
2824 41
2825 41
2826 41
2827 41
2828 41
2829 41
2830 41
2831 41
2832 41
2833 41
2834 41
2835 41
2836 41
2837 41
2838 41
2839 41
2840 41
2841 41
2842 41
2843 41
2844 41
2845 41
2846 41
2847 41
2848 41
2849 41
2850 0
2851 0
2852 0
2853 0
2854 0
2855 0
2856 0
2857 -42
2858 42
2859 42
2860 42
2861 42
2862 42
2863 42
2864 42
2865 42
2866 42
2867 42
2868 42
2869 42
2870 42
2871 42
2872 42
2873 42
2874 42
2875 42
2876 42
2877 42
2878 42
2879 42
2880 42
2881 42
2882 42
2883 42
2884 42
2885 42
2886 42
2887 42
2888 42
2889 42
2890 42
2891 42
2892 42
2893 42
2894 42
2895 42
2896 42
2897 42
2898 42
2899 42
2900 42
2901 42
2902 42
2903 42
2904 42
2905 42
2906 42
2907 42
2908 42
2909 42
2910 42
2911 42
2912 42
2913 42
2914 42
2915 42
2916 42
2917 42
2918 42
2919 42
2920 42
2921 42
2922 42
2923 42
2924 42
2925 42
2926 42
2927 42
2928 42
2929 42
2930 42
2931 42
2932 42
2933 42
2934 42
2935 42
2936 42
2937 42
2938 42
2939 42
2940 42
2941 42
2942 42
2943 42
2944 42
2945 42
2946 42
2947 42
2948 42
2949 42
2950 42
2951 42
2952 42
2953 42
2954 42
2955 42
2956 42
2957 42
2958 42
2959 42
2960 42
2961 42
2962 42
2963 42
2964 42
2965 42
2966 42
2967 42
2968 42
2969 42
2970 42
2971 -42
2972 0
2973 0
2974 -43
2975 43
2976 43
2977 43
2978 43
2979 43
2980 43
2981 43
2982 43
2983 43
2984 43
2985 43
2986 43
2987 43
2988 43
2989 43
2990 43
2991 43
2992 43
2993 43
2994 43
2995 43
2996 43
2997 43
2998 43
2999 43
3000 43
3001 43
3002 43
3003 43
3004 43
3005 43
3006 43
3007 43
3008 43
3009 43
3010 43
3011 43
3012 43
3013 43
3014 43
3015 43
3016 43
3017 0
3018 0
3019 0
3020 0
3021 0
3022 0
3023 0
3024 0
3025 0
3026 0
3027 0
3028 -44
3029 44
3030 44
3031 44
3032 44
3033 44
3034 44
3035 44
3036 44
3037 44
3038 44
3039 44
3040 44
3041 44
3042 44
3043 44
3044 44
3045 44
3046 44
3047 44
3048 44
3049 44
3050 44
3051 44
3052 44
3053 44
3054 0
3055 0
3056 0
3057 0
3058 0
3059 0
3060 0
3061 0
3062 0
3063 0
3064 0
3065 0
3066 0
3067 0
3068 0
3069 0
3070 0
3071 0
3072 0
3073 0
3074 0
3075 0
3076 0
3077 0
3078 0
3079 -45
3080 45
3081 45
3082 45
3083 45
3084 45
3085 45
3086 45
3087 45
3088 45
3089 45
3090 45
3091 45
3092 45
3093 45
3094 45
3095 45
3096 45
3097 45
3098 45
3099 45
3100 45
3101 45
3102 45
3103 45
3104 45
3105 45
3106 45
3107 45
3108 45
3109 45
3110 45
3111 45
3112 45
3113 45
3114 45
3115 45
3116 45
3117 45
3118 45
3119 45
3120 45
3121 45
3122 45
3123 45
3124 45
3125 45
3126 45
3127 45
3128 45
3129 45
3130 45
3131 45
3132 45
3133 45
3134 45
3135 45
3136 45
3137 -45
3138 0
3139 0
3140 0
3141 0
3142 -46
3143 46
3144 46
3145 46
3146 46
3147 46
3148 46
3149 46
3150 46
3151 46
3152 46
3153 46
3154 46
3155 46
3156 46
3157 46
3158 46
3159 46
3160 46
3161 46
3162 46
3163 46
3164 46
3165 46
3166 0
3167 0
3168 0
3169 0
3170 0
3171 47
3172 47
3173 47
3174 47
3175 47
3176 47
3177 47
3178 47
3179 47
3180 47
3181 47
3182 47
3183 47
3184 47
3185 47
3186 47
3187 47
3188 47
3189 47
3190 47
3191 47
3192 0
3193 0
3194 0
3195 0
3196 0
3197 0
3198 0
3199 0
3200 0
3201 0
3202 0
3203 0
3204 0
3205 0
3206 0
3207 0
3208 0
3209 0
3210 0
3211 0
3212 0
3213 0
3214 0
3215 0
3216 0
3217 0
3218 0
3219 0
3220 0
3221 0
3222 0
3223 0
3224 0
3225 0
3226 0
3227 0
3228 0
3229 0
3230 0
3231 0
3232 0
3233 0
3234 0
3235 0
3236 0
3237 0
3238 0
3239 0
3240 0
3241 0
3242 0
3243 0
3244 0
3245 0
3246 0
3247 0
3248 0
3249 0
3250 0
3251 0
3252 0
3253 0
3254 0
3255 0
3256 0
3257 0
3258 0
3259 48
3260 48
3261 48
3262 48
3263 48
3264 48
3265 48
3266 48
3267 48
3268 48
3269 48
3270 48
3271 48
3272 48
3273 48
3274 48
3275 48
3276 -48
3277 0
3278 0
3279 0
3280 0
3281 0
3282 49
3283 49
3284 49
3285 49
3286 49
3287 49
3288 49
3289 49
3290 49
3291 49
3292 49
3293 49
3294 -49
3295 0
3296 0
3297 50
3298 50
3299 50
3300 50
3301 50
3302 50
3303 50
3304 50
3305 50
3306 50
3307 50
3308 50
3309 50
3310 50
3311 50
3312 50
3313 50
3314 50
3315 50
3316 50
3317 50
3318 50
3319 50
3320 50
3321 50
3322 50
3323 50
3324 50
3325 50
3326 50
3327 50
3328 50
3329 50
3330 50
3331 50
3332 50
3333 50
3334 50
3335 50
3336 50
3337 50
3338 50
3339 50
3340 50
3341 50
3342 50
3343 50
3344 50
3345 50
3346 50
3347 50
3348 50
3349 50
3350 50
3351 50
3352 50
3353 50
3354 50
3355 50
3356 50
3357 0
3358 0
3359 51
3360 51
3361 51
3362 51
3363 51
3364 51
3365 51
3366 51
3367 51
3368 51
3369 51
3370 51
3371 51
3372 51
3373 51
3374 51
3375 51
3376 51
3377 51
3378 51
3379 51
3380 51
3381 51
3382 51
3383 51
3384 51
3385 51
3386 51
3387 51
3388 -52
3389 52
3390 52
3391 52
3392 52
3393 52
3394 52
3395 52
3396 52
3397 52
3398 52
3399 52
3400 52
3401 52
3402 52
3403 52
3404 52
3405 52
3406 52
3407 52
3408 52
3409 52
3410 52
3411 52
3412 52
3413 52
3414 52
3415 52
3416 52
3417 52
3418 0
3419 0
3420 0
3421 0
3422 0
3423 0
3424 0
3425 0
3426 0
3427 53
3428 53
3429 53
3430 53
3431 53
3432 53
3433 53
3434 53
3435 53
3436 53
3437 53
3438 53
3439 53
3440 -53
3441 0
3442 0
3443 0
3444 0
3445 0
3446 0
3447 0
3448 0
3449 0
3450 0
3451 -54
3452 54
3453 54
3454 54
3455 54
3456 54
3457 54
3458 54
3459 54
3460 54
3461 54
3462 54
3463 54
3464 54
3465 54
3466 54
3467 54
3468 54
3469 54
3470 54
3471 54
3472 54
3473 54
3474 54
3475 54
3476 54
3477 54
3478 54
3479 54
3480 54
3481 54
3482 -54
3483 0
3484 0
3485 0
3486 0
3487 0
3488 0
3489 0
3490 0
3491 0
3492 55
3493 55
3494 55
3495 55
3496 55
3497 55
3498 55
3499 55
3500 55
3501 55
3502 55
3503 55
3504 55
3505 55
3506 55
3507 55
3508 55
3509 55
3510 55
3511 55
3512 55
3513 55
3514 55
3515 0
3516 0
3517 0
3518 0
3519 0
3520 0
3521 0
3522 0
3523 0
3524 0
3525 0
3526 0
3527 0
3528 0
3529 0
3530 0
3531 0
3532 0
3533 0
3534 0
3535 0
3536 0
3537 0
3538 0
3539 0
3540 0
3541 0
3542 0
3543 0
3544 0
3545 0
3546 0
3547 0
3548 0
3549 0
3550 0
3551 0
3552 0
3553 0
3554 0
3555 0
3556 0
3557 0
3558 0
3559 0
3560 0
3561 0
3562 0
3563 0
3564 0
3565 0
3566 0
3567 0
3568 0
3569 0
3570 0
3571 0
3572 0
3573 0
3574 0
3575 0
3576 0
3577 0
3578 0
3579 0
3580 0
3581 0
3582 0
3583 0
3584 0
3585 0
3586 0
3587 0
3588 0
3589 0
3590 0
3591 0
3592 0
3593 0
3594 0
3595 0
3596 0
3597 0
3598 0
3599 0
3600 56
3601 56
3602 56
3603 56
3604 56
3605 56
3606 56
3607 56
3608 56
3609 56
3610 56
3611 56
3612 56
3613 56
3614 56
3615 56
3616 56
3617 56
3618 56
3619 56
3620 56
3621 56
3622 56
3623 56
3624 56
3625 56
3626 56
3627 56
3628 56
3629 56
3630 56
3631 56
3632 56
3633 56
3634 56
3635 56
3636 56
3637 56
3638 56
3639 56
3640 56
3641 56
3642 56
3643 56
3644 56
3645 56
3646 56
3647 56
3648 56
3649 56
3650 56
3651 56
3652 56
3653 56
3654 56
3655 56
3656 56
3657 56
3658 56
3659 0
3660 0
3661 0
3662 0
3663 0
3664 0
3665 0
3666 0
3667 0
3668 0
3669 0
3670 0
3671 0
3672 0
3673 0
3674 0
3675 0
3676 0
3677 0
3678 0
3679 0
3680 0
3681 0
3682 0
3683 0
3684 0
3685 0
3686 0
3687 0
3688 0
3689 0
3690 0
3691 0
3692 0
3693 0
3694 0
3695 0
3696 0
3697 0
3698 0
3699 0
3700 0
3701 0
3702 0
3703 0
3704 0
3705 0
3706 0
3707 0
3708 0
3709 0
3710 0
3711 0
3712 0
3713 0
3714 0
3715 0
3716 0
3717 0
3718 0
3719 0
3720 0
3721 0
3722 0
3723 0
3724 0
3725 0
3726 0
3727 0
3728 0
3729 0
3730 0
3731 0
3732 0
3733 0
3734 0
3735 0
3736 0
3737 0
3738 0
3739 0
3740 0
3741 0
3742 0
3743 0
3744 0
3745 0
3746 0
3747 0
3748 0
3749 0
3750 0
3751 0
3752 0
3753 0
3754 0
3755 0
3756 0
3757 0
3758 0
3759 0
3760 0
3761 0
3762 0
3763 0
3764 0
3765 0
3766 0
3767 0
3768 0
3769 0
3770 0
3771 0
3772 0
3773 0
3774 0
3775 0
3776 0
3777 0
3778 0
3779 0
3780 0
3781 0
3782 0
3783 0
3784 0
3785 0
3786 0
3787 0
3788 0
3789 0
3790 0
3791 0
3792 0
3793 0
3794 0
3795 0
3796 0
3797 0
3798 0
3799 0
3800 0
3801 0
3802 0
3803 0
3804 0
3805 0
3806 0
3807 0
3808 0
3809 0
3810 0
3811 0
3812 0
3813 0
3814 0
3815 0
3816 0
3817 0
3818 0
3819 0
3820 0
3821 0
3822 0
3823 0
3824 0
3825 0
3826 0
3827 0
3828 0
3829 0
3830 0
3831 0
3832 0
3833 0
3834 0
3835 0
3836 0
3837 0
3838 0
3839 0
3840 0
3841 0
3842 0
3843 0
3844 0
3845 0
3846 0
3847 0
3848 0
3849 0
3850 0
3851 0
3852 0
3853 0
3854 0
3855 0
3856 0
3857 0
3858 0
3859 0
3860 0
3861 0
3862 0
3863 0
3864 0
3865 0
3866 0
3867 0
3868 0
3869 0
3870 0
3871 0
3872 0
3873 0
3874 0
3875 0
3876 0
3877 0
3878 0
3879 0
3880 0
3881 0
3882 0
3883 0
3884 0
3885 0
3886 0
3887 0
3888 0
3889 0
3890 0
3891 0
3892 0
3893 0
3894 0
3895 0
3896 0
3897 0
3898 0
3899 0
3900 0
3901 0
3902 0
3903 0
3904 0
3905 0
3906 0
3907 0
3908 0
3909 0
3910 0
3911 0
3912 0
3913 0
3914 0
3915 0
3916 0
3917 0
3918 0
3919 0
3920 0
3921 0
3922 0
3923 0
3924 0
3925 0
3926 0
3927 0
3928 0
3929 0
3930 0
3931 0
3932 0
3933 0
3934 0
3935 0
3936 0
3937 0
3938 0
3939 0
3940 0
3941 0
3942 0
3943 0
3944 0
3945 0
3946 0
3947 0
3948 0
3949 0
3950 0
3951 0
3952 0
3953 -57
3954 57
3955 57
3956 57
3957 57
3958 57
3959 57
3960 57
3961 57
3962 -57
3963 0
3964 0
3965 0
3966 0
3967 0
3968 0
3969 0
3970 -58
3971 58
3972 58
3973 58
3974 58
3975 58
3976 58
3977 58
3978 58
3979 58
3980 58
3981 58
3982 58
3983 58
3984 58
3985 58
3986 58
3987 58
3988 0
3989 0
3990 0
3991 0
3992 0
3993 0
3994 0
3995 0
3996 0
3997 0
3998 0
3999 0
4000 0
4001 0
4002 0
4003 0
4004 0
4005 0
4006 0
4007 0
4008 0
4009 0
4010 0
4011 0
4012 0
4013 0
4014 0
4015 0
4016 0
4017 0
4018 0
4019 0
4020 0
4021 0
4022 0
4023 0
4024 0
4025 0
4026 0
4027 0
4028 0
4029 0
4030 0
4031 0
4032 0
4033 0
4034 0
4035 0
4036 0
4037 0
4038 0
4039 0
4040 0
4041 0
4042 0
4043 0
4044 0
4045 0
4046 0
4047 0
4048 0
4049 0
4050 0
4051 0
4052 0
4053 0
4054 0
4055 0
4056 0
4057 0
4058 0
4059 0
4060 0
4061 0
4062 0
4063 0
4064 0
4065 0
4066 0
4067 0
4068 0
4069 0
4070 0
4071 0
4072 0
4073 0
4074 0
4075 0
4076 0
4077 0
4078 0
4079 0
4080 0
4081 0
4082 0
4083 0
4084 0
4085 0
4086 0
4087 0
4088 0
4089 0
4090 0
4091 0
4092 0
4093 0
4094 0
4095 0
4096 0
4097 0
4098 0
4099 0
4100 0
4101 0
4102 0
4103 0
4104 0
4105 0
4106 0
4107 0
4108 0
4109 0
4110 0
4111 0
4112 0
4113 0
4114 0
4115 0
4116 0
4117 0
4118 0
4119 0
4120 0
4121 0
4122 0
4123 0
4124 0
4125 0
4126 0
4127 0
4128 0
4129 0
4130 0
4131 0
4132 0
4133 0
4134 0
4135 0
4136 0
4137 0
4138 0
4139 0
4140 0
4141 0
4142 0
4143 0
4144 0
4145 0
4146 0
4147 0
4148 0
4149 0
4150 0
4151 0
4152 0
4153 0
4154 0
4155 0
4156 0
4157 0
4158 0
4159 0
4160 0
4161 0
4162 0
4163 0
4164 0
4165 0
4166 0
4167 0
4168 0
4169 0
4170 0
4171 0
4172 0
4173 0
4174 0
4175 0
4176 0
4177 0
4178 0
4179 0
4180 0
4181 0
4182 0
4183 0
4184 0
4185 0
4186 0
4187 0
4188 0
4189 0
4190 0
4191 0
4192 0
4193 0
4194 0
4195 0
4196 0
4197 0
4198 0
4199 0
4200 0
4201 0
4202 0
4203 0
4204 0
4205 0
4206 0
4207 0
4208 0
4209 0
4210 0
4211 0
4212 0
4213 0
4214 0
4215 0
4216 0
4217 0
4218 0
4219 0
4220 0
4221 0
4222 0
4223 0
4224 -59
4225 59
4226 59
4227 59
4228 59
4229 59
4230 59
4231 59
4232 59
4233 59
4234 59
4235 59
4236 59
4237 59
4238 59
4239 59
4240 59
4241 59
4242 59
4243 59
4244 59
4245 59
4246 59
4247 59
4248 59
4249 59
4250 59
4251 59
4252 59
4253 59
4254 59
4255 59
4256 59
4257 59
4258 59
4259 59
4260 59
4261 59
4262 59
4263 59
4264 59
4265 59
4266 59
4267 59
4268 59
4269 59
4270 59
4271 59
4272 59
4273 59
4274 59
4275 59
4276 59
4277 59
4278 59
4279 59
4280 59
4281 59
4282 59
4283 0
4284 60
4285 60
4286 60
4287 60
4288 60
4289 60
4290 60
4291 60
4292 60
4293 60
4294 60
4295 60
4296 60
4297 -60
4298 0
4299 0
4300 0
4301 0
4302 0
4303 0
4304 0
4305 0
4306 0
4307 0
4308 0
4309 0
4310 0
4311 0
4312 0
4313 0
4314 0
4315 0
4316 0
4317 0
4318 0
4319 0
4320 0
4321 61
4322 61
4323 61
4324 61
4325 61
4326 61
4327 61
4328 61
4329 61
4330 61
4331 61
4332 61
4333 61
4334 61
4335 61
4336 61
4337 61
4338 61
4339 61
4340 61
4341 61
4342 61
4343 61
4344 61
4345 61
4346 61
4347 61
4348 61
4349 61
4350 61
4351 61
4352 61
4353 61
4354 61
4355 61
4356 61
4357 61
4358 61
4359 61
4360 61
4361 61
4362 61
4363 61
4364 61
4365 61
4366 61
4367 61
4368 61
4369 0
4370 62
4371 62
4372 62
4373 62
4374 62
4375 62
4376 62
4377 62
4378 62
4379 62
4380 62
4381 62
4382 62
4383 62
4384 62
4385 62
4386 62
4387 62
4388 62
4389 62
4390 62
4391 62
4392 62
4393 62
4394 62
4395 62
4396 62
4397 62
4398 62
4399 62
4400 62
4401 62
4402 62
4403 62
4404 62
4405 62
4406 62
4407 62
4408 62
4409 62
4410 62
4411 62
4412 62
4413 62
4414 62
4415 62
4416 62
4417 62
4418 62
4419 62
4420 62
4421 62
4422 62
4423 62
4424 62
4425 62
4426 0
4427 0
4428 0
4429 0
4430 0
4431 0
4432 0
4433 0
4434 -63
4435 63
4436 63
4437 63
4438 63
4439 63
4440 63
4441 63
4442 63
4443 63
4444 63
4445 63
4446 63
4447 63
4448 63
4449 63
4450 63
4451 63
4452 63
4453 63
4454 63
4455 0
4456 0
4457 0
4458 0
4459 0
4460 0
4461 0
4462 -64
4463 64
4464 64
4465 64
4466 64
4467 64
4468 64
4469 64
4470 64
4471 64
4472 64
4473 64
4474 -64
4475 0
4476 0
4477 0
4478 0
4479 0
4480 0
4481 0
4482 0
4483 0
4484 0
4485 0
4486 0
4487 0
4488 0
4489 0
4490 0
4491 0
4492 0
4493 0
4494 0
4495 0
4496 0
4497 0
4498 0
4499 0
4500 0
4501 0
4502 0
4503 0
4504 0
4505 0
4506 0
4507 0
4508 0
4509 0
4510 0
4511 0
4512 0
4513 0
4514 0
4515 65
4516 65
4517 65
4518 65
4519 65
4520 65
4521 65
4522 65
4523 65
4524 65
4525 65
4526 65
4527 65
4528 65
4529 0
4530 0
4531 0
4532 -66
4533 66
4534 66
4535 66
4536 66
4537 66
4538 66
4539 66
4540 66
4541 66
4542 66
4543 66
4544 66
4545 66
4546 66
4547 66
4548 66
4549 66
4550 66
4551 66
4552 66
4553 66
4554 66
4555 0
4556 0
4557 0
4558 67
4559 67
4560 67
4561 67
4562 67
4563 67
4564 67
4565 67
4566 67
4567 67
4568 67
4569 67
4570 67
4571 67
4572 67
4573 67
4574 67
4575 67
4576 67
4577 67
4578 67
4579 67
4580 67
4581 67
4582 67
4583 67
4584 67
4585 67
4586 67
4587 67
4588 67
4589 67
4590 67
4591 67
4592 67
4593 67
4594 67
4595 67
4596 67
4597 67
4598 67
4599 0
4600 68
4601 68
4602 68
4603 68
4604 68
4605 68
4606 68
4607 68
4608 68
4609 68
4610 68
4611 68
4612 68
4613 68
4614 68
4615 68
4616 68
4617 68
4618 68
4619 68
4620 -69
4621 69
4622 69
4623 69
4624 69
4625 69
4626 69
4627 69
4628 69
4629 69
4630 69
4631 69
4632 69
4633 69
4634 69
4635 69
4636 69
4637 69
4638 69
4639 69
4640 69
4641 69
4642 69
4643 69
4644 69
4645 69
4646 69
4647 69
4648 69
4649 69
4650 69
4651 69
4652 69
4653 69
4654 69
4655 69
4656 69
4657 69
4658 69
4659 69
4660 69
4661 69
4662 69
4663 69
4664 69
4665 69
4666 69
4667 69
4668 69
4669 69
4670 69
4671 69
4672 69
4673 69
4674 69
4675 69
4676 69
4677 69
4678 69
4679 69
4680 69
4681 69
4682 69
4683 69
4684 69
4685 69
4686 69
4687 69
4688 69
4689 69
4690 69
4691 69
4692 69
4693 69
4694 69
4695 69
4696 69
4697 69
4698 69
4699 69
4700 -69
4701 0
4702 0
4703 -70
4704 70
4705 70
4706 70
4707 70
4708 70
4709 70
4710 70
4711 70
4712 70
4713 70
4714 70
4715 70
4716 70
4717 70
4718 70
4719 70
4720 70
4721 70
4722 70
4723 70
4724 70
4725 70
4726 70
4727 70
4728 70
4729 70
4730 70
4731 70
4732 70
4733 70
4734 70
4735 70
4736 70
4737 70
4738 70
4739 70
4740 70
4741 0
4742 0
4743 0
4744 0
4745 0
4746 0
4747 0
4748 0
4749 71
4750 71
4751 71
4752 71
4753 71
4754 71
4755 71
4756 71
4757 71
4758 71
4759 71
4760 71
4761 71
4762 71
4763 71
4764 71
4765 71
4766 71
4767 71
4768 71
4769 71
4770 71
4771 71
4772 71
4773 71
4774 71
4775 71
4776 71
4777 71
4778 71
4779 71
4780 71
4781 71
4782 71
4783 71
4784 71
4785 71
4786 71
4787 71
4788 71
4789 71
4790 71
4791 71
4792 71
4793 71
4794 71
4795 71
4796 71
4797 0
4798 0
4799 0
4800 0
4801 72
4802 72
4803 72
4804 72
4805 72
4806 72
4807 72
4808 72
4809 72
4810 72
4811 72
4812 72
4813 72
4814 72
4815 72
4816 72
4817 72
4818 72
4819 72
4820 72
4821 72
4822 72
4823 72
4824 72
4825 72
4826 72
4827 72
4828 72
4829 72
4830 72
4831 72
4832 -72
4833 0
4834 -73
4835 73
4836 73
4837 73
4838 73
4839 73
4840 73
4841 73
4842 73
4843 73
4844 73
4845 73
4846 73
4847 73
4848 73
4849 73
4850 73
4851 73
4852 73
4853 73
4854 73
4855 73
4856 73
4857 73
4858 73
4859 73
4860 73
4861 0
4862 0
4863 74
4864 74
4865 74
4866 74
4867 74
4868 74
4869 74
4870 74
4871 74
4872 74
4873 74
4874 74
4875 74
4876 74
4877 74
4878 74
4879 74
4880 74
4881 74
4882 74
4883 74
4884 74
4885 74
4886 74
4887 74
4888 74
4889 74
4890 74
4891 74
4892 74
4893 74
4894 74
4895 74
4896 74
4897 74
4898 74
4899 74
4900 74
4901 74
4902 74
4903 74
4904 74
4905 74
4906 74
4907 74
4908 74
4909 74
4910 74
4911 74
4912 74
4913 -74
4914 0
4915 0
4916 0
4917 0
4918 0
4919 75
4920 75
4921 75
4922 75
4923 75
4924 75
4925 75
4926 75
4927 75
4928 75
4929 75
4930 75
4931 75
4932 75
4933 75
4934 75
4935 75
4936 75
4937 75
4938 75
4939 75
4940 75
4941 75
4942 75
4943 75
4944 75
4945 75
4946 75
4947 75
4948 75
4949 75
4950 75
4951 75
4952 75
4953 75
4954 75
4955 75
4956 75
4957 75
4958 75
4959 75
4960 75
4961 75
4962 75
4963 75
4964 75
4965 75
4966 75
4967 75
4968 75
4969 75
4970 75
4971 75
4972 75
4973 75
4974 75
4975 75
4976 75
4977 75
4978 75
4979 75
4980 75
4981 75
4982 75
4983 75
4984 0
4985 0
4986 0
4987 0
4988 0
4989 0
4990 0
4991 0
4992 0
4993 0
4994 0
4995 0
4996 0
4997 0
4998 0
4999 0
5000 0
5001 0
5002 0
5003 0
5004 0
5005 0
5006 0
5007 0
5008 0
5009 0
5010 0
5011 0
5012 0
5013 0
5014 0
5015 0
5016 0
5017 0
5018 0
5019 0
5020 0
5021 0
5022 0
5023 0
5024 0
5025 0
5026 0
5027 0
5028 0
5029 0
5030 0
5031 0
5032 0
5033 0
5034 0
5035 0
5036 0
5037 0
5038 0
5039 0
5040 0
5041 0
5042 0
5043 0
5044 0
5045 0
5046 0
5047 0
5048 0
5049 0
5050 0
5051 0
5052 0
5053 0
5054 0
5055 0
5056 0
5057 0
5058 0
5059 0
5060 0
5061 0
5062 0
5063 0
5064 0
5065 0
5066 0
5067 0
5068 0
5069 0
5070 0
5071 0
5072 0
5073 0
5074 0
5075 0
5076 0
5077 0
5078 0
5079 0
5080 0
5081 0
5082 0
5083 0
5084 0
5085 0
5086 0
5087 0
5088 0
5089 0
5090 0
5091 0
5092 0
5093 0
5094 0
5095 0
5096 0
5097 0
5098 0
5099 0
5100 0
5101 0
5102 0
5103 0
5104 0
5105 0
5106 0
5107 0
5108 0
5109 0
5110 0
5111 0
5112 0
5113 0
5114 0
5115 0
5116 0
5117 0
5118 0
5119 0
5120 0
5121 0
5122 0
5123 0
5124 0
5125 0
5126 0
5127 0
5128 0
5129 0
5130 0
5131 0
5132 0
5133 0
5134 0
5135 0
5136 0
5137 0
5138 0
5139 0
5140 0
5141 -76
5142 76
5143 76
5144 76
5145 76
5146 76
5147 76
5148 76
5149 76
5150 76
5151 76
5152 76
5153 76
5154 76
5155 76
5156 76
5157 76
5158 76
5159 76
5160 76
5161 76
5162 76
5163 76
5164 76
5165 76
5166 0
5167 -77
5168 77
5169 77
5170 77
5171 77
5172 77
5173 77
5174 77
5175 77
5176 77
5177 77
5178 77
5179 77
5180 77
5181 77
5182 77
5183 77
5184 77
5185 77
5186 77
5187 77
5188 77
5189 77
5190 77
5191 77
5192 -77
5193 0
5194 78
5195 78
5196 78
5197 78
5198 78
5199 78
5200 78
5201 78
5202 78
5203 78
5204 78
5205 78
5206 78
5207 0
5208 0
5209 0
5210 0
5211 0
5212 0
5213 0
5214 0
5215 0
5216 0
5217 0
5218 0
5219 0
5220 0
5221 0
5222 79
5223 79
5224 79
5225 79
5226 79
5227 79
5228 79
5229 79
5230 79
5231 79
5232 79
5233 79
5234 0
5235 0
5236 -80
5237 80
5238 80
5239 80
5240 80
5241 80
5242 80
5243 80
5244 80
5245 80
5246 80
5247 80
5248 80
5249 80
5250 80
5251 80
5252 80
5253 80
5254 80
5255 80
5256 80
5257 80
5258 80
5259 80
5260 80
5261 80
5262 0
5263 0
5264 0
5265 0
5266 0
5267 0
5268 81
5269 81
5270 81
5271 81
5272 81
5273 81
5274 81
5275 81
5276 81
5277 81
5278 81
5279 81
5280 81
5281 81
5282 81
5283 81
5284 81
5285 81
5286 81
5287 81
5288 81
5289 0
5290 0
5291 82
5292 82
5293 82
5294 82
5295 82
5296 82
5297 82
5298 82
5299 82
5300 -82
5301 0
5302 0
5303 -83
5304 83
5305 83
5306 83
5307 83
5308 83
5309 83
5310 83
5311 83
5312 83
5313 83
5314 83
5315 83
5316 83
5317 83
5318 83
5319 83
5320 83
5321 83
5322 83
5323 83
5324 83
5325 83
5326 83
5327 83
5328 83
5329 83
5330 83
5331 83
5332 83
5333 83
5334 83
5335 83
5336 83
5337 83
5338 83
5339 83
5340 83
5341 83
5342 83
5343 83
5344 83
5345 83
5346 83
5347 83
5348 83
5349 83
5350 83
5351 83
5352 83
5353 83
5354 83
5355 83
5356 83
5357 83
5358 83
5359 83
5360 83
5361 83
5362 83
5363 83
5364 83
5365 83
5366 83
5367 83
5368 83
5369 83
5370 83
5371 83
5372 83
5373 83
5374 83
5375 83
5376 83
5377 83
5378 83
5379 83
5380 83
5381 83
5382 83
5383 83
5384 83
5385 83
5386 83
5387 83
5388 83
5389 83
5390 83
5391 83
5392 83
5393 83
5394 83
5395 83
5396 83
5397 83
5398 83
5399 83
5400 83
5401 83
5402 83
5403 83
5404 83
5405 83
5406 83
5407 83
5408 83
5409 83
5410 83
5411 83
5412 83
5413 83
5414 83
5415 83
5416 83
5417 83
5418 83
5419 83
5420 83
5421 83
5422 83
5423 83
5424 83
5425 83
5426 83
5427 0
5428 0
5429 0
5430 84
5431 84
5432 84
5433 84
5434 84
5435 84
5436 84
5437 84
5438 84
5439 84
5440 84
5441 84
5442 84
5443 84
5444 84
5445 84
5446 84
5447 84
5448 84
5449 84
5450 84
5451 84
5452 84
5453 84
5454 84
5455 84
5456 84
5457 84
5458 84
5459 84
5460 84
5461 84
5462 84
5463 84
5464 84
5465 84
5466 84
5467 84
5468 84
5469 84
5470 84
5471 84
5472 84
5473 84
5474 84
5475 84
5476 84
5477 84
5478 84
5479 84
5480 84
5481 84
5482 84
5483 84
5484 84
5485 84
5486 84
5487 84
5488 84
5489 84
5490 84
5491 84
5492 84
5493 84
5494 84
5495 84
5496 84
5497 84
5498 84
5499 84
5500 84
5501 84
5502 84
5503 84
5504 84
5505 84
5506 84
5507 84
5508 84
5509 84
5510 84
5511 84
5512 84
5513 84
5514 84
5515 84
5516 84
5517 84
5518 84
5519 84
5520 84
5521 84
5522 84
5523 84
5524 0
5525 0
5526 0
5527 0
5528 0
5529 0
5530 85
5531 85
5532 85
5533 85
5534 85
5535 85
5536 85
5537 85
5538 85
5539 85
5540 85
5541 85
5542 85
5543 85
5544 85
5545 85
5546 85
5547 85
5548 85
5549 85
5550 85
5551 85
5552 85
5553 85
5554 85
5555 0
5556 86
5557 86
5558 86
5559 86
5560 86
5561 86
5562 86
5563 86
5564 86
5565 86
5566 86
5567 86
5568 86
5569 86
5570 86
5571 86
5572 86
5573 86
5574 86
5575 86
5576 86
5577 86
5578 86
5579 86
5580 86
5581 86
5582 86
5583 -86
5584 0
5585 0
5586 -87
5587 87
5588 87
5589 87
5590 87
5591 87
5592 87
5593 87
5594 87
5595 87
5596 87
5597 87
5598 87
5599 87
5600 87
5601 0
5602 0
5603 0
5604 0
5605 0
5606 0
5607 88
5608 88
5609 88
5610 88
5611 88
5612 88
5613 88
5614 88
5615 88
5616 88
5617 -88
5618 0
5619 -89
5620 89
5621 89
5622 89
5623 89
5624 89
5625 89
5626 89
5627 89
5628 89
5629 89
5630 89
5631 89
5632 89
5633 89
5634 89
5635 89
5636 89
5637 89
5638 89
5639 89
5640 89
5641 89
5642 89
5643 89
5644 0
5645 90
5646 90
5647 90
5648 90
5649 90
5650 90
5651 90
5652 90
5653 90
5654 90
5655 90
5656 90
5657 90
5658 90
5659 90
5660 90
5661 90
5662 90
5663 90
5664 90
5665 90
5666 90
5667 90
5668 90
5669 90
5670 90
5671 90
5672 90
5673 90
5674 90
5675 0
5676 0
5677 0
5678 0
5679 0
5680 0
5681 0
5682 0
5683 0
5684 0
5685 0
5686 0
5687 0
5688 0
5689 0
5690 0
5691 0
5692 91
5693 91
5694 91
5695 91
5696 91
5697 91
5698 91
5699 91
5700 91
5701 91
5702 91
5703 91
5704 91
5705 91
5706 91
5707 91
5708 91
5709 91
5710 0
5711 0
5712 0
5713 92
5714 92
5715 92
5716 92
5717 92
5718 92
5719 92
5720 92
5721 92
5722 92
5723 92
5724 92
5725 92
5726 92
5727 92
5728 92
5729 92
5730 92
5731 92
5732 92
5733 92
5734 92
5735 92
5736 92
5737 92
5738 92
5739 92
5740 92
5741 92
5742 92
5743 92
5744 0
5745 0
5746 0
5747 0
5748 0
5749 0
5750 0
5751 93
5752 93
5753 93
5754 93
5755 93
5756 93
5757 93
5758 93
5759 93
5760 93
5761 93
5762 93
5763 93
5764 93
5765 93
5766 93
5767 93
5768 93
5769 93
5770 93
5771 93
5772 93
5773 93
5774 93
5775 93
5776 93
5777 93
5778 93
5779 93
5780 93
5781 93
5782 93
5783 93
5784 93
5785 93
5786 93
5787 93
5788 93
5789 93
5790 93
5791 93
5792 93
5793 93
5794 93
5795 93
5796 93
5797 93
5798 93
5799 93
5800 93
5801 93
5802 93
5803 93
5804 93
5805 93
5806 93
5807 93
5808 93
5809 93
5810 93
5811 93
5812 93
5813 93
5814 93
5815 93
5816 93
5817 93
5818 93
5819 93
5820 93
5821 93
5822 93
5823 93
5824 -93
5825 0
5826 0
5827 0
5828 0
5829 0
5830 0
5831 0
5832 0
5833 0
5834 0
5835 0
5836 0
5837 0
5838 0
5839 0
5840 0
5841 0
5842 0
5843 0
5844 0
5845 0
5846 0
5847 0
5848 0
5849 0
5850 0
5851 0
5852 0
5853 0
5854 0
5855 0
5856 0
5857 0
5858 0
5859 0
5860 0
5861 0
5862 0
5863 0
5864 0
5865 0
5866 0
5867 0
5868 0
5869 0
5870 0
5871 0
5872 0
5873 0
5874 0
5875 0
5876 0
5877 0
5878 0
5879 0
5880 0
5881 0
5882 0
5883 0
5884 0
5885 0
5886 0
5887 0
5888 0
5889 0
5890 0
5891 0
5892 0
5893 0
5894 0
5895 0
5896 0
5897 0
5898 0
5899 94
5900 94
5901 94
5902 94
5903 94
5904 94
5905 94
5906 94
5907 94
5908 94
5909 94
5910 94
5911 94
5912 94
5913 94
5914 94
5915 94
5916 94
5917 94
5918 -94
5919 0
5920 0
5921 0
5922 0
5923 0
5924 95
5925 95
5926 95
5927 95
5928 95
5929 95
5930 95
5931 95
5932 95
5933 95
5934 95
5935 95
5936 95
5937 95
5938 95
5939 95
5940 95
5941 95
5942 95
5943 95
5944 95
5945 95
5946 95
5947 95
5948 95
5949 95
5950 95
5951 95
5952 95
5953 95
5954 95
5955 95
5956 95
5957 95
5958 95
5959 95
5960 95
5961 95
5962 95
5963 95
5964 95
5965 95
5966 95
5967 95
5968 95
5969 95
5970 95
5971 95
5972 95
5973 95
5974 95
5975 95
5976 95
5977 95
5978 95
5979 95
5980 95
5981 95
5982 -95
5983 0
5984 0
5985 -96
5986 96
5987 96
5988 96
5989 96
5990 96
5991 96
5992 96
5993 96
5994 96
5995 96
5996 96
5997 0
5998 -97
5999 97
6000 97
6001 97
6002 97
6003 97
6004 97
6005 97
6006 97
6007 97
6008 97
6009 97
6010 97
6011 97
6012 97
6013 97
6014 97
6015 97
6016 97
6017 97
6018 97
6019 97
6020 97
6021 97
6022 97
6023 97
6024 97
6025 97
6026 97
6027 97
6028 97
6029 97
6030 97
6031 97
6032 97
6033 97
6034 97
6035 97
6036 97
6037 97
6038 97
6039 97
6040 97
6041 97
6042 97
6043 97
6044 97
6045 97
6046 97
6047 97
6048 97
6049 97
6050 97
6051 97
6052 97
6053 97
6054 97
6055 97
6056 97
6057 97
6058 97
6059 97
6060 97
6061 97
6062 97
6063 97
6064 97
6065 -97
6066 0
6067 0
6068 98
6069 98
6070 98
6071 98
6072 98
6073 98
6074 98
6075 98
6076 98
6077 98
6078 98
6079 98
6080 98
6081 98
6082 98
6083 98
6084 98
6085 98
6086 98
6087 98
6088 98
6089 98
6090 98
6091 98
6092 98
6093 98
6094 98
6095 98
6096 98
6097 98
6098 98
6099 98
6100 98
6101 98
6102 98
6103 98
6104 98
6105 98
6106 98
6107 98
6108 98
6109 98
6110 98
6111 98
6112 0
6113 0
6114 0
6115 99
6116 99
6117 99
6118 99
6119 99
6120 99
6121 99
6122 99
6123 99
6124 99
6125 99
6126 99
6127 99
6128 99
6129 99
6130 99
6131 99
6132 99
6133 99
6134 99
6135 99
6136 99
6137 99
6138 99
6139 99
6140 99
6141 99
6142 99
6143 99
6144 99
6145 99
6146 99
6147 99
6148 99
6149 99
6150 99
6151 99
6152 99
6153 99
6154 99
6155 99
6156 99
6157 99
6158 99
6159 99
6160 99
6161 99
6162 99
6163 99
6164 99
6165 99
6166 99
6167 0
6168 0
6169 -100
6170 100
6171 100
6172 100
6173 100
6174 100
6175 100
6176 100
6177 100
6178 100
6179 100
6180 100
6181 100
6182 100
6183 100
6184 100
6185 100
6186 100
6187 100
6188 100
6189 100
6190 100
6191 100
6192 100
6193 100
6194 100
6195 100
6196 100
6197 100
6198 100
6199 100
6200 100
6201 100
6202 100
6203 100
6204 100
6205 100
6206 100
6207 100
6208 100
6209 100
6210 -100
6211 0
6212 0
6213 0
6214 0
6215 0
6216 0
6217 0
6218 0
6219 0
6220 0
6221 0
6222 0
6223 0
6224 0
6225 0
6226 0
6227 0
6228 0
6229 0
6230 0
6231 0
6232 0
6233 0
6234 0
6235 0
6236 0
6237 0
6238 0
6239 0
6240 0
6241 0
6242 0
6243 0
6244 0
6245 0
6246 0
6247 0
6248 0
6249 0
6250 0
6251 0
6252 0
6253 0
6254 0
6255 0
6256 0
6257 0
6258 0
6259 0
6260 0
6261 0
6262 0
6263 0
6264 0
6265 0
6266 0
6267 0
6268 0
6269 0
6270 0
6271 0
6272 0
6273 0
6274 0
6275 0
6276 0
6277 0
6278 0
6279 0
6280 0
6281 0
6282 0
6283 0
6284 0
6285 0
6286 0
6287 0
6288 0
6289 0
6290 0
6291 0
6292 0
6293 0
6294 0
6295 0
6296 0
6297 0
6298 0
6299 0
6300 0
6301 0
6302 0
6303 0
6304 0
6305 0
6306 0
6307 0
6308 0
6309 0
6310 0
6311 0
6312 0
6313 0
6314 0
6315 0
6316 0
6317 0
6318 0
6319 0
6320 0
6321 0
6322 0
6323 0
6324 0
6325 0
6326 0
6327 0
6328 0
6329 0
6330 0
6331 0
6332 0
6333 0
6334 0
6335 0
6336 0
6337 0
6338 0
6339 0
6340 0
6341 0
6342 0
6343 0
6344 0
6345 0
6346 0
6347 0
6348 0
6349 0
6350 0
6351 0
6352 0
6353 0
6354 0
6355 0
6356 0
6357 0
6358 0
6359 0
6360 0
6361 0
6362 0
6363 0
6364 0
6365 0
6366 0
6367 0
6368 0
6369 0
6370 0
6371 0
6372 0
6373 0
6374 0
6375 0
6376 0
6377 0
6378 0
6379 0
6380 0
6381 0
6382 0
6383 0
6384 0
6385 0
6386 0
6387 0
6388 0
6389 0
6390 0
6391 0
6392 0
6393 0
6394 0
6395 0
6396 0
6397 0
6398 0
6399 0
6400 0
6401 0
6402 0
6403 0
6404 0
6405 0
6406 0
6407 0
6408 0
6409 0
6410 0
6411 0
6412 0
6413 0
6414 0
6415 0
6416 0
6417 0
6418 0
6419 0
6420 0
6421 0
6422 0
6423 0
6424 0
6425 0
6426 0
6427 0
6428 0
6429 0
6430 0
6431 0
6432 0
6433 0
6434 0
6435 0
6436 0
6437 0
6438 0
6439 0
6440 0
6441 0
6442 0
6443 0
6444 0
6445 0
6446 0
6447 0
6448 0
6449 0
6450 0
6451 0
6452 0
6453 0
6454 0
6455 0
6456 0
6457 0
6458 0
6459 0
6460 0
6461 0
6462 0
6463 0
6464 0
6465 0
6466 0
6467 0
6468 0
6469 0
6470 0
6471 0
6472 0
6473 0
6474 0
6475 0
6476 0
6477 101
6478 101
6479 101
6480 101
6481 101
6482 101
6483 101
6484 101
6485 101
6486 101
6487 101
6488 0
6489 0
6490 0
6491 0
6492 0
6493 0
6494 0
6495 0
6496 0
6497 0
6498 0
6499 0
6500 0
6501 0
6502 0
6503 0
6504 0
6505 0
6506 0
6507 0
6508 0
6509 0
6510 0
6511 0
6512 0
6513 0
6514 0
6515 0
6516 0
6517 0
6518 0
6519 0
6520 0
6521 0
6522 0
6523 0
6524 0
6525 0
6526 0
6527 0
6528 0
6529 0
6530 0
6531 0
6532 0
6533 0
6534 0
6535 0
6536 0
6537 0
6538 0
6539 0
6540 0
6541 0
6542 0
6543 0
6544 0
6545 0
6546 0
6547 0
6548 0
6549 0
6550 0
6551 0
6552 0
6553 0
6554 0
6555 0
6556 0
6557 0
6558 0
6559 0
6560 0
6561 0
6562 0
6563 0
6564 0
6565 0
6566 0
6567 0
6568 0
6569 0
6570 0
6571 0
6572 0
6573 0
6574 0
6575 0
6576 0
6577 0
6578 0
6579 0
6580 0
6581 0
6582 0
6583 0
6584 0
6585 0
6586 0
6587 0
6588 0
6589 0
6590 0
6591 0
6592 0
6593 0
6594 0
6595 0
6596 0
6597 0
6598 0
6599 0
6600 0
6601 0
6602 0
6603 0
6604 0
6605 0
6606 0
6607 0
6608 0
6609 0
6610 0
6611 0
6612 0
6613 0
6614 0
6615 0
6616 0
6617 0
6618 0
6619 0
6620 0
6621 0
6622 0
6623 0
6624 0
6625 0
6626 0
6627 0
6628 0
6629 0
6630 0
6631 0
6632 0
6633 0
6634 0
6635 0
6636 0
6637 0
6638 0
6639 0
6640 0
6641 0
6642 0
6643 0
6644 0
6645 0
6646 0
6647 0
6648 0
6649 0
6650 0
6651 0
6652 0
6653 0
6654 0
6655 0
6656 0
6657 0
6658 0
6659 0
6660 0
6661 0
6662 0
6663 0
6664 0
6665 0
6666 0
6667 0
6668 0
6669 0
6670 0
6671 0
6672 0
6673 0
6674 0
6675 0
6676 0
6677 0
6678 0
6679 0
6680 0
6681 0
6682 0
6683 0
6684 0
6685 0
6686 0
6687 0
6688 0
6689 0
6690 0
6691 0
6692 0
6693 0
6694 0
6695 0
6696 0
6697 0
6698 0
6699 0
6700 0
6701 0
6702 0
6703 0
6704 0
6705 0
6706 0
6707 0
6708 0
6709 0
6710 0
6711 0
6712 0
6713 0
6714 0
6715 0
6716 0
6717 0
6718 0
6719 0
6720 0
6721 0
6722 0
6723 0
6724 0
6725 0
6726 0
6727 0
6728 0
6729 0
6730 0
6731 0
6732 0
6733 0
6734 0
6735 0
6736 0
6737 0
6738 0
6739 0
6740 0
6741 0
6742 0
6743 0
6744 0
6745 0
6746 0
6747 0
6748 0
6749 0
6750 0
6751 0
6752 -102
6753 102
6754 102
6755 102
6756 102
6757 102
6758 102
6759 102
6760 102
6761 102
6762 102
6763 102
6764 102
6765 102
6766 102
6767 102
6768 102
6769 102
6770 102
6771 102
6772 102
6773 102
6774 102
6775 102
6776 0
6777 -103
6778 103
6779 103
6780 103
6781 103
6782 103
6783 103
6784 103
6785 103
6786 103
6787 103
6788 103
6789 103
6790 103
6791 103
6792 103
6793 103
6794 103
6795 103
6796 103
6797 103
6798 103
6799 103
6800 103
6801 103
6802 103
6803 103
6804 103
6805 103
6806 103
6807 103
6808 103
6809 103
6810 103
6811 103
6812 103
6813 -103
6814 0
6815 0
6816 0
6817 0
6818 0
6819 0
6820 0
6821 0
6822 0
6823 0
6824 0
6825 0
6826 -104
6827 104
6828 104
6829 104
6830 104
6831 104
6832 104
6833 104
6834 104
6835 104
6836 104
6837 104
6838 104
6839 104
6840 104
6841 104
6842 104
6843 104
6844 104
6845 104
6846 104
6847 104
6848 104
6849 104
6850 104
6851 104
6852 104
6853 104
6854 104
6855 104
6856 104
6857 104
6858 104
6859 104
6860 104
6861 104
6862 104
6863 104
6864 104
6865 104
6866 104
6867 104
6868 104
6869 104
6870 104
6871 104
6872 104
6873 104
6874 104
6875 104
6876 104
6877 104
6878 104
6879 104
6880 104
6881 104
6882 104
6883 104
6884 104
6885 104
6886 104
6887 104
6888 104
6889 104
6890 104
6891 104
6892 104
6893 104
6894 104
6895 104
6896 104
6897 104
6898 104
6899 104
6900 104
6901 104
6902 104
6903 104
6904 104
6905 104
6906 104
6907 104
6908 104
6909 104
6910 104
6911 104
6912 104
6913 104
6914 104
6915 104
6916 104
6917 104
6918 104
6919 104
6920 104
6921 104
6922 104
6923 104
6924 104
6925 104
6926 104
6927 104
6928 104
6929 104
6930 104
6931 104
6932 104
6933 104
6934 104
6935 104
6936 104
6937 104
6938 104
6939 104
6940 104
6941 104
6942 104
6943 104
6944 104
6945 104
6946 104
6947 104
6948 104
6949 104
6950 104
6951 104
6952 104
6953 104
6954 104
6955 104
6956 104
6957 104
6958 104
6959 104
6960 104
6961 104
6962 104
6963 104
6964 104
6965 104
6966 104
6967 104
6968 104
6969 104
6970 104
6971 104
6972 104
6973 104
6974 104
6975 104
6976 104
6977 104
6978 104
6979 104
6980 104
6981 104
6982 104
6983 104
6984 104
6985 104
6986 104
6987 104
6988 104
6989 104
6990 104
6991 104
6992 104
6993 104
6994 104
6995 104
6996 104
6997 104
6998 104
6999 104
7000 104
7001 104
7002 104
7003 104
7004 104
7005 104
7006 104
7007 104
7008 104
7009 104
7010 104
7011 104
7012 104
7013 104
7014 104
7015 104
7016 104
7017 104
7018 104
7019 104
7020 104
7021 104
7022 104
7023 104
7024 104
7025 104
7026 104
7027 -104
7028 0
7029 0
7030 0
7031 0
7032 0
7033 0
7034 0
7035 0
7036 105
7037 105
7038 105
7039 105
7040 105
7041 105
7042 105
7043 105
7044 105
7045 105
7046 105
7047 105
7048 105
7049 105
7050 105
7051 105
7052 105
7053 105
7054 105
7055 105
7056 105
7057 105
7058 105
7059 105
7060 105
7061 105
7062 105
7063 105
7064 105
7065 105
7066 105
7067 105
7068 105
7069 105
7070 105
7071 105
7072 105
7073 105
7074 105
7075 105
7076 105
7077 105
7078 105
7079 105
7080 105
7081 105
7082 105
7083 105
7084 105
7085 105
7086 105
7087 105
7088 105
7089 105
7090 105
7091 105
7092 105
7093 105
7094 105
7095 105
7096 105
7097 105
7098 105
7099 105
7100 105
7101 105
7102 105
7103 105
7104 105
7105 105
7106 105
7107 105
7108 105
7109 105
7110 105
7111 105
7112 105
7113 105
7114 105
7115 105
7116 105
7117 105
7118 105
7119 105
7120 105
7121 105
7122 105
7123 105
7124 105
7125 105
7126 105
7127 105
7128 105
7129 105
7130 105
7131 105
7132 105
7133 105
7134 105
7135 105
7136 105
7137 105
7138 105
7139 105
7140 105
7141 105
7142 105
7143 105
7144 105
7145 105
7146 105
7147 105
7148 105
7149 105
7150 105
7151 105
7152 105
7153 105
7154 105
7155 105
7156 105
7157 105
7158 105
7159 105
7160 -105
7161 0
7162 0
7163 0
7164 0
7165 0
7166 0
7167 0
7168 0
7169 0
7170 0
7171 0
7172 0
7173 0
7174 0
7175 0
7176 0
7177 0
7178 0
7179 0
7180 0
7181 0
7182 -106
7183 106
7184 106
7185 106
7186 106
7187 106
7188 106
7189 106
7190 106
7191 106
7192 106
7193 106
7194 106
7195 106
7196 106
7197 106
7198 106
7199 106
7200 106
7201 106
7202 106
7203 106
7204 106
7205 106
7206 106
7207 106
7208 106
7209 106
7210 106
7211 106
7212 106
7213 106
7214 106
7215 106
7216 106
7217 106
7218 106
7219 106
7220 106
7221 106
7222 106
7223 106
7224 106
7225 106
7226 -106
7227 0
7228 0
7229 0
7230 0
7231 0
7232 0
7233 0
7234 0
7235 0
7236 -107
7237 107
7238 107
7239 107
7240 107
7241 107
7242 107
7243 107
7244 107
7245 107
7246 107
7247 107
7248 107
7249 107
7250 107
7251 107
7252 107
7253 107
7254 107
7255 107
7256 107
7257 107
7258 107
7259 107
7260 107
7261 107
7262 107
7263 107
7264 107
7265 107
7266 107
7267 107
7268 107
7269 107
7270 0
7271 0
7272 0
7273 0
7274 0
7275 0
7276 0
7277 0
7278 0
7279 0
7280 0
7281 0
7282 0
7283 0
7284 0
7285 0
7286 0
7287 0
7288 0
7289 0
7290 0
7291 0
7292 -108
7293 108
7294 108
7295 108
7296 108
7297 108
7298 108
7299 108
7300 0
7301 0
7302 0
7303 0
7304 0
7305 0
7306 0
7307 0
7308 0
7309 0
7310 0
7311 0
7312 0
7313 0
7314 0
7315 0
7316 0
7317 0
7318 0
7319 0
7320 0
7321 0
7322 0
7323 0
7324 0
7325 0
7326 0
7327 0
7328 0
7329 0
7330 0
7331 0
7332 0
7333 0
7334 0
7335 0
7336 0
7337 0
7338 0
7339 0
7340 0
7341 0
7342 0
7343 0
7344 0
7345 0
7346 0
7347 0
7348 0
7349 0
7350 0
7351 0
7352 0
7353 0
7354 0
7355 0
7356 0
7357 0
7358 0
7359 0
7360 0
7361 0
7362 0
7363 0
7364 0
7365 0
7366 0
7367 0
7368 0
7369 0
7370 0
7371 0
7372 0
7373 0
7374 0
7375 0
7376 0
7377 0
7378 0
7379 0
7380 0
7381 0
7382 0
7383 0
7384 0
7385 0
7386 0
7387 0
7388 0
7389 0
7390 0
7391 0
7392 0
7393 0
7394 0
7395 0
7396 0
7397 0
7398 0
7399 0
7400 0
7401 0
7402 0
7403 0
7404 0
7405 0
7406 0
7407 0
7408 0
7409 109
7410 109
7411 109
7412 109
7413 109
7414 109
7415 109
7416 109
7417 109
7418 109
7419 109
7420 109
7421 109
7422 109
7423 109
7424 109
7425 109
7426 109
7427 109
7428 109
7429 109
7430 109
7431 109
7432 109
7433 109
7434 109
7435 109
7436 109
7437 109
7438 109
7439 109
7440 109
7441 109
7442 109
7443 109
7444 0
7445 0
7446 0
7447 0
7448 0
7449 0
7450 0
7451 0
7452 110
7453 110
7454 110
7455 110
7456 110
7457 110
7458 110
7459 110
7460 110
7461 110
7462 110
7463 110
7464 110
7465 110
7466 110
7467 110
7468 110
7469 110
7470 110
7471 110
7472 110
7473 110
7474 110
7475 110
7476 110
7477 110
7478 110
7479 110
7480 110
7481 110
7482 110
7483 110
7484 110
7485 110
7486 110
7487 110
7488 110
7489 110
7490 110
7491 110
7492 110
7493 110
7494 -110
7495 -111
7496 111
7497 111
7498 111
7499 111
7500 111
7501 111
7502 111
7503 111
7504 111
7505 111
7506 111
7507 111
7508 111
7509 111
7510 111
7511 111
7512 111
7513 111
7514 111
7515 111
7516 111
7517 111
7518 111
7519 111
7520 111
7521 111
7522 111
7523 111
7524 111
7525 111
7526 111
7527 111
7528 111
7529 111
7530 111
7531 111
7532 111
7533 111
7534 111
7535 111
7536 111
7537 111
7538 111
7539 111
7540 111
7541 0
7542 0
7543 0
7544 0
7545 0
7546 0
7547 -112
7548 112
7549 112
7550 112
7551 112
7552 112
7553 112
7554 112
7555 112
7556 112
7557 112
7558 112
7559 112
7560 112
7561 112
7562 112
7563 112
7564 112
7565 112
7566 112
7567 112
7568 112
7569 112
7570 112
7571 112
7572 112
7573 112
7574 112
7575 112
7576 112
7577 112
7578 112
7579 112
7580 112
7581 112
7582 112
7583 112
7584 112
7585 112
7586 112
7587 112
7588 112
7589 112
7590 112
7591 112
7592 112
7593 112
7594 112
7595 112
7596 112
7597 112
7598 112
7599 112
7600 112
7601 112
7602 112
7603 112
7604 112
7605 112
7606 112
7607 112
7608 112
7609 112
7610 112
7611 112
7612 112
7613 112
7614 112
7615 112
7616 112
7617 112
7618 112
7619 112
7620 112
7621 112
7622 112
7623 112
7624 112
7625 112
7626 112
7627 112
7628 112
7629 112
7630 112
7631 112
7632 112
7633 112
7634 112
7635 112
7636 112
7637 112
7638 112
7639 112
7640 112
7641 112
7642 112
7643 112
7644 112
7645 112
7646 112
7647 112
7648 112
7649 112
7650 112
7651 112
7652 112
7653 112
7654 112
7655 112
7656 112
7657 112
7658 112
7659 112
7660 112
7661 112
7662 112
7663 112
7664 112
7665 112
7666 112
7667 112
7668 112
7669 112
7670 112
7671 112
7672 112
7673 112
7674 112
7675 112
7676 0
7677 0
7678 0
7679 0
7680 0
7681 0
7682 0
7683 113
7684 113
7685 113
7686 113
7687 113
7688 113
7689 113
7690 113
7691 113
7692 113
7693 113
7694 113
7695 113
7696 113
7697 113
7698 113
7699 113
7700 113
7701 0
7702 0
7703 0
7704 0
7705 0
7706 0
7707 0
7708 0
7709 0
7710 0
7711 0
7712 0
7713 -114
7714 114
7715 114
7716 114
7717 114
7718 114
7719 114
7720 114
7721 114
7722 114
7723 114
7724 114
7725 114
7726 114
7727 114
7728 114
7729 114
7730 114
7731 114
7732 114
7733 114
7734 114
7735 114
7736 114
7737 114
7738 114
7739 114
7740 114
7741 114
7742 114
7743 114
7744 114
7745 0
7746 0
7747 0
7748 0
7749 0
7750 0
7751 0
7752 0
7753 0
7754 0
7755 0
7756 0
7757 0
7758 0
7759 0
7760 0
7761 0
7762 0
7763 0
7764 0
7765 0
7766 0
7767 0
7768 0
7769 0
7770 0
7771 0
7772 0
7773 0
7774 0
7775 0
7776 0
7777 0
7778 0
7779 0
7780 -115
7781 115
7782 115
7783 115
7784 115
7785 115
7786 115
7787 115
7788 0
7789 0
7790 0
7791 0
7792 0
7793 0
7794 0
7795 0
7796 0
7797 0
7798 0
7799 0
7800 0
7801 0
7802 0
7803 0
7804 0
7805 0
7806 0
7807 0
7808 0
7809 0
7810 0
7811 0
7812 0
7813 0
7814 0
7815 0
7816 0
