1 0
2 0
3 0
4 0
5 0
6 0
7 0
8 0
9 0
10 0
11 0
12 0
13 0
14 0
15 0
16 0
17 0
18 0
19 0
20 0
21 0
22 0
23 0
24 0
25 0
26 0
27 0
28 0
29 0
30 0
31 0
32 0
33 0
34 0
35 0
36 0
37 0
38 0
39 0
40 0
41 0
42 0
43 0
44 0
45 0
46 0
47 0
48 0
49 0
50 0
51 0
52 0
53 0
54 0
55 0
56 0
57 0
58 0
59 0
60 0
61 0
62 0
63 0
64 0
65 0
66 0
67 0
68 0
69 0
70 0
71 0
72 0
73 0
74 0
75 0
76 0
77 0
78 0
79 0
80 0
81 0
82 0
83 0
84 0
85 0
86 0
87 0
88 0
89 0
90 0
91 0
92 0
93 0
94 0
95 0
96 0
97 0
98 0
99 0
100 0
101 0
102 0
103 0
104 0
105 0
106 0
107 0
108 0
109 0
110 0
111 0
112 0
113 0
114 0
115 0
116 0
117 0
118 0
119 0
120 0
121 0
122 0
123 0
124 0
125 0
126 0
127 0
128 0
129 0
130 0
131 0
132 0
133 0
134 0
135 0
136 0
137 0
138 0
139 0
140 0
141 0
142 0
143 0
144 0
145 0
146 0
147 0
148 0
149 0
150 0
151 0
152 0
153 0
154 0
155 0
156 0
157 0
158 0
159 0
160 0
161 0
162 0
163 0
164 0
165 0
166 0
167 0
168 0
169 0
170 0
171 0
172 0
173 0
174 0
175 0
176 0
177 0
178 0
179 0
180 0
181 0
182 0
183 0
184 0
185 0
186 0
187 0
188 0
189 0
190 0
191 0
192 0
193 0
194 0
195 0
196 0
197 0
198 0
199 0
200 0
201 0
202 0
203 0
204 0
205 0
206 0
207 0
208 0
209 0
210 0
211 0
212 0
213 0
214 0
215 0
216 0
217 0
218 0
219 0
220 0
221 0
222 0
223 0
224 0
225 0
226 0
227 0
228 0
229 0
230 0
231 0
232 0
233 0
234 0
235 0
236 0
237 0
238 0
239 0
240 0
241 0
242 0
243 0
244 0
245 0
246 0
247 0
248 0
249 0
250 0
251 0
252 0
253 0
254 0
255 0
256 0
257 0
258 0
259 0
260 0
261 0
262 0
263 0
264 0
265 0
266 0
267 0
268 0
269 0
270 0
271 0
272 0
273 0
274 0
275 0
276 0
277 0
278 0
279 0
280 0
281 0
282 0
283 0
284 0
285 0
286 0
287 0
288 0
289 0
290 0
291 0
292 0
293 0
294 0
295 0
296 0
297 0
298 0
299 0
300 0
301 0
302 0
303 0
304 0
305 0
306 0
307 0
308 0
309 0
310 0
311 0
312 0
313 0
314 0
315 0
316 0
317 0
318 0
319 0
320 0
321 0
322 0
323 0
324 0
325 0
326 0
327 0
328 0
329 0
330 0
331 0
332 0
333 0
334 0
335 0
336 0
337 0
338 0
339 0
340 0
341 0
342 0
343 0
344 0
345 0
346 0
347 0
348 0
349 0
350 0
351 0
352 0
353 0
354 0
355 0
356 0
357 0
358 0
359 0
360 0
361 0
362 0
363 0
364 0
365 0
366 0
367 0
368 0
369 0
370 0
371 0
372 0
373 0
374 0
375 0
376 0
377 0
378 0
379 0
380 0
381 0
382 0
383 0
384 0
385 0
386 0
387 0
388 0
389 0
390 0
391 0
392 0
393 0
394 0
395 0
396 0
397 0
398 0
399 0
400 0
401 0
402 0
403 0
404 0
405 0
406 0
407 0
408 0
409 0
410 0
411 0
412 0
413 0
414 0
415 0
416 0
417 0
418 0
419 0
420 0
421 0
422 0
423 0
424 0
425 0
426 0
427 0
428 0
429 0
430 0
431 0
432 0
433 0
434 0
435 0
436 0
437 0
438 0
439 0
440 0
441 0
442 0
443 0
444 0
445 0
446 0
447 0
448 0
449 0
450 0
451 0
452 0
453 0
454 0
455 0
456 0
457 0
458 0
459 0
460 0
461 0
462 0
463 0
464 0
465 0
466 0
467 0
468 0
469 0
470 0
471 0
472 0
473 0
474 0
475 0
476 0
477 0
478 0
479 0
480 0
481 0
482 0
483 0
484 0
485 0
486 0
487 0
488 0
489 0
490 0
491 0
492 0
493 0
494 0
495 0
496 0
497 0
498 0
499 0
500 0
501 0
502 0
503 0
504 0
505 0
506 0
507 0
508 0
509 0
510 0
511 0
512 0
513 0
514 0
515 0
516 0
517 0
518 0
519 0
520 0
521 0
522 0
523 0
524 0
525 0
526 0
527 0
528 0
529 0
530 0
531 0
532 0
533 0
534 0
535 0
536 0
537 0
538 0
539 0
540 0
541 0
542 0
543 0
544 0
545 0
546 0
547 0
548 0
549 0
550 0
551 0
552 0
553 0
554 0
555 0
556 0
557 0
558 0
559 0
560 0
561 0
562 0
563 0
564 0
565 0
566 0
567 0
568 0
569 0
570 0
571 0
572 0
573 0
574 0
575 0
576 0
577 0
578 0
579 0
580 0
581 0
582 0
583 0
584 0
585 0
586 0
587 0
588 0
589 0
590 0
591 0
592 0
593 0
594 0
595 0
596 0
597 0
598 0
599 0
600 0
601 0
602 0
603 0
604 0
605 0
606 0
607 0
608 0
609 0
610 0
611 0
612 0
613 0
614 0
615 0
616 0
617 0
618 0
619 0
620 0
621 0
622 0
623 0
624 0
625 0
626 0
627 0
628 0
629 0
630 0
631 0
632 0
633 0
634 0
635 0
636 0
637 0
638 0
639 0
640 0
641 0
642 0
643 0
644 0
645 0
646 0
647 0
648 0
649 0
650 0
651 0
652 0
653 0
654 0
655 0
656 0
657 0
658 0
659 0
660 0
661 0
662 0
663 0
664 0
665 0
666 0
667 0
668 0
669 0
670 0
671 0
672 0
673 0
674 0
675 0
676 0
677 0
678 0
679 0
680 0
681 0
682 0
683 0
684 0
685 0
686 0
687 0
688 0
689 0
690 0
691 0
692 0
693 0
694 0
695 0
696 0
697 0
698 0
699 0
700 0
701 0
702 0
703 0
704 0
705 0
706 0
707 0
708 0
709 0
710 0
711 0
712 0
713 0
714 0
715 0
716 0
717 0
718 0
719 0
720 0
721 0
722 0
723 0
724 0
725 0
726 0
727 0
728 0
729 0
730 0
731 0
732 0
733 0
734 0
735 0
736 0
737 0
738 0
739 0
740 0
741 0
742 0
743 0
744 0
745 0
746 0
747 0
748 0
749 0
750 0
751 0
752 0
753 0
754 0
755 0
756 0
757 0
758 0
759 0
760 0
761 0
762 0
763 0
764 0
765 0
766 0
767 0
768 0
769 0
770 0
771 0
772 0
773 0
774 0
775 0
776 0
777 0
778 0
779 0
780 0
781 0
782 0
783 0
784 0
785 0
786 0
787 0
788 0
789 0
790 0
791 0
792 0
793 0
794 0
795 0
796 0
797 0
798 0
799 0
800 0
801 0
802 0
803 0
804 0
805 0
806 0
807 0
808 0
809 0
810 0
811 0
812 0
813 0
814 0
815 0
816 0
817 0
818 0
819 0
820 0
821 0
822 0
823 0
824 0
825 0
826 0
827 0
828 0
829 0
830 0
831 0
832 0
833 0
834 0
835 0
836 0
837 0
838 0
839 0
840 0
841 0
842 0
843 0
844 0
845 0
846 0
847 0
848 0
849 0
850 0
851 0
852 0
853 0
854 0
855 0
856 0
857 0
858 0
859 0
860 0
861 0
862 0
863 0
864 0
865 0
866 0
867 0
868 0
869 0
870 0
871 0
872 0
873 0
874 0
875 0
876 0
877 0
878 0
879 0
880 0
881 0
882 0
883 0
884 0
885 0
886 0
887 0
888 0
889 0
890 0
891 0
892 0
893 0
894 0
895 0
896 0
897 0
898 0
899 0
900 0
901 0
902 0
903 0
904 0
905 0
906 0
907 0
908 0
909 0
910 0
911 0
912 0
913 0
914 0
915 0
916 0
917 0
918 0
919 0
920 0
921 0
922 0
923 0
924 0
925 0
926 0
927 0
928 0
929 0
930 0
931 0
932 0
933 0
934 0
935 0
936 0
937 0
938 0
939 0
940 0
941 0
942 0
943 0
944 0
945 0
946 0
947 0
948 0
949 0
950 0
951 0
952 0
953 0
954 0
955 0
956 0
957 0
958 0
959 0
960 0
961 0
962 0
963 0
964 0
965 0
966 0
967 0
968 0
969 0
970 0
971 0
972 0
973 0
974 0
975 0
976 0
977 0
978 0
979 0
980 0
981 0
982 0
983 0
984 0
985 0
986 0
987 0
988 0
989 0
990 0
991 0
992 0
993 0
994 0
995 0
996 0
997 0
998 0
999 0
1000 0
1001 0
1002 0
1003 0
1004 0
1005 0
1006 0
1007 0
1008 0
1009 0
1010 0
1011 0
1012 0
1013 0
1014 0
1015 0
1016 0
1017 0
1018 0
1019 0
1020 0
1021 0
1022 0
1023 0
1024 0
1025 0
1026 0
1027 0
1028 0
1029 0
1030 0
1031 0
1032 0
1033 0
1034 0
1035 0
1036 0
1037 0
1038 0
1039 0
1040 0
1041 0
1042 0
1043 0
1044 0
1045 0
1046 0
1047 0
1048 0
1049 0
1050 0
1051 0
1052 0
1053 0
1054 0
1055 0
1056 0
1057 0
1058 0
1059 0
1060 0
1061 0
1062 0
1063 0
1064 0
1065 0
1066 0
1067 0
1068 0
1069 0
1070 0
1071 0
1072 0
1073 0
1074 0
1075 0
1076 0
1077 0
1078 0
1079 0
1080 0
1081 0
1082 0
1083 0
1084 0
1085 0
1086 0
1087 0
1088 0
1089 0
1090 0
1091 0
1092 0
1093 0
1094 0
1095 0
1096 0
1097 0
1098 0
1099 0
1100 0
1101 0
1102 0
1103 0
1104 0
1105 0
1106 0
1107 0
1108 0
1109 0
1110 0
1111 0
1112 0
1113 0
1114 0
1115 0
1116 0
1117 0
1118 0
1119 0
1120 0
1121 0
1122 0
1123 0
1124 0
1125 0
1126 0
1127 0
1128 0
1129 0
1130 0
1131 0
1132 0
1133 0
1134 0
1135 0
1136 0
1137 0
1138 0
1139 0
1140 0
1141 0
1142 0
1143 0
1144 0
1145 0
1146 0
1147 0
1148 0
1149 0
1150 0
1151 0
1152 0
1153 0
1154 0
1155 0
1156 0
1157 0
1158 0
1159 0
1160 0
1161 0
1162 0
1163 0
1164 0
1165 0
1166 0
1167 0
1168 0
1169 0
1170 0
1171 0
1172 0
1173 0
1174 0
1175 0
1176 0
1177 0
1178 0
1179 0
1180 0
1181 0
1182 0
1183 0
1184 0
1185 0
1186 0
1187 0
1188 0
1189 0
1190 0
1191 0
1192 0
1193 0
1194 0
1195 0
1196 0
1197 0
1198 0
1199 0
1200 0
1201 0
1202 0
1203 0
1204 0
1205 0
1206 0
1207 0
1208 0
1209 0
1210 0
1211 0
1212 0
1213 0
1214 0
1215 0
1216 0
1217 0
1218 0
1219 0
1220 0
1221 0
1222 0
1223 0
1224 0
1225 0
1226 0
1227 0
1228 0
1229 0
1230 0
1231 0
1232 0
1233 0
1234 0
1235 0
1236 0
1237 0
1238 0
1239 0
1240 0
1241 0
1242 0
1243 0
1244 0
1245 0
1246 0
1247 0
1248 0
1249 0
1250 0
1251 0
1252 0
1253 0
1254 0
1255 0
1256 0
1257 0
1258 0
1259 0
1260 0
1261 0
1262 0
1263 0
1264 0
1265 0
1266 0
1267 0
1268 0
1269 0
1270 0
1271 0
1272 0
1273 0
1274 0
1275 0
1276 0
1277 0
1278 0
1279 0
1280 0
1281 0
1282 0
1283 0
1284 0
1285 0
1286 0
1287 0
1288 0
1289 0
1290 0
1291 0
1292 0
1293 0
1294 0
1295 0
1296 0
1297 0
1298 0
1299 0
1300 0
1301 0
1302 0
1303 0
1304 0
1305 0
1306 0
1307 0
1308 0
1309 0
1310 0
1311 0
1312 0
1313 0
1314 0
1315 0
1316 0
1317 0
1318 0
1319 0
1320 0
1321 0
1322 0
1323 0
1324 0
1325 0
1326 0
1327 0
1328 0
1329 0
1330 0
1331 0
1332 0
1333 0
1334 0
1335 0
1336 0
1337 0
1338 0
1339 0
1340 0
1341 0
1342 0
1343 0
1344 0
1345 0
1346 0
1347 0
1348 0
1349 0
1350 0
1351 0
1352 0
1353 0
1354 0
1355 0
1356 0
1357 0
1358 0
1359 0
1360 0
1361 0
1362 0
1363 0
1364 0
1365 0
1366 0
1367 0
1368 0
1369 0
1370 0
1371 0
1372 0
1373 0
1374 0
1375 0
1376 0
1377 0
1378 0
1379 0
1380 0
1381 0
1382 0
1383 0
1384 0
1385 0
1386 0
1387 0
1388 0
1389 0
1390 0
1391 0
1392 0
1393 0
1394 0
1395 0
1396 0
1397 0
1398 0
1399 0
1400 0
1401 0
1402 0
1403 0
1404 0
1405 0
1406 0
1407 0
1408 0
1409 0
1410 0
1411 0
1412 0
1413 0
1414 0
1415 0
1416 0
1417 0
1418 0
1419 0
1420 0
1421 0
1422 0
1423 0
1424 0
1425 0
1426 0
1427 0
1428 0
1429 0
1430 0
1431 0
1432 0
1433 0
1434 0
1435 0
1436 0
1437 0
1438 0
1439 0
1440 0
1441 0
1442 0
1443 0
1444 0
1445 0
1446 0
1447 0
1448 0
1449 0
1450 0
1451 0
1452 0
1453 0
1454 0
1455 0
1456 0
1457 0
1458 0
1459 0
1460 0
1461 0
1462 0
1463 0
1464 0
1465 0
1466 0
1467 0
1468 0
1469 0
1470 0
1471 0
1472 0
1473 0
1474 0
1475 0
1476 0
1477 0
1478 0
1479 0
1480 0
1481 0
1482 0
1483 0
1484 0
1485 0
1486 0
1487 0
1488 0
1489 0
1490 0
1491 0
1492 0
1493 0
1494 0
1495 0
1496 0
1497 0
1498 0
1499 0
1500 0
1501 0
1502 0
1503 0
1504 0
1505 0
1506 0
1507 0
1508 0
1509 0
1510 0
1511 0
1512 0
1513 0
1514 0
1515 0
1516 0
1517 0
1518 0
1519 0
1520 0
1521 0
1522 0
1523 0
1524 0
1525 0
1526 0
1527 0
1528 0
1529 0
1530 0
1531 0
1532 0
1533 0
1534 0
1535 0
1536 0
1537 0
1538 0
1539 0
1540 0
1541 0
1542 0
1543 0
1544 0
1545 0
1546 0
1547 0
1548 0
1549 0
1550 0
1551 0
1552 0
1553 0
1554 0
1555 0
1556 0
1557 0
1558 0
1559 0
1560 0
1561 0
1562 0
1563 0
1564 0
1565 0
1566 0
1567 0
1568 0
1569 0
1570 0
1571 0
1572 0
1573 0
1574 0
1575 0
1576 0
1577 0
1578 0
1579 0
1580 0
1581 0
1582 0
1583 0
1584 0
1585 0
1586 0
1587 0
1588 0
1589 0
1590 0
1591 0
1592 0
1593 0
1594 0
1595 0
1596 0
1597 0
1598 0
1599 0
1600 0
1601 0
1602 0
1603 0
1604 0
1605 0
1606 0
1607 0
1608 0
1609 0
1610 0
1611 0
1612 0
1613 0
1614 0
1615 0
1616 0
1617 0
1618 0
1619 0
1620 0
1621 0
1622 0
1623 0
1624 0
1625 0
1626 0
1627 0
1628 0
1629 0
1630 0
1631 0
1632 0
1633 0
1634 0
1635 0
1636 0
1637 0
1638 0
1639 0
1640 0
1641 0
1642 0
1643 0
1644 0
1645 0
1646 0
1647 0
1648 0
1649 0
1650 0
1651 0
1652 0
1653 0
1654 0
1655 0
1656 0
1657 0
1658 0
1659 0
1660 0
1661 0
1662 0
1663 0
1664 0
1665 0
1666 0
1667 0
1668 0
1669 0
1670 0
1671 0
1672 0
1673 0
1674 0
1675 0
1676 0
1677 0
1678 0
1679 0
1680 0
1681 0
1682 0
1683 0
1684 0
1685 0
1686 0
1687 0
1688 0
1689 0
1690 0
1691 0
1692 0
1693 0
1694 0
1695 0
1696 0
1697 0
1698 0
1699 0
1700 0
1701 0
1702 0
1703 0
1704 0
1705 0
1706 0
1707 0
1708 0
1709 0
1710 0
1711 0
1712 0
1713 0
1714 0
1715 0
1716 0
1717 0
1718 0
1719 0
1720 0
1721 0
1722 0
1723 0
1724 0
1725 0
1726 0
1727 0
1728 0
1729 0
1730 0
1731 0
1732 0
1733 0
1734 0
1735 0
1736 0
1737 0
1738 0
1739 0
1740 0
1741 0
1742 0
1743 -1
1744 1
1745 1
1746 1
1747 1
1748 1
1749 1
1750 1
1751 1
1752 1
1753 1
1754 1
1755 -1
1756 -2
1757 2
1758 2
1759 2
1760 2
1761 2
1762 2
1763 2
1764 2
1765 2
1766 2
1767 2
1768 2
1769 2
1770 2
1771 2
1772 2
1773 2
1774 2
1775 2
1776 2
1777 2
1778 2
1779 2
1780 2
1781 2
1782 2
1783 2
1784 2
1785 2
1786 2
1787 2
1788 2
1789 2
1790 2
1791 2
1792 2
1793 2
1794 2
1795 2
1796 2
1797 2
1798 2
1799 2
1800 2
1801 -2
1802 0
1803 0
1804 3
1805 3
1806 3
1807 3
1808 3
1809 3
1810 3
1811 3
1812 3
1813 3
1814 3
1815 3
1816 3
1817 3
1818 3
1819 3
1820 3
1821 3
1822 3
1823 3
1824 3
1825 3
1826 3
1827 3
1828 3
1829 3
1830 3
1831 3
1832 3
1833 3
1834 3
1835 3
1836 3
1837 3
1838 3
1839 3
1840 3
1841 3
1842 3
1843 3
1844 3
1845 3
1846 3
1847 3
1848 3
1849 3
1850 3
1851 3
1852 3
1853 3
1854 3
1855 3
1856 3
1857 3
1858 3
1859 3
1860 3
1861 3
1862 3
1863 3
1864 3
1865 3
1866 3
1867 0
1868 0
1869 0
1870 0
1871 0
1872 0
1873 0
1874 0
1875 0
1876 0
1877 0
1878 0
1879 0
1880 0
1881 0
1882 0
1883 0
1884 0
1885 0
1886 0
1887 0
1888 0
1889 4
1890 4
1891 4
1892 4
1893 4
1894 4
1895 4
1896 4
1897 4
1898 4
1899 4
1900 4
1901 4
1902 4
1903 4
1904 4
1905 4
1906 4
1907 4
1908 4
1909 4
1910 4
1911 4
1912 4
1913 4
1914 4
1915 4
1916 4
1917 4
1918 4
1919 4
1920 4
1921 4
1922 4
1923 4
1924 4
1925 4
1926 4
1927 4
1928 4
1929 4
1930 4
1931 4
1932 4
1933 4
1934 4
1935 4
1936 4
1937 4
1938 4
1939 4
1940 4
1941 4
1942 4
1943 4
1944 4
1945 4
1946 4
1947 4
1948 4
1949 4
1950 4
1951 4
1952 4
1953 4
1954 4
1955 4
1956 4
1957 4
1958 4
1959 4
1960 4
1961 4
1962 4
1963 4
1964 4
1965 4
1966 -4
1967 0
1968 0
1969 0
1970 0
1971 0
1972 -5
1973 5
1974 5
1975 5
1976 5
1977 5
1978 5
1979 5
1980 5
1981 5
1982 5
1983 5
1984 5
1985 5
1986 5
1987 5
1988 5
1989 5
1990 5
1991 5
1992 5
1993 0
1994 0
1995 -6
1996 6
1997 6
1998 6
1999 6
2000 6
2001 6
2002 6
2003 6
2004 6
2005 6
2006 6
2007 6
2008 6
2009 6
2010 6
2011 6
2012 0
2013 0
2014 7
2015 7
2016 7
2017 7
2018 7
2019 7
2020 7
2021 7
2022 7
2023 7
2024 7
2025 7
2026 7
2027 7
2028 7
2029 7
2030 7
2031 7
2032 7
2033 0
2034 0
2035 0
2036 0
2037 0
2038 0
2039 0
2040 0
2041 0
2042 0
2043 0
2044 0
2045 0
2046 0
2047 0
2048 0
2049 0
2050 0
2051 0
2052 0
2053 0
2054 0
2055 0
2056 0
2057 0
2058 0
2059 0
2060 0
2061 0
2062 0
2063 0
2064 0
2065 0
2066 0
2067 0
2068 0
2069 0
2070 0
2071 0
2072 -8
2073 8
2074 8
2075 8
2076 8
2077 8
2078 8
2079 8
2080 8
2081 8
2082 8
2083 8
2084 8
2085 8
2086 8
2087 8
2088 8
2089 8
2090 8
2091 8
2092 8
2093 8
2094 8
2095 8
2096 8
2097 8
2098 8
2099 8
2100 8
2101 8
2102 8
2103 8
2104 8
2105 8
2106 8
2107 8
2108 8
2109 8
2110 8
2111 8
2112 8
2113 8
2114 8
2115 -8
2116 0
2117 0
2118 0
2119 0
2120 0
2121 0
2122 -9
2123 9
2124 9
2125 9
2126 9
2127 9
2128 9
2129 9
2130 9
2131 9
2132 9
2133 9
2134 9
2135 9
2136 9
2137 0
2138 0
2139 0
2140 0
2141 0
2142 0
2143 0
2144 0
2145 0
2146 0
2147 0
2148 0
2149 0
2150 0
2151 0
2152 0
2153 0
2154 0
2155 0
2156 0
2157 0
2158 0
2159 0
2160 0
2161 0
2162 0
2163 0
2164 0
2165 0
2166 0
2167 0
2168 0
2169 0
2170 0
2171 0
2172 0
2173 0
2174 0
2175 0
2176 0
2177 0
2178 0
2179 0
2180 0
2181 0
2182 0
2183 0
2184 0
2185 0
2186 0
2187 0
2188 0
2189 0
2190 0
2191 0
2192 0
2193 0
2194 0
2195 0
2196 0
2197 0
2198 0
2199 0
2200 0
2201 0
2202 0
2203 0
2204 10
2205 10
2206 10
2207 10
2208 10
2209 10
2210 10
2211 10
2212 10
2213 10
2214 10
2215 10
2216 10
2217 10
2218 10
2219 10
2220 10
2221 10
2222 10
2223 10
2224 10
2225 10
2226 10
2227 10
2228 10
2229 10
2230 10
2231 -10
2232 0
2233 0
2234 0
2235 0
2236 0
2237 0
2238 0
2239 -11
2240 11
2241 11
2242 11
2243 11
2244 11
2245 11
2246 11
2247 11
2248 11
2249 11
2250 11
2251 11
2252 11
2253 11
2254 11
2255 11
2256 0
2257 0
2258 0
2259 0
2260 0
2261 0
2262 0
2263 0
2264 0
2265 0
2266 0
2267 0
2268 0
2269 0
2270 0
2271 0
2272 0
2273 0
2274 0
2275 0
2276 0
2277 0
2278 0
2279 0
2280 0
2281 12
2282 12
2283 12
2284 12
2285 12
2286 12
2287 12
2288 12
2289 12
2290 12
2291 12
2292 12
2293 0
2294 0
2295 0
2296 0
2297 0
2298 0
2299 0
2300 0
2301 0
2302 0
2303 0
2304 0
2305 0
2306 0
2307 0
2308 0
2309 0
2310 0
2311 0
2312 0
2313 0
2314 0
2315 0
2316 0
2317 0
2318 0
2319 0
2320 0
2321 0
2322 0
2323 0
2324 0
2325 0
2326 0
2327 0
2328 0
2329 0
2330 0
2331 -13
2332 13
2333 13
2334 13
2335 13
2336 13
2337 13
2338 13
2339 13
2340 13
2341 13
2342 13
2343 13
2344 13
2345 13
2346 13
2347 13
2348 -13
2349 0
2350 -14
2351 14
2352 14
2353 14
2354 14
2355 14
2356 14
2357 14
2358 14
2359 14
2360 14
2361 14
2362 14
2363 14
2364 -14
2365 15
2366 15
2367 15
2368 15
2369 15
2370 15
2371 15
2372 15
2373 15
2374 15
2375 -15
2376 -16
2377 16
2378 16
2379 16
2380 16
2381 16
2382 16
2383 16
2384 16
2385 16
2386 -16
2387 0
2388 0
2389 0
2390 0
2391 0
2392 0
2393 0
2394 0
2395 0
2396 0
2397 0
2398 0
2399 0
2400 0
2401 0
2402 0
2403 0
2404 0
2405 0
2406 17
2407 17
2408 17
2409 17
2410 17
2411 17
2412 17
2413 17
2414 17
2415 17
2416 17
2417 17
2418 17
2419 17
2420 17
2421 -17
2422 0
2423 0
2424 0
2425 0
2426 0
2427 0
2428 0
2429 0
2430 0
2431 0
2432 0
2433 0
2434 0
2435 0
2436 0
2437 0
2438 0
2439 0
2440 0
2441 0
2442 0
2443 0
2444 0
2445 0
2446 0
2447 0
2448 0
2449 0
2450 0
2451 0
2452 0
2453 0
2454 0
2455 0
2456 0
2457 0
2458 -18
2459 18
2460 18
2461 18
2462 18
2463 18
2464 18
2465 18
2466 18
2467 -18
2468 0
2469 0
2470 -19
2471 19
2472 19
2473 19
2474 19
2475 19
2476 19
2477 19
2478 19
2479 19
2480 19
2481 19
2482 19
2483 19
2484 19
2485 19
2486 19
2487 19
2488 19
2489 19
2490 19
2491 19
2492 19
2493 19
2494 19
2495 19
2496 0
2497 0
2498 0
2499 0
2500 0
2501 0
2502 0
2503 0
2504 0
2505 0
2506 20
2507 20
2508 20
2509 20
2510 20
2511 20
2512 20
2513 20
2514 20
2515 20
2516 20
2517 20
2518 20
2519 20
2520 20
2521 20
2522 20
2523 20
2524 20
2525 20
2526 20
2527 0
2528 0
2529 0
2530 0
2531 0
2532 0
2533 0
2534 0
2535 0
2536 0
2537 0
2538 0
2539 0
2540 0
2541 0
2542 0
2543 0
2544 0
2545 0
2546 0
2547 0
2548 0
2549 0
2550 0
2551 0
2552 0
2553 0
2554 0
2555 0
2556 0
2557 0
2558 0
2559 0
2560 0
2561 21
2562 21
2563 21
2564 21
2565 21
2566 21
2567 21
2568 21
2569 21
2570 21
2571 21
2572 21
2573 21
2574 -21
2575 0
2576 22
2577 22
2578 22
2579 22
2580 22
2581 22
2582 22
2583 22
2584 22
2585 22
2586 22
2587 22
2588 22
2589 22
2590 22
2591 22
2592 22
2593 22
2594 22
2595 22
2596 22
2597 22
2598 22
2599 22
2600 22
2601 22
2602 22
2603 22
2604 22
2605 22
2606 22
2607 22
2608 22
2609 22
2610 22
2611 22
2612 22
2613 22
2614 22
2615 22
2616 22
2617 22
2618 0
2619 0
2620 0
2621 0
2622 0
2623 0
2624 0
2625 23
2626 23
2627 23
2628 23
2629 23
2630 23
2631 23
2632 23
2633 23
2634 23
2635 23
2636 23
2637 23
2638 23
2639 23
2640 23
2641 23
2642 23
2643 23
2644 23
2645 23
2646 23
2647 23
2648 23
2649 23
2650 23
2651 23
2652 23
2653 23
2654 23
2655 23
2656 23
2657 23
2658 23
2659 23
2660 23
2661 23
2662 23
2663 23
2664 23
2665 23
2666 23
2667 23
2668 23
2669 23
2670 23
2671 23
2672 23
2673 23
2674 23
2675 -23
2676 0
2677 24
2678 24
2679 24
2680 24
2681 24
2682 24
2683 24
2684 24
2685 24
2686 24
2687 24
2688 24
2689 24
2690 24
2691 24
2692 24
2693 24
2694 24
2695 24
2696 24
2697 24
2698 24
2699 24
2700 24
2701 24
2702 24
2703 24
2704 24
2705 24
2706 24
2707 -24
2708 0
2709 0
2710 0
2711 0
2712 0
2713 0
2714 25
2715 25
2716 25
2717 25
2718 25
2719 25
2720 25
2721 25
2722 25
2723 25
2724 25
2725 25
2726 25
2727 25
2728 25
2729 25
2730 25
2731 25
2732 25
2733 25
2734 25
2735 25
2736 25
2737 25
2738 25
2739 25
2740 25
2741 25
2742 25
2743 25
2744 25
2745 25
2746 25
2747 25
2748 25
2749 25
2750 25
2751 25
2752 25
2753 25
2754 25
2755 25
2756 25
2757 25
2758 25
2759 25
2760 25
2761 25
2762 25
2763 25
2764 25
2765 25
2766 25
2767 25
2768 25
2769 25
2770 25
2771 25
2772 25
2773 25
2774 25
2775 25
2776 25
2777 25
2778 25
2779 25
2780 25
2781 25
2782 25
2783 25
2784 25
2785 25
2786 25
2787 25
2788 25
2789 25
2790 25
2791 25
2792 25
2793 25
2794 25
2795 25
2796 25
2797 25
2798 25
2799 25
2800 25
2801 25
2802 25
2803 25
2804 25
2805 25
2806 25
2807 25
2808 25
2809 25
2810 25
2811 25
2812 25
2813 25
2814 25
2815 25
2816 25
2817 25
2818 25
2819 25
2820 0
2821 0
2822 0
2823 0
2824 0
2825 0
2826 -26
2827 26
2828 26
2829 26
2830 26
2831 26
2832 26
2833 26
2834 26
2835 26
2836 26
2837 26
2838 26
2839 26
2840 26
2841 26
2842 0
2843 0
2844 0
2845 0
2846 0
2847 0
2848 0
2849 -27
2850 27
2851 27
2852 27
2853 27
2854 27
2855 27
2856 27
2857 27
2858 27
2859 27
2860 27
2861 27
2862 27
2863 27
2864 27
2865 27
2866 27
2867 27
2868 27
2869 27
2870 27
2871 27
2872 27
2873 27
2874 27
2875 27
2876 27
2877 27
2878 27
2879 27
2880 27
2881 27
2882 27
2883 27
2884 27
2885 27
2886 27
2887 27
2888 27
2889 27
2890 27
2891 27
2892 27
2893 27
2894 27
2895 27
2896 -27
2897 0
2898 0
2899 0
2900 28
2901 28
2902 28
2903 28
2904 28
2905 28
2906 28
2907 28
2908 28
2909 28
2910 28
2911 28
2912 28
2913 28
2914 28
2915 28
2916 28
2917 28
2918 28
2919 28
2920 28
2921 28
2922 28
2923 28
2924 28
2925 28
2926 28
2927 28
2928 28
2929 28
2930 28
2931 28
2932 28
2933 28
2934 28
2935 28
2936 28
2937 28
2938 28
2939 28
2940 28
2941 28
2942 28
2943 28
2944 28
2945 28
2946 28
2947 28
2948 28
2949 28
2950 28
2951 28
2952 28
2953 28
2954 28
2955 28
2956 28
2957 28
2958 28
2959 28
2960 28
2961 28
2962 28
2963 28
2964 28
2965 28
2966 28
2967 -28
2968 29
2969 29
2970 29
2971 29
2972 29
2973 29
2974 29
2975 29
2976 29
2977 29
2978 29
2979 29
2980 29
2981 29
2982 29
2983 29
2984 29
2985 29
2986 29
2987 29
2988 29
2989 29
2990 29
2991 29
2992 29
2993 29
2994 29
2995 29
2996 29
2997 29
2998 29
2999 29
3000 29
3001 29
3002 29
3003 29
3004 29
3005 29
3006 29
3007 29
3008 29
3009 29
3010 29
3011 29
3012 29
3013 29
3014 29
3015 29
3016 29
3017 29
3018 29
3019 29
3020 29
3021 29
3022 29
3023 29
3024 29
3025 29
3026 29
3027 29
3028 29
3029 29
3030 29
3031 29
3032 29
3033 29
3034 29
3035 29
3036 29
3037 29
3038 29
3039 29
3040 29
3041 29
3042 29
3043 29
3044 29
3045 29
3046 29
3047 29
3048 29
3049 29
3050 29
3051 29
3052 29
3053 29
3054 29
3055 29
3056 29
3057 29
3058 29
3059 29
3060 29
3061 29
3062 29
3063 29
3064 29
3065 29
3066 0
3067 0
3068 30
3069 30
3070 30
3071 30
3072 30
3073 30
3074 30
3075 30
3076 30
3077 30
3078 30
3079 -30
3080 0
3081 0
3082 0
3083 0
3084 0
3085 0
3086 0
3087 0
3088 0
3089 0
3090 0
3091 31
3092 31
3093 31
3094 31
3095 31
3096 31
3097 31
3098 31
3099 31
3100 31
3101 31
3102 31
3103 31
3104 31
3105 31
3106 31
3107 31
3108 31
3109 31
3110 31
3111 31
3112 31
3113 31
3114 31
3115 31
3116 31
3117 31
3118 31
3119 31
3120 31
3121 31
3122 31
3123 31
3124 31
3125 31
3126 31
3127 31
3128 31
3129 31
3130 31
3131 31
3132 31
3133 31
3134 31
3135 31
3136 31
3137 31
3138 31
3139 31
3140 31
3141 31
3142 31
3143 31
3144 31
3145 31
3146 31
3147 31
3148 31
3149 31
3150 31
3151 31
3152 31
3153 31
3154 31
3155 31
3156 31
3157 31
3158 31
3159 31
3160 31
3161 31
3162 31
3163 31
3164 31
3165 31
3166 31
3167 31
3168 31
3169 31
3170 31
3171 31
3172 -31
3173 0
3174 0
3175 0
3176 0
3177 0
3178 0
3179 0
3180 32
3181 32
3182 32
3183 32
3184 32
3185 32
3186 32
3187 32
3188 32
3189 32
3190 32
3191 32
3192 32
3193 32
3194 32
3195 32
3196 32
3197 32
3198 32
3199 32
3200 32
3201 32
3202 32
3203 32
3204 32
3205 32
3206 32
3207 32
3208 32
3209 32
3210 32
3211 32
3212 32
3213 32
3214 32
3215 32
3216 32
3217 32
3218 32
3219 32
3220 32
3221 32
3222 32
3223 32
3224 32
3225 32
3226 32
3227 32
3228 32
3229 32
3230 32
3231 32
3232 32
3233 32
3234 32
3235 32
3236 32
3237 -32
3238 33
3239 33
3240 33
3241 33
3242 33
3243 33
3244 33
3245 33
3246 33
3247 33
3248 33
3249 33
3250 33
3251 33
3252 33
3253 33
3254 33
3255 33
3256 33
3257 33
3258 33
3259 33
3260 33
3261 33
3262 33
3263 33
3264 33
3265 33
3266 33
3267 33
3268 33
3269 33
3270 33
3271 33
3272 33
3273 33
3274 33
3275 33
3276 33
3277 33
3278 33
3279 33
3280 33
3281 33
3282 33
3283 33
3284 33
3285 33
3286 33
3287 33
3288 33
3289 33
3290 0
3291 0
3292 -34
3293 34
3294 34
3295 34
3296 34
3297 34
3298 34
3299 34
3300 34
3301 34
3302 34
3303 34
3304 34
3305 34
3306 34
3307 34
3308 34
3309 34
3310 34
3311 34
3312 34
3313 34
3314 34
3315 34
3316 34
3317 34
3318 34
3319 34
3320 34
3321 34
3322 34
3323 34
3324 34
3325 34
3326 34
3327 34
3328 34
3329 34
3330 34
3331 34
3332 34
3333 34
3334 34
3335 34
3336 34
3337 34
3338 34
3339 34
3340 34
3341 0
3342 35
3343 35
3344 35
3345 35
3346 35
3347 35
3348 35
3349 35
3350 35
3351 35
3352 35
3353 35
3354 35
3355 35
3356 35
3357 35
3358 35
3359 35
3360 35
3361 35
3362 35
3363 35
3364 35
3365 35
3366 35
3367 35
3368 35
3369 35
3370 35
3371 35
3372 35
3373 35
3374 35
3375 35
3376 35
3377 35
3378 35
3379 35
3380 35
3381 35
3382 35
3383 35
3384 35
3385 35
3386 35
3387 35
3388 35
3389 35
3390 35
3391 35
3392 35
3393 35
3394 35
3395 35
3396 35
3397 35
3398 35
3399 35
3400 35
3401 35
3402 35
3403 35
3404 35
3405 35
3406 35
3407 35
3408 35
3409 35
3410 35
3411 35
3412 35
3413 35
3414 35
3415 35
3416 35
3417 35
3418 35
3419 35
3420 35
3421 35
3422 35
3423 35
3424 35
3425 35
3426 35
3427 35
3428 35
3429 35
3430 35
3431 35
3432 35
3433 -35
3434 0
3435 0
3436 0
3437 0
3438 0
3439 0
3440 0
3441 0
3442 0
3443 0
3444 0
3445 0
3446 0
3447 0
3448 0
3449 0
3450 0
3451 0
3452 0
3453 0
3454 0
3455 0
3456 0
3457 0
3458 0
3459 0
3460 0
3461 0
3462 0
3463 0
3464 0
3465 0
3466 0
3467 0
3468 0
3469 0
3470 0
3471 0
3472 0
3473 0
3474 0
3475 0
3476 0
3477 0
3478 0
3479 0
3480 0
3481 0
3482 0
3483 0
3484 0
3485 0
3486 0
3487 0
3488 0
3489 0
3490 0
3491 0
3492 0
3493 0
3494 0
3495 0
3496 0
3497 0
3498 0
3499 0
3500 0
3501 0
3502 0
3503 0
3504 0
3505 0
3506 0
3507 0
3508 0
3509 0
3510 0
3511 0
3512 0
3513 0
3514 0
3515 0
3516 0
3517 0
3518 0
3519 0
3520 0
3521 0
3522 0
3523 0
3524 0
3525 0
3526 0
3527 0
3528 0
3529 0
3530 0
3531 0
3532 0
3533 0
3534 0
3535 0
3536 0
3537 0
3538 0
3539 0
3540 0
3541 0
3542 0
3543 0
3544 36
3545 36
3546 36
3547 36
3548 36
3549 36
3550 36
3551 36
3552 36
3553 36
3554 36
3555 -36
3556 37
3557 37
3558 37
3559 37
3560 37
3561 37
3562 37
3563 37
3564 -37
3565 0
3566 0
3567 0
3568 0
3569 0
3570 0
3571 -38
3572 38
3573 38
3574 38
3575 38
3576 38
3577 38
3578 38
3579 38
3580 38
3581 38
3582 38
3583 38
3584 38
3585 38
3586 38
3587 38
3588 38
3589 38
3590 38
3591 38
3592 38
3593 38
3594 38
3595 38
3596 38
3597 38
3598 38
3599 38
3600 38
3601 38
3602 38
3603 38
3604 38
3605 38
3606 38
3607 38
3608 38
3609 38
3610 38
3611 38
3612 38
3613 38
3614 38
3615 38
3616 38
3617 38
3618 38
3619 38
3620 38
3621 38
3622 38
3623 38
3624 38
3625 38
3626 38
3627 38
3628 38
3629 38
3630 38
3631 38
3632 38
3633 38
3634 38
3635 38
3636 38
3637 38
3638 38
3639 38
3640 38
3641 38
3642 38
3643 38
3644 38
3645 38
3646 38
3647 38
3648 38
3649 38
3650 38
3651 38
3652 38
3653 38
3654 38
3655 38
3656 38
3657 38
3658 38
3659 38
3660 38
3661 38
3662 38
3663 38
3664 38
3665 38
3666 38
3667 38
3668 38
3669 38
3670 38
3671 38
3672 38
3673 38
3674 38
3675 38
3676 38
3677 38
3678 38
3679 38
3680 38
3681 38
3682 38
3683 38
3684 38
3685 38
3686 38
3687 38
3688 38
3689 38
3690 38
3691 38
3692 38
3693 -38
3694 -39
3695 39
3696 39
3697 39
3698 39
3699 39
3700 39
3701 39
3702 39
3703 39
3704 39
3705 39
3706 39
3707 39
3708 39
3709 39
3710 39
3711 39
3712 39
3713 39
3714 39
3715 -39
3716 0
3717 0
3718 -40
3719 40
3720 40
3721 40
3722 40
3723 40
3724 40
3725 40
3726 40
3727 40
3728 40
3729 40
3730 40
3731 40
3732 40
3733 40
3734 40
3735 40
3736 40
3737 40
3738 -40
3739 0
3740 0
3741 0
3742 0
3743 0
3744 0
3745 0
3746 41
3747 41
3748 41
3749 41
3750 41
3751 41
3752 41
3753 41
3754 41
3755 41
3756 41
3757 41
3758 41
3759 41
3760 41
3761 41
3762 -41
3763 0
3764 0
3765 0
3766 0
3767 42
3768 42
3769 42
3770 42
3771 42
3772 42
3773 42
3774 42
3775 42
3776 42
3777 42
3778 42
3779 42
3780 42
3781 42
3782 42
3783 42
3784 42
3785 42
3786 42
3787 42
3788 42
3789 42
3790 42
3791 42
3792 42
3793 42
3794 42
3795 42
3796 42
3797 42
3798 42
3799 42
3800 42
3801 -43
3802 43
3803 43
3804 43
3805 43
3806 43
3807 43
3808 43
3809 43
3810 43
3811 43
3812 43
3813 43
3814 43
3815 43
3816 43
3817 43
3818 43
3819 43
3820 43
3821 43
3822 43
3823 43
3824 43
3825 43
3826 43
3827 43
3828 43
3829 43
3830 43
3831 43
3832 43
3833 43
3834 43
3835 43
3836 43
3837 43
3838 -43
3839 0
3840 0
3841 -44
3842 44
3843 44
3844 44
3845 44
3846 44
3847 44
3848 44
3849 44
3850 44
3851 44
3852 44
3853 44
3854 44
3855 44
3856 44
3857 44
3858 44
3859 44
3860 44
3861 44
3862 44
3863 44
3864 44
3865 44
3866 44
3867 44
3868 44
3869 44
3870 44
3871 44
3872 44
3873 44
3874 44
3875 44
3876 44
3877 44
3878 44
3879 44
3880 44
3881 44
3882 44
3883 44
3884 44
3885 44
3886 44
3887 44
3888 44
3889 44
3890 44
3891 44
3892 44
3893 44
3894 44
3895 44
3896 44
3897 44
3898 44
3899 44
3900 44
3901 44
3902 44
3903 44
3904 44
3905 44
3906 44
3907 44
3908 44
3909 0
3910 0
3911 0
3912 0
3913 0
3914 0
3915 -45
3916 45
3917 45
3918 45
3919 45
3920 45
3921 45
3922 45
3923 45
3924 45
3925 45
3926 45
3927 45
3928 45
3929 45
3930 45
3931 45
3932 45
3933 45
3934 45
3935 45
3936 45
3937 45
3938 45
3939 45
3940 45
3941 45
3942 45
3943 45
3944 45
3945 45
3946 45
3947 45
3948 45
3949 45
3950 45
3951 45
3952 45
3953 45
3954 45
3955 45
3956 45
3957 45
3958 45
3959 45
3960 45
3961 45
3962 45
3963 45
3964 45
3965 45
3966 45
3967 45
3968 45
3969 45
3970 45
3971 45
3972 45
3973 45
3974 0
3975 0
3976 0
3977 0
3978 46
3979 46
3980 46
3981 46
3982 46
3983 46
3984 46
3985 46
3986 46
3987 46
3988 46
3989 46
3990 46
3991 46
3992 46
3993 46
3994 -47
3995 47
3996 47
3997 47
3998 47
3999 47
4000 47
4001 47
4002 47
4003 47
4004 47
4005 47
4006 47
4007 47
4008 47
4009 47
4010 47
4011 47
4012 47
4013 47
4014 47
4015 47
4016 47
4017 47
4018 47
4019 47
4020 47
4021 47
4022 47
4023 47
4024 47
4025 47
4026 47
4027 47
4028 47
4029 47
4030 47
4031 47
4032 47
4033 47
4034 47
4035 47
4036 47
4037 47
4038 47
4039 47
4040 47
4041 47
4042 47
4043 -47
4044 0
4045 48
4046 48
4047 48
4048 48
4049 48
4050 48
4051 48
4052 48
4053 48
4054 48
4055 48
4056 48
4057 48
4058 48
4059 48
4060 48
4061 48
4062 48
4063 48
4064 48
4065 48
4066 48
4067 48
4068 48
4069 48
4070 48
4071 48
4072 48
4073 48
4074 48
4075 48
4076 0
4077 0
4078 0
4079 0
4080 0
4081 0
4082 49
4083 49
4084 49
4085 49
4086 49
4087 49
4088 49
4089 49
4090 49
4091 49
4092 49
4093 49
4094 49
4095 49
4096 49
4097 49
4098 49
4099 49
4100 49
4101 49
4102 49
4103 49
4104 49
4105 49
4106 49
4107 49
4108 49
4109 49
4110 49
4111 49
4112 49
4113 49
4114 49
4115 49
4116 49
4117 49
4118 49
4119 49
4120 49
4121 49
4122 49
4123 49
4124 49
4125 49
4126 49
4127 49
4128 49
4129 49
4130 49
4131 -50
4132 50
4133 50
4134 50
4135 50
4136 50
4137 50
4138 50
4139 50
4140 50
4141 50
4142 50
4143 50
4144 50
4145 50
4146 50
4147 50
4148 50
4149 50
4150 50
4151 50
4152 50
4153 50
4154 50
4155 50
4156 50
4157 50
4158 50
4159 50
4160 50
4161 50
4162 50
4163 50
4164 50
4165 50
4166 50
4167 50
4168 50
4169 0
4170 0
4171 51
4172 51
4173 51
4174 51
4175 51
4176 51
4177 51
4178 -51
4179 -52
4180 52
4181 52
4182 52
4183 52
4184 52
4185 52
4186 52
4187 52
4188 52
4189 52
4190 52
4191 52
4192 52
4193 52
4194 0
4195 53
4196 53
4197 53
4198 53
4199 53
4200 53
4201 53
4202 -53
4203 0
4204 0
4205 0
4206 0
4207 0
4208 -54
4209 54
4210 54
4211 54
4212 54
4213 54
4214 54
4215 54
4216 54
4217 54
4218 54
4219 54
4220 54
4221 54
4222 54
4223 54
4224 54
4225 54
4226 54
4227 54
4228 54
4229 54
4230 54
4231 54
4232 54
4233 54
4234 54
4235 -54
4236 55
4237 55
4238 55
4239 55
4240 55
4241 55
4242 55
4243 55
4244 55
4245 55
4246 55
4247 55
4248 55
4249 55
4250 55
4251 55
4252 55
4253 55
4254 55
4255 55
4256 55
4257 55
4258 55
4259 55
4260 55
4261 55
4262 55
4263 55
4264 55
4265 55
4266 55
4267 55
4268 55
4269 55
4270 55
4271 55
4272 55
4273 55
4274 55
4275 55
4276 55
4277 55
4278 55
4279 55
4280 55
4281 55
4282 55
4283 55
4284 55
4285 55
4286 55
4287 55
4288 55
4289 55
4290 -55
4291 56
4292 56
4293 56
4294 56
4295 56
4296 56
4297 56
4298 56
4299 56
4300 56
4301 56
4302 56
4303 56
4304 56
4305 56
4306 56
4307 56
4308 56
4309 56
4310 56
4311 56
4312 56
4313 56
4314 56
4315 56
4316 56
4317 56
4318 56
4319 56
4320 56
4321 56
4322 56
4323 56
4324 56
4325 56
4326 56
4327 56
4328 56
4329 56
4330 56
4331 56
4332 56
4333 56
4334 56
4335 56
4336 56
4337 56
4338 56
4339 56
4340 56
4341 56
4342 56
4343 56
4344 56
4345 56
4346 56
4347 56
4348 56
4349 56
4350 56
4351 56
4352 56
4353 56
4354 56
4355 56
4356 -56
4357 0
4358 0
4359 0
4360 0
4361 57
4362 57
4363 57
4364 57
4365 57
4366 57
4367 57
4368 57
4369 57
4370 57
4371 57
4372 57
4373 57
4374 57
4375 57
4376 57
4377 57
4378 57
4379 57
4380 57
4381 57
4382 57
4383 57
4384 57
4385 57
4386 57
4387 57
4388 57
4389 57
4390 57
4391 57
4392 57
4393 57
4394 57
4395 57
4396 57
4397 57
4398 57
4399 57
4400 57
4401 57
4402 57
4403 57
4404 57
4405 57
4406 57
4407 57
4408 57
4409 57
4410 57
4411 57
4412 57
4413 57
4414 57
4415 57
4416 57
4417 57
4418 57
4419 57
4420 57
4421 57
4422 57
4423 57
4424 57
4425 57
4426 57
4427 57
4428 57
4429 57
4430 57
4431 57
4432 -57
4433 0
4434 0
4435 -58
4436 58
4437 58
4438 58
4439 58
4440 58
4441 58
4442 58
4443 58
4444 58
4445 58
4446 58
4447 58
4448 58
4449 58
4450 58
4451 58
4452 58
4453 58
4454 58
4455 58
4456 58
4457 58
4458 58
4459 58
4460 58
4461 58
4462 58
4463 58
4464 58
4465 58
4466 58
4467 58
4468 58
4469 58
4470 58
4471 58
4472 58
4473 58
4474 58
4475 58
4476 58
4477 58
4478 58
4479 58
4480 58
4481 58
4482 58
4483 58
4484 58
4485 58
4486 58
4487 58
4488 58
4489 58
4490 58
4491 58
4492 58
4493 58
4494 58
4495 58
4496 58
4497 58
4498 58
4499 58
4500 58
4501 58
4502 58
4503 58
4504 58
4505 58
4506 58
4507 58
4508 58
4509 58
4510 58
4511 58
4512 58
4513 58
4514 58
4515 58
4516 0
4517 0
4518 0
4519 0
4520 0
4521 0
4522 59
4523 59
4524 59
4525 59
4526 59
4527 59
4528 59
4529 59
4530 59
4531 59
4532 59
4533 59
4534 59
4535 59
4536 59
4537 59
4538 59
4539 59
4540 59
4541 59
4542 59
4543 59
4544 59
4545 59
4546 59
4547 59
4548 59
4549 59
4550 59
4551 -59
4552 0
4553 0
4554 0
4555 0
4556 -60
4557 60
4558 60
4559 60
4560 60
4561 60
4562 60
4563 60
4564 60
4565 60
4566 60
4567 60
4568 60
4569 60
4570 60
4571 60
4572 60
4573 60
4574 60
4575 60
4576 60
4577 60
4578 60
4579 60
4580 60
4581 60
4582 60
4583 60
4584 60
4585 60
4586 60
4587 60
4588 0
4589 0
4590 0
4591 0
4592 0
4593 0
4594 0
4595 0
4596 0
4597 0
4598 0
4599 0
4600 0
4601 0
4602 0
4603 0
4604 0
4605 61
4606 61
4607 61
4608 61
4609 61
4610 61
4611 61
4612 61
4613 61
4614 61
4615 61
4616 61
4617 61
4618 61
4619 61
4620 61
4621 61
4622 61
4623 61
4624 61
4625 61
4626 0
4627 -62
4628 62
4629 62
4630 62
4631 62
4632 62
4633 62
4634 62
4635 62
4636 62
4637 62
4638 -62
4639 -63
4640 63
4641 63
4642 63
4643 63
4644 63
4645 63
4646 63
4647 63
4648 63
4649 63
4650 63
4651 63
4652 63
4653 63
4654 63
4655 63
4656 63
4657 63
4658 63
4659 63
4660 63
4661 63
4662 63
4663 63
4664 63
4665 63
4666 63
4667 63
4668 63
4669 63
4670 63
4671 63
4672 63
4673 63
4674 0
4675 0
4676 64
4677 64
4678 64
4679 64
4680 64
4681 64
4682 64
4683 64
4684 64
4685 64
4686 64
4687 64
4688 64
4689 64
4690 64
4691 64
4692 64
4693 64
4694 64
4695 -64
4696 -65
4697 65
4698 65
4699 65
4700 65
4701 65
4702 65
4703 65
4704 65
4705 65
4706 65
4707 65
4708 65
4709 65
4710 65
4711 65
4712 65
4713 65
4714 65
4715 65
4716 65
4717 65
4718 65
4719 65
4720 65
4721 65
4722 0
4723 0
4724 0
4725 0
4726 0
4727 0
4728 0
4729 0
4730 0
4731 0
4732 0
4733 0
4734 0
4735 0
4736 0
4737 0
4738 0
4739 0
4740 0
4741 0
4742 0
4743 0
4744 0
4745 0
4746 0
4747 0
4748 0
4749 0
4750 0
4751 0
4752 0
4753 0
4754 0
4755 0
4756 0
4757 0
4758 0
4759 0
4760 0
4761 0
4762 0
4763 0
4764 0
4765 0
4766 0
4767 0
4768 0
4769 0
4770 0
4771 0
4772 0
4773 0
4774 0
4775 0
4776 0
4777 0
4778 0
4779 0
4780 0
4781 0
4782 0
4783 0
4784 0
4785 0
4786 0
4787 0
4788 0
4789 0
4790 0
4791 0
4792 0
4793 0
4794 0
4795 0
4796 0
4797 0
4798 0
4799 0
4800 0
4801 0
4802 0
4803 0
4804 0
4805 0
4806 0
4807 0
4808 0
4809 0
4810 0
4811 0
4812 0
4813 0
4814 0
4815 0
4816 0
4817 0
4818 0
4819 0
4820 0
4821 0
4822 0
4823 0
4824 66
4825 66
4826 66
4827 66
4828 66
4829 66
4830 66
4831 66
4832 66
4833 66
4834 66
4835 66
4836 66
4837 66
4838 66
4839 66
4840 66
4841 66
4842 66
4843 66
4844 66
4845 66
4846 66
4847 66
4848 66
4849 66
4850 66
4851 66
4852 66
4853 66
4854 66
4855 66
4856 66
4857 66
4858 66
4859 66
4860 66
4861 66
4862 66
4863 66
4864 66
4865 -66
4866 0
4867 0
4868 0
4869 0
4870 0
4871 0
4872 0
4873 0
4874 0
4875 0
4876 0
4877 0
4878 0
4879 0
4880 0
4881 0
4882 0
4883 0
4884 0
4885 0
4886 0
4887 0
4888 0
4889 0
4890 0
4891 0
4892 0
4893 0
4894 -67
4895 67
4896 67
4897 67
4898 67
4899 67
4900 67
4901 67
4902 67
4903 67
4904 67
4905 67
4906 67
4907 67
4908 67
4909 67
4910 67
4911 67
4912 67
4913 67
4914 67
4915 67
4916 67
4917 67
4918 67
4919 67
4920 67
4921 67
4922 67
4923 67
4924 67
4925 67
4926 67
4927 67
4928 67
4929 67
4930 67
4931 67
4932 67
4933 67
4934 67
4935 67
4936 67
4937 67
4938 67
4939 67
4940 67
4941 67
4942 67
4943 67
4944 67
4945 67
4946 67
4947 67
4948 67
4949 67
4950 67
4951 67
4952 67
4953 67
4954 67
4955 67
4956 67
4957 67
4958 67
4959 67
4960 67
4961 67
4962 67
4963 67
4964 67
4965 67
4966 67
4967 67
4968 67
4969 67
4970 -67
4971 0
4972 0
4973 0
4974 0
4975 0
4976 0
4977 0
4978 0
4979 0
4980 0
4981 0
4982 0
4983 0
4984 0
4985 0
4986 0
4987 0
4988 0
4989 0
4990 0
4991 0
4992 0
4993 0
4994 0
4995 0
4996 0
4997 0
4998 0
4999 0
5000 0
5001 0
5002 0
5003 0
5004 0
5005 0
5006 0
5007 0
5008 0
5009 0
5010 0
5011 0
5012 0
5013 0
5014 0
5015 0
5016 0
5017 0
5018 0
5019 0
5020 68
5021 68
5022 68
5023 68
5024 68
5025 68
5026 68
5027 68
5028 68
5029 68
5030 68
5031 68
5032 -68
5033 0
5034 0
5035 0
5036 0
5037 0
5038 0
5039 0
5040 0
5041 0
5042 0
5043 0
5044 0
5045 0
5046 0
5047 0
5048 0
5049 0
5050 0
5051 0
5052 0
5053 0
5054 0
5055 0
5056 0
5057 0
5058 0
5059 -69
5060 69
5061 69
5062 69
5063 69
5064 69
5065 69
5066 69
5067 69
5068 69
5069 69
5070 69
5071 69
5072 69
5073 69
5074 69
5075 69
5076 69
5077 69
5078 69
5079 69
5080 69
5081 69
5082 69
5083 69
5084 69
5085 69
5086 69
5087 69
5088 69
5089 69
5090 69
5091 69
5092 69
5093 69
5094 69
5095 69
5096 69
5097 69
5098 69
5099 69
5100 69
5101 69
5102 69
5103 69
5104 69
5105 69
5106 69
5107 69
5108 0
5109 0
5110 0
5111 0
5112 0
5113 0
5114 0
5115 0
5116 0
5117 0
5118 0
5119 0
5120 0
5121 0
5122 0
5123 0
5124 0
5125 0
5126 0
5127 0
5128 0
5129 0
5130 0
5131 0
5132 0
5133 0
5134 0
5135 0
5136 0
