2613 2
1384 0.2087049 0.6245403
1085 0.25718692 0.6126446
1265 0.13702197 0.6459389
657 0.21544158 0.62335145
1401 0.115523346 0.6556586
1329 0.24607414 0.61543053
1100 0.32639188 0.59272265
1102 0.22213489 0.62432903
1337 0.29311278 0.6045977
1110 0.17264706 0.6333989
1164 -0.009434566 0.6989003
1166 0.22316234 0.6242404
1122 0.30665752 0.5974599
945 0.048606142 0.68164825
921 0.1042806 0.6628792
1625 0.077575274 0.6700246
1369 0.29826993 0.5952523
1167 0.09307111 0.6587789
1526 0.258701 0.61069477
2142 0.45254222 0.5557064
1932 0.27171814 0.6057376
1332 0.22190844 0.6153461
1335 0.28999957 0.59893686
981 0.21743514 0.6241936
1165 0.26144832 0.6113526
1123 0.38299653 0.57635254
974 0.19083299 0.63463825
623 0.16047211 0.64095235
2014 0.3110546 0.59798425
913 0.09138042 0.659691
1289 0.10838448 0.6600259
955 0.018591987 0.68501467
939 0.24162407 0.6131465
1151 0.33996987 0.58689696
923 0.16290417 0.64394397
1370 0.37255108 0.57648736
1264 0.14739929 0.6450953
1349 -0.044395473 0.7035406
1125 0.31017223 0.5979145
953 0.3421618 0.5829884
1347 0.24140204 0.6182063
1186 0.0520421 0.67598283
2135 0.26481363 0.6080601
1357 0.21364392 0.6263798
2016 0.16786963 0.63892055
1303 0.13741577 0.6468592
1036 0.37592575 0.5747517
871 -0.028392803 0.69465923
969 0.2144906 0.6263836
1108 0.2656664 0.60578614
1302 0.27174845 0.60585225
1368 0.3122081 0.5930337
1168 0.073574595 0.66579306
852 -0.020997858 0.69682837
1441 0.19928348 0.6317533
1856 0.37989315 0.56893
1527 0.02336846 0.6864162
1097 0.19440362 0.6310965
1358 0.1910286 0.62824136
1086 0.33247155 0.58435667
951 0.087667204 0.66121435
1362 0.38817045 0.57418805
1671 0.22968051 0.6135909
1371 0.3082836 0.5940662
1378 0.1029297 0.6572384
1308 0.24488042 0.61366534
1274 0.21505561 0.62083167
938 0.19381242 0.6325997
1043 0.14335588 0.6494956
967 0.0856723 0.66331756
1518 0.21648076 0.6224664
1397 0.16019721 0.64444524
811 0.2525956 0.6119438
1331 0.25696534 0.6107927
887 0.031692255 0.67903644
1462 0.047156606 0.6737629
1312 0.18035924 0.6378119
1364 0.12869075 0.6485937
1266 0.021526746 0.6847866
1066 0.27129975 0.6086984
2012 0.23942235 0.6191061
2054 0.32697454 0.591136
944 0.23877616 0.6158798
1524 0.20722705 0.6215516
1106 0.13336304 0.64689523
2009 0.153539 0.6490844
1657 0.23224516 0.61645764
2129 0.35050833 0.5838501
1374 0.21625833 0.6202538
1336 0.1929042 0.62614936
868 0.078534 0.66639495
896 -0.034344394 0.70299596
854 0.16788253 0.6388059
1298 0.2798618 0.6000154
920 0.086682335 0.6620629
1937 0.38916507 0.5669874
807 -0.014645679 0.69588566
1307 0.07335693 0.6649373
1543 0.20450662 0.6253056
1981 0.44205657 0.5560802
1286 0.026707655 0.6811297
977 0.24586427 0.6171108
1147 0.22347005 0.6216999
1327 0.04302798 0.6762499
1982 0.20637019 0.622128
1396 0.31503645 0.5935819
1360 0.2792117 0.6032635
956 0.097719654 0.66128457
2023 0.3165888 0.59435976
1099 0.20227778 0.6291586
910 0.08468207 0.6699509
1296 0.15147522 0.65061146
2193 0.3437335 0.5844712
952 0.10218917 0.66471463
850 -0.01585774 0.69486153
1053 0.20994426 0.6271348
912 0.13889574 0.646744
978 0.1288652 0.65122837
1318 0.035304412 0.6755044
1261 0.3420712 0.5826759
1930 0.41123334 0.5599421
2386 0.5257317 0.5269232
801 0.26137835 0.60559756
1523 0.29687297 0.5957332
2133 0.31951115 0.5925975
1540 0.31469503 0.5923916
1271 -0.118683666 0.72874063
1144 0.4222757 0.5545756
1392 0.3913262 0.5743016
982 0.25427666 0.60854524
1447 0.2861382 0.6087787
942 0.27340996 0.60814106
1002 0.49939233 0.53539443
794 -0.042338084 0.70862937
554 0.34890053 0.57996476
2096 0.5291271 0.5251833
1366 0.21718425 0.6232801
1884 0.36219972 0.57401276
895 0.06088535 0.66792613
915 0.24108389 0.6158509
929 0.017032761 0.6851512
2324 0.23202398 0.6184589
899 0.0023921682 0.68682563
1342 0.13971676 0.64131135
1317 0.21123815 0.625394
1405 0.09288173 0.66212714
1177 0.21006148 0.6250466
1136 0.32770163 0.5826943
1039 0.31385738 0.58965755
1376 0.18556868 0.63686794
1442 0.08046099 0.6711291
1200 0.13368832 0.64988357
1547 0.088919714 0.6675294
1372 0.029223867 0.6846551
1115 0.1403392 0.64707977
1292 0.19606702 0.625011
1112 0.17665726 0.6375622
961 0.1608943 0.64517933
927 0.37268406 0.57572573
1143 0.25035578 0.61489093
1356 0.1635936 0.6393031
804 -0.21458347 0.7652553
1393 0.19935817 0.6231594
1340 0.11112785 0.65922356
787 -0.069924325 0.71508086
1309 0.18270217 0.6358978
1953 0.29314554 0.59779584
1288 0.19535144 0.6256134
1386 0.21708865 0.6199864
931 0.07848572 0.66378343
530 0.08571203 0.6613706
646 0.27376717 0.6051615
1092 0.4180416 0.5583663
1163 0.16911748 0.64228785
1305 0.13210955 0.64986515
1927 0.45345137 0.54617625
1181 0.028961394 0.6839421
906 -0.11325068 0.7266083
1871 0.3837573 0.5692467
957 0.21210474 0.6261683
1262 0.122296885 0.64506495
1095 0.2309737 0.62309027
1291 -0.01944459 0.69645
1549 0.28749308 0.59987503
261 0.26383016 0.6099261
2289 0.40189528 0.5632599
1521 0.25830546 0.6132234
2259 0.44037303 0.5553695
1049 0.25074103 0.6067694
798 -0.07440328 0.72070867
1152 0.24745949 0.61426884
1313 0.2185141 0.6289226
2304 0.2928597 0.5981124
965 0.31417918 0.5910751
1083 0.19757202 0.6272132
1300 0.24451163 0.615329
1204 0.025593385 0.68124086
897 0.07868045 0.66404253
1267 0.09601502 0.6611756
1175 0.0767682 0.666715
888 0.09450014 0.6565396
1402 0.16252464 0.6390815
643 0.2368668 0.6152479
2059 0.2681607 0.6074557
637 0.08016437 0.66378576
1444 0.36121684 0.5820163
1148 0.35708046 0.57854813
934 0.1732262 0.64225304
221 0.013643582 0.6859381
924 0.19043352 0.6304305
1606 0.27646533 0.6046913
1322 0.17623799 0.6367139
1121 0.16806449 0.6433924
1350 0.15255217 0.64720225
1354 0.34494293 0.58562547
1304 0.28854617 0.59828734
1958 0.25979072 0.60761285
1275 0.029800165 0.6825714
1418 0.20331818 0.6254323
1839 0.33408722 0.5859284
911 -0.14059879 0.73547673
1544 0.32698953 0.5884989
1285 0.15844633 0.63826764
1119 0.21590741 0.62519616
1391 0.29156828 0.6019081
1388 0.29042193 0.5950192
1259 0.34771433 0.5817975
2404 0.2371381 0.61954314
799 -0.078759626 0.71327317
1381 0.25811642 0.61289126
1048 0.40275744 0.5608231
1188 0.13289686 0.6498096
1874 0.4400487 0.5554908
858 0.15310496 0.6487782
2352 0.4725489 0.53805524
1149 0.4355576 0.5532476
860 -0.02427251 0.7006154
1293 0.21840182 0.6212537
2043 0.30310574 0.595129
1037 0.22812174 0.61303645
1157 0.22646904 0.62093353
1321 0.09665906 0.6644383
1669 0.19338694 0.62975246
1158 0.36427084 0.57280403
535 0.20259883 0.62334764
947 0.04472331 0.6781649
1314 0.263458 0.6121742
970 0.14758252 0.6435468
1383 0.3281679 0.5921575
2652 0.5812158 0.50973564
1060 0.18781032 0.6307862
968 0.047364216 0.6721077
2041 0.2781054 0.60540843
1903 0.40801957 0.55822027
656 0.17765681 0.6335399
649 0.22894107 0.62028575
795 0.02674373 0.6898848
1117 0.15899646 0.6333655
1145 0.24432485 0.61064374
2260 0.28867653 0.601581
820 -0.036640834 0.7062057
1390 0.11647155 0.6513105
654 0.13315775 0.6461966
1323 0.040101264 0.6782372
2161 0.42478964 0.56083
2278 0.4382953 0.5560498
1539 0.15175943 0.6461216
1809 0.13405178 0.65377504
1096 0.1648491 0.62787217
1330 0.24478397 0.6182401
1156 0.3691839 0.57743865
1255 0.21980403 0.6248429
894 0.14828426 0.6386352
2366 0.43538055 0.5572676
1176 0.12803839 0.6512074
1885 0.34703153 0.58631045
1844 0.27137142 0.60892993
2032 0.19681068 0.6268587
922 0.33707285 0.59354365
2513 0.32826412 0.58469236
1852 0.3965046 0.5708953
1109 0.2286817 0.6191113
1319 -0.14161359 0.7381176
1341 0.23239428 0.61952114
1140 0.25948036 0.60951465
1522 0.22414306 0.62250066
1091 0.31726968 0.59141105
867 0.0022199177 0.69285244
1380 0.19002123 0.62914425
859 0.12340501 0.6546651
1855 0.37518847 0.5765653
2276 0.37388906 0.5714231
855 0.15810163 0.6437192
1398 0.1641444 0.6395114
2488 0.4860988 0.5376949
563 -0.07305421 0.7145223
1560 0.14517231 0.64782995
1153 0.32170925 0.5917488
1118 0.047286544 0.68082845
1554 0.16807713 0.6437753
1174 -0.11781504 0.7337896
286 0.011914464 0.68841213
926 0.1978714 0.63989526
1797 0.27196884 0.60224116
2045 0.18049112 0.6351056
1439 0.2226115 0.6234125
1187 0.02032638 0.6870705
936 0.13489293 0.6447987
1996 0.097544774 0.66206634
932 0.2550162 0.6041648
2024 0.2922784 0.59930944
2381 0.34285942 0.5843231
1987 0.18495812 0.633333
1294 0.16464867 0.63412595
785 -0.0023511692 0.69110245
1355 0.19964045 0.6310796
1807 0.4750138 0.5485967
181 0.2529087 0.6115591
1361 0.39968088 0.56828314
1089 0.23522392 0.6189112
1529 0.09755144 0.66504544
983 0.41881695 0.5595818
2085 0.5118097 0.5346296
940 -0.005252028 0.695119
630 0.16196528 0.6386181
1600 0.38249773 0.5689105
262 0.21406236 0.6241101
2281 0.1860542 0.63273406
905 -0.10945743 0.72623587
803 -0.154425 0.74616545
1942 0.22175345 0.622274
1054 0.20890239 0.6295467
1277 0.12767322 0.6453612
1044 0.26642886 0.60582197
166 0.2610702 0.60692865
1087 0.26484793 0.608033
1845 0.25120255 0.6127816
1395 0.25826502 0.61304474
1656 0.06795436 0.66877013
2066 0.32769707 0.58934677
916 0.17269993 0.6390109
935 0.04492432 0.6738593
634 0.2839018 0.6058622
1668 0.12296588 0.65168464
1191 0.12212226 0.65550524
1098 0.23440984 0.61243635
950 0.25837114 0.6031195
1541 0.0345226 0.68250906
1931 0.48893484 0.53894377
1034 0.26943216 0.6029941
1287 0.12197943 0.6585789
618 0.16973701 0.63713646
1367 0.20306267 0.62715435
963 0.13472454 0.6500141
2371 0.40509313 0.5639416
1107 -0.0031110595 0.6938318
1567 0.1642619 0.6388242
1414 0.20556971 0.62610984
266 0.18694617 0.6320666
958 0.12870248 0.64889437
844 -0.11020535 0.7280889
2309 0.36313406 0.5824929
1607 0.16977684 0.6364834
1917 0.5134158 0.5335806
1373 0.46179786 0.5453252
1154 0.2935308 0.59783787
959 0.2105276 0.62361836
2512 0.46505007 0.5460811
1596 0.2693748 0.6055756
562 0.17449781 0.63932747
1900 0.38172334 0.57186735
2297 0.23777306 0.6161821
1905 0.45069283 0.54980403
1950 0.38586992 0.5790021
1345 0.1432898 0.6462055
1404 0.20444001 0.6291302
928 0.073701 0.66426694
810 0.12835632 0.6522408
1055 0.16669892 0.64400804
616 -0.12675467 0.73280585
1859 0.40866804 0.5593146
1050 0.21921931 0.618348
1857 0.41283858 0.55338025
1542 0.19757286 0.62200963
115 0.23496845 0.62106526
2585 0.2798122 0.6022249
2520 0.49743775 0.53360623
2156 0.46483585 0.5499559
1047 0.33158913 0.5859062
865 -0.026488751 0.6973962
828 0.13213713 0.6522369
1993 0.16859895 0.6372152
392 0.033055916 0.67955613
857 0.15665206 0.6423283
893 0.040673196 0.6818496
1904 0.52219677 0.53222555
486 -0.01457806 0.6918972
884 0.20897655 0.6330549
1663 0.49229273 0.53917253
1180 -0.06756557 0.7116223
2044 0.2563089 0.6146458
979 0.16887148 0.6395942
2363 0.35375425 0.58303297
2333 0.48898572 0.5393638
1608 0.33651263 0.58118105
1190 0.017402016 0.68302834
1389 0.3175456 0.59096456
1198 -0.03455641 0.6998373
285 0.052863874 0.67632735
1111 0.26574817 0.61163706
1333 0.2795594 0.6083914
1796 0.43334988 0.55712503
1947 0.36431688 0.57211196
1777 0.11351097 0.65327036
1866 0.41960055 0.56213963
1299 0.07616526 0.6670043
2172 0.63577366 0.4942578
786 -0.014360828 0.6951592
1334 0.26457328 0.60938036
1719 0.12052219 0.6508365
1254 0.2572448 0.61284375
1882 0.34203207 0.5840298
1065 0.30148485 0.6003001
1348 0.047491472 0.68309844
1064 0.31056353 0.5926415
2351 0.35920417 0.58797246
2033 0.2895426 0.6035938
891 -0.1404736 0.7349222
1555 0.15728834 0.6459637
1420 0.027764648 0.6833497
1363 0.21470156 0.62612885
2403 0.38392928 0.56918514
2124 0.37371793 0.5774513
1263 0.17655179 0.6306663
1531 0.11461952 0.6575964
534 0.2570183 0.6108311
1056 0.2698252 0.6036679
631 0.043600675 0.67633176
1720 0.17265278 0.6390301
1534 0.23668967 0.61375713
653 0.15885091 0.6473293
2006 0.31134093 0.5915901
2492 0.3786975 0.57160217
1980 0.36004636 0.5805141
1705 0.059147295 0.6722153
2110 0.47974747 0.53949094
1946 0.1902686 0.62718
919 0.14004648 0.65182024
2067 0.4017715 0.56913745
885 0.14334503 0.65273994
1351 0.21947137 0.62303317
2294 0.3744751 0.56980234
1918 0.31561473 0.59364
1295 0.21529248 0.6237238
948 -0.017418303 0.69905394
1129 0.25261107 0.60922676
1666 0.16860601 0.6400989
391 -0.1569676 0.7461091
2310 0.3157769 0.5922518
1082 0.19453387 0.62689656
1952 0.2264172 0.61681956
1260 0.08890463 0.664753
1530 0.32175326 0.5916369
973 0.117040806 0.6636217
1257 0.086086206 0.66080797
1528 0.14374088 0.64220285
1316 0.050984725 0.66868377
1258 0.22918054 0.6134083
1977 0.18698391 0.62715274
2393 0.29065084 0.6008575
1860 0.3119354 0.5954105
1101 -0.009492546 0.70026577
864 -0.12931155 0.73021847
1270 0.282001 0.606023
1169 0.016469516 0.6870534
633 0.17645699 0.642404
501 0.16707957 0.63679767
2305 0.27301505 0.6117113
1647 0.1504545 0.64910597
1093 0.32733032 0.5899781
1343 0.12426922 0.65078604
949 0.096227355 0.6605415
971 0.115502745 0.65607727
1276 0.08683978 0.654852
1446 0.19751543 0.63121295
1415 0.12340542 0.6530942
2676 0.30442774 0.59765244
1450 0.07315137 0.66608334
2387 0.5500447 0.5196089
1409 0.005019531 0.6878917
861 0.06923288 0.6733718
2510 0.5823783 0.5152017
502 0.13004142 0.6514931
2162 0.4657167 0.54387206
1059 0.14962518 0.64668477
831 -0.3357569 0.7964344
2517 0.4808165 0.5426553
1970 0.15730931 0.64032537
2147 0.19234116 0.6285359
2103 0.516757 0.52745163
1406 0.2026261 0.6280956
782 0.004738013 0.6911704
976 0.3468479 0.5810906
806 -0.022185212 0.69628954
2629 0.4976265 0.5379758
1284 0.23903598 0.61685187
2078 0.45138794 0.54643786
1172 0.0704736 0.6722508
876 -0.052842136 0.7066862
825 -0.184429 0.7502477
268 0.13659982 0.64902055
2355 0.34434524 0.5867845
2640 0.47008175 0.54132354
1892 0.3216319 0.59001267
918 0.11441191 0.66037285
960 0.24368578 0.61220604
1338 0.12706779 0.64771086
2039 0.39182916 0.57220286
2101 0.48502776 0.5391482
2130 0.36658075 0.5827959
962 0.16183048 0.6397588
2365 0.41439894 0.56212157
1128 0.41872466 0.55907893
1400 0.24565451 0.6146632
2170 0.41486442 0.5612302
879 -0.11300215 0.72778165
1201 0.128331 0.65099436
1320 0.13407786 0.64668405
1124 0.35768253 0.57960486
2524 0.22446525 0.6175171
222 -0.020177457 0.6955671
1994 0.20991768 0.62153727
276 0.11893139 0.64967364
1972 0.43243438 0.5575693
647 0.13094892 0.6470296
1088 0.32176116 0.58853954
178 0.16885005 0.6393016
2058 0.4391488 0.55668676
2347 0.3849071 0.570671
2320 0.3951754 0.56408376
1359 0.16220658 0.6402592
2633 0.30179027 0.5932142
1352 0.18826593 0.6270715
2368 0.3367619 0.58279073
555 0.24535905 0.6141842
2031 0.349538 0.58984447
2590 0.17310156 0.6372028
595 0.03900229 0.67777485
2146 0.42203462 0.55979514
1533 0.14062312 0.6500966
778 0.050314214 0.6761659
2089 0.6651319 0.48251382
217 0.08780719 0.6647941
1419 0.10930188 0.6541657
1155 0.37668523 0.57538056
1310 0.12248726 0.65352416
886 0.23584962 0.61464155
892 0.10227916 0.658995
1146 0.29652584 0.59291244
177 0.20511015 0.62859744
263 0.040061727 0.68002766
2011 0.34427595 0.5815301
2083 0.2854685 0.60188985
937 0.09884868 0.66051006
1325 0.14699458 0.6448619
1410 -0.0075956765 0.69817394
1413 -0.07130919 0.7149002
819 -0.01607744 0.69402725
163 0.43441918 0.5574794
2350 0.410939 0.56260496
1614 0.10651353 0.65759206
527 0.30505267 0.5928657
2380 0.38623783 0.57127863
233 0.180117 0.63360375
917 0.15478669 0.64486545
1424 0.18851233 0.6321061
1990 0.3303395 0.5801509
2037 0.1635348 0.64168954
2159 0.4560531 0.55231005
2581 0.26335692 0.6069618
2092 0.5450186 0.52231646
1159 0.22525673 0.62700415
1394 0.16728933 0.6391682
1881 0.42940623 0.5587396
1948 0.32399997 0.5905791
639 0.21067543 0.6227302
1847 0.21967743 0.6243086
1602 0.06889538 0.67085314
1042 0.25105965 0.61535394
593 0.018101184 0.68712884
2029 0.2647392 0.60990787
174 0.24283521 0.61157036
2139 0.5168843 0.5313437
2148 0.35176176 0.58246154
1603 0.13324374 0.6488913
2511 0.40297797 0.56692725
1546 0.44263592 0.55046946
317 0.0013321728 0.68731135
1827 0.2347706 0.618221
270 0.17373325 0.63678133
817 -0.0561319 0.70633006
1306 0.23573692 0.6250079
2063 0.3464144 0.58703405
846 0.051014196 0.67719597
827 0.021949917 0.6790409
964 0.2330417 0.61890954
1564 0.16344346 0.6379252
848 0.105568856 0.6591274
2123 0.3878807 0.5716886
587 0.08306671 0.66214323
1268 0.10151572 0.6563229
2332 0.45065925 0.54727215
1326 0.2462419 0.616101
1644 0.031445738 0.68009543
1443 0.03127709 0.6813013
617 -0.08207551 0.7162288
1795 0.22583775 0.61484593
67 0.11543335 0.6528186
1774 0.19029368 0.6295466
790 0.09644875 0.657808
2397 0.25639293 0.60873604
2119 0.42259955 0.55967337
1377 0.26442164 0.60977894
1773 0.19331521 0.6360963
1375 0.19515179 0.62920094
1436 -0.030246688 0.6960445
2021 0.28194973 0.5994689
2346 0.28989828 0.6002914
1127 0.2967125 0.5960308
796 0.285331 0.6045331
2349 0.4080231 0.5610804
1933 0.36479983 0.5751769
1062 0.12452619 0.65620065
802 0.22420017 0.61703897
1898 0.4131723 0.55973005
1875 0.30579576 0.59638643
1535 0.2099665 0.6257332
2163 0.3945429 0.57231903
902 -0.10528745 0.73013514
784 0.11235562 0.65411663
1032 0.22621354 0.62142
1324 0.032001857 0.6769559
2120 0.21850006 0.6296571
2270 0.5957965 0.50081164
816 -0.072522625 0.7115484
1928 0.26353467 0.6142098
1063 0.25055954 0.60987014
249 0.2328579 0.6174873
1890 0.4486773 0.54987234
1956 0.11434985 0.6581803
2098 0.35789192 0.5743265
1449 -0.019442456 0.692582
2107 0.08671169 0.6668065
628 0.16307208 0.6394653
1934 0.3011735 0.5960191
2377 0.38297743 0.5720187
2266 0.5512592 0.5215626
988 0.49411684 0.53341335
510 0.22678038 0.6203127
2327 0.3538718 0.5771928
629 0.066157 0.6668304
1879 0.4806212 0.54502374
556 0.19358358 0.6319913
1403 0.20554632 0.62755144
635 0.03253156 0.6792536
845 -0.2353978 0.7668355
1673 0.025314514 0.6805608
813 0.039972283 0.67734665
651 0.13525374 0.65326506
1379 0.11326447 0.6539929
401 -0.13545695 0.7377352
599 0.06620813 0.6718913
1919 0.5121572 0.52865094
6 0.27468684 0.603019
2339 0.42399812 0.5561645
1597 0.11095367 0.65759647
1184 -0.11257587 0.7212853
644 0.26770785 0.608697
2622 0.2559782 0.61153895
1786 0.3289307 0.5824704
1339 0.07763704 0.6660641
793 -0.12456885 0.72591007
1012 0.39940193 0.5645075
1936 0.39933905 0.5688276
1846 0.38861564 0.5744594
2082 0.53771126 0.5276935
526 0.08959091 0.6640065
1438 0.1412938 0.6478542
531 0.052498117 0.6695055
1429 0.0033060363 0.6945888
984 0.25406927 0.6082885
1041 0.20197853 0.6271788
279 -0.02060462 0.6982183
1185 -0.066074945 0.71315086
2093 0.50675064 0.5335553
2400 0.42213795 0.5567262
1058 0.15243226 0.63584065
305 -0.03902627 0.7038095
1804 0.23454441 0.6184878
1658 0.29761505 0.5963102
1179 0.006060773 0.68796045
451 0.015110708 0.689322
1995 0.27005145 0.60660344
2367 0.5721897 0.5143341
1116 0.017780557 0.68393195
2114 0.38113657 0.56934065
2030 0.21320036 0.6233028
933 0.1143009 0.65731937
1877 0.35133693 0.57937336
2183 0.53525114 0.52643925
2302 0.24951349 0.61213577
2269 0.4371831 0.5562521
1814 0.21383645 0.6245687
513 0.092029095 0.6645897
2113 0.4977958 0.53613186
2134 0.3383836 0.585499
2507 0.7014284 0.47611052
176 0.2471976 0.61451375
1563 0.23031263 0.6163409
2306 0.38850164 0.5688236
2002 0.21869045 0.6243747
2335 0.42728457 0.55936015
880 -0.04591077 0.7023305
2348 0.3592853 0.58176273
1278 0.09125101 0.6643251
551 0.1123083 0.6526127
1974 0.38261548 0.5728205
1659 0.27549675 0.6044813
5 0.2524675 0.61678994
2084 0.3172499 0.58826876
826 -0.055228546 0.70892936
1803 0.3461138 0.5820396
2291 0.25943813 0.6062816
1649 0.18615681 0.63142955
838 0.1171826 0.6497397
1550 0.24322324 0.6123885
2008 0.34893206 0.57998693
575 0.039928477 0.682599
1033 0.25850573 0.6098156
1411 0.13920553 0.6417717
586 0.116217405 0.651409
941 0.2189226 0.6254655
1399 0.38696635 0.5664055
1806 0.45894 0.54441845
1610 0.28469518 0.6029621
2205 0.4952735 0.5341637
1114 0.22263111 0.6268939
1431 -0.02489975 0.69587374
1437 0.057959087 0.66997516
1893 0.45597824 0.54600304
1609 -0.02671497 0.6992356
1968 0.21152374 0.6287435
1880 0.41754878 0.5549735
1051 0.22575442 0.61767405
2316 0.32802543 0.59348124
2375 0.54158646 0.52073354
284 0.05652569 0.6710908
812 0.1858904 0.6292543
280 0.08483071 0.6614925
2519 0.21763492 0.62264496
2286 0.38147208 0.57019377
552 0.3080343 0.58887976
580 -0.20991126 0.76147157
2070 0.39699018 0.5687313
1445 0.3990349 0.56565154
661 0.10126706 0.6532316
1197 -0.16971008 0.74769855
991 0.34615815 0.5850896
2374 0.4427528 0.55225414
1440 0.2949242 0.5989668
2624 0.097013675 0.6551071
2141 0.2867183 0.60374814
2405 0.39762744 0.5650969
1448 0.009324991 0.69088084
980 0.23925188 0.61940205
1594 0.03556898 0.6792562
818 0.18881376 0.63219166
445 -0.026236124 0.7014098
2486 0.55861646 0.5174847
1922 0.4038356 0.5623054
1408 0.14850631 0.6433851
2553 0.3592146 0.58341545
1778 0.21225363 0.62683594
1173 0.052576344 0.67341423
1983 0.24439266 0.61078966
1907 0.096768685 0.66158825
1252 0.11216049 0.6527758
1510 0.07572704 0.6657656
1202 0.07796378 0.66721964
588 0.06760036 0.6673264
1045 0.28056765 0.6004271
2202 0.45199934 0.54717034
659 0.11940549 0.6522496
1553 0.17196168 0.63691586
783 0.11234513 0.6552978
1451 -0.07396548 0.7148752
1910 0.55961853 0.516547
2395 0.40052035 0.56744075
205 0.18295166 0.6331297
1599 0.21103173 0.6291735
1024 0.3065155 0.5943192
2020 0.07778663 0.6678285
1365 0.2625922 0.6128456
797 0.26346308 0.60883754
2410 0.616962 0.50135064
1985 0.0001363483 0.6888082
2372 0.47220194 0.5403192
856 0.27847698 0.6036762
1634 0.1367754 0.64884406
1853 0.41157022 0.5592751
2185 0.5298202 0.5258664
835 0.04494275 0.6742829
1269 -0.08370001 0.719473
2199 0.47178444 0.5426379
645 0.1671628 0.6374883
2288 0.29329646 0.5957509
2060 0.43985394 0.558462
2061 0.11597647 0.6552739
273 0.14985499 0.6481914
808 -0.015081393 0.6987371
853 0.14667986 0.64608335
1253 0.13499132 0.6501691
2180 0.57952785 0.5085771
1775 0.27841076 0.60895735
2173 0.5335176 0.52529705
500 0.0123977 0.6912788
259 0.25312203 0.60941374
1189 -0.023227075 0.7004247
302 -0.012853999 0.6966346
662 0.10196728 0.6667768
2040 0.41785425 0.5613794
1941 0.380997 0.5733474
2034 0.5068936 0.5361971
1661 0.25408614 0.61187774
1161 0.27177963 0.6047522
559 0.014920408 0.6834954
558 0.11301898 0.6534045
2354 0.3629875 0.57996297
2099 0.40586597 0.5644918
914 0.19046804 0.63551784
218 0.27091613 0.6057088
12 0.4054322 0.56276983
1538 0.3365082 0.5848805
1924 0.48307255 0.53932786
2081 0.23150565 0.61634696
303 0.112127066 0.6558057
1870 0.35569245 0.5778758
592 -0.111750916 0.73120403
1604 0.14285982 0.65041196
229 0.06462373 0.6708823
101 0.19411713 0.6295853
1792 0.3626341 0.57658297
2165 0.3747496 0.5750418
2627 0.3005977 0.60288644
157 0.18822297 0.63229537
613 -0.08572265 0.7247419
2013 0.29444346 0.5972763
2182 0.6473462 0.48884243
1966 0.083767444 0.6663058
1026 0.2908254 0.59773123
1935 0.44192177 0.5529823
1783 0.15375471 0.64212626
1346 0.14715657 0.6466285
2126 0.34117734 0.5830729
591 0.13032413 0.65066105
1808 0.31329098 0.59487903
2638 0.46050668 0.545
297 -0.109183595 0.7271846
1631 0.023498423 0.68136287
2062 0.42160037 0.5516533
688 -0.03844057 0.70462525
2353 0.34033844 0.5798982
621 -0.14557663 0.7386117
1616 0.1754136 0.6331645
2515 0.24414729 0.6187427
2623 0.15278907 0.6467213
488 0.05663401 0.66988236
1979 0.41507295 0.5634051
2345 0.6457899 0.48804462
2357 0.26436207 0.61197436
1061 0.088702105 0.6634191
2137 0.42619264 0.5564465
1667 0.32041976 0.58804417
2022 0.34992144 0.5863365
1923 0.43825805 0.5543989
2625 0.3459233 0.58224016
930 0.06430183 0.67261213
1057 0.1644902 0.6366214
943 0.1861852 0.62995183
1067 0.37023887 0.57275367
1888 0.2798156 0.60168904
238 0.10726932 0.66291285
1641 0.24169119 0.6133682
1536 0.32953346 0.58514935
1921 0.3007452 0.5994114
1894 0.4583671 0.55084795
837 -0.12805498 0.72960174
102 0.22789216 0.61713654
875 -0.054042548 0.70569235
2392 0.497362 0.5394383
322 0.14011313 0.64952135
2117 0.25885016 0.6112926
872 0.050758693 0.6814249
1297 0.21756358 0.62729794
2325 0.4915896 0.54081506
925 0.28838184 0.60347986
1052 0.33447456 0.5822801
2370 0.5070472 0.53082424
1126 0.37838396 0.57032025
1626 0.15941352 0.6376771
1008 0.41808403 0.5563323
2383 0.20428494 0.62493116
815 -0.1660574 0.74316627
1139 0.22474368 0.6164386
2010 0.19303048 0.63453686
1251 0.11248593 0.65435505
433 -0.0012084534 0.69304496
1955 0.22232127 0.6233911
1344 0.07241225 0.6708777
1170 -7.822028e-05 0.6892688
1203 0.096472144 0.66011685
851 0.19319513 0.63490474
2586 0.24556386 0.6144208
1074 0.43623662 0.55329555
1499 0.15151961 0.6439192
1171 0.09958787 0.6589914
1105 0.10995959 0.652869
2042 0.44650123 0.5482647
2095 0.5235204 0.5265251
1601 0.22068052 0.6208126
2191 0.5432055 0.52515864
1991 0.270911 0.6049218
550 0.072876155 0.6601103
985 0.33709994 0.58805734
2330 0.565789 0.5163513
2171 0.4214451 0.56494325
1407 0.08696002 0.66501915
498 0.1200553 0.6569592
1949 0.3838799 0.5747668
1183 -0.05596579 0.71583194
1423 0.046603754 0.6803189
822 -0.04248771 0.7052138
1566 0.012995808 0.69114244
1615 0.10930145 0.66274405
1883 0.26128623 0.613049
2394 0.44070828 0.5536657
248 0.398495 0.566508
2584 0.41667 0.56124794
75 0.23652211 0.6169568
1929 0.3599538 0.5781919
1670 0.18840572 0.6308042
2104 0.5337004 0.5243924
1770 0.21001369 0.625539
2153 0.18420783 0.6333328
2369 0.60256976 0.50176597
1868 0.38221917 0.5731413
66 0.38662922 0.5739291
1162 0.21471635 0.6260007
2326 0.43257624 0.5529542
2164 0.38719663 0.5732485
208 -0.015417437 0.6974494
1825 0.1266319 0.6517411
1311 0.18243879 0.63517946
2329 0.55504423 0.51902395
2003 0.28418538 0.5957509
2337 0.2982603 0.6031968
98 0.26819164 0.6035692
518 0.08840885 0.6631018
2280 0.5125865 0.52798903
791 -0.09620592 0.7195119
992 0.36929348 0.5711325
1138 0.5147289 0.5253226
1978 0.41696897 0.5591074
1235 -0.0853605 0.71853065
1498 0.16735438 0.6418324
1906 0.30589953 0.5918423
275 0.11479438 0.6629292
525 0.06552181 0.663067
149 0.11582976 0.65937066
2271 0.45511818 0.5451103
1620 0.120483495 0.6574631
792 -0.13870746 0.73846954
1920 0.52937543 0.5291474
2308 0.26026478 0.61045617
2028 0.1548081 0.6427969
997 0.33253205 0.5839529
45 0.23687549 0.6187665
288 0.04130619 0.6738743
2019 0.24779136 0.61139625
1858 0.5598309 0.5225557
1632 -0.098894894 0.72309816
1889 0.38494202 0.5650091
2648 0.28860787 0.59842795
1660 0.14494297 0.6408129
1938 0.46386266 0.54842687
219 0.03625237 0.68391985
2317 0.36540267 0.57582736
117 0.12226995 0.65166694
450 -0.108679295 0.72697824
1016 0.22282909 0.6183863
1081 0.40158477 0.5674138
335 -0.11305138 0.72807276
1003 0.3011175 0.5957729
96 0.40125287 0.56739956
1961 0.17112286 0.6370399
2230 0.47616982 0.5390949
179 0.24715798 0.6127748
2201 0.4705876 0.5426109
1785 0.14192677 0.6476214
2015 0.25294277 0.6099237
946 0.1774749 0.63775104
2035 0.04499833 0.673357
2285 0.490805 0.54503816
30 0.4356454 0.55818903
294 0.053173438 0.6772597
1909 0.24433824 0.61208713
2318 0.29402372 0.60368156
1590 0.15274686 0.64519894
1665 0.24776135 0.6134601
2233 0.52454025 0.52771866
2136 0.5049158 0.53554904
1771 0.18056035 0.63502306
1071 0.488128 0.53965074
63 0.3650647 0.58184624
986 0.29103518 0.6001281
116 0.02442966 0.6865226
1248 0.009179568 0.69028103
1421 0.028466154 0.6808683
1035 0.36774746 0.57375306
1988 0.22197635 0.6261006
125 0.44527525 0.5530438
2203 0.52190375 0.53037596
2175 0.40567824 0.5648051
1210 -0.08930856 0.71985203
569 -0.054124616 0.7083622
2495 0.5385146 0.51815987
1646 0.09745749 0.65939707
2341 0.39430287 0.5683443
2336 0.48436624 0.5382672
2150 0.40033188 0.56306535
1272 0.12227975 0.6461566
147 0.2680887 0.60520506
529 0.13003524 0.650041
606 -0.25170225 0.7705858
1578 0.14312688 0.6521156
2641 0.39453113 0.571864
1742 0.2844502 0.600767
188 0.14089711 0.64815044
2635 0.44627547 0.5482871
1040 0.30870536 0.5993793
1103 0.11298584 0.65389836
304 -0.043690782 0.7041081
1094 0.39616856 0.56759673
1676 0.015025953 0.6875911
1131 0.23513484 0.6099944
1959 0.24397944 0.6132976
1576 0.035493545 0.6774091
908 -0.00028699645 0.69519794
870 -0.015634362 0.69125736
564 -0.1258847 0.73338354
2258 0.45425677 0.55101436
1509 0.06070738 0.6679062
1387 0.05341719 0.6689994
1902 0.32958996 0.589419
2649 0.5834941 0.51047784
1575 0.08441727 0.66119033
2292 0.23813093 0.6151868
1835 0.121420525 0.6554494
2053 0.50230426 0.53370035
598 -0.01009327 0.6973628
691 -0.09878961 0.72129065
539 0.24009891 0.61678904
2145 0.38677517 0.5648122
1068 0.3496687 0.57992774
1784 0.14924188 0.6380249
1999 0.29300436 0.5983888
2038 0.34100613 0.58567786
1382 0.28429192 0.6013729
2115 0.3773236 0.5748938
1551 0.22326176 0.6184726
160 0.05813138 0.67991066
180 0.14040977 0.6499887
1556 0.25029135 0.62023985
2121 0.24943048 0.61151505
175 0.39483535 0.57147557
2143 0.40081728 0.5633394
291 0.09936797 0.6600385
655 0.14468977 0.64157474
615 0.09358807 0.66241354
1911 0.42711183 0.55591154
243 0.21537791 0.6245329
2125 0.2857285 0.60122
2321 0.39081132 0.56915474
658 -0.107443064 0.72352976
1353 0.13005686 0.65277946
2069 0.3774475 0.5736579
64 0.17376661 0.6332504
2128 0.39098883 0.5721696
1801 0.4941714 0.53764796
323 0.004375589 0.6927307
1704 0.23128071 0.6185875
1624 0.26996893 0.60915977
2322 0.52616495 0.5252642
809 0.044334203 0.67844474
2068 0.42886615 0.5518659
2379 0.5116699 0.529237
2396 0.26466492 0.607443
1612 0.15450747 0.6384861
805 0.11906164 0.65696746
1385 0.40580845 0.5610728
1537 0.22388016 0.6161715
2523 0.3560586 0.5798697
614 -0.1586371 0.74297273
877 -0.1111731 0.733595
435 -0.0549533 0.7053109
2186 0.48321602 0.5370532
519 -0.04085067 0.7068803
823 -0.00024045951 0.6879215
68 0.3215692 0.5938393
1702 0.07611399 0.66436607
632 0.20774989 0.629307
1836 0.31526843 0.59139943
2550 0.22463778 0.6214266
2356 0.13543919 0.64809847
1525 0.1929977 0.63351
866 -0.12572987 0.7322741
2514 0.30833334 0.59398067
622 0.15924183 0.64538944
2272 0.3036065 0.59245574
1427 -0.0535961 0.70612293
1069 0.4300459 0.5581536
1776 0.22914378 0.61634696
2417 0.48908845 0.54218835
1023 0.44260973 0.55058
2343 0.42302516 0.5584371
2287 0.3721787 0.5694245
1605 0.20760596 0.62546647
1913 0.3879304 0.5680414
1627 0.13891608 0.6473253
1672 0.163666 0.63730824
2502 0.4214139 0.56150156
315 0.11398538 0.6568865
1969 0.1869423 0.6290038
256 0.16588587 0.63874567
50 0.31012666 0.5911992
648 0.1145941 0.653175
1886 0.4252391 0.55944234
548 0.32986706 0.5880325
2097 0.42296967 0.55297434
1433 0.20020218 0.6282549
1090 0.47472984 0.5385712
1832 0.104517296 0.6538097
1872 0.47323725 0.5487579
1876 0.39004996 0.565013
1130 0.1921051 0.63086534
2132 0.5333763 0.525583
1640 0.23462632 0.61532164
206 0.14640185 0.6429004
1925 0.16876303 0.63893396
59 0.46364424 0.54253703
1565 0.25313768 0.6126602
1515 0.24293019 0.60706896
2102 0.4522998 0.5421906
2157 0.48466432 0.5393015
2072 0.5885027 0.50858134
2000 0.44355696 0.5530389
636 0.13607305 0.6468371
873 0.120066874 0.6553933
1873 0.6339734 0.49890867
2639 0.54084724 0.5230323
232 -0.003006422 0.69070727
282 -0.016408226 0.69415253
553 0.22549725 0.6177582
143 0.22030912 0.6264488
1428 -0.030343698 0.69884354
1073 0.309756 0.5918814
903 0.03314913 0.6755451
975 0.23396318 0.6136826
607 -0.11941919 0.7282645
2630 0.4631659 0.5476761
2613 0.16203389 0.6364311
2076 0.40846825 0.5680721
574 -0.00047626437 0.6955634
1178 0.008937003 0.6909519
2049 0.43741617 0.55452955
889 -0.053837754 0.70706105
260 0.114289865 0.6563283
2497 0.45517 0.54969555
2556 0.3262265 0.5894042
1971 0.20708962 0.6283467
1869 0.47356868 0.5401558
1794 0.1892878 0.63206375
2105 0.30248186 0.5964732
2340 0.3975607 0.5645695
565 0.026547503 0.68228835
2359 0.30854338 0.5968828
2646 0.70424944 0.47224265
2167 0.4971239 0.53287286
2079 0.5672079 0.51769555
312 0.10196133 0.65942466
836 -0.048632905 0.7064996
478 -0.03328026 0.70258254
2091 0.51816505 0.5264426
840 -0.10137922 0.7213397
1915 0.29025677 0.59976447
1568 0.15956682 0.63824415
2111 0.50618243 0.53144795
1850 0.3616782 0.57732654
267 0.2933209 0.5978861
1582 0.14540493 0.6423456
2360 0.28539467 0.6007274
1517 0.1582816 0.6427583
1967 0.29991797 0.595562
2398 0.2969266 0.6003072
1242 -0.23856609 0.76942986
863 0.04565525 0.68353
487 0.08719256 0.6666613
2226 0.501863 0.53865564
900 -0.12679648 0.7302169
538 0.108276814 0.6577875
241 0.207337 0.6257211
100 0.20897482 0.62647396
207 0.05796049 0.6721837
2160 0.21682137 0.6231391
1511 -0.1663346 0.7448777
236 0.3705815 0.5689252
1250 0.0825023 0.65697557
1426 0.067527585 0.6690895
226 -0.038385026 0.70681
1887 0.28049764 0.6037888
907 -0.20043243 0.75592786
2358 0.31198215 0.5960443
2056 0.23875591 0.6193956
1849 0.26389295 0.60743207
2583 0.35305512 0.5856552
514 -0.033487715 0.6994085
456 0.020811034 0.683041
1120 0.22940585 0.61912555
1142 0.24321397 0.6141133
652 -0.08880184 0.7233412
504 0.3409796 0.58654034
2275 0.50039643 0.5328334
1046 0.3437588 0.5861648
972 0.28989625 0.60120267
1416 0.15499535 0.64472246
1736 -0.0950789 0.72312903
890 0.019301226 0.6862804
1552 0.17936936 0.63543475
2373 0.4879278 0.5403409
1863 0.32853827 0.5917705
1182 0.0055257534 0.6879515
2628 0.31324798 0.5922358
1782 0.25123045 0.6140482
54 0.27559948 0.6048496
2501 0.45557836 0.5514416
1273 0.015727513 0.68540555
313 0.053586606 0.6725229
2399 0.44144544 0.5563728
1256 0.43982288 0.5496702
2077 0.5993288 0.5014432
1851 0.38227114 0.5701613
1520 0.09988465 0.6605361
1084 0.27278876 0.6056328
2401 0.46619558 0.5419388
121 0.122866526 0.65567404
1506 -0.041338563 0.70209295
155 0.032433625 0.68027383
2621 0.43993232 0.55480015
1070 0.31326234 0.5935091
2048 0.5056542 0.5346031
90 0.22030942 0.6244845
1914 0.5283969 0.52781343
2668 0.5862431 0.51153123
1516 -0.016015764 0.69808066
2413 0.6148558 0.49638253
1592 0.23154797 0.6198668
2261 0.3510209 0.5777663
2328 0.18433231 0.63518786
2518 0.44691217 0.5550744
1570 0.08643761 0.6654815
996 0.36227098 0.57936156
1662 0.17488925 0.6337582
341 0.010086918 0.68871325
1706 0.04552632 0.675229
582 -0.14539489 0.738361
1810 0.3566562 0.5816714
2389 0.4297736 0.56124914
2592 0.43502873 0.5537158
1960 0.30590782 0.59342873
2237 0.46918383 0.54868644
596 -0.082163066 0.72079855
2277 0.28563824 0.5977094
444 0.11818404 0.65572864
7 0.29382592 0.5970789
954 0.31843442 0.586548
165 0.28972358 0.60034764
1755 0.117356144 0.6542878
1004 0.35526475 0.5889807
2295 0.26473653 0.6091383
520 -0.0777181 0.7173026
324 -0.06520652 0.71579593
665 -0.12519276 0.73563206
609 0.027570736 0.68247837
557 0.2484221 0.61620146
2106 0.42559734 0.55796134
523 0.15512434 0.64494115
2046 0.4004641 0.5664204
690 -0.03649577 0.70360893
2388 0.39459336 0.56727856
2342 0.49659774 0.5354203
800 -0.02896236 0.69268036
585 -0.013373821 0.6974881
1962 0.14197008 0.6497451
1244 -0.05594557 0.71004564
1591 0.02563549 0.69002956
839 -0.079743505 0.72652125
499 0.13461478 0.6470939
1723 0.21277124 0.62431943
882 0.09202152 0.66205925
2588 0.26751384 0.6072363
1695 0.13893993 0.64319044
122 0.0919114 0.66452014
128 0.19278394 0.62540615
2131 0.2799897 0.60737437
2004 0.27580938 0.6000377
1718 0.13587989 0.64541477
2274 0.38883755 0.57312226
2303 0.24847619 0.6113525
620 -0.015834766 0.69411236
541 0.011669252 0.6848637
2047 0.45533156 0.5454525
1992 0.4552146 0.54906595
1639 0.12163201 0.65455806
1864 0.458418 0.5509107
2155 0.1867031 0.6296309
1038 0.44824222 0.5507001
2384 0.3552566 0.576078
1737 0.17039113 0.63754237
2200 0.3811136 0.5756498
99 0.27475968 0.6006394
1475 0.04034894 0.6762853
1011 0.43463266 0.5576507
2416 0.5948559 0.5054087
2017 0.21974416 0.628382
1854 0.21669379 0.6236551
589 -0.06013442 0.7118053
1957 0.26503858 0.60359424
1075 0.40216878 0.5641581
2284 0.29816532 0.5993052
2088 0.5874792 0.5065297
1464 -0.0019111336 0.68745357
2265 0.34567043 0.58989793
966 0.3704614 0.5705434
2415 0.5288476 0.52885586
1940 0.32888123 0.5894933
1030 0.381293 0.5689944
432 -0.11493228 0.72708696
33 0.30561692 0.59156394
1819 0.18660454 0.633446
2414 0.5666804 0.5148421
1222 -0.031340588 0.6973161
1228 -0.035666425 0.70155805
320 0.052733306 0.67347574
1315 0.24067283 0.6118522
1577 0.19279937 0.6324065
2227 0.51605797 0.534169
2007 0.3340474 0.58390534
1973 0.33667535 0.5851369
1150 0.4774304 0.5414959
1588 0.01837273 0.68243253
2504 0.58781093 0.51482683
2595 0.23317236 0.61922175
1496 -0.00041491856 0.6920681
994 0.2664623 0.6056508
1020 0.27873084 0.5999902
197 0.3215165 0.58746094
230 0.024971519 0.686703
2238 0.48877954 0.54314804
187 0.1668425 0.6411452
1954 0.22358684 0.62353665
507 0.06733135 0.6708782
881 -0.095013484 0.7257547
60 0.48208717 0.5365148
164 0.21335132 0.6263999
771 -0.030677587 0.7048709
883 0.09782994 0.66393864
334 -0.1815003 0.7494718
571 0.03088541 0.6788041
584 -0.15806928 0.7403572
245 0.015852226 0.6906271
2112 0.38845226 0.5650557
1654 0.16700785 0.6386397
640 0.24864183 0.6113538
641 0.10942544 0.6577554
476 -0.1018528 0.72539127
1195 -0.2925604 0.7832262
2055 0.29438707 0.6000658
1800 0.476317 0.54346156
395 -0.110177904 0.72845906
1301 0.3010161 0.60498244
1196 -0.057982385 0.70886284
1926 0.18051139 0.63139737
1453 -0.044332054 0.70291966
237 0.15286346 0.6408831
1006 0.27790627 0.597456
2626 0.40698186 0.56143796
898 -0.015102323 0.69870776
204 0.13923189 0.6501226
1963 0.23583896 0.6135336
2149 0.4015289 0.56364685
2176 0.35856095 0.5793197
2262 0.4953127 0.5376357
332 -0.266624 0.7833893
511 0.14229947 0.64419127
2619 0.301767 0.596454
201 0.1751307 0.63572717
1714 0.13927971 0.6542641
1485 0.001146949 0.6855085
1984 0.2554954 0.60762423
2122 0.32191855 0.5906443
213 0.07645639 0.6656333
2064 0.54026014 0.5212011
2052 0.54401344 0.5179463
437 0.18057285 0.62563604
642 0.19279587 0.63201016
287 0.13942938 0.6455363
2235 0.42365935 0.5607912
650 0.18593344 0.63109326
112 0.1995369 0.6278591
489 -0.05412789 0.71012133
1027 0.3182866 0.592918
1619 0.27996662 0.60072255
1007 0.4021424 0.56813526
74 0.25492862 0.61134565
209 0.19083697 0.6325429
319 0.039294913 0.67917436
2138 0.3540671 0.5815677
2174 0.47455597 0.5409811
1532 0.13793963 0.648969
2036 0.12316802 0.6563541
88 0.016352586 0.6874583
545 0.2232609 0.6179438
2192 0.45642176 0.5468043
293 0.14470004 0.64627635
2500 0.5088279 0.5328957
2073 0.42706615 0.5584674
2118 0.35663393 0.5811044
202 0.19599162 0.6257462
129 0.37259528 0.57638353
1249 -0.032294992 0.6941221
841 -0.07002253 0.7160378
2255 0.6489867 0.48882636
107 0.13177225 0.6482206
1943 0.19844255 0.6262747
2344 0.38809994 0.57095397
1650 0.23985064 0.6146271
455 0.11312412 0.6547384
1976 0.27313432 0.6042211
1217 -0.119329706 0.72891265
235 0.14998488 0.64667815
2564 0.44767734 0.5531855
2323 0.2948317 0.6070908
2499 0.6269253 0.4956967
1997 0.4775411 0.54331654
1724 0.096007824 0.65794826
1975 0.5736349 0.5126364
264 0.14405923 0.6450527
601 -0.04693632 0.70773613
1764 0.14004225 0.6428247
1655 0.13543352 0.6478559
1412 0.023906255 0.6780778
1247 -0.06740946 0.71178526
2116 0.41549665 0.56195474
1820 0.15123822 0.64223754
1765 0.1676518 0.6428441
2509 0.43497673 0.5529636
2402 0.3199405 0.58841276
1648 0.32964677 0.5847357
521 0.050345056 0.67236036
1500 0.16871549 0.6352089
533 0.3381746 0.5862313
2196 0.46923858 0.543714
2382 0.4463908 0.5514536
686 0.0356167 0.68129885
1290 0.10532307 0.6576605
1722 0.10874981 0.6588785
296 -0.016565718 0.69533724
1072 0.47802484 0.5458642
2298 0.47112316 0.54497933
1638 0.19315438 0.6309651
1463 -0.0974061 0.7200127
1223 -0.060129393 0.7059353
2027 0.21201792 0.6294055
92 0.3165643 0.59278643
528 0.16092367 0.64324397
1545 0.28232655 0.60453707
314 0.14778304 0.644154
97 0.25981858 0.60971093
1501 0.047618598 0.675779
2187 0.5390493 0.52818054
1031 0.3263698 0.58644617
2319 0.34456843 0.5823521
780 0.08733682 0.6666275
454 -0.07233508 0.71630067
126 0.28910577 0.5988842
788 0.050483678 0.6753995
581 -0.10628166 0.7241311
2647 0.4931075 0.536164
2273 0.51082754 0.53256464
1838 0.16713092 0.63923305
77 0.3402171 0.5848605
2311 0.056706466 0.6767433
1916 0.29737413 0.6023268
824 -0.13902877 0.73458123
2231 0.2990421 0.5976287
789 -0.09562253 0.7294868
2555 0.27301434 0.6039997
594 -0.044926837 0.70529985
265 0.2226822 0.61954606
159 0.2742852 0.60739285
1141 0.29035538 0.60109574
2194 0.37909237 0.56781983
70 0.3703401 0.57393616
2616 0.43463314 0.5594002
2263 0.27473423 0.60170823
508 0.33078375 0.58793646
2522 0.30603537 0.5931837
1478 -0.10338665 0.7262707
1216 0.030820344 0.6824749
1802 0.22121607 0.6158792
142 0.16936624 0.63907284
2232 0.5085911 0.5328505
1113 0.16675453 0.64299005
2594 0.23560803 0.6141927
2645 0.4437503 0.54511106
1998 0.19899447 0.62207717
2411 0.5122396 0.52570367
80 0.3994868 0.5678655
1205 -0.15794526 0.74295694
1842 0.1973711 0.6295092
1192 0.011601774 0.68629354
258 0.25266224 0.61114675
2580 0.28788644 0.6042111
1901 0.3826927 0.5764801
127 0.21643062 0.6175388
509 0.16118878 0.6427969
1766 0.3033822 0.5960074
1137 0.385978 0.56790066
1417 0.32933235 0.58937895
547 0.1793239 0.63950837
779 -0.11820295 0.7347192
2315 0.20926452 0.6263862
781 0.056697562 0.67335457
431 -0.28144908 0.78699195
1432 -0.06268271 0.7146747
103 0.029875023 0.67897475
274 0.022008162 0.68421555
2409 0.5054042 0.53053594
1134 0.39227805 0.55996525
1781 0.19899116 0.62397695
847 -0.14063846 0.736909
2385 0.2882069 0.60229105
1964 0.28344858 0.5992738
2493 0.41963837 0.5601725
505 0.29983634 0.59445965
2127 0.45784503 0.55180043
2279 0.43953922 0.5569969
196 0.19126388 0.6301804
1674 0.116657466 0.6582216
572 0.021454187 0.6879534
283 -0.018199451 0.7006597
2508 0.57503253 0.51667124
567 -0.17113425 0.7469806
301 0.023427062 0.6768495
619 -0.0007880005 0.6898167
2296 0.4108208 0.56317973
2573 0.304441 0.5973058
2496 0.504051 0.5331771
2140 0.5088092 0.5378018
2618 0.4252861 0.5576347
2338 0.30189255 0.59486574
2516 0.2854424 0.5958346
459 -0.06200542 0.71039915
1558 0.13583955 0.6431476
2637 0.5396866 0.5223025
2005 0.38127843 0.57042223
1573 0.18330637 0.6330798
515 0.13414368 0.6472377
1830 0.2433311 0.6096556
2300 0.1987244 0.63060755
1021 0.30448693 0.5900662
48 0.27575073 0.5970747
832 -0.2969447 0.7835704
610 -0.060657945 0.70756066
522 -0.0439615 0.71483165
1160 0.14255185 0.6500386
1743 0.19329113 0.62777656
124 0.2817024 0.59995914
999 0.5442268 0.51560897
2557 0.2742715 0.6037295
86 0.31160903 0.59328645
89 0.2697662 0.61153436
396 -0.058055248 0.708033
1769 0.39164895 0.5716308
191 0.07841095 0.6653191
821 -0.035772357 0.70473605
227 0.14007927 0.6489187
2206 0.62740666 0.4957839
1912 0.37930936 0.57408905
2144 0.2857875 0.5991639
2169 0.4661277 0.5460024
2100 0.28722304 0.5985682
814 0.021303711 0.6897488
1019 0.4237218 0.5593726
61 0.4387219 0.55309117
295 0.18621467 0.63486665
624 -0.037936732 0.70504
2390 0.28234333 0.6016282
1595 -0.014216888 0.6865901
1557 0.008990202 0.6843913
1939 0.25441533 0.6174695
2267 0.512427 0.5309996
81 0.29448843 0.5989131
1028 0.36656335 0.57654303
2090 0.6208738 0.49821422
2057 0.39468226 0.5678258
1580 0.011469176 0.68121463
2001 0.16549638 0.64571255
2234 0.4816965 0.53879976
281 0.09851356 0.6576323
1236 -0.04676507 0.709596
830 -0.14166966 0.74246913
1861 0.28516316 0.60132
1559 0.022339508 0.6847866
253 0.4575763 0.5469759
862 -0.16007732 0.74454504
150 0.33078378 0.5827864
1834 0.110527985 0.65610534
608 -0.12544061 0.7287016
1461 0.09124318 0.66451377
223 0.26313254 0.6081806
2378 0.37478265 0.5691452
2658 0.44419703 0.54880404
2179 0.52197766 0.53267115
1230 -0.104532614 0.72413003
490 -0.16075821 0.741032
2154 0.4004035 0.56727767
2152 0.38038862 0.5795483
173 0.005753353 0.68445814
2579 0.108344585 0.65299517
2391 0.45252562 0.55515856
1135 0.4333462 0.5589657
255 0.17872949 0.6365969
461 -0.073765874 0.714579
225 0.18151543 0.6324774
2587 0.44863036 0.5513094
605 -0.15373288 0.74229586
330 -0.1665995 0.7442091
1514 -0.016397553 0.6942842
85 0.14909191 0.64995986
540 0.13977955 0.64406246
1104 0.2605162 0.6047107
493 -0.17280427 0.7468363
2282 0.33861756 0.58874756
41 0.31611413 0.59062314
2406 0.41445324 0.5659877
1628 0.26290298 0.60612464
1623 0.051384784 0.67388654
199 0.111571 0.654852
290 0.06255986 0.6739842
2545 0.23119295 0.61894375
308 -0.15508847 0.7433541
2662 0.4711349 0.5422705
10 0.40043443 0.56433207
2293 0.21867937 0.6188787
2094 0.6100785 0.50863063
2026 0.30424428 0.59427977
1422 0.05453069 0.68012774
2331 0.51860577 0.5278597
2177 0.42853248 0.56128067
269 0.025378015 0.6861315
2620 0.38924873 0.5737708
1700 0.18036233 0.6322995
2631 0.47619167 0.5425701
1721 -0.017648604 0.69768703
532 0.052066464 0.6792713
577 -0.10604621 0.7218677
2247 0.664838 0.48947594
611 -0.2649373 0.7787092
2632 0.42363846 0.56163865
1199 -0.10549838 0.72146386
1908 0.33531284 0.582512
1828 0.094198436 0.6564188
2242 0.59175926 0.51265275
2614 0.34104535 0.5820599
1787 0.1928064 0.63289243
989 0.38800105 0.564939
516 0.12031132 0.6574325
2654 0.41650677 0.55881053
182 0.07307939 0.6636873
495 -0.20011513 0.7545892
353 -0.25521353 0.77602
2087 0.47290337 0.5436529
2151 0.4014524 0.5690961
2669 0.48272905 0.540329
576 -0.07269127 0.7123461
517 -0.06041466 0.7119376
987 0.20526136 0.6284822
1862 0.2420247 0.61892426
1688 0.23389846 0.616341
1833 0.29714185 0.596299
2505 0.4386836 0.55625093
2314 0.5416181 0.5215588
2178 0.5034717 0.53505355
1574 0.010786465 0.6816263
1017 0.3662075 0.57296973
183 0.38025483 0.57813233
909 -0.06419889 0.7093041
1221 -0.1280498 0.7364362
1328 0.11938292 0.6548766
560 0.2514188 0.60975015
463 -0.006143056 0.69513327
36 0.27869672 0.5985899
1986 0.23404598 0.6133052
1617 0.050484214 0.67660546
2086 0.37452728 0.57535815
561 0.059498254 0.6712096
537 0.18417333 0.629064
1635 0.13660079 0.6487079
1548 0.41625133 0.56430644
2617 0.20845039 0.6226901
506 0.025103614 0.6824709
1587 0.18365306 0.63200915
2521 0.22336332 0.6234272
2548 0.23279199 0.6194451
1572 0.1489328 0.6458945
834 -0.08048731 0.71507174
95 0.24880059 0.6116106
579 -0.037730373 0.70662576
1633 0.089452274 0.6629209
38 0.27976984 0.6032962
1133 0.22013873 0.62480175
1241 0.171173 0.63359445
2554 0.3747625 0.57368594
405 -0.15190151 0.7404957
843 -0.19099645 0.75257653
2268 0.42875728 0.5561665
2454 0.62257105 0.49578202
53 0.06671087 0.6708127
2448 0.79140776 0.4483157
1685 0.24751136 0.60793495
277 0.15425271 0.6447041
1132 0.3570119 0.5756514
1749 0.071403205 0.66476387
1629 0.23417947 0.6201412
583 0.0012333848 0.6901458
340 -0.1879538 0.7556376
1508 0.10160265 0.6655706
549 -0.0009522284 0.6919734
1452 -0.0020105743 0.69798326
2197 0.42953968 0.5524262
1206 -0.10029022 0.7248529
524 0.13241476 0.64877194
1677 -0.03324702 0.7035007
1519 0.2944855 0.5991061
403 0.031721327 0.678756
2195 0.3228469 0.59082764
2407 0.4856718 0.5371504
1789 0.35892653 0.57662416
252 0.11140429 0.6579609
2667 0.41678083 0.5585707
1726 0.18000163 0.6335546
1824 0.17776394 0.63597167
1621 0.2622862 0.60827094
1581 0.045526467 0.67348117
1025 0.3033782 0.5961972
484 -0.105384454 0.7297268
774 -0.30029553 0.79006195
1793 -0.022141138 0.70171636
1589 0.09522943 0.6609721
390 -0.2930762 0.79187685
2582 0.31752044 0.59301597
2243 0.6356748 0.49928468
472 -0.031402115 0.6982956
105 0.25540462 0.6143241
1425 0.05589204 0.67697823
2506 0.44654205 0.55283976
2240 0.6309982 0.49431646
1708 0.11943877 0.65082544
2473 0.7603415 0.4536025
660 -0.012763712 0.6931825
2108 0.47031865 0.5501173
995 0.25960147 0.6100297
1741 0.095056236 0.66223603
300 0.15263674 0.646295
1430 0.18068998 0.6302814
1745 0.03702347 0.67640793
2665 0.46155232 0.54555136
1822 0.23238447 0.6159214
1896 0.3828787 0.5696623
1079 0.34047556 0.5780776
251 0.32847765 0.5915004
602 -0.0028326483 0.68857837
333 0.09739365 0.65933996
2050 0.507476 0.5348997
1224 -0.21340896 0.7620361
39 0.12155111 0.65425706
2071 0.46678436 0.5484732
1645 0.12431368 0.6491612
1227 -0.06518488 0.7129428
244 0.2815435 0.6045038
1711 0.10931588 0.65108854
220 0.17616199 0.6346152
2299 0.4052275 0.56841636
2245 0.5677771 0.51500916
31 0.37396598 0.56773305
111 0.20673895 0.62393785
1944 0.07475079 0.6675136
1209 -0.060594916 0.7134384
1080 0.2730326 0.60339785
2080 0.41371596 0.5679488
2301 0.23649213 0.6183718
1697 0.14190206 0.64360857
1867 0.407085 0.5628851
1239 0.009276852 0.69359094
829 -0.21538903 0.7583441
2025 0.08082708 0.6685421
2644 0.4485261 0.54880434
216 0.252947 0.6138013
118 0.17841025 0.6388217
398 -0.12335055 0.7308031
311 -0.09242056 0.7164622
1790 0.21782044 0.61939037
2224 0.7117065 0.47626787
1730 0.14975859 0.64321816
141 0.24915923 0.60691154
2569 0.40900514 0.570684
1780 0.21991208 0.6284778
1703 0.19571535 0.63116765
148 0.3694358 0.57448477
2578 0.2588626 0.610257
436 -0.025321215 0.69978404
2051 0.33108178 0.5899071
1865 0.44257703 0.55361706
2198 0.57044274 0.51486313
542 0.29593673 0.5968964
449 -0.22841977 0.76278675
1728 0.19655466 0.6253875
1989 0.21170075 0.6194376
120 0.17422508 0.6351075
69 0.29396367 0.5947824
2598 0.3540786 0.5813124
52 0.23820853 0.6153325
1000 0.3910527 0.5642973
1507 0.08688006 0.66295815
2558 0.38103002 0.5726175
1622 0.20154607 0.6263635
1005 0.3154347 0.5875408
1945 0.36187398 0.58445746
2498 0.39800882 0.566631
1761 0.055764098 0.6786527
2489 0.55355847 0.5217151
849 -0.0070380406 0.689215
1483 -0.11009896 0.72788626
2660 0.57817274 0.5088157
2229 0.35194415 0.5849338
2364 0.23968737 0.6118204
1569 0.25006536 0.6104711
2471 0.638308 0.4993206
2222 0.5607438 0.5156709
1754 0.09957033 0.65552133
1664 0.39440063 0.56257975
878 -0.008718626 0.69268423
1779 0.21140459 0.62211305
2244 0.6861837 0.4793212
434 -0.11435747 0.7295704
2642 0.35240814 0.57984793
1458 -0.022068176 0.6978116
1513 0.054609857 0.6786197
2575 0.26618516 0.61409014
1698 0.14551553 0.64898854
2209 0.601572 0.5059218
2491 0.5693889 0.5116164
1965 0.25325564 0.6115149
339 -0.21076374 0.75652987
404 0.008063344 0.68823355
228 0.22144409 0.6171577
452 -0.15737084 0.74194694
2074 0.5739733 0.5108738
1208 0.11289808 0.6563214
1213 -0.028222604 0.6999064
326 -0.37461415 0.8089057
1435 0.104653485 0.65666556
82 0.25465572 0.6112039
2601 0.2618305 0.60635585
307 -0.17490345 0.75063634
1651 0.20875311 0.6224018
2312 0.3018369 0.5954121
503 0.13171768 0.65353775
497 0.048866842 0.67255265
1215 -0.071194306 0.7169804
2166 0.46763107 0.54022646
1848 0.30607826 0.59462464
1618 0.14791355 0.64013577
224 0.20155956 0.62175566
573 0.05282904 0.6708064
1891 0.4756096 0.5426112
1821 0.10168723 0.65648717
2158 0.31241938 0.59321636
1799 0.10656222 0.6611209
2361 0.19679376 0.62734205
2551 0.27984706 0.5983345
162 0.2856813 0.6080022
2184 0.5953187 0.50671536
393 0.17019832 0.63427365
777 -0.17193761 0.74326766
2225 0.6326017 0.4972483
1729 0.13759108 0.64804715
2065 0.4279055 0.55796593
336 -0.05273519 0.712216
2313 0.23354422 0.6138964
2494 0.38523084 0.5684802
278 0.10456329 0.660768
34 0.298245 0.59428984
1029 0.412863 0.5667058
2228 0.4500985 0.54974866
1715 0.027417243 0.67636585
1503 -0.075136386 0.71744233
536 0.12387263 0.64977115
990 0.43301538 0.55583054
185 0.08668436 0.6605108
2190 0.5744588 0.5190136
1707 0.059205145 0.6720561
17 0.49936298 0.54131645
146 0.24908009 0.61265856
2666 0.42055064 0.5634944
161 0.27893373 0.6044079
184 0.33541313 0.5767499
106 0.19444524 0.6276741
469 -0.15477434 0.73518264
1571 -0.01965113 0.6982395
1805 0.36253822 0.57399654
2018 0.20592046 0.6260777
1240 -0.16714208 0.745731
29 0.3160391 0.5920137
1613 0.2658457 0.60459775
2532 0.1457995 0.64368385
27 0.52192557 0.5259911
2211 0.62138546 0.49241176
2600 0.09514879 0.6612137
153 0.22792768 0.6189342
1696 0.020056056 0.67584515
1434 0.05611309 0.6741293
1826 0.21310256 0.6268589
2168 0.40108782 0.56512696
104 0.15155464 0.6436736
2574 0.24909498 0.6134617
1481 0.08769376 0.6632286
1762 0.12636703 0.65478367
1246 -0.08122748 0.7150151
11 0.36259827 0.57658184
2663 0.407396 0.5610581
1740 0.13984993 0.6480788
2528 0.20651749 0.6262235
776 -0.16861495 0.745268
1816 0.058306936 0.67406195
257 0.37335327 0.576668
1454 0.09640557 0.6626149
94 0.10856416 0.6584975
2075 0.27363053 0.60197014
1466 0.023948085 0.68834037
1701 -0.0015992554 0.68970007
1772 0.08578271 0.6616967
2453 0.529535 0.5280872
1630 0.0029782194 0.69069374
2675 0.52650666 0.5277946
240 0.21278712 0.6276354
2670 0.43477702 0.55578196
2470 0.6542462 0.49147826
901 -0.12684678 0.7311857
1212 -0.11709221 0.7290882
1497 -0.12317407 0.72968984
2424 0.7250487 0.46633178
512 0.0023730046 0.6936863
1583 0.17069513 0.6389694
211 0.13236411 0.6460346
1018 0.4702346 0.5396137
1502 0.19073065 0.6297536
406 -0.035157554 0.7005345
2610 0.50351727 0.54040784
673 -0.36920652 0.81833947
402 0.18031366 0.63593024
394 -0.00072126614 0.6877971
35 0.4417689 0.547572
597 0.07970299 0.66331154
151 0.18668073 0.6336953
492 0.031135004 0.67834145
186 0.15792903 0.6416428
842 -0.070984125 0.70941764
2252 0.716009 0.46785876
337 -0.19835858 0.75319326
1245 -0.03387861 0.7034145
1734 -0.10479532 0.7241579
215 0.094449855 0.6576911
113 0.19714566 0.6303009
663 -0.38580072 0.8214042
1457 0.0037629711 0.69475186
671 -0.3615166 0.8140916
239 0.13788584 0.6433207
158 0.25458694 0.61316645
23 0.26480705 0.6045843
1010 0.23484014 0.6179394
1460 0.013154212 0.68891144
874 -0.06466483 0.705699
1840 0.27036947 0.6095303
1219 -0.06492583 0.7078855
2221 0.60843194 0.50496316
1015 0.3035757 0.59222895
1709 0.27660412 0.5981199
2657 0.57257843 0.51637465
2408 0.47476673 0.5421522
2216 0.8183256 0.44017628
1593 0.16732 0.6396342
1214 -0.15746267 0.7437725
2212 0.47856188 0.5436996
2432 0.4471959 0.54745317
1811 0.25372875 0.6111505
904 -0.20898333 0.7560195
2254 0.6547927 0.48411122
2418 0.60737103 0.5044668
1465 -0.107480615 0.7300906
1014 0.33583513 0.5873965
1680 -0.05766443 0.7064357
590 0.1028595 0.65742856
65 0.2553745 0.6061398
331 -0.13106145 0.7304611
680 -0.11023557 0.7255689
2483 0.64039224 0.49269497
2487 0.60953146 0.5031278
2593 0.3609627 0.58041465
55 0.32756847 0.59115607
1899 0.32173982 0.59144396
2236 0.40534127 0.56629217
568 0.013792575 0.69028765
22 0.48152685 0.53105044
687 -0.32539272 0.7949146
1479 -0.0082932105 0.69431674
1652 -0.014896521 0.690419
306 -0.029358275 0.70563823
679 -0.28419048 0.7810942
1482 -0.038797174 0.7015188
1678 -0.013344511 0.6970649
1238 -0.20366909 0.75162095
462 -0.26071107 0.7746837
2589 0.36804935 0.5764277
2188 0.6365106 0.49421728
1225 -0.026819278 0.6958436
44 0.26644227 0.6078576
1491 -0.23969162 0.7733819
1895 0.47355366 0.543301
2651 0.58542794 0.5123523
1472 -0.11088616 0.7251621
46 0.26492938 0.604438
2549 0.24903496 0.6141079
2661 0.50561225 0.5350985
1813 0.25360015 0.6076721
1878 0.5098646 0.5275054
1220 -0.03583269 0.7048057
1841 0.17949207 0.63957334
1831 0.29154238 0.59899443
1675 0.12048965 0.6553686
109 0.118723825 0.64792114
2534 0.28526402 0.6057066
1078 0.3236317 0.5867547
2643 0.56962067 0.5140488
2468 0.58445394 0.51036304
1022 0.20005672 0.6237768
833 -0.28658053 0.78269804
131 0.27055988 0.6090098
485 -0.052933425 0.70550424
689 -0.2708707 0.7847769
1495 -0.23185879 0.764331
1561 -0.020337872 0.6983921
2546 0.24249285 0.6180132
2223 0.6703428 0.48429042
84 0.27537537 0.60291
203 0.19106779 0.6313785
1653 -0.009340556 0.6941367
869 -0.042450838 0.7077302
2533 0.27448335 0.60021126
2427 0.748549 0.45738342
56 0.2064255 0.62783206
87 0.3474061 0.58184
544 0.2593931 0.61230963
309 0.07160246 0.66954744
464 -0.15351495 0.7434772
234 -0.04812116 0.7091056
2253 0.5919039 0.50348604
2608 0.39039457 0.5665443
400 -0.23724063 0.76856726
144 0.2731812 0.6108505
1076 0.45821115 0.54624623
491 -0.010142177 0.6962204
2634 0.41877785 0.55911946
1760 -0.050661303 0.71035355
2469 0.7033224 0.48256135
57 0.37033948 0.5739287
468 -0.23155919 0.77113193
1562 0.1320132 0.6547848
2109 0.48173752 0.544721
72 0.075651504 0.6677913
2207 0.5600456 0.5157229
2563 0.23113158 0.6219826
775 0.08577939 0.6658066
430 -0.0707092 0.71867573
1710 -0.028385833 0.69856495
1788 0.13510257 0.6552608
2531 0.2092036 0.62293816
2480 0.67822784 0.4829877
2597 0.13789538 0.6499436
1489 -0.019467808 0.6932747
604 -0.23212649 0.7701712
1791 0.23442514 0.615894
24 0.31929547 0.59339803
386 -0.11563669 0.7190804
250 0.22855249 0.61626923
1837 0.20847148 0.6280686
2250 0.6384413 0.4899669
369 -0.13346721 0.73884124
1637 0.08015584 0.65992975
2565 0.20857212 0.62894094
1585 0.024327977 0.68785447
473 -0.26833898 0.7762779
1750 0.0029700655 0.689271
2256 0.6840305 0.48208505
993 0.50348336 0.5385548
1642 0.1008079 0.66105974
2503 0.44796455 0.5502953
271 -0.011958261 0.6917013
83 0.21561241 0.61981994
1713 -0.013475176 0.6959829
242 0.15723585 0.6450978
2264 0.3814379 0.5748564
496 -0.21048675 0.75687855
130 0.29793826 0.605324
2446 0.7489248 0.45866534
1843 0.13791312 0.6481954
1798 0.28586406 0.5998782
408 0.009105693 0.6874438
2650 0.546873 0.5200065
1013 0.3172277 0.58701706
666 -0.36490402 0.8018288
1456 0.20436397 0.62373775
21 0.30768517 0.5965109
1493 0.117952935 0.65546393
26 0.2518741 0.61300707
1731 0.06252362 0.6723451
1732 0.092865676 0.6585818
2664 0.565664 0.51405925
123 0.23109214 0.61848634
2604 0.3944712 0.570581
1759 0.15362184 0.6400171
2472 0.44875133 0.54918313
338 -0.26286742 0.77763134
483 0.029429529 0.684604
139 0.25184274 0.60892713
453 -0.081119016 0.7249418
2251 0.6614093 0.4893372
2376 0.44436195 0.551523
2596 0.3276063 0.5864456
8 0.38388285 0.5707885
321 0.0057802717 0.6907675
2214 0.72722095 0.46595812
457 0.04520008 0.6736947
2605 0.21245743 0.6266183
1687 0.087596245 0.66341287
327 -0.044835053 0.70028716
2535 0.35242197 0.5783933
570 -0.06644883 0.71154666
1480 -0.041431088 0.7051514
2490 0.49877217 0.53813267
2450 0.6846177 0.47884887
2435 0.5392056 0.5234039
1473 -0.11169961 0.73002416
475 -0.07950547 0.7180121
1243 -0.054820977 0.7082606
2484 0.65254045 0.4902329
1486 0.20288122 0.62644595
2611 0.2998514 0.59701747
13 0.38090342 0.57547134
638 0.259115 0.61039406
2241 0.7327982 0.46849957
78 0.2915248 0.598143
200 0.21653499 0.6234894
2591 0.31119975 0.5935783
1725 0.083191045 0.66152006
2612 0.37151855 0.5774526
1584 -0.019001808 0.69549495
18 0.43327254 0.55188334
367 -0.21387097 0.76170844
1474 -0.019155618 0.7016822
318 0.008311601 0.6851912
2181 0.4908658 0.54614365
2290 0.42312807 0.5606418
32 0.3605019 0.581973
329 -0.08663646 0.7206395
1746 0.008370141 0.689606
1694 -0.17151512 0.7440721
2423 0.5330052 0.52418655
389 -0.046340708 0.70598996
2433 0.6627117 0.48625535
1492 0.0373871 0.6771786
1681 0.05137161 0.6738986
1237 -0.039632358 0.70139885
1897 0.36369726 0.5752829
1484 -0.095888786 0.7179401
2526 0.29130593 0.59149176
1598 0.16051733 0.638607
1226 -0.061799105 0.7117809
246 0.17684166 0.6309803
1193 -0.100146644 0.7207752
1487 0.040944524 0.6796136
28 0.1910728 0.6336717
2283 0.28873652 0.6053079
138 0.45252675 0.5502666
47 0.2846891 0.59706783
2559 0.16086107 0.6388629
1477 -0.18136297 0.74790096
2603 0.25395185 0.60942423
438 -0.16125573 0.74692124
1077 0.3775501 0.57280743
1494 -0.048851673 0.70433193
316 -0.14334579 0.7370057
91 0.25898936 0.6101655
2485 0.50244933 0.53261983
2445 0.8062817 0.43992358
447 0.0045932094 0.69263923
440 -0.24448942 0.76565695
1733 0.11626437 0.645569
387 0.007894993 0.6889403
1716 0.13390513 0.64542294
2307 0.3333478 0.58657557
1218 -0.13280112 0.73326576
1001 0.35020632 0.5782418
15 0.3466249 0.5769201
1279 0.009076143 0.6910551
672 -0.09905884 0.726638
1586 0.0556222 0.67351884
474 -0.11300695 0.72988546
2208 0.6948471 0.47385532
299 0.116623044 0.6572127
2459 0.5665903 0.51857215
1194 0.02610809 0.6879151
247 0.31287703 0.5944669
479 -0.11968807 0.73090935
1951 0.33441627 0.58304745
114 0.3302959 0.5913918
442 -0.11660488 0.7344854
2449 0.47415423 0.54815274
684 -0.06589863 0.70977515
110 0.14636278 0.6483756
152 0.24493632 0.6099029
14 0.41665578 0.5603525
1009 0.42536235 0.55452836
1686 0.055165745 0.66867447
2248 0.62773114 0.4975575
76 0.27777866 0.6051753
2246 0.73575306 0.4656866
385 -0.23394269 0.7712365
1758 0.12233948 0.6496605
566 -0.24262197 0.767481
2334 0.6654251 0.48697966
407 0.015270575 0.68796927
42 0.26615068 0.60826105
1712 -0.015649615 0.6941505
1636 0.034398887 0.6801215
2615 0.43846488 0.5559112
1735 0.028105546 0.6810418
298 0.22624476 0.6206441
1207 -0.2555619 0.7668359
364 -0.32159063 0.80245185
119 0.2536059 0.607415
481 -0.12386337 0.73625356
1490 0.10547243 0.6626401
2479 0.6717105 0.48005298
79 0.31509444 0.59674895
482 0.028169231 0.6768172
2419 0.72122973 0.46470892
272 0.11841931 0.65316147
20 0.54467654 0.52745867
416 -0.28380558 0.7835897
71 0.24721079 0.6149631
1699 0.14171065 0.6447478
480 -0.34527576 0.8016714
373 -0.27168888 0.7775226
384 -0.15390246 0.74254555
2257 0.58185 0.5130344
1767 0.20832019 0.6186096
625 0.07262674 0.6700903
2431 0.7508055 0.46627435
354 -0.24332818 0.770831
43 0.3811461 0.57361984
1231 -0.2017213 0.75699985
58 0.2812052 0.59950936
2536 0.17060272 0.63867754
2429 0.6457171 0.49110615
156 0.15048096 0.6479422
2204 0.6401455 0.48837516
325 -0.053152338 0.71146244
1756 0.1168022 0.6520392
1691 -0.1435836 0.7340901
2562 0.22524111 0.6197954
132 0.116985254 0.6512214
51 0.33177322 0.5867666
676 -0.1392944 0.73375136
612 -0.2920461 0.79456073
773 -0.38468435 0.8149799
40 0.32287166 0.58899033
1768 0.2686084 0.60626334
2530 0.37733006 0.5700644
108 0.17900102 0.63445854
2537 0.20877199 0.63059366
603 -0.2218642 0.76497865
1611 0.09597436 0.66579485
543 0.14865021 0.6462566
1829 0.15026665 0.641763
2529 0.379347 0.57322913
372 -0.25215936 0.77296364
2544 0.20627144 0.6246819
2213 0.5976692 0.50795877
25 0.3462093 0.5841762
2430 0.7185422 0.47321963
1504 0.014319537 0.6904437
342 -0.15709558 0.73738694
998 0.21047217 0.6229169
2362 0.25692266 0.6058086
1229 0.11613322 0.65743434
9 0.4976265 0.5315183
2571 0.41772327 0.5569173
2525 0.4498685 0.54758865
198 0.39881423 0.5738537
446 -0.17626481 0.74610037
2572 0.3344103 0.5890205
328 -0.10689874 0.73000765
1812 0.16148198 0.6352001
2538 0.2668713 0.60613555
441 -0.27382797 0.7821186
1815 0.17312728 0.6309255
2426 0.58088636 0.50739944
546 0.1566947 0.63813573
772 -0.30578804 0.7875121
1763 0.2504141 0.60759795
2653 0.6084733 0.5008853
2412 0.60159826 0.50242674
2566 0.18370444 0.63779527
37 0.33230868 0.58985364
675 -0.1302708 0.7412054
1717 0.13236001 0.64889276
374 -0.2821848 0.7863732
140 0.42533433 0.55907
1752 0.097748585 0.6557245
1467 0.033100307 0.67994237
2602 0.37900454 0.57587874
1468 -0.047250163 0.70797783
494 -0.3051737 0.7934401
2607 0.3564338 0.57724714
1753 0.15284218 0.63858145
2457 0.6056126 0.50509703
73 0.047198065 0.6743273
1689 0.0036972694 0.6882382
2467 0.7509897 0.45509258
190 0.3235651 0.5918755
2636 0.6609577 0.48854485
2444 0.8793589 0.42648244
1455 0.10329038 0.6612605
1512 0.11205122 0.6510536
2539 0.30946815 0.59578156
2442 0.6411425 0.48742265
1459 -0.0052300286 0.6918969
458 -0.16858158 0.74109733
1748 0.15355982 0.6362107
2552 0.28266764 0.6008294
2455 0.64352834 0.49340528
1684 0.23755042 0.6129365
1751 0.17102978 0.63661546
399 0.08895804 0.66799253
16 0.34913477 0.579887
1757 0.018087886 0.6825058
154 0.1447167 0.6397704
2567 0.17522466 0.640084
2465 0.65694296 0.48762965
210 0.08244478 0.6663348
466 -0.29851595 0.7917607
2547 0.21058129 0.6235001
2438 0.6654649 0.4867121
1817 0.22592561 0.62473315
414 -0.26949096 0.7795325
1283 -0.01192981 0.69302875
292 0.16707851 0.6435604
289 0.1252346 0.65153027
214 0.18988809 0.6291094
2464 0.63004684 0.49608403
2249 0.6448663 0.4960266
4 0.1924096 0.63254535
2527 0.26651415 0.61022264
682 -0.31551826 0.7939832
2463 0.7079216 0.46975264
2560 0.32118988 0.59489745
2599 0.3020459 0.5963738
133 0.3487942 0.5868635
424 -0.2349106 0.76251024
377 -0.27944678 0.7784338
2474 0.43378818 0.5609469
356 -0.38342875 0.81366044
1476 -0.21402454 0.7609111
2447 0.5779474 0.5146348
397 0.009904099 0.6864958
62 0.25697657 0.6110277
381 -0.23317455 0.76846635
2439 0.68894243 0.47974822
2481 0.57444876 0.5047565
1488 -0.056248415 0.7078248
1470 -0.082700536 0.7212709
2568 0.2953961 0.60427135
2456 0.65619504 0.48319522
382 -0.21614005 0.763657
2434 0.48256224 0.53662646
189 0.23430967 0.61805403
439 -0.27657774 0.7814182
2577 0.3350292 0.5899549
49 0.23328458 0.61640304
2217 0.64312375 0.49160787
600 -0.15022606 0.7343989
667 -0.073787816 0.71538687
2482 0.5890005 0.51076156
460 -0.2752092 0.7889989
2576 0.0598438 0.66444325
2421 0.64434904 0.49002352
93 0.2925871 0.5964368
760 -0.2737379 0.7802111
429 -0.34493282 0.8012146
2458 0.65580493 0.48829687
2478 0.5657033 0.515627
254 0.27744943 0.5993582
677 -0.22520073 0.7586773
2218 0.7215846 0.46875066
674 -0.077928394 0.7173979
2570 0.35179535 0.580395
448 -0.09852833 0.7286508
2677 0.5474211 0.51997924
770 -0.13856763 0.7344141
2210 0.6308358 0.4922481
2542 0.17274287 0.63192576
1818 0.049177535 0.6754893
477 -0.31914476 0.79699373
2220 0.39857474 0.562253
2659 0.6189187 0.4994133
345 -0.36198208 0.812343
428 -0.16830432 0.75128573
1471 -0.020035269 0.69514865
370 -0.3240717 0.7971137
2219 0.5469307 0.5234028
380 -0.40504304 0.82289094
2606 0.32446 0.59428996
1683 0.19518591 0.6312324
1823 0.18482183 0.63400733
1579 0.32568142 0.58683413
1643 -0.10289339 0.72253364
420 -0.32772073 0.7943969
1232 -0.17590106 0.7498578
422 -0.45691258 0.8458481
2461 0.65287477 0.4873019
2422 0.67724615 0.479651
1233 -0.1737873 0.75163496
678 -0.4336437 0.8349451
427 -0.21021076 0.759784
231 -0.04769414 0.70556533
137 0.23231138 0.61793256
1469 -0.14595251 0.7389076
413 -0.19250381 0.7522727
2609 0.35003963 0.5800684
2476 0.745062 0.45641768
2441 0.73217136 0.46363798
664 -0.01711676 0.6938347
423 -0.2580213 0.7719412
1211 -0.0505236 0.7024475
2239 0.70427984 0.4710482
388 -0.19019555 0.7555208
1747 0.16612154 0.63927776
1679 0.053093903 0.6712023
467 -0.16139083 0.73894805
626 0.18050848 0.63144696
357 -0.36992705 0.81023926
1234 -0.01236977 0.69177324
670 -0.40690386 0.82390493
1739 0.15704192 0.6415459
1693 -0.023175541 0.6970233
136 0.37282342 0.5731136
371 -0.31061542 0.7882388
343 -0.10484081 0.72605205
470 -0.084470175 0.72055435
681 -0.45407188 0.8341084
669 -0.30402008 0.7967309
2543 0.34218445 0.5834184
366 -0.12823924 0.7301344
2215 0.6273064 0.49333152
415 -0.09575623 0.7256821
2428 0.48578137 0.53891975
383 -0.29315567 0.7860496
347 -0.24277931 0.77311677
409 -0.1364095 0.7356393
443 -0.1860338 0.74917424
378 -0.35729563 0.81199193
134 0.394453 0.57395756
2425 0.74429685 0.4600072
349 -0.47014186 0.84128016
578 -0.093853526 0.71691614
426 -0.4193639 0.8333019
2443 0.7588259 0.45587373
1505 0.0076421467 0.68970734
421 -0.1466527 0.7416398
351 -0.38797623 0.8131989
2189 0.6851181 0.48285285
2462 0.75102913 0.4606588
685 -0.11732624 0.7250337
2460 0.7786232 0.44350952
368 -0.25293192 0.7757362
2440 0.73832065 0.46214652
365 -0.40167192 0.8220551
1690 0.18624353 0.6305505
376 -0.30879757 0.7904639
363 -0.31008768 0.7981321
2466 0.71309954 0.46738657
2475 0.73075217 0.4715455
375 -0.26147127 0.7800118
2436 0.78334147 0.45017657
2420 0.8264518 0.43497357
379 -0.2985179 0.7887575
310 -0.25503883 0.7712249
471 -0.08715257 0.7219795
412 -0.22474849 0.76389134
359 -0.32056898 0.79591405
668 -0.35745266 0.80477494
358 -0.26084885 0.7746948
344 -0.2450816 0.7683599
769 -0.20031945 0.7543875
1727 0.30279803 0.5967686
2540 0.21506602 0.6215842
346 -0.03474287 0.70208377
1738 0.10502071 0.65962785
1682 -0.046087284 0.7056584
135 0.33022895 0.58399636
19 0.43452692 0.5539686
465 -0.24810696 0.7740397
410 -0.35057524 0.8045028
2437 0.7939899 0.44367865
348 -0.49477187 0.8568769
1744 0.10264873 0.6562184
361 -0.29692063 0.7846181
350 -0.17405398 0.74464315
1692 0.2242189 0.6161523
355 -0.37066177 0.8112207
417 -0.30553415 0.7853304
352 -0.3089974 0.7870607
1280 -0.09283915 0.72427094
418 -0.0724868 0.71555537
411 -0.18206488 0.7481718
683 -0.44229162 0.8348339
167 0.33654982 0.58609045
1282 -0.17414795 0.7461474
362 -0.3733627 0.8190072
425 -0.25295404 0.7780861
419 -0.24122769 0.77024513
2561 0.30057293 0.593439
2451 0.89469224 0.4196824
696 -0.27483574 0.78474146
2477 0.95825934 0.39863047
168 0.1342722 0.65045226
2541 0.35710734 0.5817359
212 0.21728843 0.62337655
169 0.17095838 0.6357216
759 -0.15616941 0.74133873
1281 -0.22224328 0.75850296
694 -0.33391982 0.80599535
768 -0.48397145 0.8499404
693 -0.55271864 0.8734887
692 -0.5507171 0.8720407
766 -0.29190266 0.79154664
171 0.23037913 0.61736494
765 -0.3649878 0.81213796
360 -0.30378363 0.79248405
627 -0.3277663 0.7924404
767 -0.4557455 0.84680086
761 -0.44885793 0.83984303
170 0.17432457 0.6298985
764 -0.35797024 0.8122425
145 0.48343655 0.5438705
2452 0.76350814 0.4559915
192 0.3548277 0.5729778
695 -0.5959759 0.8830351
762 -0.42969015 0.8314053
763 -0.4752799 0.85405916
697 -0.46414167 0.84316546
195 0.19261234 0.62971526
758 -0.4099432 0.8246606
2674 0.7707645 0.4607052
172 0.18364254 0.6317654
193 0.3107112 0.5901814
2655 0.7616224 0.45298365
698 -0.97366065 1.019059
3 0.6987723 0.48747468
2671 0.9524417 0.40696603
2 0.5618349 0.5241785
