682 2
713 -0.25441942 0.6874731
586 -0.390217 0.5672466
1005 -0.39195144 0.5720624
486 -0.52826995 0.44022366
678 -0.34155855 0.6191109
961 -0.37974972 0.5808281
358 -0.5823582 0.39818195
384 -0.53269225 0.43814185
851 -0.3691813 0.59285
680 -0.38937217 0.57145005
470 -0.32659483 0.63178533
821 -0.4043522 0.56125355
494 -0.65270364 0.33746362
701 -0.36190364 0.59333074
574 -0.4400788 0.5275874
835 -0.61961484 0.36638412
534 -0.41797018 0.5360633
727 -0.46952316 0.5010006
416 -0.6104067 0.36986527
538 -0.5843554 0.39004615
887 -0.45231387 0.5066553
945 -0.56262434 0.41403267
397 -0.36828107 0.59342015
388 -0.46455303 0.51060545
355 -0.48169044 0.48978224
1021 -0.49902323 0.47038832
525 -0.5657858 0.40656102
709 -0.4910897 0.47478566
697 -0.62461674 0.35573202
469 -0.61632705 0.3663994
783 -0.38607764 0.5803961
1011 -0.48306847 0.4845848
537 -0.504437 0.4719958
685 -0.4434719 0.53279656
594 -0.32134566 0.6390693
710 -0.40586382 0.5575063
601 -0.28917998 0.66213995
389 -0.47164226 0.49549866
772 -0.47502467 0.49641064
665 -0.38926473 0.57205665
942 -0.17445119 0.76244247
556 -0.25268763 0.69869256
428 -0.640684 0.3440179
707 -0.43828407 0.5230648
918 -0.39437768 0.57517225
536 -0.30131224 0.6571053
842 -0.22424753 0.7213945
385 -0.4602504 0.50815886
859 -0.5016435 0.46304315
647 -0.49456486 0.4740158
555 -0.27445993 0.6768894
886 -0.37960702 0.57917464
542 -0.6498034 0.33667445
386 -0.4810088 0.4867567
546 -0.25563496 0.6947958
722 -0.49290162 0.47441092
757 -0.5565529 0.42146176
510 -0.65008926 0.32910872
765 -0.47600445 0.48536855
1002 -0.31364536 0.640885
889 -0.31987017 0.6402998
916 -0.5003766 0.47409198
950 -0.38160703 0.57987905
743 -0.4989672 0.47017857
479 -0.48521596 0.49279627
353 -0.58099395 0.39684302
382 -0.27198598 0.67481136
569 -0.6360607 0.347433
557 -0.4803865 0.47594714
356 -0.6549061 0.32671016
351 -0.4125731 0.54945594
777 -0.4536775 0.513147
900 -0.36401546 0.59596944
517 -0.43285877 0.53094935
393 -0.41590217 0.5504852
729 -0.4849036 0.48511073
656 -0.55213314 0.42777878
427 -0.44028348 0.5301123
749 -0.5504507 0.4179373
994 -0.51632535 0.45170453
627 -0.3566034 0.60725886
558 -0.47846475 0.48798952
785 -0.45490336 0.51264864
402 -0.52793854 0.44363365
787 -0.39844504 0.561883
687 -0.5493941 0.4285942
480 -0.4260347 0.53366727
720 -0.18056993 0.7717667
897 -0.37205428 0.59264904
415 -0.3290846 0.625214
508 -0.4371739 0.5190675
747 -0.30256227 0.65621734
914 -0.47678515 0.48952726
881 -0.3653072 0.5965792
725 -0.3871936 0.5827954
493 -0.28762323 0.6693962
477 -0.5104324 0.46238813
695 -0.65862745 0.32583794
589 -0.43533415 0.52586615
723 -0.36709255 0.5902388
952 -0.4890824 0.4805789
418 -0.40873352 0.5689206
591 -0.55398834 0.42518485
750 -0.48142403 0.47905612
521 -0.33492064 0.6211231
476 -0.44630694 0.51410145
605 -0.40050268 0.5620095
502 -0.5852707 0.39494258
527 -0.38865113 0.5655227
636 -0.4781681 0.49804404
1004 -0.5017301 0.46216637
643 -0.3770092 0.5791573
764 -0.3848128 0.57390076
478 -0.5779694 0.39725226
706 -0.52842945 0.4482334
698 -0.6167593 0.360456
449 -0.31016892 0.64601994
746 -0.36232132 0.5908463
736 -0.6459405 0.340548
681 -0.5884634 0.39001006
938 -0.4974992 0.47453523
530 -0.5336354 0.4417317
1018 -0.4589503 0.51706177
740 -0.4440705 0.524185
566 -0.54482055 0.42309937
752 -0.41110986 0.5458608
1024 -0.52602303 0.44664994
417 -0.73942745 0.25715235
696 -0.5081379 0.47018677
513 -0.489206 0.48078907
802 -0.48794183 0.4846278
699 -0.6446434 0.3305088
426 -0.6257449 0.36408004
626 -0.4554986 0.49676332
563 -0.60315365 0.38364974
547 -0.71460956 0.27632114
808 -0.31679025 0.63269
631 -0.6479578 0.33685964
607 -0.5026836 0.47254407
805 -0.3794302 0.5801796
621 -0.2991941 0.6521733
495 -0.20969042 0.73734796
869 -0.49886346 0.4730381
1012 -0.27123198 0.67877567
877 -0.48093778 0.48564175
843 -0.6268298 0.34733552
667 -0.46062863 0.51122874
657 -0.47877976 0.48834258
466 -0.4991871 0.468036
753 -0.5280919 0.44985604
670 -0.38022408 0.5803375
361 -0.37600547 0.57466376
721 -0.42485562 0.5437073
512 -0.5170583 0.44935122
419 -0.60091287 0.3803159
771 -0.3644097 0.5936538
880 -0.5004049 0.47478512
684 -0.44816136 0.5216063
925 -0.5313202 0.43738163
960 -0.61600596 0.35555705
568 -0.31669706 0.6383891
579 -0.47104052 0.49912038
784 -0.42730203 0.5371545
871 -0.45170668 0.50930434
505 -0.59476715 0.37443325
693 -0.46330857 0.5081722
445 -0.4004851 0.5644313
894 -0.5034139 0.47007933
926 -0.4072377 0.5554722
379 -0.4501634 0.50906074
592 -0.32948858 0.6299988
1016 -0.3985022 0.559183
674 -0.7413291 0.26157463
354 -0.3602825 0.59377587
663 -0.55257577 0.42007613
903 -0.3401959 0.6143477
608 -0.5049872 0.45837918
716 -0.64193535 0.34937623
804 -0.3725686 0.5847196
580 -0.4829903 0.4880797
654 -0.40482172 0.5667547
595 -0.46806538 0.5009247
803 -0.604204 0.36633673
818 -0.40494055 0.5590628
519 -0.41687247 0.54491484
910 -0.38491812 0.5737532
827 -0.49665233 0.4734293
798 -0.39867216 0.5547437
978 -0.39631078 0.5636623
712 -0.18670097 0.7576519
359 -0.48178855 0.481385
637 -0.5254784 0.44527298
532 -0.58008766 0.3938971
999 -0.30659038 0.6474489
1015 -0.40185085 0.5560462
690 -0.24688956 0.69364214
406 -0.2064485 0.73336536
878 -0.45107666 0.50641984
924 -0.47610006 0.49812
500 -0.46535948 0.4966029
947 -0.28198117 0.66883963
836 -0.4506882 0.517918
899 -0.6091676 0.37106678
876 -0.3269872 0.6308406
874 -0.39334095 0.5691203
582 -0.4329731 0.5342903
751 -0.5065496 0.46214682
770 -0.51405066 0.45478493
738 -0.5106693 0.47061598
906 -0.42572007 0.5438501
619 -0.38273877 0.5846836
364 -0.38421783 0.5822919
559 -0.5086621 0.46409097
995 -0.47342435 0.4840457
865 -0.34384784 0.611866
929 -0.45493677 0.5108699
550 -0.52292514 0.45619893
430 -0.44217783 0.5305236
955 -0.56517875 0.4075763
617 -0.34439602 0.6130824
668 -0.59787095 0.38463825
648 -0.33508667 0.6166077
715 -0.5266317 0.4418777
543 -0.5020889 0.4754145
545 -0.5003439 0.4740369
544 -0.43250242 0.5305567
672 -0.4587607 0.50851846
966 -0.6557183 0.33053544
676 -0.21459179 0.7399877
620 -0.4038698 0.56474864
549 -0.34172663 0.6218824
622 -0.39911467 0.5611387
481 -0.4669857 0.50290215
857 -0.50682646 0.45886955
372 -0.47604534 0.48998058
639 -0.62999505 0.35878265
520 -0.40268934 0.5588357
849 -0.38985035 0.55859506
828 -0.3868362 0.5734254
717 -0.38668215 0.572482
744 -0.38648945 0.5812286
703 -0.25582987 0.6935305
953 -0.42045116 0.5426403
440 -0.5339836 0.44015378
587 -0.6055911 0.37313464
368 -0.5655078 0.41327497
370 -0.34762126 0.6024284
790 -0.29975066 0.6549213
380 -0.43371618 0.523574
830 -0.5067873 0.46422392
951 -0.5378623 0.4392842
602 -0.31844 0.6371696
484 -0.57706815 0.40191916
533 -0.4655112 0.5045845
907 -0.43173692 0.53113437
745 -0.4917698 0.4773
526 -0.20827225 0.7370824
583 -0.5081067 0.4646256
831 -0.20690763 0.73473746
762 -0.40148294 0.5669766
832 -0.32256365 0.6334211
702 -0.2772421 0.6647601
893 -0.4936757 0.48102334
604 -0.33795536 0.6242094
352 -0.31875038 0.63358307
404 -0.5387317 0.42084748
443 -0.3007518 0.6491442
730 -0.5290796 0.44026563
1022 -0.5174437 0.4511459
1009 -0.3933835 0.56539136
791 -0.20682286 0.741251
913 -0.5558472 0.42218
362 -0.52201474 0.4514481
949 -0.48144346 0.48904926
704 -0.48311245 0.4776698
1023 -0.49819106 0.47549623
686 -0.64625776 0.33939055
873 -0.38599685 0.57136244
946 -0.7086613 0.28069156
1000 -0.48794776 0.47885326
866 -0.35285094 0.6005502
658 -0.62872535 0.357749
366 -0.4611601 0.5131301
718 -0.49196315 0.48320764
934 -0.6415585 0.33825442
932 -0.4792822 0.48342827
452 -0.21399553 0.72550386
664 -0.32617456 0.625838
421 -0.3164666 0.6385793
463 -0.49234712 0.4820813
904 -0.6152312 0.36766768
641 -0.33269322 0.6291627
892 -0.54605687 0.4299317
554 -0.13815603 0.8115294
867 -0.3935647 0.5733965
761 -0.436493 0.52539057
719 -0.50562024 0.470001
645 -0.64451957 0.33614376
515 -0.4496561 0.51778597
912 -0.60362184 0.38049617
971 -0.3753408 0.58733517
967 -0.35903347 0.5884584
644 -0.397532 0.5642919
691 -0.40047422 0.56400144
497 -0.5367798 0.43078852
820 -0.072167926 0.862611
848 -0.30112588 0.64856154
855 -0.42358354 0.5394834
635 -0.4665671 0.50514925
669 -0.5254239 0.45292348
562 -0.51693416 0.45309737
585 -0.5295986 0.45399177
775 -0.4671119 0.50636256
677 -0.44288325 0.52211124
597 -0.41062346 0.55008143
985 -0.73267066 0.2451306
748 -0.49238345 0.47007295
801 -0.34741098 0.61686206
575 -0.44060808 0.5261228
571 -0.37702504 0.5744095
739 -0.48358786 0.488322
398 -0.4194377 0.54175633
516 -0.48554727 0.48918602
935 -0.47967792 0.4887112
888 -0.48954502 0.48539692
973 -0.5501041 0.42471832
882 -0.64087665 0.34627897
603 -0.39643928 0.5615019
632 -0.6350403 0.34682003
927 -0.48565298 0.48355052
446 -0.526326 0.44500065
853 -0.5557731 0.42095634
350 -0.6164001 0.36353937
499 -0.5646231 0.4106173
392 -0.36352262 0.5959817
968 -0.57333064 0.39705947
732 -0.38821313 0.570238
780 -0.41436216 0.5520427
1006 -0.4565124 0.5135749
759 -0.39382002 0.5617273
628 -0.4829282 0.48386306
760 -0.33508527 0.6279701
943 -0.65215683 0.33288687
917 -0.49810144 0.47177604
584 -0.45530665 0.52016616
383 -0.326484 0.627071
921 -0.3338389 0.62612736
638 -0.60461694 0.37339008
390 -0.36243722 0.5991503
941 -0.46407473 0.5064863
879 -0.6194314 0.3601327
806 -0.43056953 0.53563
492 -0.3691951 0.592254
860 -0.57709986 0.40092197
373 -0.4177098 0.54969215
812 -0.51754963 0.45921806
911 -0.21239875 0.73246205
933 -0.47454593 0.5010016
838 -0.5365788 0.43783835
425 -0.2716255 0.6791188
1007 -0.47628275 0.48836735
422 -0.56634873 0.4130624
457 -0.42320177 0.54173
813 -0.44662413 0.51524174
485 -0.47893214 0.48660824
403 -0.37758723 0.5773957
524 -0.36416095 0.5935939
930 -0.54018605 0.43263873
992 -0.39252576 0.566281
363 -0.29553875 0.6516883
661 -0.28961265 0.66577744
786 -0.73723257 0.26042452
979 -0.4970568 0.47367984
671 -0.45283434 0.51251197
767 -0.29881334 0.6558925
472 -0.35418016 0.59897435
560 -0.43013707 0.5303038
981 -0.6874912 0.29601663
567 -0.39681557 0.55934423
468 -0.60366267 0.36789116
399 -0.50344956 0.4590781
570 -0.48286316 0.4802863
613 -0.5105677 0.46922308
728 -0.46410632 0.5043594
768 -0.5128785 0.46136022
553 -0.45927215 0.50404304
573 -0.51028794 0.45758957
488 -0.33415762 0.62096804
511 -0.47874954 0.48353398
956 -0.5836434 0.39100224
936 -0.3777754 0.5738902
606 -0.50685686 0.466291
902 -0.4682818 0.5007081
1013 -0.33518922 0.61588717
551 -0.47060543 0.5005557
884 -0.44371352 0.5218619
1001 -0.30090863 0.6507601
630 -0.4541806 0.5043258
807 -0.5314972 0.4421423
852 -0.24700981 0.69276553
659 -0.3118566 0.63571423
915 -0.59379125 0.39067775
420 -0.5919623 0.3876991
856 -0.4614504 0.5038308
962 -0.30485636 0.64274794
401 -0.5495386 0.42853147
514 -0.5846322 0.38367662
980 -0.7511279 0.24477513
460 -0.3483624 0.6149014
714 -0.494157 0.47642496
972 -0.4721781 0.49699184
474 -0.55221677 0.4179265
504 -0.49755654 0.4660188
624 -0.4487278 0.51625425
731 -0.44194084 0.5253623
634 -0.52162397 0.45496437
959 -0.27730146 0.672586
565 -0.3103202 0.6394925
928 -0.5707855 0.40367514
758 -0.62356377 0.35866904
788 -0.55896294 0.4127582
700 -0.5937125 0.38399568
891 -0.5621193 0.41788724
998 -0.63415736 0.34464794
993 -0.46938667 0.50381535
823 -0.5831529 0.39661586
734 -0.5095755 0.46423298
845 -0.47544137 0.4917296
483 -0.27689612 0.6704651
811 -0.59295887 0.3790029
531 -0.37529716 0.5818272
692 -0.60460097 0.37244204
1014 -0.47710207 0.49543113
599 -0.4754781 0.49097157
564 -0.38329837 0.58149785
507 -0.59447104 0.3908713
708 -0.55242425 0.41993117
800 -0.43108866 0.5303225
996 -0.64234924 0.34348685
982 -0.38826233 0.57033956
467 -0.3717261 0.58502424
650 -0.6164352 0.35862786
609 -0.4333433 0.5379801
596 -0.3191103 0.64214593
347 -0.66839665 0.31815392
883 -0.65978605 0.32407328
357 -0.5370446 0.43464637
578 -0.41794294 0.54029924
496 -0.38422126 0.57805
724 -0.5595558 0.4134168
581 -0.58376205 0.39906257
540 -0.30699855 0.64700764
666 -0.55968636 0.41918802
649 -0.575344 0.39961046
640 -0.33827996 0.6170038
822 -0.4133692 0.54685706
552 -0.23665763 0.7077602
489 -0.37759486 0.5853271
614 -0.59581935 0.3773111
462 -0.3386549 0.6156178
523 -0.55987376 0.42207673
498 -0.40153018 0.5557226
733 -0.4172913 0.549203
424 -0.50217676 0.46926716
689 -0.58284533 0.39697376
779 -0.33130604 0.6248607
754 -0.3372035 0.6341602
769 -0.4061977 0.5546963
541 -0.47716415 0.49267405
522 -0.3099822 0.6550911
642 -0.53567123 0.43368372
958 -0.63795495 0.34305912
506 -0.5454156 0.4264966
653 -0.3934572 0.575134
841 -0.6744408 0.3144836
782 -0.5465839 0.4334805
988 -0.3272208 0.6277217
598 -0.6829096 0.30111644
837 -0.35053065 0.60867894
441 -0.38586003 0.57054836
394 -0.59207493 0.39109144
975 -0.5374893 0.4412815
872 -0.36409262 0.59503007
625 -0.3965681 0.5676549
741 -0.29266024 0.661682
535 -0.5178767 0.44722515
965 -0.4327542 0.5317984
898 -0.36542243 0.5854572
766 -0.34706235 0.6133112
381 -0.3246459 0.6284758
940 -0.490657 0.48127395
396 -0.61237 0.36760256
870 -0.32935992 0.6265567
991 -0.3573051 0.59347117
1019 -0.55555487 0.42795953
826 -0.5233119 0.4481652
365 -0.42176217 0.5439755
588 -0.3769775 0.57876915
909 -0.4392348 0.52401984
651 -0.40460283 0.5607593
1020 -0.3835734 0.5732931
815 -0.3497097 0.61117625
458 -0.5833771 0.389218
539 -0.39556342 0.5684652
778 -0.4562159 0.50815505
756 -0.60019666 0.370415
864 -0.29652464 0.65557295
528 -0.45720938 0.5074624
711 -0.490979 0.48387882
459 -0.34363323 0.61049384
529 -0.61963886 0.35892615
683 -0.42921078 0.5344987
863 -0.2766767 0.6751436
395 -0.35231015 0.60020083
705 -0.34739262 0.60857236
682 -0.6589378 0.32980615
482 -0.528856 0.43905178
518 -0.46804944 0.50246686
737 -0.22802769 0.7192722
875 -0.561198 0.41593727
854 -0.47045738 0.49875104
391 -0.5522905 0.42039764
834 -0.32663426 0.6318589
868 -0.26662156 0.67961824
593 -0.4025867 0.5665428
789 -0.49545598 0.47472566
629 -0.3186714 0.6347054
984 -0.3772428 0.57113624
825 -0.5720158 0.3989377
1017 -0.4078676 0.5598352
895 -0.4244083 0.53837216
939 -0.4239347 0.54799086
948 -0.54793316 0.42361706
429 -0.6847796 0.30250308
987 -0.5761901 0.4027261
450 -0.40975183 0.55415887
673 -0.49046293 0.47632363
461 -0.40742365 0.5577807
369 -0.4806343 0.4897105
378 -0.6794808 0.308853
464 -0.58495134 0.38965964
989 -0.42900473 0.5314095
829 -0.50662893 0.46644965
923 -0.44246188 0.5273054
346 -0.49365175 0.47670865
455 -0.31003767 0.6363209
890 -0.42759264 0.5357895
850 -0.5295094 0.44144586
794 -0.5656461 0.42252967
590 -0.2535319 0.68485546
908 -0.6281997 0.36043504
905 -0.5323332 0.43661162
735 -0.5321411 0.4388364
901 -0.19533004 0.7482815
475 -0.6014906 0.38575485
844 -0.49116063 0.4768665
660 -0.35557058 0.5998141
473 -0.47684202 0.49198544
615 -0.48018593 0.4954509
944 -0.43053117 0.5251225
453 -0.47469795 0.49578822
360 -0.65052795 0.33113977
548 -0.3429749 0.6142398
799 -0.30899513 0.6477547
576 -0.51148397 0.4525196
931 -0.6424018 0.33703637
969 -0.60115975 0.37575072
810 -0.6467378 0.33852142
816 -0.6021996 0.37886223
491 -0.5811184 0.39872244
490 -0.3745599 0.58214146
509 -0.73186636 0.26625776
503 -0.43866092 0.5184849
983 -0.28996822 0.6619981
896 -0.36173132 0.5884251
833 -0.20028947 0.7480772
861 -0.33337742 0.62487954
817 -0.41930047 0.5386695
974 -0.40744624 0.56465656
572 -0.38576394 0.5780918
471 -0.39224705 0.57256734
561 -0.52191514 0.44977406
371 -0.56107086 0.4130806
809 -0.5528313 0.42462432
793 -0.65674186 0.3323051
577 -0.558489 0.4150615
652 -0.41432914 0.55550617
405 -0.4008131 0.5580647
1008 -0.4182113 0.54733896
688 -0.56383747 0.4075119
456 -0.24099568 0.7061764
919 -0.40456074 0.55759746
655 -0.599409 0.37237507
600 -0.545913 0.42591658
423 -0.5583339 0.41434333
792 -0.59312224 0.38482624
612 -0.2590498 0.689018
439 -0.51613426 0.44832447
990 -0.5633894 0.41230804
726 -0.42294204 0.5397535
773 -0.43948478 0.527591
1003 -0.35079756 0.60260266
797 -0.8217505 0.1740196
840 -0.3399438 0.6184497
997 -0.3300404 0.6250301
451 -0.5831037 0.38553137
763 -0.46385327 0.5013463
349 -0.4861735 0.47700638
957 -0.47691318 0.49195996
954 -0.35334226 0.6046258
646 -0.35996503 0.60428
454 -0.28045332 0.6800158
618 -0.43480805 0.5354086
937 -0.41903886 0.54512256
623 -0.3771101 0.5866781
437 -0.38460362 0.5807869
444 -0.4022968 0.5517736
846 -0.565007 0.4027644
633 -0.45389113 0.5211651
839 -0.2699547 0.6837405
920 -0.6300939 0.34422007
774 -0.26115188 0.68669266
448 -0.48546842 0.48429143
387 -0.46104828 0.5023268
367 -0.47518128 0.4881102
742 -0.4435764 0.5292428
447 -0.4663481 0.49764583
795 -0.4972172 0.47215456
610 -0.506835 0.46206662
963 -0.4129726 0.54812694
970 -0.4473604 0.5186681
796 -0.5760164 0.39822844
407 -0.50297976 0.4664811
755 -0.3532472 0.60912746
400 -0.6221379 0.35637477
977 -0.5655252 0.40897965
986 -0.5870611 0.3980298
348 -0.48380572 0.4764776
611 -0.47270352 0.49903506
964 -0.44049364 0.5190669
675 -0.44623405 0.52697057
885 -0.5778294 0.39769718
776 -0.4514925 0.5199632
501 -0.49093556 0.47540322
858 -0.47655195 0.49585107
922 -0.47182423 0.49506992
847 -0.2768596 0.67229366
616 -0.519121 0.4438006
465 -0.37553966 0.58713156
814 -0.65220076 0.3254789
487 -0.52519476 0.45060006
824 -0.34335968 0.6179392
976 -0.3159688 0.6364716
819 -0.52018416 0.44173306
694 -0.497453 0.4738617
862 -0.30352724 0.65522695
442 -0.73198414 0.2594057
345 -0.5862249 0.3966467
342 -0.63371044 0.35084835
679 -0.60008365 0.38446897
1010 -0.39552414 0.56704617
662 -0.43763593 0.53498024
781 -0.26621485 0.69135004
374 -0.4065743 0.55957943
343 -0.46189377 0.50896424
338 -0.5302093 0.4423242
344 -0.7760066 0.21929894
339 -0.5303254 0.4435009
436 -0.52782744 0.4427855
1025 -0.5856279 0.3963566
341 -0.8043335 0.19970807
377 -0.35384315 0.60462606
409 -0.5839702 0.39441657
340 -0.33115637 0.6264964
408 -0.6037787 0.37285405
433 -0.7050061 0.27845535
410 -1.043554 -0.012722647
337 -0.65316695 0.33605158
325 -0.6263828 0.3454962
322 -0.87153953 0.13524738
328 -0.45705903 0.5233249
327 -0.28987473 0.65523094
