3351 2
1150 -0.5458605 0.36964363
2244 -0.5818755 0.31729987
2156 -0.4863736 0.44374645
1146 -0.5892792 0.30203998
2117 -0.55507314 0.34910193
1478 -0.5401474 0.36800256
1996 -0.45806062 0.48568645
1812 -0.48917666 0.44436744
2396 -0.47392026 0.44932044
2281 -0.5358972 0.37918088
1477 -0.50584984 0.419044
2358 -0.43823 0.5071965
2111 -0.46178564 0.48198006
1286 -0.57678306 0.31966802
2218 -0.6351024 0.23253345
1943 -0.41908604 0.5396895
2126 -0.54749584 0.36855945
1815 -0.52173984 0.3952824
2147 -0.5740464 0.3229599
2695 -0.5406176 0.38230535
3032 -0.4554231 0.48504618
1482 -0.5899545 0.29999375
2733 -0.572376 0.33689922
1476 -0.57322675 0.32701755
2214 -0.49055758 0.43799686
1836 -0.42552942 0.52734697
1531 -0.46158132 0.48229623
2105 -0.4441042 0.48853585
2175 -0.5252833 0.3900118
2712 -0.5459405 0.36937544
1807 -0.58311373 0.31001183
2231 -0.50814664 0.41549623
1441 -0.5509587 0.35513583
1810 -0.5210057 0.40595615
1420 -0.50540614 0.41680026
2125 -0.5292324 0.38948953
1069 -0.59006137 0.29980898
1473 -0.5024204 0.41246906
1701 -0.45204717 0.4900861
2246 -0.54555786 0.36456323
1729 -0.5406763 0.36207202
1483 -0.5297133 0.39526644
2455 -0.39955264 0.5631795
2203 -0.62880445 0.25004905
1676 -0.56403065 0.33348244
1486 -0.63799274 0.24302888
2113 -0.46327588 0.4841432
2115 -0.5009295 0.42191884
2282 -0.5649111 0.3435566
2277 -0.45595324 0.48658216
1526 -0.54190886 0.36302614
2713 -0.5982992 0.3029024
2025 -0.5231838 0.39674926
1760 -0.53424215 0.37874696
1950 -0.45515415 0.48486573
1805 -0.58722466 0.31003746
1826 -0.5001656 0.42198026
1803 -0.5262569 0.39028242
2195 -0.58565044 0.30927044
2213 -0.5494578 0.36041376
2148 -0.53161454 0.38083404
1176 -0.56006193 0.34150365
212 -0.6155286 0.26612765
2181 -0.57019174 0.32301596
1764 -0.5552715 0.34638432
1471 -0.50759137 0.42107242
1431 -0.5264335 0.38551447
1728 -0.443626 0.49547085
1408 -0.58784485 0.31166124
2339 -0.38158464 0.5899841
404 -0.6476609 0.22906601
1423 -0.6805327 0.1816392
2197 -0.5577607 0.34353873
1724 -0.5293946 0.37676433
2750 -0.5829782 0.30134407
2170 -0.5578296 0.34296477
1768 -0.5960468 0.3060745
1288 -0.50700724 0.41567072
2692 -0.5196347 0.39521933
2193 -0.5702972 0.32757884
1821 -0.547583 0.36794186
2775 -0.60793144 0.27825302
2357 -0.4125989 0.5448555
2239 -0.57849026 0.32287025
2119 -0.5417624 0.36404362
2196 -0.57996273 0.3172729
2283 -0.56575054 0.33590114
1775 -0.5357959 0.37581167
2159 -0.6235315 0.2595174
1723 -0.4976316 0.42955607
1802 -0.5290726 0.38619614
2640 -0.46589866 0.47741032
1468 -0.5293408 0.38528246
2211 -0.62438256 0.25615546
488 -0.6394519 0.23463425
1722 -0.4442904 0.5090377
2108 -0.46078724 0.47596648
1997 -0.50193673 0.41826504
1049 -0.5612471 0.3394819
2245 -0.51745987 0.39781603
363 -0.63795584 0.23079155
954 -0.6132945 0.2680833
2167 -0.52543396 0.40009323
1414 -0.5550641 0.35008287
2734 -0.46895698 0.46615732
2232 -0.5636273 0.33133942
1955 -0.51980346 0.40147525
2186 -0.62696195 0.2520691
3037 -0.44335517 0.5102962
2524 -0.44868806 0.5010272
2139 -0.5192994 0.40456936
2657 -0.58793586 0.307973
1611 -0.4814828 0.45077196
1425 -0.54029316 0.36625057
1602 -0.5226536 0.39997184
1596 -0.51090276 0.40055
164 -0.59730715 0.2907237
2198 -0.51127845 0.40327793
1664 -0.47877812 0.4594198
2391 -0.44505644 0.4925581
1518 -0.5028013 0.42553946
1522 -0.4759586 0.46076348
2361 -0.4307702 0.5169686
1652 -0.4558864 0.48848128
1988 -0.4286524 0.5271194
1299 -0.492303 0.4336322
2174 -0.60831875 0.27828094
2620 -0.4219227 0.5380082
2184 -0.61573267 0.26246554
2973 -0.44991747 0.49491325
2637 -0.4214107 0.54700094
1796 -0.5258431 0.3937214
2456 -0.42483845 0.5395616
1942 -0.4835367 0.44486523
3343 -0.5445889 0.3665864
1823 -0.5692018 0.3342775
1662 -0.43312624 0.51194614
1998 -0.48141763 0.4496512
1440 -0.55122674 0.35506082
1413 -0.60005456 0.29206282
2202 -0.43051904 0.5321825
1429 -0.48869222 0.44588146
945 -0.7303734 0.11505855
1798 -0.54750454 0.35387748
2629 -0.4850348 0.439634
1418 -0.5504523 0.34834486
1529 -0.61980593 0.26320526
1678 -0.617774 0.26621184
1620 -0.44473663 0.505573
2137 -0.47451475 0.4568717
1948 -0.4619198 0.48657352
2687 -0.45599097 0.4872222
1472 -0.58041936 0.32405567
1149 -0.5469551 0.3567145
2180 -0.5676186 0.3388222
1147 -0.58267343 0.30376095
1487 -0.65406895 0.2167095
1952 -0.31729645 0.6800583
2886 -0.53597236 0.3816453
1490 -0.44891807 0.4931675
1765 -0.53841484 0.3788863
3006 -0.6214236 0.26892635
2241 -0.52181923 0.39868593
1474 -0.5024523 0.42172316
2153 -0.48766747 0.4443678
2655 -0.41564775 0.542851
490 -0.6179048 0.26375625
1283 -0.6069539 0.2727934
2701 -0.45744482 0.48009953
1788 -0.6273489 0.24672002
3341 -0.4724221 0.46619225
2331 -0.58372897 0.31222406
2173 -0.5889935 0.29900557
1954 -0.4504757 0.49905863
1050 -0.65367013 0.21167351
2226 -0.58837175 0.30248427
1488 -0.5485793 0.35806203
2142 -0.5167143 0.3959057
1285 -0.57880336 0.32618928
1725 -0.46400023 0.4829761
1444 -0.40874478 0.55316657
2328 -0.43848473 0.5033484
2122 -0.54804873 0.36236247
2287 -0.38628277 0.58156747
2222 -0.5760005 0.32996657
2335 -0.527112 0.38719073
2694 -0.5175097 0.40324017
1523 -0.526598 0.3880447
1659 -0.55375004 0.3575923
2215 -0.5299201 0.38372484
2254 -0.48049426 0.46057487
2777 -0.5101364 0.40672415
2161 -0.64420533 0.23628512
1698 -0.534232 0.37957942
2178 -0.5166784 0.40248832
3031 -0.5287067 0.3797342
1139 -0.65647554 0.21013208
1677 -0.58712834 0.31015867
1607 -0.534953 0.37579992
2131 -0.5550681 0.34622973
2182 -0.5337215 0.37891793
1795 -0.6158517 0.2644371
1148 -0.5881726 0.31265122
1759 -0.529418 0.3805943
1946 -0.47155803 0.46889612
1786 -0.56550545 0.33049142
2250 -0.4973875 0.42687944
2179 -0.55544907 0.35345447
3284 -0.46199894 0.48266566
2686 -0.42835444 0.5205558
402 -0.58250856 0.3172814
952 -0.5669855 0.33650863
1615 -0.5106813 0.4145974
2187 -0.51708734 0.4049763
2718 -0.5289287 0.38820288
1843 -0.4290276 0.5239804
3111 -0.5689371 0.32830107
2141 -0.56977326 0.33252594
209 -0.619139 0.2613472
260 -0.7004679 0.15315866
3052 -0.4322813 0.5185548
2171 -0.5924977 0.29595873
1655 -0.50226116 0.42135754
1491 -0.55478805 0.3469556
2719 -0.43130952 0.52958757
2706 -0.48211956 0.4473706
1484 -0.5883865 0.3030778
2285 -0.43863282 0.5112279
2739 -0.54340583 0.3683459
2194 -0.50984675 0.40408227
2168 -0.5740682 0.30963808
2233 -0.55904096 0.35479984
2979 -0.4845898 0.44095924
2392 -0.4850926 0.44722784
3170 -0.58730686 0.30692384
2238 -0.59828717 0.30018243
2230 -0.5130185 0.41051123
2252 -0.4291104 0.52576035
361 -0.6035471 0.2809803
1465 -0.42367265 0.53565466
152 -0.67010814 0.19916825
1660 -0.53999346 0.3641615
1831 -0.4588868 0.49078262
2150 -0.54622924 0.363809
2866 -0.52068275 0.39104173
2201 -0.441628 0.4999837
2780 -0.5758955 0.3185718
1479 -0.4978293 0.42088723
2693 -0.50162244 0.4251032
1481 -0.57191795 0.32577187
924 -0.6501618 0.22515321
2152 -0.5559603 0.34755325
2616 -0.47383836 0.46300316
2157 -0.57288 0.32485747
990 -0.5758323 0.32384372
1436 -0.40190783 0.5685209
1530 -0.50562304 0.41773012
1127 -0.60590345 0.27189973
919 -0.709498 0.13727802
1469 -0.57713926 0.32294837
2189 -0.62064487 0.26099777
2607 -0.5507949 0.35177258
1427 -0.538573 0.37211266
1532 -0.5078593 0.42285556
1822 -0.55988306 0.3504632
484 -0.63986796 0.2297591
1818 -0.48951694 0.44422302
2974 -0.48423666 0.4485863
1692 -0.50757205 0.40952814
2778 -0.5390169 0.37068933
2776 -0.601235 0.29096904
2899 -0.4330783 0.51113796
1755 -0.45639274 0.49759695
2280 -0.5201432 0.4066296
914 -0.6412445 0.23970446
507 -0.70505714 0.14626141
1956 -0.4520459 0.5038904
1064 -0.67370796 0.1951649
2229 -0.42780328 0.5289396
2221 -0.60201275 0.29062396
2138 -0.6545132 0.2119658
2698 -0.47519982 0.45580602
2874 -0.41732353 0.53803194
2163 -0.5604323 0.33989722
3232 -0.4821467 0.45628506
1151 -0.551832 0.35228696
1046 -0.6556359 0.21497162
1809 -0.54922694 0.35379323
2382 -0.48575637 0.4473145
1726 -0.55282235 0.35299256
1432 -0.5563109 0.35197064
1077 -0.46821848 0.46406728
1282 -0.567932 0.3302584
2176 -0.55729455 0.34649092
2104 -0.49964494 0.42200127
1412 -0.58888453 0.30273607
2256 -0.2992818 0.69543546
1622 -0.45487678 0.48490876
930 -0.5873275 0.30807567
2234 -0.5926471 0.30291045
1824 -0.5699591 0.33018112
1682 -0.5230365 0.39035282
218 -0.5943853 0.301776
3013 -0.46140805 0.47944704
3107 -0.5895457 0.29980317
1138 -0.66770566 0.20693006
2337 -0.46785516 0.47330981
948 -0.56743705 0.32600474
2383 -0.46681157 0.46566138
1715 -0.47000968 0.46971118
3126 -0.43000343 0.51933604
1525 -0.5184534 0.39586213
1447 -0.43762052 0.51338714
2004 -0.45644853 0.4784906
946 -0.5601298 0.3541522
327 -0.63378245 0.24315321
2121 -0.55845547 0.35564646
2116 -0.6516771 0.21659158
2275 -0.45679182 0.48086163
2235 -0.5846698 0.30761963
2597 -0.55705726 0.33778086
1536 -0.47466403 0.45613912
2860 -0.38706955 0.5811072
2227 -0.590171 0.29464123
2768 -0.4195671 0.526444
2146 -0.59086037 0.30260646
2020 -0.45891446 0.47932217
2219 -0.5054976 0.41962948
2689 -0.48687935 0.4436152
1814 -0.5789479 0.3162052
2760 -0.5804787 0.31596732
1058 -0.60919815 0.2716057
337 -0.7082679 0.14515664
1679 -0.6309531 0.24578261
2756 -0.4757187 0.45636666
1416 -0.52569735 0.39067477
403 -0.60784864 0.27143973
1844 -0.5234241 0.3912673
2225 -0.49373555 0.43783137
2110 -0.4874954 0.43739069
1599 -0.52333003 0.3998563
2601 -0.5081805 0.4126246
2885 -0.44303536 0.50405747
938 -0.622079 0.2717798
2626 -0.54864925 0.35927266
2645 -0.42068887 0.5338521
3093 -0.3981373 0.5701131
1797 -0.57829446 0.3183844
2525 -0.56592643 0.33470055
3005 -0.5952313 0.2945243
2379 -0.38797495 0.5827307
1730 -0.4002128 0.5651058
1832 -0.44482523 0.5005973
1485 -0.57023984 0.32778782
1409 -0.52180994 0.39706632
2144 -0.5952836 0.2944793
216 -0.6256791 0.25654963
168 -0.64056826 0.24065146
1407 -0.5740354 0.3277002
2224 -0.61385953 0.26721215
1123 -0.48317155 0.4551391
2599 -0.5278932 0.38000128
2242 -0.550535 0.36203206
1853 -0.36525723 0.60656726
1940 -0.46121028 0.47915235
2359 -0.41144612 0.5482286
3028 -0.497475 0.42291868
2112 -0.4967371 0.43043697
2188 -0.5249623 0.3915099
3108 -0.5035716 0.4185878
2399 -0.4455689 0.4976081
1945 -0.36304057 0.61176974
1394 -0.42310414 0.52966744
2360 -0.44098848 0.5060674
1817 -0.5325161 0.38043547
2610 -0.4859521 0.44465524
894 -0.691887 0.16396654
2228 -0.5379208 0.37314257
2531 -0.38261902 0.5814753
3142 -0.54382104 0.36078128
3109 -0.5214967 0.3950085
891 -0.6778312 0.19155106
3027 -0.5237662 0.38597155
1782 -0.6000061 0.28976497
1026 -0.5164806 0.40438867
3041 -0.52775955 0.3864645
2165 -0.64256555 0.23025188
2790 -0.52884495 0.38819423
2114 -0.48064625 0.45428485
1781 -0.57530475 0.3262262
492 -0.6286019 0.24560402
2151 -0.57591623 0.3176102
941 -0.6052923 0.2834106
344 -0.56814516 0.33322722
1612 -0.48985457 0.44610783
2381 -0.48492578 0.44498006
2149 -0.54573363 0.3659297
1811 -0.55243456 0.3551005
2023 -0.48180625 0.45340753
2166 -0.57204026 0.32764965
1603 -0.5198651 0.400313
912 -0.6784692 0.18178116
2753 -0.6003329 0.28708428
2659 -0.4992991 0.4212472
222 -0.6300067 0.24159124
2120 -0.5764357 0.32814685
1492 -0.4496099 0.4929198
1507 -0.5345774 0.3705547
2731 -0.53976035 0.37704375
1592 -0.5068997 0.40558234
2169 -0.5689051 0.33249027
3209 -0.56547534 0.34468707
345 -0.6695203 0.19173183
1606 -0.41543722 0.5357855
3157 -0.5401069 0.37781018
2123 -0.5057727 0.41893992
2069 -0.28681493 0.72495013
2027 -0.44413817 0.50058126
949 -0.620549 0.2520582
1999 -0.4595339 0.4866689
3090 -0.44563857 0.49843526
1683 -0.5387142 0.3661805
3207 -0.5035812 0.4249407
1995 -0.48448795 0.4492628
2900 -0.54092854 0.3702534
992 -0.6018381 0.2888227
1697 -0.481361 0.45209417
2553 -0.4439974 0.5111592
2895 -0.5028269 0.42342523
2772 -0.53143513 0.38457295
2164 -0.6437389 0.22108206
1141 -0.6366661 0.23746271
2793 -0.5067678 0.4128293
2982 -0.4851508 0.44647458
1705 -0.42893094 0.5259836
1534 -0.4185746 0.5312135
2286 -0.49204138 0.44061482
1600 -0.5044987 0.42010587
3053 -0.43015677 0.5225912
2613 -0.5637192 0.3416824
1727 -0.53406674 0.38422462
1284 -0.5846476 0.3029218
2011 -0.36398852 0.6127446
2837 -0.3800451 0.5983953
2526 -0.42965108 0.5236232
2127 -0.5293928 0.38441047
2129 -0.5193515 0.39832917
1470 -0.57431513 0.3237361
2988 -0.53101003 0.38190442
2636 -0.44844687 0.49909234
2463 -0.3627262 0.6143657
917 -0.6225671 0.2610378
1806 -0.561264 0.34244192
340 -0.62299633 0.24788158
3030 -0.4836225 0.45347905
1514 -0.47586226 0.45913467
2016 -0.43515724 0.51071846
1597 -0.49317202 0.4396824
2635 -0.3731253 0.60189605
2026 -0.5426742 0.36770955
1452 -0.43562448 0.5257976
2354 -0.36616698 0.6042991
3051 -0.51234794 0.41070542
2212 -0.5377956 0.37683463
1140 -0.6067052 0.27558583
2604 -0.49308887 0.43572327
1732 -0.40588534 0.5527276
2276 -0.5113833 0.41752902
1985 -0.3600472 0.62118715
2652 -0.46981117 0.4629577
2325 -0.40803948 0.5478111
130 -0.70528024 0.14709133
2976 -0.40471292 0.5539559
2205 -0.5212985 0.39190504
2107 -0.4817753 0.44731754
2022 -0.43983606 0.51068383
1658 -0.52894187 0.39171544
1456 -0.49234524 0.44221047
1623 -0.38681173 0.58657026
1449 -0.463186 0.48046133
2876 -0.4420903 0.5136547
162 -0.62747335 0.24989773
2431 -0.41443723 0.53702813
2247 -0.5032537 0.4205852
336 -0.71653134 0.13213842
1287 -0.6064416 0.27902743
1710 -0.38563946 0.5894762
2707 -0.64103216 0.23586221
3036 -0.5223341 0.3972782
1772 -0.64551556 0.22344148
2102 -0.44069383 0.50833124
2001 -0.56324524 0.33216974
2220 -0.60394794 0.28499368
1293 -0.4449864 0.50300694
2210 -0.5154418 0.40929514
1830 -0.46632493 0.47954094
1989 -0.35336065 0.6250523
1056 -0.6731644 0.19500653
1687 -0.49956146 0.4250145
1060 -0.6874545 0.16828218
333 -0.6674712 0.19966173
2018 -0.4997908 0.42643917
2253 -0.54976577 0.36255392
2385 -0.5339933 0.38170382
1019 -0.6409099 0.2329533
1748 -0.35925245 0.62747836
374 -0.60903466 0.27434492
2288 -0.47929975 0.4551988
2653 -0.52879995 0.38388288
2787 -0.51720643 0.41312087
3187 -0.55263066 0.34945184
2660 -0.40357062 0.5648912
1618 -0.5356996 0.38450897
1848 -0.34801435 0.6338371
1650 -0.4778152 0.46116307
335 -0.6735621 0.18679774
2284 -0.5356423 0.37722626
2162 -0.5327256 0.36949712
1820 -0.5371227 0.3754393
2530 -0.4852909 0.4506722
1129 -0.67457104 0.1882681
2703 -0.46149832 0.47715285
1126 -0.5786291 0.31158727
1621 -0.53181344 0.38250485
931 -0.5856364 0.31420612
989 -0.66526794 0.19831528
489 -0.7130392 0.12367624
2109 -0.44792774 0.49791038
951 -0.6902649 0.16175282
1145 -0.6329227 0.24222241
1131 -0.6807057 0.18280382
2738 -0.5293251 0.38678873
513 -0.5352009 0.37991688
2770 -0.5659659 0.33936685
3365 -0.5305843 0.3824012
2106 -0.46735024 0.4654709
428 -0.7157015 0.12597576
1401 -0.42220455 0.53892237
2528 -0.4272754 0.52761763
2172 -0.5943652 0.30087718
1528 -0.56105167 0.34914777
2688 -0.46851125 0.46723258
1793 -0.57030416 0.3237159
1702 -0.439699 0.5133347
1417 -0.5544853 0.3415702
1708 -0.49130428 0.43625155
3199 -0.50587255 0.4143749
2922 -0.40446433 0.5615659
2946 -0.41261223 0.5492686
1410 -0.6276711 0.25688562
2306 -0.3434866 0.6429817
1609 -0.44153756 0.50588876
2523 -0.49245608 0.43516886
350 -0.5527875 0.35574493
1289 -0.62235576 0.2678074
1757 -0.51057047 0.41059294
3336 -0.529932 0.38087913
2340 -0.44079143 0.51059836
763 -0.72971153 0.11860963
2880 -0.43246028 0.52022654
2362 -0.38955486 0.58296925
358 -0.61006176 0.28124362
2889 -0.5771391 0.3185668
2101 -0.3150144 0.6882968
1480 -0.5789841 0.3162946
3342 -0.48560515 0.44505045
2940 -0.35618624 0.62555164
1252 -0.35461876 0.63638985
2868 -0.5206162 0.39145747
1489 -0.58748364 0.3008525
1281 -0.4966704 0.42724186
1694 -0.5430622 0.36997446
2207 -0.5560002 0.3442693
2923 -0.46145153 0.4773907
2864 -0.5877174 0.30682296
357 -0.640728 0.23639676
2779 -0.50749874 0.41018257
2663 -0.5337375 0.387195
370 -0.5595523 0.34449708
2521 -0.374716 0.6027196
1143 -0.6237763 0.25935823
2128 -0.52483004 0.38669
2350 -0.33479276 0.6568156
2518 -0.4488363 0.5010626
2805 -0.43724447 0.5205701
2333 -0.5456635 0.3711301
3204 -0.6180462 0.26441658
3115 -0.5228432 0.39799756
1941 -0.40987673 0.5445398
1790 -0.6536372 0.2092329
1706 -0.49624473 0.42567587
1769 -0.55096114 0.35690054
2901 -0.52680117 0.38788745
1738 -0.44841668 0.50465107
2697 -0.54079044 0.3659682
1849 -0.36605296 0.61410344
1445 -0.44213337 0.51259017
786 -0.64734596 0.22122686
2984 -0.42711192 0.5202135
2332 -0.5490351 0.36008847
1951 -0.3505793 0.6372045
2861 -0.40302873 0.55911094
2124 -0.5781105 0.3110969
1280 -0.49799335 0.43347394
2012 -0.4032574 0.5628735
1933 -0.37694877 0.591591
1029 -0.61953664 0.25446025
1466 -0.53978187 0.37204778
1475 -0.59746784 0.28768775
1794 -0.63756907 0.23343922
3339 -0.53319246 0.3791792
2605 -0.49744228 0.42275202
3335 -0.4471036 0.50436795
1260 -0.51235265 0.40858176
1437 -0.5343121 0.37304178
774 -0.7575121 0.07440011
2248 -0.51111686 0.4088546
1521 -0.5472982 0.3539241
1672 -0.4802913 0.45554987
2953 -0.44610965 0.5064296
2209 -0.5403291 0.37095582
3102 -0.47975 0.45404232
2752 -0.62985945 0.24601047
1499 -0.5090674 0.41357365
425 -0.6621045 0.2070315
1763 -0.5637885 0.335784
2140 -0.55511075 0.34499732
1767 -0.5704462 0.31636205
3193 -0.45970324 0.48316786
262 -0.6226705 0.2587017
1042 -0.63686633 0.24480277
2386 -0.4696532 0.45949593
3208 -0.6217096 0.25288364
1501 -0.5111587 0.40851662
1744 -0.34398893 0.6477692
214 -0.6786118 0.183247
1674 -0.49323502 0.43832624
1756 -0.5112937 0.40839738
3340 -0.42424497 0.52444506
2329 -0.54542917 0.37582198
36 -0.7236286 0.12795313
2902 -0.47861454 0.45900813
2704 -0.54911983 0.3602489
2625 -0.46530947 0.47041324
1519 -0.620315 0.27647272
3092 -0.5061104 0.40851903
809 -0.7234824 0.12181709
1048 -0.6358758 0.23583145
3151 -0.55578035 0.3489126
1074 -0.58137125 0.30893221
804 -0.6609924 0.20789136
1564 -0.4457337 0.49923798
1043 -0.6693653 0.19528742
2798 -0.50295097 0.41485748
2206 -0.48405167 0.4496954
1298 -0.53911483 0.382436
2925 -0.39516887 0.56923324
2401 -0.38921565 0.58731306
988 -0.64451593 0.2323737
3114 -0.5390163 0.3726612
2656 -0.5200284 0.39749086
3158 -0.5925936 0.3026627
1774 -0.5523844 0.3471684
2800 -0.49994972 0.41831872
2341 -0.434269 0.51123416
3049 -0.41867238 0.5407551
3022 -0.5666382 0.3285529
2618 -0.44063196 0.50433207
163 -0.6634619 0.19618767
1063 -0.5728925 0.32148212
1494 -0.412458 0.5493925
2302 -0.3829236 0.58196837
1527 -0.6581078 0.21623163
2145 -0.54765064 0.35896754
1276 -0.46422336 0.47876987
1273 -0.51014656 0.40740812
1973 -0.40446997 0.55555236
3337 -0.5662351 0.34282714
2537 -0.39121255 0.58441144
3177 -0.6080448 0.26622394
3418 -0.611715 0.27495885
2981 -0.50657547 0.41426232
1754 -0.42987677 0.5153584
2103 -0.48465466 0.44792795
153 -0.6513565 0.22350581
1398 -0.41383877 0.5392969
2649 -0.38993353 0.5845493
1845 -0.5197156 0.39008972
2433 -0.42562652 0.52065885
1673 -0.53074044 0.37866437
1777 -0.6118021 0.268516
1878 -0.40826765 0.5483469
2190 -0.5696588 0.324279
907 -0.59986037 0.28737313
3011 -0.49302274 0.42987603
1847 -0.46965277 0.47249234
1290 -0.48664764 0.45282668
328 -0.75297284 0.07744531
1067 -0.6936123 0.16403611
1435 -0.5225439 0.39675662
1136 -0.6070008 0.283046
824 -0.7209827 0.12416029
2891 -0.56071335 0.34568682
2887 -0.4745228 0.4598351
1076 -0.62123245 0.2562264
1070 -0.5688672 0.32671595
1028 -0.5800028 0.31465602
3097 -0.45817086 0.4804343
2367 -0.27623063 0.7399305
149 -0.6477046 0.22341649
1776 -0.5817051 0.3089589
1799 -0.5880871 0.31122014
900 -0.68464583 0.17419115
2330 -0.41730583 0.5421998
1910 -0.29392967 0.71779484
2192 -0.55025715 0.35916463
3136 -0.4715822 0.46370545
1297 -0.5246282 0.3888723
482 -0.6675497 0.1942054
2132 -0.56241816 0.34261703
2630 -0.48929745 0.4428026
2155 -0.5395941 0.36793286
486 -0.6537682 0.21788888
3026 -0.5589749 0.34952366
819 -0.6926126 0.16142231
3015 -0.46228066 0.48006427
3143 -0.5351816 0.37225655
2515 -0.30000788 0.70654416
458 -0.7275389 0.12026202
2627 -0.52677363 0.38122663
2884 -0.4838686 0.4412582
1850 -0.3677796 0.6099473
2133 -0.5724886 0.32675305
1921 -0.39701414 0.5670413
1610 -0.4780507 0.4559897
2278 -0.46537042 0.47461924
206 -0.6072499 0.28290337
2666 -0.39514256 0.562735
1947 -0.48870182 0.44199708
811 -0.653978 0.2187116
1563 -0.50052124 0.43317872
1742 -0.44051906 0.5243979
2611 -0.47445548 0.4600052
411 -0.66610605 0.19767384
1524 -0.5299082 0.37243176
2373 -0.37958947 0.5906335
2429 -0.36646777 0.61268187
2676 -0.4087721 0.55695564
2279 -0.54052436 0.3674645
1504 -0.5154289 0.4061752
2709 -0.57531166 0.3269287
2400 -0.447723 0.49483275
1993 -0.5008704 0.42242602
2375 -0.44474137 0.5050784
2702 -0.5291474 0.39177212
1438 -0.4120386 0.54456514
787 -0.7048867 0.14740975
380 -0.56534916 0.3346412
2872 -0.41319615 0.54098934
1680 -0.61253214 0.2668266
1041 -0.66670936 0.20324174
2177 -0.51758605 0.39220437
2522 -0.42399445 0.5299027
2377 -0.49858093 0.42755875
1403 -0.39547285 0.57515115
221 -0.71639156 0.13712192
1778 -0.53766644 0.36427802
3010 -0.57727695 0.32670912
2975 -0.4522613 0.489283
1506 -0.5701199 0.3338636
3411 -0.47335806 0.46090227
2019 -0.49212798 0.43934816
409 -0.79230314 0.028867451
3112 -0.5517452 0.35954744
1819 -0.4515588 0.49256817
400 -0.614941 0.2673628
2464 -0.38158345 0.5923556
1053 -0.7367929 0.10900564
2726 -0.45606133 0.48525447
365 -0.7250515 0.12514344
366 -0.68918437 0.16556433
1040 -0.5896654 0.30633438
1681 -0.44639757 0.49138337
1084 -0.6142076 0.26768515
2638 -0.43395117 0.5193233
1392 -0.40094995 0.5637286
2030 -0.34530586 0.63697624
367 -0.59149736 0.30537984
1079 -0.6109757 0.28271925
2871 -0.42088735 0.53959227
1780 -0.6363853 0.24564898
3327 -0.43273157 0.52117634
359 -0.60673773 0.27473697
2327 -0.43352333 0.51779705
1464 -0.4730819 0.46298176
3034 -0.47645456 0.45974103
2723 -0.44793966 0.4941189
2850 -0.43867785 0.5097333
3125 -0.4650185 0.47690514
2099 -0.3013732 0.6999894
1375 -0.54732114 0.36211383
3366 -0.54520494 0.3602886
2380 -0.55088335 0.360836
1517 -0.5634194 0.34175548
2606 -0.4266575 0.5320337
2696 -0.51105064 0.4172104
356 -0.5610451 0.3393352
1686 -0.41309425 0.54105866
2251 -0.44430912 0.5027459
2985 -0.48701638 0.43727577
1455 -0.42167664 0.5308792
445 -0.7147395 0.13369396
2535 -0.34668043 0.64691675
1837 -0.39200136 0.56608725
955 -0.69551885 0.15393926
776 -0.7161031 0.13625619
903 -0.6414419 0.23915336
441 -0.617472 0.25649673
1813 -0.45548514 0.4868419
506 -0.6136973 0.2743516
211 -0.606158 0.2886832
1421 -0.52959013 0.38559327
2853 -0.33976176 0.6517305
877 -0.7382576 0.10077786
3009 -0.57207364 0.32084414
2032 -0.39345056 0.57671005
2661 -0.4602238 0.4864168
1135 -0.62198484 0.25389144
2784 -0.49679708 0.42350605
3166 -0.62790334 0.24613722
2888 -0.45455226 0.492884
1828 -0.43046635 0.52182144
2650 -0.39761928 0.56369114
1535 -0.42246923 0.53354836
2662 -0.5374315 0.37820792
1333 -0.45514798 0.48467174
3347 -0.5582122 0.34867796
1047 -0.6668386 0.19269201
2621 -0.47788665 0.45129448
2678 -0.3455979 0.636745
2143 -0.4654464 0.472254
2608 -0.5100395 0.41254273
420 -0.6701437 0.19918829
3351 -0.5646403 0.3395183
1649 -0.44041333 0.5093829
355 -0.6140326 0.27743024
1758 -0.53015256 0.38256058
408 -0.6553257 0.21063563
1934 -0.3188928 0.68398815
2961 -0.38158342 0.5895699
491 -0.77750844 0.04734864
2255 -0.42428908 0.52935964
2326 -0.38666847 0.59191835
821 -0.7904499 0.027652359
3338 -0.528949 0.39144105
1513 -0.564228 0.3344508
1510 -0.464864 0.47684586
1426 -0.61365926 0.26937768
1137 -0.61288404 0.27344215
352 -0.6659679 0.19759212
2519 -0.37574762 0.5958531
1981 -0.3807383 0.5938277
1842 -0.39617884 0.5766473
2708 -0.49487048 0.43512273
2208 -0.48561874 0.4490124
1404 -0.47247168 0.4587357
2237 -0.64029306 0.23696275
3164 -0.6502223 0.2211462
2894 -0.54960203 0.354694
953 -0.61630464 0.26605707
1944 -0.45813155 0.477994
406 -0.5550674 0.34231463
1696 -0.47419432 0.46510595
1990 -0.43550503 0.51426923
2324 -0.41405648 0.5463129
1071 -0.66837233 0.19623597
2919 -0.31926844 0.6811742
1520 -0.5370001 0.37282124
2005 -0.34642988 0.6342622
3242 -0.3202609 0.6718424
2878 -0.513288 0.40373304
2746 -0.4666032 0.46665835
373 -0.6346576 0.2413378
2700 -0.49341944 0.43619666
1068 -0.59963244 0.28600496
2216 -0.63365054 0.24659957
2642 -0.48004445 0.4481589
405 -0.6807801 0.1851403
3089 -0.37935552 0.59726906
2554 -0.5002862 0.4250785
3413 -0.47283342 0.46123618
2393 -0.40680587 0.555985
888 -0.78649324 0.03596058
1072 -0.653221 0.21871927
1446 -0.47974515 0.45181954
471 -0.67488056 0.18978219
508 -0.6967115 0.15797527
338 -0.60239506 0.28930303
1406 -0.5735152 0.3215378
1422 -0.50809973 0.40940955
191 -0.62529063 0.2534293
2243 -0.5478931 0.35743308
825 -0.7411192 0.10204576
2094 -0.3410969 0.6471278
155 -0.66454244 0.20722182
2639 -0.55203295 0.35324734
2741 -0.50766164 0.42128986
2742 -0.600638 0.28555617
899 -0.6394237 0.2377635
2609 -0.52518713 0.38636726
2118 -0.42927134 0.5155679
2754 -0.46118733 0.4845398
1654 -0.49308 0.43400785
2724 -0.41866747 0.54343766
2370 -0.32729793 0.67071295
2794 -0.50506055 0.41599932
1459 -0.3953127 0.5724381
2199 -0.46289 0.47899953
1509 -0.526696 0.39761427
3229 -0.5083602 0.4211812
1656 -0.54801804 0.35587856
2200 -0.56017363 0.3381423
2394 -0.50233275 0.4194905
2514 -0.37701315 0.5884376
2185 -0.5500502 0.34989277
427 -0.6655664 0.20332286
3096 -0.49365896 0.44275436
1825 -0.52824664 0.39426824
1377 -0.51928973 0.39565298
250 -0.7499194 0.08106412
996 -0.62014693 0.25706667
3191 -0.5615045 0.34335202
937 -0.63856643 0.23628318
2000 -0.48724857 0.44433755
1399 -0.45623672 0.49026147
1966 -0.39836565 0.5666819
1024 -0.69826704 0.16189626
2134 -0.54913837 0.3490532
1598 -0.45580354 0.49254057
800 -0.6477105 0.22800468
1025 -0.5669052 0.33332253
410 -0.72174627 0.12019818
329 -0.6733026 0.19005238
255 -0.6917154 0.16837415
364 -0.61308914 0.26930714
1714 -0.40595505 0.5519115
1905 -0.3345815 0.6624065
1415 -0.52284646 0.39975518
2628 -0.4520025 0.4987965
2865 -0.5495125 0.36022973
3202 -0.52965814 0.38188595
1987 -0.48269054 0.44525036
3149 -0.52966195 0.39265543
2565 -0.42249876 0.5328324
1023 -0.54373044 0.36564654
3190 -0.62122786 0.25989106
1761 -0.46817473 0.4748186
2342 -0.43412936 0.5251489
1378 -0.50915956 0.42015338
1833 -0.45273232 0.49861863
2786 -0.5657047 0.33097225
2158 -0.58790666 0.30219802
3105 -0.5243364 0.392522
273 -0.8038379 0.011089618
134 -0.84581137 -0.03989361
69 -0.76180667 0.07358554
494 -0.6869765 0.17661658
2735 -0.52411336 0.39525163
2761 -0.5380584 0.37522474
2572 -0.3613392 0.62676495
1749 -0.38549674 0.5841947
1027 -0.5838781 0.3063088
1762 -0.5242751 0.39792237
3203 -0.58562857 0.30855334
1005 -0.54044753 0.3793598
75 -0.6734036 0.19286114
1923 -0.4533627 0.48049968
1453 -0.4984969 0.4331361
3066 -0.48700038 0.44606176
1994 -0.47980615 0.4563964
493 -0.6237862 0.25745022
911 -0.6343961 0.23164147
407 -0.7127302 0.1339111
3117 -0.54188424 0.37156957
215 -0.64833504 0.22419612
128 -0.6917444 0.15859789
1330 -0.51847416 0.40655535
2317 -0.3424232 0.64639926
1670 -0.4735501 0.45594925
1038 -0.59210426 0.29486442
2745 -0.55102634 0.35011852
226 -0.6786396 0.18046698
1959 -0.33719754 0.64884776
1835 -0.38057142 0.59451
2634 -0.41135958 0.5486521
892 -0.65557283 0.21575677
1419 -0.513508 0.4032885
323 -0.7715524 0.054461785
1328 -0.45079467 0.48677596
2705 -0.45997444 0.47016853
3021 -0.69939023 0.16158503
1379 -0.51499885 0.4076149
1565 -0.44842964 0.4853555
1979 -0.38149986 0.5908918
2096 -0.39547315 0.5772754
2792 -0.46880546 0.46867055
2395 -0.46685278 0.47868872
2897 -0.5114447 0.4085015
795 -0.7130553 0.1345038
2532 -0.4479904 0.4923424
1800 -0.55710757 0.3373456
934 -0.636986 0.24098088
1750 -0.40564263 0.55272985
1743 -0.45599014 0.48047638
928 -0.67731524 0.1849175
2749 -0.5991912 0.28489164
1617 -0.53893465 0.37659702
2641 -0.37907577 0.5987055
2040 -0.41806307 0.54006994
2789 -0.47348452 0.46378374
1305 -0.509569 0.40963662
2989 -0.537546 0.36597395
213 -0.6307913 0.24501252
2622 -0.45752355 0.48281288
2647 -0.41476795 0.5379927
2785 -0.54336447 0.36072314
1608 -0.56377953 0.33687603
1980 -0.4217031 0.52638716
3205 -0.5562514 0.35219684
90 -0.7660553 0.057627562
2875 -0.4699548 0.45193228
1081 -0.5052042 0.41768822
2879 -0.55454177 0.34812745
2135 -0.53396386 0.3829005
923 -0.67167354 0.1927834
3094 -0.51549524 0.41057688
348 -0.6034229 0.2874003
2898 -0.4749585 0.46648854
1936 -0.3594362 0.6199545
2307 -0.35962868 0.62144065
454 -0.68396014 0.18777916
3285 -0.40955946 0.5533557
2274 -0.45055857 0.4971201
1693 -0.5098615 0.41784284
890 -0.72045475 0.13138555
2757 -0.48939878 0.44185662
2482 -0.34852362 0.63266975
2017 -0.35758957 0.61773705
2643 -0.41489142 0.54780567
778 -0.7116571 0.13834125
2862 -0.5171194 0.4022785
2685 -0.40808013 0.5457125
1350 -0.37431934 0.60260636
1548 -0.43230695 0.5273625
147 -0.6924483 0.15510248
1109 -0.4603992 0.47827688
1709 -0.4746952 0.4610432
1613 -0.4743188 0.47257602
2743 -0.5460537 0.35432556
2781 -0.49490082 0.43211824
2602 -0.44628012 0.49988255
2352 -0.42184028 0.53921354
2289 -0.4120219 0.54181457
950 -0.6100789 0.27267337
3323 -0.3072913 0.68592715
2529 -0.51466817 0.4006399
3045 -0.3552075 0.6277951
1133 -0.6877604 0.16486599
2290 -0.3378864 0.64535475
518 -0.7822717 0.043833278
1667 -0.4541349 0.47963274
1132 -0.7507297 0.08466736
2716 -0.42922407 0.52833885
1566 -0.43974838 0.5113276
2579 -0.3984003 0.5784297
375 -0.5456725 0.36440548
2971 -0.45706356 0.48676896
2654 -0.44791242 0.50163716
102 -0.7367173 0.111283764
1400 -0.49451855 0.43382388
1508 -0.4737454 0.45699343
1976 -0.39528224 0.5719255
1016 -0.61619747 0.27081907
2344 -0.39519748 0.5768527
1685 -0.45231438 0.49151105
1808 -0.64184487 0.23089013
1144 -0.6186796 0.26345986
3159 -0.55420417 0.35546127
3141 -0.53102887 0.37993369
1747 -0.4336028 0.5187183
3054 -0.41029805 0.54846996
1614 -0.49467966 0.4298719
2384 -0.51647943 0.4074835
2682 -0.35302955 0.6239847
2883 -0.46978667 0.46899846
1261 -0.5166345 0.406418
347 -0.6079404 0.28388277
3035 -0.4638473 0.4764374
2612 -0.5033885 0.41590402
1462 -0.51598257 0.40745968
1032 -0.61363935 0.27446234
1601 -0.48577383 0.44202444
1779 -0.5172398 0.39563683
320 -0.7157854 0.13124996
1051 -0.6976463 0.15849692
3128 -0.37479398 0.6034017
1428 -0.57682306 0.31973138
1391 -0.36024746 0.6241527
515 -0.66715896 0.19469546
457 -0.7316186 0.11003664
144 -0.7503256 0.08337316
2991 -0.57834685 0.32146788
3020 -0.49682075 0.42965218
2292 -0.43402848 0.52334493
2764 -0.5994237 0.2976972
3165 -0.6233129 0.25271183
2364 -0.3413655 0.6505578
1254 -0.4289101 0.52620167
1334 -0.48606583 0.43921992
3354 -0.46442074 0.47244692
2619 -0.4747016 0.46404496
1605 -0.57085496 0.32226744
2797 -0.4834122 0.4481707
2990 -0.5123777 0.41267407
2136 -0.57699984 0.32089576
2951 -0.35857466 0.62770754
2595 -0.35868374 0.6200904
1448 -0.4291154 0.5334525
2154 -0.47500512 0.459841
156 -0.6501859 0.22122794
2684 -0.4410152 0.5019303
1119 -0.55598027 0.34756064
331 -0.72177404 0.11628548
3067 -0.5101935 0.4096792
346 -0.6364465 0.23719499
1860 -0.40781704 0.5545407
2759 -0.538771 0.3677698
2615 -0.43440285 0.52083963
1960 -0.42326164 0.53112084
2980 -0.5013102 0.4238905
1516 -0.39445096 0.5708616
2338 -0.48062366 0.44437242
3014 -0.5440247 0.3706254
2587 -0.31235397 0.6827371
1442 -0.54641145 0.3607446
199 -0.5703256 0.3364181
1651 -0.48286647 0.4559935
210 -0.65834594 0.20805317
205 -0.5394165 0.37203094
1085 -0.51579624 0.4042634
2397 -0.47208443 0.46609923
2405 -0.31513962 0.6828158
2566 -0.41199717 0.54688185
1088 -0.62594473 0.25892502
2651 -0.38641736 0.5836794
1953 -0.43645832 0.5076741
1376 -0.5224765 0.39465976
793 -0.6518267 0.22773317
3019 -0.55006856 0.35803145
3188 -0.6137893 0.27231482
1711 -0.4174444 0.54229003
879 -0.80738914 0.0063823997
1666 -0.53378576 0.37944525
151 -0.6491263 0.21378402
1277 -0.52202016 0.39246202
2722 -0.4737648 0.47086102
1704 -0.45000893 0.4890608
2562 -0.23021877 0.80265874
1986 -0.4381989 0.5157836
173 -0.6016374 0.29185507
3007 -0.5386695 0.36771482
2699 -0.4104381 0.56134474
1691 -0.42014465 0.5312168
1690 -0.4360744 0.5118639
1125 -0.5865982 0.3049119
1134 -0.67289186 0.19893551
2031 -0.26432094 0.75951374
2021 -0.48127303 0.44696128
115 -0.7019338 0.15006728
2510 -0.45696953 0.48498732
3201 -0.5773148 0.3236542
257 -0.70089245 0.14619873
343 -0.6528127 0.2150665
1095 -0.5686317 0.33192742
2986 -0.4329738 0.5180021
3132 -0.4157071 0.54050463
1587 -0.4497187 0.49471912
3367 -0.5269846 0.39117134
2097 -0.31675613 0.68154025
2527 -0.43109515 0.52789384
2858 -0.29158607 0.7128197
2646 -0.37374917 0.59648776
1080 -0.48140064 0.4440575
1591 -0.4487104 0.49306545
2600 -0.5674677 0.33236766
581 -0.8088582 0.011445049
2130 -0.517818 0.39569074
3018 -0.5056456 0.4007378
947 -0.65144295 0.21515162
3095 -0.53540754 0.37861103
920 -0.60898715 0.2764761
2867 -0.5073256 0.41748565
3055 -0.41777667 0.54769474
3369 -0.4478106 0.5039885
113 -0.6340013 0.24490367
1992 -0.39761922 0.5676793
1512 -0.46864802 0.47686288
1094 -0.6587242 0.21136767
2319 -0.43791834 0.5135666
2517 -0.39642784 0.56552625
2160 -0.5639545 0.33920476
3224 -0.45255685 0.49351695
3140 -0.51434535 0.40662786
1062 -0.58987737 0.306202
2795 -0.42232734 0.5346044
1971 -0.42779416 0.52660793
1342 -0.49702406 0.42940894
1784 -0.4703264 0.46522462
2002 -0.43404827 0.520288
2376 -0.43332726 0.51695925
1115 -0.5754073 0.31308874
2994 -0.4535295 0.4849547
2771 -0.58514225 0.31184644
1595 -0.49809417 0.42854038
2748 -0.585703 0.3151358
991 -0.62930465 0.25060678
3091 -0.39092323 0.5806431
913 -0.6196882 0.2693341
2998 -0.5430642 0.36263186
1949 -0.37380025 0.59718907
2090 -0.37062413 0.6030081
1045 -0.6142908 0.27256235
3147 -0.59720933 0.2923211
2068 -0.3532007 0.6247237
291 -0.7257897 0.12342249
3110 -0.5069743 0.41382527
2729 -0.45169997 0.4877533
1430 -0.54544383 0.36379758
353 -0.6953003 0.15464294
2541 -0.4058355 0.5564018
2300 -0.30553424 0.6970613
2323 -0.38830298 0.57996833
2869 -0.4140125 0.54361135
438 -0.6719033 0.19380315
810 -0.7676733 0.06189941
908 -0.6301507 0.24868862
2266 -0.3331544 0.64895326
3029 -0.5170424 0.3964076
3160 -0.5824892 0.31552693
1294 -0.45661354 0.48508075
915 -0.7199585 0.12510458
2921 -0.38909358 0.57975674
2881 -0.5010696 0.42463288
2910 -0.36821157 0.60363954
1386 -0.4555298 0.48457387
2007 -0.35921362 0.6230725
2804 -0.48959312 0.44291574
1336 -0.46569842 0.47503513
2533 -0.377675 0.5952886
3334 -0.47338575 0.4655419
1838 -0.37174994 0.60140514
1057 -0.57461524 0.31992766
2736 -0.4651459 0.47224575
1978 -0.3331675 0.6540846
2356 -0.36210844 0.6200092
70 -0.759359 0.075378336
1128 -0.6241883 0.26065913
2567 -0.4103339 0.55638343
2623 -0.45317626 0.49129096
1120 -0.51583284 0.4128426
1894 -0.30967036 0.6933681
1720 -0.3659465 0.6045215
289 -0.72859335 0.11695313
3281 -0.40746495 0.55749196
2680 -0.36358967 0.61720055
2372 -0.4257001 0.5321869
2460 -0.31526992 0.6795653
2907 -0.39792627 0.5701209
485 -0.67201746 0.19648229
1689 -0.44672677 0.49957603
2890 -0.55100614 0.3551572
2593 -0.35200554 0.6346603
2459 -0.37855077 0.5996367
3345 -0.6528546 0.2143761
2223 -0.51135606 0.4092332
2390 -0.5030325 0.42489544
37 -0.7207013 0.13009985
3145 -0.5698242 0.33727193
1891 -0.2583111 0.7655304
519 -0.5970722 0.28949815
2644 -0.37726542 0.5939488
3185 -0.60372525 0.28578818
1699 -0.4726235 0.46100643
487 -0.61602646 0.27283663
1083 -0.61394054 0.2686367
349 -0.6399422 0.2389003
1296 -0.47917065 0.44804233
2945 -0.3513594 0.6345012
369 -0.6058488 0.27792645
3198 -0.5700235 0.3363758
1075 -0.607435 0.27104607
1035 -0.5970693 0.28940752
220 -0.66539836 0.19745958
315 -0.7958518 0.031853303
2664 -0.3749798 0.60880584
2024 -0.49890324 0.42692795
264 -0.67982745 0.18738908
1870 -0.42337266 0.530373
324 -0.72978747 0.10580392
2369 -0.39416984 0.5735683
803 -0.7175006 0.13614434
2481 -0.29381108 0.7130227
495 -0.69516087 0.15121792
3119 -0.42829514 0.5193502
1013 -0.68167377 0.18226445
781 -0.6343367 0.2431562
2321 -0.3870029 0.5905535
125 -0.67305654 0.18941072
3319 -0.37708703 0.596069
1387 -0.46661016 0.47990674
1829 -0.5067623 0.41354656
2346 -0.37076005 0.61546844
936 -0.5884828 0.30449715
225 -0.6399699 0.23435572
883 -0.79102767 0.03393645
2632 -0.40984094 0.56097686
2267 -0.37373072 0.5976545
3023 -0.5197457 0.40175283
2217 -0.5702833 0.32976434
1411 -0.65415686 0.21106884
1854 -0.37108818 0.60873115
2721 -0.4992277 0.43065715
3283 -0.51444006 0.40396434
2755 -0.4982285 0.4356781
1030 -0.6058753 0.27466288
1924 -0.29499823 0.714863
918 -0.6837842 0.17001578
1983 -0.3312852 0.659146
3150 -0.54708517 0.36276037
916 -0.638078 0.23960292
3012 -0.5123645 0.41645336
3042 -0.39241207 0.56934017
505 -0.69359493 0.16438723
397 -0.65525097 0.22002035
2457 -0.3187551 0.68086445
1393 -0.3935933 0.58049583
3412 -0.4827325 0.44225597
175 -0.5657293 0.33891097
1783 -0.545118 0.3650245
2461 -0.35866097 0.6284538
1859 -0.38389805 0.5807204
2877 -0.47229615 0.468051
2389 -0.41903675 0.53276145
354 -0.65531385 0.20801565
2046 -0.435451 0.5095566
3135 -0.4595494 0.4814512
1274 -0.5467145 0.36403048
2006 -0.32710174 0.6764447
876 -0.7611056 0.06790194
2954 -0.495755 0.43047264
170 -0.55873823 0.3450741
3400 -0.43403158 0.5194704
1505 -0.40515336 0.55560976
3024 -0.5088923 0.4063407
2014 -0.43828285 0.5215934
2809 -0.406769 0.5565138
2502 -0.29556182 0.71045566
208 -0.5888433 0.306483
3402 -0.47331503 0.46137932
1745 -0.43129295 0.51849186
2836 -0.34350017 0.63996404
2818 -0.4403411 0.5048773
1034 -0.6287588 0.25194156
3176 -0.61897916 0.25762784
2580 -0.47790644 0.44650322
228 -0.6893577 0.16336362
1593 -0.4750514 0.45729202
514 -0.6798285 0.18288735
2087 -0.24044746 0.7920051
2462 -0.3877261 0.58410656
2924 -0.3806614 0.5850359
1300 -0.49707493 0.42414388
2728 -0.5330048 0.38745683
2437 -0.36714897 0.6001267
2265 -0.32955745 0.6590631
3225 -0.4248315 0.5288957
145 -0.67736715 0.1756014
224 -0.6706875 0.19372702
3282 -0.47661617 0.4613502
3161 -0.56910807 0.32597935
2774 -0.46154368 0.4888676
3333 -0.45985273 0.48253813
469 -0.66537726 0.20288973
3405 -0.50371397 0.4209398
783 -0.73124516 0.10624358
2291 -0.343246 0.64193213
86 -0.69513506 0.15754126
2769 -0.6007232 0.294012
103 -0.72225654 0.11721418
2714 -0.53881586 0.3730264
111 -0.81811625 -4.9616086e-05
1991 -0.419411 0.52804655
939 -0.64256895 0.23308958
3370 -0.42382386 0.52989954
1827 -0.51168746 0.40457252
2802 -0.4521141 0.49168688
1036 -0.59384555 0.30249852
1982 -0.424663 0.5329513
2552 -0.41879666 0.5501415
401 -0.60938996 0.27571207
2950 -0.3275172 0.66576785
1746 -0.3802758 0.6009658
1703 -0.4460066 0.5002651
1739 -0.48634237 0.43759093
1087 -0.5449515 0.37112558
1792 -0.6576984 0.21114899
813 -0.7219035 0.1226168
1463 -0.48846167 0.42914236
926 -0.5872502 0.31000715
1816 -0.53566897 0.3724967
2438 -0.32339177 0.6737617
897 -0.6346099 0.23792168
940 -0.64718986 0.23177902
2236 -0.57835543 0.31310502
154 -0.6815771 0.17059653
1665 -0.51821357 0.40133008
1671 -0.4662924 0.46846515
3192 -0.52371436 0.3865774
2260 -0.34397316 0.6436625
3280 -0.50608194 0.41733265
150 -0.7348789 0.1065847
2926 -0.4756212 0.46174103
1467 -0.55685735 0.34226453
117 -0.6365395 0.23474236
1857 -0.35631824 0.6241968
334 -0.74301624 0.09751544
1851 -0.35216293 0.62866974
2617 -0.5713655 0.3342997
3059 -0.35391235 0.6243302
325 -0.76685476 0.05654981
1791 -0.6396951 0.22569327
2594 -0.36763206 0.6033486
957 -0.62308365 0.26238418
925 -0.58100384 0.31118038
3194 -0.48336068 0.4500609
3214 -0.5421991 0.37538463
3071 -0.36771435 0.6057496
433 -0.7412569 0.10916045
3230 -0.5367532 0.37806946
2766 -0.664843 0.198587
2425 -0.3868153 0.5828703
1721 -0.42318344 0.53082687
1584 -0.38637772 0.58628726
1543 -0.41915244 0.53579104
1773 -0.53859323 0.36247465
818 -0.68569386 0.17148536
3002 -0.540491 0.3689853
1668 -0.39550322 0.5820865
2671 -0.3582971 0.6217714
3056 -0.34969798 0.63765955
3039 -0.4032232 0.5532024
2720 -0.4401375 0.5016011
2575 -0.35992056 0.6251241
1876 -0.31650567 0.680083
1974 -0.27869245 0.73160505
1307 -0.45951805 0.48257178
1594 -0.46051273 0.47430295
2085 -0.24804726 0.79217356
217 -0.68359494 0.17348202
808 -0.6814342 0.18065172
2411 -0.2081524 0.83975965
1458 -0.4516338 0.49384516
2710 -0.50959057 0.40230772
1142 -0.59257454 0.29740748
177 -0.5586512 0.34521568
1301 -0.47882393 0.4570884
1604 -0.53604424 0.38985
3362 -0.43899044 0.5087644
169 -0.5905855 0.2944886
3236 -0.38683537 0.5778632
2633 -0.47327122 0.4670097
341 -0.71024376 0.13871479
463 -0.5716568 0.33032694
2681 -0.42982486 0.5194071
770 -0.7750422 0.048679776
2588 -0.40083426 0.5747992
2833 -0.39603078 0.57032204
2038 -0.2956544 0.70584214
483 -0.54713905 0.3585429
1326 -0.39800116 0.5776217
2740 -0.6042377 0.27812892
116 -0.65028155 0.22093973
2873 -0.41912976 0.5294041
2598 -0.48470277 0.44510674
3098 -0.51648945 0.4054121
3254 -0.37557396 0.5980759
3349 -0.5592862 0.34814322
3048 -0.39700454 0.5723945
2577 -0.35483554 0.6260987
120 -0.6420056 0.24028255
502 -0.7272344 0.11515105
2782 -0.5109652 0.41764688
3129 -0.46200347 0.47706753
1439 -0.4845926 0.4466947
2449 -0.29601157 0.70777345
2028 -0.3995192 0.5703501
2299 -0.38735235 0.5788786
2036 -0.31960702 0.67564505
1904 -0.3345885 0.6494186
35 -0.6848315 0.17094797
2298 -0.41289952 0.5467863
1033 -0.62677234 0.25106418
1114 -0.557162 0.3517897
362 -0.55908144 0.3399389
1804 -0.565303 0.33004972
174 -0.5932088 0.29628474
2762 -0.6196238 0.26326877
1922 -0.49275714 0.4331671
2316 -0.28236657 0.7356577
3403 -0.51729256 0.40551823
1688 -0.4568638 0.48447138
943 -0.61541677 0.27596265
2259 -0.42986542 0.5205521
1335 -0.48025173 0.45274848
1751 -0.33395615 0.65821326
797 -0.74200976 0.10025923
2029 -0.37446135 0.59555733
2930 -0.3189698 0.67838085
2977 -0.5015662 0.4275646
2071 -0.3004497 0.69947356
2240 -0.48949948 0.4405587
1700 -0.44394594 0.49618396
1533 -0.47477975 0.45749596
3210 -0.5252859 0.39989138
517 -0.6715307 0.1840985
312 -0.79483527 0.026539586
1107 -0.54260993 0.36280867
1562 -0.4814995 0.4529546
1044 -0.6225902 0.2592232
3046 -0.5167347 0.40403876
2009 -0.36830688 0.61030465
301 -0.7489753 0.0895254
2578 -0.44447613 0.49244916
2543 -0.3311712 0.6551052
2904 -0.4074835 0.56095123
1450 -0.3921933 0.5679451
1110 -0.5047018 0.41947696
1753 -0.3594171 0.61445665
3414 -0.5182402 0.40521598
2596 -0.4518152 0.48688674
3206 -0.4277979 0.52465063
2691 -0.57609147 0.32293007
788 -0.73563415 0.09963695
826 -0.75223935 0.080922365
3168 -0.6900123 0.1583219
24 -0.76971555 0.058655392
3106 -0.5047854 0.4248514
339 -0.5970347 0.28856158
2788 -0.5969317 0.2961324
1106 -0.5512772 0.3544353
2993 -0.6376617 0.24556266
1675 -0.5302945 0.39207628
2978 -0.46977177 0.46633434
119 -0.6842612 0.17138313
3040 -0.36570168 0.6086927
2374 -0.43564174 0.5137936
2505 -0.39503658 0.5655451
765 -0.7092882 0.13833016
2582 -0.3280334 0.66252583
1338 -0.46059588 0.47377765
2441 -0.28490967 0.7239619
2903 -0.5075123 0.41720858
3330 -0.4170753 0.54292905
2336 -0.5376007 0.37627867
1669 -0.4715225 0.46230474
293 -0.69287497 0.15473342
1871 -0.36729953 0.6090088
1931 -0.34064937 0.64175093
500 -0.7191328 0.13040267
1267 -0.41314742 0.5450176
1718 -0.44714892 0.50098395
823 -0.7941801 0.038584586
1663 -0.48970953 0.4430879
2483 -0.3536794 0.6386665
302 -0.7078113 0.15148775
1967 -0.42504677 0.5229062
157 -0.65156054 0.21815784
2747 -0.50665593 0.41161025
203 -0.60867375 0.27809054
1313 -0.36023036 0.6195243
1657 -0.48544657 0.43741912
2614 -0.47710487 0.45692262
3083 -0.31359404 0.6839059
449 -0.660414 0.21442313
1552 -0.49924952 0.42822787
1454 -0.43781874 0.51141477
498 -0.65105134 0.21641035
2863 -0.48706603 0.4339736
1337 -0.4576525 0.4874116
3017 -0.51526177 0.3989465
2624 -0.46779585 0.4711093
1801 -0.5367134 0.373809
3371 -0.45796615 0.4854232
2398 -0.46317804 0.47479427
447 -0.73074883 0.10645435
3186 -0.6453398 0.22768486
3087 -0.39194202 0.56945765
2963 -0.38263372 0.58560544
1868 -0.33473644 0.6636959
2465 -0.32998952 0.6649403
977 -0.58113533 0.3146668
450 -0.7020904 0.15962797
3116 -0.4877753 0.43975025
2592 -0.34072345 0.6439323
1253 -0.41524446 0.5431218
994 -0.6290566 0.25166076
138 -0.7899625 0.040865753
1434 -0.4668181 0.46889532
2763 -0.6957318 0.15781462
1292 -0.4757353 0.4561438
1733 -0.5094586 0.4262463
2334 -0.49542865 0.4299542
3101 -0.5238826 0.3947908
1977 -0.40695813 0.5525686
2451 -0.2659828 0.76527673
129 -0.80025405 0.023302352
1278 -0.5625408 0.33840328
751 -0.7588193 0.071373485
2466 -0.24162976 0.789913
1388 -0.39021462 0.5779453
1741 -0.40196207 0.54257023
1395 -0.5147036 0.40211803
2758 -0.5876933 0.3055459
2365 -0.29050735 0.7175103
254 -0.6887988 0.16870548
2296 -0.26560003 0.7553531
1550 -0.43847913 0.5112087
2249 -0.46194875 0.48193926
2915 -0.4091336 0.5534374
2047 -0.35584375 0.6383758
1329 -0.37535703 0.60698813
3070 -0.38391906 0.5820169
784 -0.6833841 0.17295665
2204 -0.43749955 0.5047724
158 -0.68396723 0.17579782
1877 -0.39260948 0.5762168
1385 -0.4675984 0.47055185
1841 -0.45879745 0.47635564
2892 -0.50465107 0.41188726
3100 -0.54793704 0.36239928
247 -0.72161263 0.12528515
371 -0.5491972 0.3597789
1279 -0.5253609 0.3891244
2955 -0.35941148 0.6176042
319 -0.72569054 0.111534275
2048 -0.292086 0.7160635
3237 -0.34138379 0.6296962
2355 -0.37027082 0.6117233
2677 -0.33837792 0.65431803
3286 -0.4183406 0.5457254
1265 -0.5116936 0.42348155
3197 -0.4641887 0.47078112
259 -0.60906 0.27750874
3358 -0.4397639 0.513059
2506 -0.34233424 0.64735323
2997 -0.60478455 0.2721353
2474 -0.23394418 0.8014484
2968 -0.4067673 0.5585269
2683 -0.2824184 0.72632873
2870 -0.46270496 0.48043755
1972 -0.32291025 0.67251945
1834 -0.3685465 0.5982395
2426 -0.34012073 0.6576232
148 -0.6860562 0.16803952
2969 -0.42687282 0.5302212
768 -0.7271344 0.1206851
92 -0.7372433 0.1035958
520 -0.7764856 0.053104572
3104 -0.45712844 0.4850291
207 -0.62908703 0.25370833
2832 -0.36795667 0.6082198
1061 -0.65769327 0.20894825
446 -0.79908395 0.024183495
391 -0.5139698 0.39252958
430 -0.6974227 0.15121374
1695 -0.4911837 0.4357803
1302 -0.51308393 0.4071429
1770 -0.63995796 0.23065273
429 -0.7991063 0.015439319
2059 -0.32940832 0.6670149
1433 -0.49151564 0.4423522
497 -0.7635707 0.06704936
268 -0.73717535 0.10493744
267 -0.8147981 0.009844696
1372 -0.42339075 0.52792704
3357 -0.4215253 0.5361837
2960 -0.44272223 0.50619715
1645 -0.48457748 0.4401863
2840 -0.36611935 0.6048857
360 -0.6476646 0.2302777
3016 -0.461522 0.4792346
987 -0.59006274 0.30798057
1616 -0.50812304 0.41217184
1054 -0.65872043 0.21050295
2304 -0.355978 0.625731
351 -0.57179576 0.32588446
1558 -0.38598457 0.5865898
592 -0.7924587 0.028645521
2080 -0.21416983 0.8275623
1039 -0.6175445 0.26343614
2672 -0.33741978 0.6628065
2301 -0.2887305 0.7135791
790 -0.6606376 0.20671462
442 -0.75877815 0.084129244
1957 -0.39151266 0.5753672
1736 -0.37268347 0.6038804
2378 -0.4932131 0.44036084
1259 -0.47215 0.46462122
3171 -0.51989955 0.39854214
2943 -0.27647197 0.7318703
1925 -0.37699872 0.59933215
1865 -0.40548536 0.55545694
1589 -0.38686666 0.57994795
2273 -0.4925069 0.44349867
2257 -0.37489933 0.6097182
3069 -0.39791235 0.56613725
455 -0.6635638 0.20913312
2003 -0.37380818 0.6005337
2631 -0.4608776 0.48218086
3043 -0.39580733 0.5820698
896 -0.6862801 0.17669055
2013 -0.3437887 0.6396389
39 -0.70416504 0.14750531
398 -0.61903733 0.2659099
2488 -0.32661664 0.6670626
3218 -0.45956102 0.4815049
2443 -0.29873693 0.6943425
1089 -0.5776406 0.3191725
2799 -0.4325943 0.5185709
479 -0.5590274 0.35039023
1003 -0.56720704 0.3342442
3163 -0.48146585 0.44885135
2270 -0.40712893 0.5598028
2796 -0.44080693 0.50161093
2690 -0.51765 0.40045583
1396 -0.39575145 0.5639399
3137 -0.47172555 0.46843454
1920 -0.36508167 0.6161171
256 -0.72233695 0.117956325
932 -0.69161236 0.16998367
2648 -0.30424887 0.69961816
2944 -0.35734543 0.62949216
3180 -0.6290797 0.25798675
1647 -0.41190135 0.54473335
2520 -0.4212214 0.5386916
416 -0.8225113 -0.0094414065
962 -0.6284526 0.24692935
1787 -0.5939649 0.29999962
98 -0.7770747 0.054559387
815 -0.6980114 0.15534322
2387 -0.36181575 0.6206011
3241 -0.30577588 0.6912061
1582 -0.38284802 0.59323657
2842 -0.28155023 0.728338
3217 -0.43022767 0.52035916
230 -0.70293164 0.14551821
3033 -0.5524724 0.3478462
895 -0.6842777 0.17130159
1881 -0.36235845 0.61670727
3401 -0.45484337 0.48909023
114 -0.7526913 0.084487215
2730 -0.4286077 0.5279563
2737 -0.49558955 0.43145505
1653 -0.40092453 0.55954003
2191 -0.46244955 0.48250553
2348 -0.31511006 0.6849027
1065 -0.71337986 0.14211005
38 -0.6594936 0.21002455
165 -0.59643555 0.2881574
1684 -0.4482322 0.49541962
910 -0.7107795 0.13987473
933 -0.6520926 0.22642893
1555 -0.36298594 0.61275166
2089 -0.26298812 0.7538539
1097 -0.59886926 0.28953326
1646 -0.37007514 0.6108057
2511 -0.36533722 0.6128732
3211 -0.59371626 0.29979256
3156 -0.52337515 0.39585552
2500 -0.31605124 0.67936665
3044 -0.41933286 0.5299314
832 -0.7562035 0.07989444
190 -0.6083029 0.27709928
2727 -0.4385924 0.5072584
942 -0.61302125 0.27105513
2058 -0.27634662 0.7379678
2791 -0.4150311 0.54269844
591 -0.64671373 0.21377468
3038 -0.43321794 0.5211149
3278 -0.4437469 0.5030331
2427 -0.28577885 0.7189326
1888 -0.3488017 0.6364293
2512 -0.38272962 0.58485484
1858 -0.38511348 0.58559537
830 -0.78273463 0.035397306
478 -0.6458953 0.22418584
1846 -0.42340094 0.5320074
178 -0.48101276 0.45301095
2857 -0.34353894 0.64483035
2558 -0.32165927 0.6715128
3346 -0.5543291 0.34872273
1734 -0.4236954 0.5350611
368 -0.6194626 0.25795615
1752 -0.44678152 0.4970295
959 -0.5803481 0.32395327
2983 -0.43683207 0.5159979
2939 -0.29985613 0.69731534
415 -0.8026114 0.02636919
51 -0.7499773 0.092671424
1928 -0.2711158 0.741051
135 -0.7700532 0.064416654
1511 -0.5462329 0.36165753
2911 -0.3532672 0.62400585
422 -0.6491009 0.23295906
2725 -0.47420353 0.4613379
3162 -0.67651445 0.18793477
499 -0.6673573 0.19124112
1962 -0.39815804 0.5534472
372 -0.65664583 0.21626751
1108 -0.50808686 0.4107502
1308 -0.48689613 0.45029745
3058 -0.32735485 0.6634984
137 -0.6930082 0.16794766
777 -0.71865255 0.12912478
2272 -0.419071 0.531019
2366 -0.3814172 0.59330034
3375 -0.3901779 0.57776964
2495 -0.35630116 0.6202396
2931 -0.33983028 0.65472466
1258 -0.4233606 0.52783287
1340 -0.43509015 0.5139424
2322 -0.40380666 0.5639912
286 -0.6701528 0.19699855
511 -0.69123054 0.16740572
265 -0.68753636 0.16435549
2536 -0.3756621 0.59916884
1889 -0.39800805 0.57024676
2928 -0.27647585 0.7394758
3138 -0.49384537 0.430397
2095 -0.34249347 0.65839756
1852 -0.34831464 0.6348363
473 -0.61802894 0.25662646
782 -0.7022437 0.1548593
1055 -0.6305207 0.25258976
1389 -0.4301837 0.5260082
1717 -0.46596888 0.47706246
2665 -0.411124 0.54536194
2008 -0.3464282 0.6396355
396 -0.6536829 0.21302067
2658 -0.3948522 0.5675042
2773 -0.47346032 0.4633243
2767 -0.5499351 0.35865533
965 -0.5795386 0.31030244
307 -0.73041517 0.1160593
133 -0.6992794 0.15424612
2183 -0.5978604 0.29405612
3200 -0.5039288 0.42293656
906 -0.7690262 0.06272681
2711 -0.6127589 0.26754302
3409 -0.49750176 0.422307
2987 -0.5624026 0.34170586
1275 -0.5046615 0.41494328
1291 -0.5328404 0.38057902
141 -0.7284221 0.12183821
3235 -0.46786574 0.46697062
43 -0.7552901 0.08091032
124 -0.6774762 0.19300567
3271 -0.31611565 0.68026245
434 -0.6461814 0.23500755
2933 -0.26664475 0.75577974
2485 -0.18902785 0.8659479
342 -0.6976641 0.15515625
3189 -0.53143454 0.3842165
2034 -0.28460214 0.7321375
846 -0.8101497 0.008294231
1626 -0.39398006 0.5757685
3364 -0.44865203 0.5002925
2538 -0.43297207 0.5209271
81 -0.61329246 0.27797315
3288 -0.36109203 0.61834
23 -0.6992382 0.15839025
1939 -0.34268966 0.64501053
97 -0.71494716 0.13046998
1557 -0.43718973 0.5090129
2822 -0.34945804 0.64137423
2830 -0.30957767 0.6873485
3359 -0.547147 0.36364582
3169 -0.5767101 0.31610495
2492 -0.32721797 0.6659712
986 -0.54008615 0.36452124
1713 -0.4271686 0.5346055
3276 -0.368702 0.6128114
3050 -0.47499824 0.4621958
516 -0.7467053 0.08730952
298 -0.7802915 0.04502625
2507 -0.37943685 0.59584886
2667 -0.28383285 0.7336964
944 -0.6461723 0.2230321
1869 -0.27777863 0.7360198
789 -0.6910318 0.16169
2679 -0.32005545 0.6793811
898 -0.6882889 0.16422664
1037 -0.60456157 0.2766528
2882 -0.43286082 0.5312231
1864 -0.39663002 0.5763769
1930 -0.38383865 0.58777624
2440 -0.3694979 0.6022584
3417 -0.540502 0.37369412
65 -0.7013667 0.15178119
3025 -0.55985224 0.33869
3404 -0.59605044 0.29986987
1382 -0.4251438 0.53061104
2965 -0.3741178 0.6029078
1963 -0.35046622 0.6405361
999 -0.53162277 0.3793512
921 -0.60970575 0.27097937
2583 -0.3410786 0.6495138
440 -0.6332764 0.24511297
1567 -0.4294184 0.5300829
1735 -0.4176697 0.5333535
3003 -0.5858105 0.30908838
1634 -0.3045713 0.70530045
1553 -0.34897038 0.6228732
2060 -0.32631746 0.6642707
2668 -0.42923516 0.5288001
31 -0.80552065 0.012027717
2052 -0.3016532 0.69851816
3376 -0.4272983 0.52650416
927 -0.6443925 0.23249212
3212 -0.5192286 0.399374
2100 -0.44495246 0.5107263
161 -0.6083911 0.28117925
3248 -0.4083642 0.5571817
192 -0.5537486 0.33946908
269 -0.67127955 0.19394724
1402 -0.4124213 0.54384613
1624 -0.4582179 0.48749036
512 -0.7263889 0.122806385
251 -0.79115653 0.024915509
244 -0.7528736 0.08580616
2493 -0.3234294 0.6709242
2477 -0.26038578 0.7582407
2570 -0.3163907 0.67473704
2258 -0.48195294 0.44455475
183 -0.64565873 0.23348778
277 -0.82406473 -0.018438565
590 -0.6621602 0.1988802
2371 -0.34668687 0.63913214
2098 -0.33525398 0.66468316
1975 -0.3016389 0.70331895
1310 -0.3914063 0.5781092
3004 -0.54052204 0.36619326
3379 -0.38883647 0.5707
2715 -0.5889059 0.29811803
3173 -0.6289818 0.24992257
1052 -0.6938586 0.16290344
978 -0.53640574 0.3738142
3277 -0.5370817 0.37228405
176 -0.538943 0.3679299
263 -0.8113037 0.008326676
452 -0.7067109 0.14664236
589 -0.7041426 0.15111959
2821 -0.37378407 0.60607
3146 -0.5332787 0.38031247
110 -0.7295869 0.11336982
2388 -0.4927908 0.43872058
2458 -0.37654334 0.6021211
2447 -0.30918142 0.69277155
1628 -0.39766565 0.5638938
330 -0.7164438 0.13329987
3073 -0.390622 0.5801124
3001 -0.6327624 0.24361868
766 -0.7352429 0.10661929
779 -0.6442796 0.22596592
2841 -0.37453413 0.6016763
87 -0.7101785 0.13703124
816 -0.6380698 0.23681976
108 -0.7483605 0.07972362
283 -0.73305655 0.10328222
822 -0.7585772 0.07248102
764 -0.6811973 0.18251814
426 -0.6495128 0.21894954
1875 -0.30883566 0.6856023
2320 -0.36565048 0.6139996
461 -0.62957925 0.25409237
1969 -0.392059 0.5748491
3273 -0.3207317 0.678133
1958 -0.44440964 0.5048418
1984 -0.38316655 0.59364176
1102 -0.55113804 0.35396513
1964 -0.36219016 0.6148275
3118 -0.50998056 0.41299582
1648 -0.39773238 0.5737729
1096 -0.56432015 0.3396868
30 -0.7299302 0.10822344
956 -0.62129474 0.2620728
2916 -0.4439227 0.5018964
3183 -0.61381495 0.26771393
1561 -0.5178623 0.39449772
2015 -0.41934618 0.5336695
1104 -0.53615654 0.3820294
99 -0.7538843 0.08609486
1317 -0.3881837 0.5794139
2992 -0.58871955 0.3102241
1443 -0.50810885 0.4178365
1365 -0.45479012 0.49031812
3130 -0.3424024 0.64621377
798 -0.6952617 0.16922508
2487 -0.27225882 0.7486523
131 -0.71628284 0.13041127
1059 -0.7044791 0.1536324
1707 -0.42336047 0.52813894
3394 -0.38215837 0.60149336
1091 -0.6907335 0.15689912
2912 -0.38585976 0.5765984
2345 -0.41821215 0.53452647
509 -0.7851592 0.038653243
2430 -0.35335442 0.63132685
3121 -0.41730723 0.5452913
569 -0.85165524 -0.046846
878 -0.62838286 0.24711516
2952 -0.4564612 0.48003274
2435 -0.3494446 0.63188255
1251 -0.35593352 0.6362363
2035 -0.41545385 0.53755856
132 -0.64627635 0.22087812
2589 -0.31829482 0.68619657
1304 -0.49743626 0.43330777
3148 -0.5494384 0.3532564
1880 -0.35604894 0.6286245
1719 -0.36485067 0.6088108
904 -0.5859049 0.30921832
1938 -0.4392546 0.5125417
3368 -0.42265278 0.52908057
2732 -0.46646452 0.4772908
828 -0.7702863 0.06112275
443 -0.6521975 0.21108632
93 -0.72351336 0.12842238
1855 -0.34719622 0.6408149
2751 -0.49351424 0.43804857
1560 -0.48645994 0.44307795
3074 -0.32616398 0.66997576
3416 -0.5280848 0.39128608
2050 -0.2973738 0.70211273
2469 -0.38007158 0.5906655
2557 -0.34660968 0.64040935
3008 -0.57762975 0.32763866
1001 -0.5692227 0.33392176
322 -0.7322247 0.111108
1461 -0.48114404 0.44711152
1130 -0.6828509 0.17596501
55 -0.69773626 0.14985524
2831 -0.3905449 0.5748521
2564 -0.43178764 0.52435166
2556 -0.27627286 0.73692596
961 -0.57687026 0.31877938
762 -0.651526 0.21993959
1546 -0.35367984 0.6342316
3243 -0.4517276 0.49519438
3332 -0.4407728 0.50383145
2675 -0.36792347 0.6039897
2088 -0.32288897 0.67431563
160 -0.6747904 0.18334354
836 -0.87383544 -0.07958201
3348 -0.5774191 0.31627265
833 -0.75194544 0.081930146
2918 -0.3515694 0.6381831
2717 -0.46136558 0.47858474
2403 -0.31013077 0.68308127
1390 -0.4105695 0.5461916
66 -0.7159566 0.12943865
1872 -0.38418165 0.5882658
2363 -0.36438066 0.60911334
573 -0.7725852 0.05398383
316 -0.7765192 0.04638771
582 -0.664651 0.20698535
1856 -0.37044257 0.6113885
2551 -0.28584757 0.7224488
889 -0.78615665 0.039299835
2744 -0.5837567 0.30565387
1886 -0.2919057 0.7101611
2896 -0.55355895 0.35075778
389 -0.54527044 0.36536303
893 -0.6412833 0.2377663
2294 -0.35357568 0.6278359
2908 -0.3673787 0.6109672
1901 -0.30362356 0.70165765
775 -0.7458978 0.089574575
195 -0.55386263 0.35846892
1017 -0.54817474 0.3655271
196 -0.62407124 0.26010278
2545 -0.32622367 0.67497236
2450 -0.31191003 0.68333703
1497 -0.47237164 0.4701712
2402 -0.34989876 0.6380207
1789 -0.57230973 0.32860753
1903 -0.26427782 0.75889933
3195 -0.5014949 0.43119836
439 -0.73928255 0.10888391
2310 -0.28311408 0.73112667
564 -0.83744884 -0.024613809
287 -0.7343792 0.103932016
964 -0.51532525 0.40983137
474 -0.6479206 0.22370137
1866 -0.42318133 0.5361063
2555 -0.40011075 0.56434846
755 -0.78750175 0.027887976
2297 -0.3703818 0.6082425
1246 -0.38112316 0.5868013
2269 -0.32827434 0.6564038
2516 -0.37722182 0.59813845
1637 -0.32838535 0.6692795
820 -0.7201083 0.13111681
1374 -0.44124323 0.50205475
1771 -0.6208441 0.25769335
2914 -0.4922469 0.43276817
1086 -0.5995885 0.28668568
909 -0.630573 0.24952121
2086 -0.3300109 0.66722715
2851 -0.3516954 0.62564766
548 -0.80122817 0.020621607
1314 -0.4164424 0.5418601
2956 -0.3696202 0.6043798
3099 -0.4989444 0.41631898
1893 -0.32164857 0.6783431
294 -0.7446577 0.09078775
792 -0.659575 0.21017955
728 -0.77148175 0.06527256
2967 -0.31072927 0.6975464
2783 -0.54542863 0.36821353
701 -0.7116462 0.14030382
2929 -0.3856014 0.58285755
2039 -0.2666685 0.75538766
100 -0.7735143 0.053829215
2351 -0.3266921 0.6711563
1937 -0.38192174 0.5888944
304 -0.8595727 -0.056619905
2066 -0.30888516 0.69341034
1867 -0.26900148 0.7482816
1009 -0.6187081 0.26683062
1073 -0.5807124 0.3178897
2576 -0.2680026 0.75323117
2082 -0.3248908 0.6736447
929 -0.61548877 0.25758815
501 -0.6634467 0.20799103
2814 -0.37382352 0.60809225
1899 -0.3410286 0.6446583
292 -0.70904756 0.13809256
767 -0.7746904 0.061074305
2581 -0.3757267 0.598615
2571 -0.32460296 0.66330117
1092 -0.6516035 0.21950214
1424 -0.52431107 0.39744735
1090 -0.51344925 0.4130575
2264 -0.36973232 0.6088413
3122 -0.37009054 0.61204433
2410 -0.35945475 0.61600316
197 -0.6563181 0.2144543
794 -0.8023038 0.017937101
112 -0.7264413 0.11858754
34 -0.6374055 0.23166592
2043 -0.3868414 0.58062345
839 -0.90485674 -0.111703135
796 -0.71757567 0.12644179
2353 -0.32584292 0.67291087
285 -0.710764 0.13877374
166 -0.66005594 0.20425972
2499 -0.33111352 0.6716535
3085 -0.3790201 0.5921583
1500 -0.44217512 0.5027251
2927 -0.32972097 0.6681721
1496 -0.42671242 0.5251408
759 -0.6911623 0.16344747
399 -0.62394917 0.26056018
3144 -0.53131056 0.3827615
2563 -0.29894635 0.70966804
2049 -0.3730024 0.59990495
2504 -0.18433629 0.87252
3328 -0.40712446 0.5475859
1540 -0.40493107 0.5555177
72 -0.76363057 0.0772378
3084 -0.3264707 0.66511256
2453 -0.31269187 0.68918294
2468 -0.28819346 0.7212358
807 -0.73243314 0.115163535
510 -0.65637803 0.21164419
3167 -0.6043456 0.27958277
435 -0.7940922 0.031356223
14 -0.77426213 0.05259349
311 -0.7665031 0.06558347
791 -0.6931114 0.15887305
3245 -0.36538926 0.6195432
971 -0.62457484 0.25410596
2970 -0.39291596 0.57550836
2414 -0.32879853 0.66508687
64 -0.8229583 -0.021213077
2491 -0.27974722 0.7284364
1093 -0.5771028 0.31195283
387 -0.60735035 0.2784634
2813 -0.46822986 0.4741348
2442 -0.41918153 0.53583175
171 -0.5932335 0.29876322
593 -0.76816344 0.065383375
258 -0.6413306 0.23400894
1892 -0.3912794 0.5816462
1098 -0.5100518 0.40974858
1318 -0.41530645 0.53642666
1257 -0.5223892 0.40409377
101 -0.75823367 0.071029924
159 -0.69723076 0.16324076
1320 -0.40463337 0.5556456
456 -0.7389748 0.09982533
2503 -0.32273674 0.6671516
1066 -0.6347223 0.23903836
575 -0.74921215 0.08987002
2669 -0.3470578 0.6391724
2995 -0.5827925 0.3109249
2547 -0.25606534 0.7624439
1839 -0.32018414 0.6798999
376 -0.63637763 0.23654358
279 -0.703043 0.15162551
2454 -0.32662496 0.6698774
326 -0.6807208 0.18243302
3231 -0.521045 0.4009252
2906 -0.3958163 0.5632452
46 -0.7482144 0.09183282
47 -0.71522236 0.1379411
1965 -0.35646147 0.633498
2496 -0.32383236 0.67574316
413 -0.68641365 0.1638887
1020 -0.6002276 0.28664657
1457 -0.42529795 0.5217856
2670 -0.38529962 0.58581173
392 -0.5636142 0.34126008
2542 -0.3949795 0.57152826
2549 -0.32833642 0.6642428
882 -0.82636875 -0.01612188
204 -0.59489316 0.29499504
83 -0.7572586 0.07538805
1935 -0.3826094 0.58254945
1021 -0.6587518 0.21169956
3182 -0.6998571 0.15709016
753 -0.79660845 0.029701801
3088 -0.38930014 0.5732697
451 -0.74214363 0.10340361
3408 -0.45395106 0.49423295
2962 -0.4087187 0.5519729
2811 -0.38116804 0.59191394
3133 -0.46016786 0.48341638
1460 -0.49411562 0.4265124
785 -0.69778967 0.16362588
963 -0.5988172 0.292844
299 -0.71297663 0.13525821
1627 -0.35328576 0.6292265
2852 -0.29021645 0.71997035
3178 -0.6487891 0.2220667
2042 -0.37608674 0.6046699
2550 -0.30571222 0.69966316
274 -0.7092098 0.13109645
126 -0.7155158 0.13463089
105 -0.66957134 0.19514352
2308 -0.27715766 0.73551184
1515 -0.3993585 0.56528056
240 -0.7377975 0.10251333
3196 -0.47405505 0.46159777
1082 -0.6098575 0.28155103
3415 -0.4726758 0.4632405
2303 -0.40898463 0.55318487
2856 -0.25740975 0.76375324
1661 -0.5755192 0.32947645
2494 -0.3181251 0.6795214
2909 -0.33081946 0.65687746
827 -0.7348351 0.11150825
2846 -0.33303747 0.65449125
393 -0.64795387 0.23247327
1554 -0.3983487 0.57362974
848 -0.79687214 0.030045852
3352 -0.5393951 0.36647052
2423 -0.22265089 0.8149533
237 -0.799197 0.01856279
2561 -0.34765983 0.63411725
423 -0.7317756 0.12216532
2996 -0.55693716 0.34743744
288 -0.79337096 0.03263297
3382 -0.3394997 0.6456527
2590 -0.26552993 0.76121074
2934 -0.33712164 0.6515164
91 -0.78826237 0.03741499
424 -0.6907944 0.16956736
844 -0.7926753 0.036819592
2318 -0.24967979 0.7753966
3124 -0.32858473 0.6693483
202 -0.6064346 0.2835704
983 -0.53022766 0.38079688
1926 -0.34185454 0.6488705
1890 -0.26499733 0.75217885
2942 -0.28549895 0.7231803
182 -0.501204 0.42595118
2404 -0.3355348 0.6488859
1639 -0.36973345 0.60043293
935 -0.57101196 0.33441007
1712 -0.34374708 0.6419165
574 -0.7844607 0.032083116
15 -0.7799876 0.05458682
3253 -0.38355854 0.59216374
3399 -0.4499433 0.49321488
2513 -0.42130917 0.53259766
3113 -0.5076497 0.41504073
417 -0.7621922 0.06929101
2508 -0.29001892 0.72002983
460 -0.67177135 0.19021702
3139 -0.55337363 0.3561735
2859 -0.36174402 0.612423
1353 -0.44568363 0.5031883
1577 -0.37033308 0.5987376
3174 -0.6034537 0.2859192
2603 -0.5149856 0.40919882
1863 -0.27626178 0.7464033
3179 -0.60543025 0.2855576
2509 -0.3292011 0.6571784
188 -0.55267686 0.34825537
2070 -0.33652815 0.6630001
3410 -0.4281734 0.53128
3355 -0.5180524 0.40262225
448 -0.7392862 0.09523959
2262 -0.3326052 0.6499869
2314 -0.30070293 0.702235
467 -0.6067571 0.28450236
437 -0.6730791 0.19643691
1731 -0.40096524 0.56126463
249 -0.715214 0.13420683
580 -0.700875 0.15839271
2305 -0.3828056 0.5798677
2074 -0.30368114 0.6974702
2957 -0.36578184 0.604745
167 -0.60060805 0.2874135
1014 -0.5997856 0.28744295
840 -0.8165259 0.0019516733
802 -0.76086557 0.068023786
2093 -0.31394002 0.67983574
3213 -0.46467492 0.46917662
3060 -0.3973273 0.57285815
1918 -0.34793738 0.6446307
568 -0.73064286 0.11165168
1578 -0.30949003 0.68751806
3264 -0.25984207 0.76213247
1559 -0.41113722 0.5415242
1295 -0.49389523 0.4301517
1008 -0.64964926 0.23349382
1590 -0.39167857 0.5761465
74 -0.7730059 0.04731669
142 -0.7736041 0.05191428
1117 -0.592646 0.29065135
68 -0.69199705 0.16407567
1319 -0.5605213 0.3401455
1968 -0.2995742 0.70857257
227 -0.73463804 0.108731486
2091 -0.31122532 0.6940008
2855 -0.3267223 0.6672976
2083 -0.3116132 0.68265474
2964 -0.328354 0.6612394
50 -0.6795246 0.1856557
2436 -0.35891742 0.6225974
58 -0.78159666 0.04619564
109 -0.5903151 0.30294538
905 -0.65939 0.21511452
1113 -0.5282512 0.39129332
1078 -0.60383767 0.2722142
44 -0.7732988 0.052287463
314 -0.70133036 0.14144006
419 -0.7394594 0.10181396
2812 -0.36179593 0.6066452
572 -0.81834406 -0.00492985
2480 -0.31432226 0.6925709
94 -0.72020066 0.12897502
2966 -0.39000806 0.58088464
3062 -0.31986654 0.68022144
902 -0.6544861 0.20674443
1263 -0.4742766 0.4556569
1311 -0.45407858 0.501337
281 -0.7548496 0.083646506
122 -0.74381465 0.0989488
2434 -0.4190265 0.54069304
306 -0.7588303 0.07471131
2801 -0.32462883 0.66767114
21 -0.69447744 0.16918674
1882 -0.31756815 0.67608726
2044 -0.32242885 0.67344457
1785 -0.63142204 0.25330448
59 -0.8139726 -0.0005718098
2959 -0.33433625 0.6592237
219 -0.72718173 0.11355705
3325 -0.4577043 0.48876137
1124 -0.63914627 0.24211256
3287 -0.39742026 0.57185054
332 -0.7025381 0.15014982
958 -0.5407894 0.37993965
1315 -0.4449344 0.50630647
2806 -0.46917775 0.47629976
22 -0.8700023 -0.069950044
2920 -0.46324047 0.4675831
1539 -0.42148063 0.5321538
885 -0.80522764 0.012954557
2406 -0.39031497 0.57646304
27 -0.68686175 0.1757401
2073 -0.41650084 0.54519784
2848 -0.32138962 0.6810716
2347 -0.25755534 0.77572453
750 -0.81972766 0.005005027
985 -0.5856914 0.3079318
321 -0.76938933 0.06826059
1348 -0.37717596 0.5926085
271 -0.8232572 -0.011525188
1568 -0.3750039 0.59685314
842 -0.7514853 0.080071546
1542 -0.3968726 0.5708303
1583 -0.37004554 0.5997828
2573 -0.32599503 0.66687757
3298 -0.35385302 0.6260733
2849 -0.3555754 0.6234098
2445 -0.37077844 0.61064523
984 -0.4613999 0.4805982
2817 -0.3981961 0.5708378
1116 -0.58775365 0.30752796
1105 -0.60957396 0.27309757
1270 -0.4120966 0.54130733
252 -0.84947413 -0.04077728
2824 -0.3465818 0.64157665
1371 -0.41913742 0.54297525
13 -0.8636324 -0.061196156
980 -0.59531903 0.30022106
2268 -0.38493454 0.5839128
873 -0.8708828 -0.07232821
233 -0.72262806 0.11830604
223 -0.76512986 0.076628886
725 -0.8035832 0.014099147
1361 -0.48341215 0.45426944
3275 -0.29048333 0.71569157
1766 -0.66192657 0.2086232
2424 -0.26749253 0.753662
2893 -0.44814205 0.4966306
2293 -0.2532036 0.75957066
2078 -0.33024967 0.6660919
3082 -0.3856014 0.58125085
571 -0.740554 0.101548955
3331 -0.42787454 0.52244353
89 -0.6623506 0.20445335
586 -0.76633966 0.06587895
1556 -0.3544394 0.6292275
3131 -0.45997426 0.4765827
769 -0.7116891 0.13839054
563 -0.78492665 0.0396271
464 -0.70454675 0.15118901
2439 -0.22523558 0.8107495
1495 -0.46331427 0.47653145
3081 -0.26015592 0.7625577
806 -0.7340647 0.1091681
48 -0.7001419 0.14400114
973 -0.4780905 0.4563247
960 -0.5716305 0.32654408
1932 -0.39000827 0.5836307
2484 -0.3551818 0.624143
1346 -0.5276581 0.38714546
723 -0.7821012 0.045241226
2055 -0.26045686 0.7576632
874 -0.81297386 0.0045321016
3318 -0.4030166 0.5564091
496 -0.6832135 0.17416795
741 -0.8039231 0.01591461
746 -0.8284452 -0.014018699
1585 -0.35718465 0.61488914
3378 -0.39991194 0.5686358
541 -0.8562919 -0.056730404
1895 -0.3254805 0.6695161
2913 -0.36334196 0.61374044
817 -0.65959215 0.20981887
414 -0.7298955 0.10970127
1018 -0.6214572 0.26679397
140 -0.71933603 0.13594772
851 -0.8090413 0.007612502
243 -0.7554929 0.07864817
3265 -0.24405803 0.7885725
67 -0.7955778 0.028710911
79 -0.78024083 0.045436163
3068 -0.3766373 0.6004344
3322 -0.39003327 0.5801393
3329 -0.39632156 0.57380754
812 -0.69580185 0.15438193
2349 -0.3533432 0.63222384
181 -0.50938874 0.41208118
2067 -0.3558852 0.6274901
2261 -0.37762585 0.58814996
801 -0.67616975 0.17482956
1373 -0.46516615 0.4785625
969 -0.5611882 0.3481885
3221 -0.44152895 0.51485276
1919 -0.28358322 0.7329308
3395 -0.35677952 0.63494515
472 -0.6471866 0.23115057
2948 -0.34881285 0.6427099
146 -0.7195676 0.13502243
53 -0.71305037 0.13044731
2037 -0.33835566 0.6569465
52 -0.6755491 0.18937035
297 -0.8025677 0.01615959
236 -0.8015736 0.020971494
1322 -0.414425 0.54355067
2479 -0.35221773 0.6262929
814 -0.6918847 0.1669558
388 -0.65046185 0.2228205
239 -0.8578902 -0.051021796
754 -0.7445998 0.09767849
179 -0.56894785 0.33328336
3153 -0.53334934 0.3740721
1121 -0.5828803 0.3194187
576 -0.7396005 0.08988104
1327 -0.48607898 0.44788107
1099 -0.547902 0.35536638
382 -0.50809616 0.41920587
3216 -0.47393766 0.45576417
1716 -0.40420312 0.5519087
1544 -0.42398858 0.52435666
553 -0.7936088 0.025550392
187 -0.5003754 0.42913735
3301 -0.26565978 0.762806
3391 -0.20538361 0.8397385
1103 -0.51739013 0.40565458
970 -0.52091366 0.39476863
2498 -0.28512225 0.7293228
726 -0.8375532 -0.026856095
1913 -0.28448445 0.72821254
1571 -0.45306107 0.48774558
1380 -0.5115171 0.40802956
2063 -0.3123242 0.69389474
845 -0.7825463 0.03878616
3072 -0.29909012 0.7077125
3057 -0.32976982 0.6703923
276 -0.6897541 0.17210063
972 -0.5871465 0.3102288
1011 -0.6045069 0.28906295
1538 -0.38161588 0.5941669
2972 -0.39180377 0.57575834
96 -0.789433 0.027722979
2072 -0.23013265 0.8057764
847 -0.81762326 -0.015639184
1887 -0.3520988 0.633474
2428 -0.27717084 0.7435172
32 -0.81580603 -0.004018136
266 -0.68308014 0.17022522
1879 -0.39003205 0.5867884
843 -0.81475776 0.0071635605
1885 -0.32764706 0.66539735
1929 -0.30699545 0.69300467
2432 -0.47698072 0.45899346
1737 -0.3492211 0.6322633
834 -0.7817726 0.045164146
3239 -0.38384384 0.59614193
280 -0.7803849 0.04277796
453 -0.70092034 0.1506307
459 -0.7069926 0.1455396
395 -0.5931589 0.3026336
886 -0.75770104 0.07848043
41 -0.65878105 0.20769507
2834 -0.36400175 0.620427
1370 -0.43341655 0.5196637
2586 -0.31128776 0.6962103
1332 -0.46179837 0.48290327
760 -0.8087942 0.018742515
198 -0.67410165 0.19326678
504 -0.6921599 0.15852737
11 -0.8775551 -0.07476693
1101 -0.6421979 0.23924118
2077 -0.32808203 0.665017
261 -0.700453 0.15595074
1349 -0.41919333 0.54382694
2917 -0.33911908 0.6531145
475 -0.5691947 0.32694274
127 -0.65478355 0.21167597
1619 -0.5231271 0.39324442
76 -0.8151272 -7.867223e-05
77 -0.6953744 0.15987052
3297 -0.40967402 0.5552872
2854 -0.2533469 0.76928097
2092 -0.3528665 0.6328863
2489 -0.33043718 0.66835743
2295 -0.37994075 0.59064656
2765 -0.581614 0.30434763
2947 -0.38936746 0.57583535
756 -0.7214622 0.12518299
3320 -0.34073097 0.6444789
570 -0.7941994 0.027547115
773 -0.69408673 0.16189162
555 -0.76412684 0.0714993
868 -0.81126624 0.009122097
3380 -0.27045628 0.7469279
1961 -0.41348875 0.5483062
468 -0.7026173 0.14959821
1118 -0.49397394 0.4331681
982 -0.5197509 0.39918926
3155 -0.56756 0.32673377
881 -0.79190344 0.035242572
743 -0.80741763 0.012550328
1927 -0.31199506 0.69369924
2828 -0.365717 0.61266065
2467 -0.26335916 0.7599581
3086 -0.35511905 0.6245523
481 -0.6525505 0.22862697
313 -0.7391426 0.10778177
997 -0.6820826 0.16683692
1000 -0.59515595 0.307086
3292 -0.31970212 0.6786097
560 -0.7620118 0.07243851
835 -0.72754014 0.11058526
3220 -0.4018211 0.5657139
968 -0.61990875 0.25940156
2803 -0.45911816 0.47904652
1122 -0.5198613 0.40264192
588 -0.769526 0.064192146
470 -0.6347725 0.24817818
136 -0.78439903 0.045198034
3175 -0.65798384 0.20102632
10 -0.7925478 0.03303593
1907 -0.3324566 0.6591428
3272 -0.35813454 0.61977386
2084 -0.30168927 0.70444626
1970 -0.334091 0.6623035
2569 -0.38566783 0.57849467
1625 -0.42420176 0.53785336
1503 -0.4339116 0.51997846
1884 -0.26160967 0.74895704
1570 -0.5008448 0.4215958
3363 -0.5126805 0.39957106
2368 -0.30161986 0.7073061
305 -0.72237474 0.12840095
296 -0.7413224 0.09733099
1364 -0.4244826 0.5210784
3344 -0.47157785 0.46167183
3279 -0.5028485 0.42904073
2674 -0.4137836 0.54837704
850 -0.74095196 0.09975923
549 -0.8128907 0.010101669
2949 -0.3769393 0.60928977
82 -0.77370775 0.049162004
3219 -0.44031975 0.5062571
1360 -0.44488177 0.50024015
2584 -0.2574115 0.7592151
1271 -0.4854164 0.45047754
3353 -0.4773794 0.46506652
73 -0.7439217 0.10289784
1897 -0.32165793 0.6677901
727 -0.7916579 0.04010093
1262 -0.4297967 0.5306305
2546 -0.3213085 0.6782328
1112 -0.44989416 0.5021927
761 -0.7888032 0.03180397
1902 -0.28760824 0.72040194
63 -0.8144567 0.0068108602
390 -0.55317223 0.3498162
2422 -0.18751703 0.8575849
1268 -0.36501902 0.6196296
235 -0.8237989 -0.010715927
1547 -0.30827302 0.6942589
752 -0.7751839 0.05179176
2935 -0.27010265 0.74609137
1383 -0.417193 0.53859794
2568 -0.38286045 0.5894392
1502 -0.4308213 0.5238515
528 -0.9314097 -0.15801868
578 -0.81220603 -0.0018657197
1588 -0.4218261 0.52188104
552 -0.81571037 0.007494468
180 -0.5956764 0.3046385
1579 -0.38493747 0.59571457
1630 -0.4411383 0.5216146
118 -0.769871 0.062463645
837 -0.8896316 -0.09629946
1100 -0.6043218 0.28285238
1264 -0.37471616 0.59992933
381 -0.5558166 0.34877124
248 -0.6697543 0.19134872
2062 -0.22653733 0.82081544
3293 -0.2661557 0.75413465
577 -0.78359854 0.035521746
418 -0.7862767 0.034477044
503 -0.7269272 0.11726698
3263 -0.29772013 0.71243554
1840 -0.29381746 0.71790636
724 -0.73407626 0.115091495
3172 -0.5382402 0.3729997
2819 -0.46326733 0.48116043
2409 -0.34161708 0.6458332
981 -0.5722438 0.3301625
2816 -0.36322737 0.6218675
3123 -0.42254966 0.52476084
603 -0.85442173 -0.053271256
585 -0.72461814 0.120342776
2559 -0.31538528 0.6796607
20 -0.7458846 0.09243836
3077 -0.26937705 0.7428007
780 -0.7169718 0.1340385
869 -0.8509103 -0.045410708
2539 -0.2657548 0.7572578
78 -0.6860863 0.16696107
1316 -0.46364447 0.4828948
2839 -0.3089442 0.6949358
3317 -0.31524953 0.6855461
3324 -0.3087648 0.693848
106 -0.79573363 0.025130967
2823 -0.30462882 0.70097446
2825 -0.3717531 0.60267365
771 -0.80928373 0.009099705
2470 -0.23417181 0.80593556
2829 -0.34825847 0.6407253
2843 -0.32108477 0.67223114
1331 -0.4034274 0.55713904
1309 -0.49114212 0.44022676
1255 -0.42633787 0.5217382
974 -0.6611379 0.20521821
566 -0.77119213 0.054252446
3184 -0.62281287 0.2586159
3289 -0.292119 0.7125388
40 -0.78051496 0.04853607
2418 -0.24066415 0.7855608
2313 -0.2721365 0.73992604
2444 -0.31581825 0.6869887
1498 -0.47450215 0.45864183
3274 -0.3571332 0.62984467
3127 -0.4571149 0.48824015
3393 -0.31009457 0.6902784
584 -0.733348 0.1082888
1031 -0.61983544 0.25505134
3228 -0.42222938 0.5268602
186 -0.60543114 0.28564942
1006 -0.5830884 0.32018232
1369 -0.35057205 0.6386021
554 -0.809415 0.012851299
865 -0.7865299 0.037229437
1247 -0.4643027 0.4780593
3047 -0.3450703 0.6397125
3103 -0.4877516 0.43752798
521 -0.830863 -0.027184488
2471 -0.25812608 0.76886433
1343 -0.467325 0.46588844
1575 -0.43043798 0.5181376
1354 -0.47781414 0.45448133
1912 -0.3056362 0.7057006
2051 -0.24676366 0.78223854
530 -0.7757782 0.06812938
1549 -0.5254037 0.38623545
466 -0.6639207 0.2011882
1900 -0.3241845 0.6753767
185 -0.62763363 0.2533667
3000 -0.6226427 0.2513508
3061 -0.30058625 0.70257986
995 -0.50911057 0.41430506
436 -0.7116041 0.1298968
1861 -0.28357363 0.7386997
1111 -0.5191449 0.4002044
831 -0.72731507 0.11671737
2941 -0.37130743 0.59809774
3257 -0.2372356 0.7970241
1368 -0.4784614 0.45286882
71 -0.71585727 0.13549048
318 -0.7436192 0.08876342
1012 -0.5638371 0.33930933
295 -0.6990452 0.15071699
1352 -0.4792601 0.4533958
184 -0.59513676 0.29601228
716 -0.81559783 0.008621169
2808 -0.328869 0.6620478
3250 -0.33321965 0.65425795
722 -0.67721623 0.18849508
201 -0.69001514 0.1705925
742 -0.7647927 0.06409973
1908 -0.3253045 0.6762623
717 -0.7859363 0.043113478
2560 -0.41533387 0.54463804
26 -0.7099235 0.13060156
3268 -0.2772379 0.7303913
2585 -0.27489617 0.7419709
84 -0.75888646 0.07397914
60 -0.710368 0.13639732
2271 -0.44431603 0.49937174
602 -0.91540974 -0.13359481
1362 -0.44995514 0.49567714
61 -0.7407331 0.09918895
394 -0.70339394 0.15109487
975 -0.6184932 0.27699533
56 -0.8334156 -0.027357547
3238 -0.2976914 0.6992203
1241 -0.49393693 0.43393514
2999 -0.5703097 0.3256275
852 -0.81392044 0.0028857659
2041 -0.31462708 0.6830036
2343 -0.29215044 0.71621424
193 -0.5507186 0.35628822
3215 -0.44509712 0.50697416
104 -0.75509626 0.0805765
3291 -0.3286304 0.668935
95 -0.77536726 0.057697
8 -0.83381784 -0.028803281
1381 -0.4250167 0.5272816
901 -0.6223678 0.25156194
303 -0.6926015 0.15612067
172 -0.53503597 0.37768704
309 -0.73381716 0.09774478
979 -0.5909913 0.3001797
704 -0.89572126 -0.11373297
1363 -0.3492111 0.62744963
1358 -0.46067113 0.470159
1862 -0.36037686 0.61852235
2056 -0.27170578 0.7436039
3373 -0.4428346 0.4997171
849 -0.7932735 0.027851246
3234 -0.47198007 0.4670097
2486 -0.32955587 0.65957725
272 -0.779891 0.048242003
3356 -0.5398226 0.37282413
3255 -0.31922808 0.6713474
1551 -0.40011162 0.55779606
49 -0.7624635 0.07345736
875 -0.7916815 0.03745272
3065 -0.3938306 0.5799367
3078 -0.34364247 0.64712393
3244 -0.4649499 0.4798288
139 -0.7385566 0.099771425
2045 -0.3031489 0.69955766
2544 -0.27596518 0.736971
3388 -0.26792377 0.75490093
3299 -0.3924019 0.58023
275 -0.7453877 0.09308923
3266 -0.36748385 0.6199085
3267 -0.35671043 0.6181545
245 -0.76309925 0.075048245
711 -0.8991633 -0.113832384
1339 -0.39828175 0.5665186
25 -0.7590047 0.07337665
80 -0.7744974 0.05065587
3080 -0.2912945 0.72215664
1405 -0.42056173 0.5383761
377 -0.5876008 0.31260392
308 -0.7300872 0.118389264
54 -0.71896446 0.12588592
1355 -0.43429628 0.5081598
922 -0.66838604 0.19595583
2263 -0.315151 0.6920408
2413 -0.24767363 0.7804422
432 -0.74883837 0.088660106
1576 -0.46957222 0.47359893
2417 -0.24023776 0.7985726
231 -0.76449335 0.07446239
2473 -0.31916425 0.68435556
884 -0.79892343 0.022155466
1397 -0.44986317 0.50177604
1451 -0.45879364 0.47890466
3350 -0.5470504 0.35975346
107 -0.74421 0.091456965
431 -0.7076438 0.14432412
550 -0.77250594 0.05839154
2938 -0.3582818 0.6251939
829 -0.75821453 0.0700542
587 -0.68845236 0.17821847
1644 -0.38521522 0.5788993
3384 -0.37928087 0.5990956
1586 -0.35945088 0.6263865
476 -0.707192 0.14955497
1002 -0.5676993 0.32997727
2010 -0.3542227 0.63337475
3396 -0.38650024 0.5921471
278 -0.8350608 -0.028542172
3063 -0.33666497 0.6603949
2312 -0.2636001 0.75361
2054 -0.2777548 0.7425009
2905 -0.3767444 0.6005694
229 -0.70625794 0.14289181
88 -0.642392 0.22727306
1873 -0.3363943 0.650253
1909 -0.2567431 0.7661372
1906 -0.31868476 0.67881316
1356 -0.4140328 0.54349166
1883 -0.23962894 0.78425866
3240 -0.31602558 0.68518347
2534 -0.4403603 0.5055531
1325 -0.42830506 0.5231586
1580 -0.3639442 0.6062501
1256 -0.3956628 0.56515914
480 -0.61878467 0.26497766
2591 -0.31437653 0.68670994
12 -0.84178704 -0.0412146
5 -0.82257044 -0.013570561
799 -0.6634412 0.20095983
1638 -0.32847556 0.6563837
282 -0.738971 0.092543624
2815 -0.2664255 0.7520504
2065 -0.26950115 0.75009423
737 -0.95163935 -0.17347883
242 -0.9137776 -0.1312492
1153 -0.35431388 0.63739896
870 -0.9043616 -0.11024709
2475 -0.25875768 0.76113343
2478 -0.26804897 0.7418656
526 -0.8487525 -0.031552482
2064 -0.24969381 0.7786114
477 -0.6590898 0.21022572
561 -0.77114695 0.062083676
565 -0.88616127 -0.09508185
583 -0.7964602 0.02813249
3134 -0.42356026 0.53188133
1384 -0.3835888 0.5941988
2033 -0.30610836 0.6909006
3064 -0.31247374 0.6791991
2452 -0.2829113 0.7278527
1631 -0.35307485 0.6380487
998 -0.5641509 0.33767
17 -0.822008 -0.0073896497
2844 -0.22553205 0.8027187
379 -0.5685572 0.3357176
3076 -0.3460205 0.6470193
1898 -0.46017343 0.4783873
2932 -0.2618629 0.75526243
3249 -0.35548946 0.63579434
310 -0.8059215 0.002199403
546 -0.7726762 0.060825456
412 -0.81704 -0.0010339305
3251 -0.35257804 0.6320112
562 -0.8331929 -0.032588813
3372 -0.3853812 0.58155334
6 -0.82741845 -0.012297953
1152 -0.50373656 0.41428882
866 -0.83075887 -0.015615972
976 -0.49934676 0.43227485
993 -0.61140585 0.27782005
2548 -0.2886732 0.7240156
1635 -0.26879117 0.7418853
2407 -0.2584684 0.76326907
253 -0.8334845 -0.031028282
2807 -0.39628106 0.5762225
3377 -0.4153131 0.53962874
2810 -0.39991242 0.570332
290 -0.77299225 0.059262045
559 -0.7948901 0.028347582
601 -0.8414112 -0.030254403
1344 -0.32047996 0.66784966
525 -0.88298714 -0.08759287
3259 -0.40748644 0.55268353
300 -0.7365804 0.103174806
1874 -0.29944235 0.6954323
45 -0.6946186 0.16237447
838 -0.7373027 0.098269284
3387 -0.3404108 0.6543485
270 -0.8006896 0.016677203
3326 -0.3194124 0.68309265
1633 -0.26351497 0.7515603
730 -0.8123625 0.001829249
731 -0.86396384 -0.06922807
3390 -0.29384437 0.71560216
3260 -0.30176032 0.7017623
691 -0.81264377 0.009715092
2826 -0.38545015 0.58868676
2936 -0.34028465 0.64303255
2446 -0.18542404 0.8684882
598 -0.81306297 0.00933842
596 -0.80899245 0.010217443
805 -0.6984213 0.15219527
33 -0.80013275 0.023649069
856 -0.85412085 -0.049545817
1740 -0.41702592 0.5459359
1269 -0.45827484 0.47596768
2057 -0.31552425 0.6833967
143 -0.81149685 0.005080601
317 -0.77500874 0.045103885
444 -0.7341718 0.099734746
2937 -0.30856356 0.6903916
2412 -0.18697247 0.87487006
1306 -0.3897524 0.5774688
3075 -0.3436489 0.64616215
543 -0.87795466 -0.08574398
1266 -0.39480206 0.5707086
1581 -0.37143177 0.59507215
3227 -0.4345063 0.51049715
772 -0.8220778 -0.0018728847
2820 -0.4207466 0.53020513
758 -0.76698285 0.059704605
9 -0.84125745 -0.02896973
1573 -0.33322233 0.6579231
841 -0.8440076 -0.045289457
238 -0.8435563 -0.030998325
2490 -0.24503708 0.7887346
2838 -0.32956854 0.6645291
2309 -0.31676665 0.68289584
384 -0.67032254 0.19486418
567 -0.76519614 0.07383233
1641 -0.35237727 0.62488896
2497 -0.3141802 0.681253
1351 -0.3630346 0.617507
1366 -0.27294225 0.7439953
3386 -0.33937567 0.64394057
600 -0.8359811 -0.022771912
2574 -0.38086522 0.588206
189 -0.6323902 0.2410446
2075 -0.2763167 0.73976266
3261 -0.30982873 0.68906903
2847 -0.3540696 0.6314611
2076 -0.2739685 0.7535615
3389 -0.39410138 0.57056016
284 -0.8016489 0.0061066556
1015 -0.6236595 0.24771546
547 -0.7582358 0.08376619
3392 -0.33471817 0.6521303
712 -0.9394764 -0.15805025
880 -0.78208053 0.040774353
7 -0.6354595 0.23434441
3256 -0.29271904 0.71764624
2476 -0.35529146 0.62162876
16 -0.7642179 0.06374446
232 -0.749094 0.09053279
1574 -0.44093734 0.509923
3246 -0.2936947 0.7120905
862 -0.77930725 0.05235588
19 -0.74383384 0.10621193
200 -0.64738464 0.23613457
1643 -0.3869138 0.5886072
594 -0.8330158 -0.024287904
3321 -0.3190909 0.6683297
1347 -0.4354071 0.51344466
3310 -0.27546662 0.7362249
1359 -0.35964227 0.62280655
1312 -0.30968326 0.6949183
194 -0.65729815 0.21524915
3300 -0.39386168 0.57080716
3397 -0.2883441 0.72313863
734 -0.907096 -0.11568297
1323 -0.45426828 0.48798814
62 -0.82823884 -0.016849952
1004 -0.5394369 0.37354848
3226 -0.4397884 0.5083399
854 -0.96011287 -0.18898338
595 -0.7997099 0.016157463
702 -0.86045295 -0.06046157
2053 -0.26464078 0.75588423
3252 -0.2941223 0.717503
2673 -0.38027856 0.5861278
3181 -0.64086586 0.23875594
1569 -0.33919215 0.6536462
1541 -0.40243644 0.5583395
715 -0.75879556 0.075598
523 -0.80509096 0.0074714613
2311 -0.2628641 0.7546364
1303 -0.3838814 0.5873641
551 -0.79227656 0.03452509
1324 -0.42987615 0.52372783
1250 -0.40652755 0.5486524
747 -0.86801136 -0.0748514
544 -0.83052313 -0.027007096
421 -0.678832 0.17637941
1240 -0.33639082 0.65291196
1640 -0.36689147 0.6169907
2835 -0.34210733 0.65738624
3079 -0.37089768 0.6174503
697 -0.9012709 -0.110820666
1545 -0.31751886 0.68060297
57 -0.8080702 -0.0022354384
1493 -0.44943967 0.4973957
736 -0.78041303 0.04546547
1357 -0.49113145 0.43894857
608 -0.951497 -0.18484093
2420 -0.21304992 0.82376003
29 -0.7044884 0.1479
241 -0.7828244 0.04010238
714 -0.8495263 -0.043252334
2540 -0.26790234 0.7475005
3398 -0.32411602 0.67473984
1249 -0.45945197 0.47816563
3374 -0.52125967 0.40472493
2472 -0.28466684 0.72559166
2315 -0.30349663 0.69068563
2061 -0.24557373 0.7841278
757 -0.7591555 0.07264375
887 -0.7774237 0.053070076
705 -0.9369412 -0.15388922
3302 -0.24503951 0.78297156
871 -0.8775865 -0.080760345
966 -0.52517325 0.3825835
709 -0.83212125 -0.02881707
1572 -0.31632912 0.6859552
706 -0.8728772 -0.065957546
3120 -0.49949047 0.43396854
3305 -0.2385771 0.8008587
2079 -0.19164383 0.8623365
3294 -0.23096406 0.8025729
524 -0.8763081 -0.07992468
465 -0.5946355 0.2986431
703 -0.89303815 -0.105957106
3312 -0.2547537 0.77133256
2448 -0.3313514 0.65847397
1636 -0.3167605 0.68061626
1007 -0.59319943 0.2963966
545 -0.7669274 0.066082165
3313 -0.2514424 0.7783288
462 -0.6359903 0.24268593
123 -0.69557214 0.15555778
720 -0.8196891 -0.013224982
3222 -0.32183796 0.67749846
3269 -0.3535023 0.6390572
2419 -0.22207934 0.8142723
1642 -0.39821526 0.57594544
732 -0.79694724 0.02577678
1345 -0.43622777 0.51127434
1022 -0.53292084 0.37541455
85 -0.7476965 0.08393127
2408 -0.22153802 0.80873424
686 -0.9226119 -0.12951316
605 -0.8535356 -0.05270829
684 -0.9455882 -0.16794208
121 -0.78510445 0.050640944
2845 -0.22562149 0.8164908
557 -0.86779106 -0.06614431
385 -0.59157133 0.29215524
558 -0.88281405 -0.07901699
604 -0.7351403 0.10123884
1537 -0.42489028 0.5216697
42 -0.6962844 0.15998477
3233 -0.43269342 0.51769584
246 -0.7897265 0.041510127
3262 -0.26042226 0.77468246
556 -0.8494211 -0.04338125
680 -0.8418048 -0.033746183
713 -0.87875634 -0.08733236
1911 -0.369556 0.60960406
672 -0.9140276 -0.12869889
1010 -0.6569609 0.2216786
3258 -0.30700803 0.69263196
1248 -0.48594007 0.44181392
864 -0.7087624 0.13842106
2416 -0.28680092 0.722657
3316 -0.23849396 0.79552764
682 -0.8842325 -0.08803499
378 -0.6049587 0.28413582
1914 -0.2370902 0.7912362
614 -0.8763722 -0.0787266
719 -0.7357892 0.11654156
522 -0.83763194 -0.024572954
740 -0.78300476 0.043236043
733 -0.77771246 0.041156825
735 -0.84882945 -0.049996912
718 -0.83194745 -0.03358205
699 -0.78958297 0.03591832
687 -0.9119148 -0.12351885
675 -0.8732525 -0.08335324
579 -0.75061136 0.08573202
540 -0.88614863 -0.09325652
679 -0.9095293 -0.11873175
859 -0.79900223 0.025761563
863 -0.86118245 -0.055857442
18 -0.9020836 -0.10913355
721 -0.7890844 0.03003511
1896 -0.23456003 0.78842676
2415 -0.330551 0.66931427
532 -0.7496 0.07818257
2827 -0.36279976 0.6202568
690 -0.89215904 -0.10101435
855 -0.7740281 0.054041542
2958 -0.4263419 0.5255473
749 -0.91772413 -0.13868885
386 -0.54459983 0.36305094
700 -0.72010094 0.12728956
631 -0.9127297 -0.1338249
663 -0.9262553 -0.15158512
533 -0.87918556 -0.08582229
872 -0.8447142 -0.0428624
678 -0.80328315 0.025418274
2081 -0.24110985 0.783997
2501 -0.21521299 0.82254124
3385 -0.3349884 0.6592925
383 -0.54303646 0.37019467
1632 -0.3369282 0.6476583
529 -0.8015311 0.013414529
744 -0.85966605 -0.049852706
1154 -0.44130963 0.5081183
3270 -0.27413553 0.7475681
597 -0.91497916 -0.12834354
860 -0.8511737 -0.052471053
3296 -0.32475826 0.6786845
3247 -0.3871006 0.59130085
3406 -0.31888887 0.66291654
635 -0.9784233 -0.20487955
3311 -0.28208613 0.73910964
3290 -0.29448923 0.7089456
3295 -0.39257693 0.58084387
692 -0.9516178 -0.18373746
3314 -0.18639576 0.87615514
967 -0.59508115 0.29904372
542 -0.8758394 -0.073300116
3306 -0.25496092 0.7770828
607 -0.9127856 -0.12116839
606 -0.8933737 -0.09955749
1167 -0.5821588 0.3172005
857 -0.87014663 -0.07935514
867 -0.8503781 -0.0450573
3381 -0.354573 0.6275973
234 -0.7961804 0.014051218
666 -0.878166 -0.07611611
696 -0.8648978 -0.06959466
1629 -0.32818988 0.6650051
615 -0.7810868 0.05502265
3304 -0.26393107 0.7615002
2421 -0.1520265 0.9187221
1367 -0.45109364 0.496801
3315 -0.20749843 0.8302687
677 -0.92055 -0.13821882
693 -0.86034423 -0.055550016
1166 -0.5876831 0.3010311
681 -0.90669006 -0.11770944
685 -0.88815224 -0.09550898
527 -0.8389305 -0.02660489
3383 -0.28644627 0.7320505
633 -1.0048467 -0.24104305
1272 -0.42347524 0.5276232
618 -0.91222125 -0.1255388
619 -0.8823672 -0.087420344
613 -0.9749849 -0.21462113
534 -0.87562305 -0.07238157
3419 -0.47730398 0.46371615
861 -0.797815 0.021116829
708 -0.76662225 0.060827907
1341 -0.33248156 0.64823383
28 -0.86789227 -0.0640598
673 -0.87452984 -0.07868711
698 -0.81849736 -0.006459698
745 -0.833291 -0.024201753
612 -0.9490336 -0.17214467
3309 -0.24017084 0.8099992
3223 -0.3358922 0.6537689
616 -1.0342079 -0.27747628
661 -1.0068772 -0.25280702
630 -0.9005646 -0.10736925
639 -0.9895456 -0.23279163
665 -0.82406986 -0.011629508
710 -0.9125266 -0.13276827
643 -0.9336592 -0.15120587
858 -0.75757974 0.0803454
739 -0.81555253 -0.0019400613
695 -0.8482474 -0.05212024
1173 -0.5375324 0.37604955
694 -0.84283084 -0.027704854
670 -0.88596284 -0.101562
599 -0.81857985 -0.003642813
748 -0.7727308 0.056242634
676 -0.97307014 -0.1973215
738 -0.9235487 -0.13916114
632 -0.83844554 -0.026582895
729 -0.8539049 -0.044570204
621 -0.8387895 -0.022186788
853 -0.8823643 -0.08426579
627 -0.9082667 -0.12008355
645 -0.9525718 -0.17713405
634 -0.9496264 -0.17443
531 -0.9260967 -0.13974182
636 -0.9424257 -0.17266226
644 -0.81640047 0.00073220185
611 -0.8853694 -0.09710967
610 -0.8854091 -0.09273595
3308 -0.21622224 0.82527125
638 -0.9747335 -0.20158586
664 -0.8399531 -0.03911243
617 -1.009755 -0.24311234
3407 -0.32711393 0.66960555
655 -1.1303046 -0.4055002
1242 -0.4239565 0.5287177
1155 -0.45262542 0.49219993
3303 -0.18559991 0.88155353
662 -0.8449343 -0.037878342
622 -1.0334233 -0.27727592
656 -1.069591 -0.3288764
1321 -0.49262324 0.42988548
637 -0.8625913 -0.05055036
689 -0.841669 -0.040024742
668 -0.7491414 0.09318692
642 -0.87609076 -0.08973402
624 -0.95575 -0.17368418
620 -0.9791238 -0.20671992
669 -0.92821884 -0.15911886
671 -0.95041955 -0.18065605
688 -0.9127869 -0.123286486
683 -0.90286994 -0.11681971
1245 -0.40271854 0.56582767
1164 -0.47137052 0.46225616
667 -0.87387574 -0.070380755
707 -0.8906965 -0.10019069
609 -0.95575076 -0.16891836
3307 -0.22785337 0.8132979
1917 -0.25073734 0.7751982
629 -0.9985783 -0.23531905
674 -0.8612483 -0.05656197
659 -1.0183855 -0.25934425
647 -0.9253271 -0.14268605
1158 -0.43886128 0.51189876
1157 -0.39034605 0.57805896
657 -1.0931107 -0.35900262
626 -1.0149242 -0.2552231
623 -0.9170116 -0.13490537
654 -0.8634598 -0.062513255
653 -0.967664 -0.1934894
1169 -0.4629169 0.4805278
1170 -0.51254874 0.4093039
625 -1.0332404 -0.27673742
628 -1.0357761 -0.28330943
1174 -0.45326072 0.49367854
660 -1.030034 -0.27889732
1168 -0.5275378 0.38863066
1156 -0.3889215 0.5794622
1175 -0.44126943 0.51308566
1172 -0.44501013 0.50910574
649 -0.99672616 -0.22324048
646 -0.91780597 -0.12490304
641 -0.88108915 -0.07167918
648 -1.0244341 -0.2726353
1159 -0.40938306 0.5535642
658 -1.1216655 -0.39010552
1239 -0.43526486 0.51202554
1161 -0.3393412 0.65086925
3154 -0.45233318 0.49570432
652 -0.9823945 -0.21125096
1171 -0.49161544 0.4399142
535 -1.06417 -0.31550014
651 -1.186152 -0.46774477
1160 -0.36411804 0.61939794
3152 -0.44546786 0.48908854
538 -1.1002716 -0.36013025
1244 -0.35879737 0.62396806
3361 -0.35556376 0.6387125
1165 -0.5146252 0.40981567
1162 -0.36357135 0.6268624
1163 -0.63302 0.24329028
536 -1.0991212 -0.3662229
539 -1.2354656 -0.5281226
1243 -0.27081984 0.7394641
537 -1.1072102 -0.3670514
1238 -0.33344936 0.64972377
650 -1.3569176 -0.6683907
640 -1.5084611 -0.85416865
