2 -7.835313320159912 -39.39515686035156 -12.004971504211426
3 4.797545433044434 -12.260100364685059 -22.653226852416992
4 51.00100326538086 -39.59330368041992 -295.3946838378906
5 21.5477352142334 -63.94190216064453 0.4025493860244751
6 42.84748840332031 -33.998897552490234 63.55335235595703
7 -8.24862289428711 -0.17679403722286224 -1.5125983953475952
8 14.559889793395996 -49.213233947753906 1.412703037261963
9 3.1565208435058594 -25.455303192138672 33.59381866455078
10 25.359285354614258 -30.42210578918457 -17.616313934326172
11 -76.02234649658203 41.865718841552734 113.5717544555664
12 -78.4559555053711 -1.3251539468765259 -46.589019775390625
13 -64.7020034790039 23.140867233276367 -30.58047103881836
14 0.7265989184379578 11.248169898986816 10.999163627624512
15 -9.494257926940918 12.904923439025879 -9.954134941101074
16 44.67136001586914 -43.92621994018555 -52.7415885925293
17 -99.7645034790039 3.2940938472747803 -12.802181243896484
18 21.144672393798828 -79.22476196289062 28.34601593017578
19 -22.336994171142578 -6.247030735015869 2.459484338760376
20 7.858998775482178 -37.63955307006836 -64.5631332397461
21 12.151800155639648 1.5889196395874023 -25.241687774658203
22 -13.197859764099121 11.790769577026367 4.483981609344482
23 -18.007349014282227 -16.92184829711914 -29.35243797302246
24 -169.09716796875 11.258810997009277 -40.9449577331543
25 38.730262756347656 86.24260711669922 -12.380199432373047
26 9.0829439163208 0.6314325332641602 1.8867541551589966
27 -10.215780258178711 -8.369229316711426 -16.981121063232422
28 14.954692840576172 36.8795166015625 10.829392433166504
29 14.375807762145996 -21.434083938598633 9.200484275817871
30 -60.98145294189453 5.007772922515869 -9.941874504089355
31 -20.049299240112305 74.9010009765625 2.7524561882019043
32 24.622516632080078 -15.602143287658691 19.198097229003906
33 2.6654598712921143 13.525659561157227 -3.0592029094696045
34 -19.94424057006836 -73.68748474121094 73.81999969482422
35 -55.47015380859375 15.153260231018066 26.797500610351562
36 -13.56259536743164 25.549428939819336 -18.017501831054688
37 -41.44970703125 -85.59679412841797 119.39109802246094
38 51.48421859741211 -15.667831420898438 69.89063262939453
39 62.30290985107422 57.886844635009766 -10.187973022460938
40 -51.093936920166016 -6.232639312744141 -20.8063907623291
41 -38.12751388549805 -149.04620361328125 101.89131164550781
42 -146.8096923828125 27.22711944580078 -146.3534393310547
43 -14.283683776855469 2.7741284370422363 16.527807235717773
44 62.2027473449707 22.519052505493164 22.73029327392578
45 -15.827908515930176 -59.01913070678711 41.60385513305664
46 47.130531311035156 -25.052200317382812 14.669173240661621
47 0.7977057099342346 27.104463577270508 62.13093185424805
48 2.4546589851379395 -5.6623406410217285 -9.224109649658203
49 24.6802921295166 9.263810157775879 -35.409263610839844
50 10.798151016235352 22.767526626586914 7.679893970489502
51 -10.467564582824707 17.36547088623047 21.78762435913086
52 -18.520051956176758 46.338565826416016 47.92334747314453
53 25.27066993713379 -54.87196731567383 -55.838104248046875
54 -17.370319366455078 -34.025028228759766 162.8214111328125
55 18.814767837524414 13.8891019821167 -0.6562455892562866
56 -54.581905364990234 -12.307095527648926 13.262556076049805
57 33.048118591308594 300.62646484375 -136.45948791503906
58 -2.1014082431793213 4.707496643066406 -19.37476921081543
59 -319.5581970214844 -247.05613708496094 0.7025414109230042
60 26.569808959960938 -16.380599975585938 -9.475142478942871
61 2.1287970542907715 -43.33055877685547 6.057953834533691
62 35.40139389038086 -5.862552642822266 -0.8035562038421631
63 -109.69876098632812 183.5016632080078 189.47555541992188
64 -3.7618582248687744 -5.364880561828613 11.275654792785645
65 48.71287536621094 -29.645729064941406 -23.419815063476562
66 19.43215560913086 13.329629898071289 31.060829162597656
67 -33.28748321533203 6.70445442199707 -4.988509178161621
68 13.343713760375977 -13.202958106994629 -4.552164077758789
69 16.21392059326172 9.78691291809082 14.64339542388916
70 11.965387344360352 8.076784133911133 -12.463199615478516
71 21.409029006958008 -121.2434310913086 4.578438758850098
72 100.29653930664062 -44.7563591003418 -11.746021270751953
73 -0.6512089371681213 -27.512981414794922 -55.88869857788086
74 -0.06595560908317566 87.58209228515625 3.2261221408843994
75 -43.66929626464844 4.50370979309082 11.249825477600098
76 7.813277721405029 3.3854832649230957 50.59341812133789
77 39.6252555847168 -70.98404693603516 -70.07710266113281
78 -12.048993110656738 -15.124463081359863 -1.9235384464263916
79 -31.021427154541016 -32.616580963134766 -4.343221664428711
80 209.3133544921875 -264.88372802734375 -348.85015869140625
81 -27.596328735351562 -5.579436302185059 60.19791793823242
82 -52.7809944152832 -118.994384765625 -47.77619171142578
83 -12.418292045593262 89.41913604736328 101.79865264892578
84 5.99179220199585 36.828857421875 -17.144691467285156
85 -5.829170227050781 -7.7070512771606445 26.855194091796875
86 -15.257877349853516 25.031511306762695 9.956803321838379
87 10.412776947021484 -4.05714750289917 15.2667875289917
88 -101.03561401367188 97.6514663696289 -49.076847076416016
89 -28.52372932434082 20.32332420349121 6.876317024230957
90 -121.16085052490234 53.27165603637695 10.341715812683105
91 -63.714908599853516 23.36186981201172 69.40510559082031
92 37.67414855957031 112.20404815673828 30.752668380737305
93 124.9760513305664 -40.732601165771484 18.713932037353516
94 18.062227249145508 -16.842784881591797 34.04766082763672
95 107.22362518310547 22.526512145996094 80.41038513183594
96 41.52243423461914 -17.124553680419922 85.8554916381836
97 4.920503616333008 -43.292877197265625 38.0901985168457
98 3.1010501384735107 -80.00132751464844 -69.02191925048828
99 10.610170364379883 -28.365068435668945 -87.6745834350586
100 39.37141418457031 -25.92349624633789 -12.79207706451416
101 -32.90958786010742 -20.33268928527832 73.27293395996094
102 14.173169136047363 -47.082916259765625 -51.09621047973633
103 10.973896980285645 -121.89020538330078 43.70572280883789
104 3.3070852756500244 124.79505157470703 51.76185607910156
105 -93.24584197998047 11.868839263916016 95.72904968261719
106 3.6540441513061523 41.06386947631836 52.53140640258789
107 -49.664066314697266 -102.79718017578125 11.611023902893066
108 -48.32157516479492 59.34416580200195 87.4850845336914
109 -27.359783172607422 62.22520446777344 2.2248470783233643
110 -67.90850067138672 -109.73665618896484 22.43500328063965
111 1.9522011280059814 80.8983383178711 56.074344635009766
112 19.375261306762695 -26.356643676757812 96.97418975830078
113 -104.01504516601562 -58.82291793823242 -65.0825424194336
114 48.622642517089844 16.93295669555664 -37.7725944519043
115 71.40406036376953 17.175010681152344 96.79608917236328
116 32.0306510925293 41.94380569458008 21.760339736938477
117 58.31890869140625 -21.958864212036133 40.08124542236328
118 -36.08744812011719 88.43968963623047 -29.828720092773438
119 -67.61396789550781 -19.405494689941406 39.09476852416992
120 37.679344177246094 -48.04726028442383 26.965370178222656
121 -50.247257232666016 40.36614990234375 -7.480754852294922
122 41.74783706665039 -120.6337890625 -47.38125991821289
123 39.79771423339844 63.3701171875 55.859703063964844
124 -21.29693031311035 22.369464874267578 -74.4314193725586
125 -70.96134185791016 -66.23596954345703 11.98543643951416
126 -36.86137771606445 127.10448455810547 11.425392150878906
127 88.92091369628906 -50.63927459716797 -23.227277755737305
128 -6.544547080993652 -49.922176361083984 50.9315299987793
129 -16.823486328125 36.20600128173828 24.944753646850586
130 46.68302917480469 -118.09266662597656 4.783308506011963
131 -57.1029052734375 -67.5725326538086 27.162748336791992
132 -113.50306701660156 -12.855981826782227 -7.759089469909668
133 40.393619537353516 -21.00373649597168 106.03060913085938
134 -31.35213279724121 107.75736236572266 -3.4708991050720215
135 93.07791900634766 25.241308212280273 -56.236297607421875
136 91.44386291503906 25.402286529541016 -25.110692977905273
137 -113.1400146484375 -28.308713912963867 61.61177444458008
138 -37.152565002441406 -34.738555908203125 -56.02467727661133
139 -45.75431823730469 -49.598873138427734 -12.980820655822754
140 9.450687408447266 23.256031036376953 118.85310363769531
141 -12.2327241897583 34.66975784301758 58.08243179321289
142 65.3002700805664 67.21732330322266 -93.94322967529297
143 78.70381164550781 38.92151641845703 -2.1141245365142822
144 22.479394912719727 114.5480728149414 -44.40133285522461
145 -59.33527755737305 67.64375305175781 -34.52129364013672
146 -71.55902099609375 -27.84514808654785 109.1623306274414
147 120.77696990966797 8.53778076171875 -19.633485794067383
148 -3.035531520843506 79.45672607421875 22.891971588134766
149 95.41107940673828 54.76079559326172 53.69562530517578
150 42.764976501464844 -61.16051483154297 -32.52638244628906
151 38.674896240234375 74.84061431884766 71.27210235595703
152 17.122896194458008 -1.8901807069778442 28.8459529876709
153 9.375447273254395 -29.98679542541504 48.54027557373047
154 -79.74459838867188 62.638710021972656 20.92520523071289
155 25.09695053100586 34.15211868286133 76.54104614257812
156 -71.964599609375 -76.78829956054688 -39.40532684326172
157 -4.845187664031982 49.185882568359375 -59.14320373535156
158 -67.77960205078125 4.681421756744385 -106.5811996459961
159 -57.58103561401367 52.87395477294922 -24.534780502319336
160 -69.91505432128906 -15.253986358642578 -93.90930938720703
161 56.31458282470703 -14.870885848999023 -24.444759368896484
162 -52.53166198730469 -6.622474670410156 -120.87179565429688
163 -33.459102630615234 26.71235466003418 -17.566682815551758
164 -36.189109802246094 -19.9168643951416 92.23291778564453
165 52.78507995605469 -6.059237957000732 -42.05128860473633
166 93.3692398071289 59.57363510131836 -45.56317138671875
167 29.371511459350586 14.158512115478516 -110.21145629882812
168 -37.6813850402832 -101.48942565917969 -61.37699508666992
169 19.513364791870117 -10.130453109741211 -84.42835998535156
170 -73.90650939941406 17.367586135864258 -4.128012180328369
171 37.0139045715332 -1.6328198909759521 -35.308876037597656
172 -13.26691722869873 43.003868103027344 -16.72968864440918
173 -29.89006805419922 83.23892974853516 -11.595010757446289
174 47.74467086791992 -6.0733513832092285 47.314613342285156
175 -90.03729248046875 14.004301071166992 -9.485076904296875
176 82.32091522216797 1.6138737201690674 -27.951007843017578
177 -64.1651382446289 28.184324264526367 -93.57266998291016
178 54.44749450683594 55.63046646118164 -65.69393157958984
179 -66.25161743164062 76.9316177368164 -16.572851181030273
180 -51.68705368041992 50.514339447021484 64.04442596435547
181 -127.0433120727539 10.037847518920898 47.008445739746094
182 49.035614013671875 52.68098068237305 17.403839111328125
183 29.51050567626953 -44.47132110595703 -117.04682922363281
184 38.18292999267578 128.59603881835938 16.63768196105957
185 -59.084388732910156 17.242094039916992 -44.036468505859375
186 83.80949401855469 16.064077377319336 -40.40310287475586
187 15.156460762023926 -40.59314727783203 81.69947052001953
188 -83.96764373779297 -52.13174819946289 52.16142654418945
189 -70.94195556640625 32.01287841796875 86.38701629638672
190 -85.31525421142578 53.16560363769531 51.00681686401367
191 -16.111064910888672 -17.413829803466797 63.2066764831543
192 48.0148811340332 47.185054779052734 60.7678108215332
193 -73.10230255126953 -11.418708801269531 -11.022430419921875
194 49.1695442199707 84.97089385986328 51.504329681396484
195 9.269205093383789 -47.77287292480469 -33.95125198364258
196 18.450963973999023 74.63175964355469 -108.42871856689453
197 -43.58197784423828 71.39747619628906 0.1272149533033371
198 13.199053764343262 47.32970428466797 -70.45433807373047
199 -48.321163177490234 78.30725860595703 22.594072341918945
200 -80.81134033203125 -74.89922332763672 -1.8691662549972534
201 57.51834487915039 -74.71639251708984 26.567371368408203
202 0.1846337467432022 134.87522888183594 -11.348605155944824
203 -34.60126876831055 29.711400985717773 82.05864715576172
204 -59.313148498535156 25.670034408569336 14.655319213867188
205 4.966317653656006 28.538593292236328 82.87266540527344
206 -67.04655456542969 73.87918090820312 81.74929809570312
207 63.67692184448242 -83.38935852050781 -62.615333557128906
208 -102.08302307128906 51.99494934082031 -33.8968391418457
209 -40.34013366699219 -32.62847900390625 110.53378295898438
210 -11.63705062866211 -74.90580749511719 112.93798828125
211 -37.994476318359375 67.47793579101562 34.71291732788086
212 15.366786003112793 127.65036010742188 30.70405387878418
213 -63.82335662841797 1.6260790824890137 -44.89750289916992
214 2.1975395679473877 70.81443786621094 39.9846076965332
215 -5.321339130401611 -88.81137084960938 92.86106872558594
216 52.895965576171875 35.00895690917969 93.80638122558594
217 -29.374483108520508 63.97440719604492 112.68623352050781
218 106.85425567626953 22.001476287841797 -38.328372955322266
219 -69.7221450805664 32.10723876953125 4.631763935089111
220 -85.04454803466797 -30.799625396728516 17.075109481811523
221 -29.532339096069336 128.05287170410156 -14.806073188781738
222 -41.82087707519531 2.9523894786834717 121.78823852539062
223 47.773216247558594 118.7220687866211 -2.534675121307373
224 115.36438751220703 -11.538873672485352 -27.57718276977539
225 -90.00029754638672 0.8176396489143372 -101.7364501953125
226 117.7906494140625 -10.61671257019043 -56.562015533447266
227 44.265689849853516 -73.8259048461914 44.72571563720703
228 76.58197784423828 -19.67871856689453 -64.94611358642578
229 -46.0062255859375 6.07440185546875 -32.088279724121094
230 31.254270553588867 13.560515403747559 73.1934585571289
231 -78.49993133544922 -50.893821716308594 -23.53648567199707
232 73.5099105834961 -87.758056640625 31.742528915405273
233 16.002283096313477 85.5543441772461 -15.820884704589844
234 -124.31666564941406 -44.24586486816406 17.82171630859375
235 27.240427017211914 -38.341331481933594 -62.046165466308594
236 -61.86943817138672 52.45927810668945 -104.66958618164062
237 -57.67490768432617 -58.90762710571289 86.12313079833984
238 25.518583297729492 8.005874633789062 57.59175491333008
239 -31.988412857055664 -81.45611572265625 -64.97940063476562
240 -26.93398094177246 68.38581085205078 -110.05404663085938
241 -67.65060424804688 13.102533340454102 98.39510345458984
242 -22.238800048828125 127.40682983398438 37.81853485107422
243 -13.152371406555176 -71.013916015625 -59.92317581176758
244 -5.390475273132324 42.96126937866211 101.7750015258789
245 -74.61375427246094 97.89093017578125 37.167789459228516
246 -62.13085174560547 -92.3258056640625 60.59360122680664
247 -40.48089599609375 55.06971740722656 -26.44573974609375
248 -6.764544486999512 95.09883880615234 -63.537166595458984
249 107.45335388183594 10.449966430664062 6.947031497955322
250 -44.989559173583984 -125.33053588867188 21.555044174194336
251 27.55832862854004 -108.61048889160156 -62.58255386352539
252 -35.11720657348633 20.700679779052734 -127.18848419189453
253 -17.924131393432617 33.25922775268555 -43.23728561401367
254 55.216217041015625 91.34205627441406 -59.63075637817383
255 -5.909056663513184 -98.07904052734375 53.65542984008789
256 81.74022674560547 60.22677993774414 25.419897079467773
257 20.473228454589844 -62.322601318359375 -38.478668212890625
258 -4.330305099487305 100.83120727539062 -85.14067077636719
259 39.21725082397461 23.434864044189453 -92.61467742919922
260 -46.511470794677734 -50.854488372802734 26.66567039489746
261 -108.40953826904297 33.15896224975586 7.564382553100586
262 -67.5422592163086 57.401206970214844 101.04186248779297
263 52.9219856262207 -113.21537017822266 44.819480895996094
264 60.87620544433594 -55.90028762817383 17.371755599975586
265 -37.99907302856445 -14.643022537231445 -71.94750213623047
266 -4.965641021728516 37.076904296875 -29.174467086791992
267 47.10079574584961 105.32566833496094 61.400386810302734
268 28.75629997253418 118.36618041992188 53.34786605834961
269 -111.46483612060547 -49.060264587402344 -19.255229949951172
270 75.3566665649414 64.56118774414062 44.7121467590332
271 -22.24131202697754 63.62709426879883 -39.32981491088867
272 -27.011404037475586 72.86384582519531 -80.29370880126953
273 -45.52222442626953 1.3776801824569702 68.04788970947266
274 92.38016510009766 5.816041946411133 41.37297058105469
275 -65.53140258789062 82.7333984375 -64.21050262451172
276 91.00438690185547 16.103853225708008 -77.21565246582031
277 -46.98033905029297 91.08985137939453 -77.29061126708984
278 18.981830596923828 52.89866638183594 -112.51528930664062
279 -20.577417373657227 47.2830810546875 -32.04916000366211
280 -24.567548751831055 -76.34674835205078 12.569019317626953
281 10.856590270996094 -114.63243103027344 71.13663482666016
282 36.092445373535156 -15.04206657409668 -46.165061950683594
283 -38.3781852722168 122.16776275634766 -43.95831298828125
284 -59.337486267089844 86.58495330810547 -40.50862503051758
285 93.55315399169922 -25.240564346313477 19.03069305419922
286 6.777831077575684 -46.54930877685547 59.54507064819336
287 12.465827941894531 88.26742553710938 -71.7044448852539
288 -121.3895034790039 -63.91803741455078 -4.768963813781738
289 -54.85265350341797 -94.3740005493164 82.51827239990234
290 -19.289566040039062 -83.60017395019531 -102.30748748779297
291 124.7611312866211 5.474004745483398 -42.178749084472656
292 -7.54682731628418 -60.362213134765625 12.004542350769043
293 55.58607482910156 -71.00418090820312 7.25716495513916
294 -73.29961395263672 -13.22109317779541 76.41106414794922
295 50.44352722167969 -4.41157865524292 30.013879776000977
296 -42.43922805786133 -43.160953521728516 -117.73748016357422
298 -72.46856689453125 -2.094172954559326 -24.780994415283203
299 56.26415252685547 -92.92630767822266 -25.28348159790039
300 108.78086853027344 -40.50861358642578 -50.12949752807617
301 77.20635986328125 -72.8205337524414 71.1127700805664
302 -37.0129280090332 -36.97712707519531 17.033973693847656
303 -65.08321380615234 -17.646041870117188 -37.32807922363281
304 22.32089614868164 -30.788785934448242 -47.32388687133789
305 -103.95323181152344 -12.771677017211914 81.01814270019531
306 4.7873854637146 -80.12498474121094 50.05241012573242
307 -62.19588088989258 41.729312896728516 -62.11210632324219
308 -80.59907531738281 -14.74039077758789 28.787498474121094
309 -59.1070556640625 -48.758522033691406 108.0383529663086
310 8.937040328979492 52.812164306640625 -30.540992736816406
311 -98.79503631591797 -37.814910888671875 43.85481262207031
312 -34.715633392333984 -59.1889533996582 78.66731262207031
313 -3.4532251358032227 -37.7330207824707 75.30359649658203
314 -94.03511810302734 -73.13346862792969 14.293395042419434
315 -102.11488342285156 -40.277950286865234 23.30860710144043
316 -1.214922308921814 43.211158752441406 -4.27142858505249
317 6.521538734436035 -49.14442825317383 -106.61016845703125
318 19.201330184936523 -93.57685852050781 14.409409523010254
319 66.58209228515625 88.36067199707031 -40.739463806152344
320 113.57144927978516 34.85704803466797 -55.326416015625
321 23.139636993408203 56.78492736816406 -50.24349594116211
322 35.07878112792969 -44.102115631103516 -21.122037887573242
323 -101.8976058959961 6.9702467918396 -48.109962463378906
324 -82.91253662109375 81.14221954345703 12.284968376159668
325 -46.832698822021484 -102.67607879638672 -11.794366836547852
326 -26.055646896362305 -88.9731674194336 -31.772117614746094
327 -70.57369995117188 94.597412109375 -3.5762927532196045
328 10.468247413635254 93.320068359375 15.521285057067871
332 -47.45819854736328 52.26383590698242 26.401485443115234
333 -1.2512024641036987 92.2690658569336 -12.349960327148438
334 -33.48851013183594 -97.84317779541016 -83.17017364501953
335 -49.06502914428711 -20.701440811157227 -29.361595153808594
336 -55.99878692626953 104.28277587890625 -60.06354904174805
337 18.49122428894043 -26.33951759338379 -31.47308921813965
338 -100.07947540283203 22.957612991333008 -82.43846130371094
339 -21.83868408203125 105.1539306640625 -31.157583236694336
340 -68.06022644042969 16.169851303100586 -69.99372100830078
341 24.195880889892578 -96.56852722167969 -25.89368438720703
342 -13.456629753112793 61.8228874206543 -92.52186584472656
343 44.90851974487305 -63.97750473022461 -56.35364532470703
344 101.54186248779297 -38.93593978881836 4.7941107749938965
345 8.614189147949219 111.51875305175781 -5.240723609924316
346 75.54681396484375 33.82472610473633 -21.27764892578125
347 15.71701431274414 129.42135620117188 -28.951717376708984
348 -43.3303337097168 -47.67170715332031 -93.11457061767578
349 29.244123458862305 -24.036279678344727 67.5290298461914
350 76.0005874633789 -24.243741989135742 48.50124740600586
351 10.612784385681152 -32.5788459777832 -128.49575805664062
352 -52.18267822265625 88.0242919921875 39.36228942871094
353 -16.787546157836914 -90.71097564697266 24.53022575378418
354 -77.14873504638672 -75.34004211425781 51.712947845458984
355 91.51285552978516 -38.562530517578125 -35.97227478027344
356 13.554487228393555 30.775529861450195 -114.99447631835938
357 -70.20256042480469 -34.72882080078125 -52.12706756591797
358 -100.28321075439453 -18.581321716308594 30.75214958190918
359 27.62401580810547 25.048845291137695 -34.68700408935547
360 95.8125228881836 42.07243347167969 -35.60198211669922
361 5.684669017791748 -97.17800903320312 -55.618499755859375
362 24.584659576416016 -90.60466766357422 -46.61859130859375
363 -81.69644927978516 92.40416717529297 -49.21295928955078
364 41.771236419677734 -102.62690734863281 -37.09825134277344
365 -93.81607055664062 -20.739805221557617 -90.92752838134766
366 -40.304901123046875 -76.63004302978516 -89.8252182006836
367 -51.70637130737305 67.6908187866211 46.51168441772461
371 -35.97483444213867 22.0093936920166 101.3794937133789
372 2.7168805599212646 -110.82034301757812 -21.769933700561523
373 73.85543823242188 57.328041076660156 -54.75728225708008
374 28.756633758544922 7.637692451477051 -88.10653686523438
375 -22.577640533447266 82.39839172363281 -44.914024353027344
376 -34.20518112182617 -50.471317291259766 98.13642883300781
377 40.56726837158203 70.3768310546875 -35.564212799072266
378 -26.471233367919922 -104.77207946777344 -43.36722946166992
379 62.14494705200195 7.575511455535889 19.73383903503418
380 -103.93354034423828 13.77369499206543 51.22126007080078
381 60.925201416015625 82.7929916381836 9.802051544189453
382 35.68788528442383 53.16196060180664 75.495849609375
383 97.96417236328125 11.168807029724121 61.77217102050781
384 10.736878395080566 -84.75313568115234 3.0245590209960938
385 -38.47981643676758 -83.04341125488281 57.43824005126953
386 45.89884567260742 53.97418212890625 113.87458038330078
387 -33.00139617919922 -107.37561798095703 24.435447692871094
388 -18.285316467285156 -51.98545455932617 -68.82962036132812
389 24.728731155395508 -12.81982707977295 82.75532531738281
390 -20.37417984008789 110.36909484863281 -53.25102615356445
391 74.34891510009766 29.725366592407227 -72.78163146972656
392 15.59688663482666 -76.27497863769531 -28.033761978149414
393 93.86094665527344 -68.2505111694336 55.33698654174805
394 11.55247974395752 -103.2380599975586 23.488075256347656
395 30.91169548034668 -121.36426544189453 20.489181518554688
396 -48.000572204589844 -15.641791343688965 -57.439762115478516
397 78.14000701904297 -64.17518615722656 -35.809349060058594
398 30.18238639831543 -34.27061080932617 34.94830322265625
399 64.59420776367188 -26.978063583374023 -10.203876495361328
400 21.8764591217041 53.70446014404297 63.08781433105469
401 94.68592071533203 -4.221651077270508 11.189852714538574
402 24.16951560974121 12.111794471740723 108.4617919921875
403 -8.055400848388672 58.01402282714844 -23.290552139282227
404 -96.59595489501953 14.126081466674805 27.473447799682617
405 37.90523910522461 -81.41987609863281 7.688622951507568
406 -53.585506439208984 21.882984161376953 -59.21709060668945
407 124.55409240722656 -39.551551818847656 -3.8632068634033203
408 60.958003997802734 -42.53066635131836 -77.51998138427734
409 -113.94931030273438 15.445063591003418 -62.78253173828125
410 5.26127815246582 -92.21171569824219 -33.049232482910156
411 85.21427154541016 26.550817489624023 45.54560852050781
412 -47.56330490112305 37.419036865234375 12.081640243530273
413 -0.8268592953681946 15.313822746276855 -49.95717239379883
414 -55.98151779174805 63.07365798950195 -55.93299102783203
415 -35.704681396484375 23.798870086669922 -49.02403259277344
416 134.2383575439453 8.681011199951172 10.785082817077637
417 -59.82138442993164 27.2861328125 -116.82734680175781
418 -59.021968841552734 -65.1532211303711 62.01067352294922
419 -69.03524017333984 20.82476043701172 43.006160736083984
420 31.23126983642578 49.86537551879883 5.179971694946289
421 94.97076416015625 -70.48573303222656 -23.500049591064453
422 12.308181762695312 -34.74922180175781 132.899658203125
423 36.90972137451172 -54.04098892211914 -97.67221069335938
424 74.99078369140625 75.44012451171875 79.03192138671875
425 2.3853986263275146 -66.0315933227539 -93.24114990234375
426 -37.0967903137207 53.54987335205078 49.1164665222168
427 45.251197814941406 63.38901138305664 -15.668278694152832
428 -76.24446868896484 26.704998016357422 22.379392623901367
431 96.87842559814453 85.15077209472656 -34.17796325683594
432 -54.40663528442383 36.36466979980469 -42.54710006713867
433 -64.77873992919922 -23.68656349182129 -20.845491409301758
434 8.298920631408691 99.816650390625 56.976524353027344
435 -85.69696044921875 54.20845031738281 -50.995948791503906
436 44.366416931152344 23.45644187927246 80.5062484741211
437 60.59820556640625 -15.006871223449707 21.093265533447266
439 27.63050079345703 52.580875396728516 45.51308822631836
440 29.32646942138672 90.06410217285156 54.649391174316406
441 -118.48021697998047 -26.3980712890625 -27.690319061279297
442 -98.47781372070312 58.70848846435547 8.921639442443848
443 -7.340973854064941 109.49551391601562 42.99699020385742
444 69.38479614257812 -8.933521270751953 -33.3045539855957
445 -55.057579040527344 -42.478668212890625 73.4129638671875
446 -35.50120162963867 39.03873062133789 -37.6179313659668
447 7.674170017242432 -4.032893180847168 -136.0417022705078
448 26.864261627197266 64.61981964111328 -18.762348175048828
449 -95.2800521850586 -51.584190368652344 -35.41188049316406
452 81.03465270996094 100.01483154296875 33.652313232421875
453 19.974876403808594 -64.39545440673828 49.84439468383789
454 -6.209253787994385 52.80989456176758 36.797607421875
455 26.516965866088867 73.9708251953125 -79.64154815673828
456 -11.845431327819824 73.21710968017578 -13.008315086364746
457 107.50027465820312 -6.057113170623779 -7.064773082733154
458 -47.22236251831055 -29.982206344604492 30.53404998779297
459 1.0736504793167114 5.579211235046387 24.427730560302734
460 36.4368782043457 7.4190263748168945 41.38444137573242
461 32.440006256103516 -67.07337188720703 -20.227941513061523
462 2.401824951171875 -62.09195327758789 99.59844970703125
463 -111.40261840820312 -0.12779220938682556 35.377235412597656
464 56.777469635009766 35.8781623840332 73.34600830078125
465 -25.27037239074707 -13.717975616455078 -12.932891845703125
466 -66.48350524902344 73.27532196044922 -85.57524108886719
467 -39.315032958984375 -16.964643478393555 55.57045364379883
468 -33.759159088134766 -4.834519863128662 -55.266876220703125
469 92.62814331054688 6.1706767082214355 95.0731430053711
470 -62.288536071777344 110.22673797607422 -38.00605010986328
471 25.75591468811035 36.583045959472656 39.85029602050781
472 -0.10182490199804306 79.03296661376953 107.78059387207031
473 29.828401565551758 -35.550254821777344 117.07281494140625
474 87.13731384277344 44.42776870727539 -64.7385025024414
475 65.55938720703125 0.7860115766525269 -13.905824661254883
476 18.674259185791016 93.70222473144531 -92.45689392089844
477 18.867868423461914 -110.27139282226562 -39.94333267211914
478 -42.11349868774414 -53.187721252441406 -38.528053283691406
479 19.271883010864258 64.79905700683594 34.063316345214844
480 24.48541831970215 -94.07632446289062 -88.6029052734375
481 -9.199370384216309 31.092933654785156 -59.734405517578125
482 54.9846305847168 -55.44451904296875 94.4650650024414
483 102.85195922851562 15.740649223327637 -12.701255798339844
484 56.6627311706543 85.67528533935547 74.03791809082031
485 -0.9507274627685547 -8.993964195251465 75.32870483398438
486 26.35136604309082 92.0348129272461 -36.61943054199219
487 -56.38656997680664 -54.8763313293457 2.8577029705047607
488 91.67252349853516 27.301708221435547 18.656078338623047
489 -108.32023620605469 77.42550659179688 -0.6292891502380371
490 -21.284624099731445 -9.974259376525879 91.34703063964844
491 -59.68620300292969 -11.527935028076172 -76.95719146728516
492 77.7524185180664 95.55458068847656 -60.940242767333984
493 -83.2671127319336 23.317123413085938 70.76155090332031
494 118.69152069091797 -4.815652847290039 18.035810470581055
495 -117.56952667236328 -44.97287368774414 -43.790767669677734
496 57.49775695800781 -15.451091766357422 -100.23164367675781
497 88.89344787597656 -0.18343281745910645 -10.400700569152832
498 64.01251983642578 19.84262466430664 76.49562072753906
499 -31.77157211303711 -39.28402328491211 78.81901550292969
500 -78.1488037109375 52.49220657348633 -86.78225708007812
501 -46.28134536743164 92.72431945800781 -6.276482582092285
502 53.34162521362305 -35.94414520263672 27.188371658325195
503 -88.87782287597656 -2.1433708667755127 -22.28569984436035
504 -87.32845306396484 73.75543975830078 -70.6370620727539
505 -74.66400146484375 71.5551528930664 -47.492767333984375
506 106.62371063232422 -26.623088836669922 -13.470223426818848
507 14.590503692626953 19.57071304321289 -96.56893920898438
508 96.39827728271484 -11.538544654846191 -63.60606384277344
509 -3.9708471298217773 -12.065545082092285 -36.09778594970703
510 -22.269010543823242 -81.84624481201172 -4.988973617553711
511 33.04875564575195 -9.127849578857422 35.56814193725586
512 -9.274954795837402 -19.696372985839844 44.482994079589844
513 -82.84789276123047 -0.19956353306770325 1.1406816244125366
514 -58.95290756225586 2.7441747188568115 80.4321060180664
515 -76.98947143554688 -11.486331939697266 54.54808807373047
516 -74.6057357788086 112.55731964111328 13.611464500427246
517 101.33231353759766 89.2671890258789 17.233474731445312
518 -6.816199779510498 -93.33451080322266 -2.4096903800964355
519 -129.91925048828125 0.6196316480636597 -0.4681975245475769
520 43.934913635253906 1.237197756767273 112.05402374267578
521 111.20634460449219 -28.330766677856445 -70.5574951171875
522 -4.108651161193848 26.438127517700195 -105.4466323852539
523 22.859806060791016 -60.81023406982422 86.25921630859375
524 43.98612976074219 7.233199596405029 59.387508392333984
525 -6.474261283874512 59.802616119384766 54.0317268371582
526 63.80990219116211 65.77033233642578 20.348474502563477
527 46.80792236328125 -41.07729721069336 42.49867248535156
528 69.6351547241211 11.078116416931152 -74.9717788696289
529 -62.83802032470703 -57.620819091796875 -101.73135375976562
530 -55.71488571166992 -29.690526962280273 -67.72918701171875
531 -124.4874267578125 33.668495178222656 28.8006534576416
532 -31.712238311767578 -119.19271850585938 42.8629035949707
533 -34.28131866455078 37.77566146850586 -79.06055450439453
534 104.72181701660156 -1.5440443754196167 -84.07500457763672
535 53.14386749267578 -51.66138458251953 -22.49093246459961
536 83.52926635742188 103.254150390625 3.452989101409912
537 30.5252685546875 66.76918029785156 -1.3900549411773682
538 61.514888763427734 -51.20992660522461 -98.2318115234375
539 107.4581527709961 38.92769241333008 15.300719261169434
540 -45.15080642700195 80.66092681884766 -54.49226379394531
541 -9.479232788085938 -28.422679901123047 -90.06059265136719
542 22.953636169433594 -6.314683437347412 -101.83625793457031
543 -26.694257736206055 26.696813583374023 119.85537719726562
544 106.46227264404297 14.972357749938965 26.087671279907227
545 0.9260732531547546 -11.692597389221191 -90.49656677246094
546 -79.68128204345703 -55.52402877807617 92.02652740478516
547 132.05413818359375 -22.695125579833984 -17.107351303100586
548 -18.138872146606445 97.94147491455078 -10.610912322998047
549 115.03388214111328 -60.47859191894531 3.6813204288482666
550 76.48086547851562 0.586173415184021 3.857900381088257
551 69.0333251953125 -82.6069564819336 -1.0631003379821777
552 83.6993637084961 32.097415924072266 -94.12493133544922
553 16.132932662963867 47.47133255004883 28.014978408813477
554 -23.098983764648438 49.60990524291992 -51.259666442871094
555 -127.65422058105469 -34.019344329833984 -4.946352481842041
556 40.40043258666992 80.45568084716797 -95.13048553466797
557 79.0037841796875 -3.4245877265930176 53.408226013183594
558 75.99479675292969 -9.522956848144531 92.58077239990234
559 34.956573486328125 -51.40378952026367 -43.38297653198242
560 -53.799156188964844 -13.177164077758789 30.2900333404541
561 -23.98763656616211 -97.6400146484375 8.255491256713867
562 -26.106306076049805 66.30599975585938 -21.476051330566406
563 36.95420455932617 38.607452392578125 -119.91072082519531
564 37.95658493041992 -76.279541015625 99.7918930053711
565 -12.896809577941895 -33.981056213378906 -72.89662170410156
566 -38.99591827392578 38.10758972167969 31.896255493164062
567 95.80662536621094 -60.379451751708984 14.394939422607422
570 45.65974426269531 59.764984130859375 -84.05928039550781
571 10.619831085205078 -5.298501491546631 89.64263916015625
572 -83.39073181152344 12.922646522521973 53.045257568359375
573 -37.89320373535156 -6.471336841583252 -14.435076713562012
574 73.52688598632812 -106.13627624511719 -25.175634384155273
577 -101.89840698242188 70.2066879272461 -49.96474075317383
578 -34.1214714050293 46.59153747558594 97.30281829833984
579 -128.81097412109375 21.63881492614746 4.364543437957764
580 -88.05781555175781 33.843849182128906 -21.35716438293457
581 3.3294360637664795 -54.829490661621094 76.95315551757812
582 129.5594024658203 45.87575912475586 -5.46832275390625
583 -108.44174194335938 -32.42790985107422 2.842560291290283
584 -57.30216598510742 94.87890625 -22.3765811920166
585 -24.355403900146484 81.15916442871094 21.70041847229004
586 66.06739044189453 72.87422943115234 -69.5235824584961
587 1.3505336046218872 92.3478775024414 36.25688934326172
588 19.743295669555664 -61.891761779785156 115.29280090332031
589 -20.86780548095703 -10.376181602478027 -44.5380744934082
592 -2.3807811737060547 -66.34647369384766 60.46818923950195
593 53.58209228515625 -95.11966705322266 -4.045934200286865
594 16.54830551147461 -95.55003356933594 83.18558502197266
595 -17.61841583251953 50.34528350830078 86.47655487060547
596 0.800690233707428 -51.30213165283203 121.39493560791016
597 -36.200706481933594 56.03083038330078 -9.841188430786133
598 -26.260812759399414 -40.5908203125 -42.05073928833008
599 -55.28421401977539 13.305376052856445 51.55363464355469
600 77.89865112304688 38.90869140625 23.670127868652344
601 -47.62638473510742 -26.1693115234375 -85.6823501586914
602 -4.939619064331055 -31.467185974121094 -108.99749755859375
603 -69.22321319580078 -72.5040283203125 -18.911754608154297
604 110.095947265625 -4.581234455108643 73.63114929199219
607 -70.43988800048828 10.697778701782227 11.628020286560059
608 30.54132843017578 56.78300857543945 -68.02043151855469
609 14.490638732910156 -129.5066680908203 -31.54633331298828
610 54.88103485107422 -42.800411224365234 -37.18545913696289
611 -32.20969772338867 -32.15521240234375 -74.24003601074219
612 -21.009767532348633 -67.82495880126953 60.209842681884766
613 24.5057430267334 70.097412109375 116.12977600097656
614 -90.2695083618164 -95.3167495727539 15.736750602722168
615 -19.237388610839844 -131.97750854492188 -15.177720069885254
616 107.492919921875 65.62438201904297 -22.50792121887207
617 -87.03970336914062 72.01692962646484 67.33875274658203
618 -5.840295791625977 71.57254028320312 -37.42151641845703
619 -18.913633346557617 21.75318145751953 49.585914611816406
620 88.92847442626953 -39.5945930480957 55.38770294189453
621 52.097110748291016 2.9427225589752197 -25.92462730407715
622 -92.57029724121094 -70.67039489746094 66.8490219116211
623 121.97161865234375 21.139108657836914 56.010528564453125
624 44.272178649902344 51.900447845458984 -30.69091033935547
625 -57.9145393371582 8.460569381713867 -86.06249237060547
626 69.68759155273438 -47.08469772338867 31.601064682006836
627 -47.480628967285156 69.76274108886719 68.40128326416016
628 -124.14210510253906 -11.776346206665039 -47.99196243286133
629 102.12179565429688 -65.63310241699219 -42.27322769165039
630 -41.43405532836914 52.634735107421875 -66.67285919189453
631 2.246222496032715 -80.46390533447266 -46.18329620361328
632 -69.1817398071289 0.565300703048706 40.9318733215332
633 -6.735508918762207 82.93817901611328 -100.736572265625
634 41.31997299194336 21.725160598754883 -72.21983337402344
635 -79.8524398803711 -15.765905380249023 -74.43672180175781
636 -50.89230728149414 108.28422546386719 6.664832592010498
637 -73.59828186035156 56.83065414428711 -66.48726654052734
638 57.036529541015625 12.126175880432129 38.08949661254883
639 -56.404537200927734 49.052734375 -81.41384887695312
640 90.32842254638672 -95.41024780273438 -9.111838340759277
641 14.410595893859863 56.19027328491211 -14.874863624572754
642 -79.93689727783203 -18.404420852661133 5.103669166564941
643 66.07685089111328 -37.59021759033203 66.44426727294922
644 -53.09822463989258 -6.623061656951904 46.65277862548828
645 80.07280731201172 45.080360412597656 44.87297439575195
646 62.164920806884766 -36.79767608642578 -53.38710021972656
647 34.684085845947266 72.90196990966797 39.631900787353516
648 -39.76312255859375 -68.4353256225586 21.47176742553711
649 -52.02254867553711 -68.10250091552734 -10.67772102355957
650 -36.74723434448242 21.29864501953125 52.32113265991211
651 3.0430400371551514 -37.89573287963867 -45.5008659362793
652 75.75398254394531 -13.509712219238281 -12.817461013793945
653 26.62810516357422 -36.667381286621094 -89.5071792602539
654 -55.110469818115234 -62.458194732666016 -80.38351440429688
657 -86.62122344970703 -28.16695213317871 69.40332794189453
658 -94.57805633544922 92.44306945800781 27.48603057861328
659 31.463882446289062 -10.692351341247559 53.543251037597656
660 -25.695064544677734 -55.51860809326172 20.055631637573242
662 -93.32620239257812 51.787811279296875 74.1087417602539
666 37.2898063659668 110.33244323730469 -26.903018951416016
667 77.24620819091797 16.216581344604492 -15.307104110717773
668 18.203899383544922 -80.58477020263672 66.13977813720703
669 41.597164154052734 -20.81452751159668 28.74454689025879
670 -71.21856689453125 65.69229125976562 2.974066734313965
671 -104.95977020263672 38.451908111572266 -11.213321685791016
672 -41.25926208496094 1.4200034141540527 -80.08020782470703
673 -29.401151657104492 78.88787078857422 75.32077026367188
674 -82.13127899169922 -90.74574279785156 -15.31582260131836
675 75.00527954101562 12.303877830505371 37.74851989746094
676 -121.78441619873047 -21.145553588867188 20.267236709594727
677 21.59856605529785 -40.83034133911133 64.89020538330078
678 -106.53632354736328 59.776344299316406 51.3635139465332
679 20.740793228149414 -45.69522476196289 46.18372344970703
680 -4.522879123687744 59.24543380737305 115.6809310913086
681 39.16585922241211 55.732215881347656 31.77075958251953
684 -54.74936294555664 -86.60010528564453 -75.99522399902344
685 -70.62883758544922 -33.30699157714844 85.95597839355469
686 -81.51154327392578 91.45547485351562 -26.381568908691406
687 37.33995819091797 71.78549194335938 95.36658477783203
688 2.9176888465881348 -83.88912200927734 29.89484405517578
689 -113.61076354980469 -2.882693290710449 14.666854858398438
690 55.983856201171875 38.18082809448242 -27.421899795532227
691 -65.20185852050781 -26.243045806884766 0.3522160053253174
692 -67.16857147216797 -27.088594436645508 21.485031127929688
693 30.055456161499023 24.120771408081055 93.0087890625
694 13.065101623535156 96.91215515136719 90.74240112304688
695 -5.693521022796631 -79.4541015625 11.198721885681152
696 -20.61920928955078 -73.56006622314453 -21.65342903137207
697 -14.503662109375 67.75228881835938 27.78626251220703
698 -5.571646690368652 -63.03364181518555 -76.4434814453125
699 -19.351722717285156 -63.66856002807617 -93.11829376220703
700 -40.52986526489258 45.075599670410156 119.00110626220703
701 26.34205436706543 -0.37534916400909424 -53.300228118896484
702 4.017877101898193 -29.669025421142578 112.17134857177734
703 -84.40494537353516 33.97024917602539 -99.48148345947266
704 7.919457912445068 -75.19691467285156 81.59700775146484
705 26.258623123168945 -65.44930267333984 32.223426818847656
706 108.97979736328125 52.35785675048828 -2.792442798614502
928 -18.433408737182617 90.29488372802734 87.33369445800781
929 11.916410446166992 43.088462829589844 -51.5771484375
930 -44.34819030761719 22.733707427978516 -33.47837448120117
931 -36.11081314086914 -56.44285583496094 119.5237045288086
932 19.407861709594727 -15.446467399597168 122.96319580078125
933 -28.961715698242188 90.35575103759766 -93.74116516113281
934 -120.5357894897461 -33.71245574951172 39.925048828125
935 -100.28927612304688 -32.10367965698242 -17.617244720458984
936 86.15412902832031 -35.7751579284668 35.84820556640625
937 75.2564697265625 -25.774394989013672 -27.61574363708496
938 56.94367218017578 -39.378021240234375 113.60710144042969
939 59.65004348754883 106.74989318847656 43.3330192565918
940 -40.733402252197266 -88.07120513916016 2.736665725708008
941 66.62965393066406 -49.05881118774414 0.993848979473114
942 -78.69841003417969 15.35971450805664 -21.524187088012695
943 70.51084899902344 49.84170913696289 -80.46942901611328
944 -103.05780792236328 77.23451232910156 -26.627309799194336
945 53.79530334472656 36.18275833129883 -77.35907745361328
946 -14.891820907592773 20.873258590698242 69.78258514404297
947 18.886947631835938 -50.43365478515625 29.88094139099121
948 65.72354888916016 27.807104110717773 -36.87740707397461
949 -19.185606002807617 -31.046466827392578 99.54708099365234
950 32.0568733215332 -0.5718251466751099 21.36833953857422
951 -93.08238983154297 -58.4294319152832 -10.101112365722656
952 59.34746170043945 68.98284912109375 55.48048400878906
953 -71.16675567626953 39.14103317260742 40.16326904296875
954 75.7667465209961 -65.62657165527344 -80.4649887084961
955 -16.2716064453125 -47.070247650146484 87.12891387939453
956 -81.32501220703125 46.84872817993164 9.509765625
957 53.58053207397461 63.43532943725586 39.657440185546875
958 65.7475814819336 2.687950611114502 -93.72531127929688
959 -48.062950134277344 -74.34901428222656 99.90571594238281
960 91.68464660644531 -18.799291610717773 -1.628133773803711
961 -58.552284240722656 -11.369376182556152 61.788719177246094
962 47.516441345214844 -106.05717468261719 23.627445220947266
963 22.777467727661133 -6.67008638381958 6.930904865264893
964 5.122439861297607 -120.48282623291016 -56.56132888793945
965 -78.29460906982422 12.533843994140625 -86.99695587158203
966 -31.663236618041992 -63.896053314208984 -75.35611724853516
967 -23.47372055053711 23.89519691467285 33.670616149902344
968 -70.06365966796875 51.70938491821289 78.49430847167969
969 29.23046875 121.63935089111328 -11.628108024597168
970 66.3310317993164 43.59897994995117 -104.55591583251953
971 -43.09090042114258 -123.0790023803711 -21.457500457763672
972 9.211286544799805 -89.81356048583984 -14.400073051452637
973 -54.92951583862305 -83.97150421142578 -28.670730590820312
974 -6.341115474700928 5.597271919250488 63.59660339355469
975 15.070676803588867 -81.55399322509766 102.8410873413086
976 -90.97816467285156 35.56428146362305 58.55281066894531
977 48.15089797973633 -45.67966079711914 10.653083801269531
978 103.42603302001953 -25.134071350097656 39.229942321777344
979 10.509400367736816 8.156730651855469 -79.37971496582031
980 9.284224510192871 -100.9067153930664 -75.2112808227539
981 100.3696517944336 2.899759292602539 -47.95705032348633
982 7.436038017272949 -3.013258457183838 110.01963806152344
983 15.280258178710938 130.65005493164062 5.312686920166016
984 -109.81489562988281 -69.97406768798828 -32.212120056152344
985 -43.27598571777344 -20.215784072875977 128.0911865234375
986 45.34259796142578 -77.91511535644531 -10.55418586730957
987 -91.89598083496094 -91.40714263916016 -36.194091796875
988 -81.38726043701172 49.770259857177734 -30.89581298828125
989 68.49781036376953 1.6683387756347656 -49.38715362548828
990 40.1850471496582 -83.63414764404297 26.410932540893555
991 -58.21352005004883 -57.03823471069336 -24.980127334594727
992 14.738164901733398 60.149620056152344 7.240396022796631
993 74.00048065185547 -81.4603500366211 -19.966466903686523
994 -45.440818786621094 37.845096588134766 -98.21412658691406
995 -54.11011505126953 31.76929473876953 32.38617706298828
996 -31.682371139526367 -20.937225341796875 -116.67034149169922
997 35.37543487548828 -98.46295928955078 -9.65786361694336
998 -57.37582778930664 104.99763488769531 50.809017181396484
999 25.05516815185547 -80.55876922607422 -11.156574249267578
1000 -69.05228424072266 -59.3422737121582 41.0969123840332
1001 33.76802444458008 49.65486526489258 -13.20734977722168
1002 28.783876419067383 6.874058723449707 -21.433076858520508
1003 -43.14487838745117 53.17487335205078 -45.336036682128906
1004 -85.57493591308594 -46.8936767578125 -54.18288040161133
1005 -39.97001266479492 99.81963348388672 22.957250595092773
1006 -45.972259521484375 -102.19676208496094 -33.29902648925781
1007 -92.36893463134766 -2.3974967002868652 65.54530334472656
1008 22.83603286743164 84.16527557373047 1.867997407913208
1009 27.77393913269043 60.03329086303711 18.65483283996582
1010 3.025979995727539 80.2110595703125 -52.823333740234375
1011 -5.719700813293457 61.12269592285156 9.881439208984375
1012 116.32292938232422 52.7298698425293 -38.714900970458984
1013 56.490169525146484 90.3272705078125 -82.04115295410156
1014 17.229372024536133 -75.06379699707031 14.809050559997559
1015 86.77873229980469 -3.2104339599609375 74.25035858154297
1016 -47.84699249267578 -39.23469924926758 90.08164978027344
1017 35.22739791870117 -94.5511474609375 40.54609298706055
1018 -94.05422973632812 -35.51591873168945 89.63866424560547
1019 -21.7143497467041 8.132391929626465 55.80043411254883
1020 -75.15725708007812 -50.194252014160156 70.53553009033203
1021 -67.48200988769531 -16.531715393066406 -56.524662017822266
1022 98.0529556274414 -49.043663024902344 -72.64200592041016
1023 49.04996871948242 -32.472991943359375 -90.34195709228516
1024 -36.64345169067383 55.87152099609375 -88.6524887084961
1025 -132.92086791992188 -12.677315711975098 -16.400259017944336
1026 1.0814541578292847 -16.772777557373047 5.01007604598999
1027 17.848752975463867 83.57707214355469 38.98699951171875
1028 -95.86536407470703 34.82901382446289 22.030561447143555
1029 2.035753011703491 -61.7489128112793 -44.3892822265625
1030 -105.66791534423828 18.131614685058594 73.47200012207031
1031 96.2920913696289 43.35382843017578 32.702598571777344
1032 61.62210464477539 43.50627899169922 -13.990172386169434
1033 -21.967235565185547 -34.30924606323242 63.92307662963867
1034 -26.711889266967773 -99.78515625 -11.290223121643066
1035 88.80014038085938 78.14226531982422 36.02446746826172
1036 -102.85516357421875 -81.83655548095703 -5.801785945892334
1037 -64.09872436523438 -38.419803619384766 -87.53795623779297
1038 114.36054229736328 -40.40826416015625 -27.88970184326172
1039 7.510980606079102 28.81732940673828 -66.5608901977539
1040 40.532554626464844 91.42918395996094 35.154502868652344
1041 40.22760009765625 91.94486999511719 88.57833862304688
1042 30.865060806274414 44.3128776550293 92.43396759033203
1043 41.40780258178711 -43.47187805175781 -73.39891815185547
1044 -18.71609878540039 -32.3658561706543 123.74432373046875
1045 10.388289451599121 66.61078643798828 -67.33390045166016
1046 -8.911118507385254 13.751204490661621 -125.442626953125
1047 26.156538009643555 93.04109954833984 23.84148597717285
1048 -42.59211349487305 -40.65870666503906 44.47602462768555
1049 -46.22362518310547 21.434101104736328 68.09252166748047
1050 41.256805419921875 58.512516021728516 -49.83232116699219
1051 -39.6127815246582 -85.32735443115234 -44.36749267578125
1052 20.1494083404541 71.03604888916016 54.49031066894531
1053 12.455863952636719 -23.23849105834961 75.30675506591797
1054 -22.770004272460938 -134.75267028808594 8.742227554321289
1055 12.873682975769043 -6.220860004425049 -68.4937515258789
1056 7.07686710357666 -20.92608642578125 -43.27181625366211
1057 -72.29023742675781 -29.58660125732422 -110.96774291992188
1058 8.695816040039062 8.700204849243164 -115.8524169921875
1059 21.40383529663086 112.06056213378906 -67.80962371826172
1060 74.41822814941406 -3.1274311542510986 24.480342864990234
1061 -17.097314834594727 92.43412780761719 57.12562561035156
1062 11.537421226501465 10.003951072692871 -60.624916076660156
1063 65.53266143798828 81.50605773925781 34.17262268066406
1064 4.052342414855957 109.48992156982422 22.259235382080078
1065 -75.53577423095703 -97.53490447998047 41.74930191040039
1066 14.878280639648438 20.173751831054688 47.28828048706055
1067 82.0500717163086 -43.85383224487305 -92.17388916015625
1068 -73.74199676513672 57.041046142578125 -13.56501579284668
1069 111.0733642578125 37.70623016357422 -20.560535430908203
1070 -26.1225643157959 -46.68270492553711 51.2089958190918
1071 -71.32119750976562 -0.21781767904758453 -63.97245788574219
1072 -1.8516881465911865 -9.330022811889648 57.272769927978516
1073 4.4499664306640625 -9.92919921875 40.5860595703125
1074 55.55070114135742 76.31987762451172 -8.989376068115234
1075 100.99528503417969 3.7055628299713135 -28.424537658691406
1076 16.350120544433594 -1.609939455986023 69.3586654663086
1077 48.880062103271484 24.540264129638672 16.08851432800293
1078 -83.36864471435547 -56.42051315307617 -75.09638214111328
1079 72.32893371582031 87.99871063232422 55.26602554321289
1080 -61.423458099365234 -45.44450759887695 54.63481903076172
1081 -26.358217239379883 35.652530670166016 -61.727352142333984
1082 -15.604333877563477 -110.18479919433594 -62.900814056396484
1083 58.50010299682617 20.530149459838867 -18.138458251953125
1084 75.89720153808594 69.5650405883789 4.086197853088379
1085 -87.4221420288086 26.803525924682617 38.62101745605469
1086 -39.8333854675293 -52.0074348449707 7.383759498596191
1087 -14.09371566772461 70.7318344116211 66.77920532226562
1088 99.75333404541016 35.51911163330078 62.517879486083984
1089 92.82653045654297 53.479713439941406 78.91834259033203
1090 -2.6994118690490723 20.73546028137207 -84.9625244140625
1091 -17.697834014892578 32.59244155883789 88.72953033447266
1092 88.19005584716797 48.69896697998047 -16.47559928894043
1093 58.116737365722656 100.4972915649414 0.10557052493095398
1094 -11.029829978942871 -104.33657836914062 76.9183578491211
1095 -17.647972106933594 -0.7634209394454956 75.65652465820312
1096 -40.39066696166992 20.579776763916016 35.179656982421875
1097 67.5120620727539 1.817343831062317 77.54924774169922
1098 -21.97731590270996 3.5489771366119385 133.2064208984375
1099 -16.32473373413086 -58.941139221191406 -120.42425537109375
1100 73.41109466552734 -18.559871673583984 66.02518463134766
1101 17.679410934448242 -24.996604919433594 -71.23725891113281
1102 37.14639663696289 -39.4996337890625 -2.7128872871398926
1103 71.74656677246094 0.14693683385849 112.55975341796875
1104 -103.58577728271484 6.670956134796143 3.5078368186950684
1105 -48.298187255859375 5.586009979248047 37.02570343017578
1106 -79.89385223388672 6.168935775756836 80.01776123046875
1107 96.68745422363281 -21.181255340576172 91.1974105834961
1108 -14.749112129211426 -114.70382690429688 15.72861099243164
1109 86.7716293334961 2.350802421569824 -100.60943603515625
1110 51.45293426513672 12.70706844329834 96.21968841552734
1111 63.386024475097656 38.64398956298828 -59.04126739501953
1112 -51.09001541137695 -26.66567611694336 -106.39218139648438
1113 -82.75843048095703 14.224882125854492 -41.47202682495117
1114 -13.722319602966309 -131.31207275390625 33.06082534790039
1115 31.46885108947754 24.162437438964844 129.33505249023438
1116 54.20500183105469 -57.41987991333008 35.306976318359375
1117 116.77729034423828 27.16688346862793 0.13588248193264008
1118 20.999324798583984 62.795963287353516 81.09327697753906
1119 23.156661987304688 -82.40571594238281 46.42280197143555
1120 51.10456085205078 37.591636657714844 28.945255279541016
1121 -90.61970520019531 -39.45561218261719 -1.2350521087646484
1122 -59.3686637878418 80.5814437866211 4.908370494842529
1123 -72.01924896240234 -41.63895797729492 5.364933967590332
1124 35.979888916015625 -45.9764518737793 55.50247573852539
1125 57.62940216064453 -17.14621353149414 118.8282470703125
1126 47.80313491821289 6.004641532897949 -7.602353572845459
1127 -108.595703125 32.72017288208008 45.55255889892578
1128 -68.14322662353516 5.489941596984863 62.16564178466797
1129 -46.72455978393555 12.434814453125 -106.2380142211914
1130 -6.548016548156738 -105.41864776611328 -40.661705017089844
1131 60.819610595703125 10.458914756774902 54.9683952331543
1132 51.06534194946289 -59.80200958251953 -76.9339370727539
1133 6.529668807983398 22.213321685791016 25.26441764831543
1134 39.4056396484375 -98.27986907958984 79.66927337646484
1135 -7.085610866546631 77.94818115234375 -75.86077117919922
1136 6.668712139129639 -16.28186798095703 22.235424041748047
1137 21.778541564941406 -66.2947998046875 -102.71427154541016
1138 -85.82036590576172 -11.987672805786133 95.5868148803711
1139 63.98374557495117 -14.227991104125977 2.6490354537963867
1140 38.6978874206543 -83.54021453857422 -28.647937774658203
1141 34.37187194824219 94.0196533203125 -70.49996185302734
1142 17.590017318725586 71.60359191894531 -35.78875732421875
1143 -14.554061889648438 10.282403945922852 -99.58423614501953
1144 -10.955689430236816 -118.80806732177734 57.21067810058594
1145 23.267414093017578 18.407249450683594 -132.33863830566406
1146 -82.67123413085938 73.94750213623047 44.03773498535156
1147 18.056100845336914 11.313849449157715 85.64374542236328
1148 5.668275356292725 -10.944328308105469 -111.60295104980469
1149 25.714542388916016 -51.97080612182617 -79.34413146972656
1150 78.07317352294922 14.26069450378418 61.13633728027344
1151 33.67119216918945 40.755672454833984 -79.19960021972656
1152 -36.099063873291016 84.0404052734375 9.041842460632324
1153 11.897229194641113 -59.366355895996094 -69.48394775390625
1154 21.098995208740234 25.215036392211914 -79.08625030517578
1155 -88.05976104736328 -70.36427307128906 -26.69071388244629
1156 -35.75385665893555 -7.9246826171875 -31.672630310058594
1157 95.07186889648438 -26.011552810668945 69.57609558105469
1158 108.42145538330078 66.10641479492188 38.80473709106445
1159 -48.68771743774414 -8.03357219696045 -96.53223419189453
1160 62.10028839111328 46.73204040527344 50.94062423706055
1161 -55.10000991821289 91.99908447265625 75.05009460449219
1162 53.455116271972656 21.103853225708008 116.50765991210938
1163 -23.944393157958984 6.761702537536621 103.28597259521484
1164 -52.827938079833984 1.908608317375183 -65.19243621826172
1165 -52.63942337036133 118.02613067626953 30.983510971069336
1166 -82.63614654541016 69.24626922607422 -28.914813995361328
1167 34.53984451293945 22.349130630493164 -49.826393127441406
1168 -15.920248031616211 37.64947509765625 -121.14492797851562
1169 84.80252838134766 -13.774656295776367 34.575218200683594
1170 40.2220573425293 99.86827087402344 10.443422317504883
1171 -81.35664367675781 -39.72353744506836 33.16440963745117
1172 37.511558532714844 26.798919677734375 31.43039894104004
1173 -1.1363633871078491 17.35721778869629 51.71455764770508
1174 -6.403304100036621 0.4698311686515808 92.55376434326172
1175 38.90706253051758 84.14629364013672 -49.46311950683594
1176 -6.8833088874816895 -113.5494384765625 -3.502743721008301
1177 8.172825813293457 42.800113677978516 70.13056945800781
1178 -20.05316162109375 -45.295108795166016 -105.04605865478516
1179 -47.52861404418945 69.62686157226562 -74.39476013183594
1180 75.17121124267578 87.41679382324219 -9.303950309753418
1181 -25.813695907592773 85.60332489013672 -64.35881042480469
1182 -99.49706268310547 -46.79043197631836 67.7862548828125
1183 -28.901050567626953 24.68925666809082 -106.83943176269531
1184 84.81150817871094 -10.531684875488281 -45.38763427734375
1185 -15.196894645690918 -82.79582214355469 -78.65532684326172
1186 37.433753967285156 -33.30348587036133 -35.36326599121094
1187 -15.44920825958252 -70.92500305175781 26.44839859008789
1188 102.53875732421875 -6.392258644104004 29.36461067199707
1189 -68.0172348022461 77.7686538696289 29.151132583618164
1190 -38.93460464477539 -17.307720184326172 20.468219757080078
1191 15.036981582641602 45.2379264831543 123.30223083496094
1192 -37.4940299987793 -87.24732208251953 23.59148597717285
1193 22.48004722595215 110.67235565185547 12.009377479553223
1194 -5.505090236663818 -85.48521423339844 68.03178405761719
1195 -35.4827995300293 -64.78103637695312 52.787532806396484
1196 121.31854248046875 55.43140411376953 20.156681060791016
1197 -113.83013153076172 17.58997917175293 19.59405517578125
1198 32.945804595947266 -21.222318649291992 4.94265604019165
1199 -26.276540756225586 -0.2810761332511902 -126.50498962402344
1200 -122.8865737915039 16.592594146728516 -37.696754455566406
1201 45.9804573059082 42.93094253540039 -96.76569366455078
1202 7.485931873321533 6.915349006652832 133.4805145263672
1203 88.40762329101562 -32.06060791015625 -54.129661560058594
1204 57.69193649291992 97.83737182617188 23.31416130065918
1205 -72.04389190673828 -56.786888122558594 -6.643752574920654
1206 -44.55342483520508 -96.28929138183594 42.381900787353516
1207 78.44430541992188 -16.116493225097656 12.593653678894043
1208 59.568641662597656 -91.42972564697266 15.259430885314941
1209 -68.59075927734375 -51.37308120727539 22.96091079711914
1210 29.906570434570312 40.58438491821289 -44.093204498291016
1211 -50.780216217041016 18.81162452697754 87.99737548828125
1212 75.05836486816406 24.027587890625 8.519292831420898
1213 -38.9854736328125 91.42595672607422 58.30382537841797
1214 2.381779670715332 4.54251766204834 -96.67257690429688
1215 115.68965148925781 42.51803970336914 43.13711166381836
1216 63.353214263916016 118.05159759521484 16.722625732421875
1217 53.72407531738281 -40.52558135986328 -7.714828968048096
1218 -66.8567886352539 38.924644470214844 -27.013410568237305
1219 63.57029342651367 -38.35502624511719 47.80100631713867
1220 85.42137145996094 -49.11466598510742 -2.0570015907287598
1221 49.232723236083984 25.88595962524414 45.157142639160156
1222 42.23149871826172 41.37802505493164 -60.19765853881836
1223 62.12939453125 38.3726806640625 13.01272201538086
1224 -77.80337524414062 7.450904846191406 27.100587844848633
1225 60.89884567260742 -13.938325881958008 -56.97251510620117
1226 71.56143951416016 -27.992834091186523 27.06400489807129
1227 -0.20417305827140808 -45.83885955810547 -85.44310760498047
1228 4.769871711730957 -62.756385803222656 41.029579162597656
1229 -34.299320220947266 -20.975177764892578 -42.67606735229492
1230 27.29021453857422 15.030372619628906 -64.06317901611328
1231 -18.28067970275879 31.900379180908203 -90.94091796875
1232 -38.4732666015625 -64.8353042602539 -108.38044738769531
1233 -99.5322265625 70.66097259521484 29.017921447753906
1234 5.649139881134033 88.0514144897461 -32.14423751831055
1235 80.5372314453125 84.66675567626953 14.987483978271484
1236 81.44010162353516 -5.460694789886475 -79.68423461914062
1237 -21.853960037231445 63.303749084472656 43.83734893798828
1238 23.572025299072266 74.8248062133789 -55.11844253540039
1239 52.41154479980469 -27.25087547302246 -68.30355072021484
1240 9.900493621826172 73.36441040039062 -3.1513237953186035
1241 -65.87979888916016 -2.4097187519073486 117.75218963623047
1242 -8.516826629638672 1.7306098937988281 45.405921936035156
1243 -30.007965087890625 -29.065139770507812 -96.7585220336914
1244 -22.100749969482422 54.06129837036133 -71.80536651611328
1245 -54.837493896484375 16.003389358520508 1.8363062143325806
1246 -41.006141662597656 108.56254577636719 -24.53010368347168
1247 -108.72293853759766 50.80097961425781 29.533079147338867
1248 124.20819854736328 -22.308996200561523 32.585269927978516
1249 -46.043617248535156 74.70836639404297 -19.515031814575195
1250 -20.709253311157227 17.487558364868164 -55.127037048339844
1251 25.444095611572266 34.799041748046875 -62.147499084472656
1252 -72.81755065917969 38.66582489013672 -10.788620948791504
1253 15.783912658691406 -28.73084259033203 -106.63334655761719
1254 91.42017364501953 63.31385803222656 -4.320497035980225
1255 -11.614816665649414 -79.84880828857422 41.698463439941406
1256 17.77204132080078 -60.69464111328125 66.8072738647461
1257 -29.85166358947754 35.56488037109375 45.409732818603516
1258 -27.462575912475586 -11.97471809387207 -88.52024841308594
1259 46.494224548339844 -56.59989547729492 -8.02856159210205
1260 106.14697265625 57.58388900756836 -63.293548583984375
1261 43.942901611328125 5.584346294403076 -126.11039733886719
1262 -60.88296127319336 8.672600746154785 -26.370433807373047
1263 -10.65307331085205 -93.3495864868164 -21.672027587890625
1264 -73.80116271972656 -74.55233764648438 -83.79828643798828
1265 -41.58604049682617 -35.68817901611328 -34.77628707885742
1266 35.81431579589844 -22.78830337524414 -104.01468658447266
1267 -11.724197387695312 93.7989730834961 14.544291496276855
1268 -53.46897506713867 -48.070457458496094 -51.95013427734375
1269 -39.824462890625 3.565506935119629 52.748138427734375
1270 42.809818267822266 -9.23006820678711 -86.30447387695312
1271 -7.646934986114502 -33.89114761352539 53.03129577636719
1272 -65.9914321899414 -107.4041748046875 -21.282793045043945
1273 113.94585418701172 -62.925445556640625 30.210750579833984
1274 127.93526458740234 -8.086780548095703 -2.045203447341919
1275 -38.88433074951172 -69.50487518310547 2.048910140991211
1276 2.087348222732544 10.851349830627441 77.04106140136719
1277 67.11077117919922 6.755496501922607 -115.05337524414062
1278 76.67092895507812 -41.77164840698242 -67.32099151611328
1279 4.635688781738281 14.77269458770752 98.56842803955078
1280 -47.95992660522461 1.4576873779296875 -4.5440449714660645
1281 100.88316345214844 -48.88434600830078 71.54521942138672
1282 56.0253791809082 -91.11082458496094 42.37308120727539
1283 -16.7623291015625 -35.003387451171875 -127.85379791259766
1284 32.52626419067383 -33.04692077636719 17.31303596496582
1285 -26.557723999023438 -71.33101654052734 96.35403442382812
1286 -98.2181167602539 19.00301742553711 -29.85152244567871
1287 52.85374450683594 84.59656524658203 -25.676515579223633
1288 -2.8458845615386963 56.71104431152344 -77.21726989746094
1289 43.234703063964844 73.27767944335938 -66.5650634765625
1290 -23.369537353515625 -96.97152709960938 42.43231964111328
1291 111.23847961425781 -45.83892822265625 47.881099700927734
1292 -0.11987677216529846 32.6082878112793 -45.63658905029297
1293 23.935367584228516 -83.44466400146484 -65.77588653564453
1294 22.70172119140625 -114.39252471923828 -11.63204288482666
1295 -78.6308822631836 -107.92085266113281 -1.9561676979064941
1296 -10.595524787902832 -104.78491973876953 -84.0460205078125
1297 -42.06077575683594 -32.98157501220703 62.11658477783203
1298 -9.848238945007324 24.966197967529297 106.19001007080078
1299 -67.02410125732422 58.96503829956055 36.64927291870117
1300 -77.49098205566406 -31.74300765991211 50.20669937133789
1301 28.800437927246094 -53.058082580566406 -8.99044418334961
1302 -53.07041931152344 -29.446020126342773 -46.960670471191406
1303 -47.43064498901367 72.4907455444336 -99.22169494628906
1304 -9.839760780334473 39.223716735839844 -76.05228424072266
1305 -18.030899047851562 97.15202331542969 31.81466293334961
1306 79.22718811035156 -90.40062713623047 53.37186813354492
1307 68.32752990722656 53.03474807739258 6.2245774269104
1308 -105.63477325439453 -54.13264846801758 5.784169673919678
1309 -69.28590393066406 -99.13188171386719 -40.5920295715332
1310 89.98956298828125 -55.341773986816406 37.25615692138672
1311 -1.6941163539886475 -51.77950668334961 -58.708736419677734
1312 -28.424346923828125 -12.83344841003418 112.30684661865234
1313 -18.455278396606445 -15.825423240661621 -73.2990951538086
1314 -31.135107040405273 -78.3156967163086 39.58184814453125
1315 67.69251251220703 -41.26982116699219 -21.203821182250977
1316 22.192209243774414 -72.36921691894531 -82.71920776367188
1317 -23.52266502380371 -58.81328582763672 -32.75184631347656
1318 67.26744079589844 30.819978713989258 38.286922454833984
1319 56.8084831237793 -72.03498077392578 -27.557876586914062
1320 -60.855133056640625 0.5665622353553772 22.194171905517578
1321 83.60132598876953 5.642740726470947 -60.32801818847656
1322 -93.35962677001953 97.04791259765625 -0.5587422251701355
1323 66.61053466796875 39.842376708984375 109.19879150390625
1324 -96.36293029785156 -82.58670043945312 38.62444305419922
1325 4.197077751159668 60.260986328125 24.370025634765625
1326 -39.85360336303711 47.107357025146484 -118.32539367675781
1327 -59.815185546875 -105.95709228515625 -60.797889709472656
1328 10.04239559173584 54.68576431274414 46.416141510009766
1329 -72.228515625 26.205127716064453 -54.08622741699219
1330 68.11477661132812 109.31236267089844 -38.19306182861328
1331 25.155210494995117 -8.334501266479492 103.70861053466797
1332 61.084556579589844 -54.54639434814453 74.6855239868164
1333 -93.59308624267578 -14.015941619873047 -8.199671745300293
1334 -5.247361660003662 50.43796157836914 -40.85026168823242
1335 -6.155458450317383 20.561716079711914 36.90727996826172
1336 -53.83603286743164 37.84420394897461 100.73573303222656
1337 -28.167593002319336 5.861729621887207 9.285774230957031
1338 -21.58840560913086 -8.752348899841309 47.19778060913086
1339 -53.667938232421875 31.418134689331055 51.941986083984375
1340 56.378929138183594 6.729736804962158 -63.095176696777344
1341 -62.2959098815918 81.0593032836914 56.59621810913086
1342 -71.79117584228516 -75.42506408691406 77.08124542236328
1343 66.99085998535156 -61.197750091552734 -61.58073043823242
1344 -88.75434112548828 17.838376998901367 9.974991798400879
1345 43.803741455078125 -94.29466247558594 -67.4638671875
1346 24.542308807373047 37.2592887878418 -97.97725677490234
1347 104.2345199584961 -42.264278411865234 25.60536003112793
1348 -56.49551773071289 -84.90479278564453 -54.31742858886719
1349 26.56341552734375 53.356815338134766 -32.174991607666016
1350 126.578369140625 -26.577096939086914 -41.082740783691406
1351 -31.523332595825195 107.36973571777344 42.31557846069336
1352 -53.99603271484375 -67.41320037841797 -42.202545166015625
1353 95.15902709960938 -76.62911987304688 32.811458587646484
1354 5.298004150390625 -68.64253997802734 0.759355902671814
1355 43.86079406738281 43.21764373779297 44.042388916015625
1356 0.004441201686859131 -18.841552734375 -73.61674499511719
1357 -62.10887145996094 95.27210235595703 19.026851654052734
1358 -50.135215759277344 -15.83611011505127 77.39766693115234
1359 -53.388362884521484 29.10770606994629 -76.27433776855469
1360 61.85150146484375 31.088645935058594 -3.3958358764648438
1361 78.2467041015625 38.3897819519043 66.56391906738281
1362 -86.15189361572266 -52.78525161743164 12.972979545593262
1363 124.93714904785156 26.332548141479492 22.48394775390625
1364 116.79580688476562 -24.171222686767578 58.14549255371094
1365 -91.94596862792969 53.57737350463867 -9.630105972290039
1366 36.62455749511719 -57.42829895019531 42.959251403808594
1367 31.034772872924805 -0.7515180706977844 -71.64259338378906
1368 27.05425262451172 101.7857666015625 72.3215103149414
1369 23.430789947509766 38.25114440917969 -20.97575569152832
1370 -56.19865036010742 -113.5392837524414 44.350345611572266
1371 -4.392744541168213 62.323490142822266 -117.1190185546875
1372 34.65388488769531 -99.8721694946289 12.495087623596191
1373 -22.296396255493164 110.98623657226562 16.425323486328125
1374 -62.598323822021484 48.36096954345703 3.009845733642578
1375 -92.57280731201172 36.63771438598633 90.00000762939453
1376 35.6611213684082 -75.60297393798828 78.99684143066406
1377 77.41886901855469 -31.615276336669922 3.262294054031372
1378 -65.1267318725586 43.75802230834961 21.984851837158203
1379 22.24762725830078 55.253265380859375 -89.04657745361328
1380 -45.66291046142578 54.15351104736328 6.694347381591797
1381 72.72610473632812 58.179595947265625 66.05883026123047
1382 -46.45796203613281 -31.037790298461914 -16.130680084228516
1383 -31.385726928710938 56.512611389160156 72.10728454589844
1384 72.38973236083984 -107.17510223388672 1.866629719734192
1385 -88.16983795166016 -21.21198844909668 -55.11592483520508
1386 -0.13249936699867249 -21.994123458862305 91.21705627441406
1387 5.527199745178223 8.535399436950684 37.34886169433594
1388 82.14047241210938 -44.36573791503906 17.20045280456543
1389 -112.07100677490234 -64.89083862304688 25.364864349365234
1390 -133.453857421875 1.7507398128509521 22.92417335510254
1391 -11.449967384338379 117.16619110107422 -4.849698066711426
1392 86.8362808227539 66.9127197265625 -75.10498809814453
1393 68.51693725585938 51.377471923828125 85.87692260742188
1394 -39.613826751708984 116.87969970703125 59.640254974365234
1395 75.90303039550781 -66.40213775634766 27.815162658691406
1396 18.555038452148438 105.12747192382812 39.302940368652344
1397 -89.1395492553711 0.8911160230636597 -74.59027862548828
1398 77.14537048339844 -22.269289016723633 -107.13717651367188
1399 4.8171281814575195 71.32572937011719 -22.028364181518555
1400 -79.13856506347656 -33.68529510498047 -13.681635856628418
1401 -13.811101913452148 -12.019889831542969 -103.04248046875
1402 -3.6076810359954834 89.61676788330078 74.1856918334961
1403 1.3674876689910889 -128.42361450195312 11.562714576721191
1404 41.084800720214844 -52.7187385559082 78.84087371826172
1405 -30.47801971435547 4.789705753326416 39.266395568847656
1406 -8.007271766662598 36.40744400024414 127.20413208007812
1407 51.61149597167969 24.093433380126953 -111.16136169433594
1408 12.426619529724121 -102.7094955444336 -1.3193843364715576
1409 -15.972634315490723 -38.69330978393555 -56.26785659790039
1410 47.82508850097656 74.49459075927734 24.920827865600586
1411 101.94584655761719 -20.728466033935547 -41.34961700439453
1412 -59.60856246948242 -87.12442779541016 -8.080915451049805
1413 30.953325271606445 22.004932403564453 48.005191802978516
1414 16.31694793701172 23.6462459564209 -49.41503143310547
1415 49.648834228515625 -24.81636619567871 -0.4995981454849243
1416 76.436767578125 -64.6877212524414 7.394112586975098
1417 7.567708969116211 69.20720672607422 -90.05487823486328
1418 74.21640014648438 -28.04267692565918 81.1226806640625
1419 14.513229370117188 75.03730010986328 18.887237548828125
1420 -86.70319366455078 48.43083572387695 31.923364639282227
1421 -55.17340850830078 61.201446533203125 -8.96865177154541
1422 -104.03913116455078 34.64236831665039 -49.170284271240234
1423 -90.7364273071289 -1.0038378238677979 41.04064178466797
1424 -42.064369201660156 -51.35115051269531 62.6776237487793
1425 52.5436897277832 -38.054412841796875 -112.29833221435547
1426 73.75443267822266 -46.12510681152344 -41.24998474121094
1427 33.90806579589844 -113.16639709472656 57.023284912109375
1428 84.76044464111328 21.997089385986328 78.61011505126953
1429 58.04370880126953 0.37250253558158875 6.811335563659668
1430 -31.523801803588867 72.08589172363281 56.132694244384766
1431 48.931034088134766 49.046077728271484 -2.61567759513855
1432 129.80892944335938 3.3557772636413574 35.92182159423828
1433 90.59227752685547 -89.60957336425781 -34.17645263671875
1434 35.009525299072266 39.48039627075195 60.442630767822266
1435 47.93090057373047 54.497894287109375 90.59376525878906
1436 65.97064971923828 -5.5703301429748535 40.41041946411133
1437 44.45184326171875 1.7209985256195068 -103.25270080566406
1438 36.03022003173828 -7.084460258483887 69.25223541259766
1439 0.24449282884597778 -25.189353942871094 64.10567474365234
1440 -50.963626861572266 39.619144439697266 79.59814453125
1441 -106.18508911132812 -59.420082092285156 47.30720138549805
1442 -15.120842933654785 53.15471649169922 20.10798454284668
1443 111.5806655883789 12.445291519165039 -64.98145294189453
1444 51.638248443603516 22.902368545532227 -56.89207077026367
1445 14.850027084350586 19.303956985473633 66.89189910888672
1446 -35.168888092041016 3.9461638927459717 85.01325225830078
1447 15.663651466369629 95.53189086914062 -52.258121490478516
1448 -32.21267318725586 -91.82449340820312 72.5135498046875
1449 85.10822296142578 -32.57732391357422 -13.982770919799805
1450 14.360403060913086 -14.528563499450684 57.041587829589844
1451 -30.327444076538086 42.398006439208984 -19.074338912963867
1452 60.0880012512207 -9.510194778442383 -76.33504486083984
1453 -69.3069076538086 -89.9455795288086 9.41289234161377
1454 -90.35514831542969 18.059839248657227 -61.83848190307617
1455 102.72996520996094 35.50471496582031 -78.82514953613281
1456 -4.686601161956787 -14.157784461975098 130.15640258789062
1457 57.80173873901367 70.71681213378906 -47.749488830566406
1458 -84.34695434570312 34.892555236816406 -44.36804962158203
1459 -52.42634582519531 22.240556716918945 118.33380126953125
1460 91.81578826904297 -25.587329864501953 -82.10111236572266
1461 -89.85560607910156 -68.85343933105469 -50.28411865234375
1462 -37.076385498046875 -121.1263656616211 -44.43239974975586
1463 -6.763495445251465 127.14522552490234 18.401538848876953
1464 -19.05096435546875 -27.43697738647461 -9.709208488464355
1465 -40.19867706298828 -68.84208679199219 -28.668468475341797
1466 33.33784866333008 -35.47117614746094 81.6238021850586
1467 -58.63119888305664 63.075931549072266 17.441801071166992
1468 -40.815330505371094 78.0869140625 94.83907318115234
1469 -90.1034164428711 -3.2903878688812256 18.3011474609375
1470 -25.16201400756836 8.373998641967773 -86.17962646484375
1471 -23.966564178466797 -45.424293518066406 -85.50052642822266
1472 -15.147740364074707 85.11204528808594 -26.63666534423828
1473 47.41511535644531 98.5604476928711 -37.385746002197266
1474 -16.291471481323242 -51.68016052246094 67.67537689208984
1475 -28.315006256103516 105.70277404785156 -73.91593933105469
1476 -9.563308715820312 -65.11721801757812 84.60890197753906
1477 -29.175052642822266 -42.759395599365234 32.59922409057617
1478 74.83028411865234 50.89869689941406 -31.84843635559082
1479 -24.158205032348633 -42.50813293457031 7.419511795043945
1480 -9.646787643432617 -12.105149269104004 -124.98298645019531
1481 -106.04719543457031 -15.761275291442871 -69.33460998535156
1482 62.23799133300781 -33.82549285888672 11.279592514038086
1483 -2.7116994857788086 109.25363159179688 -23.34511947631836
1484 33.08489990234375 -73.76405334472656 -43.36882400512695
1485 -103.89985656738281 -35.78181838989258 -61.3109016418457
1486 -46.33851623535156 -74.82405853271484 75.53215026855469
1487 111.64746856689453 -21.846370697021484 9.072141647338867
1488 0.4405035674571991 40.44522476196289 25.796266555786133
1489 59.28215026855469 -61.33849334716797 -44.097679138183594
1490 8.59133529663086 -99.23738098144531 40.1943244934082
1491 -68.3133773803711 -66.40250396728516 -59.902713775634766
1492 54.51676559448242 -114.12049865722656 -15.489570617675781
1493 -50.524993896484375 -7.972110271453857 -41.70470428466797
1494 64.07247924804688 50.06374740600586 31.37526512145996
1495 -1.6205941438674927 117.68365478515625 -66.11433410644531
1496 21.111370086669922 -1.4260053634643555 44.381805419921875
1497 24.307462692260742 -43.29532241821289 -33.44435119628906
1498 -86.91239166259766 74.81209564208984 -8.25634765625
1499 -56.99800109863281 -88.93627166748047 26.712984085083008
1500 43.13283157348633 82.6683120727539 2.6832709312438965
1501 -97.9860610961914 46.75127410888672 -71.14409637451172
1502 69.5435791015625 -81.86168670654297 -41.312294006347656
1503 -2.695448398590088 -2.6114187240600586 -64.75127410888672
1504 4.179762840270996 -87.93677520751953 -95.67938232421875
1505 -79.73959350585938 93.27863311767578 60.1938362121582
1506 2.73449969291687 -71.00714874267578 -115.56414794921875
1507 -43.709476470947266 37.31053161621094 -58.03792190551758
1508 -12.998861312866211 -75.31440734863281 -38.24020767211914
1509 -78.83129119873047 33.55478286743164 -73.82721710205078
1510 91.5220947265625 -99.84688568115234 27.48826026916504
1511 64.23915100097656 28.271997451782227 57.02846908569336
1512 -2.4063971042633057 68.86136627197266 83.56925964355469
1513 61.5639762878418 -65.85232543945312 -9.834659576416016
1514 16.895586013793945 54.97045135498047 103.0334701538086
1515 6.499199390411377 49.48033142089844 86.73452758789062
1516 -57.70485305786133 -120.15421295166016 -0.3224484622478485
1517 -17.706958770751953 67.19194793701172 95.4404067993164
1518 49.33938980102539 -21.45450782775879 56.27254104614258
1519 -64.7882080078125 -47.810951232910156 -67.5643081665039
1520 -33.533729553222656 64.86972045898438 18.104734420776367
1521 -45.259403228759766 -0.6064554452896118 100.83995056152344
1522 39.117523193359375 34.45310974121094 -28.416034698486328
1523 -32.0595703125 -24.851482391357422 -23.822710037231445
1524 -53.752540588378906 121.13060760498047 -11.062244415283203
1525 128.17947387695312 28.96208953857422 -33.5474739074707
1526 -2.1562323570251465 -98.58574676513672 15.896041870117188
1527 45.03923797607422 -6.90700626373291 -62.487586975097656
1528 42.26726531982422 6.6016716957092285 -50.46711730957031
1529 -15.604574203491211 -24.224693298339844 80.4156265258789
1530 40.284122467041016 -29.933631896972656 -52.36610412597656
1531 68.16075897216797 -111.83960723876953 25.55909538269043
1532 -16.02251625061035 -50.49652862548828 108.84380340576172
1533 -54.85660171508789 -22.31990623474121 95.03093719482422
1534 -39.759700775146484 20.659404754638672 -88.1126937866211
1535 0.2103813886642456 -63.426422119140625 -28.332849502563477
1536 32.917694091796875 76.83155822753906 15.990981101989746
1537 38.49904251098633 -64.02066802978516 3.860841989517212
1538 135.63571166992188 20.090932846069336 -9.894072532653809
1539 -70.29525756835938 39.37616729736328 60.30927276611328
1540 26.917049407958984 -12.199300765991211 -122.71315002441406
1541 67.8315658569336 109.0521011352539 -16.7680606842041
1542 -75.36187744140625 111.98098754882812 -16.070980072021484
1543 -33.618927001953125 39.822418212890625 -1.5553030967712402
1544 -37.22296142578125 -15.466837882995605 38.297027587890625
1545 69.79110717773438 -24.976789474487305 -84.96136474609375
1546 -0.33758804202079773 47.31608963012695 -101.53032684326172
1547 104.30745697021484 23.027660369873047 43.37223434448242
1548 90.27104949951172 -71.7802963256836 -5.730913162231445
1549 95.73767852783203 -12.667277336120605 53.77638626098633
1550 85.64939880371094 35.9507942199707 95.31875610351562
1551 43.68410110473633 24.67070198059082 62.21375274658203
1552 -25.653390884399414 3.110851526260376 -67.82862854003906
1553 -88.4903564453125 -60.26462936401367 32.03062438964844
1554 -50.074954986572266 -59.02900695800781 44.018123626708984
1555 6.729518890380859 38.174861907958984 -86.2358169555664
1556 -66.22876739501953 50.20808029174805 -44.29638671875
1557 59.71228790283203 62.48631286621094 -28.9245662689209
1558 110.44096374511719 77.8542251586914 -2.2772610187530518
1559 22.360187530517578 -46.061920166015625 99.469970703125
1560 -8.88255500793457 7.589982986450195 117.1328125
1561 31.296981811523438 -49.80230712890625 10.518609046936035
1562 75.35687255859375 -58.85007858276367 -16.783695220947266
1563 -60.95508575439453 25.472909927368164 -13.746552467346191
1564 37.11137390136719 -124.88011169433594 -21.796859741210938
1565 -11.750528335571289 67.69906616210938 -58.19582748413086
1566 -13.632073402404785 127.51500701904297 -34.33013916015625
1567 -38.01510238647461 38.10626983642578 61.41228103637695
1568 39.77077865600586 -24.83357810974121 44.45539855957031
1569 -75.59950256347656 -78.47464752197266 28.725740432739258
1570 79.43495178222656 37.09722137451172 -45.81373977661133
1571 -33.04294967651367 -116.58509826660156 0.2281949669122696
1572 34.15104293823242 -23.083581924438477 -80.6329345703125
1573 -7.874601364135742 -110.17082214355469 34.640621185302734
1574 -55.17123794555664 -15.120378494262695 -6.719193935394287
1575 -105.49613189697266 -0.8832308650016785 -29.46053695678711
1576 59.04790496826172 -77.7276382446289 86.4841537475586
1577 -30.32585906982422 -69.5602798461914 -47.441184997558594
1578 -67.87783813476562 60.89483642578125 58.771793365478516
1579 -31.139070510864258 -1.0091712474822998 -105.25520324707031
1580 59.163875579833984 50.23138427734375 -43.9352912902832
1581 92.80765533447266 -15.991679191589355 -24.53713607788086
1582 81.38099670410156 76.29442596435547 -49.31669998168945
1583 31.883264541625977 0.3119032680988312 130.42501831054688
1584 41.8076286315918 61.091556549072266 -108.36177062988281
1585 106.30818176269531 -81.9146499633789 7.008638381958008
1586 34.626708984375 34.578853607177734 110.67340850830078
1587 -39.83305358886719 70.83656311035156 -37.92514419555664
1588 39.66789245605469 -54.5307502746582 107.6055679321289
1589 -44.328121185302734 -46.62593078613281 -71.88673400878906
1590 61.40697479248047 -6.229058742523193 59.8426399230957
1591 -80.28302764892578 -34.385616302490234 -71.87975311279297
1592 -62.06686019897461 -40.25605010986328 -12.2774658203125
1593 -55.42842483520508 -78.43632507324219 44.83249282836914
1594 34.73285675048828 3.0074551105499268 90.78158569335938
1595 -35.197914123535156 101.07994079589844 80.75669860839844
1596 -113.94047546386719 -5.338141441345215 58.87055969238281
1597 37.936607360839844 -86.64999389648438 60.347381591796875
1598 5.828934192657471 -131.4733428955078 -9.729790687561035
1599 -20.864334106445312 -112.59790802001953 -24.141969680786133
1600 -23.480283737182617 46.753700256347656 -101.87017822265625
1601 20.421472549438477 -10.606022834777832 -39.030372619628906
1602 -113.31778717041016 58.41075897216797 -13.111430168151855
1603 -78.27738952636719 -35.02949523925781 -35.07774353027344
1604 93.06061553955078 76.37911224365234 59.47418212890625
1605 58.64655685424805 -96.08976745605469 64.81981658935547
1606 -24.96935272216797 -22.337162017822266 -58.12287902832031
1607 -54.87744903564453 -75.070556640625 8.931866645812988
1608 86.50828552246094 66.68194580078125 -25.616470336914062
1609 -65.43883514404297 -3.8466453552246094 4.01869010925293
1610 -53.74739456176758 -26.232084274291992 48.38129425048828
1611 66.18949890136719 10.620028495788574 -32.99371337890625
1612 -116.82959747314453 36.470760345458984 -28.954208374023438
1613 80.32255554199219 -49.9251823425293 82.84629821777344
1614 75.01300811767578 -54.72631072998047 53.84949493408203
1615 14.630019187927246 75.63402557373047 93.97563934326172
1616 -59.3998908996582 -39.819923400878906 -31.709732055664062
1617 -128.42808532714844 38.99348831176758 -8.494012832641602
1618 54.85154724121094 -73.65463256835938 64.60905456542969
1619 8.796785354614258 32.93128204345703 38.4268798828125
1620 66.61779022216797 -71.4400405883789 46.73043441772461
1621 -89.00955963134766 33.160640716552734 -0.8300944566726685
1622 -30.5468692779541 13.646367073059082 70.6332015991211
1623 53.35325622558594 -24.141828536987305 -41.284812927246094
1624 16.96842384338379 104.73605346679688 -24.556743621826172
1625 17.314340591430664 81.74922943115234 71.97624969482422
1626 85.59893798828125 10.152875900268555 21.545997619628906
1627 -79.45861053466797 -86.8543930053711 -61.77774429321289
1628 33.661766052246094 -19.567506790161133 -63.87061309814453
1629 -32.84626770019531 85.52185821533203 38.962223052978516
1630 48.596107482910156 35.097869873046875 -43.93021011352539
1631 113.29814910888672 -0.7310947775840759 49.120609283447266
1632 -48.19264221191406 35.863521575927734 -23.437728881835938
1633 5.9517974853515625 61.900142669677734 -48.34773254394531
1634 70.63736724853516 75.87061309814453 -24.821027755737305
1635 17.32184600830078 -99.52687072753906 57.74113845825195
1636 96.50032806396484 33.257041931152344 -4.6342573165893555
1637 -16.178503036499023 5.797034740447998 32.540584564208984
1638 44.59140396118164 11.031970024108887 27.10545539855957
1639 36.666805267333984 -63.57701873779297 62.82392501831055
1640 -56.260292053222656 -40.452735900878906 16.228515625
1641 -99.73762512207031 -16.75255584716797 9.607665061950684
1642 -32.604278564453125 -60.00419235229492 36.16426086425781
1643 24.76862907409668 -27.19188690185547 50.33519744873047
1644 -33.2248420715332 -107.42454528808594 61.27985763549805
1645 -32.195919036865234 -62.241661071777344 -13.396342277526855
1646 56.77047348022461 -10.017470359802246 95.38362121582031
1647 4.536200046539307 41.168006896972656 -131.34768676757812
1648 -33.039981842041016 -52.72431182861328 -56.46889877319336
1649 -86.13599395751953 -43.127079010009766 -93.07505798339844
1650 -95.36797332763672 -18.7620849609375 51.192909240722656
1651 -86.81793975830078 -20.69741439819336 -23.7883358001709
1652 6.308473587036133 63.77628707885742 66.90670013427734
1653 -82.1099853515625 -14.007428169250488 -37.400489807128906
1654 1.3368542194366455 -41.693721771240234 96.15674591064453
1655 -61.686031341552734 -39.84333038330078 36.58167266845703
1656 50.734134674072266 -17.095643997192383 -121.90177154541016
1657 -110.84069061279297 20.117019653320312 -13.007906913757324
1658 24.407733917236328 100.6249008178711 -5.600897312164307
1659 -7.337705612182617 95.49955749511719 -43.34332275390625
1660 71.47554779052734 -24.293174743652344 -44.70284652709961
1661 -103.4461669921875 -13.847829818725586 -41.07560348510742
1662 86.20362854003906 -80.71015167236328 -58.155609130859375
1663 -64.70967864990234 -28.412382125854492 65.21398162841797
1664 -17.432483673095703 110.714599609375 66.82839965820312
1665 -38.56618881225586 -83.33032989501953 -16.69121742248535
1666 -11.172542572021484 -127.46997833251953 -38.74870681762695
1667 2.178719997406006 113.97881317138672 -44.05184555053711
1668 -38.1666374206543 98.7576904296875 -47.46411895751953
1669 49.00447463989258 65.26359558105469 5.474208354949951
1670 63.59051513671875 -103.81228637695312 -48.67502975463867
1671 -15.764222145080566 -56.534019470214844 -48.55080795288086
1672 87.87801361083984 -56.492767333984375 -54.90162658691406
1673 44.844364166259766 111.9285659790039 -55.69255828857422
1674 -5.234286308288574 74.59892272949219 4.199380397796631
1675 99.91252136230469 66.01455688476562 17.07162857055664
1676 17.773027420043945 -59.1977424621582 15.365171432495117
1677 -8.57806396484375 50.64065170288086 70.30670166015625
1678 -70.5677261352539 -54.80606460571289 -41.695289611816406
1679 -31.50020408630371 31.89738655090332 17.713241577148438
1680 -53.68147277832031 47.60460662841797 44.04245376586914
1681 54.535640716552734 -54.5800895690918 55.88139343261719
1682 -65.15794372558594 -6.731030464172363 96.75704956054688
1683 -27.726802825927734 50.78041458129883 31.47746467590332
1684 -43.27297592163086 19.79981231689453 16.69277000427246
1685 -8.769783973693848 -13.947413444519043 108.04334259033203
1686 40.78255081176758 -64.95618438720703 21.356815338134766
1687 83.78797912597656 -84.5235595703125 12.649676322937012
1688 30.53472328186035 15.8839111328125 20.374034881591797
1689 49.15811538696289 2.6187877655029297 77.88446044921875
1690 89.30463409423828 48.98232650756836 9.936820983886719
1691 15.193211555480957 -71.42616271972656 -53.326904296875
1692 -31.402359008789062 66.41100311279297 -57.39177322387695
1693 -74.09344482421875 27.777524948120117 107.7356185913086
1694 -26.599824905395508 -27.99184226989746 46.34648895263672
1695 48.775848388671875 -84.20329284667969 -48.460205078125
1696 49.02945327758789 8.057271957397461 -81.49467468261719
1697 -23.126691818237305 39.153018951416016 69.63967895507812
1698 -98.4478530883789 -32.20283889770508 -39.03806686401367
1699 -15.552024841308594 -89.58233642578125 -53.77069854736328
1700 12.771235466003418 33.70439529418945 100.54264831542969
1701 -46.743858337402344 -66.53316497802734 -61.08094024658203
1702 -45.77241516113281 7.170712947845459 -50.43590545654297
1703 47.58937072753906 -35.260345458984375 92.6305160522461
1704 -15.025540351867676 15.763437271118164 86.8127212524414
1705 -37.899471282958984 16.800704956054688 -67.16883087158203
1706 4.584258079528809 -58.151939392089844 -11.541717529296875
1707 -9.0733060836792 -15.732657432556152 -55.78062438964844
1708 -11.438133239746094 -31.796428680419922 4.341363906860352
1709 -13.681432723999023 41.40454864501953 8.519664764404297
1710 -27.467981338500977 -23.31694793701172 8.593216896057129
1711 -38.93891906738281 -8.647926330566406 4.911992073059082
1712 -12.978259086608887 -28.156736373901367 -41.78302001953125
1713 -16.449949264526367 53.03337097167969 -4.071679592132568
1714 22.477745056152344 -32.62905502319336 0.6591520309448242
1715 -21.11475372314453 1.8638356924057007 -12.286035537719727
1716 -19.739713668823242 -37.33607482910156 -26.25702667236328
1717 23.55294418334961 -0.5322573184967041 -9.092355728149414
1718 0.2193932831287384 59.37862777709961 -7.22804594039917
1719 -9.120171546936035 35.978023529052734 39.958648681640625
1720 -20.668394088745117 -2.4294025897979736 -29.09366798400879
1721 -25.945810317993164 23.77385711669922 -32.50914764404297
1722 17.448020935058594 -16.427383422851562 -55.96525573730469
1723 17.81378746032715 -57.549198150634766 -21.9692440032959
1724 3.0617339611053467 47.68764877319336 11.077178955078125
1725 -1.4298125505447388 29.912094116210938 13.328519821166992
1726 51.10380935668945 -10.968957901000977 -8.753181457519531
1727 -19.382871627807617 33.46567153930664 -4.493495464324951
1728 -24.442054748535156 -46.46098709106445 -9.92944049835205
1729 15.978212356567383 45.73571014404297 -3.157630681991577
1730 -5.495450019836426 15.152376174926758 -67.94608306884766
1731 12.912796020507812 35.872283935546875 -34.17292404174805
1732 29.92314910888672 26.239070892333984 8.972963333129883
1733 16.585607528686523 -31.701480865478516 27.27313995361328
1734 88.59146881103516 15.551257133483887 0.998063325881958
1735 -48.037967681884766 -37.94945526123047 -0.008358866907656193
1736 30.98284912109375 7.760005950927734 5.531782627105713
1737 -33.62310791015625 -46.16703414916992 -23.93836784362793
1738 38.91615676879883 -4.4804558753967285 -17.781160354614258
1739 -10.137203216552734 -53.359928131103516 29.38289451599121
1740 13.790308952331543 28.357568740844727 -7.088051795959473
1741 20.720748901367188 21.36406707763672 -19.89881134033203
1742 41.517906188964844 17.735673904418945 -22.292219161987305
1743 -47.17605972290039 15.947036743164062 -15.559625625610352
1744 15.362028121948242 -41.984222412109375 -11.444364547729492
1745 -1.4253590106964111 -22.08897590637207 -10.239635467529297
1746 -48.92855453491211 -25.831270217895508 10.205413818359375
1747 -2.0099732875823975 -76.68377685546875 -17.96564292907715
1748 -11.176136016845703 -68.23497772216797 -5.4311747550964355
1749 30.640552520751953 79.36872863769531 -24.42555046081543
1750 20.05327606201172 34.34780502319336 57.42107391357422
1751 62.102813720703125 23.143796920776367 -91.38531494140625
1752 4.364319324493408 112.9209976196289 74.59354400634766
1753 69.72216033935547 20.158008575439453 -54.091609954833984
1754 -14.190627098083496 79.93553924560547 43.323875427246094
1755 47.29754638671875 22.524982452392578 -1.233711838722229
1756 1.6929224729537964 -29.533056259155273 -30.31654167175293
1757 4.006415367126465 -42.701053619384766 -20.7242488861084
1758 45.426551818847656 9.809011459350586 9.856730461120605
1759 -24.024795532226562 -60.072105407714844 2.9194512367248535
1760 28.88928985595703 34.44300079345703 -4.168510913848877
1761 -15.235906600952148 8.416786193847656 -41.179969787597656
1762 -30.046262741088867 47.74213409423828 12.913840293884277
1763 -8.463885307312012 -46.37129211425781 -35.39437484741211
1764 -13.330684661865234 -39.953773498535156 19.315706253051758
1765 -13.742485046386719 -17.782934188842773 14.225813865661621
1766 44.36429214477539 -8.030563354492188 13.073923110961914
1767 5.092111110687256 -31.201698303222656 -0.32765012979507446
1768 -31.223909378051758 7.24787712097168 -41.78268051147461
1769 -9.504715919494629 -50.70697021484375 -0.9945804476737976
1770 17.060710906982422 -40.24105453491211 14.554781913757324
1771 -26.693336486816406 -27.18941879272461 27.029495239257812
1772 32.87335205078125 17.572721481323242 -8.134259223937988
1773 -26.207565307617188 -7.204543590545654 18.72356414794922
1774 -23.673099517822266 18.168418884277344 -7.65818452835083
1775 -39.5665397644043 -0.8662418723106384 25.67621612548828
1776 2.7589669227600098 21.22577476501465 -19.5532169342041
1777 36.719425201416016 -17.667543411254883 -28.467063903808594
1778 20.757410049438477 29.3690242767334 24.3129940032959
1779 12.785186767578125 3.7345902919769287 -43.20015335083008
1780 -3.4149720668792725 27.76215171813965 -3.3690414428710938
1781 3.5351428985595703 -5.601891994476318 -50.38937759399414
1782 12.044275283813477 -25.725849151611328 -14.857226371765137
1783 -13.669919967651367 0.9452527165412903 -54.62846755981445
1784 -20.817611694335938 -11.643818855285645 32.367774963378906
1785 43.26240539550781 37.67215347290039 9.01326847076416
1786 -6.683932304382324 21.277000427246094 -34.27117156982422
1787 -32.97053527832031 9.459364891052246 -22.653522491455078
1788 -16.342283248901367 11.729904174804688 -25.08390235900879
1789 3.6597821712493896 -66.6520004272461 24.117149353027344
1790 21.53990936279297 -11.127513885498047 -23.240455627441406
1791 64.46823120117188 14.16624927520752 -1.086766004562378
1792 1.2834769487380981 -31.02300262451172 17.14666748046875
1793 10.049731254577637 18.021915435791016 -33.605934143066406
1794 43.87545394897461 34.4978141784668 -12.40980052947998
1795 -12.733525276184082 -37.83988952636719 37.26374053955078
1796 -10.695358276367188 -24.576297760009766 27.505802154541016
1797 -1.3803809881210327 3.351311445236206 -34.8307991027832
1798 -9.725337982177734 -25.788801193237305 -21.869951248168945
1799 -28.545249938964844 13.284839630126953 23.105058670043945
1800 -12.335946083068848 -55.18391799926758 -19.383203506469727
1801 -39.64707946777344 -20.36239242553711 -4.383565902709961
1802 2.8258249759674072 -48.294227600097656 21.661951065063477
1803 -40.083553314208984 23.979007720947266 -1.9815740585327148
1804 -10.875288009643555 -0.059548698365688324 -76.45506286621094
