713 -1.385054349899292 -1.6290515661239624
586 -0.04587420076131821 -0.22343510389328003
1005 -0.04586270451545715 -0.22258125245571136
486 -0.04593263939023018 -0.22397974133491516
678 -0.04583103209733963 -0.2242753505706787
961 -0.04640090465545654 -0.22439834475517273
358 -0.0458315871655941 -0.223997563123703
384 -0.04625300318002701 -0.22322669625282288
851 -0.04583153873682022 -0.22399763762950897
680 -0.04583160579204559 -0.2239975482225418
470 -0.04587422311306 -0.22343546152114868
821 -0.04618191719055176 -0.22339020669460297
494 -0.045794568955898285 -0.2242748737335205
701 -0.045831575989723206 -0.2239975780248642
574 -0.04583156481385231 -0.2239975780248642
835 -0.04583095386624336 -0.2242753952741623
534 -0.045914940536022186 -0.2241738885641098
727 -0.04579189047217369 -0.22397463023662567
416 -0.045831527560949326 -0.2239975929260254
538 -0.045794565230607986 -0.2242748737335205
887 -0.0458565428853035 -0.2233240157365799
945 -0.04579460248351097 -0.22427484393119812
397 -0.04583156108856201 -0.2239975780248642
388 -0.04583152383565903 -0.223997563123703
355 -0.0458315871655941 -0.223997563123703
1021 -0.04583103582262993 -0.2242753952741623
525 -0.046402450650930405 -0.22329849004745483
709 -0.04579455778002739 -0.22427484393119812
697 -0.045831505209207535 -0.22399760782718658
469 -0.04640683904290199 -0.22397886216640472
783 -0.04583156481385231 -0.22399760782718658
1011 -0.04593537375330925 -0.22374971210956573
537 -0.04640880227088928 -0.22409403324127197
685 -0.0458315871655941 -0.22399760782718658
594 -0.04583151638507843 -0.2239975929260254
710 -0.04587255418300629 -0.22343511879444122
601 -0.04579459875822067 -0.2242748737335205
389 -0.04581398516893387 -0.22353924810886383
772 -0.04641257971525192 -0.2239299714565277
665 -0.0465058758854866 -0.22262150049209595
942 -0.04579462856054306 -0.22427485883235931
556 -0.045820098370313644 -0.22328831255435944
428 -0.046402934938669205 -0.22333136200904846
707 -0.04591570049524307 -0.22253483533859253
918 -0.047953296452760696 -0.22385434806346893
536 -0.04795333370566368 -0.2238544076681137
842 -0.04564866051077843 -0.22382692992687225
385 -0.045829713344573975 -0.22319313883781433
859 -0.04586535692214966 -0.2241729199886322
647 -0.04583151638507843 -0.2239975929260254
555 -0.05157271400094032 -0.23125383257865906
886 -0.045794520527124405 -0.22427482903003693
542 -0.045921046286821365 -0.22255513072013855
386 -0.04734380915760994 -0.2241397202014923
546 -0.04581668972969055 -0.22403484582901
722 -0.04579397290945053 -0.22314448654651642
757 -0.04564443975687027 -0.22340986132621765
510 -0.045784760266542435 -0.22396138310432434
765 -0.045831531286239624 -0.2239975929260254
1002 -0.046403247863054276 -0.22391003370285034
889 -0.045603614300489426 -0.2224852740764618
916 -0.04564853385090828 -0.2234337478876114
950 -0.04625313729047775 -0.2232266664505005
743 -0.04583094269037247 -0.2242753803730011
479 -0.04583156108856201 -0.2239975929260254
353 -0.04583153873682022 -0.22399762272834778
382 -0.04586867243051529 -0.22417740523815155
569 -0.04583156108856201 -0.2239975929260254
557 -0.04565197601914406 -0.22317902743816376
356 -0.04583153501152992 -0.22399763762950897
351 -0.045830994844436646 -0.2242753505706787
777 -0.04591481760144234 -0.2241753339767456
900 -0.04583103582262993 -0.2242753952741623
517 -0.045916393399238586 -0.2239755392074585
393 -0.04583156481385231 -0.22399762272834778
729 -0.04581684246659279 -0.22253315150737762
656 -0.04583154246211052 -0.22399765253067017
427 -0.045820124447345734 -0.22328850626945496
749 -0.04583153873682022 -0.22399760782718658
994 -0.04615572839975357 -0.2233894020318985
627 -0.045856524258852005 -0.2233245074748993
558 -0.045814238488674164 -0.22247891128063202
785 -0.04640338942408562 -0.2239115983247757
402 -0.04625321924686432 -0.22322675585746765
787 -0.045794568955898285 -0.22427479922771454
687 -0.04579395800828934 -0.22314445674419403
480 -0.0457945354282856 -0.22427481412887573
720 -0.04581676796078682 -0.22403421998023987
897 -0.04583096504211426 -0.2242754101753235
415 -0.044681329280138016 -0.22216349840164185
508 1.3837964534759521 -1.3388620615005493
747 1.7267345190048218 -0.36196649074554443
914 -0.4201188087463379 1.5394463539123535
881 1.465889811515808 -1.1897897720336914
725 0.7268038392066956 -0.16073782742023468
493 0.2501468062400818 0.27981439232826233
477 1.712693214416504 -0.05001375451683998
695 0.43980371952056885 1.492401361465454
589 1.1896336078643799 0.2512971758842468
723 -1.196455955505371 0.5717208981513977
952 -0.24001947045326233 -1.9886224269866943
418 0.30425095558166504 0.2636164128780365
591 0.27144306898117065 1.5401548147201538
750 -0.2749250829219818 -1.9902087450027466
521 0.3592224717140198 -1.149100661277771
476 0.2521896958351135 1.4929622411727905
605 0.7954643964767456 -0.8088181614875793
502 0.8375465273857117 -0.8032397031784058
527 0.7270997762680054 -0.15487544238567352
636 0.79777592420578 -1.7730484008789062
1004 -0.358673632144928 0.745526134967804
643 -0.3872121572494507 0.07653272151947021
764 -0.1406051516532898 1.4292161464691162
478 1.3783373832702637 0.3986106216907501
706 -0.6478138566017151 -0.5717813372612
698 -0.29262682795524597 0.7931384444236755
449 1.1570425033569336 -0.46107685565948486
746 -0.7384602427482605 0.509673535823822
736 0.15012764930725098 0.8684579133987427
681 0.845818281173706 -1.785503625869751
938 1.628940463066101 -0.7519981265068054
530 1.2151046991348267 0.2632767856121063
1018 1.3728229999542236 -0.36061614751815796
740 0.43403127789497375 -1.1224476099014282
566 0.18369151651859283 -0.6714490652084351
752 -0.6905790567398071 -0.6897030472755432
1024 0.4403131902217865 0.8616635799407959
417 1.3944846391677856 -1.340875267982483
696 -0.5720219612121582 0.5963715314865112
513 1.1433323621749878 -0.717951238155365
802 0.5397421717643738 -0.3161168098449707
699 0.4048933982849121 -1.0566470623016357
426 -0.8903229236602783 1.3245353698730469
626 0.5049554109573364 -0.37155407667160034
563 0.48959848284721375 -0.6240636706352234
547 0.5640912055969238 1.4725452661514282
808 -1.048490285873413 0.20021381974220276
631 -0.880659282207489 0.932850182056427
607 0.35430073738098145 0.26281678676605225
805 1.6215240955352783 -0.7242245078086853
621 0.1076541468501091 0.9056147933006287
495 0.6621924638748169 0.27168866991996765
869 0.3613155484199524 -0.4688521921634674
1012 -1.2086447477340698 -0.6356275081634521
877 -0.011030226945877075 -1.541738510131836
843 -1.737263798713684 0.27907413244247437
667 -0.42901018261909485 -0.9430011510848999
657 0.3397148549556732 -0.5456930994987488
466 -0.30036604404449463 0.14932851493358612
753 0.47403836250305176 0.6743775606155396
670 1.583653450012207 -0.8681315779685974
361 0.2513818144798279 0.26296767592430115
721 -0.25010061264038086 -0.6938540935516357
512 0.37117764353752136 -0.45596981048583984
419 1.2493830919265747 -0.8255125880241394
771 -0.2420119047164917 -0.7810980081558228
880 0.8974081873893738 -1.5701817274093628
684 -0.3060590326786041 -0.8502399325370789
925 -1.5027250051498413 0.7723293900489807
960 -0.6666080355644226 -0.6687328815460205
568 -0.6994216442108154 -0.40879279375076294
579 0.12403644621372223 0.9755730628967285
784 0.021012471988797188 -0.7237500548362732
871 0.27940094470977783 0.27144598960876465
505 1.090464472770691 -0.5885677337646484
693 -0.03198622539639473 -1.9532155990600586
445 0.34725242853164673 -1.951011300086975
894 -0.045931532979011536 -0.2239987999200821
926 1.6212003231048584 -0.7923956513404846
379 -0.1339735984802246 0.24171514809131622
592 -0.46708106994628906 0.136093407869339
1016 -0.6063019633293152 -0.38831040263175964
674 1.520952582359314 0.4361077547073364
354 -0.8937757015228271 1.001400351524353
663 -0.5108372569084167 -0.7567325234413147
903 -1.022199273109436 0.26206204295158386
608 0.05583953857421875 -1.2904144525527954
716 -1.7779195308685303 -0.544293224811554
804 -0.029967479407787323 -1.9523985385894775
580 0.6241692304611206 -1.833918571472168
654 0.11241061240434647 0.9078931212425232
595 -0.20382916927337646 -0.7063267827033997
803 0.8913471698760986 1.3286230564117432
818 1.1201515197753906 -1.3599238395690918
519 0.46799126267433167 1.2555843591690063
910 0.3339984714984894 -0.48107507824897766
827 0.0015442490112036467 -1.3533704280853271
798 -0.24213771522045135 -0.7812039256095886
978 1.6855337619781494 -0.09858472645282745
712 0.37973371148109436 0.2693079113960266
359 0.3810861110687256 0.26358917355537415
637 -0.020131442695856094 -1.3609040975570679
532 -0.028983689844608307 -0.692397952079773
999 -0.42425987124443054 -1.2639696598052979
1015 -0.7609896659851074 -1.8691864013671875
690 -1.7822527885437012 0.15374396741390228
406 0.8009458184242249 -0.8150155544281006
878 1.0693156719207764 -1.3046534061431885
924 0.18877731263637543 -0.6685243844985962
500 -0.8556110858917236 0.512905478477478
947 -0.22353748977184296 -1.3354320526123047
836 -1.7545552253723145 0.22691254317760468
899 -0.18441063165664673 0.27581867575645447
876 1.363287091255188 0.3877039849758148
874 -1.7611795663833618 -0.4080885946750641
582 -1.8160603046417236 0.07330796122550964
751 -1.7763574123382568 -0.5815578699111938
770 1.2255929708480835 -0.5116757750511169
738 0.6550543904304504 1.1694655418395996
906 0.7100122570991516 -0.16416612267494202
619 0.5149677395820618 -0.3674217462539673
364 1.0060210227966309 -0.11478142440319061
559 1.711382508277893 0.06450115144252777
995 -0.6470402479171753 -0.3055075407028198
865 0.015396432019770145 1.4667564630508423
929 -1.4336628913879395 0.8598037362098694
550 0.7757566571235657 -0.839320182800293
430 -0.592097282409668 0.6438013911247253
955 1.133774995803833 -1.389754295349121
617 -0.2514874339103699 0.368308424949646
668 -0.8149658441543579 -1.848757028579712
648 0.3769809603691101 -0.4496929943561554
715 -0.7044813632965088 1.2036848068237305
543 -1.3541220426559448 -0.11985883861780167
545 1.3576176166534424 0.18700331449508667
544 -0.029644552618265152 -1.9524165391921997
672 -0.8720453977584839 1.3358426094055176
966 -0.4061926603317261 0.10143726319074631
676 0.192657008767128 1.5356080532073975
620 -1.1950771808624268 0.809160590171814
549 1.3516172170639038 -0.37868764996528625
622 0.36131852865219116 -0.46897923946380615
481 -1.3567086458206177 -0.9973294734954834
857 0.017272228375077248 0.3202981650829315
372 -1.3629878759384155 -0.996715247631073
639 0.1692150980234146 -0.7282909750938416
520 -0.6414501070976257 -0.10956091433763504
849 -1.1315314769744873 -0.60768061876297
828 -0.8192383646965027 -1.1937780380249023
717 0.09855960309505463 0.9146950840950012
744 -0.8192387223243713 -1.1937795877456665
703 0.7082163095474243 -0.17554786801338196
953 -1.5309475660324097 0.7123658061027527
440 0.7195314764976501 -0.16659100353717804
587 -1.357003092765808 -0.5676336884498596
368 -1.123092770576477 0.9149536490440369
370 -0.7077239751815796 -1.7804068326950073
790 0.1982780396938324 0.8561497330665588
380 0.2502276301383972 0.27950409054756165
830 -1.1838111877441406 1.041762113571167
951 0.1239481046795845 0.25808703899383545
602 -0.5016463398933411 1.510589838027954
484 0.7632661461830139 -0.8288074135780334
533 -0.036322128027677536 -0.6866468787193298
907 0.9003514647483826 -1.651149034500122
745 -1.7143054008483887 -1.004636287689209
526 1.559578776359558 0.6805705428123474
583 0.41890883445739746 0.29616641998291016
831 0.9419478178024292 1.0401709079742432
762 0.4226825535297394 -1.0574100017547607
832 -0.37876972556114197 -0.7200719714164734
702 0.31574589014053345 0.24895595014095306
893 1.1699236631393433 -0.5414952635765076
604 1.1967436075210571 -0.03832282871007919
352 -0.24585378170013428 -0.7466055750846863
404 -0.3000945746898651 0.285770982503891
443 -0.799902617931366 1.3615981340408325
730 -1.3736071586608887 -0.19046764075756073
1022 0.08717873692512512 0.8910146951675415
1009 -0.28960755467414856 1.48250412940979
791 0.02100152149796486 -0.7237483263015747
913 -0.5672199726104736 0.11579494923353195
362 -0.7303482890129089 -0.408248633146286
949 -0.6595633029937744 -0.31957852840423584
704 -0.04504267871379852 -0.6538944840431213
1023 1.0806312561035156 -1.3323774337768555
686 -1.5033386945724487 0.7054758667945862
873 0.7089109420776367 -0.18064084649085999
946 0.914124071598053 -1.6191095113754272
1000 1.6289281845092773 -0.6981861591339111
866 1.1406347751617432 0.0021986744832247496
658 -0.7167448997497559 -0.2166055291891098
366 0.1539210081100464 -0.7152742147445679
718 -0.22971707582473755 -1.9879701137542725
934 0.630721390247345 -1.839062213897705
932 -0.46090593934059143 0.6712223887443542
452 -0.6934537887573242 -0.4049665629863739
664 1.1758177280426025 0.5198095440864563
421 0.01658552512526512 -0.728399932384491
463 1.6334328651428223 0.5125240087509155
904 0.8246971368789673 -0.8020786643028259
641 -0.2495948225259781 0.8276077508926392
892 1.1682062149047852 0.4692312180995941
554 0.07978381216526031 1.042635440826416
867 0.240073561668396 0.26341137290000916
761 0.9513259530067444 -0.6711598038673401
719 -0.4952048659324646 1.5018987655639648
645 0.5928813815116882 1.1988084316253662
515 0.022318659350275993 -1.3383721113204956
912 0.9709035158157349 -1.557183861732483
971 -0.2721366882324219 0.8070840835571289
967 -0.1686425656080246 -0.6514917016029358
644 0.7142387628555298 -0.16470608115196228
691 -0.35127249360084534 0.08921633660793304
497 -0.3585067391395569 -1.9800989627838135
820 0.667014479637146 0.17419815063476562
848 -0.03094073198735714 -1.9530699253082275
855 -0.9713295698165894 0.3736537992954254
635 1.1794404983520508 -0.5626912713050842
669 0.42816561460494995 -1.061621069908142
562 -0.38945695757865906 -0.9067870378494263
585 -0.3489265739917755 -1.3065835237503052
775 -0.3379264771938324 0.36625638604164124
677 -0.5738567113876343 -1.4004329442977905
597 -0.3995179831981659 -0.9088900685310364
985 -0.7144426703453064 0.12072750926017761
748 0.37665167450904846 0.2590603232383728
801 -1.1227960586547852 1.0567114353179932
575 -0.6352460384368896 -0.3022249937057495
571 1.6887383460998535 -0.07874872535467148
739 1.7008123397827148 0.3133009374141693
398 -0.7280402183532715 -0.6735777258872986
516 -0.3356625437736511 -0.7835585474967957
935 0.7721978425979614 0.7715107202529907
888 -0.91995769739151 -1.4601088762283325
973 -1.5382283926010132 0.7077249884605408
882 -0.6940823793411255 -1.3821492195129395
603 0.3705047369003296 0.27398958802223206
632 0.30188456177711487 -1.188881278038025
927 0.7070749402046204 -0.17862176895141602
446 -1.0839651823043823 -0.7192758917808533
853 -1.2599846124649048 -1.218961238861084
350 0.7524762749671936 1.3737542629241943
499 -1.780674934387207 -0.5960234999656677
392 -0.8957957029342651 0.4705188572406769
968 0.09760580211877823 0.2775873839855194
732 -0.6158861517906189 -0.19141609966754913
780 0.8070468306541443 -0.7934479713439941
1006 -0.7021600008010864 -0.43562090396881104
759 -0.045831549912691116 -0.223997563123703
628 -1.7793852090835571 -0.22636976838111877
760 -0.6058778166770935 -1.4000428915023804
943 0.8927038908004761 1.3244322538375854
917 -1.727091670036316 0.3050132095813751
584 -0.4325290322303772 -0.9455002546310425
383 0.5347744226455688 -0.27478936314582825
921 -0.6062378883361816 -0.7598351836204529
638 -0.68903648853302 1.3241186141967773
390 0.5110601186752319 0.9694189429283142
941 -1.3579005002975464 -1.0446947813034058
879 -0.6709893345832825 -0.09872344136238098
806 0.3847571015357971 -1.9388078451156616
492 0.3389512896537781 -0.6841126680374146
860 0.23294350504875183 0.8799708485603333
373 -0.3454236686229706 0.0920046791434288
812 -0.7249303460121155 -1.5925490856170654
911 -0.21868456900119781 1.4085071086883545
933 0.34973418712615967 0.6341798901557922
838 0.20144876837730408 -0.6640129685401917
425 0.3656957745552063 0.25921744108200073
1007 -1.0157155990600586 1.0269588232040405
422 -0.27575981616973877 -1.9906874895095825
457 0.024150557816028595 1.458607792854309
813 0.3641951382160187 -1.9552897214889526
485 0.11782395839691162 0.27614396810531616
403 -0.04741249606013298 0.24710829555988312
524 -0.35650721192359924 0.11163301765918732
930 -1.138430118560791 -1.2884281873703003
992 1.3977394104003906 0.9126383066177368
363 -0.2346736490726471 -0.7998054623603821
661 0.798282265663147 0.555242121219635
786 0.4177267551422119 0.2528170943260193
979 -0.5962820649147034 -0.13183534145355225
671 -0.31053075194358826 -0.8673916459083557
767 -0.1708688884973526 1.3780004978179932
472 -1.3602741956710815 -0.9628999829292297
560 0.12541387975215912 -0.6944126486778259
981 -0.8101343512535095 -1.8613206148147583
567 -1.3470797538757324 -0.11386751383543015
468 -0.3472491204738617 -1.4019649028778076
399 -0.2958575189113617 0.3523687720298767
570 -1.0088437795639038 -0.7904670834541321
613 -0.2490900158882141 -0.6927720308303833
728 -1.156957745552063 0.14113253355026245
768 0.13379190862178802 0.2619706690311432
553 -1.7386701107025146 -0.9117350578308105
573 0.05980833247303963 -0.7105454206466675
488 -0.8239603042602539 1.2799266576766968
511 0.6423482298851013 -0.10692660510540009
956 -1.0221019983291626 0.262268602848053
936 0.9741474986076355 0.99305260181427
606 -0.7307332158088684 -1.8669830560684204
902 -0.9465876221656799 -1.7705551385879517
1013 -0.6552097797393799 0.04039362072944641
551 -1.7743220329284668 -0.5005714297294617
884 -0.302421897649765 0.7561285495758057
1001 0.12386223673820496 0.27408185601234436
630 -0.8862228989601135 -1.8275309801101685
807 -0.5813049674034119 0.020259397104382515
852 0.5150110125541687 -1.8804724216461182
659 -1.7297108173370361 -0.9298465251922607
915 0.15152111649513245 1.5291692018508911
420 -0.10087470710277557 -1.4651778936386108
856 -0.21512511372566223 1.3910646438598633
962 -0.3676590323448181 0.0585811510682106
401 -1.2886873483657837 -1.1279507875442505
514 0.3372154235839844 -1.0857638120651245
980 -0.26174554228782654 0.24414165318012238
460 0.3605283796787262 0.2304009348154068
714 -0.1733287274837494 0.283662885427475
972 -0.3149658739566803 0.7055354118347168
474 -0.15660931169986725 -1.9478451013565063
504 -0.6919997930526733 -0.6896861791610718
624 -0.10907723754644394 -1.427736759185791
731 1.445160150527954 -0.31824347376823425
634 0.9316447973251343 -1.5960735082626343
959 0.5397225022315979 -0.3257896900177002
565 -0.7121581435203552 -0.39305275678634644
928 0.7424298524856567 -0.15258336067199707
758 0.06269090622663498 -0.7093823552131653
788 0.7462335228919983 0.2558451294898987
700 -0.3114311397075653 0.7937321662902832
891 0.33726346492767334 -0.5298669338226318
998 -1.492179036140442 -0.3828226327896118
993 0.31147533655166626 -1.1727262735366821
823 1.1569008827209473 0.3545295298099518
734 -0.9525026082992554 -1.4107506275177002
845 -1.0004302263259888 0.981404185295105
483 0.7724586129188538 0.8220706582069397
811 1.6959360837936401 -0.07740356028079987
531 0.2944487929344177 0.26692116260528564
692 0.33918023109436035 -1.954918622970581
1014 -0.3625452518463135 -0.9039084315299988
599 -0.6563361287117004 -0.09930282086133957
564 1.0032060146331787 1.1849333047866821
507 0.7381301522254944 -0.13584209978580475
708 -1.1109626293182373 -0.631681501865387
800 -1.1579374074935913 0.13816122710704803
996 -0.6321433782577515 -0.3023824691772461
982 1.2412657737731934 0.34165725111961365
467 1.5572460889816284 -0.9930465221405029
650 -1.4118330478668213 -1.459348440170288
609 -1.0699496269226074 1.1011449098587036
596 0.26997116208076477 -1.2683888673782349
347 0.6272293925285339 -0.7674468755722046
883 0.6781525015830994 -0.13316981494426727
357 -0.9544270634651184 0.409842848777771
578 1.5717668533325195 -0.4804718792438507
496 0.8002499341964722 1.3583241701126099
724 1.4658900499343872 -1.1897908449172974
581 1.6290092468261719 -0.7384255528450012
540 0.026365427300333977 0.8556235432624817
666 0.18820612132549286 -0.6719449162483215
649 0.0027900065761059523 -1.353419303894043
640 0.3623342514038086 -0.6205237507820129
822 -1.7710542678833008 0.20227617025375366
552 -1.0994540452957153 1.0959265232086182
489 -1.0083726644515991 -0.7836226224899292
614 -0.2890026569366455 0.3638320565223694
462 0.8468738198280334 0.4634821116924286
523 -0.3252354860305786 0.13811276853084564
498 -0.319978803396225 0.8115640878677368
733 0.14485958218574524 -1.3932965993881226
424 0.7821938991546631 0.5555402636528015
689 -1.1698424816131592 -1.2514268159866333
779 1.0512605905532837 -1.3427629470825195
754 -1.5071064233779907 -1.264697790145874
769 1.1986184120178223 -0.0435803160071373
541 -0.5189376473426819 -0.022600563243031502
522 -0.23645256459712982 -0.8524003028869629
642 1.6972945928573608 -0.06887204200029373
958 -1.3540948629379272 -1.5068235397338867
506 1.6698198318481445 -0.12095732241868973
653 -0.4480839967727661 0.6723940968513489
841 -0.7634897232055664 -1.868125081062317
782 1.2936598062515259 0.9950250387191772
988 0.35556069016456604 -1.071731686592102
598 0.2846127152442932 -1.2615388631820679
837 0.37346330285072327 -1.040818452835083
441 -0.6877588033676147 -0.20399343967437744
394 1.6169419288635254 -0.7254632115364075
975 -0.22274434566497803 -1.529819369316101
872 -0.4296242594718933 -1.2616400718688965
625 -0.9482643604278564 0.4150862693786621
741 0.3169192969799042 0.2526274025440216
535 1.179843783378601 0.2750009298324585
965 0.06219794601202011 -0.7128177285194397
898 -0.4207485616207123 -0.9366644620895386
766 -0.33381378650665283 -0.8612439632415771
381 0.4219236671924591 -0.42595335841178894
940 -1.750272512435913 0.21534022688865662
396 -1.4176416397094727 -0.9653804898262024
870 0.34447184205055237 -0.5215843319892883
991 -1.5132355690002441 0.763008177280426
1019 -0.6382557153701782 -0.302814781665802
826 0.2978280484676361 0.27210935950279236
365 0.4049028158187866 0.3153742849826813
588 1.6149393320083618 -0.8030256628990173
909 0.40517351031303406 1.502998948097229
651 -0.3569684624671936 0.794970691204071
1020 0.5246821641921997 1.4777346849441528
815 -0.7107040882110596 -0.3851276636123657
458 0.30381283164024353 -1.1883881092071533
539 0.2362096905708313 0.29775622487068176
778 0.40595898032188416 0.3711188733577728
756 1.0657161474227905 0.31720882654190063
864 0.36123526096343994 0.23507258296012878
528 0.6821050643920898 -0.1275097280740738
711 1.0638878345489502 -1.3345773220062256
459 -0.05304054170846939 0.24604296684265137
529 -0.3194096088409424 -0.8762239217758179
683 -1.8118499517440796 0.013964426703751087
863 -0.6899357438087463 -0.23970329761505127
395 -0.8680579662322998 1.3443303108215332
705 -0.46597445011138916 -1.2407225370407104
682 -1.7739490270614624 -0.5030313730239868
482 0.7103273868560791 -0.17255333065986633
518 -0.43072718381881714 0.6907866597175598
737 -0.381948322057724 0.08654791116714478
875 -0.3502059280872345 0.07703878730535507
854 0.9596520066261292 -0.6529551148414612
391 -1.02420175075531 -0.7588240504264832
834 1.1933059692382812 0.9881528615951538
868 1.074683666229248 1.117743730545044
593 -0.5510979890823364 0.7363669872283936
789 -0.48817843198776245 1.5011552572250366
629 -1.2794581651687622 -1.5713520050048828
984 0.6721773743629456 0.8238741159439087
825 1.1553155183792114 -1.344290018081665
1017 0.38269948959350586 0.25871026515960693
895 -0.7438914179801941 -0.6511006355285645
939 -1.5168462991714478 0.7493193745613098
948 -1.2285898923873901 -1.535072684288025
429 -0.17345082759857178 -0.6470628380775452
987 -1.7441340684890747 0.21870075166225433
450 -1.4543068408966064 -1.3412237167358398
673 -0.6622674465179443 -0.29790806770324707
461 -0.7341431975364685 -0.20132547616958618
369 0.5992540121078491 0.9644055962562561
378 0.03389764204621315 1.5240925550460815
464 -1.0748413801193237 -0.663471519947052
989 -1.388179898262024 -0.3664422035217285
829 -1.2931444644927979 -0.02151820808649063
923 1.6651971340179443 -0.1233217865228653
346 -0.04312644526362419 -0.6814231276512146
455 -0.3106096088886261 -0.8699702620506287
890 0.8986340165138245 -1.7471396923065186
850 -1.1802263259887695 1.059130311012268
794 -1.002347707748413 0.23767416179180145
590 0.024636851623654366 -1.335838794708252
908 1.3561840057373047 -1.3653812408447266
905 0.9122858643531799 0.9862415194511414
735 1.0981857776641846 -1.4853291511535645
901 -1.0852015018463135 1.0764204263687134
475 0.34694018959999084 1.5244759321212769
844 -0.327425092458725 0.35848861932754517
660 0.33870014548301697 0.2633492648601532
473 0.7600038647651672 -1.7933192253112793
615 -0.931448757648468 -1.4381524324417114
944 -0.8119407296180725 1.3606804609298706
453 0.5304475426673889 -0.27372345328330994
360 0.3852757215499878 -1.0599287748336792
548 0.16557341814041138 -1.4401394128799438
799 -0.8723257780075073 -1.1786366701126099
576 1.4600377082824707 0.8011077642440796
931 -1.0173667669296265 0.2621224522590637
969 -0.7505149245262146 0.12363145500421524
810 0.5397193431854248 -0.32577279210090637
816 -1.4210286140441895 0.26248881220817566
491 -0.6661916971206665 -0.6665323376655579
490 -1.2086725234985352 -0.6352737545967102
509 -0.04006999731063843 0.2339414805173874
503 -0.3792349100112915 -0.830813467502594
983 -0.7592309713363647 0.5001094341278076
896 -0.6590582132339478 -0.2852707803249359
833 1.2500113248825073 0.5190396904945374
861 1.5183519124984741 -0.2279612123966217
817 0.7545204162597656 -0.13259193301200867
974 -0.2890034317970276 0.36382412910461426
572 -1.7861075401306152 -0.609584629535675
471 -0.37846630811691284 -0.8026569485664368
561 1.7220416069030762 -0.014463575556874275
371 -1.7632001638412476 -0.4740528464317322
809 -0.3440597355365753 0.09146188199520111
793 0.11024674028158188 0.9182441830635071
577 0.9120050072669983 -0.7057609558105469
652 -0.7119931578636169 0.5291596055030823
405 0.6372436881065369 0.184095099568367
1008 0.5340885519981384 -0.6653891801834106
688 0.47962409257888794 -0.4111924171447754
456 0.7962207794189453 0.5463331341743469
919 0.3349483609199524 -0.46994584798812866
655 -1.3800722360610962 -1.0814799070358276
600 1.4992998838424683 -1.102586269378662
423 -1.7840650081634521 -0.6555294394493103
792 0.7730427980422974 -1.262908697128296
612 -0.00795917958021164 -0.687137246131897
439 -1.188310980796814 0.09291933476924896
990 1.6266213655471802 0.5566742420196533
726 0.2509484887123108 0.2807462513446808
773 -0.7065973281860352 -0.19010941684246063
1003 0.43560925126075745 -1.1232304573059082
797 -0.30997857451438904 -0.8614862561225891
840 -0.06249198690056801 0.28622913360595703
997 -1.7639394998550415 -0.4147118926048279
451 -0.4120500385761261 0.6939812898635864
763 -0.24600911140441895 0.1967671811580658
349 -1.3506402969360352 -1.1683017015457153
957 -0.6077994108200073 0.2409963309764862
954 -1.48066246509552 0.7371800541877747
646 -1.7270785570144653 0.3050489127635956
454 1.513155221939087 -1.0824090242385864
618 -1.3934091329574585 -0.13982230424880981
937 0.02216295897960663 0.4210081696510315
623 -0.18235941231250763 0.26512211561203003
437 -0.21836796402931213 1.3934863805770874
444 -1.3135851621627808 -0.03396075218915939
846 0.8163567781448364 -0.8010221719741821
633 1.0734153985977173 -1.1778525114059448
839 1.1668450832366943 0.9999747276306152
920 -0.7130243182182312 -0.4040350019931793
774 -0.17711947858333588 -0.6595001816749573
448 0.2775370478630066 0.8921837210655212
387 0.3454146385192871 -0.4716548025608063
367 1.0278400182724 1.1740530729293823
742 1.6950827836990356 0.31361135840415955
447 -0.6994127631187439 0.46697014570236206
795 1.299432635307312 0.956197202205658
610 1.4976112842559814 0.7510707378387451
963 -0.7267739176750183 -0.6833366751670837
970 0.4666184186935425 -1.9122470617294312
796 -0.44799917936325073 1.5165889263153076
407 0.8078663945198059 -0.8080364465713501
755 -1.1346912384033203 0.14411717653274536
400 0.8958973288536072 0.03449464961886406
977 0.7834083437919617 0.7385737895965576
986 0.7976815104484558 -0.05767567455768585
348 -0.5058798789978027 0.633554220199585
611 -0.19843757152557373 0.24567730724811554
964 0.4163237512111664 -0.4260517954826355
675 0.31770309805870056 -0.4950650632381439
885 -0.656151294708252 -0.30132633447647095
776 0.6302273869514465 -0.08456294983625412
501 -0.38097190856933594 -1.9778151512145996
858 0.3738429844379425 -1.9418503046035767
922 0.5662169456481934 -1.862141489982605
847 -0.6707894206047058 -0.09878522157669067
616 -1.5140386819839478 0.7633512616157532
465 -0.264726459980011 0.8071749210357666
814 -0.8009508848190308 -0.23162516951560974
487 0.7652608752250671 -0.031728874891996384
824 -0.356809139251709 0.08914387971162796
976 -1.0074032545089722 0.2438269853591919
819 0.33309972286224365 -0.4707556664943695
694 0.1529504656791687 -0.6875976920127869
862 1.2013620138168335 0.7722668647766113
442 1.7089834213256836 -0.38839688897132874
345 -1.0826201438903809 -0.6688199639320374
342 -0.6249746680259705 -0.20922136306762695
679 -0.8098881244659424 -1.5999326705932617
1010 0.07997013628482819 -1.2933729887008667
662 0.3536653220653534 0.23657731711864471
781 0.39119720458984375 0.4598088562488556
374 -0.31173157691955566 0.1332961916923523
343 0.40782225131988525 -1.189244270324707
338 0.31381750106811523 -1.9580519199371338
344 -0.9428929686546326 -1.431641697883606
339 -0.7155025005340576 0.11800538748502731
436 -1.6636861562728882 0.4483492374420166
1025 -0.6382567882537842 -0.3028145432472229
341 0.5332661271095276 -0.2738408148288727
377 0.5923323631286621 0.8941640853881836
409 -0.5312963128089905 1.5026262998580933
340 0.40100622177124023 -0.44828957319259644
408 -0.7078226804733276 -1.7801899909973145
433 -1.6528767347335815 -0.22025944292545319
410 0.7354249954223633 -0.14012032747268677
337 -1.390545129776001 -0.26828569173812866
325 -0.21763008832931519 -1.9842724800109863
322 0.7071936130523682 -0.7740416526794434
328 -0.692105233669281 -0.4150153398513794
327 -0.046177562326192856 -0.22339026629924774
