1440 -0.33272144198417664 -1.3712904453277588
2390 0.09976837784051895 0.5119498372077942
383 0.0990973562002182 0.5119534730911255
1777 0.0995323434472084 0.5115697979927063
2460 0.09953141957521439 0.5119349360466003
1733 0.09978652745485306 0.5118445754051208
1741 0.09978822618722916 0.5119762420654297
2039 0.09978758543729782 0.5116270780563354
762 0.09953276813030243 0.5116265416145325
1435 0.09953133016824722 0.5119612812995911
765 0.09953255206346512 0.5116472244262695
1761 0.09953254461288452 0.5116471648216248
312 0.09909766167402267 0.5119867324829102
1750 0.09978839755058289 0.5119223594665527
2034 0.0995313972234726 0.5119351148605347
1932 0.09988300502300262 0.5119262337684631
2449 0.0995325967669487 0.5119724273681641
1553 0.09978638589382172 0.5118447542190552
740 0.0997876524925232 0.5116128921508789
1855 0.09978839010000229 0.5119224190711975
1439 0.09953263401985168 0.5116722583770752
1430 0.09953244775533676 0.5117517709732056
2213 0.09953274577856064 0.5119234919548035
1369 0.09953276813030243 0.5119237303733826
2255 0.09953312575817108 0.5119217038154602
12 0.09953312575817108 0.5119217038154602
2236 0.09978640824556351 0.5118443369865417
774 0.09978657960891724 0.5116084218025208
17 0.09953252971172333 0.5116472840309143
1497 0.09909716248512268 0.5116367936134338
1929 0.09953314065933228 0.5119217038154602
726 0.09978825598955154 0.5119765996932983
670 0.09978770464658737 0.5116794109344482
2162 0.09953273087739944 0.5120075345039368
2065 0.09909691661596298 0.5115660429000854
2383 0.09953166544437408 0.5116117596626282
1599 0.09953272342681885 0.5119233131408691
2033 0.09953312575817108 0.5119217038154602
1896 0.09953232854604721 0.5115649104118347
1582 0.09909957647323608 0.5123116374015808
2088 0.09988300502300262 0.5116521716117859
658 0.09953194111585617 0.5119667053222656
1827 0.09953165799379349 0.5116122364997864
751 0.09953165054321289 0.5116116404533386
769 0.09909956902265549 0.5123112201690674
1783 0.09978821873664856 0.5119761228561401
1792 0.09953275322914124 0.5119376182556152
2200 0.09976670891046524 0.5115340948104858
2262 0.09788867831230164 0.5086978673934937
1753 0.09953263401985168 0.5116722583770752
1738 0.09978640824556351 0.5118446946144104
2354 0.09909957647323608 0.5123111009597778
1488 0.09953312575817108 0.5119217038154602
1874 0.09914474934339523 0.5118826031684875
1424 0.09953279048204422 0.5119234323501587
2017 0.09953269362449646 0.5120037198066711
2381 0.09914527833461761 0.5118440389633179
1772 0.0991387590765953 0.5120129585266113
2030 0.09953230619430542 0.5115647912025452
720 0.0991382822394371 0.5116516351699829
2384 0.09953038394451141 0.5118369460105896
763 0.09953256696462631 0.5115534663200378
1721 0.09953273087739944 0.5120031237602234
1803 0.09953252226114273 0.5116471648216248
1555 0.09953165054321289 0.5116118788719177
736 0.0997864156961441 0.5118445158004761
2064 0.09953165799379349 0.5116122364997864
2047 0.09953277558088303 0.5119233727455139
1993 0.0990968868136406 0.5115675330162048
1458 0.09953274577856064 0.5119372010231018
1454 0.09953165054321289 0.5116116404533386
761 0.09953279048204422 0.5119234323501587
2234 0.09953311085700989 0.5119217038154602
1745 0.09953252971172333 0.5116472244262695
1784 0.09953313320875168 0.5119216442108154
653 0.09953267127275467 0.5116764903068542
87 0.09978806227445602 0.5116475820541382
1601 0.09978640079498291 0.5118445158004761
1620 0.09953133016824722 0.5119612812995911
2044 0.09909767657518387 0.5119865536689758
10 0.09953252226114273 0.5116472244262695
737 0.09909956902265549 0.5123112201690674
1597 0.09978824108839035 0.5119761228561401
1614 0.09953311085700989 0.5119215846061707
1469 0.0995330810546875 0.5117928385734558
1930 0.09978639334440231 0.5118445158004761
1621 0.09953255951404572 0.5115533471107483
2257 0.09920842200517654 0.5121791362762451
1820 0.9317730069160461 2.1117446422576904
2395 0.01393856666982174 0.7866827845573425
1869 1.2694127559661865 -0.8564976453781128
1829 0.034494079649448395 0.42635542154312134
661 -1.0710406303405762 0.6461041569709778
1861 1.388424038887024 -0.7136328816413879
1771 1.3936188220977783 -0.6955631971359253
2169 -1.164681077003479 1.6847424507141113
2201 0.47679924964904785 0.8652689456939697
1722 0.2998760938644409 0.29571372270584106
2428 -0.8102532625198364 1.0179628133773804
700 -0.3833223581314087 -0.36876147985458374
753 -0.8160860538482666 1.042195200920105
695 0.1524880826473236 0.3987219035625458
1461 0.42287150025367737 0.8411427736282349
760 0.029976477846503258 0.08112040907144547
1462 -1.6481735706329346 0.0708664134144783
1759 -1.635154366493225 0.6091020703315735
2008 1.485047698020935 1.2059260606765747
1501 1.358298420906067 1.1684041023254395
704 0.5646321773529053 0.6612129807472229
2451 0.17247280478477478 0.3482013940811157
1647 0.9366434216499329 2.109614133834839
1725 0.8407317996025085 -1.064149022102356
1924 0.6836249232292175 0.502964437007904
44 1.3260480165481567 -0.8298071622848511
2310 0.1305122673511505 0.7327544689178467
2387 0.5910496115684509 -0.5136436820030212
440 0.9424766898155212 0.22924752533435822
1585 0.05320645868778229 0.9147117733955383
1790 -0.14802351593971252 -1.18959379196167
2332 0.8576614260673523 0.12158291041851044
1505 -0.665707528591156 0.3917539119720459
1763 1.8257484436035156 0.8967590928077698
1422 0.8341065645217896 1.6148715019226074
1504 0.48161888122558594 1.1311240196228027
2075 0.4906722605228424 0.33046332001686096
1427 -0.14526833593845367 0.5969966650009155
1796 -0.10618654638528824 -0.3935147225856781
1776 -0.28884807229042053 -0.43470391631126404
2483 -0.6745718717575073 1.4543936252593994
550 1.239778757095337 -0.38105320930480957
1457 0.5270905494689941 1.868194818496704
1780 0.2815372347831726 1.8740254640579224
2458 -1.4611241817474365 -0.4240696430206299
2525 0.05320531502366066 0.9147132039070129
1612 1.3710349798202515 0.5479679703712463
376 0.09953255206346512 0.5116472244262695
2042 -1.3658943176269531 1.45551335811615
1718 -0.0159858800470829 0.12908725440502167
1804 0.05024450272321701 0.4226281940937042
2023 0.9774614572525024 2.086164712905884
59 0.8558146357536316 -0.33073344826698303
2243 -0.3515501618385315 -0.9909194111824036
1774 0.5422094464302063 0.7665275931358337
1920 0.49914276599884033 0.5531625151634216
1883 0.4346344769001007 0.05729612708091736
758 -0.661738395690918 0.3272814452648163
1610 0.16352304816246033 0.4817146062850952
664 -0.5569143295288086 0.6900247931480408
770 -1.175925374031067 0.0888260006904602
739 -0.19459748268127441 0.6601510643959045
742 -0.38736969232559204 1.2248278856277466
2305 0.260924369096756 -0.8211588859558105
1728 0.03477023169398308 0.08427823334932327
1841 -0.8154056668281555 1.9250792264938354
1449 0.13726407289505005 0.47655385732650757
2463 0.4216504693031311 0.8442355394363403
2242 -0.08448126912117004 0.6287646889686584
1444 -1.0569604635238647 0.6765677332878113
538 -1.6409155130386353 0.7152885794639587
2037 0.5043651461601257 0.5046692490577698
2212 0.4584444761276245 0.8560048937797546
1971 0.9451597929000854 1.5235846042633057
1450 0.9321368336677551 0.6451133489608765
2021 -0.5360991954803467 -1.0868154764175415
1846 -0.8193486928939819 1.9210286140441895
767 -1.1871399879455566 0.08728905022144318
1558 -0.3921274244785309 -0.3555896282196045
748 -0.9330356121063232 -0.38797876238822937
1492 1.7831083536148071 0.06105920299887657
1867 0.04391062259674072 0.412366658449173
1748 -0.5884261131286621 1.559047818183899
1580 0.054550349712371826 0.9291245341300964
1939 0.655910313129425 -0.07484859973192215
1881 -0.709635853767395 2.0989701747894287
2203 -0.8594251275062561 1.0689815282821655
2398 0.1805153638124466 -0.4523012042045593
2202 -0.7836443781852722 2.003347396850586
1890 0.1228647381067276 0.4710886478424072
1775 0.5463550090789795 0.6330377459526062
1941 0.7440888285636902 -0.41354843974113464
2185 -1.5929625034332275 0.5149704217910767
1627 0.9437918066978455 0.5177845358848572
308 -0.5586224794387817 1.5833348035812378
1640 -0.08606120944023132 -1.1654491424560547
2391 -0.7276514768600464 -1.0279892683029175
1434 -0.8753082156181335 -0.4077761173248291
1938 -0.6100363731384277 0.6142418384552002
1766 -0.11068876087665558 0.6139508485794067
1964 1.4144834280014038 0.558836817741394
1863 -1.0619326829910278 0.6593086123466492
1549 -0.23183360695838928 2.2003328800201416
1918 -0.9422158598899841 -0.8747184872627258
1865 0.08838032931089401 0.08096430450677872
13 -0.8151030540466309 1.92650306224823
1838 0.9161592125892639 0.18264806270599365
2314 0.8901948928833008 0.15974017977714539
1933 0.2600075900554657 0.7730098962783813
2227 -0.009158547967672348 -1.1938402652740479
2086 -0.6074832677841187 -1.0073628425598145
2321 0.44617122411727905 0.017739318311214447
2414 0.9490340352058411 1.5072715282440186
141 0.37799933552742004 2.2710893154144287
1723 0.8438708186149597 2.174381732940674
749 1.7776947021484375 0.09625377506017685
1824 0.04383675009012222 0.4290619194507599
2032 0.4759962558746338 0.8655702471733093
2087 1.2786873579025269 0.11768496036529541
2486 0.4071764051914215 1.566879391670227
1801 1.0162067413330078 0.9401630163192749
668 0.47675949335098267 0.8652200102806091
2252 0.504323422908783 0.3261272609233856
2292 -0.7106096744537354 2.0982038974761963
1716 0.033481016755104065 0.41292113065719604
1468 -1.3492273092269897 -0.5700631737709045
1981 0.5044018030166626 -0.7782167196273804
2360 1.8221893310546875 0.2074701488018036
656 1.0410594940185547 -0.38339218497276306
723 -0.15178658068180084 1.7767354249954224
1592 0.010998670943081379 0.11837948113679886
727 -0.011044424027204514 0.127292662858963
1928 -0.17793595790863037 -0.31787562370300293
2156 -0.011223061010241508 0.10947117954492569
2491 1.8454532623291016 0.7417066097259521
2364 -0.15039756894111633 0.6783366203308105
2353 -1.6450129747390747 0.055808331817388535
692 0.795979380607605 -0.4061146676540375
2222 0.6858959197998047 0.9861703515052795
38 -0.3371080756187439 -1.1886827945709229
649 -1.4520314931869507 -0.4373635947704315
2027 -0.20151667296886444 1.2344565391540527
1800 -0.3904290497303009 -0.36024853587150574
1438 -1.5826783180236816 0.5119469165802002
2239 -0.8160891532897949 1.0422232151031494
19 -0.08698917925357819 0.6490680575370789
1330 1.4081242084503174 1.6874545812606812
682 -1.3597970008850098 1.4620201587677002
709 0.496898353099823 0.3240455687046051
1423 0.5354132056236267 -0.09605316817760468
1795 0.504650354385376 0.5952598452568054
2315 0.9153138995170593 1.558472752571106
2286 1.4868773221969604 -0.4421059787273407
2524 1.3769201040267944 1.751358985900879
1879 0.5237643718719482 -0.09936010837554932
2210 0.1337709128856659 0.2709669768810272
11 0.16578203439712524 0.3522454798221588
2350 1.7703889608383179 0.09892474114894867
1596 1.4092012643814087 1.6914405822753906
2233 -0.03362797200679779 -0.5562437772750854
2456 -0.6917458772659302 0.43189823627471924
2028 0.9697919487953186 1.4676213264465332
1445 -1.6067676544189453 0.5216575860977173
2018 1.1732821464538574 1.9112646579742432
1751 -0.842479944229126 -0.4263046681880951
1605 0.06505949795246124 1.4512135982513428
1982 -1.5231995582580566 -0.2990058958530426
1506 0.5175160765647888 -0.09186568856239319
1617 0.5039424896240234 0.5891998410224915
1437 -0.39912325143814087 -0.36661162972450256
1910 -1.372388482093811 1.452415943145752
766 1.3037199974060059 -0.3785249590873718
1877 0.5146071314811707 -0.16792550683021545
1785 0.22512517869472504 1.818062663078308
2363 1.1327146291732788 -0.9368553757667542
1615 0.5374382734298706 0.2860357463359833
2241 0.016123542562127113 0.09754318743944168
1619 0.25715991854667664 0.32668134570121765
1834 0.5066059827804565 0.42056187987327576
2199 -0.5759711265563965 -0.9853568077087402
294 1.7745472192764282 -0.029236601665616035
2404 -0.55930095911026 0.7313252687454224
2275 -0.5620577335357666 0.7097821235656738
1589 0.4981797933578491 0.16081541776657104
2060 0.05033658817410469 0.4134978950023651
2457 0.8558148145675659 -0.3307322561740875
2081 -0.27532240748405457 0.4505442976951599
2366 1.1986982822418213 1.8991968631744385
408 0.3487313985824585 2.2845358848571777
1472 0.09978640079498291 0.5118446350097656
1573 -0.48748233914375305 0.10821165889501572
2168 -0.11574773490428925 1.8095951080322266
754 1.7812600135803223 0.025865942239761353
1499 1.1652883291244507 1.0145237445831299
662 -0.11592219024896622 1.809404730796814
1742 0.516672670841217 -0.09256565570831299
97 -0.06559154391288757 2.1918554306030273
1828 0.49678051471710205 0.34889155626296997
1429 0.0327906496822834 1.4287889003753662
2043 -0.2167378067970276 2.1942899227142334
2254 -0.010339980013668537 0.11377923935651779
755 1.4004335403442383 1.7017290592193604
1740 -0.7413339018821716 2.086050271987915
701 0.1941918432712555 0.8678379654884338
2319 -0.8187148571014404 1.029675841331482
537 -0.23638877272605896 1.1602259874343872
1845 -1.2279213666915894 0.07232298702001572
1987 -0.6488344669342041 -1.0401138067245483
2152 1.4853087663650513 -0.4627031683921814
2084 -0.33686038851737976 0.5646530389785767
2444 0.49834850430488586 0.5694347023963928
1431 0.8194341063499451 0.0958263948559761
1547 0.38901227712631226 1.5802783966064453
1806 -0.6486327052116394 0.24553075432777405
1798 -1.6481951475143433 0.07096467167139053
21 -0.3912737965583801 -0.369853675365448
1747 -0.68152916431427 1.4458250999450684
2089 -0.5325170755386353 -0.8551322221755981
2435 -0.10843310505151749 0.6138234734535217
2342 1.2771856784820557 0.11262259632349014
1598 1.5895075798034668 0.8027613759040833
741 0.40082427859306335 2.267124891281128
1840 -0.17160357534885406 1.7679753303527832
2161 0.40678632259368896 2.2651889324188232
1500 -0.04455979913473129 0.24770928919315338
2329 -0.15343555808067322 0.6842878460884094
2198 0.5524364113807678 0.8949790000915527
1978 0.5690420866012573 0.6576221585273743
1986 -0.8785860538482666 1.0623685121536255
2159 -0.21082761883735657 2.2016608715057373
771 -0.2424386441707611 -1.210797667503357
1866 0.5361989736557007 0.25645431876182556
32 0.5205568075180054 0.31570255756378174
1426 -0.8259918093681335 1.9018733501434326
2468 -0.7145769000053406 2.099714517593384
2487 1.8382638692855835 0.6003244519233704
2067 1.141435146331787 0.6106928586959839
2577 0.35013818740844727 1.5902161598205566
1503 0.053205691277980804 0.9146959781646729
2283 -0.6568943858146667 0.3250330686569214
1988 0.43855950236320496 0.8578234910964966
2003 -0.7148131728172302 2.0995163917541504
1843 1.844375729560852 0.7673041224479675
2231 0.17459167540073395 -0.4609842002391815
1917 -0.4003840982913971 -0.3579976558685303
1958 0.3065114915370941 1.7952358722686768
2158 -0.8976885676383972 -0.38592201471328735
1817 -0.02256551757454872 1.8177951574325562
2214 0.531156063079834 0.2932671904563904
149 0.04640316218137741 1.816686987876892
2338 -0.46521642804145813 0.14201600849628448
1888 1.4429278373718262 0.4791758060455322
389 -0.3338906168937683 1.7107561826705933
707 -1.0844250917434692 -0.32774239778518677
2209 0.49574747681617737 0.5535227656364441
1646 1.7240556478500366 1.231387972831726
750 1.1850370168685913 -0.9098699688911438
2020 -1.5526094436645508 1.0874067544937134
706 -0.6531127095222473 0.38041770458221436
673 0.46814414858818054 1.2328691482543945
1789 -1.4539685249328613 1.1618791818618774
404 -0.1707257777452469 -0.31011709570884705
1452 -0.685896098613739 -1.0191199779510498
764 -0.715485692024231 1.409368872642517
2542 0.46218496561050415 2.251023054122925
1734 0.49339357018470764 0.49416208267211914
56 -0.6759749054908752 0.3185900151729584
2290 -0.36435431241989136 -1.054865837097168
1588 0.2432522028684616 -0.9425417184829712
1856 1.7833929061889648 0.014941099099814892
1770 1.0360476970672607 0.9065036177635193
1560 -0.9198839068412781 0.7081946134567261
698 0.47644656896591187 0.8652704358100891
2010 1.7767454385757446 0.5560004115104675
738 0.5064021348953247 -0.7741264700889587
1552 -0.250066339969635 1.230293869972229
129 -1.1775691509246826 0.1927529275417328
674 -0.01749560981988907 0.12228557467460632
2251 1.294623613357544 0.16008980572223663
1893 0.8713025450706482 0.2103576362133026
2031 0.41314831376075745 1.7056971788406372
1826 1.3043193817138672 -0.009456356056034565
2320 -0.6264594197273254 1.485552191734314
1546 -0.7106552124023438 2.0981671810150146
1496 -1.0543839931488037 0.6786724328994751
541 0.5692468881607056 0.5014689564704895
2325 0.25692614912986755 0.3108137249946594
1578 -0.3690400719642639 2.2143077850341797
421 -1.6457771062850952 0.05931093171238899
1998 0.4161030352115631 0.8514878153800964
2218 -1.5902353525161743 0.922572672367096
1442 0.5810192227363586 -1.0444351434707642
1720 -1.2109681367874146 0.10398665070533752
1954 -0.14515802264213562 0.5962533354759216
1735 0.04406275227665901 0.4131948947906494
1498 -0.6621645092964172 0.32165220379829407
1559 -1.172439694404602 1.7114367485046387
669 -0.5687979459762573 1.5595186948776245
1493 1.836113691329956 0.5814239382743835
80 -1.177549123764038 1.6852623224258423
752 0.02414415031671524 0.102696992456913
1613 1.7724026441574097 1.060346007347107
2465 0.12717145681381226 0.47964271903038025
1587 0.36550372838974 -0.061684008687734604
1752 1.5119514465332031 -0.4232511520385742
1925 1.3853274583816528 0.5553167462348938
2541 0.58165442943573 -0.4471597671508789
1767 0.5449285507202148 0.1953812539577484
1600 1.7797249555587769 -0.017149223014712334
2405 0.9364728331565857 0.21076276898384094
2470 0.9533064365386963 2.1041765213012695
1447 -0.23233705759048462 1.241759181022644
2356 1.363057255744934 -0.7485176920890808
2298 -0.3044475317001343 -0.377895325422287
1842 -1.1832119226455688 1.6837631464004517
2333 -1.0990070104599 -0.33229759335517883
2154 0.550411581993103 0.6440988779067993
2058 -1.0598359107971191 0.6734302043914795
328 0.013887995854020119 0.8072445392608643
680 -0.2499942183494568 1.1799635887145996
29 0.12415514141321182 0.0922783687710762
2053 -0.19549916684627533 -0.6068894863128662
2278 -0.338341623544693 -1.0662189722061157
2232 -1.0265767574310303 1.8410100936889648
136 1.6257473230361938 -0.4306463599205017
1937 0.4802398383617401 1.2283737659454346
1732 0.9651831984519958 0.2444666177034378
1760 0.4973316490650177 1.187820553779602
1882 -0.5277745723724365 -0.22881010174751282
2447 -0.13240820169448853 -0.33910486102104187
2340 -0.2792801856994629 0.8048087954521179
2080 -0.07522618025541306 0.7930759787559509
1911 0.15233203768730164 0.7461830377578735
2281 0.5753030776977539 0.6725398302078247
2273 0.7243832945823669 -0.8058330416679382
2270 -0.558837890625 0.271342933177948
1586 -0.7061430811882019 -0.1813768893480301
1486 0.5341158509254456 -0.0968751534819603
1432 -0.27515938878059387 0.4542263448238373
1773 1.4318829774856567 0.4267227053642273
1593 0.543883204460144 0.24144643545150757
1638 1.410758137702942 -0.040934186428785324
1916 0.12717002630233765 0.4796198010444641
1737 -0.7371901273727417 -0.995539128780365
1963 0.30879467725753784 -0.848321795463562
1550 0.05320581793785095 0.9147111177444458
1717 0.4768587648868561 0.8652758002281189
1980 -1.453687071800232 -0.43450015783309937
1602 -0.5356075167655945 0.7372206449508667
663 -0.6190096139907837 0.19086860120296478
1749 -0.20603039860725403 1.2368593215942383
2063 -1.619317889213562 0.5213214755058289
1511 1.671251654624939 1.29705810546875
2361 -1.606425404548645 0.5172545313835144
1832 -0.8260432481765747 1.901832938194275
2249 0.7791551947593689 -0.4176866412162781
1554 -0.7987829446792603 0.8145750164985657
540 0.9380307197570801 1.5608525276184082
1494 -0.06653957813978195 0.667544960975647
2334 0.8558146357536316 -0.33073192834854126
2258 0.9620786309242249 1.4518526792526245
2022 0.2739483118057251 0.29730120301246643
717 -0.14712703227996826 0.592492401599884
768 0.16861936450004578 -0.45210614800453186
2041 1.3179882764816284 0.22578981518745422
733 0.12117823958396912 0.3117620050907135
2038 0.04234660789370537 0.42058253288269043
1724 -0.2779770493507385 1.1750833988189697
1947 -0.8755525946617126 0.9552367329597473
2355 -1.0550689697265625 0.6795569062232971
2392 0.5179556608200073 0.2427743375301361
665 0.5708134770393372 0.6959802508354187
381 -1.1426998376846313 -0.7698456645011902
1821 0.1422058343887329 -1.2722805738449097
2237 -0.5981258749961853 -1.0526005029678345
1983 0.5008386373519897 0.5111716389656067
2331 0.4208645820617676 0.08581727743148804
85 0.5488446950912476 1.1404118537902832
89 -1.6071017980575562 0.8513089418411255
1764 1.603299856185913 1.4199938774108887
1683 0.8988268971443176 0.2124125212430954
1510 0.6163018345832825 1.023667812347412
1643 0.04796502739191055 0.9425550103187561
5 0.20514526963233948 1.0903457403182983
34 0.4171825349330902 0.347740113735199
2413 0.8933765888214111 0.3500341773033142
332 0.08992663770914078 0.0988517701625824
40 -0.1813765913248062 0.6023508906364441
1794 1.20672607421875 1.8930996656417847
534 0.5344997048377991 0.29538747668266296
2466 -0.1980828046798706 1.7662043571472168
1799 -0.5872780680656433 0.1804196983575821
2473 0.12757205963134766 0.4928656816482544
1487 0.4898933470249176 1.1282016038894653
1871 0.17456763982772827 -0.46096286177635193
69 0.3858303129673004 -0.04494686797261238
1455 -0.6367934942245483 1.4318902492523193
28 0.5256496071815491 0.6080798506736755
1556 -1.2157310247421265 0.06927743554115295
1894 0.037128228694200516 0.4148758351802826
1515 -0.1538582146167755 0.6817330718040466
1572 1.2849061489105225 -0.8513101935386658
2500 0.11338306963443756 -1.2565282583236694
45 -0.927678644657135 -0.37503206729888916
1786 0.04448426142334938 0.10596971958875656
390 0.8475770950317383 -1.0932667255401611
1456 0.9121990203857422 0.17822538316249847
684 0.8732209801673889 0.1487509161233902
2406 0.5310831069946289 -0.09790902584791183
1514 0.043509770184755325 -1.1982789039611816
1483 1.5877132415771484 -0.43690451979637146
2066 -0.04107356071472168 0.2908061444759369
675 0.03922668844461441 0.9499889612197876
1425 0.007477990351617336 0.0991772934794426
1479 -1.5526096820831299 1.0874065160751343
6 0.7791025042533875 -0.41656631231307983
2074 0.3795500099658966 1.2548985481262207
1629 -0.005072847940027714 0.11964716762304306
1862 -0.3871842622756958 -0.927195131778717
1731 0.41188499331474304 0.8429291844367981
1833 0.16866947710514069 0.05524921417236328
2139 0.038556817919015884 0.9300610423088074
1491 -0.2282945215702057 2.1942622661590576
1475 0.41197967529296875 1.7597533464431763
1579 0.0443195104598999 0.08840814232826233
1926 -1.6307264566421509 0.568250298500061
2579 -1.00179123878479 0.7115434408187866
1886 -1.606844425201416 0.5134336352348328
148 0.3433423638343811 -0.44627106189727783
60 -0.11268779635429382 0.6090961694717407
1895 0.38848403096199036 1.5160986185073853
1441 1.1643491983413696 1.0160630941390991
1781 1.4093239307403564 1.2124876976013184
699 -1.6369366645812988 0.6052631735801697
2507 -0.7018769979476929 0.44210630655288696
2029 0.4762880206108093 0.8655394315719604
724 -0.11693871766328812 0.6123806834220886
1835 0.03851695358753204 0.9300876259803772
1739 -0.18985845148563385 1.7671613693237305
2327 0.17311570048332214 0.3479325771331787
1813 -1.2069190740585327 1.208716869354248
1645 0.06510397046804428 0.7046954035758972
439 -1.5159074068069458 -0.3213003873825073
2050 -1.614829182624817 0.522274911403656
35 0.9250738024711609 2.1159822940826416
1465 -0.5549699068069458 1.584075927734375
660 1.396036982536316 -0.69570392370224
719 0.8281112909317017 0.9289380311965942
1591 0.07461316138505936 1.4445358514785767
2509 0.4599251449108124 2.251856565475464
659 0.5009042024612427 0.5780954360961914
775 0.46391046047210693 0.8742870092391968
2311 -1.1653356552124023 0.013687622733414173
2062 -1.6474710702896118 0.06635401397943497
690 -0.03968459740281105 0.23445779085159302
1744 -1.641037940979004 0.03808389604091644
333 0.15906326472759247 0.36869680881500244
1778 0.17570523917675018 0.3429141044616699
1818 -1.64786958694458 0.06776557862758636
2409 0.038715556263923645 0.9299219846725464
1960 0.5274712443351746 1.8683531284332275
2386 -0.8779651522636414 0.9746730923652649
1466 -0.09045664966106415 -1.1608610153198242
2474 -0.03384513407945633 0.12684279680252075
2146 -0.38580194115638733 1.195705771446228
1583 -0.02815890684723854 0.6881954073905945
1791 1.7549296617507935 1.190208911895752
1606 -0.38470613956451416 -0.37408626079559326
2052 -0.5870121717453003 0.6129847764968872
2259 -0.8083471655845642 1.038784384727478
2014 0.12240765988826752 -0.46386978030204773
2324 -0.6749116778373718 1.4459625482559204
1608 0.09988921135663986 0.5118804574012756
2328 0.4270642101764679 0.05339284613728523
74 -0.1894451379776001 0.8549968600273132
1484 0.8180917501449585 -1.0216000080108643
1590 -0.783668577671051 2.0033278465270996
2248 -0.3951738774776459 -0.35825616121292114
1603 0.1536644846200943 0.7738291025161743
1726 -0.025463959202170372 0.12992072105407715
1618 -0.11377169191837311 0.6095371842384338
1992 0.975816547870636 0.2521611154079437
1433 -0.23447808623313904 1.2412025928497314
62 0.16247449815273285 0.6747061610221863
1428 0.5458553433418274 0.6365002393722534
444 0.3501390814781189 1.5902161598205566
735 -0.08353938162326813 2.181494951248169
2423 -0.6987479329109192 0.44120916724205017
2351 -0.8901224136352539 -0.4030686318874359
1912 -0.11066147685050964 0.6105630993843079
2160 -1.6437007188796997 0.6963704824447632
1446 -0.19999529421329498 1.2424428462982178
2024 -0.27940788865089417 1.1451400518417358
1810 0.1458393931388855 0.06878913193941116
1902 1.2588236331939697 -0.033748969435691833
2220 -0.49077466130256653 0.09504067897796631
2271 -0.6358444094657898 1.4970680475234985
713 -0.13411854207515717 0.6110634803771973
2151 1.319472074508667 0.2699381709098816
1736 0.18046747148036957 0.3349560797214508
1788 -0.04469843581318855 0.6542282104492188
2068 1.626442790031433 1.2951741218566895
375 -1.2947399616241455 1.5189687013626099
2303 0.9278540015220642 0.19644145667552948
2543 0.47403234243392944 -1.2385255098342896
2263 0.502699613571167 0.5827897191047668
1946 -0.2094622552394867 1.2406105995178223
1809 1.7845362424850464 0.01582191325724125
2178 -0.6264540553092957 0.20760679244995117
708 0.9174013137817383 0.6192796230316162
1797 -1.137331247329712 -0.23737411201000214
2035 -1.0803073644638062 0.5965402722358704
691 -0.5425525903701782 -1.0824775695800781
99 -0.7927432656288147 0.9855140447616577
2079 0.835176408290863 -0.4331008195877075
2216 -0.390015572309494 -0.35676807165145874
1609 0.8864423036575317 0.29613250494003296
2469 0.5142943263053894 1.1090545654296875
92 0.4833877980709076 -1.2139356136322021
429 0.7275813817977905 0.9516448974609375
1653 -0.4183894395828247 -0.31769120693206787
1463 0.5959675312042236 0.7793463468551636
2205 -0.36295053362846375 0.5532816648483276
1839 0.4535304307937622 0.8553938865661621
1507 -0.14865034818649292 0.5929602384567261
2195 -1.601518154144287 -0.07613126933574677
2036 -0.5603311657905579 1.5752086639404297
1564 1.1330633163452148 1.040927529335022
2083 1.397143840789795 0.6429519057273865
1489 1.2239365577697754 -0.8905421495437622
2453 0.14394111931324005 0.476936936378479
1878 -0.16805045306682587 -0.31225690245628357
1755 0.936644971370697 2.1096136569976807
1830 0.6233857870101929 1.0638196468353271
2106 -0.6347092390060425 1.4304704666137695
696 0.17397212982177734 0.3443271517753601
2211 -0.16604870557785034 0.6760383248329163
1516 1.3159221410751343 0.2613660395145416
2057 0.6701933145523071 0.4864569902420044
1524 -0.6531630158424377 0.3089156448841095
1847 0.11684192717075348 0.29719334840774536
1539 1.2726517915725708 0.7903321385383606
2006 -0.7425370812416077 -1.0220903158187866
2489 1.082229495048523 -0.06545921415090561
420 -0.033515024930238724 0.8078886866569519
542 0.7263878583908081 -0.7497763633728027
1436 0.8318459987640381 -1.0970333814620972
757 -0.28568345308303833 -1.1949081420898438
1909 0.4967406094074249 0.538504421710968
2051 0.013888362795114517 0.8072445392608643
24 -1.1403828859329224 -0.013786272145807743
1793 0.8253117203712463 -0.38424280285835266
2280 0.5686807632446289 0.227680966258049
1822 0.4898924231529236 1.128202199935913
2368 0.5004828572273254 0.5818443298339844
379 0.02412424609065056 1.4355069398880005
1551 -0.23233741521835327 1.2417603731155396
1814 -0.23866359889507294 1.231389045715332
543 -0.2474796324968338 -0.4758080542087555
1915 1.1561124324798584 1.091082215309143
1533 0.44028404355049133 0.0785716325044632
327 0.025882547721266747 0.11579849570989609
1889 0.9747702479362488 1.349616289138794
1906 -0.8746615648269653 1.0679161548614502
1872 -1.0072849988937378 -0.8421066403388977
1875 0.032923247665166855 0.41049233078956604
2501 1.0147054195404053 0.9433942437171936
411 0.7730359435081482 -0.43391716480255127
378 -1.666246771812439 0.1842448115348816
2419 1.4347325563430786 1.6640907526016235
419 0.14935986697673798 0.3957231640815735
1997 0.242034912109375 0.30657875537872314
1787 -1.588640809059143 0.9289367198944092
1979 -0.019858550280332565 0.12680533528327942
2336 -0.48801738023757935 0.1094084084033966
2228 0.12027297168970108 0.3151962459087372
2284 0.3837970197200775 -0.4343346655368805
2403 -1.4362889528274536 -0.46493807435035706
1989 1.853547215461731 0.6676399111747742
2183 -0.2648734450340271 1.1712144613265991
2288 -0.4510842263698578 2.1781578063964844
137 1.7354280948638916 1.2008249759674072
55 0.450869083404541 2.2424962520599365
1991 0.5263009071350098 -0.4663909077644348
2235 0.4130428731441498 2.26459002494812
1474 1.705293893814087 1.2462624311447144
549 0.5504154562950134 0.6440989971160889
2173 0.49810367822647095 0.5206002593040466
1685 0.8340718150138855 0.09316341578960419
1727 0.5025419592857361 0.16540677845478058
441 0.25783994793891907 0.31910207867622375
2455 -1.1993142366409302 -0.7210203409194946
2548 1.0411691665649414 -0.3833827078342438
2184 -0.7179428935050964 -1.036888599395752
2247 -1.2241567373275757 0.16064457595348358
1934 -1.2182273864746094 0.05753335729241371
1850 1.8354456424713135 0.5590046644210815
1985 -0.5565945506095886 0.7045233249664307
1548 -0.8259933590888977 1.9018728733062744
1936 -0.5380905270576477 0.8220955729484558
1802 -0.8089356422424316 1.0556013584136963
1459 0.3661101162433624 -0.4350576400756836
388 1.8433758020401 0.7612268924713135
2352 0.041093796491622925 0.42588019371032715
1884 0.6686347723007202 1.685836911201477
1637 1.7167683839797974 -0.19865229725837708
1502 0.031199786812067032 0.8961869478225708
98 1.746504783630371 1.1795575618743896
27 0.28896772861480713 0.30248144268989563
42 0.4858090281486511 1.2219383716583252
1480 0.37009796500205994 -0.05831766873598099
1529 0.03845115378499031 0.08714219927787781
1476 1.4829456806182861 -0.49739331007003784
1922 -1.5861859321594238 0.9462341666221619
1857 -0.10452110320329666 0.6338133811950684
15 -1.3149139881134033 -0.6075139045715332
1897 1.83721125125885 0.9587398767471313
1470 0.08664987981319427 0.7128430604934692
1972 -0.018579481169581413 0.12652288377285004
2497 -0.7175878286361694 -1.043516993522644
2240 -0.5687369108200073 1.5816869735717773
1990 -1.6083168983459473 0.5187298059463501
1942 0.17119625210762024 0.3549458086490631
2192 -1.0599243640899658 0.6734088659286499
535 0.4887200891971588 -0.49681687355041504
2045 0.509014368057251 -0.7899338603019714
1632 0.4803091883659363 -0.49537286162376404
678 0.17781084775924683 0.8850674629211426
545 -0.21668267250061035 1.2364742755889893
2359 0.42699772119522095 0.8532551527023315
1907 0.41591042280197144 0.8507135510444641
1584 -0.9536957144737244 -0.8712192177772522
2498 -0.17471730709075928 -0.3173283338546753
79 -0.5025898814201355 0.9040433168411255
651 0.33961591124534607 -1.2268791198730469
2370 -0.01432766392827034 0.12479111552238464
1485 -0.10708644241094589 0.6146159172058105
703 -0.6038979887962341 -1.033403754234314
1594 -0.710650622844696 2.0981719493865967
2499 -0.24015416204929352 1.230399489402771
331 0.13204337656497955 0.937954306602478
2446 -0.8123243451118469 0.8933119177818298
688 -0.3595838248729706 0.5473077297210693
1611 1.2047512531280518 1.894980549812317
1746 0.5058793425559998 0.5858089327812195
322 -1.4611036777496338 1.1499911546707153
1898 0.49147602915763855 1.1357876062393188
2472 0.3709479570388794 1.1607874631881714
718 -1.5364069938659668 1.138507604598999
539 1.3999671936035156 1.701393485069275
2165 -0.2473011314868927 1.2293058633804321
1870 -0.6346898078918457 -1.0381957292556763
20 -0.5603564977645874 1.5751835107803345
2335 0.2642785310745239 0.09793324023485184
1537 -0.6324051022529602 1.468666434288025
2153 1.2672526836395264 -0.014975311234593391
1812 -0.5545498728752136 0.7313058972358704
650 0.4650280475616455 1.1690385341644287
2164 0.5259392857551575 -1.1405084133148193
677 0.49914175271987915 0.5531623959541321
2223 -0.919413685798645 -0.8841485977172852
70 -0.9277052283287048 -0.3750014007091522
732 1.0307451486587524 0.9203305840492249
676 -1.2195795774459839 0.06765890121459961
1892 0.38977867364883423 1.6159037351608276
689 -1.3030197620391846 1.5123710632324219
307 -0.9914045929908752 1.8367606401443481
694 -0.3809841275215149 2.2123219966888428
1607 -1.2230778932571411 0.06929352879524231
2402 -0.20107464492321014 1.1703033447265625
393 1.133655309677124 1.0712088346481323
2385 -0.0963950902223587 0.8062146902084351
2502 -0.335593044757843 -0.3432225286960602
2026 -0.4511222839355469 2.1781363487243652
2299 -1.342458724975586 1.4779680967330933
415 -0.8172338604927063 1.041732907295227
2424 1.1245993375778198 2.0007967948913574
2358 -0.08297127485275269 0.41342633962631226
746 1.2682247161865234 -0.01497732661664486
1808 0.45502549409866333 0.0050981249660253525
2002 0.04581816866993904 -1.2137371301651
711 1.3089299201965332 1.81551194190979
1650 0.311180979013443 0.11366777122020721
2193 -0.017263613641262054 -0.846007764339447
367 -0.6514439582824707 -0.23425371944904327
2408 1.5957942008972168 1.436455488204956
58 -0.2323407679796219 1.2417609691619873
2091 -0.21498553454875946 2.2043092250823975
1953 1.1315536499023438 1.0851175785064697
2564 1.237282395362854 -0.8809375762939453
438 -0.8633772730827332 -0.41325321793556213
2309 0.17272768914699554 0.46666350960731506
2313 -0.6640979051589966 0.3254219889640808
2180 -0.3624809980392456 0.5451681613922119
1962 -1.1461890935897827 1.7376478910446167
2208 0.18485379219055176 0.4272950291633606
18 0.1370519995689392 0.46644437313079834
2461 0.3433420658111572 -0.4462709426879883
1481 -1.2167847156524658 0.07002370059490204
8 -0.3245384693145752 -1.190004587173462
2056 -0.3492802679538727 2.223705291748047
1471 -0.634709358215332 1.4304702281951904
91 -0.19888517260551453 0.49324482679367065
2382 0.13188807666301727 0.31170520186424255
118 -0.5531116724014282 0.7632424831390381
2372 -0.10725157707929611 -0.7564404606819153
702 0.03339611366391182 0.08950664848089218
1779 -0.008156431838870049 0.12213888764381409
2077 0.9435857534408569 0.2702064514160156
552 -0.31702613830566406 -1.1887102127075195
2590 0.1946002095937729 -0.4415697455406189
1864 0.4535212516784668 0.8554048538208008
546 -0.49615204334259033 0.14658457040786743
2073 -0.03638583794236183 0.13976213335990906
1965 1.8417402505874634 0.7715924382209778
2009 -1.448166012763977 1.152910828590393
1473 -0.45984184741973877 0.1318221241235733
2511 0.2476639300584793 -0.9216164946556091
1543 0.4770447313785553 -1.2362167835235596
714 0.23479823768138885 -0.4570114016532898
705 1.2806377410888672 0.13418839871883392
127 1.460562825202942 0.3956562280654907
52 -0.6490592360496521 1.4652000665664673
1571 -0.005941403564065695 1.4257546663284302
2016 0.5570984482765198 0.63847815990448
2341 0.4837028682231903 1.168116807937622
2337 -0.06607982516288757 2.19181752204895
2426 -0.3887315094470978 1.1808966398239136
1823 -0.6613657474517822 0.3294016420841217
2138 0.4466049373149872 0.017718691378831863
2539 0.10821668058633804 0.32109251618385315
2308 -1.1420139074325562 -0.28689509630203247
1626 1.4208688735961914 1.2261725664138794
50 1.7357594966888428 1.2290453910827637
1887 -0.08507763594388962 -0.3966558575630188
14 1.2914235591888428 0.7193323373794556
2245 -0.34908488392829895 1.1735363006591797
481 0.04965446889400482 -1.2213672399520874
2059 1.1729823350906372 0.9451274275779724
88 0.49687156081199646 1.188027262687683
2150 -1.6047477722167969 -0.04450185224413872
1758 -0.21300607919692993 1.2386665344238281
359 -1.1663403511047363 1.6870994567871094
2417 0.49798300862312317 0.5490074157714844
1448 -1.2924284934997559 1.521369218826294
2040 -1.0747042894363403 0.6404651999473572
1754 0.3899441361427307 1.5871180295944214
2296 0.062330398708581924 -1.2250031232833862
36 0.7166308164596558 0.5273812413215637
1805 -0.1521494835615158 1.792524814605713
1451 -1.5529887676239014 1.0850046873092651
1952 1.805370807647705 0.522192656993866
433 0.5531870722770691 1.0471254587173462
22 -1.6186408996582031 -0.030216054990887642
386 -0.020325344055891037 0.12988844513893127
2229 1.854143738746643 0.6681336164474487
1477 0.5244658589363098 0.0671280026435852
2166 1.2136551141738892 -0.8978025913238525
391 1.3073804378509521 0.6799930334091187
1967 -0.618987500667572 0.1878265142440796
536 0.5903436541557312 -1.1074663400650024
1532 0.4466158151626587 0.01771669276058674
324 0.47943589091300964 -0.49256008863449097
2344 0.017739038914442062 0.9013679623603821
1526 0.17228029668331146 0.35461947321891785
406 0.38559746742248535 -0.43296846747398376
2348 -0.3758021295070648 -0.37239256501197815
2289 -0.008512139320373535 0.6694878339767456
1961 -1.550879955291748 1.0842007398605347
1712 -1.5884872674942017 0.9301419258117676
2389 0.5771062970161438 1.910420536994934
2506 -0.13275933265686035 0.6107361316680908
2277 0.1285211592912674 0.4795079231262207
557 -0.48194560408592224 0.09969253093004227
1490 0.024620162323117256 1.4226346015930176
82 -1.6192424297332764 0.528817355632782
2427 1.3054754734039307 0.6836802959442139
1622 -0.5999510288238525 -0.2841305732727051
1904 0.8231511116027832 -1.0470057725906372
1729 0.2112896889448166 1.8407230377197266
382 -1.130953073501587 -0.3044910430908203
123 -0.22307105362415314 2.201585292816162
2420 -0.8063673377037048 1.0425816774368286
652 0.5557603240013123 0.21557648479938507
2480 0.9520339369773865 1.5313949584960938
402 -0.7836613655090332 2.0033342838287354
16 -0.6437110900878906 0.29403477907180786
547 -0.24305151402950287 1.1920737028121948
1581 0.05835511162877083 0.10684157907962799
2163 1.496515154838562 -0.08613186329603195
117 1.1332331895828247 -0.4576278328895569
1957 -0.23427744209766388 1.2412678003311157
2302 -0.229009211063385 1.2330341339111328
2181 0.504367470741272 0.573816180229187
1527 0.07259087264537811 -1.2235829830169678
2261 0.47939610481262207 0.8630939722061157
716 -0.04438626021146774 0.13866662979125977
1851 1.5319329500198364 -0.43835359811782837
2505 0.8048264384269714 0.9450716972351074
1542 0.4703144431114197 -1.2278441190719604
2452 -1.0265655517578125 1.8410266637802124
1482 1.046913743019104 0.9069856405258179
2085 -0.660479724407196 0.314797967672348
1825 -1.004647970199585 0.7068789005279541
558 -0.1150021031498909 -0.7084793448448181
1453 -0.38857659697532654 -0.36131715774536133
685 0.2532358467578888 -0.9369942545890808
65 0.08664964884519577 0.7128435969352722
2388 -1.3015328645706177 1.3648875951766968
134 0.0721646398305893 1.4446167945861816
2171 -0.3468518853187561 -0.34307998418807983
428 0.9580957293510437 1.5151283740997314
1831 -1.0189579725265503 -0.8361729383468628
1512 0.23235611617565155 1.083648920059204
731 -1.3349968194961548 -0.5876369476318359
1460 0.03790226951241493 2.1830947399139404
47 -0.08228035271167755 2.181122303009033
1657 0.568425714969635 0.69258052110672
2295 -0.638158917427063 1.425179123878479
2471 0.0805317834019661 1.4442180395126343
140 -0.7986621856689453 0.8537571430206299
2454 -0.3626737892627716 0.5523397326469421
1976 0.4001622200012207 2.2672133445739746
1905 0.027441689744591713 0.9198048710823059
2362 -0.5997393131256104 0.1712949573993683
2207 0.6875419616699219 1.0073176622390747
1969 -0.28979960083961487 1.7376749515533447
1719 0.5306253433227539 0.30467358231544495
1576 0.014525176957249641 0.1162785142660141
1765 0.22300995886325836 -1.2824770212173462
1604 0.2633763253688812 -0.9562832713127136
2282 0.4112848937511444 2.2649028301239014
1523 0.8273109793663025 -1.0675305128097534
1644 1.5941554307937622 -0.43937742710113525
2347 0.43265455961227417 1.43882417678833
409 -0.14951595664024353 0.6791249513626099
1836 1.0508196353912354 -0.15387094020843506
2300 1.4401661157608032 1.2255452871322632
2015 0.05455365777015686 0.9291182160377502
2137 1.4330675601959229 1.668603777885437
2004 -0.545042097568512 0.7416405081748962
2250 0.4967406392097473 0.5385041832923889
384 0.9130498766899109 0.400062620639801
1919 -0.2195945382118225 1.2574113607406616
407 -0.4881289303302765 0.1045486256480217
299 0.4982416331768036 0.5391122102737427
1844 0.4270000457763672 0.8532583713531494
679 0.031809743493795395 0.09274055063724518
2204 -0.3460903763771057 -0.9805877804756165
93 -0.11827175319194794 0.6098101735115051
548 0.6004223227500916 1.5475488901138306
2221 0.45703598856925964 0.8620712161064148
46 0.04297243431210518 0.41292375326156616
2418 -1.3441489934921265 1.408332347869873
1654 0.1084703877568245 0.7004570960998535
476 -0.13290046155452728 0.6881561875343323
111 0.5530852675437927 0.2278679758310318
2412 0.09246750921010971 1.4437692165374756
1642 -0.48738008737564087 0.10521184653043747
26 -0.10908051580190659 0.6147665977478027
2253 -0.21200843155384064 2.202425479888916
2197 -0.45733821392059326 -0.04661768674850464
1908 0.849956750869751 0.1416594535112381
693 -0.11247194558382034 -1.1758053302764893
2072 -1.3356330394744873 -0.5868023633956909
2244 0.3282739818096161 1.1559096574783325
1940 -0.03287798911333084 0.13681164383888245
1858 -0.3613336384296417 0.10541240125894547
2301 1.5105268955230713 0.8187988996505737
1966 1.6322605609893799 1.3780055046081543
2272 0.02377050183713436 0.9147689938545227
1951 -0.8096891641616821 1.0252174139022827
2070 1.7139561176300049 -0.21044878661632538
2157 -0.7096385359764099 2.098968744277954
1859 0.052163295447826385 0.698918879032135
1860 -1.6220730543136597 -0.018558399751782417
1544 0.5708290934562683 -1.1602147817611694
1984 -0.4078455865383148 -0.3634006381034851
2312 0.12065946310758591 0.31205421686172485
2097 0.496442586183548 0.56560218334198
710 -0.07967698574066162 0.6176257133483887
1545 0.5027575492858887 0.5825029611587524
2149 1.0419461727142334 0.893272876739502
2318 1.2718629837036133 -0.8562510013580322
303 -0.14784646034240723 0.6808201670646667
2049 0.049468912184238434 0.9118101596832275
9 0.8199768662452698 -1.0133006572723389
2206 -0.3723185956478119 0.07795950770378113
2194 -0.09457603096961975 2.200679302215576
2190 0.9271818399429321 0.6617748737335205
2393 1.3920575380325317 1.714851975440979
154 1.486602783203125 1.2231003046035767
2196 0.031675662845373154 2.174816131591797
2155 0.9659261107444763 1.4824947118759155
1561 -1.6477100849151611 0.06701727211475372
76 0.6894491314888 -1.147995114326477
1959 1.836053490638733 0.5809555649757385
2373 1.4057799577713013 0.560348629951477
2533 -0.5668109059333801 0.7170249819755554
104 -0.05231902003288269 -0.513584554195404
2526 -0.29945456981658936 -1.1906267404556274
1649 -1.0839147567749023 1.7899141311645508
2322 0.3895581066608429 1.6159558296203613
135 0.9530454874038696 1.5244579315185547
1569 1.5054850578308105 -0.32901865243911743
108 -1.0567600727081299 0.6761302947998047
1977 -0.04830628260970116 0.6539331078529358
2394 -1.356982707977295 -0.5647208094596863
2274 0.8879914283752441 -0.4358521103858948
2538 0.0987350270152092 0.6978914737701416
1562 -0.2289550006389618 1.2429958581924438
1464 -1.068088173866272 1.7945573329925537
315 0.20599445700645447 -0.4583617150783539
1955 0.04055938497185707 0.9188627600669861
745 1.5119513273239136 -0.42325112223625183
697 0.4967053532600403 2.237351417541504
2481 0.010751734487712383 1.4351168870925903
2330 0.6564642190933228 -0.4715366065502167
2269 -1.3497369289398193 -0.5693864822387695
2379 -1.45008385181427 -0.4427177906036377
2537 -0.3855569362640381 -0.36816126108169556
532 -0.3447788953781128 2.223581552505493
2581 -0.8478079438209534 1.0882717370986938
1935 0.14239895343780518 0.07718387246131897
1710 -0.3225672245025635 0.5657432079315186
145 1.3888946771621704 -0.7057645916938782
2482 0.030949842184782028 0.953009843826294
363 0.9342586398124695 0.5694526433944702
2142 -0.5626235604286194 0.7081753611564636
2339 -0.5965827703475952 0.17471645772457123
25 0.5249835252761841 -1.1628262996673584
423 -0.10728491097688675 -1.1702537536621094
2046 0.9471544623374939 0.4564968943595886
1974 0.5608544945716858 0.6883106827735901
551 0.9295659065246582 0.6461259722709656
1565 -0.5054540038108826 0.1423717737197876
309 1.4052371978759766 -0.410535991191864
2285 -1.007114291191101 -0.8368128538131714
712 0.16727715730667114 0.6552567481994629
1557 -0.49295201897621155 0.0962366983294487
1973 -0.2079787254333496 1.2345885038375854
2436 0.12168215960264206 -0.4720301628112793
2438 0.7162695527076721 -0.7844430208206177
2464 -0.4141664505004883 0.113690584897995
392 1.0682199001312256 -0.9916158318519592
1509 0.11987382173538208 0.3129040002822876
1686 1.0555654764175415 -0.1349932700395584
2001 -0.7093888521194458 -0.20377136766910553
2110 -0.3390265107154846 -0.339750200510025
426 0.10438986867666245 -1.215385913848877
33 -1.4378225803375244 1.1657848358154297
1873 -0.14488641917705536 0.6842275261878967
2098 -1.1339316368103027 -0.7784898281097412
2512 -0.11069633066654205 0.6107214689254761
722 1.8602409362792969 0.910704493522644
54 -0.350574254989624 0.5606705546379089
1891 1.0307745933532715 0.9202403426170349
107 0.5626249313354492 1.0311131477355957
2182 -1.6206084489822388 0.5227879285812378
437 0.06685227900743484 0.6997149586677551
1743 0.533535361289978 0.2840974032878876
2082 0.5001167058944702 0.5549402832984924
2490 0.452825129032135 1.3795170783996582
1868 0.2587244510650635 1.093479871749878
106 0.176127091050148 0.3456127345561981
418 0.5950571894645691 0.4752672016620636
37 -0.485403448343277 0.17557114362716675
274 1.7704861164093018 -0.04288065433502197
2346 -1.6186034679412842 0.8189029097557068
554 1.1576881408691406 1.928875207901001
2416 -0.8102415204048157 1.0179615020751953
430 0.05320598930120468 0.9146990180015564
403 0.48368579149246216 1.168143391609192
1521 0.029911812394857407 0.11668916791677475
301 -0.18429191410541534 0.5884947776794434
1819 0.5459962487220764 0.24262483417987823
311 0.02438063733279705 0.10785850137472153
1575 -0.7096737623214722 -1.0394612550735474
1625 -0.24475835263729095 2.217961072921753
2141 -0.037587471306324005 1.8187059164047241
2136 1.3891905546188354 0.5527160167694092
413 0.19485846161842346 -0.4393773376941681
1443 -1.0914252996444702 -0.788385272026062
397 -0.8153824806213379 1.026519536972046
648 0.4902215301990509 0.135452538728714
2174 0.8959977030754089 0.1694263517856598
1517 0.9242549538612366 0.20124980807304382
1595 -1.645725965499878 0.6913899779319763
2055 1.4307892322540283 1.66724693775177
1956 -0.35507193207740784 2.2182388305664062
2260 -1.618760108947754 0.5480290055274963
721 0.16829900443553925 -0.4666258990764618
39 0.027602603659033775 0.10266447067260742
2176 0.4231182336807251 0.02800234593451023
1566 -1.557078242301941 1.0682448148727417
2012 0.919614315032959 0.5830316543579102
2011 -0.5992886424064636 0.16878148913383484
2307 1.1830477714538574 -0.9009596109390259
2411 -0.5540612936019897 0.7226823568344116
2496 0.17083340883255005 0.45617493987083435
1923 0.15636643767356873 0.7802452445030212
2488 0.06306833773851395 -1.225129246711731
2462 1.736669659614563 1.1978970766067505
553 0.9320996403694153 0.6453741788864136
84 0.9668030738830566 2.0942156314849854
759 1.0377674102783203 0.914968729019165
2323 0.5093110203742981 -0.1805049031972885
2170 -1.433288812637329 1.163840889930725
2495 0.21491599082946777 1.0887771844863892
2219 -0.6612836122512817 0.32506224513053894
2069 -0.07653689384460449 2.1758978366851807
100 -0.2856881022453308 1.1692416667938232
734 0.9391276240348816 0.21331024169921875
556 1.2839686870574951 -0.849423348903656
296 0.5422201156616211 0.7665282487869263
2135 -0.6611433625221252 0.39045581221580505
1950 -0.8605072498321533 1.0620081424713135
1914 -0.2035524845123291 -0.2720666825771332
1807 -1.6065171957015991 0.5197476744651794
2365 -0.15343239903450012 0.6842895150184631
666 -0.4929524064064026 0.09623745828866959
2143 -0.22340601682662964 1.242148518562317
2369 -1.2164279222488403 -0.7114732265472412
1508 0.03959142044186592 0.918207585811615
1927 -0.30109649896621704 -0.4622480273246765
329 -1.2525687217712402 1.592529058456421
2560 -1.5264573097229004 0.5659561157226562
68 -0.1107049435377121 0.6106628179550171
2188 0.29403379559516907 0.09402018040418625
1639 -0.024647008627653122 0.12891530990600586
400 -0.03345511481165886 0.13622364401817322
385 -1.0622498989105225 -0.31554001569747925
2349 -0.44409212470054626 2.1818559169769287
2140 0.5310826301574707 -0.09790939837694168
2467 -0.7049442529678345 2.100029468536377
387 -0.015393685549497604 0.1268690526485443
1713 0.09978796541690826 0.511650800704956
2145 0.9691892862319946 1.4680002927780151
130 0.2374192476272583 0.7820829153060913
729 -0.8998404145240784 -0.8865321278572083
2485 -0.5560062527656555 0.737872302532196
30 0.5480478405952454 0.9191904067993164
2396 -0.20072457194328308 0.8455691933631897
629 1.284928798675537 0.14133714139461517
1628 0.6609365940093994 0.46929678320884705
2246 -0.7097986340522766 2.0988080501556396
2217 -0.4989176392555237 0.12191255390644073
147 1.3194626569747925 0.2699236571788788
2493 -0.20946238934993744 1.2406110763549805
280 0.4956398904323578 0.5591686367988586
2545 0.2112608253955841 -0.4502471089363098
1535 -0.6534733772277832 0.4116959869861603
2440 0.590194582939148 -0.16925756633281708
2187 -1.575348138809204 0.9803915023803711
2510 1.4149134159088135 1.1681349277496338
533 0.17397341132164001 0.3443269729614258
1899 -1.1741437911987305 0.20893257856369019
1816 0.8290836811065674 -1.0594390630722046
2445 0.29188859462738037 0.841904878616333
2256 0.024225883185863495 0.9090023636817932
2025 0.17239393293857574 -0.4590887725353241
1901 -0.27469348907470703 1.1458269357681274
1520 -0.14475850760936737 0.5999435782432556
86 -0.34022364020347595 1.1667273044586182
1522 -0.018419908359646797 0.12027202546596527
1534 -0.11602931469678879 1.8093899488449097
2528 -0.33963608741760254 0.5495649576187134
2522 -1.3592036962509155 1.4622331857681274
2407 -0.3000893294811249 -1.1887397766113281
1697 0.07555609941482544 0.7047787308692932
1714 0.9163678288459778 0.5778937935829163
2291 0.05844605714082718 0.10722826421260834
756 -0.6240004301071167 1.502956509590149
335 0.010997945442795753 0.11837965995073318
1577 0.21991215646266937 0.364452600479126
2576 1.0186805725097656 1.39601469039917
73 0.3687191903591156 -0.06440985202789307
1968 -0.6621031165122986 0.327388733625412
78 -0.2555762231349945 1.2128148078918457
1948 0.9219875931739807 2.1178901195526123
326 -0.46713852882385254 0.14545129239559174
585 0.5327704548835754 1.876383662223816
2552 1.418775200843811 -0.4156685173511505
1538 -0.34906503558158875 2.21988844871521
43 -0.2034475952386856 1.7503801584243774
2459 -0.5549718737602234 1.5840760469436646
41 0.028748709708452225 -0.4727461040019989
2093 1.555415391921997 1.2303640842437744
1880 -0.232122004032135 2.2070369720458984
116 0.4385572075843811 0.02120393142104149
2267 0.15951931476593018 1.4848343133926392
1700 0.05078453570604324 0.42223745584487915
2535 0.8230360746383667 1.6797270774841309
144 0.036903660744428635 -1.2223438024520874
2279 0.06988352537155151 0.7027119994163513
655 -0.09731433540582657 0.5984202027320862
1970 0.1474335640668869 0.3870120644569397
2431 -0.14487004280090332 0.6842392683029175
1495 -0.6855252981185913 0.3126303255558014
2357 0.9426559805870056 0.5927573442459106
2477 0.453809529542923 0.855427622795105
139 0.9147718548774719 0.5959670543670654
1570 -1.5193339586257935 -0.3125739097595215
300 -0.11214157938957214 0.6138896346092224
1692 0.5330178737640381 -0.17522859573364258
2532 0.18585313856601715 0.42615771293640137
654 0.04105989634990692 0.9295604228973389
132 -0.34049752354621887 0.10273683816194534
2374 -0.10797955095767975 0.6158799529075623
266 0.7765377163887024 -0.412069708108902
90 0.9508231282234192 1.5001182556152344
667 0.0524381622672081 1.4439687728881836
1616 -0.7990977168083191 -0.4175449013710022
559 -0.11598183959722519 1.809434413909912
2433 0.352338969707489 1.7707831859588623
370 0.5812335014343262 0.4661144018173218
57 1.856848955154419 0.7620464563369751
2167 -1.5911766290664673 0.9233657121658325
285 -1.0535913705825806 0.6811192631721497
1652 -0.22788220643997192 0.84596848487854
2399 -0.1979544311761856 -1.213123083114624
103 0.1604345738887787 0.7587871551513672
357 -0.2288496345281601 1.2514671087265015
2076 0.38016822934150696 -0.43665432929992676
1885 -0.4898625314235687 0.10406578332185745
630 -0.5549654960632324 1.584078073501587
1975 0.504462480545044 -0.7783296704292297
2215 0.5279238224029541 -0.10742484778165817
1421 1.3777529001235962 1.1369891166687012
1478 -0.3515106439590454 -0.9396802186965942
2588 -0.19346462190151215 0.596734881401062
83 -0.05499792471528053 0.25691837072372437
142 0.4473841190338135 2.2505855560302734
1931 -0.5965850949287415 0.17471548914909363
687 0.37117061018943787 1.578069806098938
125 -1.3332264423370361 -0.5897847414016724
2378 -1.3658143281936646 1.4546663761138916
2061 1.7833538055419922 0.01773359254002571
2380 -0.0574846975505352 -0.41734781861305237
2425 0.4202421307563782 1.7488795518875122
2287 -1.0772626399993896 -0.32646051049232483
1633 -0.7934096455574036 -0.41797515749931335
2268 -1.056706190109253 0.6730878949165344
1756 -1.3393075466156006 1.384536862373352
2005 0.9058452844619751 -0.37627172470092773
1541 1.2415900230407715 1.8537801504135132
1648 1.0235397815704346 0.9332858920097351
2276 -0.40222033858299255 -0.36382153630256653
1635 0.8556401133537292 0.1297110915184021
773 0.8558141589164734 -0.3307323753833771
434 -0.28116869926452637 0.10124721378087997
2410 -1.6485775709152222 0.6027841567993164
77 0.842016875743866 2.1763172149658203
2343 -0.34788018465042114 0.5601246356964111
374 -0.08331073820590973 0.6290597915649414
410 0.9152625799179077 1.5585275888442993
1913 1.2890816926956177 0.15476299822330475
2377 -0.09971316158771515 0.6181329488754272
747 0.0758991539478302 1.4436700344085693
1699 1.8403785228729248 0.7867541909217834
569 1.3923959732055664 1.710370659828186
2523 0.5274858474731445 0.11386724561452866
2439 -0.009510211646556854 1.4206695556640625
628 -0.283878892660141 2.240720748901367
401 0.03332152217626572 0.09060279279947281
2048 1.300560712814331 0.7091813087463379
358 -0.14566850662231445 0.678588330745697
314 -0.15701916813850403 0.681518018245697
1656 0.060454387217760086 -0.8796377182006836
637 -0.8150939345359802 1.0044963359832764
53 -0.18472692370414734 0.6640833616256714
645 -0.6687209606170654 -1.0461705923080444
2225 0.9395081996917725 2.107943296432495
2175 0.4798119068145752 1.2286397218704224
146 0.6372721791267395 2.253159523010254
2434 0.7142517566680908 0.9658072590827942
72 0.04979196935892105 -1.2214006185531616
124 -1.588487148284912 0.9301433563232422
2071 -1.2097476720809937 0.10052531212568283
2294 0.04552289843559265 0.41837000846862793
161 -0.3710494935512543 -0.18011316657066345
48 -0.14948375523090363 0.6785746812820435
544 -1.6333167552947998 0.5692952871322632
2013 0.15973253548145294 0.3706775903701782
2224 0.0005373531021177769 0.093147411942482
121 1.7681491374969482 -0.04733734950423241
2540 -0.20997601747512817 1.2345656156539917
427 0.5322531461715698 -0.09767141193151474
2238 -0.2805347144603729 0.8035042881965637
1568 0.764761745929718 -0.0008156739640980959
1651 0.4730660319328308 1.2184081077575684
2400 0.5190964341163635 0.12358012050390244
2345 0.12013796716928482 -0.47290995717048645
399 -0.8586551547050476 -0.9695031642913818
2670 -0.8881897330284119 1.832399606704712
1563 -1.1763993501663208 0.08803942799568176
715 0.21591445803642273 2.24979829788208
730 -0.5873350501060486 0.18291369080543518
2326 -0.8014693260192871 0.8560342788696289
71 0.6002129316329956 1.811629295349121
681 -0.9186722636222839 -0.8838459849357605
96 1.4961926937103271 -0.45944148302078247
509 -0.39209288358688354 -0.3539023995399475
1690 0.8363134860992432 -1.1016875505447388
138 0.40730708837509155 1.6486684083938599
1688 -1.1328963041305542 -0.22847993671894073
1631 0.55083167552948 0.23724734783172607
2494 0.4801936447620392 -0.4936341643333435
683 -0.30236294865608215 -0.97220379114151
2557 1.7707383632659912 0.09602345526218414
633 1.2813440561294556 0.12306661903858185
2007 0.4585770070552826 2.2519044876098633
2189 0.569166898727417 0.5014477372169495
2536 1.2686748504638672 -0.8632197976112366
1945 0.11922533810138702 -1.26596999168396
2054 1.2730134725570679 0.11446373909711838
105 0.04187598079442978 0.4351983964443207
284 -0.710334062576294 -0.19967295229434967
362 -0.5356077551841736 0.7372205853462219
361 0.20394392311573029 1.0828301906585693
2561 0.1609601527452469 0.6302537322044373
1634 0.039619896560907364 1.4273186922073364
1837 0.15852482616901398 0.7794033288955688
156 0.20723488926887512 1.079140067100525
2397 0.40163394808769226 2.2669684886932373
2442 -0.11140937358140945 0.6145592927932739
1999 -0.03754996135830879 1.8187286853790283
1397 -0.3958415985107422 -0.3710382878780365
2109 -0.21179743111133575 1.238468885421753
2147 -1.1471821069717407 1.6905618906021118
1624 -1.4145946502685547 1.1463065147399902
1782 -0.7095232009887695 -0.20375844836235046
474 1.5014152526855469 -0.5085459351539612
336 -1.1809557676315308 0.09069669991731644
2101 0.4857413172721863 1.1380484104156494
2582 -0.05691377818584442 0.25706806778907776
623 -0.38165315985679626 -0.37082985043525696
2816 -0.5555750131607056 0.7023786902427673
2583 0.47443291544914246 1.2141469717025757
2698 0.16019873321056366 0.7661888599395752
75 -0.5546894073486328 1.5830477476119995
2090 0.22301751375198364 0.3485488295555115
2566 0.9655395746231079 0.9679743051528931
2508 0.30742406845092773 -0.8688420057296753
341 0.0495876669883728 0.41695213317871094
1921 1.2199782133102417 0.8002834916114807
2019 -0.594287633895874 0.6620093584060669
1689 0.34798070788383484 1.5908820629119873
414 0.29739075899124146 1.798291563987732
1706 -0.46151572465896606 -0.15532763302326202
337 -1.6602798700332642 0.13442225754261017
1525 1.4068217277526855 1.6953725814819336
1715 0.18248562514781952 -0.43001776933670044
1530 0.9529138803482056 1.5245513916015625
422 0.24672576785087585 0.2929387092590332
133 -1.0943799018859863 -0.7899855971336365
2598 -0.5273982286453247 0.1289069503545761
1636 -1.0067083835601807 0.7035900950431824
7 1.1864625215530396 -0.8997815847396851
2518 -0.6531491875648499 1.4552221298217773
51 0.056550975888967514 -1.2311890125274658
1768 0.0002290564589202404 0.12224864214658737
570 -1.6476551294326782 0.06785827875137329
2092 1.184732437133789 -0.9005355834960938
2148 0.08885062485933304 1.444659948348999
2266 0.8558142781257629 -0.330731600522995
1528 -1.6176185607910156 0.5502061247825623
2555 -0.6097813248634338 0.17334072291851044
2520 -1.004158616065979 0.7055489420890808
61 1.7848622798919678 0.21301601827144623
2531 -0.8900547027587891 1.836229920387268
353 0.508795976638794 0.15081267058849335
405 1.0720916986465454 2.0283710956573486
2304 -0.09765426069498062 0.782172441482544
2133 0.049933601170778275 0.9117498397827148
1704 1.7818405628204346 0.013308342546224594
2120 1.450681447982788 -0.6311556696891785
1876 -0.546456515789032 0.7564347982406616
686 -0.0906139463186264 2.190976619720459
157 1.8528915643692017 0.7135007977485657
2421 0.07903625816106796 1.4414600133895874
477 -0.5356147289276123 0.7372117638587952
1709 0.22251614928245544 -0.4388215243816376
349 0.04434080049395561 0.4278898239135742
1518 -0.6201428174972534 1.5053948163986206
271 0.44267311692237854 0.8564795255661011
67 0.3872372806072235 1.5122897624969482
2516 0.5007910132408142 0.5692287683486938
292 0.8422993421554565 -1.0196202993392944
743 -0.6736721992492676 0.3930552005767822
1661 -1.585017204284668 0.9455749988555908
1757 -1.2098205089569092 0.09733415395021439
23 0.526878297328949 0.6166353821754456
2441 0.28456148505210876 -0.8464184403419495
2768 -0.228134423494339 -0.2956900894641876
2126 0.9261186718940735 0.5201093554496765
416 -0.5578696727752686 0.7012451887130737
2602 -0.5964558124542236 0.1750376969575882
631 -0.33776330947875977 -0.3520811200141907
478 0.03787604719400406 1.4251635074615479
2519 1.0662741661071777 -0.9974398612976074
253 -0.09684913605451584 0.6271982192993164
291 -1.2262133359909058 -0.6941022276878357
334 -0.5497309565544128 0.7549798488616943
1687 -1.626644253730774 0.652999222278595
2585 0.9157483577728271 0.6002224087715149
643 -1.181113362312317 1.684083104133606
2553 0.11673630028963089 0.32797497510910034
2450 0.6454110145568848 -0.06984400749206543
352 -0.9631917476654053 -0.8641988039016724
131 0.5307391285896301 0.3031303286552429
2479 0.48019564151763916 -0.4936361610889435
436 -0.43184930086135864 -0.07662717252969742
1949 -1.277351975440979 -0.6443592309951782
323 -0.8786317110061646 0.9624602794647217
2111 0.06598654389381409 -1.2253968715667725
2375 1.0500465631484985 0.8760122060775757
310 1.7611616849899292 1.090697169303894
1536 -0.21134202182292938 1.1676220893859863
475 -0.36837759613990784 0.5208736062049866
283 -0.13692808151245117 0.6931400895118713
2121 1.305501103401184 0.6836196780204773
1675 -0.8618408441543579 -0.4151760935783386
511 -0.7094041109085083 -0.14369696378707886
435 0.48023107647895813 1.228244662284851
2443 1.4049646854400635 1.6908575296401978
2534 0.5245115756988525 1.8964531421661377
1531 -0.678367555141449 2.125136375427246
1623 -0.3694877028465271 -1.022247314453125
398 0.8381346464157104 -1.0713485479354858
2448 1.282543659210205 0.7080754041671753
2376 -0.5567603707313538 0.6961286664009094
641 -1.593876838684082 0.9064369797706604
110 0.0486191026866436 1.445750117301941
2527 -0.16051174700260162 -0.3430890738964081
445 -0.1407073587179184 0.5910956263542175
350 -0.3824400305747986 -1.0921190977096558
446 -1.1998348236083984 -0.7218223810195923
317 1.8369120359420776 0.44023600220680237
2226 -0.3633025288581848 1.1761926412582397
2130 1.272550106048584 0.007538179401308298
330 0.16257797181606293 0.3700009882450104
1519 0.9581198692321777 0.19428594410419464
1698 0.676393449306488 1.6650660037994385
2544 -1.0577019453048706 0.672828733921051
256 0.49412763118743896 0.552672803401947
1730 0.7770390510559082 -1.1397823095321655
196 -0.06958871334791183 0.7938179969787598
150 0.28665536642074585 0.271769642829895
2186 -0.8187291026115417 1.0298573970794678
2586 -0.39275264739990234 -0.3552447557449341
1711 0.3035137355327606 0.2902824282646179
306 0.18053491413593292 -0.45336100459098816
2297 0.37007004022598267 0.33235791325569153
2580 -1.0527571439743042 0.6815474033355713
1695 -0.8187277913093567 1.029856562614441
2820 0.38533514738082886 -0.4329918920993805
646 0.37053537368774414 -1.2463700771331787
2575 0.4535207450389862 0.8554047346115112
1513 -1.1634145975112915 1.7124484777450562
2530 -0.3541295528411865 0.5528337359428406
2513 -0.6439646482467651 0.2710454761981964
394 1.3345890045166016 1.1852059364318848
417 -0.34902405738830566 1.1735655069351196
725 0.5507918000221252 0.6432891488075256
1762 -0.24663646519184113 1.1946691274642944
2230 0.4793934226036072 0.8630951642990112
297 -1.119803547859192 -0.30732759833335876
81 0.12230941653251648 2.192718744277954
2671 0.24683713912963867 0.3172159790992737
2478 1.786492943763733 0.06952936947345734
2100 -0.5248797535896301 -0.8626452684402466
2429 -0.01467992179095745 0.12640517950057983
2587 0.0867498368024826 -1.183838129043579
64 -1.2842302322387695 0.2681562602519989
2697 0.533652126789093 -0.11687634885311127
2492 0.46328285336494446 -1.242941975593567
560 1.376134991645813 -0.7274842858314514
66 0.07649070769548416 0.07518661022186279
49 0.056894510984420776 0.42756959795951843
2503 0.09225375205278397 -0.9226379990577698
2755 -0.18251574039459229 -0.30243951082229614
412 -0.3577515482902527 1.166151762008667
1707 0.5200843811035156 1.353938341140747
2759 1.0440481901168823 1.5254944562911987
2578 1.321675419807434 1.1196256875991821
2716 -0.9856917262077332 0.7189327478408813
2591 1.6557092666625977 1.342912197113037
112 0.9581893682479858 0.18543104827404022
1641 1.2844887971878052 -0.012027839198708534
198 0.24660427868366241 1.8133952617645264
472 -1.1419706344604492 1.7450916767120361
371 0.9359570741653442 0.23065988719463348
380 0.42832860350608826 1.751522421836853
2113 0.4529059827327728 -1.2449076175689697
657 -1.2915319204330444 1.5211416482925415
2177 0.6497113108634949 0.4667545557022095
1630 0.4744342863559723 1.214148998260498
2592 -0.08224845677614212 2.181128740310669
255 1.3513489961624146 1.7967664003372192
2293 1.3861831426620483 0.6718404293060303
2105 -0.2610865533351898 -0.11007895320653915
2761 0.7149867415428162 -0.7817234992980957
338 -1.087568759918213 0.5720669627189636
2437 0.9347909092903137 0.19481752812862396
639 -0.014767161570489407 0.12667593359947205
305 0.9117571115493774 0.6208311915397644
1769 1.266704797744751 1.8287843465805054
1694 0.05320649594068527 0.9147111773490906
1567 -0.596457839012146 0.17505161464214325
1693 -0.4894464612007141 0.10939913988113403
366 -1.303530216217041 1.5032042264938354
2563 -0.8701360821723938 0.9300379753112793
1540 0.14417602121829987 0.44825226068496704
356 1.0645501613616943 0.824119508266449
2078 0.16225503385066986 -0.44843921065330505
340 0.1108849048614502 0.0790875256061554
2476 -0.5248353481292725 -0.8626241087913513
177 1.0119287967681885 0.9651231169700623
2316 1.2229491472244263 -0.8880742192268372
1574 1.7802174091339111 0.01624087058007717
31 -0.538230836391449 0.8218172788619995
2191 0.1014447882771492 0.7256638407707214
143 0.1539652794599533 0.7664505243301392
95 0.6934574842453003 2.2176246643066406
635 -1.1613215208053589 1.6872121095657349
595 -0.5661048293113708 1.5707886219024658
2107 -0.8430602550506592 1.0724904537200928
2367 -1.0750921964645386 1.7890444993972778
2132 0.5507920980453491 0.6432896256446838
119 0.4768211841583252 0.8652745485305786
182 0.417182981967926 0.3477397859096527
348 0.9286057353019714 0.5186626315116882
2172 -0.16501154005527496 0.6104387640953064
1903 0.5554837584495544 1.901484727859497
1696 0.7241028547286987 -0.8054965138435364
2605 0.2506980895996094 1.0897719860076904
2484 1.7681330442428589 1.078247308731079
2554 1.7220345735549927 1.2558860778808594
342 0.5206721425056458 0.1225755512714386
2422 -1.2430596351623535 0.24790707230567932
2674 0.5307108759880066 0.30353236198425293
295 0.04247991368174553 0.956817090511322
254 0.7521427869796753 -1.1493414640426636
372 0.36512649059295654 -0.4251256585121155
488 -1.3390060663223267 1.2509474754333496
2415 0.6347934007644653 0.47842851281166077
1900 -0.3028024733066559 -0.34504368901252747
2546 0.36794567108154297 -0.061614446341991425
1676 -0.5304843783378601 -0.17724572122097015
587 0.30350759625434875 0.2903069257736206
2317 0.561962902545929 0.6820903420448303
443 -0.6978003978729248 -0.9548193216323853
424 0.11544810235500336 0.33069005608558655
597 1.279547929763794 0.13852311670780182
1679 -0.11364071071147919 0.6095815300941467
281 -0.22623717784881592 1.2415220737457275
1678 -0.15624848008155823 0.6470580697059631
94 -1.6405879259109497 0.03611628711223602
581 1.23601496219635 0.03265871852636337
2569 1.061174750328064 0.854862630367279
185 0.9182344675064087 0.6721311211585999
2127 -0.357721209526062 1.1661685705184937
624 -0.16465386748313904 0.6024191379547119
1655 0.01445072889328003 0.09844860434532166
1854 0.49178043007850647 0.5195220112800598
514 -0.7463805079460144 -1.0185374021530151
175 0.8327852487564087 0.08911622315645218
2095 -0.13214248418807983 0.7917381525039673
636 0.5349725484848022 -1.1865240335464478
579 -0.614391028881073 0.2725141644477844
1331 0.015750672668218613 0.1021132841706276
2600 1.8405920267105103 0.7831695675849915
671 1.7482578754425049 0.12986481189727783
2430 1.7744505405426025 0.5699207186698914
325 0.9258920550346375 0.6508381962776184
2306 0.6726152896881104 0.4917687475681305
2432 0.49773332476615906 0.5518093705177307
2475 1.84916090965271 0.7040753960609436
102 0.8330345153808594 -1.075363278388977
316 0.47937408089637756 0.8630958795547485
2691 -0.4879462718963623 0.10954711586236954
165 1.8246614933013916 0.29449161887168884
160 -0.8185499310493469 1.0538846254348755
627 -1.1793245077133179 0.08828842639923096
647 -0.08137799799442291 2.180518865585327
619 -1.4373842477798462 -0.46227535605430603
2565 -0.3835507035255432 1.189056158065796
603 -1.518572211265564 -0.314272403717041
1682 0.7198231220245361 -0.7598479986190796
2570 -0.6730135083198547 0.3129279315471649
360 -0.1669817715883255 0.6748802065849304
2777 -1.207153558731079 0.23092463612556458
432 -0.6623372435569763 0.32928523421287537
2757 0.7091173529624939 0.9479864239692688
2521 0.10525315999984741 -1.2607842683792114
458 -0.3585716187953949 0.559842586517334
2529 -0.6416917443275452 1.4549741744995117
1701 0.8346549272537231 1.6114501953125
1702 0.38529857993125916 -0.4507596790790558
101 0.29430821537971497 -0.8910900950431824
321 1.5399054288864136 -0.44268304109573364
2179 -1.0057127475738525 1.0672353506088257
2549 -0.2665831446647644 1.154999852180481
525 -0.24568787217140198 0.8435587882995605
259 -0.3954589366912842 -0.34460246562957764
561 1.8255751132965088 0.2915045917034149
2131 0.25364622473716736 -0.9688940048217773
2265 0.5521023869514465 0.7960156798362732
2371 0.9646881222724915 2.092545747756958
2776 -0.02261679619550705 0.30380186438560486
601 1.2463250160217285 -0.8738192319869995
610 1.5098800659179688 -0.14649972319602966
463 -0.661523163318634 0.32961130142211914
128 0.43796056509017944 1.7822601795196533
510 0.10116415470838547 0.6991878151893616
2123 0.5414358377456665 -1.185150384902954
2763 0.40163227915763855 2.2669689655303955
2547 -0.1334029734134674 0.6011971235275269
2515 0.02052471786737442 0.10283934324979782
270 -1.4189404249191284 1.1508539915084839
598 -0.786736249923706 1.998452067375183
2753 -1.3728746175765991 1.4394443035125732
169 0.9851258397102356 1.3306828737258911
63 0.550414502620697 0.6440985798835754
2567 0.24534858763217926 0.2948463559150696
453 -1.1042652130126953 -0.3624759316444397
204 -0.28214916586875916 -1.183383584022522
189 -0.9076104164123535 0.7020705938339233
520 0.45178717374801636 0.09657178074121475
2122 -0.7896621823310852 1.9959337711334229
2556 0.23589535057544708 0.39126190543174744
1815 1.5148135423660278 -0.4480524957180023
2734 -0.1549014300107956 -0.34309470653533936
166 0.04420868307352066 0.6827080845832825
355 0.4816243350505829 -0.4875277280807495
368 1.698508381843567 1.2637733221054077
396 1.3162943124771118 1.1863336563110352
2264 -1.0099296569824219 0.6938560605049133
2668 -0.11294904351234436 0.6098538637161255
589 -0.5450623631477356 1.5859349966049194
2678 0.48626402020454407 1.126773715019226
2116 -0.5494214296340942 -1.0472689867019653
293 -0.5647631287574768 0.7162624597549438
2119 -0.21311719715595245 0.8530112504959106
562 -0.35674288868904114 -0.94632488489151
298 0.8549819588661194 0.12304006516933441
2000 0.701037585735321 -1.1560447216033936
2647 -1.642037272453308 0.042521413415670395
2517 -0.683593213558197 1.4322220087051392
459 0.7026423215866089 -1.140472650527954
339 0.9256182312965393 0.644845187664032
2118 0.07117592543363571 0.7014426589012146
449 -0.5965080857276917 0.17577211558818817
288 0.42781737446784973 1.2845008373260498
2550 -0.26264965534210205 1.1699694395065308
2144 -1.2162234783172607 0.07001742720603943
470 0.9649701714515686 0.9674971699714661
2572 0.3483142554759979 2.2846198081970215
2762 0.8204891681671143 0.08804186433553696
613 0.7761262059211731 -0.42086973786354065
2814 -0.11044713854789734 0.6149410009384155
2514 -0.3859736919403076 -0.3670157194137573
2504 1.3532688617706299 1.7947609424591064
575 0.07243849337100983 -1.2281129360198975
1660 0.020120929926633835 0.7009884715080261
728 0.050692468881607056 0.42334842681884766
2125 -1.1801258325576782 1.6838831901550293
2104 -1.0600066184997559 0.6736142039299011
642 -0.4471774697303772 0.14330673217773438
2766 -0.10844951868057251 0.6244822144508362
522 0.010309329256415367 0.10482912510633469
1811 -0.12418484687805176 -0.38355475664138794
634 -0.8196503520011902 -0.42786458134651184
2606 -0.6356751918792725 1.5005334615707397
171 -1.6379930973052979 0.5819040536880493
2735 -0.44983530044555664 0.14227959513664246
2690 -0.8585543632507324 1.0700669288635254
109 -0.3607853353023529 1.1647077798843384
644 -0.47401154041290283 0.10512502491474152
1665 -1.1340000629425049 -0.7784211039543152
448 -0.36598271131515503 0.09077505767345428
513 1.4943997859954834 -0.12717801332473755
313 1.768084168434143 -0.06862238049507141
289 0.015574336051940918 0.11342263221740723
528 -0.8013045191764832 0.7540788650512695
2108 1.4012731313705444 -0.679714024066925
2584 -0.48805832862854004 0.10938461869955063
2669 0.47794345021247864 -0.4677254557609558
466 -0.44897985458374023 -0.14763396978378296
577 0.07203496247529984 1.4344102144241333
272 0.4216497540473938 0.8442374467849731
567 0.49114084243774414 1.1327134370803833
1680 -0.5992592573165894 0.2938908636569977
2756 -0.34847018122673035 0.11391165852546692
2117 -1.1654880046844482 0.014666740782558918
2819 -0.2818637490272522 2.24063777923584
290 0.9357634782791138 0.22597207129001617
1708 0.17397242784500122 0.3443278670310974
2680 -0.1774176061153412 0.5942894220352173
264 -0.09302829205989838 -0.39750972390174866
176 0.8558133244514465 -0.3307342529296875
260 1.5154716968536377 -0.4339739978313446
776 1.78330397605896 0.017523298040032387
524 0.8879898190498352 -0.4358576238155365
2677 0.4584183692932129 0.8559663891792297
2692 0.9032870531082153 0.5768007636070251
638 0.3138240873813629 1.7966891527175903
450 1.4844392538070679 -0.13730110228061676
607 1.433396339416504 0.4165229797363281
431 -0.5569122433662415 0.6900246143341064
2401 -0.659710705280304 0.3245355486869812
351 0.047639235854148865 0.9433939456939697
578 0.47443288564682007 1.2141526937484741
286 1.8529409170150757 0.7135595083236694
626 -0.14486418664455414 0.6842381954193115
1681 0.19748979806900024 -0.441832572221756
278 0.9414687752723694 0.19717800617218018
2094 -0.020174195989966393 0.12147846817970276
217 0.5683667063713074 0.6931992769241333
343 -1.2160108089447021 0.059204284101724625
155 -0.23754478991031647 1.2402675151824951
2659 0.8067593574523926 -0.4399203956127167
173 0.12194835394620895 0.30664002895355225
2099 -1.365993618965149 1.454450249671936
113 -0.3485325276851654 2.220180034637451
1674 0.4158935546875 2.263831853866577
219 0.69401615858078 -0.06794677674770355
508 0.3316349983215332 1.1913765668869019
497 1.8605719804763794 0.6310181617736816
452 -1.0554523468017578 0.6757663488388062
164 -0.3593869209289551 1.1655998229980469
531 0.4535203278064728 0.8554059267044067
504 0.6975048780441284 -1.140034794807434
2597 0.4935898780822754 -0.09055568277835846
1705 1.1959035396575928 -0.3926773965358734
588 -0.4879467487335205 0.10954558104276657
162 1.196601390838623 -0.8992983102798462
621 -0.0805046409368515 2.1824636459350586
555 0.1729893684387207 0.358216255903244
602 0.8533609509468079 0.12459453195333481
1662 -0.1835198551416397 -0.2244100421667099
484 1.7178223133087158 1.2669682502746582
571 0.0743342787027359 1.4486078023910522
2618 -0.639397144317627 0.31998422741889954
1673 1.772617220878601 -0.028913989663124084
262 0.5981454253196716 1.8096388578414917
460 0.5479278564453125 1.0330612659454346
599 -1.3145556449890137 1.310531497001648
2700 0.5225363969802856 1.8937908411026
202 0.5003180503845215 0.5601999163627625
604 0.21857020258903503 0.4292539656162262
2818 1.821997880935669 0.206557035446167
199 -1.0017433166503906 0.7103113532066345
582 1.74327552318573 -0.1567755490541458
302 -0.033089689910411835 0.1330638974905014
122 -0.8172335028648376 1.0417340993881226
2593 -0.619222104549408 0.1879633516073227
489 -0.6675628423690796 -1.0461719036102295
2102 0.07293806970119476 -1.2249019145965576
275 0.49879711866378784 0.5804948806762695
564 -0.8290824890136719 -0.43646183609962463
265 0.0530601441860199 0.438810795545578
2737 0.48332735896110535 0.34412306547164917
354 0.4939400851726532 1.1343388557434082
181 -1.1121307611465454 -0.3384798765182495
257 0.27697035670280457 -0.8953760862350464
258 0.3869517147541046 -0.43567898869514465
242 0.48989322781562805 1.1282007694244385
493 1.6196054220199585 1.2712422609329224
2770 0.699757993221283 -0.7332455515861511
586 0.9149708151817322 0.5966861248016357
2672 1.7726778984069824 -0.028050417080521584
565 0.7824605703353882 1.596151351928711
640 -0.6623227596282959 0.3266269266605377
190 -0.44996318221092224 0.1422644406557083
377 -1.6099343299865723 0.5240434408187866
457 0.23627303540706635 1.823013186454773
483 -0.011945739388465881 0.1129574179649353
2643 0.037636898458004 0.44922295212745667
1670 0.297090619802475 -0.8130315542221069
2573 0.2638637125492096 0.010533824563026428
632 -0.15675459802150726 0.6825307011604309
592 0.3671993017196655 -0.062110453844070435
584 0.4805524945259094 1.228121280670166
151 -0.6633589863777161 0.32525187730789185
369 -0.8097681403160095 0.6935287117958069
197 -1.2894563674926758 1.5248010158538818
516 0.5038610696792603 0.5890072584152222
206 0.42569077014923096 0.8395456075668335
282 0.7083333134651184 -0.07372993975877762
2589 1.4355100393295288 0.39953741431236267
2733 0.5755056142807007 1.909067988395691
287 0.9522045850753784 2.0995397567749023
319 -0.0018337387591600418 0.09833864867687225
501 1.5383474826812744 -0.44239458441734314
2611 -0.10927115380764008 0.6270259618759155
1684 0.599250853061676 0.4801967144012451
1703 -1.6480967998504639 0.07048334181308746
523 -0.786735475063324 1.998451828956604
2559 -0.2735264003276825 1.14602792263031
184 -0.8259902596473694 -0.4315590560436249
373 -1.6498771905899048 0.07770705968141556
2712 0.836310625076294 -1.1016836166381836
482 0.43193531036376953 0.06470882147550583
2558 -1.2183281183242798 1.207714557647705
114 1.149316668510437 1.0214617252349854
2746 -1.054183006286621 -0.8103644847869873
237 0.5691643357276917 0.5014480948448181
2769 -0.2695057988166809 1.1501339673995972
1668 0.5479294061660767 1.0330671072006226
568 -0.5910727977752686 0.1713281273841858
469 -1.612849473953247 0.8301851153373718
395 -0.2095891684293747 1.2405606508255005
625 -1.2900621891021729 1.5234403610229492
615 -0.09557399898767471 2.205895185470581
223 -1.64748215675354 0.06674125790596008
194 0.10120710730552673 -1.2333343029022217
2679 1.1964129209518433 -0.3953826427459717
345 0.15608762204647064 0.7760571837425232
195 1.7242621183395386 1.2494038343429565
158 1.7839115858078003 0.01745469681918621
263 0.04969029873609543 0.9108682870864868
279 0.4795830249786377 1.139039158821106
744 -0.35358521342277527 0.549191951751709
2096 0.5316122770309448 2.274966239929199
2743 -0.1633627563714981 1.7731918096542358
526 0.41848641633987427 0.8396307826042175
2745 -1.013134241104126 -0.3551410138607025
2739 -1.4544342756271362 1.1694766283035278
1664 1.177876353263855 0.987237811088562
2713 -0.2908298373222351 0.7964296340942383
207 1.6044256687164307 1.2922316789627075
365 1.3691463470458984 1.7710354328155518
593 -0.010782869532704353 0.3185001611709595
344 0.5579721927642822 0.22794480621814728
269 1.0271650552749634 1.5426307916641235
479 1.13493812084198 1.0858477354049683
251 1.0380803346633911 -0.18564511835575104
152 0.6033115983009338 2.2542450428009033
1672 -1.5537065267562866 1.0853022336959839
2595 1.396187424659729 1.2147506475448608
2574 1.0233436822891235 1.2300382852554321
2783 1.3991341590881348 -0.40888434648513794
2809 0.9428778290748596 0.24402251839637756
487 0.472811758518219 2.2484853267669678
2813 -0.2551075220108032 -0.25053519010543823
583 1.4688605070114136 1.6414862871170044
609 -0.2932667136192322 1.157485008239746
126 -1.1271995306015015 0.3168824315071106
471 0.43030816316604614 2.2540438175201416
2721 0.7883929014205933 -0.41553202271461487
498 -0.010554694570600986 1.4232118129730225
191 0.5153957009315491 0.6008765697479248
2693 -0.88059401512146 -0.39581143856048584
442 0.4119318425655365 0.842921257019043
2604 0.14296019077301025 0.08102183789014816
115 1.3770513534545898 -0.7331004738807678
2562 -0.7072106599807739 -0.22237448394298553
2614 -0.009477725252509117 1.420672059059143
2695 0.7647616863250732 -0.000813616905361414
530 0.33043837547302246 1.1864497661590576
193 -1.1650892496109009 0.03998980671167374
618 -0.8083401322364807 1.0072165727615356
2744 1.846364140510559 0.7399411797523499
2805 -1.176747441291809 0.06562726944684982
2129 0.012490104883909225 0.8055955767631531
606 0.04042816162109375 0.424343079328537
2764 0.11624830961227417 0.2846718728542328
318 -1.6252108812332153 0.5445542931556702
2709 0.24124303460121155 -1.2677249908447266
2708 1.3883148431777954 -0.7087400555610657
172 -0.7836357355117798 2.0033552646636963
2724 -1.1107640266418457 -0.782357931137085
120 1.5872238874435425 -0.43752047419548035
218 1.7845560312271118 0.07156473398208618
2725 -0.2372172325849533 2.2019927501678467
451 -0.9766201972961426 0.6861507296562195
2661 0.39482563734054565 1.7866469621658325
605 1.6590189933776855 0.8452546000480652
2689 0.5683027505874634 1.9072939157485962
519 -1.0578693151474 0.6756975650787354
2731 -1.625100016593933 0.5496658682823181
499 -0.6638996601104736 0.33123716711997986
596 0.5554401278495789 0.22923265397548676
170 -0.45125243067741394 0.13978458940982819
2610 -1.1440826654434204 0.052183590829372406
2811 -0.4736008048057556 -0.19366857409477234
159 0.18378299474716187 -0.447873055934906
2754 1.2768232822418213 0.11480670422315598
447 0.19439545273780823 -0.4504118859767914
2551 -1.1441255807876587 0.052158888429403305
2740 0.11821625381708145 0.3141995072364807
261 0.26396632194519043 1.4902135133743286
2748 -0.6102427244186401 0.18126994371414185
208 0.6426473259925842 1.0476830005645752
573 0.5673701763153076 0.687485933303833
2607 1.206045389175415 -0.9006335735321045
2775 -0.4187091588973999 -0.8879620432853699
2571 -1.0539354085922241 0.6810636520385742
490 -0.6061671376228333 -1.010388970375061
505 0.9521427750587463 1.5312920808792114
2644 -0.7824020981788635 0.9803295731544495
1659 -0.994874894618988 0.7151367664337158
518 0.7215805649757385 -0.8203667402267456
1658 0.41590678691864014 0.850713312625885
2726 -1.1837927103042603 0.08648474514484406
268 -0.807830274105072 1.0002799034118652
486 -0.8630918264389038 1.0697424411773682
594 -1.1313259601593018 -0.7787154912948608
320 -0.3513287305831909 -0.9899191856384277
2699 1.339577317237854 1.7993850708007812
496 0.2712412178516388 1.0977492332458496
1691 1.684463620185852 1.2960902452468872
2616 1.445398211479187 0.37205609679222107
2641 1.8519142866134644 0.6884046792984009
1669 0.05407092347741127 0.9302198886871338
248 0.3035142421722412 0.2902815341949463
2594 -0.19213685393333435 0.5983701348304749
230 0.032516151666641235 0.09575709700584412
2765 0.6502503156661987 -1.1492911577224731
250 -1.6112666130065918 0.5225028395652771
2603 1.1751292943954468 0.9707133173942566
2703 -0.35413792729377747 0.55281662940979
462 0.1530105322599411 0.38825154304504395
464 0.11870075017213821 -0.4599243402481079
2683 -1.177109956741333 1.6846885681152344
617 -0.4820071756839752 0.11263670772314072
1671 0.4216509461402893 0.844233512878418
2599 -0.0590987466275692 -0.7538437247276306
572 0.04792100563645363 0.41063156723976135
233 -1.0533878803253174 -0.3164559006690979
494 0.04399240016937256 0.9570775032043457
2642 -0.8155261874198914 1.9249305725097656
2124 1.1165632009506226 2.0039143562316895
2620 -1.1818110942840576 1.6875721216201782
2702 -0.48045769333839417 0.13130635023117065
2715 -1.5159181356430054 -0.31947967410087585
273 0.41807135939598083 -0.42406243085861206
229 -0.14476378262043 0.6849138140678406
2667 0.8505751490592957 1.610753059387207
527 -0.34196731448173523 1.7141741514205933
2758 0.5341066122055054 -0.09687589108943939
512 0.9675694704055786 1.4820010662078857
2115 0.058539580553770065 0.10705640912055969
2608 0.4412168264389038 0.09978348016738892
2741 -1.1844865083694458 0.22148238122463226
183 -0.6373026967048645 1.4234371185302734
167 0.11688904464244843 0.3265436589717865
2673 0.9276374578475952 0.6495310068130493
201 -0.4019658863544464 -0.3359098732471466
246 0.41982805728912354 0.8476293683052063
2767 -0.013555020093917847 0.12333956360816956
485 0.30351224541664124 0.2902792692184448
276 -1.1891919374465942 0.2274683117866516
580 0.1285841166973114 1.4581066370010376
168 0.16315004229545593 0.7218152284622192
2817 -1.189104437828064 1.6851415634155273
465 0.4899229109287262 1.1351032257080078
277 -0.11283589899539948 0.6143356561660767
2628 1.8430472612380981 0.5963540077209473
2656 0.565559983253479 1.9082505702972412
576 0.7323120832443237 -0.794714629650116
2649 -1.3750523328781128 1.4426974058151245
2727 1.1848833560943604 -0.9004806876182556
600 -1.5886168479919434 0.9312795400619507
2701 -0.977285623550415 -0.8609825968742371
590 0.23540735244750977 1.1004860401153564
186 1.2782177925109863 0.12969087064266205
620 1.437915325164795 1.2364736795425415
243 0.34242361783981323 -0.44644203782081604
2774 1.119989037513733 1.1502889394760132
2134 -0.014169033616781235 0.12262880802154541
2128 0.8439362049102783 -1.0852736234664917
2752 0.4624101221561432 0.8622468709945679
227 -0.5474499464035034 0.7644370794296265
2112 1.1161689758300781 1.1136914491653442
480 -1.4098039865493774 1.148875117301941
2781 0.07364322990179062 0.0946255698800087
249 1.8448898792266846 0.7504248023033142
2648 0.5603644251823425 0.6595448851585388
216 0.15811634063720703 0.7258947491645813
2718 0.5450219511985779 0.19507095217704773
2720 0.0051540834829211235 0.1057894229888916
2645 -1.5139435529708862 -0.32361581921577454
529 -0.19347107410430908 1.7667659521102905
2609 -1.3350915908813477 -0.5875073671340942
2666 0.5307276844978333 0.3025539517402649
2750 0.28848111629486084 1.8662091493606567
2714 0.3897559344768524 -0.417346715927124
364 0.191480815410614 0.3212704360485077
2655 0.9491285085678101 1.552202582359314
1337 0.5341939926147461 0.8975793123245239
2623 1.0881298780441284 1.9889367818832397
2633 -0.12501762807369232 0.5959088802337646
515 0.7831935882568359 0.05687255784869194
2650 -0.795302152633667 2.023808479309082
2815 0.513316810131073 -0.17468538880348206
2751 -1.6602548360824585 0.134298637509346
2780 -0.6605398058891296 0.32169482111930847
2749 -0.34594103693962097 2.2231509685516357
467 -0.846448540687561 -0.4232870042324066
187 0.05053718388080597 0.41422238945961
2694 0.9729011654853821 0.24500420689582825
468 -0.08822070062160492 0.6242238879203796
2601 -0.018395762890577316 0.13062472641468048
461 0.5715447664260864 1.062346339225769
244 -0.026000071316957474 0.8252490758895874
267 -0.186802476644516 0.6592442989349365
2676 0.27782171964645386 -0.9177327156066895
2772 -0.34794145822525024 0.5601105093955994
2789 1.2673149108886719 0.07316870987415314
2660 -1.2300277948379517 1.5862287282943726
2684 0.5692476034164429 0.5014697313308716
425 -0.5460654497146606 1.582255482673645
2617 -0.3227550685405731 -1.1022698879241943
473 -1.4896146059036255 1.1445196866989136
591 -0.27515992522239685 0.45422661304473877
2798 0.5691667795181274 0.5014479756355286
212 0.44000840187072754 0.051015760749578476
192 0.5355770587921143 -0.08740656077861786
2103 0.5676618814468384 0.22895722091197968
2711 0.5897532105445862 -1.1571942567825317
245 -1.5227115154266357 -0.30493712425231934
174 0.8499898910522461 -0.38395628333091736
2760 0.2968671917915344 -0.43898794054985046
200 1.8382651805877686 0.6003588438034058
1467 -0.18531949818134308 -0.2989315092563629
163 1.8529536724090576 0.6768618822097778
495 0.0473460778594017 0.40921565890312195
2778 0.17390449345111847 0.34429723024368286
2807 1.7502561807632446 1.1192377805709839
2821 0.7843145132064819 0.052556078881025314
2637 0.7387850880622864 1.656750202178955
2640 0.5409958958625793 1.8997360467910767
1996 -0.22254671156406403 1.2413184642791748
2722 -0.0004305071197450161 -0.6804060935974121
2736 0.5507920384407043 0.6432892680168152
304 1.0413364171981812 -0.3833972215652466
220 1.8474427461624146 0.7201040983200073
616 -0.535958468914032 0.7719007730484009
235 1.8413878679275513 0.6113929748535156
2738 0.3655354976654053 -0.06165037304162979
2812 0.027544192969799042 0.9159910678863525
153 0.17520272731781006 0.34557220339775085
506 1.4241580963134766 0.5206257700920105
2696 0.5324155688285828 0.29646700620651245
2636 0.5782473087310791 1.0677764415740967
507 1.3966610431671143 -0.6966183185577393
2675 -0.11302053928375244 0.6134945154190063
503 1.4184147119522095 0.47948911786079407
2624 -0.7403457760810852 -1.0265263319015503
608 -0.3863566219806671 -0.36364680528640747
2626 0.16933871805667877 0.05537888780236244
213 0.738980233669281 1.6557165384292603
455 0.02096790447831154 0.8138598799705505
214 1.1521250009536743 1.0290426015853882
2652 0.11212235689163208 -0.9347584843635559
205 1.081905484199524 2.025367021560669
2732 0.4611693322658539 1.3369125127792358
1994 0.9579890966415405 1.5207020044326782
231 -0.1852651834487915 -0.2989899516105652
491 -0.7112709879875183 -1.033068299293518
2621 1.021919846534729 1.9092234373092651
2707 -0.23228847980499268 1.1862993240356445
2612 -0.710224986076355 2.0984714031219482
2687 -0.45230379700660706 0.1422213613986969
2747 0.8592032790184021 -0.5463911890983582
2771 0.7761329412460327 -0.42085471749305725
2646 1.0335966348648071 0.9129395484924316
222 0.22319166362285614 -1.2824643850326538
241 0.8847865462303162 -0.505068302154541
2630 0.5798774361610413 0.9880865812301636
2615 -0.18740597367286682 1.765771746635437
188 0.16894562542438507 0.34838297963142395
2639 0.9263313412666321 0.18455743789672852
2114 -0.8117119073867798 2.022855520248413
221 -0.46523794531822205 0.14359301328659058
2803 -1.3666269779205322 1.1471731662750244
2730 -0.05734410136938095 0.6041012406349182
2790 -0.6264286637306213 0.302140474319458
234 1.7721614837646484 -0.015702977776527405
2657 0.22198797762393951 -0.9460548758506775
2686 -0.5436157584190369 0.7426326274871826
178 -1.0066208839416504 0.7031716704368591
563 -0.8867713212966919 0.6788104772567749
614 0.4827389121055603 1.1296480894088745
2688 0.39471715688705444 2.2680959701538086
226 1.1377896070480347 1.0268421173095703
2782 0.21784542500972748 1.0795612335205078
2796 1.412102222442627 1.6918537616729736
2568 0.1474328190088272 0.3870125710964203
566 -0.5872036218643188 -1.0098830461502075
456 0.1313808113336563 0.07571737468242645
521 1.4034572839736938 0.570318341255188
2653 0.24854730069637299 0.7826511263847351
611 -0.1342880129814148 0.8072749972343445
612 1.594429612159729 -0.4399072229862213
2723 0.900919497013092 1.5890796184539795
180 1.8206254243850708 0.20568323135375977
1663 0.1508619338274002 0.7627052664756775
2710 0.12160602957010269 0.4794873893260956
2638 0.5691657066345215 0.5014482736587524
2634 -0.6606112718582153 0.32163259387016296
2773 0.6371017098426819 2.200833797454834
2788 1.008936882019043 1.2388252019882202
2651 -0.08704119920730591 0.6177505850791931
238 -0.21289817988872528 1.238724946975708
240 0.4939393997192383 1.1343408823013306
502 -0.8164604902267456 -0.4372202157974243
2685 0.9321306347846985 0.19493983685970306
2728 1.4342910051345825 0.47234228253364563
672 0.8223899602890015 0.9577917456626892
247 1.658722996711731 1.3315019607543945
228 0.08839067071676254 2.1911814212799072
1677 -1.0555436611175537 1.8049428462982178
210 0.5344030857086182 0.29598814249038696
2654 -1.6208127737045288 0.523024320602417
500 -0.29290300607681274 0.07768260687589645
1667 1.3846867084503174 1.7208679914474487
2792 -0.363330602645874 -1.0492913722991943
517 -1.007427453994751 0.7028214931488037
2800 -0.7101232409477234 2.0985522270202637
232 -0.11468643695116043 0.6114006638526917
252 1.625505805015564 1.2689229249954224
2793 1.285082221031189 -0.8511529564857483
622 -0.925114095211029 -0.8818418383598328
2635 0.8298983573913574 2.17995285987854
492 1.769879937171936 -0.05702891945838928
347 1.3490605354309082 0.6714365482330322
2810 0.7798177003860474 -0.3982738256454468
2719 0.47355392575263977 2.2480998039245605
203 -0.1159120574593544 1.809410810470581
1666 -0.00035477778874337673 0.9847483038902283
2797 -1.6483879089355469 0.07371916621923447
2596 0.7178961038589478 -0.794079065322876
2705 -0.3305283784866333 -0.9566100835800171
2682 0.34617915749549866 2.2849981784820557
225 0.35233935713768005 1.7707878351211548
2706 -0.10526257008314133 -0.3761753439903259
179 0.11607414484024048 2.192716121673584
2627 -0.8760337829589844 0.9261280298233032
574 -0.14839290082454681 0.678638219833374
211 0.7413483262062073 1.6723614931106567
2622 -1.522649884223938 -0.30509504675865173
454 -0.11243466287851334 0.6122419834136963
2658 -0.10900959372520447 0.6127395629882812
772 0.156236469745636 0.7794129252433777
2613 0.12014951556921005 0.31235072016716003
215 1.121487021446228 -0.3829338848590851
1849 -1.5548899173736572 1.0678259134292603
2787 -1.3145225048065186 1.3105545043945312
2681 0.042925577610731125 0.9603071212768555
209 -0.5607754588127136 0.7491526007652283
236 1.419783115386963 0.4613805115222931
2631 -1.0228067636489868 -0.8346439599990845
2619 -0.08495379984378815 2.181445598602295
2794 -0.10041462630033493 -0.3906506896018982
2804 1.7851999998092651 0.018651917576789856
2625 1.8361127376556396 0.5814620852470398
2808 1.0502948760986328 0.8752468228340149
346 0.36610448360443115 -0.43505874276161194
2632 0.030950196087360382 0.9530138373374939
2791 -0.2653568685054779 0.80239337682724
224 0.21170616149902344 -0.45050427317619324
2806 1.0420823097229004 0.8928428888320923
2704 0.06747819483280182 0.32892805337905884
2786 0.1732894778251648 0.34169331192970276
2795 0.10538727045059204 2.19356369972229
2629 -0.5608068108558655 0.7474993467330933
2717 -1.1847132444381714 0.08984848111867905
2665 0.44587498903274536 0.15228301286697388
2662 0.15608741343021393 0.7760580778121948
239 -0.3554268181324005 -1.0211505889892578
2801 0.159222811460495 0.6277326345443726
2799 0.2008819878101349 -0.45718568563461304
1944 -0.180395245552063 1.1642919778823853
2779 -0.46255993843078613 0.13920018076896667
898 0.49835723638534546 0.15798941254615784
783 0.1526932269334793 0.7676407098770142
2802 1.7843815088272095 0.026498589664697647
1995 0.9726949334144592 0.23951759934425354
2785 -1.5560673475265503 1.0709811449050903
897 -0.015192176215350628 0.12815916538238525
2729 0.31028085947036743 1.8127357959747314
784 0.572939932346344 1.051552176475525
885 0.1735776960849762 0.6316145658493042
884 1.0521436929702759 -0.15665921568870544
896 -0.9159339666366577 -0.8737722039222717
1338 -0.3365357220172882 0.5592426061630249
2784 1.2889131307601929 -0.8431291580200195
1943 -1.0599764585494995 0.6609037518501282
1420 -0.20427750051021576 0.5704329609870911
2822 1.8222078084945679 0.20788751542568207
781 -1.1068779230117798 -0.3572385311126709
782 0.6338391304016113 1.0294276475906372
840 -1.1802290678024292 0.20502591133117676
1370 0.047068942338228226 0.9450217485427856
2742 -0.16484582424163818 0.5899026393890381
1367 0.03390888124704361 0.09221865981817245
945 -1.6251424551010132 0.5450082421302795
1368 -0.09706854820251465 -0.3792666494846344
874 -0.16484378278255463 0.589902400970459
3 1.388861060142517 0.5442844033241272
883 -0.17167095839977264 -0.3087269961833954
1347 1.1592838764190674 1.0708935260772705
886 -0.34711432456970215 2.2238500118255615
909 0.05844609811902046 0.10723169147968292
895 1.7833666801452637 0.017803139984607697
1400 0.9595465660095215 1.350899338722229
1380 -0.04454861581325531 0.13630902767181396
2 -1.0953607559204102 -0.7890721559524536
870 -0.6291783452033997 0.2979673743247986
871 -0.09936109185218811 0.6214808821678162
1327 -1.3538769483566284 1.4683787822723389
1381 -0.16324904561042786 0.6372368931770325
1390 -0.7065097689628601 1.394087553024292
816 -0.6406480669975281 1.4894604682922363
915 -0.1632712334394455 0.6814843416213989
882 -1.6136246919631958 0.5251684784889221
1335 1.8053737878799438 0.522078275680542
4 -0.13450586795806885 -0.7438231110572815
908 0.49393871426582336 1.1343411207199097
868 0.2940322458744049 0.09401985257863998
1383 1.6939256191253662 1.2594910860061646
873 1.106001377105713 1.1559616327285767
944 -1.179901361465454 1.6841769218444824
1365 -1.050665259361267 -0.3828953206539154
1371 -0.1346338838338852 0.6875598430633545
1364 -0.47495943307876587 0.11781629920005798
1 -1.0844640731811523 1.7849856615066528
878 1.4348745346069336 1.6639422178268433
872 1.3980177640914917 0.4062079191207886
777 0.9586973786354065 2.100202798843384
1354 -0.017101118341088295 1.817025899887085
1376 0.04969179630279541 0.9251323342323303
1384 -0.03356710076332092 0.1358727663755417
813 -0.17736241221427917 -0.30693235993385315
1313 0.18417979776859283 0.43381574749946594
1326 -0.49295058846473694 0.09622439742088318
1398 -0.4490588903427124 0.13968269526958466
899 1.4635270833969116 1.2141504287719727
903 0.03879357874393463 0.4294615387916565
1399 -0.7995066046714783 -0.9971559047698975
817 0.9457911252975464 0.5073370933532715
1391 1.408207893371582 1.6871978044509888
844 -1.2159998416900635 0.059215184301137924
780 -0.18012385070323944 -0.22847872972488403
1366 1.0767407417297363 1.1783921718597412
877 1.1787707805633545 0.9370647072792053
869 0.1746111512184143 0.34216776490211487
2823 0.0797806829214096 1.4413468837738037
1377 -0.38360002636909485 -0.3661434054374695
867 1.434522032737732 1.6630868911743164
815 -0.182334765791893 -0.31353509426116943
1312 0.5739994049072266 1.0418980121612549
1382 0.4892205595970154 0.8842635750770569
807 0.5525164008140564 0.23272579908370972
1410 0.9529126882553101 1.5130335092544556
889 0.4138248860836029 -0.04077900946140289
910 -1.6233934164047241 0.5486869215965271
1419 -0.13528135418891907 0.6961853504180908
888 1.3833611011505127 -0.4108426868915558
1341 0.0997876226902008 0.5116125345230103
