1 0
2 0
3 0
4 0
5 0
6 0
7 0
8 0
9 0
10 0
11 0
12 0
13 0
14 0
15 0
16 0
17 0
18 0
19 1
20 1
21 1 2
22 2
23 2
24 2
25 2
26 3
27 3
28 3
29 3
30 0
31 0
32 0
33 0
34 0
35 4
36 4
37 4
38 5
39 5
40 5
41 5
42 5
43 6
44 6
45 6
46 6
47 6 7
48 7
49 7
50 7
51 8
52 8
53 0
54 0
55 9
56 9
57 9
58 9
59 9
60 9
61 9
62 9
63 9
64 9
65 9
66 9
67 9
68 10
69 10
70 10
71 10
72 10
73 10
74 10
75 0
76 0
77 0
78 0
79 0
80 11
81 11
82 11
83 11
84 11
85 11
86 11
87 11
88 11
89 11
90 11
91 11
92 11
93 11
94 11
95 11
96 11
97 11
98 11
99 11
100 11
101 11
102 11
103 11
104 11
105 11
106 11
107 11
108 11
109 11
110 11
111 11 12
112 12
113 12
114 12
115 12
116 12
117 12
118 12
119 12
120 0
121 0
122 13
123 13
124 13
125 13
126 13
127 13
128 13
129 13
130 13
131 13
132 13
133 13
134 13
135 13
136 14
137 14
138 14
139 14
140 14
141 0
142 0
143 0
144 0
145 0
146 15
147 15
148 15
149 15
150 15
151 15
152 15
153 15
154 15
155 15 16
156 16
157 16
158 16
159 16
160 16
161 16 17
162 17
163 17
164 17
165 17
166 17
167 17
168 17
169 17
170 18
171 18
172 18
173 18
174 18
175 18
176 18
177 18
178 18
179 18 19
180 19
181 19
182 19
183 19
184 19
185 19
186 19
187 19
188 19
189 19
190 19
191 19
192 19
193 19
194 19
195 19
196 19
197 19
198 19
199 19
200 19
201 19
202 19
203 19
204 19
205 19
206 19
207 19
208 19
209 19
210 19
211 19
212 19
213 19
214 19
215 19
216 19
217 19
218 19
219 19
220 19
221 19
222 20
223 20
224 20
225 20
226 20
227 20
228 20
229 20
230 20
231 20
232 20
233 20
234 20
235 20
236 20
237 20
238 21
239 21
240 21
241 0
242 22
243 22
244 23
245 23
246 23
247 24
248 24
249 24
250 24
251 24
252 24
253 24
254 24
255 24
256 0
257 0
258 0
259 0
260 0
261 0
262 0
263 0
264 0
265 0
266 0
267 0
268 0
269 0
270 0
271 0
272 0
273 0
274 0
275 0
276 25
277 25
278 25
279 25
280 25
281 25
282 25
283 25
284 25
285 25
286 25
287 25
288 0
289 0
290 0
291 0
292 0
293 0
294 0
295 0
296 0
297 0
298 0
299 0
300 0
301 0
302 0
303 0
304 0
305 0
306 0
307 0
308 0
309 26
310 26
311 26
312 26
313 26
314 26
315 26
316 26
317 26
318 27
319 27
320 27
321 27
322 27
323 27
324 27
325 27
326 27
327 27
328 27
329 28
330 28
331 28
332 29
333 29
334 29 30
335 30
336 30
337 30
338 0
339 0
340 0
341 0
342 0
343 0
344 0
345 0
346 31
347 31
348 31 32
349 32
350 33
351 33
352 33
353 0
354 0
355 34
356 34
357 34
358 34
359 34
360 34 35
361 35
362 35
363 35
364 35
365 35
366 35
367 35
368 35
369 35
370 35
371 35
372 35
373 35
374 35
375 35
376 35
377 35
378 35
379 35 36
380 36
381 36
382 36
383 36
384 36
385 37
386 37
387 37
388 37
389 37
390 37
391 37
392 37
393 0
394 38
395 38
396 38
397 38
398 38
399 38
400 38
401 38
402 38
403 38
404 38 39
405 39
406 39
407 39
408 39
409 39
410 39
411 39
412 39
413 39
414 39
415 39
416 39
417 39
418 39
419 39
420 39
421 40
422 40
423 40
424 40
425 40
426 40
427 40
428 40
429 40
430 40
431 40 41
432 41
433 41
434 41
435 41
436 41
437 41
438 41
439 41
440 42
441 42
442 42
443 42
444 42
445 42
446 42
447 42 43
448 43
449 43
450 43
451 43
452 43
453 43
454 43
455 43
456 43
457 43
458 43
459 43
460 43
461 43
462 43
463 43
464 43
465 43
466 43 44
467 44
468 44
469 44
470 44
471 44
472 44
473 44 45
474 45
475 45
476 0
477 46
478 46
479 46
480 46
481 47
482 47
483 48
484 48
485 48
486 0
487 0
488 49
489 49
490 49
491 49
492 49
493 49
494 49
495 49
496 49
497 49
498 49
499 49
500 49 50
501 50
502 50
503 50
504 50
505 50
506 50
507 50
508 50
509 50
510 50
511 50
512 50
513 0
514 0
515 51
516 51
517 51
518 51
519 51
520 51
521 51
522 51
523 51
524 52
525 52
526 52
527 52
528 53
529 53
530 53
531 53
532 53
533 53
534 53
535 53
536 53
537 54
538 54
539 54
540 54
541 54
542 54
543 54
544 54
545 54
546 0
547 55
548 55
549 55
550 55
551 55
552 55
553 55
554 55
555 55
556 55
557 55
558 55
559 55
560 55
561 55
562 55
563 0
564 56
565 56
566 56
567 56
568 56
569 56
570 56
571 56
572 56 57
573 57
574 57
575 57
576 57
577 57
578 57
579 57
580 57
581 57
582 57 58
583 58
584 58
585 58
586 58
587 58
588 58
589 58
590 58
591 58
592 59
593 59
594 59
595 59
596 59
597 59
598 59
599 0
600 0
601 0
602 0
603 0
604 0
605 0
606 0
607 0
608 0
609 0
610 0
611 0
612 0
613 0
614 0
615 0
616 0
617 0
618 0
619 0
620 0
621 0
622 0
623 0
624 60
625 60
626 60
627 60
628 60
629 60 61
630 61
631 61
632 62
633 62 63
634 63
635 63
636 63
637 63
638 64
639 64
640 64
641 64 65
642 65
643 65
644 65
645 65
646 65 66
647 66
648 66
649 66
650 66
651 0
652 67
653 67
654 67
655 67
656 67
657 67
658 67
659 68
660 68
661 68
662 68
663 68
664 68
665 68
666 68
667 0
668 69
669 69
670 69
671 69
672 69 70
673 70
674 70
675 70
676 70
677 70
678 70
679 70
680 70
681 0
682 0
683 71
684 71
685 71
686 71
687 71
688 71
689 71
690 71
691 71
692 0
693 0
694 0
695 0
696 0
697 0
698 0
699 72
700 72
701 72
702 72
703 0
704 0
705 73
706 73
707 73
708 0
709 0
710 74
711 74
712 74
713 74 75
714 75
715 75
716 75
717 75
718 0
719 76
720 76
721 76 77
722 77
723 77
724 77
725 77
726 0
727 78
728 78
729 78
730 78
731 78
732 79
733 79
734 79
735 79
736 79
737 79
738 79
739 79
740 80
741 80
742 80
743 80
744 80
745 80
746 80
747 80
748 80
749 80
750 80
751 80
752 80
753 80
754 80
755 80
756 80
757 80
758 80
759 80
760 80
761 80
762 80
763 80
764 80
765 80
766 80
767 80
768 80
769 80
770 80 81
771 81
772 81
773 81
774 81
775 81
776 81
777 81
778 81
779 81
780 81
781 81
782 81
783 81
784 81
785 81
786 81
787 81 82
788 82
789 82
790 82
791 82
792 83
793 83
794 83
795 83
796 83
797 83
798 83
799 83
800 83
801 83
802 83
803 83
804 83
805 0
806 84
807 84
808 84
809 84
810 84
811 84 85
812 85
813 85
814 85
815 85
816 85
817 85
818 85
819 85
820 85
821 86
822 86
823 86
824 86
825 86
826 86
827 86
828 86
829 86
830 0
831 87
832 87
833 87
834 87
835 87 88
836 88
837 88
838 88
839 88
840 89
841 89
842 89
843 89
844 89
845 89
846 89
847 89
848 89
849 89
850 89
851 89
852 0
853 90
854 90
855 90
856 90
857 90
858 90
859 90
860 90
861 90
862 90
863 90
864 90
865 90 91
866 91
867 91
868 91
869 91
870 91
871 91
872 91
873 0
874 92
875 92
876 92
877 92
878 92
879 92
880 92
881 92
882 92
883 92
884 92
885 92
886 92
887 92
888 92
889 92
890 92
891 92 93
892 93
893 93
894 93
895 93
896 93
897 93
898 93
899 93
900 93
901 93
902 93
903 93
904 94
905 94
906 94
907 94
908 94
909 94
910 94
911 94
912 94
913 94
914 94
915 94
916 94 95
917 95
918 95
919 95
920 95
921 95
922 96
923 96
924 96
925 96
926 96
927 96
928 96
929 96
930 96
931 96
932 96
933 96
934 96
935 96
936 96
937 96 97
938 97
939 97
940 97
941 97
942 97
943 97
944 97
945 97 98
946 98
947 98
948 98
949 98
950 98
951 98
952 98
953 98 99
954 99
955 99
956 99
957 99
958 99
959 100
960 100
961 100
962 100
963 100
964 100
965 0
966 0
967 0
968 0
969 0
970 101
971 101
972 102
973 102
974 102
975 0
976 0
977 0
978 0
979 0
980 0
981 103
982 103
983 103
984 103
985 103
986 103
987 103
988 104
989 104
990 104
991 104
992 104
993 104
994 104
995 104
996 104
997 104
998 104
999 104
1000 104
1001 104
1002 104
1003 104
1004 104
1005 104
1006 104
1007 104
1008 104
1009 104
1010 104
1011 104
1012 104
1013 104
1014 104
1015 104
1016 104
1017 104 105
1018 105
1019 105
1020 105
1021 105
1022 105
1023 105
1024 105
1025 106
1026 106
1027 106
1028 106
1029 106
1030 106
1031 106
1032 106
1033 106
1034 106
1035 106
1036 106 107
1037 107
1038 107
1039 107
1040 107
1041 107
1042 107
1043 107
1044 107
1045 107
1046 107
1047 107 108
1048 108
1049 108
1050 108
1051 0
1052 109
1053 109
1054 109
1055 109
1056 109
1057 0
1058 110
1059 110
1060 110
1061 110
1062 110
1063 110
1064 110 111
1065 111
1066 111
1067 111
1068 0
1069 0
1070 0
1071 0
1072 0
1073 0
1074 0
1075 112
1076 112
1077 112
1078 112
1079 112
1080 112
1081 112
1082 112
1083 112
1084 112
1085 112
1086 112
1087 112
1088 112
1089 112
1090 112
1091 112
1092 112
1093 112
1094 112
1095 112
1096 112
1097 112
1098 112
1099 112
1100 112
1101 112
1102 112
1103 112
1104 112
1105 112
1106 112
1107 112
1108 113
1109 113
1110 113
1111 113 114
1112 114
1113 114
1114 114
1115 114
1116 114
1117 114
1118 0
1119 0
1120 0
1121 0
1122 0
1123 0
1124 0
1125 0
1126 0
1127 115
1128 115
1129 115
1130 115
1131 115
1132 115
1133 115
1134 115
1135 115
1136 115
1137 115
1138 115
1139 115
1140 115
1141 115
1142 115
1143 0
1144 0
1145 0
1146 116
1147 116
1148 116
1149 116
1150 116
1151 116
1152 116
1153 116
1154 116
1155 116
1156 116
1157 116
1158 116
1159 116
1160 116
1161 116
1162 116
1163 116
1164 116
1165 116
1166 116
1167 116
1168 116
1169 116
1170 116
1171 116 117
1172 117
1173 117
1174 0
1175 0
1176 0
1177 0
1178 0
1179 0
1180 118
1181 118
1182 118
1183 118
1184 118
1185 119
1186 119
1187 119
1188 119
1189 119
1190 119
1191 119
1192 119
1193 119
1194 119
1195 119
1196 120
1197 120
1198 120
1199 120
1200 120
1201 120
1202 120
1203 120
1204 120
1205 120
1206 0
1207 121
1208 121
1209 121 122
1210 122
1211 122
1212 122
1213 122
1214 122
1215 122
1216 122
1217 122
1218 122
1219 122
1220 122
1221 122
1222 122
1223 122
1224 122
1225 122
1226 122
1227 0
1228 0
1229 0
1230 0
1231 123
1232 123
1233 123
1234 123
1235 123
1236 123
1237 123
1238 123
1239 123
1240 0
1241 0
1242 0
1243 124
1244 124
1245 124
1246 124
1247 124
1248 0
1249 0
1250 0
1251 125
1252 125
1253 125 126
1254 126
1255 126
1256 126
1257 126
1258 126
1259 127
1260 127
1261 127
1262 127
1263 127
1264 127
1265 127
1266 127
1267 128
1268 128
1269 128
1270 128
1271 128
1272 128
1273 128
1274 128
1275 128
1276 128 129
1277 129
1278 129
1279 129
1280 129
1281 129
1282 130
1283 130
1284 130
1285 130
1286 130
1287 130
1288 130
1289 130
1290 130
1291 130
1292 130
1293 130
1294 130
1295 130 131
1296 131
1297 131
1298 131
1299 131
1300 131
1301 131
1302 131
1303 131
1304 0
1305 0
1306 0
1307 132
1308 132
1309 132
1310 132
1311 132 133
1312 133
1313 133
1314 133
1315 134
1316 134
1317 134
1318 134
1319 0
1320 0
1321 0
1322 0
1323 0
1324 0
1325 0
1326 0
1327 0
1328 0
1329 135
1330 135
1331 135
1332 135
1333 135
1334 135
1335 136
1336 136
1337 136
1338 136
1339 136
1340 137
1341 137
1342 137
1343 137
1344 137
1345 137 138
1346 138
1347 138
1348 138 139
1349 139
1350 139
1351 139
1352 139
1353 139
1354 139
1355 139
1356 139
1357 139
1358 139
1359 139
1360 139 140
1361 140
1362 140
1363 140
1364 140
1365 140
1366 140
1367 140 141
1368 141
1369 141
1370 141
1371 141
1372 141 142
1373 142
1374 142
1375 142
1376 142
1377 142
1378 0
1379 0
1380 143
1381 143
1382 143
1383 143
1384 143
1385 143
1386 143
1387 143
1388 143
1389 143
1390 143
1391 143
1392 143
1393 143
1394 143
1395 143
1396 143
1397 143
1398 143
1399 143
1400 143
1401 143
1402 143
1403 143
1404 143
1405 143
1406 143
1407 0
1408 0
1409 0
1410 0
1411 0
1412 144
1413 144
1414 144
1415 144
1416 144
1417 144
1418 144
1419 144
1420 144
1421 0
1422 145
1423 145
1424 145
1425 145
1426 145
1427 145
1428 145
1429 145
1430 145
1431 145
1432 0
1433 0
1434 0
1435 0
1436 0
1437 0
1438 0
1439 0
1440 0
1441 0
1442 0
1443 0
1444 0
1445 0
1446 0
1447 0
1448 0
1449 0
1450 0
1451 0
1452 0
1453 0
1454 0
1455 0
1456 0
1457 0
1458 0
1459 0
1460 0
1461 0
1462 0
1463 0
1464 0
1465 0
1466 0
1467 0
1468 0
1469 0
1470 0
1471 0
1472 0
1473 0
1474 0
1475 0
1476 0
1477 0
1478 0
1479 0
1480 0
1481 0
1482 0
1483 0
1484 0
1485 0
1486 0
1487 0
1488 0
1489 0
1490 0
1491 0
1492 0
1493 0
1494 0
1495 0
1496 0
1497 0
1498 0
1499 0
1500 146
1501 146
1502 146
1503 146
1504 146
1505 147
1506 147
1507 147
1508 147
1509 147
1510 147
1511 147
1512 147
1513 147
1514 147 148
1515 148
1516 148
1517 148
1518 148
1519 148
1520 148
1521 148
1522 148
1523 148
1524 149
1525 149
1526 149
1527 0
1528 150
1529 150
1530 150
1531 150
1532 150
1533 151
1534 151
1535 151
1536 151
1537 0
1538 0
1539 0
1540 0
1541 0
1542 0
1543 0
1544 0
1545 0
1546 0
1547 152
1548 152
1549 152
1550 152
1551 152
1552 152
1553 153
1554 153
1555 153
1556 153
1557 153
1558 153
1559 153
1560 153
1561 154
1562 154
1563 154
1564 154
1565 154
1566 154
1567 154
1568 154
1569 154
1570 154
1571 154
1572 154
1573 155
1574 155
1575 155
1576 155
1577 155
1578 155
1579 155
1580 155
1581 155
1582 155
1583 155
1584 0
1585 0
1586 0
1587 156
1588 156
1589 156
1590 156
1591 156
1592 156
1593 156
1594 156
1595 156
1596 0
1597 0
1598 0
1599 157
1600 157
1601 157
1602 157
1603 157
1604 157
1605 157
1606 157
1607 157
1608 157
1609 157
1610 157
1611 157
1612 157
1613 0
1614 0
1615 0
1616 0
1617 0
1618 0
1619 0
1620 0
1621 0
1622 0
1623 0
1624 0
1625 0
1626 0
1627 0
1628 0
1629 0
1630 0
1631 0
1632 0
1633 0
1634 0
1635 0
1636 0
1637 0
1638 158
1639 158
1640 158
1641 158
1642 158
1643 158
1644 158
1645 158
1646 158
1647 158
1648 0
1649 0
1650 0
1651 0
1652 0
1653 0
1654 0
1655 0
1656 0
1657 0
1658 0
1659 0
1660 0
1661 0
1662 0
1663 0
1664 0
1665 0
1666 0
1667 0
1668 0
1669 0
1670 0
1671 0
1672 0
1673 0
1674 0
1675 0
1676 0
1677 0
1678 0
1679 0
1680 0
1681 0
1682 0
1683 0
1684 0
1685 0
1686 0
1687 0
1688 159
1689 159
1690 159
1691 159
1692 159
1693 160
1694 160
1695 160
1696 160
1697 160
1698 160
1699 160
1700 160
1701 160
1702 160
1703 160
1704 160
1705 160 161
1706 161
1707 161
1708 161
1709 162
1710 162
1711 162
1712 162
1713 162
1714 162
1715 162
1716 163
1717 163
1718 163
1719 163
1720 163
1721 163
1722 164
1723 164
1724 164
1725 0
1726 0
1727 0
1728 165
1729 165
1730 165
1731 0
1732 0
1733 0
1734 0
1735 0
1736 0
1737 166
1738 166
1739 166
1740 166
1741 166
1742 166
1743 166
1744 0
1745 0
1746 167
1747 167
1748 167
1749 167
1750 167
1751 167
1752 167 168
1753 168
1754 168
1755 168
1756 168 169
1757 169
1758 169
1759 169
1760 169
1761 169
1762 169
1763 169
1764 169
1765 169
1766 169
1767 169
1768 169
1769 169
1770 0
1771 0
1772 0
1773 170
1774 170
1775 170
1776 170
1777 170
1778 170
1779 170
1780 170
1781 170
1782 170
1783 171
1784 171
1785 171
1786 171
1787 171
1788 171
1789 172
1790 172
1791 172
1792 172
1793 172
1794 172
1795 172
1796 172
1797 172
1798 172
1799 172 173
1800 173
1801 173
1802 173
1803 173
1804 173
1805 173
1806 173
1807 173
1808 173
1809 173
1810 173
1811 0
1812 174
1813 174
1814 174
1815 174
1816 174
1817 174
1818 174
1819 174
1820 174
1821 174
1822 174
1823 0
1824 0
1825 0
1826 0
1827 175
1828 175
1829 175
1830 175
1831 175
1832 175
1833 175
1834 0
1835 0
1836 0
1837 0
1838 0
1839 0
1840 176
1841 176
1842 176
1843 176
1844 176
1845 176
1846 176
1847 176
1848 176
1849 177
1850 177
1851 177
1852 177
1853 177
1854 177
1855 177
1856 178
1857 178
1858 178
1859 178
1860 178
1861 178
1862 178
1863 179
1864 179
1865 179
1866 179 180
1867 180
1868 180
1869 180
1870 180
1871 180
1872 180
1873 180
1874 180
1875 180
1876 0
1877 0
1878 0
1879 0
1880 0
1881 0
1882 181
1883 181
1884 181
1885 181
1886 181
1887 181
1888 0
1889 0
1890 182
1891 182
1892 182
1893 182
1894 182
1895 182
1896 182
1897 182
1898 0
1899 0
1900 183
1901 183
1902 183
1903 183
1904 183
1905 183
1906 183
1907 184
1908 184
1909 184
1910 184
1911 184 185
1912 185
1913 185
1914 185
1915 185
1916 0
1917 0
1918 0
1919 0
1920 0
1921 0
1922 0
1923 0
1924 0
1925 0
1926 0
1927 0
1928 0
1929 0
1930 0
1931 0
1932 0
1933 0
1934 0
1935 0
1936 0
1937 0
1938 0
1939 0
1940 0
1941 0
1942 0
1943 0
1944 186
1945 186
1946 186
1947 0
1948 0
1949 187
1950 187
1951 187
1952 0
1953 0
1954 0
1955 0
1956 0
1957 0
1958 0
1959 0
1960 0
1961 0
1962 0
1963 0
1964 0
1965 0
1966 0
1967 188
1968 188
1969 0
1970 0
1971 0
1972 0
1973 0
1974 0
1975 0
1976 0
1977 0
1978 0
1979 0
1980 0
1981 0
1982 0
1983 0
1984 0
1985 0
1986 0
1987 0
1988 0
1989 0
1990 0
1991 0
1992 0
1993 189
1994 189
1995 189
1996 189
1997 189
1998 189
1999 189
2000 189
2001 189
2002 189
2003 189
2004 189
2005 190
2006 190
2007 190
2008 190
2009 190
2010 190
2011 190
2012 190
2013 190
2014 190
2015 190
2016 190
2017 190
2018 190
2019 190
2020 191
2021 191
2022 191
2023 191
2024 191
2025 191
2026 191
2027 191
2028 192
2029 192
2030 192
2031 192
2032 192
2033 192
2034 192
2035 192
2036 192
2037 192
2038 192
2039 192
2040 0
2041 0
2042 0
2043 0
2044 0
2045 0
2046 0
2047 0
2048 0
2049 0
2050 0
2051 0
2052 0
2053 0
2054 0
2055 0
2056 0
2057 0
2058 0
2059 0
2060 0
2061 0
2062 0
2063 0
2064 0
2065 0
2066 0
2067 0
2068 0
2069 0
2070 0
2071 0
2072 0
2073 0
2074 0
2075 0
2076 0
2077 0
2078 0
2079 0
2080 0
2081 0
2082 0
2083 0
2084 0
2085 0
2086 0
2087 0
2088 0
2089 0
2090 0
2091 0
2092 0
2093 0
2094 0
2095 0
2096 0
2097 0
2098 0
2099 0
2100 0
2101 0
2102 0
2103 0
2104 0
2105 193
2106 193
2107 193
2108 0
2109 0
2110 0
2111 0
2112 0
2113 0
2114 0
2115 0
2116 0
2117 0
2118 0
2119 0
2120 0
2121 0
2122 0
2123 0
2124 0
2125 0
2126 0
2127 0
2128 0
2129 0
2130 0
2131 0
2132 0
2133 0
2134 0
2135 0
2136 0
2137 0
2138 0
2139 0
2140 0
2141 0
2142 0
2143 0
2144 0
2145 0
2146 0
2147 0
2148 0
2149 0
2150 0
2151 0
2152 0
2153 0
2154 0
2155 194
2156 194
2157 194
2158 194
2159 194
2160 194
2161 194
2162 194
2163 194
2164 0
2165 0
2166 0
2167 195
2168 195
2169 195
2170 195
2171 195
2172 195
2173 195
2174 0
2175 0
2176 0
2177 0
2178 0
2179 0
2180 0
2181 0
2182 0
2183 0
2184 0
2185 0
2186 0
2187 0
2188 196
2189 196
2190 196
2191 0
2192 0
2193 0
2194 197
2195 197
2196 198
2197 198
2198 198
2199 198
2200 198
2201 198
2202 199
2203 199
2204 199
2205 199
2206 199
2207 199
2208 199
2209 199
2210 199
2211 199
2212 199
2213 199
2214 199
2215 200
2216 200
2217 200
2218 200
2219 200
2220 200
2221 200
2222 201
2223 201
2224 201
2225 201
2226 201
2227 201
2228 0
2229 0
2230 0
2231 0
2232 202
2233 202
2234 202
2235 202
2236 202
2237 202
2238 202
2239 202
2240 202
2241 203
2242 203
2243 203
2244 203
2245 203
2246 203
2247 203 204
2248 204
2249 204
2250 204
2251 204
2252 204
2253 204
2254 204
2255 204
2256 204
2257 204
2258 204
2259 205
2260 205
2261 205
2262 205
2263 205
2264 205
2265 205
2266 205 206
2267 206
2268 206
2269 206
2270 206
2271 206
2272 206
2273 206
2274 207
2275 207
2276 207
2277 207
2278 207
2279 207
2280 207
2281 207
2282 207
2283 207
2284 207
2285 0
2286 208
2287 208
2288 208
2289 208
2290 208
2291 208 209
2292 209
2293 209
2294 209
2295 209
2296 209
2297 209
2298 210
2299 210
2300 210
2301 210
2302 210
2303 210
2304 210
2305 210
2306 210
2307 0
2308 0
2309 0
2310 0
2311 211
2312 211
2313 211
2314 211 212
2315 212
2316 212
2317 212
2318 212
2319 212
2320 212
2321 212
2322 212
2323 212 213
2324 213
2325 213
2326 213
2327 213 214
2328 214
2329 214
2330 214
2331 214
2332 0
2333 0
2334 215
2335 215
2336 215
2337 215
2338 215
2339 215
2340 215
2341 215
2342 215
2343 215
2344 215
2345 215
2346 215
2347 215
2348 215
2349 215
2350 215
2351 215
2352 215
2353 215
2354 215
2355 0
2356 0
2357 0
2358 0
2359 216
2360 216
2361 216
2362 217
2363 217
2364 217
2365 217
2366 0
2367 0
2368 0
2369 0
2370 0
2371 0
2372 0
2373 0
2374 0
2375 0
2376 0
2377 0
2378 0
2379 0
2380 0
2381 0
2382 0
2383 0
2384 0
2385 0
2386 0
2387 0
2388 0
2389 0
2390 218
2391 218
2392 219
2393 219
2394 219
2395 0
2396 0
2397 220
2398 220
2399 220
2400 0
2401 0
2402 0
2403 0
2404 221
2405 221
2406 0
2407 0
2408 0
2409 0
2410 0
2411 0
2412 0
2413 0
2414 0
2415 0
2416 0
2417 0
2418 0
2419 0
2420 0
2421 0
2422 0
2423 0
2424 0
2425 0
2426 0
2427 0
2428 0
2429 0
2430 0
2431 0
2432 0
2433 0
2434 0
2435 0
2436 0
2437 0
2438 0
2439 0
2440 0
2441 0
2442 0
2443 0
2444 0
2445 0
2446 0
2447 0
2448 0
2449 0
2450 0
2451 0
2452 0
2453 0
2454 0
2455 0
2456 0
2457 0
2458 0
2459 0
2460 0
2461 0
2462 0
2463 0
2464 0
2465 0
2466 0
2467 0
2468 0
2469 0
2470 0
2471 0
2472 0
2473 0
2474 0
2475 0
2476 0
2477 0
2478 0
2479 0
2480 0
2481 0
2482 0
2483 0
2484 0
2485 0
2486 0
2487 0
2488 0
2489 0
2490 0
2491 0
2492 0
2493 0
2494 0
2495 0
2496 0
2497 0
2498 0
2499 0
2500 0
2501 0
2502 0
2503 0
2504 0
2505 0
2506 0
2507 0
2508 0
2509 0
2510 0
2511 0
2512 0
2513 0
2514 0
2515 0
2516 0
2517 0
2518 0
2519 0
2520 0
2521 0
2522 0
2523 0
2524 0
2525 0
2526 0
2527 0
2528 0
2529 0
2530 0
2531 0
2532 0
2533 0
2534 0
2535 0
2536 0
2537 0
2538 0
2539 0
2540 0
2541 0
2542 0
2543 0
2544 0
2545 0
2546 0
2547 0
2548 0
2549 0
2550 0
2551 0
2552 0
2553 0
2554 0
2555 0
2556 0
2557 0
2558 0
2559 0
2560 0
2561 0
2562 0
2563 0
2564 0
2565 0
2566 0
2567 0
2568 0
2569 0
2570 0
2571 0
2572 0
2573 0
2574 0
2575 0
2576 0
2577 0
2578 0
2579 0
2580 0
2581 0
2582 0
2583 0
2584 0
2585 0
2586 0
2587 0
2588 0
2589 0
2590 0
2591 0
2592 0
2593 0
2594 0
2595 0
2596 0
2597 0
2598 0
2599 0
2600 0
2601 0
2602 0
2603 0
2604 0
2605 0
2606 0
2607 0
2608 0
2609 0
2610 0
2611 0
2612 0
2613 0
2614 0
2615 0
2616 0
2617 0
2618 0
2619 0
2620 0
2621 0
2622 0
2623 0
2624 0
2625 0
2626 0
2627 0
2628 0
2629 0
2630 0
2631 0
2632 0
2633 0
2634 0
2635 0
2636 0
2637 0
2638 0
2639 0
2640 0
2641 0
2642 0
2643 0
2644 0
2645 0
2646 0
2647 0
2648 0
2649 0
2650 0
2651 0
2652 0
2653 0
2654 0
2655 0
2656 0
2657 0
2658 0
2659 0
2660 0
2661 0
2662 0
2663 0
2664 0
2665 0
2666 0
2667 0
2668 0
2669 0
2670 0
2671 0
2672 0
2673 0
2674 0
2675 0
2676 0
2677 0
2678 0
2679 0
2680 0
2681 0
2682 0
2683 0
2684 0
2685 0
2686 0
2687 0
2688 0
2689 0
2690 0
2691 0
2692 0
2693 0
2694 0
2695 0
2696 0
2697 0
2698 0
2699 0
2700 0
2701 0
2702 0
2703 0
2704 0
2705 0
2706 0
2707 0
2708 0
2709 0
2710 0
2711 0
2712 0
2713 0
2714 0
2715 0
2716 0
2717 0
2718 0
2719 0
2720 0
2721 0
2722 0
2723 0
2724 0
2725 0
2726 0
2727 0
2728 0
2729 0
2730 0
2731 0
2732 0
2733 0
2734 0
2735 0
2736 0
2737 0
2738 0
2739 0
2740 0
2741 0
2742 0
2743 0
2744 0
2745 0
2746 0
2747 0
2748 0
2749 0
2750 0
2751 0
2752 0
2753 0
2754 0
2755 0
2756 0
2757 0
2758 0
2759 0
2760 0
2761 0
2762 0
2763 0
2764 0
2765 0
2766 0
2767 0
2768 0
2769 0
2770 0
2771 0
2772 0
2773 0
2774 0
2775 0
2776 0
2777 0
2778 0
2779 0
2780 0
2781 0
2782 0
2783 0
2784 0
2785 0
2786 0
2787 0
2788 0
2789 0
2790 0
2791 0
2792 0
2793 0
2794 0
2795 0
2796 0
2797 0
2798 0
2799 0
2800 0
2801 0
2802 0
2803 0
2804 0
2805 0
2806 0
2807 0
2808 0
2809 0
2810 0
2811 0
2812 0
2813 0
2814 0
2815 0
2816 0
2817 0
2818 0
2819 0
2820 0
2821 0
2822 0
2823 0
2824 0
2825 0
2826 0
2827 0
2828 0
2829 0
2830 0
2831 0
2832 0
2833 0
2834 0
2835 0
2836 0
2837 0
2838 0
2839 0
2840 0
2841 0
2842 0
2843 0
2844 0
2845 0
2846 0
2847 0
2848 0
2849 0
2850 0
2851 0
2852 0
2853 0
2854 0
2855 0
2856 0
2857 0
2858 0
2859 0
2860 0
2861 0
2862 0
2863 0
2864 0
2865 0
2866 0
2867 0
2868 0
2869 0
2870 0
2871 0
2872 0
2873 0
2874 0
2875 0
2876 0
2877 0
2878 0
2879 0
2880 0
2881 0
2882 0
2883 0
2884 0
2885 0
2886 0
2887 0
2888 0
2889 0
2890 0
2891 0
2892 0
2893 0
2894 0
2895 0
2896 0
2897 222
2898 222
2899 222
2900 222
2901 222
2902 222
2903 222
2904 222
2905 222
2906 222
2907 222
2908 222
2909 222
2910 222
2911 222
2912 222
2913 222
2914 222
2915 222
2916 222
2917 222
2918 0
2919 0
2920 0
2921 0
2922 0
2923 0
2924 0
2925 0
2926 0
2927 0
2928 0
2929 0
2930 0
2931 0
2932 0
2933 223
2934 223
2935 223
2936 0
2937 0
2938 0
2939 0
2940 224
2941 224
2942 224
2943 224
2944 0
2945 0
2946 0
2947 0
2948 0
2949 0
2950 0
2951 0
2952 0
2953 0
2954 0
2955 0
2956 0
2957 0
2958 0
2959 0
2960 0
2961 0
2962 0
2963 0
2964 0
2965 0
2966 0
2967 0
2968 0
2969 0
2970 0
2971 0
2972 0
2973 0
2974 0
2975 0
2976 0
2977 0
2978 0
2979 0
2980 0
2981 0
2982 0
2983 0
2984 0
2985 0
2986 0
2987 0
2988 0
2989 0
2990 0
2991 0
2992 0
2993 0
2994 0
2995 0
2996 0
2997 225
2998 225
2999 225
3000 225
3001 225
3002 225
3003 225
3004 225
3005 0
3006 0
3007 226
3008 226
3009 226
3010 226
3011 226
3012 226
3013 226
3014 226
3015 226
3016 226
3017 226
3018 226
3019 226
3020 226
3021 226
3022 226
3023 226
3024 227
3025 227
3026 228
3027 228
3028 228
3029 228
3030 228
3031 228
3032 228
3033 228
3034 228
3035 228
3036 228
3037 228
3038 228
3039 228
3040 228
3041 228 229
3042 229
3043 229
3044 229
3045 229
3046 229
3047 229
3048 229
3049 229
3050 0
3051 0
3052 0
3053 0
3054 0
3055 0
3056 0
3057 230
3058 230
3059 230
3060 0
3061 0
3062 0
3063 0
3064 0
3065 0
3066 0
3067 231
3068 231
3069 231
3070 231 232
3071 232
3072 232
3073 232 233
3074 233
3075 233
3076 233
3077 233
3078 233
3079 233
3080 233 234
3081 234
3082 234
3083 234 235
3084 235
3085 235
3086 0
3087 236
3088 236
3089 236
3090 236
3091 236
3092 236
3093 236
3094 236
3095 236
3096 236
3097 236
3098 236
3099 236
3100 236
3101 236
3102 236
3103 236
3104 0
3105 237
3106 237
3107 237
3108 237
3109 237
3110 237
3111 237
3112 237
3113 238
3114 238
3115 238 239
3116 239
3117 239 240
3118 240
3119 240
3120 240
3121 240 241
3122 241
3123 241
3124 241
3125 241
3126 241
3127 241 242
3128 242
3129 242
3130 242
3131 242
3132 242
3133 242
3134 242
3135 242
3136 242
3137 242
3138 242
3139 0
3140 0
3141 243
3142 243
3143 243
3144 243
3145 243
3146 243
3147 243
3148 243
3149 243
3150 243
3151 244
3152 244
3153 244
3154 244
3155 244
3156 244
3157 244
3158 0
3159 245
3160 245
3161 245
3162 245
3163 0
3164 246
3165 246
3166 246
3167 246
3168 0
3169 0
3170 0
3171 0
3172 0
3173 0
3174 0
3175 247
3176 247
3177 247
3178 247
3179 247
3180 247
3181 247
3182 247 248
3183 248
3184 248
3185 249
3186 249
3187 249
3188 249
3189 249
3190 249
3191 249
3192 249
3193 249
3194 249
3195 249 250
3196 250
3197 250
3198 250
3199 250
3200 250
3201 250
3202 250
3203 250
3204 250
3205 250
3206 250
3207 250
3208 251
3209 251
3210 251
3211 251
3212 251
3213 252
3214 252
3215 252
3216 252
3217 252
3218 252
3219 252
3220 252
3221 252
3222 252
3223 252
3224 253
3225 253
3226 253
3227 253
3228 253
3229 0
3230 0
3231 0
3232 0
3233 0
3234 0
3235 0
3236 254
3237 254
3238 254
3239 254
3240 254
3241 254
3242 254
3243 254
3244 254
3245 254
3246 254
3247 254
3248 254
3249 0
3250 0
3251 0
3252 255
3253 255
3254 255
3255 255
3256 255
3257 256
3258 256
3259 256
3260 256
3261 256
3262 256
3263 256
3264 256
3265 256
3266 256
3267 0
3268 257
3269 257
3270 257
3271 257
3272 257
3273 257
3274 257
3275 257
3276 257
3277 257
3278 257
3279 257
3280 257
3281 257
3282 257
3283 257
3284 257
3285 257
3286 257
3287 257
3288 257
3289 257
3290 257
3291 257
3292 257
3293 257
3294 257
3295 257
3296 257
3297 257
3298 257
3299 0
3300 0
3301 0
3302 0
3303 0
3304 0
3305 0
3306 0
3307 0
3308 258
3309 258
3310 258
3311 258
3312 258 259
3313 259
3314 259
3315 259
3316 259
3317 259
3318 259
3319 260
3320 260
3321 260
3322 260
3323 260
3324 260
3325 260
3326 260
3327 260
3328 260
3329 260
3330 260
3331 0
3332 0
3333 0
3334 0
3335 0
3336 0
3337 0
3338 261
3339 261
3340 261
3341 261
3342 261
3343 261
3344 261 262
3345 262
3346 262
3347 262
3348 262
3349 262
3350 262
3351 262 263
3352 263
3353 263
3354 263 264
3355 264
3356 264
3357 264
3358 264
3359 264
3360 264
3361 264
3362 264
3363 0
3364 0
3365 0
3366 0
3367 0
3368 0
3369 265
3370 265
3371 265
3372 266
3373 266
3374 266
3375 266
3376 266
3377 266
3378 266
3379 266
3380 266
3381 266
3382 266
3383 266
3384 266
3385 266
3386 266
3387 266
3388 267
3389 267
3390 267
3391 267
3392 267
3393 267
3394 267
3395 267
3396 267
3397 267
3398 267
3399 268
3400 268
3401 268
3402 0
3403 0
3404 0
3405 0
3406 0
3407 0
3408 0
3409 0
3410 0
3411 269
3412 269
3413 269
3414 270
3415 270
3416 270
3417 270
3418 270
3419 270
3420 0
3421 0
3422 0
3423 0
3424 0
3425 271
3426 271
3427 0
3428 0
3429 0
3430 272
3431 272
3432 272
3433 0
3434 0
3435 0
3436 273
3437 273
3438 273
3439 273
3440 273
3441 274
3442 274
3443 274
3444 274
3445 274
3446 274
3447 274
3448 274
3449 275
3450 275
3451 275
3452 275
3453 275
3454 275
3455 276
3456 276
3457 276
3458 276
3459 276
3460 276
3461 276
3462 276
3463 276
3464 276 277
3465 277
3466 277
3467 277
3468 277
3469 278
3470 278
3471 278
3472 278
3473 278
3474 278
3475 0
3476 0
3477 279
3478 279
3479 279
3480 279
3481 0
3482 280
3483 280
3484 280
3485 281
3486 281
3487 281
3488 281
3489 281
3490 281
3491 281
3492 281
3493 281
3494 281
3495 281 282
3496 282
3497 282
3498 282
3499 282
3500 282 283
3501 283
3502 283
3503 283
3504 283
3505 283
3506 283
3507 283 284
3508 284
3509 284
3510 284
3511 284
3512 284
3513 284
3514 284
3515 284
3516 284
3517 284
3518 284 285
3519 285
3520 285
3521 285
3522 285
3523 285
3524 285
3525 0
3526 0
3527 286
3528 286
3529 286
3530 286
3531 286
3532 286
3533 286
3534 286
3535 286
3536 286
3537 286
3538 286
3539 286
3540 286
3541 286
3542 286
3543 286
3544 286
3545 286
3546 286
3547 286
3548 286
3549 286
3550 286
3551 286
3552 286
3553 286
3554 286
3555 286
3556 286
3557 286
3558 286
3559 286
3560 287
3561 287
3562 287
3563 287
3564 287
3565 287
3566 288
3567 288
3568 288
3569 288
3570 288 289
3571 289
3572 289
3573 289
3574 289
3575 289
3576 289
3577 289
3578 289
3579 289
3580 289
3581 290
3582 290
3583 290
3584 290
3585 290
3586 290
3587 290
3588 0
3589 0
3590 0
3591 0
3592 0
3593 0
3594 291
3595 291
3596 291
3597 292
3598 292
3599 292
3600 292
3601 292
3602 292
3603 292
3604 0
3605 293
3606 293
3607 293
3608 293
3609 293
3610 293 294
3611 294
3612 294
3613 294
3614 294
3615 294
3616 294
3617 294 295
3618 295
3619 295
3620 295
3621 295
3622 295
3623 295
3624 296
3625 296
3626 296
3627 296
3628 296
3629 296
3630 296
3631 296
3632 296
3633 296
3634 296
3635 296
3636 296
3637 296
3638 296
3639 296
3640 296
3641 296
3642 297
3643 297
3644 297
3645 297
3646 297
3647 297
3648 297
3649 298
3650 298
3651 298
3652 299
3653 299
3654 299
3655 299
3656 299
3657 0
3658 300
3659 300
3660 300
3661 300
3662 300
3663 300
3664 300
3665 300
3666 300
3667 300
3668 300
3669 300 301
3670 301
3671 301
3672 301
3673 301 302
3674 302
3675 302
3676 302
3677 302
3678 302
3679 303
3680 303
3681 303 304
3682 304
3683 304
3684 304
3685 304
3686 304
3687 304
3688 304
3689 304
3690 304
3691 304
3692 304
3693 304
3694 304 305
3695 305
3696 305
3697 305
3698 305
3699 305
3700 305
3701 305
3702 305
3703 305 306
3704 306
3705 306
3706 306
3707 306
3708 306
3709 306
3710 306
3711 306
3712 306
3713 306
3714 306
3715 307
3716 307
3717 307
3718 307
3719 307
3720 307
3721 307
3722 307
3723 307
3724 307
3725 307
3726 308
3727 308
3728 308
3729 308
3730 308
3731 308
3732 308
3733 308
3734 308
3735 308
3736 308
3737 308
3738 308
3739 308
3740 308
3741 0
3742 0
3743 0
3744 0
3745 0
3746 0
3747 0
3748 0
3749 0
3750 0
3751 0
3752 0
3753 0
3754 0
3755 0
3756 0
3757 0
3758 309
3759 309
3760 309
3761 309
3762 309
3763 309
3764 0
3765 0
3766 0
3767 0
3768 0
3769 0
3770 0
3771 0
3772 0
3773 0
3774 0
3775 0
3776 0
3777 0
3778 0
3779 0
3780 0
3781 0
3782 0
3783 0
3784 0
3785 0
3786 0
3787 0
3788 0
3789 0
3790 0
3791 0
3792 0
3793 0
3794 0
3795 0
3796 0
3797 0
3798 0
3799 0
3800 0
3801 0
3802 0
3803 0
3804 0
3805 0
3806 0
3807 0
3808 0
3809 0
3810 0
3811 0
3812 0
3813 0
3814 0
3815 0
3816 0
3817 0
3818 0
3819 0
3820 0
3821 0
3822 0
3823 0
3824 0
3825 0
3826 0
3827 0
3828 0
3829 0
3830 0
3831 0
3832 0
3833 0
3834 0
3835 0
3836 0
3837 0
3838 0
3839 0
3840 0
3841 0
3842 0
3843 0
3844 0
3845 0
3846 0
3847 0
3848 0
3849 310
3850 310
3851 310
3852 310
3853 311
3854 311
3855 311
3856 311 312
3857 312
3858 312
3859 312
3860 312
3861 313
3862 313
3863 313
3864 0
3865 0
3866 0
3867 0
3868 0
3869 0
3870 0
3871 0
3872 0
3873 0
3874 0
3875 0
3876 0
3877 0
3878 0
3879 0
3880 0
3881 0
3882 0
3883 0
3884 0
3885 0
3886 0
3887 0
3888 0
3889 0
3890 0
3891 0
3892 0
3893 0
3894 0
3895 0
3896 0
3897 0
3898 0
3899 0
3900 0
3901 0
3902 0
3903 0
3904 0
3905 0
3906 0
3907 0
3908 0
3909 0
3910 0
3911 0
3912 0
3913 0
3914 0
3915 0
3916 0
3917 0
3918 0
3919 0
3920 0
3921 0
3922 314
3923 314
3924 314
3925 314
3926 314
3927 314
3928 314
3929 314
3930 314
3931 314
3932 314
3933 314
3934 314
3935 0
3936 0
3937 0
3938 0
3939 0
3940 0
3941 0
3942 0
3943 315
3944 315
3945 315
3946 315
3947 315
3948 0
3949 0
3950 316
3951 316
3952 316
3953 316
3954 316
3955 316
3956 316
3957 316
3958 316
3959 0
3960 0
3961 317
3962 317
3963 317
3964 317
3965 317
3966 317
3967 317
3968 317
3969 317
3970 318
3971 318
3972 318
3973 318
3974 318
3975 319
3976 319
3977 319
3978 319
3979 319
3980 319
3981 319
3982 319
3983 319
3984 319
3985 319
3986 320
3987 320
3988 320
3989 320
3990 320
3991 320
3992 0
3993 0
3994 0
3995 0
3996 0
3997 0
3998 0
3999 0
4000 0
4001 0
4002 321
4003 321
4004 321
4005 321
4006 321
4007 321
4008 321
4009 321
4010 321
4011 322
4012 322
4013 322
4014 322
4015 322
4016 322
4017 322
4018 322
4019 322
4020 322
4021 322
4022 322
4023 0
4024 0
4025 323
4026 323
4027 323
4028 0
4029 324
4030 324
4031 325
4032 325
4033 325
4034 325
4035 325
4036 325
4037 326
4038 326
4039 326
4040 326
4041 326
4042 326
4043 326 327
4044 327
4045 327
4046 327
4047 327
4048 327
4049 327
4050 327
4051 327
4052 327
4053 327
4054 327
4055 327
4056 327
4057 327
4058 327
4059 327
4060 327
4061 328
4062 328
4063 328
4064 328
4065 328
4066 328
4067 328
4068 328
4069 328
4070 328
4071 328
4072 328
4073 328
4074 328
4075 328
4076 328
4077 328
4078 328
4079 328
4080 328
4081 328
4082 328
4083 328
4084 328
4085 328
4086 328
4087 328
4088 329
4089 329
4090 329
4091 330
4092 330
4093 330
4094 330
4095 330
4096 330 331
4097 331
4098 331
4099 331 332
4100 332
4101 332
4102 332
4103 332
4104 332
4105 332
4106 332
4107 332
4108 332
4109 332
4110 332
4111 333
4112 333
4113 333
4114 333
4115 333
4116 334
4117 334
4118 334
4119 334
4120 0
4121 0
4122 0
4123 0
4124 0
4125 0
4126 0
4127 0
4128 0
4129 0
4130 0
4131 0
4132 0
4133 335
4134 335
4135 335
4136 335 336
4137 336
4138 336 337
4139 337
4140 337
4141 337
4142 337
4143 337
4144 337
4145 338
4146 338
4147 338
4148 338
4149 338
4150 338
4151 338
4152 338
4153 338
4154 338
4155 0
4156 0
4157 0
4158 0
4159 0
4160 339
4161 339
4162 339
4163 339
4164 339 340
4165 340
4166 340
4167 340
4168 340
4169 340
4170 0
4171 0
4172 0
4173 0
4174 0
4175 0
4176 0
4177 0
4178 0
4179 0
4180 0
4181 0
4182 0
4183 0
4184 0
4185 341
4186 341
4187 341
4188 341
4189 0
4190 0
4191 0
4192 0
4193 0
4194 0
4195 0
4196 342
4197 342
4198 342
4199 342
4200 0
4201 0
4202 0
4203 0
4204 0
4205 0
4206 343
4207 343
4208 343
4209 343
4210 343
4211 343
4212 343
4213 344
4214 344
4215 344
4216 0
4217 0
4218 0
4219 0
4220 0
4221 0
4222 0
4223 0
4224 0
4225 0
4226 0
4227 345
4228 345
4229 345 346
4230 346
4231 346
4232 346
4233 346
4234 346
4235 346
4236 346
4237 346
4238 347
4239 347
4240 347
4241 347
4242 347
4243 347
4244 347
4245 347 348
4246 348
4247 348
4248 348
4249 348
4250 348 349
4251 349
4252 349
4253 349
4254 349
4255 349
4256 349
4257 349
4258 349
4259 349
4260 349
4261 349
4262 349
4263 349
4264 349
4265 349
4266 0
4267 0
4268 0
4269 350
4270 350
4271 350
4272 350
4273 350
4274 350
4275 350
4276 350
4277 350
4278 350
4279 350
4280 350
4281 350
4282 350
4283 350
4284 350
4285 350
4286 350
4287 350
4288 351
4289 351
4290 351
4291 351
4292 351
4293 351
4294 351
4295 351
4296 351
4297 351
4298 352
4299 352
4300 352
4301 352
4302 352
4303 352
4304 352
4305 352
4306 352
4307 352
4308 352
4309 352
4310 352
4311 352
4312 352
4313 352
4314 352
4315 352
4316 0
4317 0
4318 0
4319 0
4320 0
4321 0
4322 0
4323 0
4324 0
4325 0
4326 0
4327 0
4328 0
4329 0
4330 0
4331 0
4332 0
4333 0
4334 0
4335 0
4336 0
4337 0
4338 0
4339 0
4340 0
4341 0
4342 0
4343 0
4344 0
4345 0
4346 0
4347 0
4348 0
4349 0
4350 0
4351 0
4352 353
4353 353
4354 353
4355 353
4356 353
4357 353
4358 353
4359 353
4360 354
4361 354
4362 354
4363 354
4364 354
4365 354
4366 354
4367 354
4368 354
4369 0
4370 0
4371 0
4372 0
4373 0
4374 0
4375 0
4376 0
4377 0
4378 0
4379 0
4380 0
4381 0
4382 0
4383 0
4384 0
4385 355
4386 355
4387 355
4388 355
4389 0
4390 0
4391 0
4392 356
4393 356
4394 356
4395 356
4396 0
4397 0
4398 0
4399 0
4400 0
4401 357
4402 357
4403 357
4404 358
4405 358
4406 358
4407 358
4408 358
4409 0
4410 359
4411 359
4412 359
4413 359
4414 359
4415 359
4416 359
4417 359
4418 359
4419 359
4420 359
4421 360
4422 360
4423 360
4424 360
4425 360
4426 360
4427 360
4428 360
4429 361
4430 361
4431 361
4432 361
4433 361 362
4434 362
4435 362
4436 362
4437 362
4438 362
4439 362
4440 362
4441 362
4442 362
4443 362
4444 362
4445 362
4446 362
4447 0
4448 363
4449 363
4450 363
4451 363
4452 363
4453 363
4454 0
4455 0
4456 0
4457 364
4458 364
4459 365
4460 365
4461 365
4462 365
4463 365
4464 365
4465 365
4466 365
4467 366
4468 366
4469 366
4470 0
4471 0
4472 0
4473 0
4474 0
4475 0
4476 0
4477 0
4478 367
4479 367
4480 367
4481 0
4482 0
4483 0
4484 0
4485 0
4486 0
4487 368
4488 368
4489 368
4490 368
4491 368 369
4492 369
4493 369
4494 369 370
4495 370
4496 370
4497 370
4498 370
4499 370
4500 370
4501 370
4502 370
4503 370
4504 371
4505 371
4506 371
4507 371
4508 371
4509 371
4510 371
4511 0
4512 0
4513 372
4514 372
4515 372
4516 372
4517 372
4518 372
4519 372
4520 372
4521 372
4522 372
4523 372
4524 372
4525 372
4526 372
4527 372
4528 372
4529 372
4530 372
4531 372
4532 372
4533 373
4534 373
4535 373
4536 373
4537 374
4538 374
4539 374
4540 374
4541 374
4542 0
4543 0
4544 0
4545 0
4546 0
4547 0
4548 0
4549 0
4550 0
4551 0
4552 0
4553 0
4554 375
4555 375
4556 375
4557 375
4558 375
4559 375 376
4560 376
4561 376
4562 376
4563 376
4564 377
4565 377
4566 377
4567 377
4568 377
4569 377
4570 377
4571 377
4572 377
4573 377
4574 377
4575 377
4576 378
4577 378
4578 378
4579 378
4580 378
4581 378
4582 378
4583 378
4584 378
4585 378
4586 378
4587 378
4588 378 379
4589 379
4590 379
4591 379
4592 379
4593 379
4594 379
4595 379
4596 379
4597 380
4598 380
4599 380
4600 380
4601 380
4602 380
4603 380
4604 380
4605 380
4606 380
4607 380
4608 380
4609 380
4610 380
4611 0
4612 0
4613 0
4614 0
4615 0
4616 381
4617 381
4618 381
4619 381
4620 381
4621 381
4622 381
4623 381
4624 381
4625 381
4626 381
4627 381
4628 381
4629 0
4630 382
4631 382
4632 382
4633 382
4634 382
4635 382
4636 0
4637 0
4638 0
4639 0
4640 0
4641 0
4642 0
4643 0
4644 0
4645 0
4646 0
4647 0
4648 0
4649 0
4650 0
4651 0
4652 0
4653 0
4654 0
4655 383
4656 383
4657 383
4658 383
4659 383
4660 383
4661 383
4662 383
4663 383
4664 383
4665 383
4666 383
4667 383
4668 383
4669 0
4670 0
4671 0
4672 384
4673 384
4674 384
4675 384
4676 384
4677 384
4678 384
4679 384
4680 384
4681 384
4682 384
4683 384
4684 384
4685 384 385
4686 385
4687 385
4688 385
4689 385
4690 385
4691 385
4692 385
4693 385 386
4694 386
4695 386
4696 387
4697 387
4698 387
4699 0
4700 0
4701 0
4702 0
4703 0
4704 0
4705 0
4706 388
4707 388
4708 388
4709 388
4710 388
4711 388
4712 388
4713 388
4714 389
4715 389
4716 389
4717 389
4718 389
4719 389
4720 389
4721 389
4722 389
4723 389
4724 389
4725 389
4726 389
4727 389
4728 389
4729 389
4730 389
4731 389
4732 389
4733 389
4734 389
4735 389
4736 389
4737 389
4738 389
4739 389
4740 389
4741 389
4742 389
4743 0
4744 0
4745 0
4746 0
4747 0
4748 0
4749 0
4750 0
4751 0
4752 0
4753 0
4754 0
4755 0
4756 0
4757 0
4758 0
4759 0
4760 0
4761 390
4762 390
4763 390
4764 390
4765 390
4766 390
4767 390
4768 390
4769 390
4770 0
4771 0
4772 0
4773 0
4774 0
4775 0
4776 0
4777 0
4778 0
4779 0
4780 0
4781 0
4782 0
4783 0
4784 0
4785 0
4786 0
4787 0
4788 0
4789 0
4790 0
4791 0
4792 0
4793 0
4794 0
4795 0
4796 0
4797 0
4798 0
4799 0
4800 0
4801 0
4802 0
4803 0
4804 0
4805 0
4806 0
4807 0
4808 0
4809 0
4810 0
4811 0
4812 0
4813 0
4814 0
4815 0
4816 0
4817 0
4818 0
4819 0
4820 0
4821 0
4822 0
4823 0
4824 0
4825 0
4826 0
4827 0
4828 0
4829 0
4830 0
4831 0
4832 0
4833 0
4834 391
4835 391
4836 391
4837 391
4838 391
4839 391
4840 391
4841 391
4842 391
4843 391
4844 391
4845 0
4846 0
4847 0
4848 0
4849 0
4850 0
4851 0
4852 0
4853 0
4854 0
4855 0
4856 0
4857 0
4858 0
4859 0
4860 0
4861 0
4862 0
4863 0
4864 0
4865 0
4866 0
4867 0
4868 0
4869 0
4870 0
4871 392
4872 392
4873 392
4874 392
4875 392
4876 392
4877 392
4878 392
4879 392
4880 0
4881 393
4882 393
4883 393
4884 393
4885 393
4886 393
4887 393
4888 393
4889 393
4890 393 394
4891 394
4892 394
4893 394 395
4894 395
4895 395
4896 395
4897 395
4898 395
4899 395
4900 395
4901 395
4902 395
4903 395
4904 395
4905 395
4906 0
4907 0
4908 0
4909 0
4910 0
4911 0
4912 0
4913 0
4914 0
4915 0
4916 0
4917 0
4918 0
4919 0
4920 0
4921 396
4922 396
4923 396
4924 396 397
4925 397
4926 397
4927 397
4928 397
4929 397
4930 397
4931 397
4932 397
4933 397
4934 398
4935 398
4936 398
4937 398
4938 398
4939 398
4940 0
4941 399
4942 399
4943 399
4944 399
4945 399
4946 399
4947 399
4948 399
4949 399
4950 399
4951 399
4952 399
4953 399
4954 399
4955 0
4956 0
4957 400
4958 400
4959 400
4960 400
4961 400
4962 400
4963 400
4964 400
4965 400
4966 400
4967 400
4968 400
4969 401
4970 401
4971 401
4972 0
4973 0
4974 0
4975 0
4976 0
4977 0
4978 0
4979 0
4980 0
4981 0
4982 0
4983 0
4984 0
4985 0
4986 0
4987 0
4988 0
4989 0
4990 0
