1 0
2 0
3 0
4 0
5 0
6 0
7 0
8 1
9 1
10 1
11 1
12 1
13 1
14 1
15 1
16 1
17 1
18 1
19 1
20 1
21 1
22 0
23 0
24 0
25 0
26 0
27 0
28 0
29 0
30 0
31 0
32 2
33 2
34 2
35 2
36 3
37 3
38 3
39 3
40 3
41 3
42 3
43 3
44 3
45 3
46 3
47 3
48 3
49 3
50 3
51 3
52 3
53 3
54 3
55 3
56 0
57 4
58 4
59 4
60 4
61 4
62 4
63 4
64 4
65 4
66 4
67 4
68 4
69 4
70 4
71 4
72 4
73 4
74 4
75 4
76 0
77 0
78 0
79 0
80 0
81 0
82 0
83 0
84 0
85 0
86 0
87 0
88 0
89 0
90 0
91 0
92 0
93 0
94 0
95 0
96 0
97 0
98 0
99 0
100 0
101 0
102 0
103 0
104 0
105 0
106 0
107 0
108 0
109 0
110 0
111 0
112 0
113 0
114 0
115 0
116 0
117 0
118 0
119 0
120 0
121 0
122 0
123 0
124 0
125 0
126 0
127 0
128 0
129 0
130 0
131 5
132 5
133 5
134 5
135 5
136 5
137 5
138 5
139 5
140 5 6
141 6
142 6
143 6
144 6
145 6
146 6
147 0
148 0
149 0
150 0
151 0
152 0
153 0
154 0
155 0
156 0
157 0
158 0
159 0
160 7
161 7
162 7
163 7
164 7
165 7
166 7
167 7
168 7
169 7
170 7
171 7
172 7
173 7
174 7
175 7
176 0
177 0
178 0
179 0
180 0
181 0
182 0
183 0
184 0
185 0
186 0
187 0
188 0
189 8
190 8
191 8
192 8
193 8
194 8
195 0
196 0
197 9
198 9
199 9
200 9
201 9
202 9
203 9 10
204 10
205 10
206 10
207 10
208 10
209 10
210 10
211 10
212 10
213 10
214 10
215 0
216 0
217 0
218 0
219 0
220 0
221 0
222 0
223 0
224 11
225 11
226 11
227 11
228 11
229 11
230 11
231 11 12
232 12
233 12
234 12
235 12
236 12
237 12
238 12
239 12
240 0
241 0
242 13
243 13
244 13
245 13
246 13
247 13
248 13
249 13
250 13
251 13
252 13
253 13
254 13
255 13
256 13
257 14
258 14
259 14
260 14
261 14
262 14
263 14
264 14
265 14
266 14
267 14
268 14
269 14
270 14
271 14 15
272 15
273 15
274 15
275 15
276 15
277 15
278 15
279 15
280 15
281 15
282 15
283 0
284 0
285 0
286 0
287 0
288 0
289 0
290 0
291 0
292 0
293 0
294 0
295 0
296 0
297 0
298 0
299 0
300 0
301 0
302 0
303 0
304 16
305 16
306 16
307 17
308 17
309 17
310 17
311 17
312 17
313 17
314 17
315 0
316 18
317 18
318 18
319 18
320 18
321 18
322 18
323 18
324 18
325 0
326 0
327 0
328 0
329 0
330 0
331 0
332 0
333 0
334 0
335 19
336 19
337 19
338 19
339 19
340 19
341 19
342 19
343 19
344 20
345 20
346 20
347 20
348 20
349 20
350 20
351 20
352 20
353 20
354 20
355 20
356 0
357 21
358 21
359 21
360 21
361 21
362 21
363 21
364 21
365 21
366 21
367 21
368 21
369 22
370 22
371 22
372 22
373 22
374 22
375 22
376 22
377 22
378 22
379 22
380 22
381 23
382 23
383 23
384 23
385 23
386 23
387 23
388 23 24
389 24
390 24
391 24
392 25
393 25
394 25
395 25
396 25
397 25
398 25
399 25
400 25
401 25
402 25
403 25
404 25 26
405 26
406 26
407 26
408 26
409 26
410 26
411 27
412 27
413 27
414 27
415 27
416 27
417 27
418 27
419 27
420 27
421 27
422 27
423 27
424 27
425 27
426 27
427 27
428 27
429 27
430 27
431 27
432 27
433 27
434 27
435 27
436 0
437 0
438 28
439 28
440 28 29
441 29
442 29
443 29
444 29
445 29
446 0
447 0
448 0
449 0
450 0
451 0
452 0
453 0
454 0
455 0
456 0
457 0
458 0
459 0
460 0
461 0
462 0
463 0
464 0
465 0
466 0
467 0
468 0
469 0
470 0
471 0
472 0
473 0
474 30
475 30
476 30
477 30
478 30
479 30
480 30
481 30
482 30 31
483 31
484 31
485 31
486 31
487 0
488 32
489 32
490 32
491 32
492 32
493 32
494 32
495 32 33
496 33
497 33
498 33
499 33
500 33
501 33
502 0
503 0
504 0
505 0
506 0
507 0
508 0
509 0
510 0
511 0
512 0
513 0
514 0
515 0
516 0
517 0
518 0
519 0
520 0
521 0
522 0
523 0
524 0
525 0
526 0
527 0
528 0
529 0
530 0
531 0
532 0
533 0
534 34
535 34
536 34
537 34
538 34
539 34
540 34
541 34
542 34
543 34
544 34
545 34
546 34
547 34
548 0
549 0
550 0
551 0
552 0
553 0
554 0
555 0
556 0
557 0
558 0
559 0
560 0
561 0
562 0
563 0
564 0
565 0
566 0
567 0
568 0
569 0
570 0
571 0
572 0
573 0
574 0
575 0
576 0
577 0
578 0
579 0
580 0
581 0
582 0
583 0
584 0
585 0
586 0
587 0
588 35
589 35
590 35
591 35
592 35
593 35
594 35
595 35
596 35
597 35
598 35
599 35
600 0
601 0
602 0
603 0
604 36
605 36
606 36
607 36
608 36
609 36
610 36
611 36
612 37
613 37
614 37
615 37
616 0
617 0
618 0
619 0
620 0
621 0
622 38
623 38
624 38
625 38
626 38
627 38
628 0
629 0
630 0
631 0
632 0
633 0
634 0
635 0
636 0
637 0
638 0
639 0
640 0
641 0
642 0
643 0
644 0
645 0
646 0
647 0
648 0
649 0
650 0
651 0
652 0
653 0
654 0
655 0
656 0
657 0
658 0
659 0
660 0
661 0
662 0
663 0
664 0
665 0
666 0
667 0
668 0
669 0
670 0
671 0
672 0
673 0
674 0
675 0
676 0
677 0
678 0
679 0
680 0
681 0
682 0
683 0
684 0
685 0
686 0
687 0
688 0
689 0
690 0
691 0
692 0
693 0
694 0
695 0
696 0
697 0
698 0
699 0
700 0
701 0
702 0
703 0
704 0
705 0
706 0
707 0
708 39
709 39
710 39
711 39
712 39
713 39
714 39
715 39
716 39
717 0
718 0
719 0
720 0
721 0
722 0
723 0
724 0
725 0
726 0
727 0
728 0
729 0
730 0
731 0
732 0
733 0
734 0
735 0
736 0
737 0
738 0
739 0
740 0
741 0
742 0
743 0
744 0
745 0
746 0
747 0
748 0
749 0
750 0
751 0
752 40
753 40
754 40
755 0
756 41
757 41
758 41
759 41
760 41
761 41
762 42
763 42
764 42
765 0
766 0
767 0
768 0
769 0
770 0
771 0
772 43
773 43
774 43
775 43
776 43
777 43
778 43
779 43
780 43
781 43
782 43
783 43
784 0
785 0
786 0
787 0
788 0
789 0
790 0
791 0
792 44
793 44
794 44
795 44
796 44
797 44
798 44
799 44
800 44
801 44
802 44
803 44
804 44
805 44
806 44
807 44
808 44
809 45
810 45
811 45
812 45
813 45
814 45
815 45
816 45
817 45
818 45
819 45
820 45
821 45
822 45
823 45
824 0
825 46
826 46
827 0
828 0
829 47
830 47
831 47
832 47
833 47
834 48
835 48
836 48
837 0
838 0
839 0
840 0
841 0
842 0
843 0
844 0
845 0
846 0
847 0
848 0
849 0
850 0
851 0
852 49
853 49
854 49
855 49
856 49
857 49
858 49
859 49
860 49
861 0
862 0
863 0
864 0
865 0
866 0
867 0
868 0
869 0
870 0
871 0
872 0
873 0
874 0
875 0
876 0
877 0
878 0
879 0
880 0
881 0
882 0
883 0
884 0
885 0
886 0
887 0
888 0
889 0
890 0
891 0
892 0
893 0
894 0
895 50
896 50
897 50
898 50
899 50
900 0
901 0
902 0
903 0
904 51
905 51
906 51
907 51
908 51
909 51
910 51
911 51
912 51
913 51
914 51
915 51
916 51
917 51
918 51
919 51
920 51
921 51
922 51
923 51
924 51
925 51
926 51
927 52
928 52
929 52
930 52
931 52
932 52
933 52
934 52 53
935 53
936 53
937 53
938 53
939 53
940 53
941 54
942 54
943 54
944 54
945 54
946 54
947 54
948 54
949 55
950 55
951 55
952 0
953 0
954 56
955 56
956 56
957 56
958 56
959 0
960 0
961 0
962 0
963 0
964 0
965 0
966 0
967 57
968 57
969 57
970 57
971 57
972 57
973 57
974 57
975 57
976 57
977 58
978 58
979 58
980 0
981 59
982 59
983 59
984 0
985 0
986 0
987 0
988 0
989 0
990 0
991 0
992 0
993 0
994 0
995 0
996 0
997 0
998 0
999 0
1000 0
1001 0
1002 0
1003 0
1004 0
1005 0
1006 0
1007 0
1008 0
1009 60
1010 60
1011 60
1012 60
1013 60
1014 60
1015 60
1016 0
1017 0
1018 0
1019 0
1020 0
1021 0
1022 0
1023 0
1024 0
1025 0
1026 0
1027 0
1028 0
1029 0
1030 0
1031 0
1032 0
1033 0
1034 0
1035 0
1036 0
1037 0
1038 0
1039 0
1040 0
1041 0
1042 0
1043 0
1044 0
1045 0
1046 0
1047 0
1048 0
1049 0
1050 0
1051 0
1052 0
1053 0
1054 0
1055 0
1056 0
1057 0
1058 0
1059 0
1060 0
1061 0
1062 0
1063 0
1064 0
1065 0
1066 0
1067 61
1068 61
1069 61
1070 61
1071 0
1072 62
1073 62
1074 62
1075 63
1076 63
1077 63
1078 63
1079 0
1080 0
1081 0
1082 0
1083 0
1084 0
1085 0
1086 0
1087 0
1088 0
1089 0
1090 0
1091 0
1092 64
1093 64
1094 64
1095 0
1096 0
1097 0
1098 0
1099 0
1100 0
1101 0
1102 0
1103 0
1104 0
1105 0
1106 0
1107 0
1108 0
1109 0
1110 0
1111 0
1112 0
1113 0
1114 0
1115 65
1116 65
1117 65
1118 65
1119 65
1120 65
1121 65
1122 65
1123 65
1124 65
1125 65
1126 65
1127 66
1128 66
1129 66
1130 66
1131 66
1132 66
1133 66
1134 66
1135 66
1136 66
1137 67
1138 67
1139 67
1140 67
1141 67
1142 0
1143 0
1144 0
1145 0
1146 0
1147 0
1148 0
1149 0
1150 0
1151 0
1152 0
1153 0
1154 0
1155 0
1156 0
1157 0
1158 0
1159 0
1160 0
1161 0
1162 0
1163 0
1164 0
1165 0
1166 0
1167 0
1168 0
1169 0
1170 0
1171 0
1172 0
1173 0
1174 0
1175 0
1176 0
1177 0
1178 0
1179 0
1180 0
1181 0
1182 0
1183 0
1184 0
1185 0
1186 0
1187 0
1188 0
1189 0
1190 0
1191 0
1192 0
1193 0
1194 0
1195 0
1196 0
1197 0
1198 0
1199 0
1200 0
1201 0
1202 0
1203 0
1204 0
1205 0
1206 0
1207 0
1208 0
1209 0
1210 0
1211 0
1212 0
1213 0
1214 0
1215 0
1216 0
1217 0
1218 0
1219 0
1220 0
1221 0
1222 0
1223 0
1224 0
1225 0
1226 0
1227 0
1228 0
1229 0
1230 0
1231 0
1232 0
1233 0
1234 0
1235 0
1236 0
1237 0
1238 0
1239 0
1240 0
1241 0
1242 0
1243 0
1244 0
1245 0
1246 0
1247 0
1248 0
1249 0
1250 68
1251 68
1252 68
1253 68
1254 68
1255 68
1256 68
1257 68
1258 68
1259 68
1260 68
1261 0
1262 0
1263 0
1264 0
1265 0
1266 0
1267 0
1268 0
1269 0
1270 0
1271 0
1272 0
1273 0
1274 0
1275 0
1276 0
1277 0
1278 0
1279 0
1280 0
1281 0
1282 0
1283 0
1284 0
1285 0
1286 0
1287 0
1288 0
1289 0
1290 0
1291 0
1292 0
1293 0
1294 0
1295 0
1296 69
1297 69
1298 69
1299 69
1300 69
1301 69
1302 69
1303 69
1304 69
1305 69
1306 69
1307 69
1308 69
1309 0
1310 0
1311 0
1312 0
1313 0
1314 0
1315 0
1316 0
1317 0
1318 0
1319 0
1320 0
1321 0
1322 0
1323 0
1324 0
1325 0
1326 0
1327 0
1328 0
1329 0
1330 0
1331 0
1332 0
1333 0
1334 0
1335 0
1336 0
1337 0
1338 0
1339 0
1340 0
1341 0
1342 0
1343 0
1344 0
1345 0
1346 0
1347 0
1348 0
1349 0
1350 0
1351 0
1352 0
1353 0
1354 0
1355 70
1356 70
1357 70
1358 70
1359 70
1360 0
1361 71
1362 71
1363 71
1364 71
1365 71
1366 71
1367 71
1368 71
1369 71
1370 71
1371 71
1372 0
1373 0
1374 0
1375 72
1376 72
1377 72
1378 72
1379 72
1380 72
1381 72
1382 72
1383 72
1384 72
1385 72
1386 72
1387 72
1388 0
1389 0
1390 0
1391 73
1392 73
1393 73
1394 0
1395 0
1396 0
1397 0
1398 0
1399 0
1400 0
1401 0
1402 0
1403 0
1404 0
1405 0
1406 74
1407 74
1408 74
1409 0
1410 0
1411 0
1412 75
1413 75
1414 75
1415 75
1416 75
1417 75
1418 75
1419 0
1420 0
1421 0
1422 0
1423 0
1424 0
1425 76
1426 76
1427 76
1428 76
1429 0
1430 0
1431 77
1432 77
1433 77
1434 77
1435 77
1436 77
1437 0
1438 0
1439 0
1440 0
1441 0
1442 0
1443 0
1444 0
1445 0
1446 0
1447 0
1448 0
1449 0
1450 0
1451 0
1452 0
1453 0
1454 0
1455 0
1456 0
1457 0
1458 0
1459 0
1460 0
1461 0
1462 78
1463 78
1464 78
1465 78
1466 78
1467 78
1468 78
1469 0
1470 0
1471 0
1472 0
1473 79
1474 79
1475 79
1476 79
1477 0
1478 0
1479 0
1480 80
1481 80
1482 80
1483 80
1484 0
1485 0
1486 0
1487 0
1488 0
1489 0
1490 0
1491 0
1492 0
1493 0
1494 0
1495 0
1496 0
1497 0
1498 0
1499 0
1500 0
1501 0
1502 0
1503 0
1504 0
1505 0
1506 0
1507 0
1508 81
1509 81
1510 81
1511 0
1512 0
1513 0
1514 0
1515 0
1516 0
1517 0
1518 0
1519 0
1520 0
1521 0
1522 0
1523 0
1524 0
1525 0
1526 0
1527 0
1528 0
1529 0
1530 0
1531 0
1532 0
1533 0
1534 0
1535 0
1536 0
1537 82
1538 82
1539 82
1540 82
1541 82
1542 82
1543 82
1544 82
1545 82
1546 82
1547 82
1548 82 83
1549 83
1550 83
1551 83
1552 83
1553 83
1554 83
1555 83
1556 83
1557 0
1558 0
1559 0
1560 0
1561 0
1562 0
1563 0
1564 84
1565 84
1566 84
1567 84 85
1568 85
1569 85
1570 85
1571 85 86
1572 86
1573 86
1574 86
1575 0
1576 0
1577 0
1578 0
1579 0
1580 0
1581 0
1582 0
1583 0
1584 0
1585 0
1586 0
1587 0
1588 0
1589 0
1590 0
1591 0
1592 0
1593 0
1594 0
1595 0
1596 0
1597 0
1598 0
1599 87
1600 87
1601 87
1602 87
1603 0
1604 0
1605 0
1606 0
1607 0
1608 0
1609 0
1610 88
1611 88
1612 88
1613 0
1614 0
1615 0
1616 0
1617 0
1618 0
1619 0
1620 0
1621 0
1622 0
1623 0
1624 0
1625 0
1626 0
1627 0
1628 0
1629 0
1630 0
1631 0
1632 0
1633 0
1634 0
1635 0
1636 0
1637 0
1638 0
1639 0
1640 0
1641 0
1642 0
1643 0
1644 0
1645 0
1646 0
1647 0
1648 0
1649 0
1650 0
1651 0
1652 0
1653 0
1654 0
1655 0
1656 0
1657 0
1658 0
1659 0
1660 0
1661 0
1662 0
1663 0
1664 0
1665 0
1666 0
1667 0
1668 0
1669 0
1670 0
1671 0
1672 0
1673 0
1674 0
1675 0
1676 0
1677 0
1678 0
1679 0
1680 0
1681 0
1682 0
1683 0
1684 0
1685 0
1686 0
1687 89
1688 89
1689 89
1690 89
1691 89
1692 89
1693 89
1694 89
1695 89
1696 89
1697 89
1698 0
1699 0
1700 0
1701 0
1702 0
1703 90
1704 90
1705 90
1706 90
1707 90
1708 0
1709 0
1710 0
1711 0
1712 0
1713 0
1714 0
1715 0
1716 0
1717 0
1718 0
1719 0
1720 0
1721 0
1722 0
1723 0
1724 0
1725 0
1726 0
1727 0
1728 0
1729 0
1730 0
1731 0
1732 0
1733 0
1734 0
1735 0
1736 0
1737 0
1738 0
1739 0
1740 0
1741 0
1742 0
1743 0
1744 0
1745 0
1746 0
1747 0
1748 0
1749 0
1750 0
1751 0
1752 0
1753 0
1754 0
1755 0
1756 0
1757 0
1758 0
1759 0
1760 0
1761 0
1762 0
1763 0
1764 0
1765 0
1766 0
1767 0
1768 0
1769 0
1770 0
1771 0
1772 0
1773 0
1774 0
1775 0
1776 0
1777 0
1778 0
1779 0
1780 0
1781 0
1782 0
1783 0
1784 0
1785 0
1786 0
1787 0
1788 0
1789 0
1790 0
1791 0
1792 0
1793 0
1794 0
1795 0
1796 0
1797 0
1798 0
1799 0
1800 0
1801 0
1802 0
1803 0
1804 0
1805 0
1806 0
1807 0
1808 0
1809 0
1810 0
1811 0
1812 0
1813 0
1814 0
1815 0
1816 0
1817 0
1818 0
1819 0
1820 0
1821 0
1822 0
1823 0
1824 0
1825 0
1826 0
1827 0
1828 0
1829 0
1830 0
1831 0
1832 0
1833 0
1834 0
1835 0
1836 0
1837 0
1838 0
1839 0
1840 0
1841 0
1842 0
1843 0
1844 0
1845 0
1846 0
1847 0
1848 0
1849 0
1850 0
1851 0
1852 0
1853 0
1854 0
1855 0
1856 0
1857 0
1858 0
1859 0
1860 0
1861 0
1862 0
1863 0
1864 0
1865 0
1866 0
1867 0
1868 0
1869 0
1870 0
1871 0
1872 0
1873 0
1874 0
1875 0
1876 0
1877 0
1878 0
1879 0
1880 0
1881 0
1882 0
1883 0
1884 0
1885 0
1886 0
1887 0
1888 0
1889 0
1890 0
1891 0
1892 0
1893 0
1894 0
1895 0
1896 0
1897 0
1898 0
1899 0
1900 0
1901 0
1902 0
1903 0
1904 0
1905 0
1906 0
1907 0
1908 0
1909 0
1910 0
1911 0
1912 0
1913 0
1914 0
1915 0
1916 0
1917 0
1918 0
1919 91
1920 91
1921 91
1922 91
1923 91
1924 91
1925 91
1926 91
1927 91
1928 91
1929 91
1930 91
1931 91
1932 91
1933 91
1934 91
1935 91
1936 91
1937 91
1938 91
1939 91
1940 91
1941 0
1942 0
1943 0
1944 0
1945 0
1946 0
1947 0
1948 0
1949 0
1950 0
1951 0
1952 0
1953 0
1954 0
1955 0
1956 0
1957 0
1958 0
1959 0
1960 0
1961 0
1962 0
1963 0
1964 0
1965 0
1966 0
1967 0
1968 0
1969 0
1970 0
1971 0
1972 0
1973 0
1974 0
1975 0
1976 0
1977 0
1978 0
1979 0
1980 0
1981 0
1982 0
1983 0
1984 0
1985 0
1986 0
1987 0
1988 0
1989 0
1990 0
1991 0
1992 0
1993 0
1994 0
1995 0
1996 0
1997 0
1998 0
1999 92
2000 92
2001 92
2002 93
2003 93
2004 93
2005 93
2006 93
2007 93
2008 93
2009 93
2010 93
2011 93
2012 93
2013 0
2014 0
2015 0
2016 0
2017 0
2018 94
2019 94
2020 94
2021 94
2022 94
2023 0
2024 0
2025 0
2026 0
2027 0
2028 0
2029 0
2030 0
2031 0
2032 0
2033 0
2034 0
2035 95
2036 95
2037 95
2038 95
2039 95
2040 95
2041 95
2042 95
2043 95
2044 96
2045 96
2046 96
2047 96
2048 96
2049 96
2050 97
2051 97
2052 97
2053 97
2054 97
2055 97
2056 98
2057 98
2058 98
2059 98
2060 98
2061 98
2062 98
2063 0
2064 0
2065 0
2066 0
2067 0
2068 0
2069 0
2070 0
2071 0
2072 0
2073 0
2074 0
2075 0
2076 0
2077 0
2078 0
2079 0
2080 0
2081 0
2082 0
2083 0
2084 0
2085 0
2086 0
2087 0
2088 0
2089 0
2090 0
2091 0
2092 0
2093 0
2094 0
2095 0
2096 0
2097 0
2098 0
2099 0
2100 0
2101 0
2102 0
2103 0
2104 0
2105 0
2106 0
2107 0
2108 0
2109 0
2110 0
2111 0
2112 0
2113 0
2114 99
2115 99
2116 99
2117 99
2118 99
2119 99
2120 99
2121 99
2122 0
2123 0
2124 0
2125 0
2126 0
2127 0
2128 0
2129 0
2130 0
2131 0
2132 0
2133 0
2134 0
2135 0
2136 0
2137 0
2138 100
2139 100
2140 100
2141 100
2142 0
2143 0
2144 0
2145 0
2146 0
2147 0
2148 0
2149 101
2150 101
2151 101
2152 101
2153 101
2154 101
2155 101
2156 101
2157 0
2158 0
2159 0
2160 0
2161 0
2162 0
2163 0
2164 0
2165 0
2166 102
2167 102
2168 102
2169 102
2170 102
2171 102
2172 102
2173 102
2174 0
2175 103
2176 103
2177 103
2178 103
2179 0
2180 104
2181 104
2182 104
2183 104
2184 105
2185 105
2186 105
2187 105
2188 105
2189 106
2190 106
2191 106
2192 106
2193 106
2194 106 107
2195 107
2196 107
2197 107
2198 107
2199 107
2200 107
2201 107
2202 107
2203 0
2204 0
2205 0
2206 0
2207 0
2208 0
2209 0
2210 0
2211 0
2212 0
2213 0
2214 0
2215 0
2216 0
2217 0
2218 0
2219 0
2220 0
2221 0
2222 0
2223 0
2224 0
2225 0
2226 0
2227 0
2228 0
2229 0
2230 0
2231 0
2232 0
2233 0
2234 0
2235 0
2236 0
2237 0
2238 0
2239 0
2240 0
2241 108
2242 108
2243 0
2244 0
2245 0
2246 0
2247 0
2248 0
2249 0
2250 0
2251 0
2252 0
2253 0
2254 0
2255 0
2256 0
2257 0
2258 0
2259 0
2260 0
2261 0
2262 0
2263 0
2264 0
2265 0
2266 0
2267 0
2268 0
2269 0
2270 0
2271 0
2272 0
2273 0
2274 0
2275 0
2276 0
2277 0
2278 0
2279 0
2280 0
2281 0
2282 0
2283 0
2284 0
2285 0
2286 0
2287 0
2288 0
2289 0
2290 0
2291 0
2292 109
2293 109
2294 109
2295 109
2296 109
2297 109
2298 109
2299 0
2300 0
2301 110
2302 110
2303 110
2304 110
2305 110
2306 110
2307 110
2308 110
2309 110
2310 110
2311 110
2312 110
2313 110
2314 110
2315 110
2316 110
2317 110
2318 110
2319 110
2320 110
2321 110
2322 110
2323 110
2324 110
2325 110
2326 110
2327 110
2328 110
2329 110
2330 110
2331 110
2332 110
2333 110
2334 110
2335 110
2336 110
2337 110
2338 110
2339 110
2340 110
2341 110
2342 110
2343 110
2344 110
2345 110
2346 110
2347 110
2348 110
2349 110
2350 110 111
2351 111
2352 111
2353 111
2354 111
2355 111
2356 111
2357 111
2358 111
2359 111
2360 111 112
2361 112
2362 112
2363 112
2364 112
2365 112
2366 112
2367 112
2368 112
2369 112
2370 0
2371 113
2372 113
2373 113
2374 113
2375 113
2376 113
2377 113
2378 113
2379 113
2380 113
2381 113
2382 0
2383 0
2384 0
2385 0
2386 0
2387 0
2388 0
2389 0
2390 114
2391 114
2392 114
2393 114 115
2394 115
2395 115
2396 115
2397 115
2398 115
2399 115
2400 0
2401 0
2402 0
2403 0
2404 0
2405 0
2406 0
2407 0
2408 0
2409 0
2410 0
2411 0
2412 0
2413 0
2414 0
2415 0
2416 0
2417 0
2418 0
2419 0
2420 0
2421 0
2422 0
2423 0
2424 0
2425 0
2426 0
2427 0
2428 0
2429 0
2430 0
2431 0
2432 0
2433 0
2434 0
2435 0
2436 0
2437 0
2438 0
2439 0
2440 0
2441 0
2442 0
2443 0
2444 0
2445 0
2446 116
2447 116
2448 116
2449 116
2450 116
2451 116
2452 116
2453 0
2454 0
2455 117
2456 117
2457 117
2458 117
2459 0
2460 118
2461 118
2462 118
2463 118
2464 118
2465 118
2466 0
2467 0
2468 0
2469 0
2470 0
2471 0
2472 0
2473 0
2474 0
2475 0
2476 0
2477 0
2478 0
2479 0
2480 0
2481 0
2482 0
2483 0
2484 0
2485 0
2486 0
2487 0
2488 0
2489 0
2490 0
2491 0
2492 0
2493 0
2494 0
2495 0
2496 0
2497 0
2498 0
2499 0
2500 0
2501 0
2502 0
2503 0
2504 0
2505 0
2506 0
2507 0
2508 0
2509 0
2510 0
2511 0
2512 0
2513 0
2514 0
2515 0
2516 0
2517 0
2518 0
2519 0
2520 0
2521 0
2522 0
2523 0
2524 0
2525 0
2526 0
2527 0
2528 0
2529 0
2530 0
2531 0
2532 0
2533 0
2534 0
2535 0
2536 0
2537 0
2538 0
2539 0
2540 0
2541 0
2542 0
2543 0
2544 0
2545 0
2546 0
2547 0
2548 0
2549 0
2550 0
2551 0
2552 0
2553 0
2554 0
2555 0
2556 0
2557 0
2558 0
2559 0
2560 0
2561 0
2562 0
2563 0
2564 0
2565 0
2566 0
2567 0
2568 0
2569 0
2570 0
2571 0
2572 0
2573 0
2574 119
2575 119
2576 119
2577 119
2578 119
2579 119
2580 119
2581 119
2582 119
2583 119
2584 119
2585 119
2586 119
2587 119
2588 119
2589 0
2590 0
2591 0
2592 0
2593 0
2594 0
2595 120
2596 120
2597 120
2598 120
2599 120
2600 120
2601 120
2602 120
2603 121
2604 121
2605 121
2606 121
2607 121
2608 121
2609 121
2610 121
2611 121
2612 121
2613 121
2614 121
2615 121
2616 121
2617 122
2618 122
2619 122
2620 122
2621 0
2622 0
2623 0
2624 0
2625 123
2626 123
2627 123
2628 123 124
2629 124
2630 124
2631 124
2632 124
2633 124
2634 124
2635 124
2636 124
2637 0
2638 0
2639 0
2640 0
2641 0
2642 0
2643 0
2644 0
2645 0
2646 0
2647 0
2648 0
2649 0
2650 125
2651 125
2652 125
2653 0
2654 0
2655 0
2656 0
2657 0
2658 0
2659 0
2660 0
2661 0
2662 0
2663 0
2664 0
2665 0
2666 0
2667 0
2668 0
2669 0
2670 0
2671 0
2672 0
2673 126
2674 126
2675 126
2676 126
2677 126
2678 126
2679 126 127
2680 127
2681 127
2682 0
2683 0
2684 0
2685 0
2686 0
2687 0
2688 0
2689 0
2690 0
2691 0
2692 0
2693 128
2694 128
2695 128
2696 0
2697 0
2698 0
2699 0
2700 0
2701 0
2702 0
2703 129
2704 129
2705 129
2706 129
2707 129
2708 129
2709 0
2710 0
2711 0
2712 0
2713 0
2714 130
2715 130
2716 130 131
2717 131
2718 131
2719 131
2720 131
2721 131 132
2722 132
2723 132
2724 0
2725 0
2726 0
2727 0
2728 0
2729 0
2730 0
2731 0
2732 0
2733 0
2734 0
2735 0
2736 0
2737 0
2738 0
2739 0
2740 0
2741 0
2742 0
2743 0
2744 0
2745 133
2746 133
2747 133
2748 133
2749 133
2750 133
2751 133
2752 133
2753 133
2754 133
2755 133
2756 133
2757 133
2758 0
2759 0
2760 0
2761 0
2762 0
2763 0
2764 0
2765 0
2766 0
2767 0
2768 0
2769 0
2770 0
2771 0
2772 0
2773 0
2774 0
2775 0
2776 0
2777 134
2778 134
2779 134
2780 134
2781 134
2782 0
2783 135
2784 135
2785 135
2786 0
2787 0
2788 0
2789 0
2790 0
2791 0
2792 0
2793 0
2794 0
2795 0
2796 0
2797 0
2798 0
2799 0
2800 0
2801 0
2802 0
2803 0
2804 0
2805 136
2806 136
2807 136
2808 136
2809 136
2810 136
2811 136
2812 0
2813 0
2814 0
2815 0
2816 0
2817 0
2818 0
2819 0
2820 0
2821 0
2822 0
2823 0
2824 0
2825 0
2826 0
2827 0
2828 0
2829 0
2830 0
2831 0
2832 0
2833 0
2834 0
2835 0
2836 0
2837 0
2838 137
2839 137
2840 137
2841 137
2842 137
2843 137
2844 137
2845 137
2846 137
2847 0
2848 0
2849 0
2850 0
2851 0
2852 0
2853 0
2854 0
2855 0
2856 0
2857 0
2858 0
2859 0
2860 0
2861 0
2862 0
2863 0
2864 0
2865 0
2866 0
2867 0
2868 0
2869 0
2870 0
2871 0
2872 0
2873 0
2874 0
2875 0
2876 0
2877 0
2878 0
2879 0
2880 0
2881 0
2882 0
2883 0
2884 0
2885 0
2886 0
2887 0
2888 0
2889 0
2890 0
2891 0
2892 0
2893 0
2894 0
2895 0
2896 0
2897 0
2898 0
2899 0
2900 0
2901 0
2902 0
2903 0
2904 0
2905 0
2906 0
2907 0
2908 0
2909 0
2910 0
2911 0
2912 0
2913 0
2914 0
2915 0
2916 0
2917 0
2918 0
2919 0
2920 0
2921 0
2922 0
2923 0
2924 0
2925 0
2926 0
2927 0
2928 0
2929 0
2930 0
2931 0
2932 0
2933 0
2934 0
2935 0
2936 0
2937 0
2938 0
2939 0
2940 0
2941 0
2942 0
2943 138
2944 138
2945 138
2946 138
2947 138
2948 138
2949 138
2950 138
2951 138
2952 138
2953 138
2954 138
2955 138
2956 138
2957 138
2958 138
2959 138
2960 138
2961 138
2962 138
2963 138
2964 138
2965 138
2966 138
2967 138
2968 138
2969 138
2970 138
2971 138
2972 138
2973 0
2974 0
2975 0
2976 0
2977 0
2978 0
2979 0
2980 0
2981 0
2982 0
2983 139
2984 139
2985 139
2986 139
2987 139
2988 139
2989 139
2990 139
2991 139
2992 139
2993 139
2994 139
2995 139
2996 139
2997 139
2998 139
2999 140
3000 140
3001 140
3002 140
3003 140
3004 140
3005 140
3006 140
3007 141
3008 141
3009 141
3010 141
3011 141
3012 141
3013 141
3014 141
3015 141
3016 141
3017 141
3018 141
3019 142
3020 142
3021 142
3022 142
3023 142
3024 142
3025 142
3026 142
3027 142
3028 142
3029 142
3030 142
3031 142
3032 142
3033 142
3034 142
3035 142
3036 142
3037 142
3038 0
3039 0
3040 0
3041 143
3042 143
3043 144
3044 144
3045 144
3046 0
3047 0
3048 0
3049 0
3050 0
3051 0
3052 0
3053 0
3054 0
3055 0
3056 0
3057 145
3058 145
3059 145
3060 146
3061 146
3062 146
3063 146
3064 146
3065 146
3066 146
3067 146
3068 146
3069 0
3070 0
3071 0
3072 0
3073 147
3074 147
3075 147
3076 0
3077 0
3078 0
3079 0
3080 148
3081 148
3082 148
3083 148
3084 0
3085 149
3086 149
3087 0
3088 0
3089 0
3090 0
3091 0
3092 0
3093 0
3094 0
3095 0
3096 0
3097 0
3098 0
3099 0
3100 0
3101 0
3102 0
3103 0
3104 0
3105 0
3106 0
3107 0
3108 0
