463 0.05198952183127403 1.9585117101669312
911 0.11817966401576996 0.05074275657534599
760 0.11816266924142838 0.050730083137750626
171 0.11817886680364609 0.050590723752975464
1348 0.11794444173574448 0.05054091289639473
1052 0.1179216131567955 0.05052587017416954
199 0.11792174726724625 0.05052722990512848
121 0.11817966401576996 0.05074275657534599
1157 0.11804354935884476 0.05084444209933281
590 0.11816391348838806 0.05075050890445709
467 0.11798135191202164 0.050525981932878494
758 0.11816372722387314 0.050610918551683426
1158 0.11816369742155075 0.050609689205884933
460 0.11818292737007141 0.050536930561065674
905 0.11795800924301147 0.050565171986818314
1381 0.11816266179084778 0.050730083137750626
1372 0.11810412257909775 0.05084369704127312
604 0.11817566305398941 0.05060878023505211
1456 0.11792166531085968 0.05052720755338669
1033 0.11804020404815674 0.05052619427442551
1188 0.11802388727664948 0.05074203759431839
189 0.11816447228193283 0.05077990144491196
117 0.11817964166402817 0.05074198916554451
1370 0.11816273629665375 0.050783365964889526
711 0.11793313175439835 0.0505712516605854
1067 0.11817888915538788 0.050590723752975464
168 0.11797463893890381 0.05054089426994324
1035 0.1179884746670723 0.05053875967860222
900 0.11801771819591522 0.050570424646139145
473 0.11798972636461258 0.050542570650577545
1378 0.11806726455688477 0.05063591152429581
389 0.1181766614317894 0.050741951912641525
1064 0.11802219599485397 0.05084620416164398
1380 0.11806726455688477 0.050635926425457
1228 0.1180218756198883 0.050846245139837265
913 0.11802029609680176 0.05074111744761467
181 0.11795635521411896 0.05063382163643837
993 0.11816264688968658 0.05073006823658943
1375 0.11798973381519318 0.05054257810115814
1383 0.11816380172967911 0.05061240494251251
1041 0.117933489382267 0.05052760988473892
584 0.11804350465536118 0.050844449549913406
665 0.11817969381809235 0.05074610561132431
341 0.11817968636751175 0.05074359476566315
907 -1.180009365081787 0.8037605285644531
773 0.11817886680364609 0.050590723752975464
725 0.11808609217405319 0.050570134073495865
540 0.11798916012048721 0.050697676837444305
1382 0.11794428527355194 0.050540950149297714
113 0.1167694702744484 0.05546344444155693
1190 0.11818289756774902 0.05053623765707016
398 0.11817965656518936 0.05074591562151909
1024 0.11801957339048386 0.05074169486761093
1466 0.11795663833618164 0.050633691251277924
464 0.11797460913658142 0.05054091662168503
1374 0.1181638166308403 0.05074504017829895
608 0.11792317032814026 0.050609756261110306
458 0.11794640868902206 0.05058258771896362
906 0.11818184703588486 0.05048872530460358
450 0.11806726455688477 0.05063590779900551
47 0.11806723475456238 0.05063590779900551
728 0.117974653840065 0.05054089426994324
396 0.11817887425422668 0.05059072747826576
1025 0.11798972636461258 0.05054256692528725
1058 0.11818291991949081 0.05053693801164627
572 0.1181635931134224 0.05060826241970062
456 0.11798838526010513 0.05088600143790245
1038 0.11817888170480728 0.05059073865413666
909 0.11816266179084778 0.05073007196187973
1047 0.11802172660827637 0.050846219062805176
892 0.11806724965572357 0.050475090742111206
1141 0.11817967146635056 0.05074215680360794
238 0.11816275864839554 0.05078333988785744
904 0.1179814264178276 0.050845157355070114
1079 0.11804349720478058 0.05084444209933281
1423 0.11792163550853729 0.050525885075330734
824 0.11806726455688477 0.05063589662313461
1030 0.11817968636751175 0.050742752850055695
1054 0.11795240640640259 0.05120585486292839
318 0.11816368997097015 0.05060965567827225
899 0.11810413002967834 0.050843704491853714
761 0.11795248091220856 0.05120587348937988
421 0.11795663088560104 0.05063380300998688
888 0.11794647574424744 0.0505845881998539
575 0.11818108707666397 0.05073156580328941
1198 0.11793313920497894 0.05057130008935928
1098 0.11816401779651642 0.05053062364459038
1039 0.11798970401287079 0.05054256319999695
586 0.11803041398525238 0.049946416169404984
1123 -0.5057689547538757 -1.6575374603271484
1156 0.40893852710723877 -0.13375936448574066
1131 0.11816273629665375 0.050783365964889526
1028 0.9985526204109192 -0.4915095865726471
1066 0.009577400982379913 -0.8326829075813293
992 1.1976596117019653 0.5711535811424255
577 -0.6128794550895691 -0.8385494351387024
574 0.4113280773162842 -0.13392123579978943
1366 1.8332456350326538 0.42813941836357117
1256 1.8353455066680908 0.4161517322063446
893 -0.8050987720489502 1.399760365486145
766 0.23846523463726044 0.547652006149292
1249 -0.6411682963371277 -0.8779861927032471
1063 1.3012446165084839 1.3185678720474243
335 0.4838472306728363 0.5063257217407227
1340 -0.8018267154693604 1.4301073551177979
1474 -0.37324076890945435 0.15751779079437256
886 1.8464343547821045 -0.09249662607908249
1060 -0.02093001827597618 -0.14459721744060516
581 -0.24058303236961365 -1.3600027561187744
1386 1.8290352821350098 0.22299574315547943
794 -0.015795834362506866 -0.17087045311927795
614 -0.4059835374355316 -1.3924918174743652
764 -0.0073158154264092445 -0.7384979128837585
557 0.15624459087848663 -0.6965911984443665
1371 -0.8675220012664795 0.35927456617355347
255 -1.6697596311569214 -0.09721425920724869
182 0.022639330476522446 -0.8558962941169739
868 0.4827882647514343 0.05541495233774185
997 0.1204754188656807 -0.8363176584243774
606 -1.600591778755188 -0.43059447407722473
591 0.5478551387786865 0.09457503259181976
390 0.19116950035095215 0.570357084274292
573 -1.0384860038757324 -0.1374097466468811
1181 1.7707629203796387 -0.39282429218292236
903 0.1525343507528305 -0.7623065114021301
1465 -1.5562225580215454 0.40982067584991455
598 -0.4326714873313904 -0.5253024101257324
729 -0.7454411387443542 0.17246800661087036
553 0.5396830439567566 0.07927941530942917
1027 0.15145243704319 -0.776406466960907
192 1.5065581798553467 -0.992146372795105
1026 0.42988595366477966 -0.1451270878314972
468 -0.31593450903892517 0.3398277163505554
347 0.600600004196167 0.31367290019989014
1344 0.5699495077133179 0.11273612082004547
806 -1.4540278911590576 -0.6365281939506531
1159 -1.2927345037460327 1.0289466381072998
627 0.4410454332828522 -0.5047281384468079
636 0.9352076649665833 0.892727255821228
483 0.07669085264205933 -0.6654428243637085
187 -0.06320808082818985 1.6576176881790161
188 1.2261232137680054 0.05298222228884697
771 -0.45742061734199524 -0.3012416660785675
769 -0.9914863705635071 -1.3221107721328735
722 0.963088870048523 -1.5182974338531494
391 1.2652662992477417 0.43759670853614807
256 -0.5493065118789673 -0.3239854574203491
827 -0.37601399421691895 0.16282474994659424
619 -1.1577506065368652 1.2802057266235352
1043 0.23954501748085022 0.5519538521766663
715 0.12391545623540878 1.093589425086975
1189 1.715765118598938 -0.5514881014823914
451 0.9420005679130554 1.5735443830490112
320 -0.3289397656917572 -0.359042227268219
1197 -0.059838324785232544 0.5850903391838074
9 0.6939916610717773 0.3537313640117645
891 0.9818312525749207 0.8576213717460632
599 0.9862819314002991 -0.5831928253173828
1160 -0.42497801780700684 -0.2117641270160675
393 -0.008381100371479988 -0.15897327661514282
1236 0.6649351716041565 -0.3060730993747711
18 -0.036895740777254105 1.2211495637893677
618 -0.4602774381637573 0.7960609197616577
589 1.1781708002090454 -0.21312464773654938
1437 1.302746295928955 0.27431026101112366
1373 -0.0197647325694561 -0.0996965765953064
1059 -0.421915203332901 -0.5577929019927979
1042 0.2762840688228607 -0.33122456073760986
311 -1.6284717321395874 0.060055993497371674
401 -1.1669288873672485 -1.1698156595230103
763 -1.1029077768325806 -0.24727879464626312
1439 1.502659797668457 1.057137370109558
454 -0.03131108358502388 -0.11871643364429474
1161 -0.6597254276275635 -0.8381697535514832
100 -0.6285015940666199 1.5149592161178589
554 1.1638143062591553 1.4288749694824219
542 0.507114589214325 -0.01888297125697136
811 -0.0025004055351018906 -0.22533559799194336
830 -0.231322780251503 -1.204322099685669
397 -0.7641526460647583 0.16049647331237793
1497 0.19459831714630127 1.699752688407898
1085 0.07190034538507462 -0.6651762127876282
184 -1.0396453142166138 -0.133880153298378
317 -0.8208937048912048 1.4362653493881226
416 0.5065184831619263 -0.05527174472808838
1483 0.4925292432308197 0.5146799683570862
200 -0.011218204163014889 -0.16642355918884277
612 -0.44855639338493347 -0.4614017605781555
869 -0.022964196279644966 0.3206285834312439
708 0.11817657947540283 0.05074424669146538
709 1.8477503061294556 -0.09129101037979126
732 -0.035048726946115494 -0.08690536022186279
355 -0.8755650520324707 0.36741703748703003
1140 -0.47712385654449463 1.6900429725646973
1077 -0.4602474570274353 0.796082079410553
1029 -0.410135954618454 0.9098774790763855
770 0.4077865183353424 -0.1330038160085678
1049 1.3305649757385254 1.1400320529937744
1048 -0.6854466795921326 -0.8543028235435486
8 0.50787752866745 0.5086482763290405
727 -0.9355781078338623 1.4093528985977173
1165 -0.7298890948295593 -0.8216894268989563
455 0.41611993312835693 -0.14047560095787048
716 -0.9948502779006958 -1.31564199924469
622 -1.2405472993850708 -0.5153798460960388
550 -0.7095802426338196 0.4811144471168518
873 -0.42549505829811096 -0.5703523755073547
801 0.1957160234451294 -0.6118653416633606
788 -0.4338279962539673 -0.5586869716644287
1215 -0.048707641661167145 -1.6875901222229004
914 -0.07834703475236893 1.558434009552002
912 0.10734394192695618 -0.8170835971832275
1351 -0.7879161238670349 -0.004419328179210424
1099 -0.19839152693748474 1.5737701654434204
1250 -1.4383420944213867 0.8401496410369873
339 0.386861652135849 1.7135741710662842
357 0.23954278230667114 0.5624246597290039
118 -1.2302874326705933 -1.0311086177825928
1347 -0.9036230444908142 0.24136777222156525
1143 1.8473149538040161 -0.08850710839033127
420 -0.8191283941268921 -0.005857573356479406
539 -1.5523042678833008 0.4406067430973053
787 1.7446939945220947 -0.508081316947937
638 0.7465028762817383 -1.028361439704895
1458 -0.016425875946879387 -0.17245979607105255
902 -0.7028133869171143 1.435004711151123
1341 -0.8678502440452576 0.36107122898101807
568 -1.6250033378601074 0.07869517058134079
1172 -0.4225785434246063 -1.3981167078018188
254 -0.11229158937931061 0.5845557451248169
1037 -0.16970421373844147 0.5358960628509521
1473 0.11886557191610336 0.3160698115825653
890 -1.0754314661026 -0.13353683054447174
895 0.7804574966430664 1.6111990213394165
897 -1.4242147207260132 0.7335519194602966
768 0.3431462049484253 -0.23217587172985077
1239 -1.2934998273849487 1.0247998237609863
239 0.1630755066871643 -1.663490653038025
835 0.6309534907341003 0.3962055742740631
842 0.38357308506965637 1.748113989830017
633 -0.05215505510568619 0.5818607211112976
1084 1.4793490171432495 1.0700995922088623
1467 1.2756279706954956 0.43651723861694336
767 -0.14118275046348572 0.5134353637695312
1075 -0.7328184247016907 0.7631961107254028
710 0.05898217856884003 -0.6490262150764465
705 0.8903247117996216 1.6125168800354004
999 0.16992022097110748 -1.6484370231628418
1274 0.40968266129493713 -0.14171645045280457
1361 0.9391171336174011 0.8865840435028076
1379 0.40727338194847107 -0.5529816746711731
1235 0.5140272378921509 0.04809025675058365
1227 0.21642816066741943 0.5697532296180725
836 0.4429304897785187 0.5261709094047546
852 -0.8562418222427368 -1.4939180612564087
323 0.12352345883846283 0.1582825481891632
116 -1.5911498069763184 -0.4741003215312958
567 1.1792619228363037 0.7210524678230286
624 0.07669258862733841 -0.6654461026191711
863 1.42417311668396 -1.1472469568252563
894 -0.38600945472717285 0.15555743873119354
449 0.015066220425069332 -0.8401013016700745
1113 0.1739126741886139 -0.40020427107810974
346 1.1529041528701782 -0.11664008349180222
178 1.5027589797973633 -1.014509677886963
1036 -0.9805961847305298 -0.8926746845245361
1219 0.4466695785522461 -0.1462421417236328
1346 0.021503906697034836 1.7756288051605225
457 0.8644283413887024 -1.5680794715881348
328 -1.0584428310394287 -0.289899617433548
1367 0.6008331775665283 -1.198512315750122
365 -0.25661206245422363 1.0775729417800903
383 -0.11608545482158661 0.5367658138275146
203 -0.8745239973068237 0.3682624399662018
212 0.014203788712620735 0.12029096484184265
637 0.369597464799881 -0.19241586327552795
1045 1.5361509323120117 -0.93459552526474
1469 -1.5481442213058472 0.4375525712966919
1076 0.7312027812004089 1.6117855310440063
719 1.5082690715789795 -1.007813572883606
1435 1.8289830684661865 -0.0589425303041935
127 -0.37248364090919495 0.9031355381011963
129 -1.1351735591888428 -0.20267820358276367
198 0.414627343416214 -0.13808704912662506
1051 -0.6794252395629883 -0.8799729943275452
887 -0.49494224786758423 0.5606495141983032
885 -1.555798053741455 0.4101146161556244
330 -1.4916291236877441 -0.6807053685188293
562 0.4478204548358917 -0.5083528161048889
1387 1.7418570518493652 -0.5138576626777649
1151 0.4489913582801819 0.5234606862068176
56 -1.5643932819366455 -0.705027163028717
336 1.0188071727752686 -1.486845850944519
1352 -0.2782430052757263 -1.3502936363220215
602 0.2296982854604721 0.5519534945487976
1358 -1.290936827659607 1.0405263900756836
469 0.4462811052799225 -0.45040345191955566
411 0.6344301104545593 0.4351786673069
807 -0.46114352345466614 -1.3927180767059326
816 -0.47576308250427246 -0.44315436482429504
1234 -0.4236762821674347 0.8781805634498596
466 0.3160228729248047 1.1173264980316162
883 0.6573385000228882 -0.33233368396759033
878 -0.6912661790847778 0.33345845341682434
165 -0.057172805070877075 0.5745221972465515
504 0.6213268637657166 0.3922980725765228
337 0.20528845489025116 -0.9163787961006165
991 -0.4237511157989502 -0.2521086037158966
1369 0.6380350589752197 0.3889179229736328
180 0.9549611210823059 -1.5234103202819824
1353 -0.7420901656150818 0.120274119079113
462 1.605612874031067 0.8944582343101501
1180 -0.020799018442630768 -0.16578471660614014
1365 0.5945560336112976 0.10065612196922302
340 0.19429363310337067 -1.6640141010284424
1173 -0.4358295798301697 -0.5214174389839172
813 0.6360847353935242 0.39436453580856323
712 0.2574778199195862 -0.5555341839790344
576 -0.6869158744812012 1.6035939455032349
723 -0.05457272753119469 0.35490691661834717
395 0.9663204550743103 -0.5866826176643372
818 -1.0528370141983032 -0.3210388422012329
828 0.11274140328168869 -0.8978838920593262
792 0.28008556365966797 -1.683133840560913
1276 -0.6273096203804016 -1.5970649719238281
67 -0.051084939390420914 0.20773166418075562
502 0.6181878447532654 -1.0820502042770386
1118 -0.42337721586227417 1.698449969291687
195 -0.04283398762345314 0.329097718000412
321 -0.3459816873073578 0.08862180262804031
563 -1.4375370740890503 0.60593181848526
392 0.13425932824611664 -0.7354559898376465
537 0.8585394620895386 -0.8607454299926758
789 -0.014956792816519737 -0.13950508832931519
4 0.4259520471096039 -0.14463654160499573
609 0.9034405946731567 0.9293919801712036
1216 -1.4647626876831055 0.6130707263946533
615 -0.5260060429573059 -1.6417168378829956
677 -0.496224582195282 1.6861554384231567
1087 0.7747153043746948 0.2665823996067047
583 -0.20445658266544342 0.4744269847869873
349 0.9372259378433228 -0.607883870601654
1177 0.2217661440372467 0.5512166619300842
485 0.42871198058128357 -0.14563173055648804
901 0.17197445034980774 -1.6494567394256592
860 0.695967972278595 0.2290968894958496
898 0.24348889291286469 -0.424209326505661
331 0.4048181176185608 1.130010962486267
453 0.2347058355808258 0.5553088188171387
484 0.19261027872562408 -1.6646195650100708
378 -0.36107367277145386 -1.3809897899627686
394 -1.133623719215393 0.75684654712677
826 -0.6446945071220398 0.36857548356056213
1481 1.1762555837631226 -0.1716127246618271
205 -0.8054661154747009 0.8354156017303467
600 0.9827979803085327 0.8553987145423889
190 1.1761196851730347 1.40811288356781
1040 -1.1298545598983765 1.307263731956482
1242 -0.3603736460208893 0.18448105454444885
418 -0.4160511791706085 -0.5669510960578918
1377 1.075053095817566 1.4807473421096802
1055 0.41561463475227356 1.132658839225769
280 1.725122332572937 -0.540327787399292
872 0.9875136017799377 -0.5896966457366943
762 -0.4147454500198364 0.8826844096183777
1345 -0.515678346157074 -1.6494232416152954
1424 -0.03228074684739113 0.32901978492736816
353 0.7304064631462097 -1.0724347829818726
513 0.3624192178249359 1.1478689908981323
879 0.32179924845695496 1.1192349195480347
1349 0.64612877368927 -1.0924447774887085
536 0.08580322563648224 -0.6744542717933655
817 -0.7611616253852844 0.1786007136106491
1053 -0.14049427211284637 -0.19632522761821747
774 0.2449585646390915 0.5573292970657349
1463 0.13895048201084137 1.0933096408843994
765 0.7402639985084534 -1.0195449590682983
135 0.7860342860221863 -1.0003482103347778
555 1.2980626821517944 1.3206337690353394
1003 -1.0421874523162842 -0.9950138926506042
412 1.8180245161056519 0.20340976119041443
362 0.1783834844827652 -1.6541272401809692
427 1.3118116855621338 -1.044140338897705
611 0.24230065941810608 0.5525967478752136
1136 0.11806727945804596 0.05063590034842491
884 -0.7000426054000854 -0.8413172960281372
1062 1.7318954467773438 -0.4977274239063263
1339 0.40505704283714294 -0.14048747718334198
1356 0.49723130464553833 -0.02374744787812233
564 -1.4576972723007202 0.33182016015052795
620 -1.6715233325958252 -0.036860838532447815
1221 0.22297710180282593 -1.6601735353469849
1091 0.11843235790729523 0.3173220753669739
605 0.49092215299606323 0.04887247458100319
183 0.6683030128479004 0.35036227107048035
1046 -1.2709264755249023 -1.0289043188095093
1096 0.5452843308448792 0.11457964032888412
329 0.24313347041606903 0.5523155331611633
461 -0.008872448466718197 1.7772449254989624
114 0.5419179797172546 1.1196664571762085
1487 -0.43744388222694397 1.5121586322784424
1229 0.521990954875946 1.1378188133239746
910 -0.18351876735687256 -1.2379881143569946
1031 0.5997883081436157 -1.1268701553344727
867 -0.006215283647179604 0.2469082623720169
775 1.025814414024353 -0.5180180072784424
713 -0.6597253680229187 -0.8381698727607727
593 -0.7713799476623535 1.3682916164398193
356 -0.2835005819797516 -1.0414643287658691
422 0.3536311089992523 -0.20042824745178223
625 -0.005256942473351955 -0.18098752200603485
1102 -1.620140790939331 0.10414528846740723
1334 -1.3769029378890991 0.9230194687843323
896 -0.16022567451000214 0.5085227489471436
640 1.8390555381774902 -0.08326529711484909
1071 0.9161571860313416 1.5923261642456055
1142 0.5098555684089661 0.04436691850423813
169 -0.03589972108602524 0.3400837182998657
50 0.5989881157875061 -1.2451417446136475
1130 0.5608263611793518 0.21392153203487396
66 -1.3073315620422363 -0.9566045999526978
402 -0.9281243681907654 1.1612207889556885
870 0.7789524793624878 -1.6071743965148926
352 0.8520779609680176 -0.6149238348007202
987 1.5085192918777466 -0.9879727363586426
721 0.5719064474105835 1.6484394073486328
657 -0.0295184925198555 -0.12154292315244675
57 -0.728908896446228 0.2325194776058197
3 1.537270188331604 0.9895985126495361
1457 1.735561728477478 -0.5245864987373352
1116 -1.6262755393981934 0.0680001825094223
1070 0.0034400452859699726 -0.25919026136398315
1400 -0.028672924265265465 0.33374691009521484
1422 -0.44593673944473267 -0.3974728286266327
730 -0.8676116466522217 0.03341042995452881
1388 0.7208433151245117 1.615222692489624
54 -0.41538771986961365 -0.519126296043396
814 -0.023028504103422165 -0.12065280228853226
782 -0.08946043252944946 0.59955894947052
1034 -1.3945094347000122 0.7785471081733704
1459 -0.9228828549385071 -0.7730684876441956
915 0.40860211849212646 -0.133925199508667
1257 -0.43007129430770874 0.942541241645813
718 -0.0072870440781116486 -0.14382359385490417
1436 -0.03702522814273834 0.32100531458854675
561 -1.4375354051589966 0.6059337258338928
1163 1.1053451299667358 1.467872142791748
388 0.6119251847267151 0.37914714217185974
167 -0.01149449497461319 -0.18613490462303162
808 -0.70654296875 0.2311956286430359
1484 1.2443255186080933 -1.318973183631897
2 0.22493599355220795 0.554625928401947
635 1.780743956565857 -0.3898894488811493
691 -0.010951045900583267 -0.20794594287872314
1168 0.22562278807163239 0.5517452359199524
173 1.742407202720642 -0.5057634115219116
823 1.744588851928711 -0.5089882612228394
16 0.9875147938728333 -0.5896977186203003
889 1.8313270807266235 0.21553437411785126
316 -0.8606603741645813 1.0105113983154297
1068 -0.01108293142169714 -0.15335813164710999
1065 1.255355715751648 0.3434533476829529
990 -0.4565145671367645 1.695872187614441
1350 0.42736759781837463 -0.1512220799922943
279 0.08613517135381699 0.20178966224193573
1150 0.01458561047911644 -0.8386017084121704
1489 0.12390430271625519 1.093611478805542
780 -1.6291382312774658 0.04329356178641319
1442 0.4057081341743469 -1.423905849456787
617 1.4958523511886597 -1.0377336740493774
1220 0.044510748237371445 0.000746674370020628
548 -0.751573383808136 0.10428325831890106
1155 0.6396486163139343 0.49795588850975037
61 0.44377005100250244 0.5201749205589294
1023 -0.020226972177624702 -0.11113089323043823
607 1.1562882661819458 -0.0834808349609375
908 0.7244094610214233 1.6182235479354858
1472 1.1822320222854614 -0.049996696412563324
1243 1.1682239770889282 -0.38852497935295105
707 0.5095781683921814 0.04117724299430847
1508 1.3593146800994873 1.2187352180480957
1396 -0.03990360349416733 0.3324207365512848
1191 -0.7826300859451294 1.5744025707244873
1170 -0.754756510257721 0.15145477652549744
689 -0.850989818572998 -1.482312798500061
543 0.13669919967651367 1.106005072593689
1090 0.9329829812049866 0.8902914524078369
815 0.655282735824585 -0.33184030652046204
424 -0.9249701499938965 1.4169074296951294
880 0.7846682071685791 -1.0056365728378296
1044 -0.30458760261535645 -1.7027034759521484
1240 1.1754785776138306 -0.21377894282341003
1244 1.5090774297714233 1.0514485836029053
465 0.23917901515960693 0.5609864592552185
560 1.496425986289978 -1.0214807987213135
1187 -0.7270570993423462 -0.798539400100708
724 -1.3697174787521362 0.9331198334693909
1486 -0.025377759709954262 -0.12507830560207367
757 0.7215901613235474 -1.6063120365142822
871 -0.4168049693107605 -0.24148903787136078
1430 1.7372432947158813 -0.5008065104484558
998 0.13241872191429138 -0.7339057326316833
122 0.17263661324977875 -1.6500006914138794
1252 0.4903683662414551 1.6445648670196533
1359 0.9171413779258728 -0.6533962488174438
1110 1.8125579357147217 -0.3060958981513977
726 0.6725552678108215 1.561800479888916
243 -0.3210584819316864 0.1972016841173172
1501 0.504193902015686 1.124428153038025
1081 0.41039344668388367 -0.1337050050497055
1237 0.5166541934013367 1.6510528326034546
825 -1.2708970308303833 -1.0289403200149536
1480 0.508954644203186 0.046177465468645096
785 1.1622248888015747 -0.06303366273641586
843 0.4041467308998108 -0.14101257920265198
759 -0.5114866495132446 0.9171081185340881
1056 0.061711255460977554 0.1870068609714508
877 0.6654233932495117 -0.30554288625717163
1094 -1.1419811248779297 -0.2009473443031311
1255 -0.8648594617843628 1.013968586921692
1426 -0.18493719398975372 1.5973206758499146
475 0.44669631123542786 -0.13817298412322998
472 0.049318548291921616 0.03193822503089905
1144 0.2646663188934326 -0.338280588388443
690 0.40731722116470337 -0.1341327428817749
1122 1.1646641492843628 1.4283583164215088
1104 0.0882621482014656 0.20158705115318298
859 0.30241939425468445 -0.5976184010505676
1095 -0.24916818737983704 1.0798859596252441
1363 0.4224969744682312 -0.129906564950943
623 1.0258108377456665 -0.5180273652076721
544 0.39787599444389343 -0.152704119682312
53 0.4037473201751709 -0.13572026789188385
1488 0.00842328555881977 0.11082854866981506
486 0.6299890279769897 -1.615999460220337
866 0.8906953930854797 0.9343182444572449
1248 -0.8125642538070679 -0.0429501086473465
675 1.287049651145935 0.2892204821109772
1267 -1.4628394842147827 0.7028822302818298
579 -0.5159583687782288 -1.6492900848388672
350 1.0099949836730957 -1.492722988128662
1182 0.029762521386146545 0.16561274230480194
680 -0.20509618520736694 -1.007851004600525
245 1.2891737222671509 0.288598895072937
1018 1.6117050647735596 0.8880307674407959
518 -0.011439227499067783 -0.13762716948986053
69 -0.3738475739955902 0.16870854794979095
193 -0.02847423404455185 -0.10392056405544281
1461 0.06888371706008911 -1.5869166851043701
1416 -0.04083834961056709 -0.3170042634010315
1429 -0.36540645360946655 0.17875336110591888
111 0.5108228921890259 -0.4133918881416321
558 -0.9924967885017395 -1.318153738975525
419 -0.02536802366375923 -0.12505966424942017
538 0.16687403619289398 1.774511456489563
1498 -0.6692459583282471 0.49899938702583313
1125 1.2024486064910889 -0.28892219066619873
793 1.2370144128799438 -1.0388258695602417
844 0.15630236268043518 -0.589116632938385
185 0.8713480234146118 -0.8746278882026672
862 1.176637887954712 -0.1839626431465149
654 -1.6249488592147827 0.22214916348457336
1507 -0.026709293946623802 0.14996957778930664
1428 0.06556035578250885 0.38081273436546326
240 0.22007720172405243 1.1400630474090576
1124 -0.431881308555603 0.9413533210754395
206 -0.40273961424827576 -1.3888612985610962
1032 0.2116302251815796 -0.358643501996994
918 -0.1498812735080719 0.4808092713356018
846 0.5936506986618042 0.1266559213399887
499 1.5079562664031982 -1.0053737163543701
772 -0.19286060333251953 -1.346518874168396
1061 1.7481826543807983 0.6828432083129883
578 -1.1422264575958252 1.0909149646759033
1162 0.13241781294345856 -0.7339035272598267
474 0.6821936964988708 0.3578454554080963
1179 0.1683778613805771 1.771072506904602
174 1.01725435256958 -0.540076494216919
413 -0.7065271735191345 0.23122313618659973
1384 0.6830185055732727 0.3592172861099243
52 -0.45231279730796814 -0.442796528339386
1544 0.012724344618618488 1.7397714853286743
1050 0.6344231963157654 0.46083375811576843
498 -0.13938480615615845 0.5065551400184631
1335 0.4714757204055786 0.5171229243278503
597 0.8861773014068604 0.05990017205476761
1541 -0.0009081768803298473 -0.24118177592754364
1246 -0.7603363990783691 0.583242654800415
1167 0.39099928736686707 -0.4819817543029785
1343 0.9875653982162476 0.8523849248886108
1385 0.44035688042640686 -1.6349709033966064
1233 -1.5856590270996094 -0.4747526943683624
1 0.6647173762321472 0.16938039660453796
1225 0.4266975224018097 -0.14699898660182953
1451 0.6972718238830566 0.24452924728393555
354 -0.7646879553794861 0.5078511238098145
108 -0.026129182428121567 -0.10388030111789703
399 1.2119300365447998 -0.2689635455608368
1115 1.018571376800537 -0.5925961136817932
1129 -1.5181814432144165 0.3996814787387848
1230 0.6038587093353271 0.1197521984577179
596 -0.03774131089448929 -0.10583186894655228
137 -0.7584012746810913 -0.8113654851913452
706 0.06553564965724945 -0.6553543210029602
566 1.8293088674545288 -0.04771219193935394
1164 -0.12504559755325317 0.3187739849090576
1360 0.2158443182706833 0.5622873902320862
653 0.4485490024089813 0.5207362174987793
1226 0.866957426071167 -0.854979395866394
325 0.9823972582817078 -0.4812661111354828
737 0.18356460332870483 -0.5903799533843994
1186 1.294601559638977 0.2859760820865631
720 1.828980565071106 -0.05899844691157341
170 0.020922916010022163 -0.8467177748680115
753 1.0770339965820312 1.4843515157699585
1117 0.6468426585197449 -1.6148946285247803
1354 0.6354592442512512 0.3741709291934967
741 0.7754111289978027 -1.000678539276123
1547 -0.05163661018013954 0.5883859395980835
694 0.4829499125480652 -0.11178985238075256
1389 0.7700560092926025 -1.0169883966445923
128 0.4571182429790497 0.5061768889427185
1212 1.1380990743637085 1.459142804145813
556 1.3961212635040283 1.1266872882843018
682 -0.5185771584510803 0.7036705613136292
387 -0.2959279417991638 -0.046543851494789124
812 0.759242594242096 1.6066044569015503
237 -0.2640692889690399 1.5658360719680786
10 -0.44195428490638733 -0.5571970343589783
1376 0.39775076508522034 -0.5230545997619629
841 -1.3931092023849487 -0.6632857322692871
196 -0.7681501507759094 1.4275078773498535
1266 -0.7556448578834534 0.7326235771179199
679 -0.11628874391317368 -0.05492192506790161
1338 0.452807754278183 -0.47944319248199463
1516 -1.1519229412078857 1.107446551322937
1169 -0.2619161307811737 -0.8286432027816772
1174 -0.8503710627555847 0.021336574107408524
1342 -0.13717198371887207 0.542496383190155
1364 0.44339609146118164 -0.48824983835220337
1362 1.1729331016540527 -0.20966948568820953
1485 -0.29337239265441895 -1.3710753917694092
796 0.6227296590805054 0.3970258831977844
629 -0.010390703566372395 -0.1770840287208557
201 0.5921716690063477 -0.41517138481140137
1273 0.30888739228248596 -0.6013914942741394
1417 -1.641943335533142 0.015010477975010872
717 -0.31023651361465454 -0.08553728461265564
1245 -0.7209763526916504 0.6236292719841003
588 -0.1335313767194748 0.5890131592750549
452 -0.2966771125793457 -1.1858214139938354
1420 0.40637245774269104 -0.13710489869117737
269 0.7904117107391357 -0.8414739370346069
1166 0.14891724288463593 -0.7633365392684937
364 -0.41040757298469543 -0.5126064419746399
847 -1.1286710500717163 -0.2710806131362915
1447 1.1752909421920776 -0.1992265284061432
1357 -0.12767992913722992 0.5343451499938965
881 1.3791980743408203 1.0379290580749512
714 1.2091403007507324 0.6954202055931091
338 0.4277229309082031 0.5156647562980652
988 -0.03361568599939346 0.3714376986026764
1001 -0.9264438152313232 -1.3201720714569092
532 0.08408956229686737 -0.6693150997161865
525 0.3995402753353119 -0.13872474431991577
1015 -0.7906303405761719 0.4627993106842041
1450 0.9631580710411072 0.5203366279602051
1101 -0.03321719169616699 -0.09200891107320786
1074 -0.7108142375946045 -0.8307288289070129
996 0.6906867027282715 0.3840698301792145
1147 1.824455738067627 0.046277325600385666
751 -0.36694735288619995 0.14049209654331207
748 -0.0114564448595047 -0.15674175322055817
875 0.4800106883049011 -0.10132604092359543
1546 0.46824878454208374 0.5176886916160583
343 0.07539226114749908 -0.6672143936157227
277 1.0258079767227173 -0.5180330872535706
1253 1.2917609214782715 0.2923871874809265
1393 -0.36123397946357727 0.1705513894557953
1238 0.018145287409424782 -0.059961408376693726
924 -1.1340116262435913 -1.1312551498413086
845 -1.5206910371780396 -0.664155125617981
1445 -1.3257123231887817 -1.075669288635254
731 0.6845940947532654 0.38331103324890137
359 -0.7786630392074585 0.37582892179489136
1111 1.500555396080017 1.0423123836517334
476 0.4908575713634491 0.020031128078699112
348 -0.364980548620224 0.1764761507511139
819 -0.4026573896408081 0.915527880191803
1017 0.5833742022514343 1.6425437927246094
501 -0.31023970246315 -0.08554056286811829
601 -0.743073046207428 -0.8255575299263
603 0.4294349253177643 0.5321508646011353
882 0.16816489398479462 -0.5609268546104431
1268 -0.6962884068489075 1.447511911392212
644 0.6416767835617065 0.4276314377784729
1251 -0.3567119538784027 0.18408851325511932
179 -1.6387993097305298 -0.26660189032554626
386 1.8355209827423096 0.4100697338581085
55 -0.4630272388458252 -0.40864357352256775
1482 -0.7379552125930786 0.14630912244319916
1100 -1.029109239578247 1.4264171123504639
1112 0.6431468725204468 0.1278916746377945
779 -0.7357080578804016 0.16969065368175507
1073 0.30088314414024353 -1.6767622232437134
1261 -1.2927690744400024 1.0289090871810913
582 1.0753037929534912 1.4777801036834717
571 -0.8388922810554504 0.3693820834159851
739 0.614194929599762 0.3927140235900879
1275 0.9134775400161743 1.5951240062713623
1196 1.7368762493133545 -0.5013115406036377
247 -0.010954194702208042 -0.19892817735671997
415 -0.13345757126808167 0.5433326959609985
671 0.7023759484291077 -1.0834370851516724
535 0.38073280453681946 0.5444560050964355
1132 -1.4805586338043213 0.5096154808998108
922 0.48561590909957886 -1.3676890134811401
632 -0.020852452144026756 -0.1043146625161171
754 -0.8488432168960571 1.4936610460281372
1020 0.6320684552192688 0.36913537979125977
1397 0.9971520900726318 0.8401291370391846
1007 1.8322968482971191 -0.06182243302464485
692 1.5008909702301025 -1.0119267702102661
1232 0.5363280177116394 0.09281672537326813
781 -0.20195308327674866 -1.364355444908142
1108 1.7408008575439453 0.6775193810462952
1468 1.5307238101959229 -0.9682876467704773
133 1.1627334356307983 -1.3893685340881348
585 -1.1654599905014038 -1.1713310480117798
115 0.5370744466781616 1.1259510517120361
1223 0.12507642805576324 0.17695681750774384
1149 -0.009154599159955978 -0.28572118282318115
547 -0.4611634910106659 1.6933034658432007
1128 -0.16952373087406158 0.5010709166526794
1135 0.19455300271511078 0.3059835433959961
1213 0.46848174929618835 0.5114878416061401
756 -0.3367043137550354 0.9263064861297607
1057 -0.25683891773223877 1.077513337135315
1475 0.5098052024841309 0.02094452828168869
777 0.26244843006134033 -0.3309786915779114
1078 -1.1671876907348633 -1.169497013092041
126 0.15755683183670044 1.1076573133468628
109 1.745835781097412 -0.5014957785606384
552 -0.4191209375858307 -1.6791183948516846
1093 0.34315595030784607 -1.683700442314148
1398 -0.7291643619537354 -0.9379991888999939
810 -0.747491717338562 0.1509803980588913
916 -0.11452709883451462 -0.10823272913694382
1021 1.2503200769424438 0.6558717489242554
487 0.5078851580619812 0.02458496205508709
747 -0.1251964420080185 0.31877434253692627
616 0.20774810016155243 0.5714744329452515
864 1.1630085706710815 -0.051604971289634705
319 -1.0342726707458496 -0.1365688294172287
594 0.1785324662923813 -1.6529353857040405
1402 -0.06582517921924591 0.17860662937164307
1431 -0.7699176073074341 0.15248054265975952
414 -0.45716917514801025 -0.4194008708000183
259 1.182057499885559 -0.3447563052177429
1494 0.22658389806747437 0.5609736442565918
837 -0.3056606650352478 -0.11782757937908173
1455 0.0825161412358284 -0.6405911445617676
1119 -0.021439388394355774 -0.09224587678909302
1355 -0.20977135002613068 -1.3471927642822266
1336 0.6250249147415161 0.13125362992286682
134 0.5040669441223145 0.04320182651281357
621 -0.029008852317929268 -0.10980895161628723
423 -0.7706281542778015 0.0077914344146847725
790 0.6570462584495544 -1.6141172647476196
1277 0.07464591413736343 -0.6651556491851807
14 0.470557302236557 0.5196540951728821
191 0.9332435727119446 0.8807034492492676
1241 0.11817967146635056 0.05074198916554451
1538 0.7504136562347412 1.0258893966674805
459 1.1853827238082886 0.4386458694934845
994 -0.024761727079749107 -0.12182850390672684
1444 -0.029518455266952515 -0.12154204398393631
470 0.6351474523544312 0.39397647976875305
376 -0.424076646566391 -0.2576887607574463
176 -1.3871822357177734 -0.6290419101715088
664 0.9923316836357117 -1.5058830976486206
1434 1.2247040271759033 0.4874339699745178
400 -0.7311336994171143 0.48588404059410095
920 -0.34533414244651794 0.9184951186180115
1207 -1.6249632835388184 0.22214755415916443
482 1.2956173419952393 0.2883542478084564
1103 0.3431362211704254 -0.23226678371429443
1254 0.5844600796699524 0.4862746596336365
471 -0.33690205216407776 0.9509130716323853
799 -0.27947524189949036 -1.3781893253326416
207 -0.4120253026485443 0.09505515545606613
65 1.0441482067108154 0.7456436157226562
1211 0.13832268118858337 1.1270058155059814
750 -0.8997156620025635 1.056710958480835
858 -0.8929212093353271 1.0100994110107422
1464 0.8820854425430298 -0.8516197800636292
570 0.6590927839279175 0.5058498382568359
248 0.9730342626571655 0.8584951758384705
1121 -1.004197120666504 1.3720957040786743
610 -0.37604570388793945 0.16097189486026764
1470 0.6356304287910461 -1.0908857583999634
674 0.2519567608833313 -0.3439992070198059
697 -0.6427400708198547 -1.5882725715637207
132 0.43575552105903625 -0.5120382905006409
130 -0.3022487759590149 -0.05452261120080948
249 1.4895427227020264 -1.0443135499954224
1231 -0.752996563911438 0.2745726704597473
210 -0.01147086825221777 -0.12458424270153046
211 -0.7849581837654114 1.3948216438293457
919 1.301965355873108 0.2785376310348511
1446 -1.6312406063079834 -0.2754381000995636
186 -0.78341144323349 0.7895029783248901
1401 -0.8575219511985779 -0.032806649804115295
1407 -0.6822567582130432 0.47159579396247864
326 -0.41585567593574524 -0.15954038500785828
546 0.11242371797561646 -1.0043423175811768
797 -0.4331490397453308 -0.24498489499092102
1270 -1.0419203042984009 -0.4130708575248718
925 -0.479012668132782 1.6884688138961792
1217 0.16267983615398407 -1.66457998752594
481 -1.0606629848480225 1.4060461521148682
865 0.6537102460861206 -0.3417626619338989
303 0.021516378968954086 -0.8444834351539612
1438 1.2972944974899292 0.27373069524765015
1502 1.8245043754577637 0.4770992696285248
734 -0.005014615599066019 0.5889005661010742
358 1.1745327711105347 -0.22635211050510406
1440 -0.13846655189990997 1.3938591480255127
569 0.7717615962028503 -1.0052183866500854
1199 1.5081510543823242 -1.0051813125610352
510 -1.5226385593414307 0.3923009932041168
241 0.8642995357513428 -1.5681486129760742
194 -0.011801677756011486 -0.16917361319065094
448 -1.6184879541397095 -0.5604119896888733
327 -0.002114970935508609 0.1379101574420929
124 -0.6669314503669739 -0.8677031397819519
1427 1.8292697668075562 -0.058036185801029205
559 -0.1667763590812683 0.5551203489303589
802 -0.6819557547569275 0.33692121505737305
1137 -0.029960816726088524 -0.22395502030849457
786 -0.27237677574157715 0.5311009287834167
508 0.1785675585269928 1.1083245277404785
631 0.6211000084877014 1.532901406288147
480 -0.01642714999616146 -0.17245352268218994
197 0.00818243995308876 0.571978747844696
850 0.5838039517402649 0.4599074721336365
1471 0.7844981551170349 -1.0006959438323975
1072 -0.005826669745147228 -1.4959979057312012
673 -0.11927248537540436 0.5364285111427307
643 0.36108019948005676 0.5364077091217041
1500 0.6251789927482605 1.1128216981887817
693 -0.116254523396492 0.5359722375869751
361 -0.1522921919822693 0.5467973351478577
152 0.6648541688919067 -0.30739015340805054
784 0.8990041613578796 0.9278683662414551
1082 0.42302757501602173 -0.7057607173919678
703 0.4920116364955902 0.057325880974531174
989 0.04265861585736275 0.3631115257740021
417 1.6897492408752441 0.7501609921455383
360 0.4873389005661011 -0.4145766496658325
158 0.39376309514045715 1.7111139297485352
1271 -0.753263533115387 -0.8154813051223755
1000 -0.7092226147651672 0.396712988615036
626 0.026325371116399765 -0.05385811999440193
64 1.4195226430892944 -1.1517058610916138
641 -0.5231443047523499 -1.6429834365844727
322 -0.038520652800798416 0.327458918094635
1224 0.16594159603118896 -1.6308590173721313
832 0.4061773121356964 -0.13400818407535553
1069 0.11429908126592636 1.0995094776153564
1222 -0.3755558729171753 0.1600661277770996
639 0.9731079936027527 -1.5076836347579956
1409 -0.4838429093360901 -0.320162832736969
1433 0.45303425192832947 -0.4893381595611572
1153 -0.44284722208976746 -0.23834310472011566
1127 0.2417088747024536 0.5573448538780212
497 1.5605616569519043 0.9539989233016968
666 -0.4295582175254822 -0.5523061156272888
592 0.6321410536766052 0.18392466008663177
136 -0.6664179563522339 -0.8681040406227112
1272 0.34602272510528564 -0.5763363242149353
515 -0.856204628944397 -1.4939550161361694
19 -0.2231665700674057 1.0713388919830322
1421 0.5131505131721497 0.04333677887916565
342 0.44173240661621094 -1.6410714387893677
551 1.8165130615234375 0.512623131275177
244 0.050502959638834 0.1781775802373886
382 -0.45117250084877014 -0.3367884159088135
1479 0.26820504665374756 -0.33293473720550537
1462 0.8940035104751587 -0.27860715985298157
1537 -1.219655156135559 -0.4988710284233093
1327 -1.215268850326538 -1.1282950639724731
302 -0.4944702386856079 1.6870523691177368
477 1.8458322286605835 -0.08161335438489914
995 0.5765277147293091 1.6472065448760986
375 0.12089045345783234 0.2950814664363861
1114 -0.48008155822753906 1.6901767253875732
809 -0.22961939871311188 -1.2210023403167725
1492 -1.6610242128372192 -0.15265177190303802
1002 0.2414141148328781 -0.35109758377075195
853 -0.10289639234542847 1.096414566040039
139 -1.0367156267166138 -0.13554874062538147
1512 1.258297085762024 0.2998693287372589
268 1.2843258380889893 -1.0614992380142212
234 -1.2944220304489136 -0.9326454401016235
209 -1.5013002157211304 0.44293755292892456
63 -0.46005430817604065 0.7822067737579346
1106 -0.6430989503860474 -0.8884371519088745
1178 0.48673778772354126 0.4974989593029022
534 0.28221970796585083 -0.6156569719314575
523 -0.05317050218582153 0.5888619422912598
1016 -0.360722154378891 0.1762387603521347
776 0.6525076627731323 0.36686477065086365
1513 0.09363538771867752 -0.6939043402671814
565 0.4870396852493286 1.672572374343872
1368 0.2653771638870239 1.1674989461898804
177 -1.3431473970413208 0.9417930841445923
800 -0.4596576690673828 1.6944389343261719
533 -0.21333448588848114 0.41779205203056335
791 0.418425977230072 -1.6782174110412598
688 0.4282200038433075 -0.14485211670398712
634 1.8211123943328857 0.4948786795139313
752 -1.0579859018325806 -0.2930505871772766
490 0.24498480558395386 0.5576476454734802
704 0.6816723942756653 1.5391730070114136
587 -1.096921443939209 1.308501124382019
1441 -0.022982187569141388 -0.11808082461357117
1004 0.23607796430587769 0.5570998787879944
1545 0.23192283511161804 -0.3505726754665375
549 -0.47038185596466064 -0.4111805558204651
363 -0.7547435164451599 0.15147410333156586
652 0.15034300088882446 -0.776397168636322
125 -0.007514133118093014 -0.12727926671504974
1495 0.652313768863678 -0.33608266711235046
1499 -0.13738656044006348 0.5150071978569031
1454 -0.08168294280767441 1.598150372505188
1204 -0.4632636308670044 -0.3399507999420166
1210 -0.5205596685409546 -1.6441757678985596
1452 0.12116847187280655 1.741994857788086
1269 -0.7681307196617126 0.16377651691436768
876 0.29243651032447815 -0.4052846133708954
283 1.2111942768096924 -0.2556360960006714
1201 1.750572681427002 0.6649757027626038
695 0.24902288615703583 0.556962251663208
163 0.99214768409729 -0.48738670349121094
1214 -1.4375336170196533 0.6059456467628479
1449 -1.0369964838027954 -0.133649080991745
1415 -0.30424681305885315 -1.3886842727661133
986 1.3207908868789673 -1.2685799598693848
278 0.42032960057258606 -0.13808724284172058
681 -0.7930383086204529 1.3999381065368652
656 0.42099225521087646 -0.13814106583595276
257 -0.4595946967601776 1.6945180892944336
1139 0.41595298051834106 -0.1414669007062912
923 1.4995503425598145 1.0450838804244995
834 -1.2328985929489136 1.147438883781433
613 1.839404821395874 0.2589292824268341
119 1.2106086015701294 -0.26720643043518066
1390 -0.38936328887939453 0.9195234775543213
154 1.2748701572418213 0.22335751354694366
1523 -0.8352437615394592 0.4485175609588623
426 -1.2909016609191895 1.0405830144882202
500 0.8129883408546448 0.3825235962867737
87 -1.419180989265442 0.7707493901252747
102 0.9618582129478455 -1.518458604812622
514 -0.03879460319876671 0.3398488461971283
384 0.6002565622329712 -1.1806142330169678
202 -0.9428218603134155 -1.0902670621871948
1453 -0.8929283022880554 1.4774932861328125
1460 -0.07789774239063263 0.5303270220756531
1418 0.6476457715034485 0.16595341265201569
685 0.4341500997543335 -1.4215726852416992
251 -0.34221428632736206 0.21726328134536743
662 0.12746138870716095 -0.9610798358917236
1022 0.4139125645160675 -0.13332052528858185
489 1.2022910118103027 -0.28650641441345215
749 0.9333685040473938 0.902668833732605
1535 0.5076055526733398 0.02063082903623581
642 0.639611005783081 0.15187577903270721
1419 0.23863783478736877 0.5540185570716858
1410 0.5808929204940796 1.6493775844573975
1412 -0.12201865762472153 0.5117921233177185
1405 -0.9076907634735107 -0.9783134460449219
702 0.63744056224823 0.13721515238285065
252 -1.579286813735962 -0.4740714728832245
151 0.471235454082489 0.5167709589004517
795 0.5500194430351257 0.15961024165153503
447 -1.5226306915283203 0.39227139949798584
735 0.49912476539611816 0.020317882299423218
1399 -0.4313165843486786 -0.20426173508167267
1392 -0.02901017852127552 -0.13564260303974152
1126 1.7427802085876465 0.6468494534492493
848 -0.10103712230920792 0.33408546447753906
72 0.7862063050270081 -1.0001085996627808
670 0.4215358793735504 -0.1351902186870575
1528 0.8920060396194458 0.9350342154502869
667 -0.4250122010707855 -0.2514805495738983
733 0.9632412791252136 -0.6032541394233704
479 0.47453418374061584 1.7113115787506104
1200 0.6209180355072021 -0.32968124747276306
1193 0.7700484395027161 -1.0170000791549683
1176 0.12010976672172546 -1.0164462327957153
175 1.0258086919784546 -0.5180262923240662
1543 -1.526139497756958 0.4870506227016449
511 -0.3860102593898773 0.15555602312088013
1006 -1.1598283052444458 -1.1773579120635986
60 1.1768115758895874 -0.21767616271972656
1105 -1.5613888502120972 0.3713899254798889
645 0.391226202249527 1.71986722946167
1414 -1.316758394241333 -1.0671772956848145
37 1.3625890016555786 1.23135244846344
164 0.4883788526058197 1.127249836921692
51 -0.30299386382102966 -0.11277143657207489
833 -0.6722177863121033 0.4902184307575226
1406 -0.1250600516796112 1.136452555656433
1404 -0.48107731342315674 -0.41577574610710144
344 1.8304674625396729 -0.05623822659254074
1171 0.9838767647743225 -0.5890898108482361
385 1.1994061470031738 0.4487273097038269
58 0.42112022638320923 -0.13831137120723724
1527 0.16147230565547943 1.772343635559082
527 -0.650935709476471 0.5288049578666687
131 0.6857280731201172 0.3546723425388336
700 1.722949743270874 -0.57064288854599
521 0.22681784629821777 0.5511279106140137
345 0.8581651449203491 -0.8586065769195557
377 0.12063470482826233 -1.0167101621627808
1145 -0.028360998257994652 -0.10815414786338806
153 1.3188303709030151 0.30082449316978455
524 1.7440158128738403 0.6879860162734985
928 -0.020791703835129738 -0.16576668620109558
917 -0.7592909932136536 0.17005248367786407
491 1.3153167963027954 1.3108023405075073
1504 1.184535026550293 -0.04970337823033333
1539 0.6292232275009155 0.39440321922302246
107 1.095281958580017 1.473338007926941
166 1.7450438737869263 -0.5083875060081482
1154 -0.06642399728298187 1.6832820177078247
1509 0.42733684182167053 -0.14468249678611755
798 0.49158287048339844 0.042207397520542145
1009 -0.45843687653541565 -0.3320697546005249
17 -0.43712201714515686 -0.5638176798820496
503 -1.6517083644866943 -0.18052887916564941
1337 -0.4430507719516754 -0.3797319531440735
803 0.09990541636943817 0.1865730583667755
1391 -0.00433901883661747 -0.2605321407318115
1019 1.8299446105957031 0.45386064052581787
403 0.7574445605278015 -1.6133137941360474
213 -0.02079715020954609 -0.1657751351594925
495 0.14411456882953644 -0.8392239809036255
1333 0.5883463025093079 0.32202935218811035
646 -0.8603108525276184 1.2212828397750854
1097 0.988379955291748 -0.5884283781051636
306 0.5961166620254517 0.35904213786125183
595 0.07939854264259338 -0.6730533242225647
1109 0.9289238452911377 0.898446798324585
655 -0.27772650122642517 0.5721501708030701
281 -0.862468957901001 0.5399554371833801
1542 0.6087668538093567 0.36912068724632263
509 0.7835450172424316 -0.9942033886909485
1532 1.5127779245376587 1.0342466831207275
38 0.42104971408843994 -0.5368096232414246
32 1.2946162223815918 0.2739771902561188
541 0.9593186974525452 -0.5868580341339111
1496 -1.3248672485351562 -0.9643275141716003
5 1.243367314338684 1.3713414669036865
1107 0.07679889351129532 -0.9155941009521484
1411 -0.43720680475234985 -0.5752710103988647
687 -0.41946977376937866 -0.16855373978614807
683 -0.16425888240337372 0.546606719493866
246 -0.8408803939819336 0.3402750790119171
172 -1.3161004781723022 0.5342115163803101
1012 -0.1330312341451645 0.4981946051120758
208 0.6250498294830322 0.13127779960632324
857 0.39845186471939087 -0.5287021994590759
851 1.6889437437057495 -0.6396283507347107
746 -1.2372037172317505 -0.4989488124847412
663 0.27732542157173157 0.2604227066040039
1332 0.2924540638923645 0.5457128286361694
307 -0.5031362771987915 -1.6575623750686646
1089 -0.4558904767036438 -1.2810966968536377
120 1.2875789403915405 0.28866949677467346
783 0.024264808744192123 0.11242593824863434
874 -0.41680485010147095 -0.2414887696504593
580 -1.4375388622283936 0.6059303879737854
531 -0.12284392863512039 1.7601228952407837
526 1.2664614915847778 0.3567807376384735
1325 0.9312462210655212 0.8821111917495728
649 -0.12388342618942261 0.5100680589675903
1148 0.11969984322786331 1.1001733541488647
140 -1.1543383598327637 1.0861163139343262
1005 -1.489516019821167 0.4039197862148285
926 -0.19491811096668243 -1.363723635673523
493 -0.4356382489204407 -0.3125452399253845
284 -0.6724062561988831 -0.9045295119285583
686 -0.520345151424408 -1.644276738166809
1011 -1.6255038976669312 -0.2909125089645386
1511 -0.23001877963542938 1.137908935546875
861 -0.05163778364658356 0.5883848667144775
669 0.9853561520576477 0.85225510597229
1262 1.266013503074646 0.46476078033447266
529 -1.4684592485427856 0.48110678791999817
1413 1.1600698232650757 -0.07024531066417694
308 -0.837232232093811 0.9159682989120483
110 -1.1104217767715454 -0.2563607692718506
650 -0.06968510150909424 1.5989006757736206
1218 0.175638347864151 -1.6568007469177246
740 -1.486067295074463 0.409445583820343
304 0.47047650814056396 0.5173518657684326
1425 -0.7379608154296875 0.14629827439785004
630 0.4906206429004669 0.5080997943878174
1086 0.9672412276268005 -1.5141698122024536
648 -0.11775099486112595 1.1077829599380493
1443 -0.7699490785598755 -0.809965968132019
157 -0.801730751991272 1.3927606344223022
1120 -0.6969401240348816 -1.566301941871643
12 0.39184826612472534 -0.5396984219551086
204 -1.531877040863037 0.41492071747779846
854 -0.4801023602485657 1.6901142597198486
1138 0.46383923292160034 0.51780766248703
736 -0.22665445506572723 0.41858917474746704
1293 1.0501744747161865 0.7336211204528809
90 0.49050724506378174 1.1232686042785645
250 0.8945244550704956 1.60758638381958
1258 -1.3181400299072266 -1.0654358863830566
1010 -0.057704318314790726 -1.690489649772644
1259 -0.6897113919258118 -0.8403892517089844
1330 -1.038197636604309 -0.1665443331003189
88 -0.22985082864761353 -0.6670124530792236
1209 -0.08088391274213791 1.5528799295425415
258 -0.3689466416835785 0.9041187167167664
831 -0.40483036637306213 0.9182654619216919
62 -0.7901989221572876 1.3828074932098389
73 1.2893469333648682 0.2894500494003296
324 1.8302843570709229 0.451848566532135
242 0.45085787773132324 1.208106279373169
1522 -1.2319048643112183 -1.0525975227355957
488 0.912941038608551 -0.2969002425670624
496 1.6274663209915161 0.8398876190185547
516 1.3024041652679443 0.28347545862197876
1517 0.9875137209892273 -0.5896965861320496
478 1.542645812034607 -0.8954148292541504
1192 -1.2348848581314087 -1.0987907648086548
1203 0.5053900480270386 0.057723987847566605
59 1.398862600326538 0.4610014855861664
921 0.2866211235523224 -0.31983470916748047
1263 -0.9967356324195862 -1.313624620437622
672 -1.14578378200531 -0.2220441997051239
1529 0.6299429535865784 0.38866302371025085
301 -0.14452007412910461 0.5773061513900757
1403 0.4509084224700928 -0.4804666340351105
1503 0.919060468673706 0.9093095064163208
123 -0.19823861122131348 1.0517445802688599
1505 -0.37663060426712036 0.1621859222650528
1013 1.751353144645691 0.6637943387031555
755 0.06947137415409088 1.7406152486801147
33 0.022484978660941124 0.5175812244415283
68 0.9816241264343262 0.8580541014671326
1328 0.12206242978572845 0.2943241596221924
274 -1.1152149438858032 -1.2024164199829102
1506 1.2870408296585083 0.2831156849861145
1491 0.5455161929130554 0.10860287398099899
216 0.2370724081993103 0.5535004734992981
506 0.4544888436794281 -1.6407861709594727
1326 0.4634264409542084 -0.45037657022476196
23 0.13798023760318756 1.7799062728881836
1519 -1.6302134990692139 0.07151086628437042
41 0.6505208611488342 0.3586847186088562
1490 -0.7805394530296326 0.688572108745575
141 -1.6008256673812866 -0.4221058785915375
840 0.49638015031814575 1.1239778995513916
507 0.4929982125759125 0.047147445380687714
70 1.826924204826355 -0.04261195287108421
1247 -1.301061987876892 1.0264108180999756
512 0.03888499364256859 -0.002937145996838808
219 -0.2835487425327301 -0.31883537769317627
744 -0.19390322268009186 0.5671920776367188
351 0.9055647850036621 0.9136662483215332
282 0.1359083503484726 -0.821072518825531
142 1.1792231798171997 -0.22065676748752594
1448 -0.011454546824097633 -0.1567392796278
856 1.2902034521102905 0.2760063111782074
745 -0.8555074334144592 1.4929848909378052
106 0.8702372908592224 -0.30607426166534424
1195 0.163964182138443 1.0997419357299805
1194 1.5064531564712524 1.0475178956985474
161 0.48224568367004395 1.1153759956359863
298 0.9635065197944641 -1.5180490016937256
1152 0.9132825136184692 -0.654490053653717
1202 0.4454459249973297 -0.5019883513450623
1083 0.17572827637195587 -1.6562118530273438
1432 -1.5147066116333008 0.3958556354045868
738 -0.024717578664422035 -0.12173938006162643
156 0.011391949839890003 -0.8389211297035217
1014 -0.4383070468902588 -0.3644002377986908
21 -0.21203148365020752 -1.3684972524642944
36 -0.853647768497467 0.3533461391925812
1534 -0.8342820405960083 -1.5015064477920532
101 1.2021957635879517 -0.28673985600471497
743 0.5092648267745972 0.01442251168191433
1524 1.1784788370132446 -0.19790251553058624
678 -0.3254474997520447 -0.4796237349510193
1146 -1.1792399883270264 -0.0786423534154892
696 0.3164663016796112 -1.5919219255447388
984 -0.23398977518081665 1.571226716041565
299 0.38259950280189514 1.7039837837219238
849 -1.055320382118225 -0.09880055487155914
446 0.015230096876621246 -0.8389332294464111
236 -0.37770500779151917 0.17549428343772888
144 0.9065924286842346 -0.31319406628608704
1531 -0.31023770570755005 -0.08553627133369446
1289 0.26468223333358765 -0.3382517099380493
425 0.38261038064956665 -1.6903889179229736
820 -0.1656164824962616 0.5002745985984802
217 0.6293259859085083 0.3957389295101166
264 -0.08167003095149994 1.767620325088501
112 -0.4042038917541504 0.8861704468727112
855 1.5204490423202515 1.0125703811645508
778 0.8852956891059875 1.612855315208435
74 -0.2744975686073303 1.059878945350647
1291 -0.3677397668361664 0.17195968329906464
294 -0.616916835308075 0.4989283084869385
276 1.287580966949463 0.2378969043493271
11 0.025703171268105507 -0.852738082408905
1185 -0.4282572567462921 -0.5062426924705505
1260 -1.6566650867462158 -0.20473170280456543
253 -1.0425012111663818 -0.19544970989227295
162 0.12856027483940125 1.1080735921859741
1530 1.7357573509216309 -0.5090163946151733
492 1.7197909355163574 -0.550929605960846
94 1.8164137601852417 -0.007758324034512043
1134 -0.7790927886962891 1.564980149269104
494 0.7126469016075134 -1.0731698274612427
1265 0.7023576498031616 -1.0951159000396729
49 0.17421449720859528 -1.6507554054260254
522 1.316727638244629 0.3066200911998749
13 -1.631382942199707 -0.27455106377601624
927 1.7440003156661987 0.6880152821540833
6 1.8535212278366089 -0.10218947380781174
1521 0.41217637062072754 -0.15918879210948944
742 0.07868977636098862 0.37993931770324707
138 0.4179943799972534 -0.1354566216468811
1008 0.22147227823734283 0.5514931082725525
305 -0.1238873153924942 0.5100768208503723
1540 0.9836148619651794 -0.4820908308029175
1206 0.13220445811748505 -1.618595838546753
1278 0.5080295205116272 1.6918425559997559
215 1.5105034112930298 1.0482428073883057
668 0.4211914539337158 -0.5192744135856628
1533 -1.310303807258606 0.8484550714492798
1208 -0.016506459563970566 -0.12511001527309418
1205 0.42366495728492737 -1.671748399734497
260 0.01557152159512043 -0.8391669988632202
684 -1.4877535104751587 0.4070146381855011
233 -0.019208164885640144 -0.12656013667583466
1331 0.19758909940719604 1.768331527709961
1284 -1.0670820474624634 1.3906543254852295
647 -0.6371192336082458 1.420008659362793
699 0.6569651961326599 -1.6141334772109985
230 -0.9431769847869873 -1.1175752878189087
147 -0.11240606009960175 1.7579245567321777
1324 0.16145989298820496 1.7722275257110596
293 0.4103143811225891 -0.14163967967033386
15 -1.587664246559143 -0.48405516147613525
334 1.1251462697982788 0.6438023447990417
520 0.4947369396686554 1.1305586099624634
931 0.5742886066436768 0.5202434659004211
505 -0.32157763838768005 -1.1390310525894165
266 -0.09551995247602463 0.42269429564476013
42 -0.350553423166275 -1.2529442310333252
1395 -1.6701302528381348 -0.12096814811229706
146 1.5295040607452393 -0.9754685759544373
1329 0.08528385311365128 -0.6743994355201721
1394 -0.6159706115722656 0.39956900477409363
651 0.13055649399757385 -0.7332731485366821
530 -1.1472880840301514 0.764611542224884
528 0.05195412039756775 0.5792258381843567
145 -0.2246757596731186 1.072242021560669
20 -1.2138864994049072 -1.1041855812072754
701 0.12410523742437363 0.15964244306087494
1514 0.24184681475162506 -0.34500494599342346
286 -0.20426659286022186 1.569962978363037
96 1.2914564609527588 0.2694416344165802
1283 1.5366305112838745 -0.9208404421806335
698 1.335443139076233 1.2912133932113647
159 0.5736404061317444 0.10978899896144867
676 0.6268326640129089 0.13062667846679688
1515 0.04351308196783066 -0.006305449176579714
97 -1.1389350891113281 1.086536169052124
1323 1.8328369855880737 -0.058580465614795685
89 -1.2909095287322998 1.0405611991882324
1281 -0.021195076406002045 -0.10295329988002777
150 -0.8076938986778259 0.4839670658111572
218 0.7974653244018555 1.6111572980880737
1408 0.38134780526161194 -0.5474907755851746
81 -0.7833996415138245 -0.8123219013214111
1518 0.23707279562950134 0.5535001754760742
267 -0.5050035119056702 -1.656121015548706
1536 -1.5207079648971558 -0.6641102433204651
291 1.7354464530944824 -0.5253405570983887
292 1.1355111598968506 1.452945590019226
105 -0.16353952884674072 -1.3603236675262451
1493 0.731627345085144 1.6147427558898926
1510 -0.4468202292919159 -0.3918033242225647
103 1.8291243314743042 -0.04806296154856682
288 -0.44140949845314026 -1.1586347818374634
71 -1.086903691291809 -0.3104395568370819
660 0.23616711795330048 -0.3484398126602173
981 -1.5529348850250244 0.4370979368686676
48 0.027102485299110413 0.5902672410011292
75 0.14043202996253967 1.7629839181900024
445 -1.4859665632247925 0.5414843559265137
148 -0.38036131858825684 0.15861785411834717
22 0.4109611213207245 -0.13334742188453674
289 1.4974068403244019 -1.018340826034546
287 1.3849951028823853 -1.1793849468231201
46 1.7250558137893677 -0.5466914176940918
1290 1.1738815307617188 -0.21446137130260468
444 -0.364973247051239 -0.411120742559433
93 -0.20088744163513184 0.5175859928131104
263 -0.9545788764953613 -1.3673546314239502
92 0.7678119540214539 -1.0069416761398315
85 -1.1503188610076904 1.1142369508743286
104 -0.766246497631073 -0.8132978081703186
930 0.49696385860443115 0.018059780821204185
519 -0.34736010432243347 -0.05053161457180977
1264 0.1547863483428955 1.1252529621124268
1092 0.9387367963790894 1.5746501684188843
1292 -0.014832539483904839 -0.139164999127388
1294 1.507246971130371 -1.0066354274749756
221 -0.29018089175224304 -0.11598112434148788
155 0.783726692199707 -0.9938957095146179
1322 -0.3811720311641693 0.16012772917747498
228 -1.2422497272491455 -1.083048939704895
290 -0.14487846195697784 0.5723049640655518
98 -1.378030776977539 -0.6247104406356812
91 -0.14906784892082214 -1.264493465423584
270 1.0242749452590942 1.5381535291671753
970 0.649406373500824 0.15534579753875732
231 0.9437962770462036 -1.5293374061584473
982 -0.46154940128326416 0.7969436645507812
1286 -0.367255300283432 -0.11445938795804977
45 0.8953381776809692 -1.556900143623352
409 1.429939866065979 -1.140622854232788
373 0.4975311756134033 0.025840360671281815
429 -1.038837194442749 -0.135829359292984
77 0.5870612263679504 0.39577773213386536
261 -1.4022927284240723 -0.6197868585586548
83 -1.5174843072891235 0.38835689425468445
939 0.5345862507820129 1.6425375938415527
78 0.5588654279708862 0.18164211511611938
1080 -1.026413917541504 -0.10925468057394028
39 -0.4602120816707611 1.6942206621170044
929 1.17605459690094 -0.16985288262367249
285 0.21949322521686554 -0.35781073570251465
983 -0.30382952094078064 0.006376546807587147
296 -0.8892176151275635 1.186428189277649
95 0.2355857640504837 0.56105637550354
232 -0.02503456175327301 0.33129608631134033
149 -0.020815234631299973 -0.16580285131931305
30 1.2868443727493286 -1.296447992324829
932 1.7630451917648315 -0.41200533509254456
973 -0.07228223234415054 0.17963135242462158
985 0.20070362091064453 0.5702254176139832
273 1.2518004179000854 0.0370887815952301
428 0.22068949043750763 0.552440345287323
1133 -0.16682088375091553 -1.2489256858825684
1279 1.0258101224899292 -0.5180274248123169
822 -0.6554670333862305 0.521368145942688
313 0.12348612397909164 -1.018925428390503
43 -1.1929306983947754 -0.08699289709329605
408 0.5829306244850159 1.6495544910430908
227 0.5058562755584717 1.1243351697921753
235 -0.11493980884552002 0.35724756121635437
262 1.8205087184906006 0.49104052782058716
224 -1.4375368356704712 0.6059302687644958
933 -0.428989976644516 -0.36536896228790283
79 0.6208024621009827 0.3872484564781189
35 0.028727276250720024 -0.8540171384811401
34 1.608270525932312 0.8898748755455017
1317 -0.05462052300572395 0.3548800051212311
80 0.3829062879085541 1.1025876998901367
84 1.2744348049163818 0.2011372596025467
86 1.1832324266433716 1.411511778831482
223 1.1848206520080566 -0.04826530069112778
1525 0.22562171518802643 0.55319744348526
27 -1.4097760915756226 -0.6457353830337524
82 -0.9319370985031128 -0.6839022636413574
1320 0.9995772838592529 -0.5859584808349609
26 0.3946896493434906 1.105836033821106
229 1.8372443914413452 0.2502216398715973
1300 0.8926293849945068 0.9306347370147705
953 -0.3942561149597168 0.8927748799324036
1288 -0.704756498336792 0.5490292906761169
160 1.1567227840423584 -0.1404663622379303
946 -0.1782362014055252 1.0608898401260376
1287 -0.4295476973056793 -0.5523079633712769
214 -0.38059329986572266 -1.194424033164978
25 -0.7565886378288269 0.43623197078704834
1297 -0.7692025303840637 0.10025138407945633
28 -0.29167747497558594 -0.01470768079161644
955 0.6634231805801392 0.17629031836986542
272 -0.40547508001327515 -0.5154994130134583
938 0.3217989206314087 1.1192322969436646
220 -0.07596978545188904 0.18293802440166473
974 1.7396490573883057 0.6796059012413025
944 -0.29858213663101196 -0.11970799416303635
76 1.8302491903305054 -0.040265895426273346
1282 -0.16838447749614716 0.5562272667884827
29 0.0433531329035759 -0.8763628005981445
31 -1.4444211721420288 0.8336093425750732
271 1.4960930347442627 -1.0219939947128296
372 1.4998005628585815 1.044405460357666
1313 0.12646159529685974 1.090464472770691
315 1.7186144590377808 -0.5855208039283752
265 -0.4039638638496399 -0.6934642195701599
295 0.8906988501548767 0.934312105178833
1321 0.4959322214126587 -0.018280334770679474
143 -0.4605909287929535 1.6934407949447632
947 1.0113176107406616 -0.5903204679489136
1319 0.42584261298179626 -1.6773324012756348
950 0.45513466000556946 -0.4619889259338379
300 -0.031074106693267822 0.32201892137527466
945 -0.007466788869351149 -0.14793813228607178
1285 -0.5844706296920776 -0.8865773677825928
222 -0.1362980306148529 -0.3503974974155426
934 1.612365961074829 0.8934228420257568
960 1.5126169919967651 -0.9806963801383972
940 1.7420539855957031 0.6749345660209656
44 1.4919795989990234 -1.0277832746505737
937 0.6617616415023804 -0.3216615915298462
24 -0.8037503957748413 1.4342899322509766
434 0.801694393157959 -0.9739075303077698
935 1.364168643951416 1.2361987829208374
1306 0.9787652492523193 -1.5041487216949463
951 -0.46313685178756714 -0.3832920491695404
1299 1.8302662372589111 0.24479150772094727
275 0.09779816120862961 -0.8969767093658447
225 -0.10294023901224136 1.1252765655517578
971 -1.430235505104065 -0.6667816042900085
949 -1.075974702835083 -1.2426637411117554
1318 -0.806432843208313 0.9545309543609619
297 0.8464733362197876 -1.5751903057098389
838 -0.2984130382537842 -0.0559440515935421
661 1.8339266777038574 0.4435200095176697
1316 -1.1322730779647827 -0.2657609283924103
545 -0.23773299157619476 1.138142704963684
1315 -1.0620622634887695 -0.29808375239372253
40 1.39340341091156 1.127746343612671
979 0.224809929728508 -0.6184625029563904
99 -1.3769710063934326 0.9229835271835327
1280 1.1782667636871338 -0.18563826382160187
1526 0.6394429802894592 0.39543935656547546
1296 0.8225009441375732 1.6171427965164185
975 -0.3309992253780365 -0.07593594491481781
1311 -0.2258310467004776 -1.6128090620040894
941 0.12680169939994812 1.1068634986877441
952 0.8998435139656067 0.9296410083770752
957 1.8324809074401855 0.4580431878566742
964 -0.04759637266397476 -1.6890473365783691
956 0.8647803068161011 -0.8167278170585632
977 -0.021295055747032166 -0.14441731572151184
972 -0.48430952429771423 -0.40207433700561523
381 -0.021435003727674484 -0.12651295959949493
829 -1.1458293199539185 -0.22204957902431488
1305 0.16994763910770416 1.0982789993286133
968 -0.41642752289772034 -0.42146509885787964
980 1.3779655694961548 -1.187528133392334
942 -0.16090592741966248 0.5405930280685425
1295 0.44173166155815125 -0.5013861656188965
943 -0.502521276473999 -0.7076543569564819
976 0.7967318296432495 -0.598595917224884
226 0.3955327868461609 -0.12894390523433685
1301 -0.3145720958709717 -0.07122474908828735
1302 -0.17024727165699005 1.5851445198059082
958 0.08419841527938843 0.18992607295513153
410 0.13696959614753723 1.7728649377822876
436 -0.3699086308479309 0.169913649559021
963 -0.40705040097236633 0.9111793041229248
936 -1.0844894647598267 -0.10698691010475159
1308 -0.31088995933532715 -0.11144642531871796
437 0.012928429991006851 -0.8359670042991638
969 -0.0610915943980217 0.17284131050109863
309 -1.0573383569717407 -0.28679949045181274
966 1.3380029201507568 1.2858080863952637
443 0.7020796537399292 -1.0752830505371094
1307 0.23855507373809814 0.556860625743866
1310 -0.8602514863014221 0.3583424389362335
371 -1.190101146697998 -1.1471689939498901
312 -1.588394045829773 -0.6118552684783936
961 -0.30126383900642395 -0.06287502497434616
948 0.43467190861701965 1.7024270296096802
1298 0.3164118528366089 0.5477688908576965
1309 -1.1253153085708618 -0.11520390212535858
954 -1.0806472301483154 -0.43580538034439087
432 -0.13280192017555237 -0.2622760534286499
978 0.45902910828590393 0.5198350548744202
967 0.1756841093301773 -1.64751136302948
1304 0.9368413686752319 0.8926196098327637
965 -0.2036132961511612 0.5141606330871582
314 -0.7163109183311462 0.548951268196106
1314 -0.4253784120082855 -0.5278316140174866
438 -0.15578101575374603 0.5425231456756592
1312 0.005626256112009287 -0.8351728916168213
959 -0.05163484439253807 0.5883919596672058
962 0.9946130514144897 -1.5046050548553467
1477 0.5458705425262451 0.4699033796787262
435 -0.4519721269607544 -0.45369952917099
1303 -0.4144432246685028 -0.5517874360084534
439 1.1731607913970947 -0.2101544439792633
659 0.6026405692100525 -1.1076576709747314
1183 -1.3050683736801147 1.0206128358840942
804 -0.7162318229675293 -1.5588434934616089
433 0.6371044516563416 0.37883099913597107
310 1.3012067079544067 1.3208086490631104
1478 -0.8849256038665771 0.06603893637657166
441 0.36672094464302063 0.5427947044372559
1175 0.12387749552726746 0.15889890491962433
517 0.09674467146396637 0.19120043516159058
440 0.892539381980896 -0.28716230392456055
839 0.4984279274940491 -0.41871657967567444
370 0.4594534635543823 0.030579421669244766
442 -0.266769677400589 -0.4333755075931549
333 -0.7740521430969238 1.396322250366211
1476 1.1702746152877808 -0.15746071934700012
430 -0.36370590329170227 0.16343720257282257
1184 0.07952380180358887 -0.6685001254081726
374 0.1636372059583664 1.0935614109039307
332 1.5043344497680664 1.0524643659591675
1548 -1.1322709321975708 -0.2657964527606964
1088 -0.3260875940322876 0.05943366140127182
1520 0.4314976930618286 1.1255052089691162
405 -1.641921877861023 0.015081290155649185
404 -0.32996344566345215 -1.1685870885849
7 -0.8922926783561707 0.7613430619239807
658 -0.9725943803787231 -1.368320345878601
407 -1.6690312623977661 -0.10524797439575195
406 0.8702743053436279 -0.8620792031288147
369 0.4504944682121277 1.1219840049743652
821 -0.37502235174179077 0.9048923850059509
805 0.9344457387924194 0.8815330266952515
368 -0.791014552116394 0.7838029265403748
366 1.0081928968429565 -1.4922997951507568
367 0.013524552807211876 1.7779518365859985
628 -1.618717074394226 -0.35561931133270264
1549 1.782239556312561 -0.39105093479156494
431 -0.19760805368423462 1.7102136611938477
379 -0.02748091146349907 0.32432278990745544
380 0.1180219054222107 0.050846219062805176
