451 0.521173894405365 1.8243352174758911
1477 0.16281647980213165 -0.06582996994256973
832 0.16281607747077942 -0.06574995070695877
913 0.1628125160932541 -0.06582997739315033
1046 0.16281630098819733 -0.06594691425561905
915 0.16281647980213165 -0.06582985073328018
32 0.16281285881996155 -0.06582999974489212
857 0.16281646490097046 -0.06582994759082794
312 0.16281406581401825 -0.06614470481872559
430 0.1628161519765854 -0.06594812870025635
973 0.16279424726963043 -0.06582985073328018
921 0.16282197833061218 -0.065749891102314
594 0.1627786010503769 -0.06582944840192795
993 0.16275635361671448 -0.06585080921649933
386 0.16281618177890778 -0.06585093587636948
1131 0.16282202303409576 -0.06594525277614594
1037 0.16279451549053192 -0.06601975858211517
408 0.16279426217079163 -0.06582985818386078
397 0.16281616687774658 -0.06585080921649933
461 0.1627950221300125 -0.06574880331754684
629 0.16281646490097046 -0.06582996249198914
442 0.1628149002790451 -0.06585239619016647
460 0.16281652450561523 -0.06582997739315033
1488 0.1628161519765854 -0.06585092097520828
782 0.162816122174263 -0.06574996560811996
338 0.1628137081861496 -0.06575000286102295
45 0.16279426217079163 -0.06582984328269958
931 0.16282440721988678 -0.06614473462104797
532 0.16282294690608978 -0.06614465266466141
939 0.16277872025966644 -0.06602110713720322
447 0.16279424726963043 -0.06582985073328018
1397 0.16272714734077454 -0.06608035415410995
557 0.16282212734222412 -0.06584959477186203
803 0.1627786010503769 -0.06582944840192795
608 0.16281646490097046 -0.06582996249198914
501 0.16282127797603607 -0.06614473462104797
1431 0.1628161072731018 -0.06594815105199814
987 0.16272951662540436 -0.06614471226930618
642 0.16277751326560974 -0.06608119606971741
917 0.1627785712480545 -0.06582944095134735
452 0.16282105445861816 -0.06607751548290253
549 0.16281647980213165 -0.06582995504140854
434 0.16266503930091858 -0.06653501838445663
1136 0.16279543936252594 -0.06594548374414444
1079 0.16281601786613464 -0.06614474207162857
1139 0.16285882890224457 -0.06587599962949753
737 0.16282734274864197 -0.0660184696316719
585 0.16277745366096497 -0.06574935466051102
1428 0.1628229171037674 -0.06614464521408081
736 0.16622932255268097 -0.06241356581449509
345 0.16283196210861206 -0.065987728536129
600 0.16281652450561523 -0.06582996249198914
905 0.16277740895748138 -0.06599710881710052
403 0.1628130078315735 -0.06584987044334412
694 0.16281653940677643 -0.06582996994256973
759 0.1628161519765854 -0.06594813615083694
970 0.16281215846538544 -0.06582999229431152
693 0.16281618177890778 -0.06585003435611725
1020 0.16281217336654663 -0.06582999974489212
659 0.1628161370754242 -0.06594806164503098
511 0.162816122174263 -0.06594815105199814
1143 0.16282255947589874 -0.06608046591281891
1393 0.1627282053232193 -0.06594627350568771
1128 0.16279426217079163 -0.06582985073328018
992 0.16281601786613464 -0.06614474952220917
429 0.16272716224193573 -0.06608035415410995
1390 0.16281208395957947 -0.06607859581708908
1485 0.16281647980213165 -0.06582995504140854
1475 0.1628243774175644 -0.06614471971988678
1047 0.16279423236846924 -0.06582985073328018
440 0.16281220316886902 -0.0660802572965622
401 0.16279423236846924 -0.06582983583211899
448 0.1627950221300125 -0.06574896723031998
586 0.1627950668334961 -0.06574897468090057
732 0.16279424726963043 -0.06582984328269958
342 0.1627941131591797 -0.06608167290687561
626 0.1628161519765854 -0.06585092097520828
1496 0.16281649470329285 -0.06582996994256973
34 0.16279424726963043 -0.06582983583211899
455 0.16281193494796753 -0.06594663858413696
563 0.16281190514564514 -0.06594664603471756
906 0.1628137081861496 -0.06574999541044235
1031 0.16281598806381226 -0.06614477187395096
514 0.16282086074352264 -0.065947987139225
383 0.16281656920909882 -0.06582995504140854
467 0.16281649470329285 -0.06582996994256973
723 0.16281627118587494 -0.06594708561897278
377 0.16282062232494354 -0.06574992835521698
541 0.16279423236846924 -0.06582984328269958
1125 0.15451930463314056 1.046888828277588
525 -0.026353200897574425 -0.20393577218055725
1171 -1.5553158521652222 -0.696977436542511
547 -0.5936064720153809 -1.6743675470352173
972 0.268009215593338 0.32953572273254395
721 0.7160698771476746 0.5705029368400574
1344 1.1473724842071533 -0.5375346541404724
636 0.28748202323913574 0.340006023645401
637 0.1543591469526291 -1.7747658491134644
407 0.12845472991466522 -0.034743648022413254
1157 -0.577326238155365 -0.2681412994861603
914 -0.29414165019989014 -0.6782393455505371
1402 -0.5531452894210815 0.7923001050949097
334 0.45635369420051575 0.2370465099811554
336 -1.167620062828064 -0.17581036686897278
587 0.6416929960250854 1.0051721334457397
521 -0.011558139696717262 -0.43536487221717834
831 1.432340383529663 -0.5356016755104065
631 0.5646722912788391 -0.2012454718351364
639 0.9917815923690796 0.14478082954883575
850 0.5596116781234741 -0.19481900334358215
664 0.9937552213668823 0.16730175912380219
332 -1.507582664489746 0.4314284324645996
570 -0.5545763373374939 -0.29027777910232544
1421 -1.1310298442840576 1.0449402332305908
314 0.63973468542099 1.0005145072937012
588 0.11909417062997818 -0.8938162922859192
1432 0.14934681355953217 -1.77671217918396
44 0.21691574156284332 1.0202559232711792
1376 0.7215420007705688 -0.9180494546890259
543 0.5616258382797241 -0.21021103858947754
506 0.33332279324531555 0.38017186522483826
756 0.8425189256668091 -1.3089808225631714
978 1.0926110744476318 0.76828533411026
1429 -0.1146804466843605 -1.808078408241272
385 1.0939326286315918 -0.9657062292098999
800 0.43250513076782227 -0.49168938398361206
433 0.5644856095314026 -0.21515628695487976
930 -0.3252405822277069 -1.772258996963501
717 1.0417107343673706 -1.0850054025650024
1086 -1.1160361766815186 1.0889480113983154
1420 0.13649281859397888 0.7701532244682312
1394 0.1399003118276596 -0.9050143361091614
827 1.5125253200531006 -1.3336509466171265
663 0.1323675662279129 -1.442745327949524
1439 -1.4760068655014038 -0.8746784925460815
1490 1.073603630065918 1.3827564716339111
1123 -0.8180640339851379 0.48019081354141235
638 0.712498664855957 0.5824129581451416
662 -0.050066638737916946 -0.20512931048870087
1040 1.1654000282287598 -0.3527028560638428
316 0.9905647039413452 0.2868731915950775
9 -1.5784337520599365 0.1390255093574524
335 -0.9181262254714966 -1.4115352630615234
376 1.8064430952072144 -0.5929853916168213
391 0.006152323912829161 1.6564275026321411
839 -1.1347849369049072 -1.1587966680526733
971 -1.163638710975647 -0.18076257407665253
1433 0.5142762660980225 0.1864382028579712
1124 1.0104442834854126 0.2803114056587219
934 -1.0890575647354126 0.09968271851539612
791 0.7336554527282715 -1.3389207124710083
621 0.5621904730796814 -0.2026962786912918
1032 1.161152720451355 -0.9454176425933838
1094 1.8074311017990112 -0.5733393430709839
331 0.5713680982589722 -1.4718509912490845
724 1.806991696357727 -0.6053042411804199
1495 -0.4943026900291443 0.8011759519577026
1391 1.4479756355285645 -0.02745192125439644
1028 0.5852466225624084 -0.6028845906257629
601 0.5640345811843872 -0.20416802167892456
881 0.10445399582386017 0.6743996739387512
641 0.5350567102432251 -0.21971409022808075
1399 -0.023463552817702293 -0.45549896359443665
819 0.5502234697341919 -1.4383494853973389
1130 1.4367759227752686 1.1570905447006226
1102 1.1198550462722778 -0.7868991494178772
991 -1.0529612302780151 -0.41192081570625305
558 0.13689002394676208 -0.9053617119789124
802 1.147326111793518 -1.3610880374908447
814 0.04389180615544319 0.6751530766487122
824 -0.10729227215051651 -0.8432478308677673
512 0.5172732472419739 -0.21438398957252502
1059 1.1676725149154663 -1.57134211063385
891 -1.5743629932403564 -0.6370150446891785
1379 1.097015142440796 -1.6118496656417847
426 0.30372509360313416 0.34545421600341797
925 0.23245561122894287 1.0141702890396118
1039 -0.0581786222755909 0.4229803681373596
1022 0.9926601648330688 0.18268023431301117
1081 0.7737479209899902 -0.9346421360969543
990 1.4315528869628906 0.10886925458908081
409 -0.1973874270915985 1.4509152173995972
784 -1.4900773763656616 0.48602914810180664
1056 0.16279424726963043 -0.06582985073328018
619 -1.5372600555419922 -0.746446430683136
589 -0.2404797226190567 0.8980013728141785
560 -1.5561838150024414 0.2734270393848419
1098 -0.5849077105522156 -0.27882567048072815
431 0.09523838758468628 -1.7848056554794312
503 0.024241432547569275 0.6333147883415222
847 -0.6594870686531067 -1.6051604747772217
841 0.37944352626800537 0.38827139139175415
582 -0.20757320523262024 -1.3278086185455322
581 1.877896785736084 -0.31602388620376587
320 0.13247081637382507 -0.03976284712553024
624 -1.0699039697647095 -0.36510512232780457
395 0.5595211982727051 -1.4490035772323608
1140 -0.22638803720474243 -1.3017220497131348
157 0.15310309827327728 1.6385977268218994
815 0.5618772506713867 -0.20532512664794922
1494 -0.9642945528030396 0.2339152991771698
837 0.8381398916244507 0.34716272354125977
743 1.105234980583191 -0.8592491149902344
760 -0.9527302980422974 0.2966642379760742
712 -1.2362029552459717 0.551631510257721
725 -1.0743519067764282 -0.342337429523468
1382 1.866060733795166 -0.12024927139282227
1127 -0.1812734454870224 0.9220045804977417
938 0.8101020455360413 -0.135592520236969
668 -0.02441340684890747 -0.28670749068260193
593 -0.24913457036018372 0.13543932139873505
1111 -0.6604397892951965 -1.6057130098342896
349 -0.9358916282653809 -1.3558106422424316
374 0.7433678507804871 -1.7881773710250854
542 1.286629557609558 0.6095845103263855
540 -0.2659708261489868 -1.234068751335144
546 0.11134722828865051 -0.02265719696879387
597 0.1443069875240326 -1.7603522539138794
665 -0.24817906320095062 -1.2908393144607544
1415 1.7662479877471924 0.7929868102073669
1400 -1.152693748474121 0.9896525144577026
114 -0.9249176979064941 -0.7219390869140625
566 -0.3721620440483093 0.06838136166334152
1161 0.2964083254337311 0.37996432185173035
476 -0.010269333608448505 -0.46115174889564514
388 -0.958189070224762 -0.6596736907958984
539 -0.815828800201416 -1.3538298606872559
520 0.5637852549552917 -0.20994918048381805
826 0.9971965551376343 -0.33316323161125183
780 -0.013260922394692898 -0.22750058770179749
406 -0.003278331831097603 -0.41991499066352844
596 0.10310215502977371 -1.768965482711792
1084 0.12826284766197205 -0.1283651888370514
948 0.6752586960792542 0.52935391664505
562 -0.2693359851837158 0.8928540349006653
806 -0.473084032535553 0.8020312786102295
1481 1.4266772270202637 1.1851695775985718
1103 0.22385738790035248 -0.8031539916992188
1030 0.5607096552848816 -0.16880205273628235
622 0.5408968329429626 -1.4679007530212402
666 -0.6710323691368103 -0.7935655117034912
643 1.0178251266479492 -0.3486608564853668
321 -0.3645918071269989 0.07840604335069656
578 0.14597728848457336 -0.8881780505180359
620 0.5834817886352539 -0.6260330677032471
1345 0.5438990592956543 -0.21739135682582855
833 0.8463008999824524 0.5466808676719666
765 -0.47852542996406555 1.555928349494934
580 0.9876208901405334 0.15161530673503876
1430 -1.5696423053741455 -0.6555145382881165
111 -0.2333066165447235 0.13902854919433594
346 -1.5459707975387573 0.32194650173187256
550 1.166788935661316 -0.345865935087204
393 0.40304407477378845 -0.8612141609191895
1479 -0.6646094918251038 0.25630125403404236
20 1.4689862728118896 0.1772565096616745
776 -1.6319500207901 -0.24435743689537048
1074 0.663037896156311 1.625347375869751
926 -1.4490739107131958 0.633450448513031
900 -0.4493575692176819 -1.7489397525787354
1041 -0.24091854691505432 -0.7455019354820251
892 0.9887637495994568 0.2850521504878998
1073 -0.10361672192811966 1.663662075996399
1419 -0.04879031330347061 0.4262923002243042
571 0.4724736511707306 -0.5813961029052734
551 -0.03579774498939514 -0.4694325625896454
630 -1.0335649251937866 -0.2817557454109192
634 1.3698018789291382 -1.4304388761520386
918 -0.20681920647621155 -1.3225107192993164
609 -0.4628332257270813 0.3574652671813965
858 -0.0020909621380269527 0.5857962369918823
742 -0.38270121812820435 0.05181024223566055
1050 -1.0491045713424683 -0.28095996379852295
315 -1.3034014701843262 -0.9983353614807129
441 -0.12212946265935898 1.6600292921066284
649 -0.1562199592590332 -1.3397482633590698
940 -0.557149350643158 1.5404999256134033
1297 1.4443494081497192 0.5915293097496033
1375 0.554796576499939 -1.4548108577728271
411 1.029002070426941 0.8310775756835938
384 0.5927824378013611 1.0266873836517334
1395 0.21257969737052917 0.29743942618370056
1120 0.36141306161880493 0.43038520216941833
11 -0.4305221140384674 -1.0271083116531372
922 0.4813392460346222 -0.5830976963043213
485 0.1604171097278595 -0.1365177482366562
904 -0.5540444254875183 -0.2937483787536621
1052 -0.6800512075424194 0.006612757220864296
1085 1.8732407093048096 -0.1969546228647232
1042 0.10769981890916824 -0.01848236285150051
311 -0.2810056507587433 -0.2164391428232193
965 0.7251847386360168 -0.9121167063713074
1436 -0.43642657995224 -1.0080310106277466
41 -0.9098547697067261 -0.722335934638977
341 -0.03100563958287239 -0.2438029944896698
796 1.2619842290878296 -0.2666214406490326
1000 1.3973344564437866 0.880806028842926
508 0.41535258293151855 -0.4987158477306366
1024 -0.6962466835975647 0.14355415105819702
963 -0.4750790297985077 0.8198893070220947
735 0.38208791613578796 -0.8523931503295898
1132 -1.5359690189361572 0.35776233673095703
801 0.086033895611763 -1.4396549463272095
811 -1.6139707565307617 -0.1332070529460907
1483 -0.06893999874591827 0.37079283595085144
799 1.0304696559906006 0.8349795937538147
924 -1.529571533203125 -0.7500497698783875
509 -0.7099080085754395 -0.753503680229187
752 -1.1189213991165161 -1.2218725681304932
498 -0.4570424258708954 1.3530722856521606
40 -0.5113074779510498 0.7937319874763489
379 0.5065774917602539 -0.14659467339515686
390 0.546502411365509 -1.4506404399871826
537 0.20251306891441345 -0.1144912913441658
817 1.8150120973587036 0.6500284075737
1015 0.2321515828371048 1.0155655145645142
825 -0.2754141688346863 -0.23465599119663239
657 0.5656639933586121 -0.2161833941936493
322 1.8520253896713257 0.48227551579475403
731 -0.23091883957386017 -0.15194071829319
1296 -0.7286121845245361 0.5447676181793213
548 0.3793099522590637 0.3876730799674988
1388 1.7625738382339478 0.7966485619544983
805 -0.03589922562241554 -0.3488895893096924
836 0.28045764565467834 0.33856001496315
785 1.0178942680358887 -0.35308125615119934
916 -0.022376958280801773 -0.2853519022464752
910 0.9875950813293457 0.15165771543979645
846 0.7847945094108582 0.9682155251502991
909 -1.6240767240524292 -0.22982345521450043
1476 1.8064767122268677 -0.6074711084365845
29 -0.6708263158798218 -0.8018586039543152
997 0.7425455451011658 1.5026190280914307
577 0.6405797004699707 1.0038421154022217
733 1.16270112991333 -0.5382461547851562
394 -0.2007962167263031 0.17527534067630768
519 0.4030516743659973 -0.8612097501754761
513 -0.4767565429210663 0.3599708676338196
400 0.7051235437393188 0.36472487449645996
1033 0.5650994181632996 -0.21056941151618958
615 0.17590948939323425 1.5935710668563843
499 0.566391110420227 -0.5204306840896606
770 -0.2622293531894684 -0.227500781416893
584 -0.030162576586008072 -0.2985500991344452
1422 -0.05430613085627556 0.41577690839767456
983 -0.2548229694366455 0.8937712907791138
727 0.35033977031707764 -0.8325760960578918
804 -0.39037394523620605 0.06103327125310898
1135 -0.07078718394041061 -0.649635374546051
1038 0.3575917184352875 0.38081878423690796
1100 -0.6018153429031372 1.275528907775879
754 -0.6637122631072998 0.06882347166538239
771 -1.3121297359466553 0.7645469903945923
1077 1.0787440538406372 0.7674416303634644
1088 -1.315901756286621 -0.9976920485496521
456 0.5098752379417419 -0.5793154835700989
988 0.5654003620147705 -0.2163960039615631
569 1.8045538663864136 0.6703661680221558
382 0.12491229921579361 -1.7742091417312622
821 -0.03638194873929024 -0.01783568039536476
928 -0.9532794952392578 0.2211240530014038
964 -0.5983814597129822 -0.7625235319137573
517 1.2518137693405151 -1.509533405303955
994 0.04674892500042915 -1.784218668937683
536 -0.7832220792770386 0.516636312007904
518 0.2712867259979248 -0.8169260025024414
510 0.6809604167938232 0.9970530867576599
849 0.5348159074783325 1.530871033668518
1092 0.2947033643722534 -0.8343618512153625
579 -0.05691783130168915 0.4222354590892792
573 0.29113084077835083 0.3419613242149353
730 0.16281647980213165 -0.06582996249198914
425 0.119670070707798 -1.7797507047653198
1019 1.8721719980239868 -0.11661133170127869
1482 -1.0287352800369263 -0.279964804649353
1489 0.7442251443862915 -0.9327042698860168
781 -0.6848005056381226 0.22199222445487976
901 1.795447587966919 -0.676870584487915
493 -0.25270017981529236 0.26968979835510254
444 0.5727459788322449 -0.5936426520347595
574 -0.01813471131026745 -0.20725250244140625
734 1.6829674243927002 -0.9623987078666687
1142 0.4799657464027405 1.5219978094100952
812 -0.024414755403995514 -0.2867715060710907
465 0.16175396740436554 1.046458125114441
1108 -0.9318872690200806 0.37568607926368713
592 -0.029544536024332047 -0.28741154074668884
779 -0.6801468729972839 0.2551611661911011
1265 -0.2712337076663971 -0.2293936312198639
890 0.6220945119857788 1.6056883335113525
1075 -0.48560142517089844 0.38911375403404236
1087 0.11816529184579849 -0.024293432012200356
644 -0.20261375606060028 -0.8096614480018616
1008 1.119065284729004 1.3813711404800415
1002 -0.27529701590538025 -0.706296980381012
489 1.0079236030578613 1.4130101203918457
740 -0.24632956087589264 -0.21161064505577087
8 -0.9832737445831299 -1.342085838317871
1435 0.7586840987205505 0.397028386592865
453 -0.6597509384155273 -1.6064114570617676
110 -0.6986603736877441 0.6606882214546204
564 0.5881665349006653 0.0729244127869606
567 0.10499726235866547 0.3181544542312622
726 0.1372753232717514 -1.7704981565475464
387 0.2411968857049942 -0.8239203691482544
162 1.2033100128173828 -0.36304596066474915
633 1.3135415315628052 -0.12069154530763626
1025 -0.9382452368736267 0.343961626291275
1026 1.8933435678482056 -0.014553682878613472
1035 -0.07857343554496765 0.36675071716308594
1478 -0.25758466124534607 0.8933393955230713
1044 -0.9930095672607422 1.1758040189743042
1071 0.22294969856739044 0.30255118012428284
716 1.2002102136611938 0.9658600091934204
714 -0.5142219066619873 1.3200002908706665
572 -0.666274905204773 -1.5978145599365234
1372 -0.23063841462135315 -1.3119007349014282
903 -0.4748052656650543 0.7928592562675476
1082 -1.5761953592300415 -0.6346494555473328
670 0.5577816367149353 -0.20076800882816315
640 1.131172776222229 -0.7459916472434998
1425 0.7684347629547119 0.3889274299144745
1294 -0.3084592819213867 -0.234101802110672
389 0.5702242851257324 -0.20380781590938568
421 -1.142033338546753 1.0217719078063965
423 0.24670805037021637 1.5318344831466675
435 1.7648496627807617 0.787772536277771
797 1.166711688041687 -0.34478917717933655
1001 -0.8885481357574463 -0.7558442950248718
466 -0.1844785511493683 0.3620187044143677
856 0.673912763595581 0.4880734980106354
1417 0.46963751316070557 -1.0030114650726318
469 1.1284689903259277 -0.7586848735809326
820 1.5257289409637451 0.0033039888367056847
472 0.4300463795661926 -0.5180153846740723
559 1.6539125442504883 0.3073718547821045
553 -0.2294934093952179 -0.7440680265426636
685 0.4838005304336548 -0.07865478843450546
1492 0.2904593348503113 0.3428494334220886
1106 0.14166240394115448 -0.04583073779940605
1300 0.5487813949584961 1.4433802366256714
23 1.6096352338790894 -1.116023302078247
669 0.4623425602912903 -0.8253933191299438
450 0.40718093514442444 -0.4928339421749115
575 -0.8352218270301819 -0.4569064676761627
169 0.048233550041913986 1.4916226863861084
788 -0.6709210276603699 -0.7954962253570557
774 -0.2765333652496338 1.6148550510406494
1048 -0.3840578496456146 -1.0442744493484497
328 0.513088583946228 0.1859290450811386
565 0.3284446895122528 0.3988451361656189
1148 -0.4057093560695648 -1.0331027507781982
414 -0.5322227478027344 -0.36421164870262146
19 0.6705108880996704 0.48874136805534363
842 1.5888370275497437 -1.1505039930343628
1107 0.4533478021621704 -0.5723850131034851
907 -0.7947390675544739 -1.3439607620239258
908 0.8224083781242371 0.45541200041770935
859 1.095289707183838 -0.8717184662818909
491 0.5876319408416748 -0.9918709397315979
529 0.46061450242996216 0.2331099510192871
317 0.44355666637420654 -0.5671167969703674
134 -0.26261353492736816 0.13781091570854187
728 1.3986674547195435 0.46981924772262573
279 -0.5993441343307495 1.2755818367004395
1396 -0.2379511445760727 0.14222045242786407
149 -0.30078238248825073 -0.6807832717895508
1034 0.5356371998786926 -0.09508667886257172
618 -0.06197153031826019 0.402749240398407
613 1.520325779914856 -1.2586597204208374
497 -0.030567914247512817 -0.2804524302482605
1045 -0.802996814250946 0.4938645660877228
705 -1.4957445859909058 0.46847960352897644
1438 -0.18930985033512115 -1.3498822450637817
655 0.11128281056880951 0.40132421255111694
474 -0.9532752633094788 0.22112642228603363
343 -1.6060465574264526 -0.533961832523346
1018 -1.1840293407440186 -1.0866109132766724
243 -0.053136445581912994 0.4318313002586365
1386 1.8049293756484985 -0.4829171597957611
380 -1.6022415161132812 -0.03738857060670853
427 1.1164911985397339 -0.5215644836425781
1017 -0.22952060401439667 -0.8228520750999451
1104 0.5694926977157593 -0.19711606204509735
1027 0.41260194778442383 1.5200356245040894
482 0.45305919647216797 -0.5726344585418701
976 -0.04885369539260864 -0.47228237986564636
974 1.4345531463623047 0.7096711993217468
883 -0.0223387498408556 -0.4354081451892853
660 0.19148869812488556 1.0412006378173828
319 -0.35473665595054626 -1.773704171180725
995 0.6145767569541931 0.24873316287994385
1166 0.20941802859306335 -0.7996268272399902
1381 1.8489214181900024 -0.38274943828582764
556 -0.6628990769386292 -0.8053733110427856
381 1.8638746738433838 -0.13050004839897156
1158 -0.24752266705036163 0.08097781240940094
10 -0.48897525668144226 0.8125432133674622
919 0.1693825125694275 1.0211349725723267
911 0.5392359495162964 -1.4397696256637573
635 0.14913810789585114 -0.13917894661426544
1118 -0.9730690717697144 1.3070498704910278
402 1.2350943088531494 -1.5260913372039795
583 0.5644429326057434 -0.21546955406665802
651 1.2149665355682373 0.6153895258903503
998 -1.440674066543579 0.6488922238349915
1424 -0.3169424533843994 1.5905442237854004
1368 -0.20668327808380127 0.16930682957172394
1369 -1.0655393600463867 -0.373518705368042
1284 -1.0076242685317993 -1.3082859516143799
544 -0.9090784192085266 -0.7052476406097412
150 0.47708985209465027 -0.9982133507728577
823 -0.2374458611011505 0.14247089624404907
603 -0.5483872294425964 1.4680249691009521
617 -0.30179452896118164 -0.6795294284820557
943 0.3581430912017822 0.3943488895893097
468 -0.010956939309835434 -0.2231266349554062
352 0.9583868980407715 1.4271247386932373
366 -1.4299808740615845 0.6957885026931763
160 -0.5461235046386719 1.5450499057769775
161 -0.43069908022880554 -0.3296189606189728
526 0.34501922130584717 0.37536266446113586
923 -0.06553573906421661 -1.7989418506622314
789 1.389855980873108 0.7869285941123962
860 1.6197490692138672 -1.0861073732376099
889 0.6754311919212341 0.5294567346572876
599 1.5464690923690796 -0.9777054190635681
339 0.7169786095619202 -1.799023151397705
1434 0.5594942569732666 -0.17149263620376587
49 -1.1929337978363037 0.9528957605361938
1295 1.1773076057434082 -0.5000709295272827
625 0.2658745050430298 -0.8368126153945923
436 0.2269292175769806 1.5976817607879639
507 0.9851426482200623 0.1389889270067215
1083 1.1812434196472168 -0.9632660746574402
1070 0.9345897436141968 1.3842113018035889
1069 0.6578445434570312 0.5082675218582153
1060 1.1174606084823608 -0.7978951334953308
445 0.1029553934931755 -1.7689377069473267
37 0.13909049332141876 -0.12837007641792297
410 0.134794682264328 -0.126841202378273
1165 0.7111660242080688 -1.800432801246643
1004 -1.0662416219711304 -0.26988160610198975
1154 1.06533944606781 -1.6310890913009644
1129 -0.25371286273002625 -0.21513935923576355
522 0.028414953500032425 1.4221601486206055
438 -0.8282018899917603 -0.4162001311779022
798 -0.6226246356964111 -1.6348960399627686
787 -1.1763814687728882 -0.1690627485513687
861 -1.4363517761230469 -0.9592849612236023
777 0.24832284450531006 1.5588581562042236
623 -0.021740172058343887 -0.23988460004329681
30 -0.500614583492279 0.7943720817565918
121 -1.4494812488555908 0.631805419921875
1444 -0.8494338989257812 1.3868207931518555
807 0.3528393507003784 0.3907271921634674
607 0.14308087527751923 -1.7828500270843506
1058 0.6217032670974731 0.2292136698961258
899 0.5578035116195679 -0.19006559252738953
646 -1.1541603803634644 0.9857283234596252
711 -0.10426440089941025 -0.5985591411590576
340 0.13163252174854279 -0.8742692470550537
1173 0.18922606110572815 0.3992226719856262
404 0.5640087127685547 -0.2151619791984558
399 -1.5780285596847534 -0.6297778487205505
533 1.8548502922058105 0.5049849152565002
612 -0.47624802589416504 0.7967019081115723
632 0.4861064553260803 0.04184519872069359
912 -1.5791815519332886 -0.6259196996688843
843 0.26582133769989014 0.3351905047893524
1051 0.9181964993476868 1.3645236492156982
710 -0.21823088824748993 -1.320975422859192
598 1.0250145196914673 -1.6515698432922363
1352 -0.619666337966919 -0.5264198780059814
1290 0.29584068059921265 0.3773719370365143
1374 1.0417940616607666 0.804881751537323
1377 -0.14565174281597137 -1.3497052192687988
933 0.24205361306667328 0.30945882201194763
790 0.9850699305534363 0.07161686569452286
1137 -0.2992180585861206 -0.6821789741516113
845 -0.6590601205825806 -0.8115914463996887
844 0.17668618261814117 1.0433744192123413
755 -0.23166121542453766 0.25979340076446533
778 0.563486635684967 -0.19570085406303406
135 -1.2642977237701416 0.4674549698829651
1162 0.5425326228141785 -0.07396149635314941
1006 -1.449961543083191 0.6306042671203613
365 -0.02797403745353222 -0.8934600949287415
531 -0.5608106851577759 1.519511103630066
810 -1.0445400476455688 -0.6556201577186584
1122 -0.8564504981040955 1.176851511001587
793 1.1967084407806396 -0.4412733018398285
786 0.1456591635942459 -0.8846341967582703
1036 1.2003196477890015 -0.3672980070114136
463 0.9961363077163696 1.4193676710128784
1078 -0.029563618823885918 -0.28750959038734436
957 -0.5241574645042419 -0.3330284655094147
1437 0.2723170220851898 0.3335089683532715
1138 -0.2731219530105591 1.6198869943618774
281 1.7204300165176392 0.4733498692512512
552 -0.47508883476257324 0.37136074900627136
1090 -1.1747539043426514 -0.14993081986904144
818 0.23604272305965424 -0.8007058501243591
750 0.1702967882156372 1.0438835620880127
604 0.4852737784385681 -0.06838902086019516
26 0.16158123314380646 1.0470027923583984
775 -0.6973696351051331 0.22519424557685852
477 0.9995038509368896 0.23442214727401733
337 -0.8690159916877747 1.405967354774475
333 0.028173893690109253 0.6507444381713867
996 -0.029544193297624588 -0.2874032258987427
722 0.997943639755249 0.17412692308425903
1168 0.7644122838973999 -1.3347909450531006
392 -1.108843207359314 1.098081111907959
1159 0.5437911748886108 -0.19646863639354706
1153 0.13163885474205017 -0.8742682337760925
437 0.5638846755027771 -0.16941004991531372
927 -0.979091465473175 -1.346984624862671
605 -0.8937156200408936 -0.7611154317855835
496 -1.3647756576538086 0.7705075740814209
490 0.1329108327627182 0.4135352671146393
38 -0.008372107520699501 -0.20314256846904755
701 -0.5466511249542236 -0.3224373757839203
1113 -0.5367132425308228 -0.34310707449913025
268 -0.20020030438899994 0.30607396364212036
369 -0.4042099118232727 -1.034508466720581
251 0.37086373567581177 0.4813261330127716
422 0.28853586316108704 0.3491527736186981
628 1.0934317111968994 -0.8802348375320435
505 0.6482081413269043 1.0025995969772339
840 0.7160333395004272 -1.7986704111099243
1023 -0.4958433508872986 -0.30848345160484314
1029 0.9915081858634949 0.1508529931306839
606 1.4713149070739746 1.1433453559875488
25 -0.35036298632621765 0.396392822265625
718 0.2548379600048065 -0.8216127753257751
1067 0.7483744621276855 -0.8624426126480103
702 1.7913731336593628 -0.6785151958465576
353 -1.3807324171066284 -1.0459643602371216
112 1.4524630308151245 1.159669041633606
1160 -1.6170158386230469 -0.1596539169549942
372 0.5398990511894226 -1.4446719884872437
696 -1.3183683156967163 0.7551218867301941
1380 0.16733063757419586 -0.11237102001905441
1156 0.12154719978570938 -0.8905674815177917
828 0.658390998840332 1.6164460182189941
504 0.6544371843338013 0.9983369708061218
757 -0.4635307192802429 0.35840317606925964
488 0.5596861243247986 -0.204127237200737
852 1.8699179887771606 -0.08244851976633072
21 -0.05407918617129326 0.475335031747818
310 0.13648973405361176 0.7701535820960999
969 0.1830379217863083 1.020275592803955
958 -0.11449221521615982 1.6524300575256348
738 -0.03166043385863304 -0.28713458776474
1291 -0.02978408895432949 -0.2883513867855072
1486 0.5768263339996338 1.492639183998108
1133 0.4825357496738434 -0.05726216360926628
920 -0.8211194276809692 1.4324523210525513
949 -1.0943536758422852 1.13460111618042
459 0.48811325430870056 -0.055671557784080505
576 -0.033708538860082626 -0.28015369176864624
682 -0.029345568269491196 -0.2881168723106384
373 1.0737470388412476 1.3941255807876587
153 1.1545690298080444 -0.5365787148475647
439 -0.19433856010437012 -1.3592991828918457
610 -1.1200717687606812 1.0751004219055176
882 -0.057672400027513504 0.45344308018684387
1240 -0.009281590580940247 -0.43183019757270813
1423 0.14313721656799316 -1.776012897491455
116 1.1062034368515015 -0.7486556768417358
720 0.14813992381095886 -1.778944969177246
471 -0.45608121156692505 0.7988770604133606
475 -0.4553547501564026 -0.9929572939872742
687 -0.8292694687843323 1.426459550857544
681 -0.24045482277870178 0.8979472517967224
1007 -1.1366850137710571 1.0339938402175903
838 0.6578770875930786 1.6281431913375854
741 0.3792167901992798 0.4034517705440521
962 0.6975216269493103 0.6474667191505432
872 -0.2541714012622833 -0.21069581806659698
1440 7.210765033960342e-05 0.5941107273101807
941 -0.3225991725921631 -1.7726161479949951
703 -0.666427493095398 -1.59765625
1114 -1.6236517429351807 -0.40849941968917847
1169 -1.001828670501709 -1.32447350025177
156 -0.30743005871772766 0.11685724556446075
1009 1.4218268394470215 1.1746124029159546
500 -1.1763968467712402 -0.16907542943954468
744 1.6194418668746948 0.17158518731594086
746 0.2895371615886688 0.33660805225372314
22 1.473143219947815 1.1359317302703857
886 0.9944007396697998 0.24209468066692352
318 1.8071863651275635 -0.45891863107681274
767 -0.32907119393348694 -1.7711385488510132
1416 -0.35354113578796387 0.08493240177631378
39 -1.0020551681518555 -1.3131941556930542
554 0.4456738829612732 0.812831461429596
398 0.2048429250717163 -0.11591046303510666
1141 0.7468878626823425 0.3960520327091217
1145 -0.02446020394563675 -0.28708022832870483
487 1.4954012632369995 0.09436274319887161
745 -0.04934818670153618 0.4323056936264038
28 1.894494652748108 0.1910727620124817
661 -1.0837732553482056 1.1707346439361572
137 1.7575384378433228 0.8059839010238647
985 1.702142596244812 0.178110271692276
555 0.11128319799900055 0.4013279378414154
1177 0.5739659667015076 -0.23528121411800385
1172 -0.036341987550258636 -0.24338462948799133
1146 -0.3255062997341156 -0.5766353011131287
809 -0.6523203253746033 0.25833451747894287
902 0.9944667220115662 0.2596166431903839
1466 0.2281859815120697 1.5957145690917969
1411 0.26464614272117615 1.5221941471099854
713 0.7129467129707336 -1.8007365465164185
1089 0.21143151819705963 0.29626303911209106
942 0.3296189308166504 0.3574152886867523
1298 -0.6469975113868713 -1.6171458959579468
378 -0.03557104617357254 -0.24744005501270294
792 -1.0331040620803833 -1.2816228866577148
616 -0.4766348600387573 0.3349825143814087
515 -0.04570191353559494 -0.4702457785606384
854 1.513802170753479 -1.318316102027893
1068 -0.02953650802373886 -0.2873813807964325
115 -0.5116235017776489 0.7360795736312866
299 0.5704824924468994 -0.23532359302043915
277 0.5600751042366028 -0.21462887525558472
1178 -1.2665448188781738 0.6670902371406555
683 0.4624917805194855 -0.8254685997962952
415 1.5276230573654175 0.31245824694633484
1493 0.7530081868171692 0.3967415988445282
1392 1.8676807880401611 -0.22555992007255554
432 -1.2058647871017456 0.8772088289260864
627 0.9933105111122131 0.15715086460113525
848 0.6045876145362854 1.593977928161621
480 1.9058867692947388 0.2370472550392151
443 0.7540189027786255 0.39611127972602844
893 -0.9338463544845581 -0.7140539884567261
894 0.39919495582580566 -0.49446648359298706
768 0.4874502420425415 0.21600471436977386
1076 0.33722421526908875 0.3797457218170166
449 0.5810398459434509 1.4871902465820312
1389 1.7087332010269165 0.6633404493331909
654 -1.0848448276519775 -0.3025619387626648
42 0.9945411682128906 -1.6714152097702026
688 1.5154231786727905 0.46508002281188965
375 0.16281631588935852 -0.06586069613695145
1144 0.4884876310825348 -0.23515546321868896
527 -0.04225056245923042 0.39670494198799133
753 1.1287676095962524 -0.745729923248291
855 -0.7124538421630859 0.003530495334416628
885 1.2209300994873047 -0.18135644495487213
773 -1.6236534118652344 -0.40848326683044434
967 1.006439208984375 -0.019820453599095345
645 1.5361337661743164 0.6552602648735046
1418 -0.5560536980628967 1.3669631481170654
454 0.6991696357727051 0.6376352310180664
104 -0.6888241171836853 0.14626523852348328
535 -0.5540388226509094 -0.29376691579818726
1497 0.13903845846652985 -0.9014788866043091
230 0.5628500580787659 -0.20336319506168365
147 -0.9443260431289673 1.3322826623916626
1021 -1.057058334350586 -0.4144369065761566
851 1.3086915016174316 1.2804762125015259
700 0.16377303004264832 -0.10359934717416763
351 0.11714163422584534 -0.9010009765625
1163 -0.6350902318954468 1.5130047798156738
108 -0.5528229475021362 -0.311357319355011
689 0.6467929482460022 0.11395895481109619
428 1.125175952911377 -0.8017717003822327
524 -0.2985348701477051 -0.6833159327507019
1232 0.4712737798690796 -1.8657852411270142
1117 0.17967434227466583 0.2951505184173584
748 -1.1387637853622437 -1.1960285902023315
1054 -1.1050903797149658 -0.2869965732097626
591 0.9673288464546204 1.4371051788330078
462 -0.5297235250473022 -0.3654928505420685
989 0.036484092473983765 0.7231131196022034
729 -0.006926469970494509 1.6562790870666504
1370 1.5122933387756348 -1.3339416980743408
1149 1.378903865814209 -0.11125852167606354
692 0.48266059160232544 -1.863311529159546
1150 -0.9652799963951111 1.3162320852279663
483 0.1518956571817398 -0.14598649740219116
747 -1.0450876951217651 1.2333840131759644
769 1.0940757989883423 -0.8690492510795593
323 -0.0172092504799366 -0.22783274948596954
1378 0.32593849301338196 0.37949416041374207
396 0.21969036757946014 -0.09174710512161255
412 0.5696955323219299 -0.1597416251897812
364 0.3002440333366394 -0.8266258239746094
16 1.225260615348816 -1.5304044485092163
280 0.11277469247579575 0.6757745742797852
677 -0.5409862995147705 -0.3659672439098358
1413 0.5447608232498169 -1.4421052932739258
1409 1.7021558284759521 0.18011637032032013
36 -0.47467491030693054 0.3466581702232361
1427 0.6058629751205444 1.6023365259170532
1299 -0.03228111192584038 -0.28867143392562866
348 0.30862265825271606 1.0237512588500977
834 -0.029888557270169258 -0.28872671723365784
835 1.4299629926681519 0.6615458130836487
4 0.15304884314537048 -0.25486475229263306
1447 1.8010857105255127 -0.5868663191795349
1468 1.495955467224121 0.059139806777238846
896 -0.2453286349773407 0.8872566819190979
1095 0.7345434427261353 0.9778910875320435
1404 0.5465012788772583 -1.4377847909927368
980 -0.5935806632041931 -0.736693799495697
561 0.6622083783149719 1.566823959350586
1167 0.15944012999534607 -1.7730607986450195
1210 -0.017225056886672974 -0.22780190408229828
1003 -0.5543574690818787 -0.3010833263397217
1016 0.21389515697956085 0.2950657904148102
1010 -0.5934877991676331 1.29093337059021
829 -0.649080753326416 -0.8160867094993591
1480 1.655509352684021 -0.9874169230461121
1487 -0.36009150743484497 -1.7709531784057617
7 -0.5942587852478027 -0.7245078682899475
590 -1.3189841508865356 0.6471862196922302
945 -0.007439923472702503 -0.2001357078552246
329 -0.014323890209197998 -0.42707088589668274
269 -0.017532965168356895 0.6196228265762329
46 0.9801143407821655 -0.3395732343196869
1179 1.8726707696914673 -0.306782990694046
313 1.240441083908081 0.5475119352340698
595 0.5399326086044312 -1.4446755647659302
656 0.14958980679512024 1.0458897352218628
324 -1.0483630895614624 0.31112557649612427
684 -0.22740712761878967 -0.7445021867752075
935 -0.7277594804763794 0.5450488924980164
1134 -1.2455930709838867 -0.7469959259033203
481 -0.03578997775912285 -0.4670923948287964
968 0.5624573230743408 -0.21354766190052032
715 0.22949223220348358 1.0269960165023804
516 0.2596765458583832 1.5042089223861694
1385 0.19099955260753632 0.14807480573654175
929 -0.06901093572378159 0.3804386854171753
749 -0.8300402760505676 1.4269955158233643
1096 0.2422662377357483 1.0233430862426758
667 0.11662017554044724 -0.8997656106948853
130 -1.2005935907363892 -0.038906361907720566
986 -0.9388567805290222 -1.3794372081756592
344 -0.6943442225456238 0.19288647174835205
502 0.14072173833847046 -0.8867385983467102
758 -0.5365326404571533 -1.7144416570663452
1101 -1.5551131963729858 0.2819591164588928
897 1.5115923881530762 1.093875527381897
658 0.9766960144042969 -0.2605936527252197
1014 -0.6951839327812195 0.1647471934556961
794 -0.035049498081207275 -0.2954736053943634
1445 1.6775054931640625 -0.9586859941482544
853 -1.1399574279785156 1.0234967470169067
763 -0.12592506408691406 -1.4190913438796997
1414 1.0438978672027588 -0.38617798686027527
956 0.578345537185669 -0.8268097639083862
653 -1.3599475622177124 -1.0906442403793335
1441 0.14080272614955902 -0.12213321030139923
984 -1.4577844142913818 -0.9145156741142273
109 -0.6593498587608337 -1.6054013967514038
1152 0.5569073557853699 -0.6129449605941772
523 1.2733561992645264 0.5949859619140625
822 -0.037717487663030624 -0.4662556052207947
795 0.23520678281784058 1.0283435583114624
1371 -1.0983272790908813 1.1231037378311157
1053 -0.4242672324180603 -0.32412955164909363
1043 0.7001539468765259 -0.8370469808578491
1049 -0.9631933569908142 0.2136867195367813
762 -0.4385327100753784 -1.7526620626449585
1407 0.561383068561554 -0.20591777563095093
999 0.36455774307250977 0.3999946415424347
283 1.1914950609207153 -0.3613473176956177
1285 0.8438018560409546 -1.127023696899414
424 -0.6569308042526245 -0.8111960887908936
144 0.5629702806472778 -0.21798953413963318
420 1.166659951210022 -0.34667131304740906
1405 -0.05199200287461281 0.38561055064201355
35 -0.5258945226669312 -0.35250332951545715
1121 0.7136535048484802 -1.7998170852661133
1467 0.4749149978160858 -1.002627968788147
1289 -0.09879010170698166 -0.8790592551231384
1115 1.6697993278503418 -0.6446980834007263
367 0.5715346336364746 -0.20061542093753815
168 -0.4603620171546936 -0.9800094366073608
1013 -0.7847269177436829 0.5169525146484375
79 0.2750374376773834 -0.8287293910980225
761 -1.0816012620925903 -0.30670005083084106
138 1.514199137687683 0.36741137504577637
708 -0.5583019256591797 -0.724287748336792
81 1.312242031097412 -0.1259039044380188
418 1.2387501001358032 -0.2503011226654053
739 -0.618274986743927 -1.6507470607757568
1288 -0.01190622802823782 -0.9293959140777588
1349 1.4235469102859497 1.1721731424331665
146 0.9318450093269348 0.9082710146903992
862 1.8966305255889893 -0.01810855232179165
961 1.758424997329712 0.23437805473804474
1099 -0.8006646633148193 -1.3527114391326904
1080 0.99610835313797 1.4195243120193481
327 -1.603501319885254 -0.07708948105573654
118 -0.24259544909000397 0.14009644091129303
107 1.8687258958816528 0.5047140121459961
1176 0.5673756003379822 -0.21516571938991547
808 -0.04447183012962341 -0.10472860932350159
686 0.33868297934532166 0.38835567235946655
1112 -0.008215346373617649 -0.20299887657165527
538 -0.26641401648521423 -1.2664750814437866
830 -0.2804524004459381 0.888841986656189
887 0.5459697842597961 -1.4596450328826904
888 0.5695321559906006 -0.4668084383010864
898 0.7181661128997803 -1.7986184358596802
678 -0.14755666255950928 0.3240417242050171
719 -0.15603940188884735 -1.804359793663025
419 1.1647162437438965 -0.9494418501853943
932 -0.024340122938156128 -0.2864241600036621
611 0.8462040424346924 0.5473591089248657
1110 0.5568925738334656 1.6379361152648926
1072 0.14621601998806 -0.889642059803009
953 1.150162696838379 -0.341336727142334
707 0.5609302520751953 -0.3613482117652893
479 -0.024133795872330666 -0.2869263291358948
1057 0.3716684877872467 -1.8565515279769897
946 -0.5507100224494934 -1.7153067588806152
652 -0.029285715892910957 -0.2880215346813202
127 0.7577471137046814 0.3984009027481079
1367 0.784483015537262 -0.8911610841751099
698 1.9015601873397827 0.006912378594279289
813 0.2951067388057709 0.39247581362724304
1234 -0.674057126045227 0.2771618366241455
751 -0.0017601109575480223 1.6568197011947632
1164 -0.7373021245002747 0.6193109750747681
473 -1.1088640689849854 1.0980554819107056
679 1.6361455917358398 -1.0619378089904785
1119 1.8914039134979248 0.2601325809955597
495 -0.19750280678272247 0.34105437994003296
766 1.4897454977035522 -1.315943956375122
470 1.1460810899734497 -0.5433650016784668
1403 0.998067319393158 1.3075495958328247
1184 0.9591369032859802 0.8879830837249756
347 1.1840336322784424 -0.36524298787117004
278 1.9014750719070435 0.12029547989368439
1170 0.15081916749477386 -0.8967999815940857
167 -0.02880462072789669 -0.28759774565696716
816 -1.607254147529602 -0.10334274172782898
783 -0.03354458510875702 -0.1979352980852127
870 -0.1342005431652069 -0.8925201892852783
1246 0.4466576874256134 -0.5635291934013367
128 0.559374213218689 -0.21619649231433868
699 1.8983267545700073 0.10580115765333176
413 -1.605006217956543 -0.026627417653799057
142 1.3044004440307617 0.750566303730011
937 -1.2435815334320068 0.8809596300125122
1221 1.4968006610870361 0.25577083230018616
772 -1.5630210638046265 0.24249239265918732
1266 -1.0117344856262207 -1.3023656606674194
960 1.8985202312469482 0.15367677807807922
1351 0.2130681723356247 1.0350401401519775
282 0.6627205610275269 0.49742794036865234
265 -0.1136590987443924 1.6486471891403198
119 0.952302873134613 1.3163762092590332
1365 1.2023365497589111 -0.3577916622161865
231 -0.6196408867835999 -0.5265071988105774
1264 0.145799919962883 -0.882473349571228
48 -0.7271627187728882 0.5483329892158508
1005 1.8683041334152222 -0.10223062336444855
140 -0.05067341402173042 -1.7847297191619873
492 -0.8204700946807861 0.48330697417259216
880 -0.9212509393692017 -0.7341827154159546
966 0.14427408576011658 -0.13844548165798187
954 0.7669181823730469 0.9837487936019897
1066 0.48631522059440613 -0.06304995715618134
458 -0.25470760464668274 -0.20710928738117218
417 -1.6154543161392212 -0.15345782041549683
1109 0.9446939826011658 1.3981504440307617
979 0.5634155869483948 -0.2196866124868393
982 -1.482422947883606 -0.8630768656730652
1187 -0.26227667927742004 0.1383056491613388
270 0.21733899414539337 0.30044907331466675
249 0.3398924171924591 1.5224847793579102
154 -0.9514957070350647 0.22337721288204193
33 -0.44261106848716736 1.3614555597305298
680 -0.051084693521261215 1.6649467945098877
1347 0.5642948746681213 -0.21508696675300598
691 -0.7336032390594482 -1.5200742483139038
68 1.1380609273910522 -1.586816668510437
1214 0.18703821301460266 1.0430809259414673
673 -1.4212403297424316 0.697632372379303
330 0.9933293461799622 0.15716901421546936
704 0.7168370485305786 0.5707061886787415
568 -1.55190110206604 -0.7077446579933167
1293 0.3042907118797302 1.5220420360565186
1174 1.124514102935791 -0.35502317547798157
1155 -0.05956519395112991 0.4161965847015381
229 -1.2222020626068115 0.04738898202776909
12 0.5672782063484192 -0.21161165833473206
15 -0.5288507342338562 0.7827861309051514
405 0.6117511987686157 -0.5434485077857971
675 0.5704377293586731 -0.18622039258480072
457 -0.8308323621749878 1.4248502254486084
1443 -0.9529405832290649 0.2201719433069229
113 -1.1629292964935303 -0.18193049728870392
478 -0.2408272624015808 -1.2507749795913696
368 -0.7099102735519409 -0.7535053491592407
52 -1.128081202507019 -1.2046483755111694
977 -0.270455002784729 0.2515183687210083
884 -0.28839629888534546 0.12025734782218933
74 -1.548694372177124 -0.7085411548614502
1260 0.45946601033210754 0.22788316011428833
1408 -1.0572599172592163 -0.2984010875225067
1406 -1.1245676279067993 1.0660736560821533
944 -1.523540735244751 0.40236911177635193
163 1.0937440395355225 1.3634271621704102
464 0.5651243925094604 -0.20395313203334808
24 1.7616887092590332 0.8023973107337952
75 0.2346450686454773 1.5842149257659912
416 -0.9144514203071594 -0.71788489818573
1387 0.5616068840026855 -0.2037733644247055
151 -0.00039896275848150253 0.5650720000267029
1474 1.4866156578063965 1.1293654441833496
1091 0.1684788465499878 -0.24083766341209412
959 1.1604565382003784 -0.3628957271575928
951 0.28484636545181274 0.3415052592754364
139 0.4640190899372101 0.21809178590774536
126 1.1868938207626343 -0.34580111503601074
1262 -1.007291555404663 0.15284447371959686
1097 -1.1768702268600464 -0.16712792217731476
950 0.34972265362739563 -0.8323261737823486
264 -0.6854674220085144 0.023082692176103592
274 0.4823217988014221 -0.023237578570842743
105 0.421315461397171 -1.8711210489273071
1287 1.7853208780288696 -0.6549602746963501
1373 -0.2723625600337982 -0.2306998372077942
1398 -1.0009089708328247 -1.3242552280426025
1126 0.1618872433900833 -0.10507851839065552
143 -0.6708568930625916 0.11366259306669235
141 0.9637423753738403 1.4380786418914795
602 1.4835673570632935 0.6261011362075806
1203 1.1610422134399414 0.7152889966964722
286 0.6582053899765015 0.3555757999420166
676 -0.8281444907188416 -0.4580395221710205
358 1.8100247383117676 -0.47291988134384155
267 -1.2309023141860962 -1.125309705734253
697 -0.6894393563270569 0.1784723401069641
1151 -0.6470994353294373 -0.8141549229621887
51 0.19533737003803253 0.2936336398124695
534 0.173259899020195 -1.4538445472717285
1354 1.198660969734192 -0.4817163348197937
614 -1.1154502630233765 -1.2169606685638428
528 0.5415223240852356 -0.578926682472229
895 1.5107015371322632 -1.3094415664672852
1412 1.0513794422149658 -1.3185673952102661
952 0.6548954844474792 0.34285658597946167
1401 0.21996328234672546 1.0318771600723267
84 1.2998151779174805 1.2901307344436646
370 0.1378883421421051 -0.9140722155570984
936 -0.037720974534749985 -0.46628859639167786
1484 -1.6281297206878662 -0.22486042976379395
71 -0.23858362436294556 0.8961414098739624
955 0.5848940014839172 -0.6090993881225586
1063 0.14398176968097687 -0.13878080248832703
1062 0.032081276178359985 -1.8045268058776855
446 0.8129510879516602 -1.759460210800171
1353 0.20740647614002228 0.32519039511680603
275 0.5455228090286255 -0.5956150889396667
1213 -0.23744620382785797 0.14247088134288788
879 0.5738116502761841 -1.1155874729156494
371 -0.9151507019996643 -0.7184891104698181
690 -0.431496798992157 -0.06434910744428635
166 -0.24849386513233185 0.12851548194885254
1012 0.10807361453771591 -0.015413935296237469
1336 0.7849767804145813 0.41276952624320984
695 -0.5494918823242188 0.7494094967842102
17 1.2503715753555298 -0.25286081433296204
1449 0.6372910141944885 1.0016838312149048
1339 1.848611831665039 0.494732141494751
123 1.585166335105896 -1.1564152240753174
1426 -0.2550782859325409 0.8955329656600952
50 0.6821267008781433 0.5272248387336731
1207 0.8391026854515076 0.4242156744003296
1473 1.2855241298675537 1.2919354438781738
1307 0.5308187007904053 -1.462316870689392
764 -1.6141422986984253 -0.1311706006526947
1093 -1.1234476566314697 1.0629760026931763
300 1.0376744270324707 -1.6473209857940674
947 -0.47899675369262695 0.33819282054901123
1208 -1.027477502822876 -1.2803996801376343
6 -0.6164156198501587 1.2653050422668457
867 0.34924161434173584 0.38526809215545654
484 0.67531418800354 0.5293238162994385
1193 0.5097677111625671 -0.23323461413383484
545 -0.6098816394805908 0.7553610801696777
1211 -0.5298628807067871 1.4806387424468994
78 -0.25793108344078064 0.13691528141498566
1241 -0.48020294308662415 -0.06881846487522125
132 1.0008995532989502 0.18578460812568665
1175 0.2624419629573822 1.0157768726348877
1357 -0.05241643637418747 0.3672291338443756
674 -1.5195108652114868 -0.777980387210846
1410 1.5917328596115112 -1.1440420150756836
1061 0.7436115741729736 -1.3531224727630615
650 0.8056731820106506 0.4250193238258362
124 0.2013118714094162 0.2948334515094757
129 -0.4253958761692047 0.3500101864337921
106 -1.1020746231079102 -1.2280142307281494
13 -0.6967193484306335 0.1645238995552063
1200 -0.485784649848938 -0.3117886483669281
1105 1.7818232774734497 -0.7535382509231567
1055 0.6222965121269226 -0.5457077026367188
706 1.6441501379013062 -1.0469471216201782
170 -0.9560288786888123 -1.3749327659606934
18 1.4983584880828857 -0.9163234829902649
877 0.9985488057136536 0.2526532709598541
709 -0.04751596227288246 0.3686048984527588
350 -1.2453935146331787 -0.05483716353774071
1189 -0.02139265462756157 -0.8951462507247925
159 -0.2989116311073303 -0.6823212504386902
1011 -0.9631026387214661 0.23269425332546234
1238 -1.61809504032135 -0.2022874802350998
236 0.17064505815505981 -0.06784583628177643
647 0.5106571912765503 -0.20682182908058167
43 -0.09613131731748581 -0.30784872174263
244 0.44084206223487854 -0.9873079061508179
165 0.11662024259567261 -0.899765133857727
67 -0.23585328459739685 -1.315618634223938
27 0.47522833943367004 -0.14357833564281464
875 0.632653534412384 0.11044801026582718
1250 0.2810332477092743 0.3386620581150055
1343 1.484260082244873 0.6217538118362427
325 -1.5375155210494995 0.34599196910858154
1366 0.5388405323028564 -0.39518746733665466
1283 0.9593979120254517 -1.3400710821151733
1147 0.6581805348396301 0.9968059062957764
250 0.2094242423772812 -0.7996234893798828
1301 -1.5775229930877686 0.15138579905033112
863 -0.4353022277355194 0.801548182964325
77 0.5312908887863159 -0.600818932056427
31 1.2931991815567017 -1.4833961725234985
648 -0.03346971794962883 -0.2837478816509247
1215 1.1045345067977905 -0.8507761359214783
1273 -0.02092038094997406 -0.46381422877311707
1472 0.33641159534454346 0.37690621614456177
82 1.8729263544082642 -0.20133626461029053
228 0.20701028406620026 0.3348690867424011
1491 0.9444257020950317 1.4377230405807495
1470 -0.5613386034965515 -0.2996115982532501
1337 1.4620440006256104 1.1209399700164795
356 -0.26032349467277527 -1.271841287612915
1304 -0.03679734095931053 -0.3328988254070282
117 -0.2628650963306427 1.6125950813293457
1292 0.20100805163383484 -0.12531058490276337
878 -0.005295647773891687 -0.431647926568985
136 1.7678892612457275 0.7904648780822754
873 0.5243949294090271 -0.20903144776821136
247 1.240517258644104 0.55682373046875
174 0.11717228591442108 -0.8936318159103394
152 1.1302011013031006 -0.8075388669967651
1065 -0.5046875476837158 0.8056393265724182
175 0.3912340998649597 -0.850907027721405
58 0.4300347864627838 -0.4869135618209839
1237 -0.48876339197158813 1.5539391040802002
1442 0.32378095388412476 0.36913126707077026
76 -0.478868305683136 0.3462616205215454
1383 1.8448108434677124 -0.32911717891693115
486 -0.7881509065628052 -1.3667875528335571
1263 -1.5758548974990845 0.12576699256896973
1312 -0.23688676953315735 0.14407582581043243
164 0.9908530712127686 0.14698532223701477
1272 -0.03968667984008789 0.4880888760089874
865 0.762698769569397 -1.3491145372390747
1196 0.5154703855514526 0.1981080025434494
173 -1.172149419784546 -0.6577785015106201
530 1.8925769329071045 -0.016381513327360153
871 0.10401460528373718 -1.7774659395217896
1181 1.405717134475708 0.4298740327358246
1192 -0.013210685923695564 -0.22011145949363708
1230 0.5198211073875427 -0.10079198330640793
1457 1.162920594215393 -1.413747787475586
253 0.7101660370826721 -1.8012440204620361
1455 -0.028815144672989845 -0.2882591187953949
1356 1.1322029829025269 -0.783608615398407
1456 0.2806553840637207 0.33837416768074036
1261 0.5250163674354553 -0.8212893605232239
172 0.5441582798957825 -1.0498493909835815
238 0.9593432545661926 1.4437870979309082
196 0.2697513699531555 -0.8398657441139221
133 1.1291104555130005 -1.3710373640060425
1116 0.5574280023574829 -0.35455992817878723
237 1.0111745595932007 0.26684659719467163
1469 1.5338432788848877 0.33233165740966797
266 0.3162456750869751 -0.300855427980423
148 -0.536714494228363 -0.3431786298751831
3 1.616139531135559 -1.1057664155960083
1202 1.129402995109558 -0.9046471118927002
1247 0.15898732841014862 -0.1488637626171112
1209 -0.8128102421760559 -1.449904441833496
1188 -0.6893198490142822 0.48192113637924194
47 -0.08786850422620773 -0.8916642069816589
155 0.9588484764099121 0.12252606451511383
204 0.9740660190582275 0.10493237525224686
1303 0.39237847924232483 -1.8600116968154907
869 -0.05023743212223053 -0.2016555517911911
1259 0.48063382506370544 -0.06684855371713638
357 -0.6730988621711731 -0.7946470379829407
1286 0.2576320767402649 0.3197968602180481
494 1.761691689491272 0.8023947477340698
1257 1.8648253679275513 -0.2169664055109024
354 -0.7352373003959656 0.029774311929941177
1236 0.6854439377784729 0.532390296459198
206 0.38940858840942383 0.36929482221603394
1064 -1.2720997333526611 -1.098770022392273
1231 -0.023983119055628777 -0.287532776594162
234 -0.4572771489620209 0.7965319752693176
1229 -0.2729072570800781 -1.2163904905319214
1269 1.8670035600662231 -0.1222236379981041
1464 0.2380223274230957 -1.4382715225219727
226 0.9972934126853943 1.4157466888427734
1471 1.1112066507339478 -0.7840265035629272
102 0.4914715886116028 -0.255630224943161
1450 1.4411516189575195 -0.5233747363090515
975 -0.1019027978181839 -0.8708536028862
1249 0.48094674944877625 -1.0013999938964844
1355 0.6785308122634888 0.9942660927772522
276 1.0783767700195312 1.39199960231781
1206 0.8572090268135071 -1.2926219701766968
1251 0.1329655945301056 -0.12869638204574585
176 -0.018151618540287018 -0.44384029507637024
1239 0.13311238586902618 -0.8820477724075317
1279 0.9988490343093872 0.10725922137498856
1317 -0.025696126744151115 1.6499756574630737
326 0.3575358986854553 1.5347373485565186
1282 -0.11531547456979752 1.6614158153533936
131 0.873100221157074 0.4531908929347992
1364 0.7833239436149597 -0.8332262635231018
103 -0.02955509163439274 -0.2874507009983063
876 -1.4299057722091675 0.6733831763267517
1268 0.6854426264762878 0.5323933362960815
1248 -0.2018137276172638 0.35604071617126465
355 0.2524499297142029 1.0230079889297485
1201 -0.6264469623565674 1.2445834875106812
252 -1.0386700630187988 -0.266564279794693
1227 0.6812443137168884 0.5311427712440491
1224 -0.02431769296526909 -0.284218966960907
2 0.14352604746818542 -0.13469725847244263
202 -0.04781356826424599 0.3881436884403229
85 -0.4802875220775604 -0.0694701075553894
671 -0.48220929503440857 0.3704416751861572
1222 0.10174288600683212 -0.023239176720380783
1321 0.48570939898490906 -0.06291578710079193
96 -0.028919588774442673 -0.4590427875518799
63 1.8996015787124634 0.030390193685889244
1342 -1.6038646697998047 -0.07914004474878311
171 1.8706179857254028 0.5008956789970398
1226 0.46701580286026 -0.13922305405139923
195 0.9825119376182556 0.15068043768405914
178 -0.06505667418241501 0.37397634983062744
1205 0.9827734231948853 -1.2850894927978516
1219 -0.01893596164882183 -0.23698559403419495
14 0.5630673170089722 -0.36938437819480896
1253 -0.5540333986282349 -0.29380565881729126
1363 0.5496195554733276 -0.6129785180091858
1197 -0.18189860880374908 0.3083827793598175
1235 0.5511411428451538 -0.627138078212738
209 -0.9534784555435181 0.19557791948318481
1448 -0.279758483171463 1.6222025156021118
1340 -0.9677065014839172 -0.6526380181312561
1281 -0.4062980115413666 1.37785005569458
1362 -0.699906587600708 0.10678073018789291
158 0.7127406597137451 -1.8000504970550537
1233 -0.0209988821297884 -0.23504823446273804
198 -0.4208568036556244 -1.7588114738464355
1329 -0.14126552641391754 -1.3683277368545532
1242 -1.5789515972137451 0.1330837458372116
122 0.36109644174575806 1.0394645929336548
1346 -0.05062749981880188 0.4037150740623474
1451 -1.058341383934021 -0.4038388133049011
1462 0.2879236340522766 1.5121644735336304
1255 0.351788192987442 -1.8550776243209839
285 -0.2650502026081085 0.13583017885684967
208 1.500593662261963 1.1119247674942017
214 -1.4495829343795776 0.6314854621887207
70 -0.24377843737602234 -0.23343294858932495
1183 1.3113837242126465 -0.24234427511692047
1459 -0.8934641480445862 0.43080934882164
864 0.3744606673717499 0.5214704871177673
83 -0.016619550064206123 -0.22995701432228088
80 -0.09645123779773712 1.6622743606567383
101 1.5261362791061401 0.4921950101852417
1225 -0.2634296119213104 -1.265911340713501
177 -0.047748226672410965 0.4436599612236023
1461 0.49509403109550476 -0.11093424260616302
232 -0.23330581188201904 0.13902892172336578
1198 0.7826929688453674 1.4773879051208496
205 1.806717038154602 -0.6063644289970398
1218 -0.22594328224658966 -1.2787834405899048
197 0.6628474593162537 0.13427525758743286
1243 -0.22263237833976746 -0.7445560097694397
1358 0.9962044358253479 1.4197216033935547
242 -1.5537309646606445 0.30619290471076965
1498 -0.705038845539093 0.649480402469635
73 1.435262680053711 -0.008106363005936146
1216 1.1351321935653687 -0.9033986926078796
672 -0.49746817350387573 1.3310892581939697
1325 1.1811590194702148 -0.3474633991718292
1254 -0.050638504326343536 0.4037073254585266
1182 0.055051349103450775 1.032692551612854
1223 -0.591541588306427 0.7590800523757935
145 -0.4063766300678253 0.3624478280544281
1244 0.24575942754745483 1.0323351621627808
361 -0.39714258909225464 1.3719701766967773
1277 0.02057170495390892 0.623762309551239
866 1.4898028373718262 1.1356006860733032
1310 -1.562778353691101 0.22604089975357056
88 -0.6891991496086121 -0.17750348150730133
1341 -1.5657116174697876 0.22579753398895264
1446 -1.1542717218399048 0.9856338500976562
287 0.9979385137557983 0.23784023523330688
179 0.3513772189617157 0.3764881491661072
1305 1.1668916940689087 -0.941565752029419
1199 1.8755946159362793 -0.31319209933280945
1191 -0.26114100217819214 0.13677978515625
1195 -1.4825730323791504 -0.8598819971084595
1270 0.5622806549072266 -0.20023725926876068
868 -0.552584171295166 -0.308236688375473
1465 1.0788341760635376 1.3959002494812012
1245 0.70512455701828 0.3647312819957733
125 0.41067129373550415 1.5378642082214355
1350 -1.4704357385635376 -0.8881164193153381
1309 0.5426827073097229 -1.4188275337219238
1348 -0.6879624724388123 0.07115694135427475
296 -0.7023953199386597 0.6793995499610901
1331 -0.04249764233827591 -0.10895776003599167
1359 0.35229992866516113 -1.8599836826324463
284 0.8725636601448059 0.08787494152784348
57 -0.46090325713157654 -0.02315811812877655
1271 -0.2590174376964569 0.13837745785713196
207 1.089735746383667 0.7940968871116638
1460 0.3630533516407013 -0.8542078733444214
874 1.1897335052490234 -0.3774845600128174
1319 -1.5527796745300293 0.3106207549571991
227 0.22287631034851074 0.30092838406562805
189 -0.06377188116312027 0.4409200847148895
186 1.1449167728424072 -1.5872306823730469
1267 -1.1396892070770264 1.0210449695587158
99 1.4117858409881592 1.1940348148345947
245 -0.2712289094924927 -0.23134438693523407
240 -0.283050000667572 0.8881753087043762
1463 1.264234185218811 -1.410992980003357
1212 -0.7137401700019836 0.0007373765110969543
1220 1.2751621007919312 -0.25757932662963867
1274 1.7296236753463745 -0.862424910068512
1315 -0.2921963632106781 -0.6814473867416382
201 0.265108197927475 0.32558807730674744
1308 0.455771803855896 0.23248790204524994
1185 -0.9694936871528625 0.23231078684329987
362 -0.6628726720809937 0.256758451461792
194 -1.0226054191589355 -0.6702884435653687
1258 0.10328486561775208 -0.019650356844067574
120 0.6803716421127319 0.5605128407478333
100 0.5644763112068176 -0.21550792455673218
241 1.0018054246902466 -1.6662817001342773
61 -0.43685537576675415 -1.0101929903030396
1332 0.5848916172981262 -0.6090954542160034
86 -0.11453447490930557 1.6524603366851807
295 0.888222336769104 0.09894074499607086
69 0.15888431668281555 -0.14849716424942017
1326 -0.5297112464904785 -0.36552736163139343
1252 0.6629458069801331 0.9972547888755798
1316 -0.2577790915966034 0.13602685928344727
212 0.11128793656826019 0.401319682598114
1318 1.7848361730575562 -0.6780067086219788
1333 -0.2511477470397949 -0.20580390095710754
92 0.02456672303378582 0.6457542181015015
1204 -0.10140839964151382 -0.33277955651283264
72 -0.3809913396835327 -1.0734097957611084
1186 1.7827593088150024 0.4999217391014099
1180 -0.2830835282802582 -1.7760090827941895
1454 0.3007519543170929 -0.8265959620475769
97 1.27627432346344 0.7188359498977661
1276 0.29271185398101807 0.3410351574420929
1256 0.5641098618507385 -0.19123417139053345
1190 -0.4784339368343353 0.33914631605148315
1217 1.4201303720474243 1.1678154468536377
91 0.23185400664806366 0.2986271381378174
53 1.1651225090026855 -0.34595787525177
235 1.1555122137069702 -1.5800856351852417
1302 0.2145456075668335 0.2993815243244171
239 -0.02446283958852291 -0.28711363673210144
1314 -0.5978713631629944 -0.7202813029289246
246 0.5664475560188293 -0.2393459528684616
222 0.36443182826042175 0.3904620110988617
216 1.2926452159881592 0.592458963394165
225 -0.9986116886138916 -0.6023176908493042
1334 -0.2535349726676941 -0.21006892621517181
1361 -0.46977779269218445 -0.9774096012115479
1194 -0.6730838418006897 0.22790659964084625
254 0.5140435099601746 -0.2089136391878128
1278 -0.47749677300453186 1.554521083831787
65 -1.0966578722000122 1.1282017230987549
217 0.1833060085773468 -0.2562177777290344
93 1.685713768005371 -0.967624306678772
187 0.26222893595695496 1.021094560623169
87 -0.5150969624519348 0.7414844036102295
360 0.7074701189994812 0.5718835592269897
224 -0.04133385792374611 -0.34587791562080383
1311 1.8460272550582886 0.5524320602416992
359 1.8615268468856812 0.5066607594490051
203 -0.2693595290184021 0.8925169706344604
193 0.21860818564891815 1.0236601829528809
1322 -0.2740399241447449 1.2747247219085693
1458 -0.63698410987854 -1.6311724185943604
1335 0.20760737359523773 -0.08485614508390427
56 -1.0106279850006104 -1.3139724731445312
5 -1.0334523916244507 -0.261974960565567
272 -1.1373214721679688 -1.2053297758102417
188 0.12773604691028595 -0.8990616798400879
1320 -1.1301029920578003 -1.20369291305542
190 0.9858438968658447 -0.23818670213222504
1323 -0.025548968464136124 -0.28923359513282776
1327 0.5735827088356018 -0.44713094830513
263 0.40519970655441284 1.5397381782531738
95 0.2072117030620575 0.29758480191230774
262 0.24579665064811707 -0.7999139428138733
1313 -0.2820700705051422 -1.775812029838562
192 -0.5719249248504639 -0.8502684831619263
223 -0.37945517897605896 1.3916974067687988
1228 1.0085504055023193 -1.2795164585113525
1306 0.15232737362384796 -0.10202962160110474
1330 0.8793929815292358 0.485419362783432
89 1.8961788415908813 -0.011133396066725254
1280 0.5452142953872681 -1.4535529613494873
363 -0.010142511688172817 -0.22500522434711456
1360 1.3497211933135986 0.8448572754859924
94 1.1490224599838257 -0.3432841897010803
271 -0.556101381778717 1.1898387670516968
215 0.4801549017429352 -0.06695777922868729
248 0.12768910825252533 -0.039863042533397675
210 1.8063486814498901 -0.600968062877655
1275 -0.049645788967609406 0.38108280301094055
256 -0.0492272824048996 -0.6236556172370911
54 -0.04833943396806717 0.406442254781723
180 0.5613101720809937 -0.20588554441928864
200 1.6822969913482666 -0.9645541310310364
182 -0.018307320773601532 -0.227595716714859
62 -0.5641404390335083 1.538577675819397
259 -0.6969267129898071 0.685745894908905
191 1.4275084733963013 1.1748765707015991
1328 -0.24649903178215027 0.14229799807071686
211 -0.1696653813123703 -0.8358986377716064
258 -0.24012352526187897 -0.21037709712982178
219 -0.027354881167411804 -0.4647698998451233
1338 0.6887025833129883 0.3602178394794464
98 0.7640683054924011 -0.18063899874687195
185 0.13311231136322021 -0.8820475935935974
55 -0.35660985112190247 -1.7728921175003052
199 0.3528430461883545 0.3907301127910614
181 -0.06303354352712631 0.3801230192184448
1324 -1.2449579238891602 0.695156455039978
288 0.22068971395492554 1.592658519744873
64 1.872493028640747 -0.21184049546718597
90 1.02113676071167 -1.2817013263702393
260 0.9416727423667908 1.435397982597351
255 -1.0335432291030884 -0.28166818618774414
213 -1.6322999000549316 -0.2506069839000702
257 -0.11938229948282242 0.34034982323646545
1453 0.6877888441085815 0.5503413081169128
261 0.527900218963623 -0.8229604363441467
183 1.177076816558838 -0.3476526737213135
60 1.2074249982833862 -0.3592876195907593
184 -0.3134862184524536 0.12503895163536072
66 -0.3535229563713074 0.08493522554636002
1384 0.5735301971435547 -0.5900014042854309
273 -0.047514382749795914 0.41483911871910095
233 0.8178094625473022 1.4095293283462524
221 -0.0759296864271164 0.8854129910469055
220 -0.09695860743522644 1.3045367002487183
59 0.7015661001205444 0.620887041091919
218 0.7861396074295044 -0.8875219225883484
1452 1.8078713417053223 -0.5504090189933777
292 -0.31719592213630676 -0.6657921075820923
301 -0.2684773802757263 -0.22952596843242645
981 -0.4782163202762604 0.7908166646957397
289 1.7296358346939087 -0.8623989820480347
290 0.01773262210190296 0.6491923928260803
297 -1.0569723844528198 -0.2859196960926056
1 0.5530436635017395 -0.21426977217197418
302 0.5234194993972778 1.5255600214004517
294 0.2977961003780365 0.3413141071796417
304 0.7319639325141907 -0.9241681098937988
307 -0.7458752989768982 -0.15947537124156952
298 -0.047741569578647614 1.3761968612670898
293 0.2325984239578247 1.0209965705871582
291 1.6415103673934937 -1.0669214725494385
305 -1.4289849996566772 0.6759136319160461
308 -0.7844153046607971 0.5115348696708679
306 -0.43067803978919983 -0.3296795189380646
303 1.4560426473617554 0.5762253403663635
309 0.16277872025966644 -0.06602110713720322
