2 201740000 2 201500000
9 131260000 9 131020000
1 152700000 1 153300000
1 44020000 1 44220000
21 36980000 21 36820000
15 38340000 15 38140000
22 42820000 22 43380000
1 15820000 1 15940000
1 41100000 1 41180000
2 43580000 2 43060000
17 76180000 17 76420000
22 41380000 22 41820000
1 233340000 1 232780000
2 9860000 2 10100000
20 36460000 20 35660000
17 260000 17 580000
17 7780000 17 7700000
9 131580000 9 131420000
9 131500000 9 130940000
10 104580000 10 104820000
16 88100000 16 87940000
16 88020000 16 88100000
1 27300000 1 27220000
17 77980000 17 77900000
6 33820000 6 34140000
12 12860000 12 12940000
22 23140000 22 23220000
1 22820000 1 22620000
1 20740000 1 20860000
17 38100000 17 38220000
1 27220000 1 27500000
16 87980000 16 88140000
6 44140000 6 44020000
17 63780000 17 63940000
15 61140000 15 60860000
17 1220000 17 1100000
1 202260000 1 202180000
11 47220000 11 47340000
1 110140000 1 110260000
8 23220000 8 23300000
11 69180000 11 68700000
17 78060000 17 77900000
22 43020000 22 42900000
1 201140000 1 201060000
22 39260000 22 39380000
16 65700000 16 65620000
5 34940000 5 34500000
3 50020000 3 49860000
10 121060000 10 121140000
18 11980000 18 11900000
16 83980000 16 84140000
21 37020000 21 36820000
4 900000 4 1340000
19 5540000 19 5100000
18 19620000 18 19460000
6 33820000 6 34220000
9 128700000 9 129020000
1 152700000 1 152780000
17 72940000 17 72860000
16 14500000 16 14300000
1 25820000 1 25980000
15 88100000 15 88180000
18 75460000 18 75260000
9 130940000 9 131140000
5 137980000 5 138460000
5 176420000 5 176660000
22 43380000 22 42660000
16 11180000 16 11100000
21 45860000 21 46140000
1 52580000 1 52340000
2 231540000 2 231420000
21 46100000 21 46180000
7 72500000 7 72420000
2 85380000 2 85140000
9 132740000 9 132620000
1 40340000 1 40580000
5 1260000 5 1500000
3 27580000 3 27500000
1 31900000 1 31980000
6 158580000 6 158900000
11 69980000 11 70300000
17 75340000 17 75580000
17 16900000 17 16980000
10 30820000 10 30740000
1 243380000 1 244220000
22 36780000 22 37060000
1 26220000 1 26340000
17 42780000 17 43060000
11 68340000 11 68420000
1 148300000 1 148140000
10 104460000 10 104580000
3 47500000 3 47820000
22 38740000 22 38300000
6 74380000 6 74300000
22 40500000 22 40620000
20 5540000 20 5700000
8 49940000 8 49780000
22 34300000 22 34140000
6 42140000 6 42260000
1 20860000 1 20780000
3 196540000 3 196740000
14 102140000 14 102060000
15 62740000 15 62500000
17 22940000 17 22700000
7 45100000 7 44980000
22 35380000 22 35300000
6 33380000 6 33460000
22 44660000 22 44380000
8 42140000 8 42300000
3 185100000 3 185460000
11 65700000 11 65580000
1 154940000 1 155100000
17 740000 17 660000
22 37060000 22 36820000
19 16180000 19 16380000
14 74660000 14 74820000
11 109780000 11 109580000
17 580000 17 820000
15 88820000 15 88660000
1 148420000 1 148140000
17 260000 17 540000
12 49500000 12 50020000
19 63140000 19 63340000
14 22300000 14 22140000
8 38460000 8 38700000
22 38700000 22 38420000
1 26780000 1 27060000
22 37660000 22 37860000
12 12420000 12 12740000
20 33940000 20 33780000
1 210300000 1 210540000
8 38700000 8 38100000
22 43020000 22 42740000
1 228540000 1 227900000
6 166780000 6 167020000
15 39300000 15 39140000
19 16020000 19 16180000
18 18980000 18 19220000
9 138260000 9 138180000
11 68780000 11 68700000
12 119260000 12 119340000
3 49740000 3 49860000
11 65580000 11 65700000
1 22340000 1 22620000
16 55180000 16 55300000
1 25980000 1 25740000
4 1140000 4 1220000
9 130500000 9 130580000
7 47180000 7 45900000
2 231420000 2 231580000
10 94180000 10 93780000
17 2060000 17 1900000
19 51260000 19 51420000
2 11180000 2 10940000
11 118100000 11 118260000
8 141900000 8 142140000
7 47220000 7 45900000
1 153300000 1 152740000
16 85660000 16 85180000
9 33460000 9 33300000
17 17700000 17 17500000
16 87820000 16 88100000
6 132580000 6 132300000
19 5220000 19 5140000
1 19300000 1 19140000
20 4540000 20 4660000
10 104580000 10 104460000
13 28980000 13 29060000
22 35300000 22 35380000
1 54460000 1 54780000
1 28900000 1 29060000
3 49580000 3 49660000
16 15860000 16 16020000
8 38540000 8 38700000
11 2180000 11 2260000
8 8180000 8 8580000
9 114180000 9 113980000
19 5140000 19 5540000
9 132900000 9 132780000
15 38140000 15 38340000
7 55220000 7 54820000
5 149820000 5 149900000
6 34020000 6 34140000
17 26900000 17 26780000
22 38060000 22 38140000
10 79420000 10 79340000
16 85180000 16 85620000
17 24900000 17 24700000
19 52060000 19 52300000
19 5180000 19 5100000
18 11900000 18 11980000
8 37980000 8 37780000
22 38300000 22 38740000
7 44220000 7 44500000
17 140000 17 260000
16 15820000 16 16140000
4 1980000 4 2060000
2 27220000 2 27300000
17 72140000 17 72060000
1 221420000 1 221900000
6 42780000 6 42940000
6 44140000 6 43940000
8 28540000 8 28660000
3 126100000 3 125980000
1 152260000 1 152380000
12 123700000 12 123460000
11 46860000 11 47220000
2 27180000 2 27260000
7 47620000 7 47820000
17 71460000 17 71300000
21 45860000 21 46100000
12 6660000 12 6780000
9 34580000 9 34460000
16 87980000 16 88100000
21 46180000 21 45780000
11 68980000 11 68820000
12 7140000 12 6900000
1 201740000 1 201940000
16 15900000 16 15980000
10 12780000 10 12340000
20 47660000 20 47900000
12 123620000 12 123740000
1 17340000 1 17540000
6 33860000 6 34140000
12 123740000 12 123580000
17 35300000 17 35140000
17 72220000 17 72060000
5 176620000 5 176420000
17 37700000 17 37940000
14 34660000 14 34940000
13 43540000 13 43900000
1 153100000 1 152860000
17 71460000 17 71580000
7 129420000 7 129260000
11 68780000 11 68940000
2 136140000 2 135460000
19 16100000 19 16020000
6 42700000 6 42940000
1 153500000 1 153900000
1 221900000 1 221420000
8 30020000 8 29260000
14 101860000 14 101740000
12 6900000 12 7140000
7 129260000 7 129420000
5 14780000 5 15060000
12 49180000 12 49300000
4 3420000 4 3260000
8 42300000 8 42140000
16 87940000 16 88100000
16 10740000 16 9180000
18 75340000 18 75260000
1 31900000 1 31820000
17 72940000 17 72780000
1 41180000 1 41060000
1 233260000 1 232700000
2 73060000 2 73260000
8 22700000 8 22780000
11 77420000 11 77260000
22 36220000 22 36060000
14 74260000 14 74140000
3 52420000 3 52300000
9 132620000 9 132700000
12 52220000 12 52340000
16 56620000 16 56740000
17 44860000 17 45180000
17 44460000 17 44340000
14 103060000 14 102900000
19 6100000 19 5980000
17 4420000 17 4500000
9 38380000 9 37900000
7 45940000 7 47180000
12 120860000 12 120940000
1 152180000 1 152060000
1 148220000 1 148420000
21 36820000 21 36980000
2 85820000 2 85740000
11 69700000 11 69300000
10 43500000 10 44700000
22 40620000 22 40500000
3 52380000 3 52460000
1 31660000 1 31820000
12 51940000 12 51860000
1 8820000 1 8340000
17 38940000 17 38820000
16 15860000 16 15780000
17 24940000 17 24700000
19 5180000 19 5540000
1 228540000 1 227980000
9 131540000 9 130940000
4 3180000 4 3420000
1 220300000 1 219980000
6 43940000 6 44140000
10 104660000 10 104580000
9 131500000 9 131580000
7 1620000 7 1900000
15 39140000 15 39300000
6 43860000 6 44020000
14 76580000 14 76420000
19 5300000 19 5180000
11 69380000 11 69300000
11 72060000 11 71860000
17 73700000 17 73620000
21 44180000 21 44100000
2 235180000 2 235340000
17 38820000 17 38940000
16 84100000 16 83900000
1 153300000 1 152700000
9 131420000 9 131580000
4 2060000 4 1980000
2 10100000 2 9900000
21 42620000 21 42500000
11 65020000 11 64860000
22 42900000 22 43020000
22 41740000 22 41660000
10 88660000 10 88460000
17 16020000 17 15940000
12 46500000 12 46420000
20 61180000 20 61300000
16 85220000 16 85380000
21 42900000 21 43100000
19 13540000 19 13420000
6 37260000 6 37140000
14 101740000 14 101860000
17 45420000 17 45340000
9 71020000 9 70860000
1 3740000 1 5900000
21 46180000 21 45820000
1 31820000 1 32020000
17 980000 17 1100000
10 69980000 10 70100000
11 72140000 11 72220000
12 123580000 12 123740000
3 126180000 3 126660000
17 43060000 17 42780000
6 42260000 6 42140000
2 62460000 2 62020000
22 42700000 22 43460000
14 101980000 14 102060000
19 5100000 19 5300000
1 9980000 1 10140000
11 74820000 11 74900000
22 18140000 22 18300000
17 38940000 17 39020000
12 123580000 12 123780000
13 113500000 13 114020000
2 70140000 2 70060000
7 1180000 7 980000
1 36380000 1 36460000
22 42420000 22 42180000
2 85980000 2 86100000
10 79340000 10 79420000
8 29380000 8 30020000
9 132740000 9 132860000
9 131700000 9 131860000
16 66300000 16 66380000
6 34140000 6 33980000
11 2860000 11 2700000
1 8060000 1 8260000
17 75980000 17 75900000
17 740000 17 820000
9 131020000 9 131420000
2 43060000 2 43220000
22 42740000 22 43380000
1 32940000 1 33020000
8 22780000 8 22700000
6 35820000 6 35620000
5 138580000 5 137940000
14 34940000 14 34660000
11 47220000 11 47300000
2 11140000 2 10940000
22 18500000 22 19140000
2 27380000 2 27300000
11 129060000 11 128740000
3 185260000 3 185460000
1 110260000 1 110140000
11 117940000 11 118020000
21 46020000 21 45860000
3 27500000 3 27620000
17 39100000 17 38940000
1 2220000 1 2140000
17 4500000 17 4380000
3 58060000 3 57980000
19 16180000 19 16020000
4 1140000 4 1340000
19 63260000 19 63340000
17 44500000 17 44620000
1 158340000 1 158540000
16 11460000 16 11700000
1 44100000 1 43980000
15 72900000 15 72980000
9 135740000 9 135820000
16 11700000 16 11460000
22 42820000 22 43020000
7 99860000 7 99540000
2 43300000 2 43020000
17 1900000 17 1980000
6 37140000 6 37260000
15 88580000 15 88500000
14 68340000 14 67540000
15 75940000 15 75700000
22 21580000 22 21780000
1 153100000 1 152780000
20 61380000 20 61300000
9 130740000 9 130620000
1 3180000 1 2980000
12 109180000 12 108980000
9 131900000 9 131700000
2 43060000 2 43300000
12 109220000 12 109140000
17 72580000 17 72340000
2 86140000 2 85940000
16 82820000 16 82900000
11 68660000 11 68980000
1 22620000 1 22820000
1 1980000 1 1900000
13 113980000 13 113500000
17 1220000 17 1340000
9 34140000 9 34220000
6 3020000 6 2940000
17 38820000 17 38900000
12 51780000 12 51860000
3 185700000 3 185580000
22 39180000 22 39380000
3 49140000 3 49420000
11 68420000 11 68340000
16 65860000 16 65980000
16 66780000 16 66700000
10 76540000 10 75660000
10 75340000 10 75500000
1 120220000 1 120300000
5 178500000 5 178780000
12 123780000 12 123540000
9 33220000 9 33100000
15 39660000 15 39540000
12 6260000 12 6180000
4 3380000 4 3260000
11 47940000 11 48060000
10 104820000 10 104580000
20 60020000 20 60180000
6 132300000 6 132500000
12 120940000 12 120860000
1 26620000 1 26540000
16 87940000 16 88140000
7 55260000 7 54820000
15 20540000 15 20420000
19 63340000 19 63260000
20 33180000 20 33300000
19 12460000 19 11940000
3 129700000 3 129780000
16 66700000 16 66820000
1 152780000 1 153300000
21 34740000 21 34860000
12 109060000 12 109220000
1 202140000 1 202340000
7 54820000 7 55220000
17 1940000 17 2100000
7 6380000 7 6100000
11 46860000 11 47100000
4 2900000 4 2820000
10 43500000 10 44660000
6 74300000 6 74380000
17 34740000 17 34820000
22 43460000 22 42700000
17 1980000 17 2060000
3 185460000 3 185260000
10 73060000 10 73220000
1 155100000 1 155020000
7 65180000 7 65460000
8 37780000 8 37980000
3 185580000 3 185700000
18 12940000 18 12740000
10 13140000 10 12340000
12 130660000 12 130180000
11 2860000 11 2540000
9 130420000 9 130540000
11 62220000 11 62100000
4 1340000 4 1140000
11 118020000 11 118100000
19 5980000 19 6060000
9 126140000 9 125220000
1 43140000 1 43340000
1 43980000 1 44180000
16 84180000 16 84100000
8 42780000 8 42700000
3 185740000 3 185620000
12 127140000 12 124220000
21 43500000 21 43620000
11 68620000 11 69260000
5 149180000 5 148980000
17 60000 17 140000
17 71780000 17 71580000
1 8140000 1 8300000
9 131420000 9 130940000
17 78140000 17 78060000
11 68780000 11 69180000
19 52180000 19 52060000
19 39540000 19 39460000
2 202940000 2 203020000
16 65860000 16 66060000
2 231540000 2 231460000
1 152580000 1 152780000
21 34860000 21 34740000
20 46740000 20 46940000
3 52260000 3 52380000
17 42740000 17 42620000
3 172020000 3 171580000
9 34580000 9 34380000
3 27620000 3 27500000
3 50100000 3 50180000
7 6100000 7 6180000
9 132900000 9 132740000
3 48300000 3 48420000
16 85380000 16 85620000
17 72060000 17 72220000
1 26340000 1 26620000
12 51660000 12 51580000
22 43820000 22 43740000
7 55300000 7 54820000
7 154820000 7 154340000
13 94660000 13 94820000
13 44340000 13 43980000
20 17820000 20 17580000
11 1420000 11 1260000
18 12740000 18 12940000
12 109220000 12 109060000
5 172660000 5 172940000
16 30540000 16 30300000
8 22820000 8 22620000
21 36820000 21 37020000
6 132300000 6 132580000
1 1900000 1 1980000
1 36540000 1 36340000
3 130180000 3 130260000
11 68620000 11 69180000
11 3820000 11 4060000
16 68340000 16 68500000
1 41060000 1 41180000
22 36820000 22 37060000
5 1500000 5 1260000
1 15460000 1 15340000
3 47380000 3 47020000
16 84140000 16 83980000
7 6180000 7 6380000
20 47940000 20 47660000
21 46100000 21 45860000
8 127940000 8 130780000
9 131140000 9 131260000
16 9180000 16 10740000
6 3180000 6 3100000
13 113860000 13 113980000
1 32020000 1 32220000
2 85740000 2 85900000
6 30620000 6 30540000
22 43460000 22 42740000
16 11540000 16 11420000
16 85860000 16 85180000
9 135900000 9 136460000
16 11540000 16 11660000
2 113100000 2 113180000
17 73980000 17 74180000
4 3260000 4 3420000
14 101780000 14 101860000
2 10140000 2 10500000
4 25660000 4 25940000
12 50100000 12 50540000
5 171860000 5 172060000
1 225060000 1 224900000
14 49540000 14 49620000
1 152860000 1 153100000
1 9260000 1 9540000
16 4900000 16 5020000
12 122260000 12 122060000
11 1860000 11 2140000
19 47300000 19 47380000
17 19180000 17 19100000
11 71860000 11 72020000
16 85660000 16 85460000
9 131140000 9 131420000
11 70340000 11 70780000
8 28660000 8 28540000
9 132580000 9 132740000
19 13380000 19 13700000
19 48740000 19 48820000
4 1940000 4 1860000
14 49420000 14 49580000
20 61300000 20 61380000
2 84900000 2 84580000
11 2980000 11 3180000
6 30060000 6 29940000
11 77260000 11 77420000
17 71420000 17 71300000
20 47660000 20 47860000
1 2220000 1 2100000
16 56740000 16 56620000
21 44100000 21 44180000
17 71580000 17 71420000
22 43020000 22 43380000
16 66820000 16 66700000
16 11540000 16 11460000
12 52020000 12 52100000
7 1860000 7 2140000
17 76420000 17 76180000
1 40580000 1 40660000
17 53140000 17 52580000
2 231580000 2 231420000
7 129500000 7 130100000
3 185940000 3 185780000
1 148420000 1 148220000
18 76020000 18 76100000
22 43380000 22 43020000
12 123620000 12 123780000
20 4180000 20 4460000
22 36140000 22 36060000
16 85100000 16 84820000
19 47380000 19 47300000
14 74140000 14 74340000
1 8340000 1 8820000
15 87780000 15 87900000
16 85620000 16 85180000
20 33380000 20 33500000
3 52460000 3 52380000
12 109140000 12 109060000
22 41820000 22 41740000
2 25100000 2 25220000
4 54780000 4 54460000
16 11420000 16 11660000
19 52060000 19 52140000
1 223740000 1 224020000
12 51980000 12 51860000
5 149580000 5 149500000
5 138580000 5 138180000
16 3340000 16 3420000
1 26540000 1 26620000
17 16140000 17 16060000
15 75100000 15 75700000
17 540000 17 420000
10 104100000 10 103980000
19 2860000 19 2700000
1 31900000 1 32020000
1 148140000 1 148420000
1 32020000 1 32180000
11 62020000 11 61940000
14 20780000 14 20940000
16 66260000 16 66420000
16 67660000 16 67540000
16 84460000 16 84540000
12 105060000 12 104340000
1 208820000 1 209380000
11 118740000 11 118820000
17 24700000 17 24940000
12 49180000 12 49260000
11 63980000 11 64060000
17 24700000 17 24900000
8 124540000 8 124780000
1 31820000 1 31900000
5 176660000 5 176420000
2 29940000 2 29420000
12 51940000 12 51780000
15 38980000 15 39140000
3 46940000 3 47300000
17 45700000 17 45540000
1 33180000 1 33260000
21 45780000 21 46100000
17 22820000 17 22940000
21 39100000 21 39380000
11 1260000 11 1420000
1 8260000 1 8060000
7 98740000 7 98500000
6 43860000 6 44140000
12 48220000 12 48020000
19 13420000 19 13540000
6 43740000 6 44180000
6 31900000 6 31740000
11 61020000 11 61180000
14 49540000 14 49420000
15 64700000 15 64940000
9 130500000 9 130420000
1 224900000 1 225060000
17 15340000 17 15100000
16 88100000 16 87900000
21 39380000 21 39100000
10 103780000 10 103580000
3 52300000 3 52420000
17 38900000 17 38820000
7 1860000 7 1980000
10 121100000 10 121020000
17 17220000 17 17420000
15 87780000 15 87700000
1 43340000 1 43140000
1 148540000 1 148700000
9 131780000 9 131860000
12 140000 12 60000
6 31780000 6 31900000
10 134300000 10 134140000
1 45260000 1 45540000
17 56420000 17 56820000
9 92780000 9 93220000
18 75780000 18 75620000
16 3820000 16 3740000
22 39700000 22 39860000
17 34820000 17 34740000
7 130100000 7 129500000
17 45540000 17 45700000
8 38700000 8 38540000
12 45340000 12 45060000
4 1340000 4 1100000
6 26140000 6 27900000
15 38140000 15 38220000
9 136300000 9 136460000
14 49420000 14 49540000
19 51420000 19 51260000
1 36740000 1 37660000
1 43140000 1 43300000
2 27300000 2 27380000
12 120260000 12 120340000
11 66340000 11 66220000
3 186860000 3 187060000
12 6140000 12 6060000
22 40580000 22 40420000
11 65660000 11 65580000
2 20540000 2 20660000
7 99540000 7 99860000
15 73220000 15 73140000
7 500000 7 780000
16 87980000 16 87900000
17 36460000 17 36900000
17 45620000 17 45540000
17 44500000 17 44580000
11 47340000 11 47220000
4 1220000 4 1340000
21 43660000 21 43500000
7 75420000 7 75500000
12 48460000 12 48540000
16 15780000 16 16180000
19 5100000 19 5540000
17 71300000 17 71460000
16 87820000 16 87740000
7 98740000 7 98460000
11 69180000 11 68620000
9 130940000 9 131580000
1 32220000 1 32020000
1 244700000 1 243420000
1 152780000 1 152700000
17 72340000 17 72420000
10 5700000 10 5500000
2 38100000 2 38300000
12 55260000 12 55180000
20 24380000 20 24700000
2 10460000 2 10140000
7 1620000 7 2060000
14 102420000 14 102300000
1 52580000 1 52380000
4 2020000 4 2100000
2 10900000 2 11180000
3 171620000 3 172020000
22 37860000 22 37660000
10 12420000 10 12820000
16 68100000 16 68020000
16 30820000 16 30660000
16 84180000 16 84060000
12 54700000 12 54420000
17 72420000 17 72340000
14 102420000 14 102260000
5 138980000 5 139100000
11 61180000 11 61260000
3 101060000 3 101460000
16 87980000 16 88060000
22 36140000 22 36220000
14 102060000 14 101980000
4 2380000 4 2180000
1 7980000 1 8340000
17 38180000 17 38100000
4 3420000 4 3220000
22 34260000 22 34180000
17 45740000 17 45620000
2 85900000 2 86100000
15 86620000 15 84220000
16 65860000 16 66020000
8 38700000 8 38380000
22 38740000 22 38340000
16 85860000 16 85140000
17 24300000 17 24460000
9 131020000 9 131140000
2 135460000 2 136140000
17 34860000 17 34740000
15 72700000 15 72460000
16 68020000 16 68140000
5 171020000 5 171180000
1 33300000 1 33180000
1 21420000 1 21580000
2 201460000 2 201740000
16 3620000 16 3540000
20 100000 20 20000
17 22700000 17 22940000
11 2140000 11 1700000
16 68740000 16 72900000
17 60000 17 580000
1 31820000 1 31980000
2 26220000 2 26060000
13 94820000 13 94660000
6 34140000 6 34020000
8 140780000 8 141180000
9 131860000 9 131780000
17 45940000 17 46140000
17 45300000 17 45380000
22 37220000 22 36780000
1 154940000 1 155060000
17 44100000 17 44300000
2 43580000 2 42980000
10 75460000 10 75340000
7 129780000 7 129500000
3 185100000 3 185340000
17 260000 17 140000
12 119260000 12 119420000
1 201900000 1 201740000
9 131420000 9 131540000
10 79420000 10 79300000
15 42340000 15 41980000
2 238620000 2 238820000
2 85900000 2 85820000
9 131060000 9 131260000
11 75980000 11 76100000
17 1900000 17 2100000
16 84100000 16 84180000
7 72900000 7 73060000
11 64700000 11 64860000
8 146220000 8 146140000
7 140000 7 300000
22 42740000 22 42820000
16 16020000 16 15900000
1 55260000 1 55140000
15 20420000 15 20540000
1 19700000 1 19780000
16 31340000 16 31100000
19 47420000 19 47300000
7 1860000 7 1620000
8 38460000 8 38540000
7 44980000 7 45100000
11 12500000 11 12300000
9 116100000 9 115980000
17 15100000 17 15340000
19 16380000 19 16180000
17 2060000 17 1980000
9 135420000 9 135540000
13 29060000 13 28980000
9 131700000 9 131900000
10 79300000 10 79420000
11 129820000 11 130140000
16 87740000 16 87820000
16 85100000 16 84660000
16 83900000 16 84100000
12 45060000 12 45620000
1 202340000 1 202140000
17 71980000 17 72140000
2 238820000 2 238740000
22 19140000 22 18500000
1 209380000 1 208820000
17 72060000 17 71980000
7 129420000 7 129100000
16 15980000 16 15900000
9 135700000 9 135820000
9 131260000 9 131140000
8 42660000 8 42780000
6 2380000 6 1540000
5 149180000 5 149020000
13 114020000 13 113500000
22 40420000 22 40500000
2 100220000 2 99700000
9 130940000 9 131420000
6 36860000 6 36940000
6 44060000 6 43740000
17 37860000 17 37940000
2 26180000 2 26060000
19 47300000 19 47620000
12 54420000 12 54700000
3 185780000 3 185940000
6 2940000 6 3020000
3 48420000 3 48220000
10 44700000 10 43500000
11 61620000 11 61420000
22 42900000 22 43380000
12 51740000 12 51980000
6 132500000 6 132300000
10 75380000 10 75500000
2 27780000 2 28460000
17 77900000 17 78140000
8 23140000 8 23060000
1 204060000 1 204140000
3 48420000 3 48300000
2 10100000 2 9860000
22 41740000 22 41820000
17 72780000 17 72860000
1 148340000 1 148420000
2 237700000 2 238140000
19 47620000 19 47300000
12 52020000 12 52180000
15 87700000 15 87780000
9 136340000 9 136460000
17 1100000 17 1380000
17 260000 17 420000
15 62140000 15 61820000
3 187060000 3 186860000
10 121020000 10 121100000
8 23300000 8 23220000
11 66420000 11 66500000
9 131700000 9 131780000
5 149580000 5 149780000
1 21580000 1 21460000
7 2140000 7 1620000
16 84140000 16 84060000
15 75740000 15 75860000
6 44140000 6 43860000
15 75860000 15 75780000
16 84580000 16 84420000
9 99900000 9 99980000
14 102900000 14 103060000
16 83980000 16 84100000
12 54500000 12 54420000
1 53940000 1 53860000
1 32180000 1 32060000
1 21540000 1 21460000
11 2860000 11 2740000
3 52380000 3 52300000
16 15900000 16 16020000
19 16020000 19 16100000
11 74900000 11 74820000
22 27980000 22 27900000
17 35980000 17 35820000
4 1100000 4 1340000
7 2020000 7 1620000
18 3140000 18 3020000
1 33180000 1 33300000
18 19220000 18 18980000
16 66420000 16 66260000
17 77900000 17 78060000
1 54220000 1 54140000
6 34220000 6 34140000
16 3340000 16 3260000
6 31900000 6 31780000
16 31380000 16 31100000
12 108980000 12 109060000
11 68620000 11 68780000
6 33460000 6 33380000
12 48740000 12 48660000
17 1980000 17 2100000
12 6180000 12 6260000
16 15900000 16 15780000
14 99420000 14 99220000
1 153620000 1 153700000
7 130020000 7 129500000
1 22780000 1 22340000
12 109220000 12 108980000
11 12300000 11 12500000
7 65460000 7 65180000
20 30100000 20 29900000
6 37140000 6 36860000
1 2300000 1 2220000
17 1980000 17 1900000
7 2060000 7 2140000
9 135540000 9 135460000
2 10700000 2 10500000
11 76100000 11 75980000
1 27060000 1 26740000
3 47820000 3 47500000
12 7940000 12 8060000
6 31900000 6 31820000
1 200220000 1 200140000
16 5020000 16 4900000
12 123740000 12 123620000
22 41660000 22 41780000
8 38380000 8 38700000
1 153740000 1 153620000
16 15860000 16 15980000
12 122060000 12 122260000
15 39140000 15 38980000
22 27900000 22 27980000
22 39380000 22 39220000
7 129420000 7 129340000
19 47780000 19 47660000
3 130180000 3 130300000
2 10940000 2 11180000
12 109060000 12 109140000
8 22620000 8 22820000
16 84620000 16 85100000
15 75700000 15 75940000
1 154940000 1 155140000
1 36340000 1 36540000
7 98780000 7 98460000
16 73060000 16 68740000
12 123460000 12 123700000
18 12860000 18 12740000
7 2140000 7 2060000
16 85580000 16 85660000
1 32060000 1 32180000
17 17420000 17 17220000
13 113980000 13 113860000
6 44140000 6 43740000
19 47660000 19 47780000
1 22740000 1 22660000
2 73060000 2 73140000
12 6060000 12 6260000
10 104980000 10 104620000
21 46140000 21 45820000
1 144260000 1 144180000
1 35940000 1 35820000
3 187180000 3 187460000
1 227900000 1 228540000
1 44180000 1 43980000
16 85660000 16 85580000
15 37660000 15 36980000
15 41980000 15 42340000
11 1460000 11 1260000
12 51860000 12 51780000
1 204420000 1 204140000
5 176700000 5 176820000
11 69380000 11 69260000
11 118140000 11 118260000
17 35420000 17 35580000
7 140000 7 260000
21 43180000 21 43380000
2 27380000 2 27180000
8 23060000 8 23140000
16 86060000 16 86140000
9 129580000 9 129380000
17 38940000 17 39100000
20 48380000 20 48300000
1 53060000 1 53420000
9 130940000 9 131260000
19 16340000 19 16180000
11 62100000 11 61940000
22 43020000 22 42820000
19 5540000 19 5140000
19 6060000 19 5980000
6 34220000 6 33820000
6 44060000 6 43940000
16 3980000 16 4100000
22 29420000 22 29500000
17 52580000 17 53180000
1 23860000 1 23700000
12 104340000 12 105060000
13 109700000 13 109860000
14 101660000 14 101860000
17 45580000 17 45740000
7 47180000 7 45940000
3 52380000 3 52260000
22 43380000 22 42740000
5 138460000 5 137980000
2 235340000 2 235180000
3 48740000 3 48860000
1 8260000 1 7980000
8 38100000 8 38700000
17 540000 17 380000
2 11180000 2 10900000
21 46180000 21 46100000
2 1580000 2 1740000
19 12460000 19 12220000
3 127860000 3 128740000
13 113140000 13 113260000
17 76300000 17 76420000
1 9540000 1 9260000
9 130420000 9 130340000
3 129900000 3 129980000
7 300000 7 140000
12 121420000 12 121540000
1 15340000 1 15460000
16 85180000 16 85860000
16 31100000 16 31380000
22 36060000 22 36220000
3 47020000 3 47380000
1 32180000 1 32020000
1 40660000 1 40580000
19 60540000 19 60420000
17 72580000 17 72420000
17 63900000 17 63780000
6 34140000 6 34220000
8 142140000 8 141740000
1 20180000 1 20300000
5 141220000 5 141140000
16 11380000 16 11660000
16 16140000 16 15860000
1 6740000 1 7100000
19 51940000 19 52060000
14 102420000 14 102340000
16 25020000 16 27420000
18 8660000 18 8980000
15 73140000 15 73220000
1 22340000 1 22820000
1 27220000 1 27300000
5 17180000 5 17020000
19 51740000 19 51900000
11 69620000 11 69700000
14 102740000 14 102860000
11 68940000 11 68780000
20 4660000 20 4540000
6 35620000 6 35820000
11 61260000 11 61180000
16 4820000 16 4900000
1 20300000 1 20180000
16 15780000 16 15900000
10 104140000 10 104220000
16 56180000 16 56340000
16 3420000 16 3340000
9 33060000 9 33220000
22 42820000 22 43220000
2 43020000 2 43620000
19 13700000 19 13380000
12 49180000 12 49380000
17 36900000 17 36460000
17 580000 17 260000
1 199580000 1 199500000
11 47300000 11 47220000
17 26780000 17 26900000
9 125860000 9 125300000
6 43940000 6 44020000
3 195900000 3 196460000
17 73740000 17 73860000
4 2100000 4 2180000
20 3860000 20 3940000
19 35860000 19 37420000
2 85900000 2 85740000
1 204140000 1 204060000
11 63540000 11 63700000
15 20460000 15 20540000
8 142020000 8 142140000
3 101460000 3 101060000
7 47580000 7 47820000
21 37500000 21 37860000
8 124780000 8 124540000
1 2980000 1 3180000
4 7380000 4 7500000
1 29060000 1 28900000
12 54420000 12 54500000
6 158900000 6 158580000
1 154180000 1 154100000
20 42140000 20 41820000
16 11460000 16 11540000
22 42140000 22 42580000
1 149780000 1 149940000
3 50180000 3 50260000
22 40420000 22 40620000
16 67900000 16 67780000
11 69300000 11 69380000
11 2060000 11 2140000
16 86140000 16 86060000
17 15940000 17 16020000
2 85820000 2 85900000
1 25740000 1 25620000
17 45540000 17 45620000
11 68700000 11 69180000
17 46060000 17 45940000
17 52580000 17 53140000
9 135820000 9 135740000
9 135540000 9 135420000
19 5300000 19 5100000
5 53860000 5 54180000
16 11100000 16 11180000
17 420000 17 580000
22 18300000 22 18180000
1 8300000 1 8020000
8 124700000 8 124780000
15 93620000 15 94700000
7 780000 7 500000
10 29620000 10 29020000
1 2300000 1 2100000
17 78140000 17 77900000
16 46780000 16 45660000
12 3260000 12 3100000
16 85140000 16 85860000
20 33140000 20 33300000
6 42940000 6 42700000
17 39020000 17 38940000
7 73060000 7 72900000
17 1340000 17 1100000
12 130180000 12 130660000
1 148300000 1 148420000
11 68620000 11 68420000
17 35580000 17 35420000
14 74820000 14 74660000
11 47140000 11 46900000
9 34220000 9 34140000
16 16140000 16 15780000
2 28460000 2 27820000
20 3940000 20 3860000
1 2220000 1 2300000
12 51740000 12 51860000
16 88060000 16 87940000
22 38140000 22 38060000
17 72620000 17 72700000
8 145820000 8 145940000
22 22860000 22 22780000
19 5100000 19 5180000
1 20780000 1 20860000
10 104140000 10 103940000
22 38340000 22 38740000
22 42660000 22 43380000
12 49300000 12 49180000
11 72620000 11 72220000
9 131860000 9 131700000
1 23700000 1 23860000
9 33300000 9 33460000
17 37940000 17 37860000
4 140420000 4 140340000
9 135380000 9 135540000
12 56580000 12 56500000
2 99700000 2 100220000
17 45580000 17 45700000
16 68220000 16 68020000
9 138820000 9 138940000
19 47420000 19 47340000
6 132540000 6 132300000
22 28420000 22 28940000
11 47140000 11 46860000
8 25100000 8 25180000
3 126660000 3 126180000
17 73620000 17 73740000
22 22780000 22 22860000
13 113900000 13 113500000
2 10460000 2 10180000
7 1100000 7 980000
22 40620000 22 40420000
11 61420000 11 61620000
11 75540000 11 75260000
6 44020000 6 44140000
1 25740000 1 25980000
11 1260000 11 1460000
1 226500000 1 226660000
11 71860000 11 72060000
12 56500000 12 56580000
1 110140000 1 110340000
3 57980000 3 58100000
12 8060000 12 7940000
2 238140000 2 237700000
14 74340000 14 74140000
22 39860000 22 39660000
22 36060000 22 36140000
17 73620000 17 73700000
14 23860000 14 23980000
10 75260000 10 75340000
15 29580000 15 29220000
3 49860000 3 49740000
12 110740000 12 110660000
20 17580000 20 17820000
7 156740000 7 156820000
17 76740000 17 76660000
7 45900000 7 47180000
6 74380000 6 74260000
3 48740000 3 48980000
16 31100000 16 30980000
4 3220000 4 3420000
10 134140000 10 134300000
12 51860000 12 51980000
8 38700000 8 38420000
12 47820000 12 47900000
1 25740000 1 25660000
3 172020000 3 171620000
20 4940000 20 4700000
20 46580000 20 45940000
9 129180000 9 129020000
17 73780000 17 73860000
13 19940000 13 20340000
3 172140000 3 172780000
19 6100000 19 6020000
1 202180000 1 202340000
21 46500000 21 46620000
15 84180000 15 86820000
20 24700000 20 24380000
12 3220000 12 3100000
12 52340000 12 52220000
8 124780000 8 124700000
1 23820000 1 23740000
21 42100000 21 41900000
21 43380000 21 43180000
3 47500000 3 47420000
5 156860000 5 157060000
2 27380000 2 27220000
16 85660000 16 85380000
15 62500000 15 62700000
17 660000 17 780000
10 12820000 10 12420000
7 45900000 7 47220000
11 63540000 11 63660000
3 185340000 3 185100000
2 28460000 2 27780000
17 820000 17 740000
22 43740000 22 43820000
9 130580000 9 130740000
2 20660000 2 20540000
1 25980000 1 25820000
20 41820000 20 42140000
19 37420000 19 35860000
5 54180000 5 53860000
8 42780000 8 42660000
5 148900000 5 148820000
17 72860000 17 72940000
11 66220000 11 66340000
9 136460000 9 136300000
17 76420000 17 76300000
15 94700000 15 93620000
22 16780000 22 16860000
17 60000 17 260000
12 123540000 12 123780000
1 110300000 1 110140000
10 31100000 10 32100000
20 29780000 20 29700000
7 98460000 7 98740000
16 30980000 16 31100000
17 33100000 17 33260000
8 49780000 8 49940000
10 121140000 10 121060000
12 46420000 12 46500000
15 88220000 15 88100000
16 30660000 16 30820000
20 33060000 20 32940000
2 135460000 2 136180000
2 231580000 2 231460000
7 980000 7 1100000
9 130620000 9 130540000
12 52180000 12 52020000
17 22940000 17 22820000
6 31820000 6 31740000
11 69180000 11 68780000
17 76380000 17 76020000
2 26060000 2 26180000
1 19780000 1 19700000
1 244220000 1 243380000
17 73860000 17 73940000
14 101860000 14 101540000
1 45540000 1 45260000
9 125220000 9 126140000
2 85980000 2 86060000
20 4460000 20 4180000
7 980000 7 1180000
17 76620000 17 76740000
2 1740000 2 1660000
16 66700000 16 66780000
21 41900000 21 42100000
17 16060000 17 16140000
19 53980000 19 54180000
16 55300000 16 55180000
11 64060000 11 63980000
1 148420000 1 148180000
3 197340000 3 197260000
13 43980000 13 44340000
19 52060000 19 51940000
5 138180000 5 138580000
1 155060000 1 155140000
1 23740000 1 23820000
11 75260000 11 75540000
17 75860000 17 75940000
9 135260000 9 135340000
22 34140000 22 34300000
9 135820000 9 135700000
1 224100000 1 224180000
6 36860000 6 37140000
22 39860000 22 39700000
10 95220000 10 95140000
7 129340000 7 129420000
15 39540000 15 39660000
11 62140000 11 62220000
2 27180000 2 27380000
22 35300000 22 35580000
19 53980000 19 53820000
12 123700000 12 123620000
22 34180000 22 34260000
5 157060000 5 156860000
14 64220000 14 64300000
16 88020000 16 87940000
2 10940000 2 11140000
17 1100000 17 1220000
16 30980000 16 31380000
16 3940000 16 3780000
12 51980000 12 51740000
11 48020000 11 47940000
14 34940000 14 34860000
13 113500000 13 113980000
6 34140000 6 33820000
7 72900000 7 73100000
1 232700000 1 233340000
1 9860000 1 10140000
5 149900000 5 150020000
12 12740000 12 12420000
7 1900000 7 1980000
21 43420000 21 43220000
17 73860000 17 73780000
22 42580000 22 42140000
12 51540000 12 51060000
16 11660000 16 11540000
1 41780000 1 42300000
5 176740000 5 176660000
1 202340000 1 202180000
9 129020000 9 128700000
18 19460000 18 19620000
9 125300000 9 125860000
7 75500000 7 75420000
12 50020000 12 49780000
2 85940000 2 86140000
13 109860000 13 109700000
1 15780000 1 15940000
1 152780000 1 153100000
19 54180000 19 53980000
11 61180000 11 61020000
12 48540000 12 48460000
7 140000 7 220000
1 32020000 1 31900000
12 123740000 12 123460000
10 95140000 10 95220000
11 129820000 11 130180000
19 47300000 19 47420000
9 132700000 9 132580000
12 121620000 12 121700000
4 8300000 4 8420000
11 69180000 11 68420000
20 17580000 20 17780000
1 152180000 1 152020000
7 1180000 7 1100000
6 31820000 6 31900000
11 128740000 11 129060000
2 238820000 2 238620000
22 23220000 22 23140000
12 124220000 12 127140000
2 46980000 2 46740000
11 2260000 11 2180000
22 16540000 22 16460000
14 99220000 14 99420000
5 139100000 5 138980000
3 129780000 3 129620000
10 36740000 10 36020000
11 72220000 11 72620000
4 2100000 4 2020000
1 233340000 1 232700000
22 36820000 22 36900000
2 10700000 2 10540000
16 66380000 16 66260000
6 29940000 6 30060000
21 45820000 21 46180000
4 1220000 4 1140000
4 7500000 4 7380000
2 25060000 2 25220000
11 2540000 11 2860000
1 22820000 1 22340000
12 50020000 12 49500000
13 44340000 13 44060000
9 131540000 9 131420000
11 47220000 11 46860000
8 141180000 8 140780000
9 131740000 9 131860000
16 56420000 16 56340000
3 187460000 3 187180000
16 68500000 16 68340000
9 135540000 9 135380000
17 74460000 17 74340000
17 140000 17 60000
2 29420000 2 29940000
1 148420000 1 148300000
14 20940000 14 20780000
9 128740000 9 129020000
11 72020000 11 71860000
20 29900000 20 30100000
2 1740000 2 1580000
10 104620000 10 104980000
2 238740000 2 238820000
9 138940000 9 138820000
17 7860000 17 7700000
20 46940000 20 46740000
21 42500000 21 42620000
16 11700000 16 11540000
7 150980000 7 151060000
9 130540000 9 130420000
10 73220000 10 73060000
5 53580000 5 52460000
16 16140000 16 15820000
8 38420000 8 38700000
22 37060000 22 36780000
14 99380000 14 99220000
17 62980000 17 63060000
3 52300000 3 52380000
17 2100000 17 1980000
6 1540000 6 2380000
16 45660000 16 46780000
20 32740000 20 32620000
17 19100000 17 19180000
9 130940000 9 131540000
22 17900000 22 17540000
11 58020000 11 57300000
22 43340000 22 42820000
9 130620000 9 130420000
16 85380000 16 85220000
1 53140000 1 53420000
13 109780000 13 109860000
8 142020000 8 141940000
11 47100000 11 46860000
11 47300000 11 47380000
16 68300000 16 68020000
9 131580000 9 130940000
12 48100000 12 48220000
6 31740000 6 31900000
22 39220000 22 39380000
7 32180000 7 31780000
12 123460000 12 123740000
14 102260000 14 102420000
1 144180000 1 144300000
11 70780000 11 70340000
6 44180000 6 43860000
16 85500000 16 85660000
2 85380000 2 85220000
2 84580000 2 84900000
19 13420000 19 13700000
16 11660000 16 11420000
2 70060000 2 70140000
17 54460000 17 54140000
6 43860000 6 44060000
11 57300000 11 58020000
16 85460000 16 85660000
11 65940000 11 65820000
12 50540000 12 50100000
1 110140000 1 110300000
20 30580000 20 30700000
20 60180000 20 60020000
17 72060000 17 72140000
1 27300000 1 27500000
17 72140000 17 71980000
11 69260000 11 68620000
1 201380000 1 201300000
6 37220000 6 37140000
22 29500000 22 29420000
7 54820000 7 55260000
1 152380000 1 152260000
1 37660000 1 36740000
16 11660000 16 11380000
3 49660000 3 49580000
17 72860000 17 72780000
16 84660000 16 85100000
22 49500000 22 49420000
9 115980000 9 116100000
21 42860000 21 43100000
14 102300000 14 102500000
20 61980000 20 61700000
15 72940000 15 72860000
17 39100000 17 39020000
16 4140000 16 3940000
17 660000 17 740000
8 146140000 8 146220000
4 3420000 4 3180000
20 33300000 20 33180000
15 62700000 15 62500000
19 5300000 19 5140000
1 158540000 1 158340000
8 130780000 8 127940000
9 129380000 9 129580000
2 201740000 2 201460000
5 148820000 5 148900000
10 12340000 10 13140000
17 73860000 17 73740000
10 121100000 10 121180000
10 75660000 10 76540000
17 45140000 17 44860000
16 88100000 16 87820000
21 43100000 21 42860000
12 108980000 12 109220000
19 39460000 19 39540000
16 87900000 16 87980000
20 47980000 20 48140000
16 84100000 16 83980000
3 126380000 3 126260000
21 43300000 21 43220000
1 23620000 1 23540000
1 21460000 1 21540000
14 102860000 14 102740000
9 131140000 9 131020000
12 48660000 12 48740000
1 23860000 1 23740000
14 76420000 14 76620000
16 66020000 16 65860000
22 43380000 22 42900000
3 52060000 3 52140000
22 41780000 22 41660000
16 72900000 16 68740000
17 39020000 17 39180000
4 1340000 4 900000
17 35860000 17 35940000
20 30540000 20 30700000
1 31980000 1 31820000
19 13540000 19 13700000
17 420000 17 540000
14 49620000 14 49540000
3 50260000 3 50180000
9 130740000 9 130540000
7 98500000 7 98660000
12 12380000 12 12100000
1 40580000 1 40340000
15 62500000 15 62740000
22 41660000 22 41820000
17 76180000 17 76380000
17 55180000 17 55260000
6 167020000 6 166780000
17 53180000 17 52580000
17 1100000 17 1340000
1 27180000 1 27300000
15 99220000 15 99020000
2 85940000 2 86100000
11 2860000 11 2500000
1 153300000 1 152780000
18 45540000 18 45380000
2 43620000 2 43020000
20 33180000 20 33500000
1 159340000 1 159260000
1 17540000 1 17340000
11 2140000 11 1860000
7 300000 7 220000
1 40180000 1 40260000
10 104220000 10 104140000
3 58500000 3 58300000
9 133180000 9 133100000
1 155020000 1 154940000
3 125980000 3 126100000
22 45060000 22 44780000
1 201420000 1 201340000
20 17780000 20 17580000
9 132580000 9 132700000
17 46060000 17 46140000
19 41180000 19 41020000
1 22660000 1 22740000
16 88100000 16 88020000
11 69700000 11 69620000
9 130940000 9 131500000
1 148420000 1 148340000
11 47140000 11 46820000
7 1620000 7 2020000
1 43780000 1 43860000
7 2140000 7 1860000
1 201940000 1 201740000
17 1100000 17 980000
19 53820000 19 53980000
17 45340000 17 45420000
11 46860000 11 47140000
17 18780000 17 18700000
5 141060000 5 141220000
21 32820000 21 32700000
17 6900000 17 6980000
12 110660000 12 110740000
9 131140000 9 130940000
16 82620000 16 82540000
19 13700000 19 13540000
15 64780000 15 64700000
8 25180000 8 25100000
1 149540000 1 149620000
17 44860000 17 45140000
9 131420000 9 131140000
17 44300000 17 44100000
6 31980000 6 31780000
11 69180000 11 68660000
16 85380000 16 85660000
3 185460000 3 185100000
11 63700000 11 63540000
20 17620000 20 17820000
15 84220000 15 86620000
11 61020000 11 61140000
14 74140000 14 74260000
16 3940000 16 4140000
3 50180000 3 50100000
19 60540000 19 60380000
21 43620000 21 43500000
10 103940000 10 104140000
1 5900000 1 3740000
22 36220000 22 36140000
1 44220000 1 44020000
17 74180000 17 73980000
10 103580000 10 103780000
15 88660000 15 88820000
1 26740000 1 27060000
11 1700000 11 2140000
21 44100000 21 44260000
2 9900000 2 10100000
17 44620000 17 44500000
11 129820000 11 130220000
12 121700000 12 121620000
9 37900000 9 38380000
11 2580000 11 2860000
9 130540000 9 130740000
19 52300000 19 52060000
16 67780000 16 67900000
12 49780000 12 50020000
5 134340000 5 134700000
16 30340000 16 30540000
15 72980000 15 72900000
19 12220000 19 12460000
16 84540000 16 84460000
17 24460000 17 24300000
1 154940000 1 155020000
16 2420000 16 2340000
18 76100000 18 76020000
6 29940000 6 30100000
14 72260000 14 72060000
16 30700000 16 30820000
9 131020000 9 131260000
22 40420000 22 40580000
1 154500000 1 154380000
19 2700000 19 2820000
8 8580000 8 8180000
11 2500000 11 2860000
20 47900000 20 47660000
1 224060000 1 224180000
17 27620000 17 27700000
11 118260000 11 118140000
4 2820000 4 2900000
20 33300000 20 33140000
20 33500000 20 33380000
3 13180000 3 13500000
2 203020000 2 202940000
2 27220000 2 27380000
12 123780000 12 123460000
12 121540000 12 121420000
13 109860000 13 109780000
17 18700000 17 18780000
2 46740000 2 46980000
7 156820000 7 156740000
16 82980000 16 82900000
1 155100000 1 154940000
1 232780000 1 233340000
18 75260000 18 75340000
16 65860000 16 65940000
1 155020000 1 155100000
17 820000 17 660000
11 2700000 11 2860000
5 176820000 5 176700000
9 115260000 9 115380000
7 72540000 7 72420000
11 62140000 11 62300000
17 34740000 17 34860000
19 2820000 19 2700000
1 224180000 1 224060000
20 30700000 20 30540000
3 196460000 3 195900000
17 76340000 17 76420000
7 1620000 7 1860000
7 1980000 7 1860000
22 42820000 22 42900000
17 780000 17 660000
12 109140000 12 109220000
12 48020000 12 48100000
1 120300000 1 120220000
12 12100000 12 12380000
17 71420000 17 71580000
21 46100000 21 45780000
16 66260000 16 66380000
16 11460000 16 11660000
9 132700000 9 132620000
1 10500000 1 10940000
1 53860000 1 53940000
19 13700000 19 13420000
9 34460000 9 34580000
20 4180000 20 4500000
5 176660000 5 176740000
12 47540000 12 47620000
1 26340000 1 26220000
1 33020000 1 32940000
1 8300000 1 7980000
5 141220000 5 141060000
14 49580000 14 49420000
15 36980000 15 37660000
9 34380000 9 34580000
1 17340000 1 17420000
15 63340000 15 63260000
10 76500000 10 75660000
11 130140000 11 129820000
2 86060000 2 85980000
22 28940000 22 28420000
3 58300000 3 58500000
14 64300000 14 64220000
16 68020000 16 68100000
1 52380000 1 52580000
15 60860000 15 61140000
22 38740000 22 38420000
20 61700000 20 61980000
22 37540000 22 37860000
6 36940000 6 36860000
8 49340000 8 49940000
1 200460000 1 200540000
7 44300000 7 44460000
5 178780000 5 178500000
1 232700000 1 233260000
9 132740000 9 132900000
7 54820000 7 55300000
5 172220000 5 172140000
9 133540000 9 133460000
10 75500000 10 75380000
22 40500000 22 40420000
9 90380000 9 90820000
7 1980000 7 1900000
1 149940000 1 149780000
2 28500000 2 27780000
1 52340000 1 52580000
16 15780000 16 15860000
19 6020000 19 6100000
11 130180000 11 129820000
5 172940000 5 172660000
8 142140000 8 141900000
1 35820000 1 35940000
22 34180000 22 34300000
22 16460000 22 16540000
17 73940000 17 73780000
15 62140000 15 61860000
17 45180000 17 44860000
6 31100000 6 31020000
16 84060000 16 84140000
17 77980000 17 78060000
19 51420000 19 51140000
3 126260000 3 126380000
5 176740000 5 176820000
22 34300000 22 34180000
22 37300000 22 36780000
16 27420000 16 25020000
21 45820000 21 46140000
19 5540000 19 5180000
16 66580000 16 66820000
1 20860000 1 20740000
8 141940000 8 142020000
16 66420000 16 66500000
22 44780000 22 45060000
1 154100000 1 154180000
6 43740000 6 44140000
21 43380000 21 43220000
1 202180000 1 202260000
17 40740000 17 40820000
1 201340000 1 201460000
1 27300000 1 27180000
21 44820000 21 44900000
15 61860000 15 62140000
22 42900000 22 42820000
16 84860000 16 85100000
19 5140000 19 5300000
12 49380000 12 49180000
16 85100000 16 84860000
22 25420000 22 26260000
3 185620000 3 185700000
21 44900000 21 44820000
5 149900000 5 149820000
16 83900000 16 84180000
11 46900000 11 47140000
9 130420000 9 130500000
15 61820000 15 62140000
17 1380000 17 1100000
7 44500000 7 44220000
1 153220000 1 153300000
5 52460000 5 53580000
1 8340000 1 7980000
15 88100000 15 88220000
18 8980000 18 8660000
1 110340000 1 110140000
10 75500000 10 75340000
1 110100000 1 109980000
2 100580000 2 100980000
16 84420000 16 84580000
12 119340000 12 119260000
1 159260000 1 159340000
2 217260000 2 218300000
17 72620000 17 72780000
21 43660000 21 43900000
1 199500000 1 199580000
16 84420000 16 84540000
16 85860000 16 85700000
17 45380000 17 45300000
3 129620000 3 129780000
5 1260000 5 1020000
17 27100000 17 26900000
9 131260000 9 131060000
1 55140000 1 55260000
5 134700000 5 134340000
11 62300000 11 62140000
18 75620000 18 75780000
1 8820000 1 8580000
19 5140000 19 5220000
14 22140000 14 22300000
16 16180000 16 15780000
7 98500000 7 98780000
18 3020000 18 3140000
2 73140000 2 73060000
9 132340000 9 132500000
4 37740000 4 38420000
10 88460000 10 88660000
1 154460000 1 154380000
20 32940000 20 33060000
12 47620000 12 47540000
22 17540000 22 17900000
1 154460000 1 154540000
16 31100000 16 31340000
10 29020000 10 29620000
4 1340000 4 1220000
14 102340000 14 102420000
2 10500000 2 10700000
17 76420000 17 76020000
16 87900000 16 88100000
16 86660000 16 86900000
1 54780000 1 54460000
1 201300000 1 201380000
11 47380000 11 47300000
11 63540000 11 63620000
12 123460000 12 123780000
6 34140000 6 33860000
7 1900000 7 1620000
12 45620000 12 45060000
12 51860000 12 51740000
16 68740000 16 73060000
1 23740000 1 23860000
9 131860000 9 131740000
7 6180000 7 6100000
17 7780000 17 7860000
9 131260000 9 130940000
2 231460000 2 231580000
9 90820000 9 90380000
8 42700000 8 42780000
16 66820000 16 66580000
20 61300000 20 61180000
1 36460000 1 36380000
13 44060000 13 44340000
22 16860000 22 16780000
21 37860000 21 37500000
11 67580000 11 67660000
19 63340000 19 63140000
1 10140000 1 9980000
2 42980000 2 43580000
9 135460000 9 135540000
19 6020000 19 6220000
1 32500000 1 32620000
15 88500000 15 88580000
15 75860000 15 75740000
11 68660000 11 69180000
22 39660000 22 39860000
11 61940000 11 62060000
3 185460000 3 185140000
14 101860000 14 101780000
12 48020000 12 48220000
10 70060000 10 69940000
11 66340000 11 66540000
4 1860000 4 1940000
1 209380000 1 208700000
22 44380000 22 44660000
22 36900000 22 36820000
17 71580000 17 71460000
6 135300000 6 134500000
1 208700000 1 209380000
11 118020000 11 117940000
20 49060000 20 49380000
22 41580000 22 41380000
19 43540000 19 43460000
1 2980000 1 3300000
19 52060000 19 52180000
22 39380000 22 39180000
11 61140000 11 61020000
1 200140000 1 200220000
19 13580000 19 13700000
17 46140000 17 46060000
17 1380000 17 1220000
3 128740000 3 127860000
7 44500000 7 44300000
1 153620000 1 153740000
12 123780000 12 123580000
17 75940000 17 75860000
19 52140000 19 52060000
22 42740000 22 43460000
16 82900000 16 82820000
12 6780000 12 6660000
1 10140000 1 9860000
21 46620000 21 46500000
14 72060000 14 72260000
1 7980000 1 8300000
4 25940000 4 25660000
22 41380000 22 41540000
7 31780000 7 32180000
2 86100000 2 86020000
17 55260000 17 55180000
8 141740000 8 142140000
14 34860000 14 34940000
5 65060000 5 65380000
1 152740000 1 153300000
17 3820000 17 3700000
1 3340000 1 2980000
9 133060000 9 133180000
7 6380000 7 6180000
10 134140000 10 134260000
6 136580000 6 135860000
2 27780000 2 28500000
4 2180000 4 2100000
17 17500000 17 17700000
2 217180000 2 217100000
16 67540000 16 67660000
14 76420000 14 76580000
17 56140000 17 56820000
3 48220000 3 48420000
1 22620000 1 22340000
7 260000 7 140000
1 227980000 1 228540000
5 176820000 5 176740000
7 44300000 7 44500000
16 66780000 16 66620000
22 43020000 22 43340000
11 2660000 11 2860000
2 10500000 2 10140000
9 133180000 9 133060000
19 11940000 19 12460000
16 4900000 16 4820000
17 7860000 17 7780000
22 39380000 22 39260000
6 37140000 6 37220000
3 49420000 3 49140000
3 52300000 3 52220000
9 33460000 9 33260000
9 115900000 9 116100000
17 37940000 17 37700000
17 35140000 17 35300000
15 72860000 15 72940000
2 218300000 2 217260000
17 78060000 17 77980000
20 33500000 20 33180000
9 114180000 9 113580000
12 6260000 12 6060000
12 109060000 12 108980000
1 3300000 1 2980000
14 67540000 14 68340000
10 31380000 10 31100000
1 154820000 1 154740000
11 66420000 11 66580000
3 171580000 3 172020000
5 34500000 5 34940000
17 73820000 17 73940000
17 76020000 17 76380000
1 154380000 1 154460000
21 43220000 21 43300000
1 31940000 1 32020000
14 76620000 14 76420000
2 121540000 2 121180000
3 172780000 3 172140000
7 1620000 7 2140000
17 44580000 17 44500000
4 54460000 4 54780000
6 30540000 6 30620000
19 13500000 19 13380000
20 4740000 20 4940000
11 118820000 11 118740000
15 86820000 15 84180000
14 30740000 14 30820000
2 101020000 2 101140000
16 16020000 16 15860000
1 2980000 1 3340000
12 108980000 12 109180000
12 52100000 12 52020000
17 72780000 17 72940000
23 46140000 23 45580000
2 101140000 2 101020000
9 33260000 9 33460000
1 219980000 1 220300000
16 65220000 16 65300000
1 155140000 1 155020000
2 43060000 2 43580000
16 68500000 16 68380000
8 141980000 8 142140000
20 32620000 20 32740000
16 84180000 16 83980000
21 43220000 21 43420000
7 129100000 7 129420000
18 75260000 18 75460000
17 77900000 17 77980000
11 67660000 11 67580000
20 5700000 20 5540000
12 220000 12 140000
14 49420000 14 49620000
5 150020000 5 149900000
17 2100000 17 1900000
11 118260000 11 118100000
16 88140000 16 87980000
12 48540000 12 48660000
19 12460000 19 11860000
2 43020000 2 43300000
3 48860000 3 48740000
9 132500000 9 132340000
5 141140000 5 141220000
1 243420000 1 244700000
22 49420000 22 49500000
22 36780000 22 37220000
16 15980000 16 15860000
6 33980000 6 34140000
1 23700000 1 23620000
1 7980000 1 8260000
3 52140000 3 52060000
14 30820000 14 30740000
1 200540000 1 200460000
16 56340000 16 56180000
7 220000 7 300000
16 65940000 16 65860000
21 35020000 21 36180000
17 56820000 17 56140000
3 52220000 3 52300000
11 68420000 11 68620000
10 32100000 10 31100000
17 35820000 17 35980000
20 29700000 20 29780000
9 132740000 9 132580000
16 87940000 16 88020000
2 100980000 2 100580000
15 55420000 15 55620000
21 43900000 21 43660000
1 226660000 1 226500000
1 43860000 1 43780000
10 12340000 10 12780000
9 130620000 9 130740000
13 20340000 13 19940000
17 73940000 17 73820000
20 45940000 20 46580000
1 155140000 1 155060000
1 25620000 1 25740000
11 62220000 11 62140000
3 47420000 3 47500000
20 17820000 20 17620000
22 26260000 22 25420000
10 69940000 10 70060000
11 109580000 11 109780000
17 72780000 17 72620000
17 56740000 17 56820000
16 68380000 16 68500000
8 38700000 8 38460000
5 172140000 5 172260000
17 45700000 17 45620000
6 132300000 6 132540000
3 27500000 3 27580000
16 88060000 16 87980000
17 75580000 17 75340000
1 148180000 1 148420000
11 68420000 11 69180000
16 11420000 16 11540000
10 30740000 10 30820000
12 123620000 12 123700000
17 56820000 17 56740000
22 38260000 22 38740000
2 10540000 2 10700000
16 84820000 16 85100000
16 68140000 16 68020000
11 4060000 11 3820000
14 49620000 14 49420000
1 7100000 1 6740000
7 154340000 7 154820000
19 63300000 19 62900000
11 2140000 11 2060000
1 223700000 1 224180000
10 75340000 10 75260000
17 71580000 17 71780000
7 98460000 7 98780000
1 2100000 1 2300000
11 62100000 11 62220000
7 220000 7 140000
22 34220000 22 34300000
20 49380000 20 49020000
17 45740000 17 45580000
16 31380000 16 30980000
11 46820000 11 47140000
1 46660000 1 46780000
1 204780000 1 204700000
9 134020000 9 133700000
17 380000 17 540000
1 223740000 1 224220000
17 75900000 17 75980000
2 27820000 2 28460000
14 101860000 14 101660000
5 17020000 5 17180000
22 21780000 22 21580000
10 31100000 10 31380000
11 68700000 11 68780000
2 27300000 2 27220000
8 142140000 8 142020000
7 73100000 7 73220000
2 231420000 2 231540000
5 131860000 5 131780000
16 56340000 16 56420000
5 176420000 5 176620000
19 59660000 19 55900000
9 131420000 9 131020000
7 129500000 7 129780000
1 153660000 1 153580000
12 3100000 12 3220000
3 47300000 3 46940000
9 132780000 9 132860000
12 51860000 12 51940000
2 25220000 2 25060000
4 140340000 4 140420000
9 132860000 9 132780000
7 72420000 7 72500000
10 93780000 10 94180000
20 47860000 20 47660000
16 82540000 16 82620000
11 44620000 11 44900000
11 3180000 11 3020000
9 70860000 9 71020000
22 42820000 22 43340000
17 46140000 17 45940000
16 2340000 16 2420000
13 113260000 13 113140000
1 15940000 1 15780000
16 15780000 16 16140000
1 148700000 1 148540000
7 98660000 7 98500000
15 64700000 15 64780000
1 204140000 1 204420000
17 45700000 17 45580000
1 27500000 1 27300000
1 27500000 1 27220000
9 129020000 9 129180000
9 130420000 9 130620000
1 144300000 1 144180000
20 49380000 20 49060000
2 85180000 2 85380000
1 144180000 1 144260000
6 31740000 6 31820000
3 13500000 3 13180000
12 140000 12 220000
4 3260000 4 3380000
15 20540000 15 20460000
16 84540000 16 84420000
22 38420000 22 38700000
22 43220000 22 42820000
16 3540000 16 3620000
17 40700000 17 40820000
2 86020000 2 86100000
9 130540000 9 130620000
16 11540000 16 11700000
17 76740000 17 76620000
6 31020000 6 31100000
17 1220000 17 1380000
2 231460000 2 231540000
2 86100000 2 85900000
16 68020000 16 68220000
16 66620000 16 66780000
14 102060000 14 102140000
9 33100000 9 33220000
5 137940000 5 138580000
1 153580000 1 153500000
7 98780000 7 98500000
1 43980000 1 44100000
17 660000 17 820000
17 63060000 17 62980000
17 4380000 17 4500000
1 2100000 1 2220000
7 72420000 7 72540000
1 43300000 1 43140000
19 60380000 19 60540000
17 540000 17 260000
1 149700000 1 149940000
19 51380000 19 51260000
6 31780000 6 31980000
2 113180000 2 113100000
17 76660000 17 76740000
3 185620000 3 185740000
11 63620000 11 63540000
19 48820000 19 48740000
22 41660000 22 41740000
14 101620000 14 101860000
6 44180000 6 43740000
18 45380000 18 45540000
1 53420000 1 53140000
16 84180000 16 83900000
14 99220000 14 99380000
2 62020000 2 62460000
12 51060000 12 51540000
11 62060000 11 61940000
16 85100000 16 84620000
22 42900000 22 43340000
3 129980000 3 129900000
2 85140000 2 85380000
1 32020000 1 31940000
16 15780000 16 16020000
11 68780000 11 68620000
10 103980000 10 104100000
7 129500000 7 130020000
12 6060000 12 6140000
1 27460000 1 27300000
19 62900000 19 63300000
16 65300000 16 65220000
7 73100000 7 72900000
11 63660000 11 63540000
2 136180000 2 135460000
2 218100000 2 217260000
1 33260000 1 33180000
5 172140000 5 172220000
1 31980000 1 31900000
12 51580000 12 51660000
6 43940000 6 44060000
5 65380000 5 65060000
21 34140000 21 33940000
17 56820000 17 56420000
9 136460000 9 135900000
2 114380000 2 114220000
9 116100000 9 115940000
9 130340000 9 130420000
16 11660000 16 11460000
19 51420000 19 51340000
2 121180000 2 121540000
1 154540000 1 154460000
17 71300000 17 71420000
8 49940000 8 49340000
11 61940000 11 62100000
21 46140000 21 45860000
12 60000 12 140000
1 2140000 1 2220000
3 48980000 3 48740000
16 88100000 16 87980000
9 131780000 9 131700000
12 47900000 12 47820000
10 104580000 10 104660000
7 151060000 7 150980000
10 36020000 10 36740000
6 43860000 6 44180000
9 130740000 9 130580000
1 53420000 1 53060000
20 47660000 20 47940000
1 25660000 1 25740000
1 27060000 1 26780000
17 39180000 17 39020000
12 48100000 12 48020000
11 65820000 11 65940000
5 131780000 5 131860000
1 10940000 1 10500000
11 66580000 11 66420000
15 23460000 15 23740000
12 120340000 12 120260000
3 130300000 3 130180000
2 85740000 2 85820000
1 8020000 1 8300000
16 84060000 16 84180000
22 36780000 22 37300000
1 201460000 1 201340000
5 172060000 5 171860000
19 11860000 19 12460000
10 104140000 10 103980000
8 30020000 8 29380000
11 70300000 11 69980000
9 33220000 9 33060000
17 71980000 17 72060000
17 260000 17 60000
2 43220000 2 43060000
17 1340000 17 1220000
17 42620000 17 42740000
5 171180000 5 171020000
16 4100000 16 3980000
21 43500000 21 43660000
17 73940000 17 73860000
17 78060000 17 78140000
9 115380000 9 115260000
12 123460000 12 123620000
17 420000 17 260000
20 49020000 20 49380000
6 74260000 6 74380000
17 72700000 17 72620000
20 4700000 20 4940000
22 38420000 22 38740000
23 45580000 23 46140000
5 172260000 5 172140000
11 72220000 11 72140000
2 232860000 2 232500000
17 1900000 17 2060000
19 13700000 19 13580000
2 232500000 2 232860000
20 4940000 20 4740000
17 16980000 17 16900000
2 85220000 2 85380000
16 3780000 16 3940000
1 149940000 1 149700000
1 25860000 1 25780000
5 15060000 5 14780000
11 66500000 11 66420000
1 153700000 1 153620000
12 3100000 12 3260000
15 29220000 15 29580000
7 73220000 7 73100000
17 4500000 17 4420000
1 40380000 1 40580000
22 41820000 22 41380000
1 31820000 1 31660000
12 49260000 12 49180000
7 6100000 7 6380000
8 38540000 8 38460000
11 47540000 11 47460000
17 7700000 17 7780000
3 48660000 3 48500000
17 74340000 17 74460000
18 12740000 18 12860000
6 44020000 6 43860000
17 73740000 17 73620000
3 49860000 3 50020000
2 28460000 2 27860000
17 820000 17 580000
11 48060000 11 47940000
10 105620000 10 105460000
20 29900000 20 30060000
11 68820000 11 69180000
17 6980000 17 6900000
1 153300000 1 153220000
3 185700000 3 185620000
10 103980000 10 104140000
17 38940000 17 39180000
12 123780000 12 123620000
11 3180000 11 2980000
15 63260000 15 63340000
17 63940000 17 63780000
22 42180000 22 42420000
1 46780000 1 46660000
1 23540000 1 23620000
1 152060000 1 152180000
11 130220000 11 129820000
16 82900000 16 82980000
3 196740000 3 196540000
11 69180000 11 68820000
1 31700000 1 31820000
2 10180000 2 10500000
1 210540000 1 210300000
1 224220000 1 223740000
14 101860000 14 101620000
2 26060000 2 26220000
21 36180000 21 35020000
17 39020000 17 39100000
9 136460000 9 136340000
1 8580000 1 8820000
21 43100000 21 42900000
19 60420000 19 60540000
11 66540000 11 66340000
16 85180000 16 85660000
20 30060000 20 29900000
19 47340000 19 47420000
22 23740000 22 23660000
10 44660000 10 43500000
11 2860000 11 2660000
15 88180000 15 88100000
16 85620000 16 85380000
12 55180000 12 55260000
16 15860000 16 16140000
1 32020000 1 31820000
1 109980000 1 110100000
9 116100000 9 115900000
14 102420000 14 102100000
16 85660000 16 85500000
11 2860000 11 2580000
8 145940000 8 145820000
11 64860000 11 65020000
17 26900000 17 27100000
14 74700000 14 74820000
2 217260000 2 218100000
12 51780000 12 51940000
1 15940000 1 15820000
20 43940000 20 44020000
9 132780000 9 132900000
1 153900000 1 153500000
19 43460000 19 43540000
15 72460000 15 72700000
3 130260000 3 130180000
15 75780000 15 75860000
17 76420000 17 76340000
1 26620000 1 26340000
1 40580000 1 40380000
22 36820000 22 37020000
17 45420000 17 45300000
22 41380000 22 41580000
16 85700000 16 85860000
6 44020000 6 43740000
6 27900000 6 26140000
17 45620000 17 45700000
3 185140000 3 185460000
15 87900000 15 87780000
12 54500000 12 54620000
10 121180000 10 121100000
17 580000 17 420000
16 88140000 16 87900000
19 16180000 19 16340000
14 74820000 14 74700000
9 115940000 9 116100000
15 75700000 15 75100000
13 43900000 13 43540000
17 44340000 17 44460000
16 65620000 16 65700000
9 132860000 9 132740000
1 154380000 1 154500000
16 88140000 16 87940000
16 88140000 16 88020000
10 105460000 10 105620000
11 65580000 11 65660000
19 5180000 19 5300000
1 21580000 1 21420000
17 45940000 17 46060000
12 48220000 12 48100000
22 18300000 22 18140000
14 102500000 14 102300000
17 3700000 17 3820000
14 102100000 14 102420000
9 96900000 9 96580000
5 148980000 5 149180000
12 12940000 12 12860000
6 43740000 6 44060000
2 25220000 2 25100000
4 8420000 4 8300000
17 73780000 17 73940000
22 41820000 22 41660000
16 30540000 16 30340000
16 66380000 16 66300000
7 1100000 7 1180000
17 37740000 17 37940000
1 31820000 1 31700000
1 149620000 1 149540000
5 149020000 5 149180000
20 20000 20 100000
4 2180000 4 2380000
16 87940000 16 88060000
21 45780000 21 46180000
22 37020000 22 36820000
12 123620000 12 123460000
1 155140000 1 154940000
16 66140000 16 66260000
15 55620000 15 55420000
2 86100000 2 85940000
19 51260000 19 51380000
21 43220000 21 43380000
2 217100000 2 217180000
17 54140000 17 54460000
9 133700000 9 134020000
1 155020000 1 155140000
2 10180000 2 10460000
7 98500000 7 98740000
5 149500000 5 149580000
4 38420000 4 37740000
14 101540000 14 101860000
5 1020000 5 1260000
9 135340000 9 135260000
22 38740000 22 38260000
19 6220000 19 6020000
22 43340000 22 43020000
3 57980000 3 58060000
17 63780000 17 63900000
21 45860000 21 46020000
22 23660000 22 23740000
8 29260000 8 30020000
11 118100000 11 118020000
6 135860000 6 136580000
2 114220000 2 114380000
16 66500000 16 66420000
22 42740000 22 43020000
15 23740000 15 23460000
22 43380000 22 42820000
16 88020000 16 88140000
11 69300000 11 69700000
17 35940000 17 35860000
11 61940000 11 62020000
17 7700000 17 7860000
12 48660000 12 48540000
1 153500000 1 153580000
9 138180000 9 138260000
1 42300000 1 41780000
7 6260000 7 6180000
2 38300000 2 38100000
17 580000 17 60000
17 27700000 17 27620000
1 17420000 1 17340000
9 129020000 9 128740000
19 51900000 19 51740000
20 30700000 20 30580000
20 4500000 20 4180000
2 27860000 2 28460000
13 113500000 13 113900000
6 44060000 6 43860000
1 23620000 1 23700000
20 48140000 20 47980000
19 51340000 19 51420000
20 48300000 20 48380000
11 68820000 11 68980000
16 30300000 16 30540000
17 45300000 17 45420000
11 74700000 11 74780000
2 27260000 2 27180000
16 14300000 16 14500000
20 44020000 20 43940000
22 41540000 22 41380000
17 38220000 17 38100000
8 142140000 8 141980000
3 197260000 3 197340000
10 134260000 10 134140000
1 27300000 1 27460000
16 66060000 16 65860000
2 10140000 2 10460000
9 93220000 9 92780000
9 131580000 9 131500000
1 8300000 1 8140000
6 30100000 6 29940000
11 47940000 11 48020000
16 83900000 16 83980000
17 72340000 17 72580000
6 134500000 6 135300000
11 3020000 11 3180000
22 43340000 22 42900000
6 44020000 6 43940000
12 45060000 12 45340000
1 25780000 1 25860000
9 99980000 9 99900000
17 76380000 17 76180000
1 154740000 1 154820000
9 133100000 9 133180000
9 113580000 9 114180000
9 96580000 9 96900000
11 64860000 11 64700000
1 201060000 1 201140000
2 85380000 2 85180000
1 204700000 1 204780000
19 51140000 19 51420000
1 155060000 1 154940000
2 201500000 2 201740000
22 42820000 22 42740000
7 2060000 7 1620000
7 47820000 7 47580000
19 41020000 19 41180000
5 149780000 5 149580000
16 16020000 16 15780000
22 18180000 22 18300000
16 3260000 16 3340000
16 30820000 16 30700000
1 54140000 1 54220000
17 76020000 17 76420000
19 13380000 19 13500000
2 43300000 2 43060000
11 69260000 11 69700000
17 45620000 17 45740000
17 2100000 17 1940000
1 32620000 1 32500000
10 70100000 10 69980000
9 130580000 9 130500000
1 201340000 1 201420000
16 87900000 16 88140000
17 38100000 17 38180000
17 39180000 17 38940000
3 129780000 3 129700000
16 66260000 16 66140000
22 35580000 22 35300000
9 132620000 9 132740000
9 113980000 9 114180000
6 42940000 6 42780000
16 65980000 16 65860000
7 47820000 7 47620000
11 69700000 11 69260000
14 102300000 14 102420000
15 64940000 15 64700000
11 47460000 11 47540000
6 3100000 6 3180000
11 44900000 11 44620000
7 44460000 7 44300000
11 74780000 11 74700000
11 69260000 11 69380000
17 39100000 17 39180000
6 43740000 6 44020000
22 34300000 22 34220000
16 86900000 16 86660000
16 83980000 16 83900000
21 32700000 21 32820000
19 55900000 19 59660000
1 22340000 1 22780000
1 224180000 1 223700000
9 133460000 9 133540000
2 86100000 2 85980000
11 2740000 11 2860000
16 83980000 16 84180000
21 44260000 21 44100000
17 72420000 17 72580000
17 37940000 17 37740000
2 10500000 2 10180000
3 48500000 3 48660000
21 33940000 21 34140000
16 3740000 16 3820000
17 39180000 17 39100000
20 35660000 20 36460000
19 5980000 19 6100000
22 37860000 22 37540000
10 5500000 10 5700000
14 23980000 14 23860000
1 152780000 1 152580000
2 1660000 2 1740000
1 40260000 1 40180000
15 99020000 15 99220000
19 2700000 19 2860000
1 148140000 1 148300000
10 75660000 10 76500000
17 40820000 17 40740000
7 6180000 7 6260000
1 21460000 1 21580000
11 68980000 11 68660000
3 58100000 3 57980000
12 54620000 12 54500000
1 41180000 1 41100000
17 33260000 17 33100000
1 152020000 1 152180000
1 19140000 1 19300000
10 75340000 10 75460000
2 73260000 2 73060000
1 201740000 1 201900000
16 68020000 16 68300000
1 153580000 1 153660000
1 224180000 1 224100000
20 33780000 20 33940000
17 40820000 17 40700000
1 224020000 1 223740000
15 38220000 15 38140000
12 119420000 12 119260000
