1917 2
381 -1.246910 -2.898762 
382 -1.008981 -2.409616 
383 -1.669828 -3.935779 
384 -1.040934 -2.571800 
385 -1.035563 -2.570564 
386 -1.231475 -3.079866 
387 -1.080788 -2.615529 
388 -1.236076 -3.136850 
389 -1.110949 -2.720743 
390 -1.225812 -2.980606 
391 -1.473062 -3.851527 
392 -1.419790 -3.399330 
393 -1.402651 -3.506408 
394 -1.462256 -3.669736 
395 -1.505125 -3.918566 
396 -1.213529 -3.107112 
397 -1.247862 -3.210200 
398 -1.416377 -3.620932 
399 -1.304282 -3.367230 
400 -1.139928 -2.847420 
401 -0.948851 -2.496592 
402 -0.979530 -2.470847 
403 -1.105187 -2.751608 
404 -1.286439 -3.322014 
405 -1.212191 -2.897743 
406 -0.597444 -1.874138 
407 -0.739651 -1.974476 
408 -0.662941 -1.942244 
409 -0.975052 -2.387355 
410 -0.715525 -2.023807 
411 -0.769269 -2.107344 
412 -0.783080 -2.145976 
413 -0.524047 -1.795601 
414 -1.050765 -2.529707 
415 -0.987333 -2.498784 
416 -0.559369 -1.816835 
417 -0.446934 -1.710182 
418 -0.490464 -1.736607 
419 -0.550697 -1.796666 
420 -0.400652 -1.694777 
421 -0.823292 -2.176080 
422 -0.393013 -1.651512 
423 -0.806748 -2.210954 
424 -0.391090 -1.663041 
425 -0.615109 -1.902538 
426 -0.810029 -2.119555 
427 -0.446186 -1.741403 
428 -0.473786 -1.698016 
429 -0.830808 -2.149158 
430 -0.854558 -2.209574 
431 -0.339951 -1.597971 
432 -0.780032 -2.107117 
433 -0.245135 -1.549591 
434 -0.468160 -1.716657 
435 -0.402245 -1.671131 
436 -0.221466 -1.518133 
437 -0.121191 -1.483112 
438 0.064380 -1.312960 
439 -0.022245 -1.401343 
440 -0.120752 -1.465292 
441 -0.222646 -1.549652 
442 -0.108561 -1.420594 
443 -0.202877 -1.527387 
444 -0.584131 -1.830547 
445 -0.613074 -1.880653 
446 -0.341025 -1.583424 
447 -0.487405 -1.748495 
448 -0.883094 -2.226012 
449 -0.475919 -1.775651 
450 -0.466803 -1.707110 
451 -0.545161 -1.833719 
452 -0.355493 -1.656265 
453 -0.457423 -1.709413 
454 -0.348962 -1.637895 
455 -0.816321 -2.179296 
456 -0.360837 -1.611174 
457 -0.826506 -2.211377 
458 -0.852661 -2.213983 
459 -0.375658 -1.637516 
460 -0.524390 -1.826625 
461 -0.889886 -2.300076 
462 -0.870830 -2.228041 
463 -0.565477 -1.806987 
464 -0.847883 -2.166652 
465 -0.799049 -2.127710 
466 -0.992149 -2.424707 
467 -0.396506 -1.631978 
468 -0.795301 -2.164979 
469 -0.061381 -1.430601 
470 -0.214843 -1.511085 
471 -0.400840 -1.670327 
472 -0.844283 -2.175206 
473 -0.829893 -2.260732 
474 -0.376607 -1.636163 
475 -0.780151 -2.108057 
476 -0.190453 -1.528459 
477 -0.233329 -1.554344 
478 -0.387954 -1.676801 
479 -0.215395 -1.534248 
480 0.102104 -1.315363 
481 0.035690 -1.386132 
482 -0.046832 -1.432610 
483 -0.021130 -1.422043 
484 -0.036525 -1.396166 
485 0.000120 -1.393411 
486 0.108058 -1.326356 
487 0.237856 -1.253279 
488 -0.197624 -1.520711 
489 0.052356 -1.347738 
490 0.171192 -1.289851 
491 0.385852 -1.175595 
492 0.177317 -1.274415 
493 0.142576 -1.299492 
494 -0.126564 -1.439190 
495 0.112883 -1.312068 
496 0.081859 -1.321279 
497 -0.564046 -1.849965 
498 -0.037968 -1.404739 
499 -0.037734 -1.415119 
500 -0.140344 -1.502950 
501 -0.003408 -1.417881 
502 -0.252762 -1.564220 
503 -0.103899 -1.490727 
504 -0.107409 -1.465611 
505 -0.688385 -1.968077 
506 -0.106131 -1.466062 
507 0.122183 -1.331357 
508 -0.295721 -1.620385 
509 -0.429483 -1.672274 
510 -0.054173 -1.401809 
511 0.224072 -1.275766 
512 0.134836 -1.321915 
513 -0.258837 -1.590978 
514 0.007123 -1.388870 
515 -0.028686 -1.396146 
516 0.095944 -1.322513 
517 0.043207 -1.351271 
518 -0.605476 -1.866082 
519 0.182540 -1.284742 
520 0.237834 -1.259137 
521 0.073235 -1.352363 
522 0.274250 -1.244994 
523 0.169685 -1.278048 
524 -0.315454 -1.595282 
525 0.087442 -1.360680 
526 -0.051377 -1.451262 
527 -0.739169 -1.972306 
528 0.059476 -1.352898 
529 -0.465274 -1.733682 
530 0.005928 -1.379762 
531 -0.168939 -1.501795 
532 -0.390226 -1.663227 
533 -0.096170 -1.453581 
534 -0.172297 -1.485783 
535 -0.034047 -1.423119 
536 0.208295 -1.272488 
537 0.143245 -1.321082 
538 0.230838 -1.244869 
539 0.180784 -1.288745 
540 0.130960 -1.307326 
541 -0.195138 -1.512836 
542 -0.053475 -1.437804 
543 0.066471 -1.346280 
544 0.086280 -1.346641 
545 -0.003331 -1.388018 
546 0.181618 -1.288823 
547 0.262623 -1.263282 
548 0.120149 -1.331127 
549 0.307230 -1.214039 
550 0.199985 -1.276845 
551 0.242344 -1.266482 
552 0.329787 -1.218641 
553 0.013910 -1.384402 
554 0.167217 -1.283376 
555 0.101995 -1.335818 
556 0.146064 -1.275400 
557 0.064416 -1.345377 
558 -0.577624 -1.830793 
559 0.186681 -1.297427 
560 0.266690 -1.243535 
561 0.281061 -1.227127 
562 0.319203 -1.208603 
563 0.397328 -1.173753 
564 0.512663 -1.129683 
565 0.428103 -1.179331 
566 0.337737 -1.212572 
567 0.444035 -1.149295 
568 0.468588 -1.149909 
569 0.348073 -1.204890 
570 0.493229 -1.130955 
571 0.136991 -1.297988 
572 0.175788 -1.282990 
573 -0.522788 -1.753480 
574 0.054255 -1.320569 
575 0.612886 -1.066075 
576 0.420321 -1.156904 
577 0.486025 -1.135571 
578 0.600216 -1.080783 
579 0.481076 -1.141742 
580 0.694570 -1.038516 
581 0.625222 -1.053470 
582 0.602594 -1.067546 
583 0.640736 -1.051487 
584 0.782554 -1.012149 
585 0.433832 -1.157261 
586 0.372815 -1.188612 
587 0.446915 -1.171736 
588 0.311481 -1.226971 
589 -0.095522 -1.454640 
590 -0.007234 -1.412031 
591 0.077845 -1.341374 
592 0.232753 -1.237649 
593 -0.271538 -1.588145 
594 -0.687905 -1.933046 
595 -0.167953 -1.517149 
596 -0.769932 -2.033985 
597 -0.709681 -1.983926 
598 -0.039793 -1.398617 
599 0.148290 -1.336250 
600 -0.000812 -1.412316 
601 0.417579 -1.184767 
602 0.324137 -1.215129 
603 0.370986 -1.208295 
604 0.061144 -1.360331 
605 0.322621 -1.213372 
606 0.246705 -1.268231 
607 -0.019053 -1.399511 
608 0.263065 -1.247658 
609 0.333615 -1.223866 
610 0.407612 -1.168465 
611 0.560719 -1.105986 
612 0.067127 -1.342703 
613 0.362225 -1.207329 
614 0.247914 -1.256755 
615 0.523276 -1.130192 
616 0.551048 -1.118248 
617 0.337491 -1.214449 
618 0.525798 -1.123098 
619 0.471008 -1.165221 
620 0.487115 -1.159855 
621 0.632063 -1.089436 
622 0.493065 -1.138357 
623 0.461663 -1.139843 
624 0.573618 -1.102385 
625 0.506278 -1.131985 
626 0.367661 -1.188164 
627 0.325879 -1.221827 
628 0.341177 -1.221487 
629 0.355717 -1.210921 
630 0.315455 -1.217220 
631 -0.090211 -1.462174 
632 -0.067086 -1.444559 
633 -0.287145 -1.564469 
634 0.323091 -1.237519 
635 0.074845 -1.371823 
636 0.212323 -1.274276 
637 0.239646 -1.259258 
638 0.067689 -1.343072 
639 0.155797 -1.300314 
640 0.078229 -1.338002 
641 0.301300 -1.196477 
642 0.253381 -1.239444 
643 -0.038998 -1.405533 
644 0.140746 -1.318307 
645 0.280769 -1.243799 
646 0.169120 -1.297713 
647 0.112582 -1.332480 
648 0.047333 -1.374865 
649 -0.676183 -1.915858 
650 0.196556 -1.272991 
651 0.437588 -1.158398 
652 0.293106 -1.219204 
653 0.121659 -1.300521 
654 -0.583738 -1.854414 
655 0.187756 -1.284788 
656 0.129840 -1.323607 
657 0.287204 -1.237891 
658 0.281429 -1.232331 
659 0.143183 -1.306078 
660 0.098365 -1.328920 
661 -0.173708 -1.502221 
662 -0.005495 -1.397285 
663 0.237805 -1.275361 
664 0.444709 -1.159538 
665 0.274359 -1.233407 
666 0.288729 -1.236697 
667 -0.579518 -1.824414 
668 0.036412 -1.368489 
669 0.084643 -1.337612 
670 0.083095 -1.332213 
671 0.109022 -1.328149 
672 0.173303 -1.307834 
673 0.345317 -1.194468 
674 0.170173 -1.281089 
675 0.136836 -1.301272 
676 -0.005310 -1.397484 
677 0.137064 -1.307898 
678 -0.053184 -1.410160 
679 0.232853 -1.264861 
680 0.225818 -1.282378 
681 0.029950 -1.360031 
682 0.236332 -1.263562 
683 0.317286 -1.257809 
684 0.286770 -1.238128 
685 0.118466 -1.335472 
686 0.242925 -1.273452 
687 0.237728 -1.255772 
688 0.163501 -1.310420 
689 0.220224 -1.275646 
690 0.158134 -1.288131 
691 0.079338 -1.320331 
692 0.220361 -1.252518 
693 0.296926 -1.204916 
694 -0.043016 -1.402225 
695 0.043205 -1.352849 
696 0.286764 -1.219226 
697 0.115159 -1.318190 
698 -0.035223 -1.388866 
699 -0.570899 -1.833000 
700 0.331644 -1.199207 
701 0.146347 -1.273833 
702 0.090846 -1.325960 
703 0.271050 -1.218736 
704 0.028452 -1.351247 
705 -0.534483 -1.783714 
706 0.256652 -1.228426 
707 0.050094 -1.339653 
708 -0.341138 -1.601450 
709 0.140010 -1.299389 
710 -0.294703 -1.565158 
711 -0.042169 -1.409284 
712 0.143829 -1.296927 
713 0.167782 -1.285853 
714 0.155356 -1.289596 
715 0.000233 -1.371673 
716 0.181667 -1.256855 
717 0.144311 -1.281555 
718 0.283345 -1.205131 
719 -0.085772 -1.433736 
720 0.160192 -1.293985 
721 0.325346 -1.194456 
722 0.369695 -1.189719 
723 0.263654 -1.226678 
724 0.200013 -1.271186 
725 0.149535 -1.302810 
726 0.229410 -1.258490 
727 0.052917 -1.348784 
728 -0.623495 -1.947254 
729 0.075860 -1.342210 
730 -0.670290 -1.992846 
731 0.122325 -1.307076 
732 0.315248 -1.223202 
733 -0.603048 -1.870629 
734 0.062343 -1.348470 
735 0.159402 -1.285709 
736 0.186362 -1.273080 
737 0.183661 -1.272024 
738 0.256779 -1.253756 
739 0.183451 -1.284739 
740 0.317748 -1.225293 
741 0.213919 -1.253982 
742 0.003532 -1.361836 
743 -0.540160 -1.795913 
744 0.001922 -1.363820 
745 -0.651923 -1.906257 
746 -0.002221 -1.391965 
747 0.139669 -1.293224 
748 0.425151 -1.153691 
749 0.337815 -1.176891 
750 0.601220 -1.082465 
751 0.430920 -1.144225 
752 0.345959 -1.194700 
753 0.413458 -1.170359 
754 0.186065 -1.278054 
755 0.221966 -1.253149 
756 0.496236 -1.118951 
757 0.530648 -1.095542 
758 -0.039478 -1.375661 
759 0.367539 -1.161647 
760 0.442892 -1.124794 
761 0.446502 -1.132192 
762 0.543189 -1.104862 
763 0.067990 -1.308126 
764 0.495556 -1.114863 
765 0.273468 -1.228035 
766 0.309069 -1.218167 
767 0.266960 -1.216887 
768 0.283264 -1.208194 
769 0.113741 -1.300868 
770 0.411009 -1.156586 
771 0.421820 -1.161250 
772 0.247637 -1.247393 
773 0.261963 -1.254121 
774 -0.039258 -1.405694 
775 0.429114 -1.155189 
776 0.374616 -1.202093 
777 0.190204 -1.281136 
778 0.423675 -1.150711 
779 0.324840 -1.213351 
780 0.290555 -1.226444 
781 0.024065 -1.370978 
782 0.411552 -1.168449 
783 0.425647 -1.166023 
784 0.475679 -1.117559 
785 0.437888 -1.150647 
786 0.275016 -1.219129 
787 0.459376 -1.145081 
788 0.286343 -1.204573 
789 0.433881 -1.159343 
790 0.253567 -1.237900 
791 0.208250 -1.288219 
792 0.222721 -1.282233 
793 0.272554 -1.255679 
794 0.331377 -1.210348 
795 0.307545 -1.217271 
796 0.260571 -1.211270 
797 0.151549 -1.292952 
798 0.210540 -1.256012 
799 0.534069 -1.114056 
800 -0.033300 -1.402609 
801 0.088024 -1.334325 
802 0.298457 -1.225908 
803 0.442456 -1.147273 
804 0.468466 -1.147038 
805 0.360306 -1.196373 
806 0.324571 -1.206952 
807 0.251461 -1.231061 
808 0.448392 -1.141117 
809 0.352148 -1.199204 
810 0.333847 -1.193895 
811 0.018403 -1.347156 
812 0.377225 -1.169927 
813 0.291205 -1.211556 
814 0.515303 -1.111545 
815 0.354781 -1.210319 
816 -0.085483 -1.424480 
817 0.382375 -1.156552 
818 0.261591 -1.226607 
819 0.308610 -1.217378 
820 0.444764 -1.141679 
821 0.418091 -1.150638 
822 0.461748 -1.119329 
823 0.476724 -1.118784 
824 0.465674 -1.141075 
825 0.258729 -1.235293 
826 0.231622 -1.261190 
827 -0.465730 -1.703523 
828 0.171396 -1.277532 
829 0.404070 -1.171775 
830 0.414464 -1.167289 
831 0.457513 -1.133565 
832 0.506377 -1.124204 
833 0.554514 -1.114492 
834 0.661092 -1.070355 
835 0.474200 -1.152666 
836 0.504404 -1.134072 
837 0.695019 -1.062937 
838 0.440164 -1.169906 
839 0.483991 -1.135515 
840 0.408940 -1.185862 
841 0.656518 -1.061366 
842 0.679961 -1.053191 
843 0.374531 -1.173790 
844 0.467298 -1.126168 
845 0.423977 -1.155310 
846 0.386801 -1.180371 
847 0.400074 -1.171319 
848 0.066971 -1.345032 
849 0.344015 -1.190395 
850 0.328230 -1.193917 
851 0.167095 -1.270453 
852 0.116547 -1.292398 
853 0.209458 -1.267404 
854 0.282944 -1.220919 
855 0.472892 -1.126452 
856 0.436799 -1.154902 
857 0.276256 -1.230430 
858 0.402604 -1.184717 
859 0.413210 -1.166894 
860 0.542398 -1.106367 
861 0.351264 -1.201633 
862 0.580690 -1.089013 
863 0.273890 -1.239275 
864 0.265146 -1.245368 
865 0.219236 -1.289537 
866 0.008241 -1.407066 
867 0.412939 -1.182573 
868 -0.518681 -1.765780 
869 0.296010 -1.249552 
870 0.469631 -1.150117 
871 0.468394 -1.166730 
872 0.506007 -1.138121 
873 0.452270 -1.163257 
874 0.500554 -1.145416 
875 0.393777 -1.186185 
876 0.242020 -1.268428 
877 0.296006 -1.232963 
878 0.324778 -1.230871 
879 0.443220 -1.161152 
880 0.467738 -1.137986 
881 0.399341 -1.175553 
882 0.427339 -1.166324 
883 0.292461 -1.225880 
884 0.393335 -1.184270 
885 0.554987 -1.118222 
886 0.444032 -1.158220 
887 0.545202 -1.122066 
888 0.391698 -1.174980 
889 0.312503 -1.221693 
890 0.203859 -1.256542 
891 0.351610 -1.208603 
892 0.534519 -1.133839 
893 0.488500 -1.148462 
894 0.459493 -1.157943 
895 0.404381 -1.191897 
896 0.267814 -1.253091 
897 0.168821 -1.286686 
898 0.395733 -1.167344 
899 0.439094 -1.150734 
900 0.298213 -1.226113 
901 0.393956 -1.165331 
902 0.325537 -1.214061 
903 0.425184 -1.170594 
904 0.373351 -1.187348 
905 0.393166 -1.179119 
906 0.483341 -1.137014 
907 0.451464 -1.145142 
908 0.251429 -1.256547 
909 0.041620 -1.356630 
910 -0.500002 -1.773670 
911 0.135486 -1.309607 
912 0.365118 -1.173171 
913 0.362302 -1.166382 
914 0.521548 -1.098325 
915 0.555952 -1.078665 
916 0.351975 -1.171270 
917 0.494056 -1.113843 
918 0.364735 -1.174282 
919 0.442867 -1.150705 
920 0.450479 -1.126936 
921 0.519195 -1.106291 
922 0.570480 -1.078716 
923 0.789267 -0.988750 
924 0.485408 -1.116996 
925 0.630577 -1.091795 
926 0.584886 -1.093005 
927 0.649366 -1.063924 
928 0.711956 -1.032648 
929 0.687653 -1.044184 
930 0.646860 -1.059264 
931 0.794798 -1.033633 
932 0.709855 -1.050819 
933 0.539195 -1.117171 
934 0.720591 -1.045841 
935 0.259301 -1.247985 
936 0.431298 -1.180040 
937 0.605166 -1.076292 
938 0.499922 -1.138006 
939 0.499989 -1.113647 
940 0.345164 -1.197815 
941 0.407374 -1.189676 
942 0.420836 -1.175952 
943 0.440119 -1.159683 
944 0.265248 -1.239809 
945 0.290802 -1.229172 
946 0.329764 -1.218561 
947 0.616778 -1.103339 
948 0.545639 -1.104286 
949 0.596056 -1.084092 
950 0.594770 -1.077764 
951 0.475840 -1.144549 
952 0.669045 -1.054813 
953 0.466569 -1.153835 
954 0.362288 -1.184552 
955 0.428474 -1.164117 
956 0.565215 -1.104944 
957 0.499882 -1.118725 
958 0.649279 -1.062431 
959 0.496256 -1.132365 
960 0.367675 -1.177998 
961 0.506139 -1.125816 
962 0.646492 -1.080010 
963 0.443250 -1.160092 
964 0.482199 -1.139205 
965 0.656859 -1.071305 
966 0.313903 -1.219881 
967 0.632912 -1.095606 
968 0.637121 -1.079910 
969 0.510248 -1.139066 
970 0.464821 -1.156957 
971 0.345778 -1.183854 
972 0.467746 -1.139386 
973 0.440055 -1.155603 
974 0.211531 -1.282362 
975 0.592148 -1.084495 
976 0.596031 -1.096305 
977 0.477336 -1.146718 
978 0.422195 -1.163194 
979 0.618540 -1.097307 
980 0.495165 -1.150969 
981 0.446916 -1.170735 
982 0.452037 -1.149374 
983 0.249947 -1.251646 
984 0.219389 -1.261223 
985 0.291451 -1.242283 
986 0.533532 -1.110668 
987 0.618346 -1.076673 
988 0.629074 -1.075476 
989 0.420340 -1.173784 
990 0.429483 -1.145008 
991 0.493896 -1.114453 
992 0.592044 -1.069027 
993 0.560403 -1.096857 
994 0.425970 -1.160032 
995 0.602542 -1.081667 
996 0.469913 -1.155967 
997 0.450062 -1.168006 
998 0.454855 -1.171211 
999 0.546975 -1.118294 
1000 0.639543 -1.071582 
1001 0.607874 -1.086673 
1002 0.670515 -1.057447 
1003 0.541908 -1.114821 
1004 0.418178 -1.175180 
1005 0.518649 -1.107477 
1006 0.397171 -1.169007 
1007 0.594150 -1.083088 
1008 0.579026 -1.104961 
1009 0.156183 -1.293192 
1010 0.452218 -1.146024 
1011 0.432869 -1.171627 
1012 -0.422222 -1.666102 
1013 0.454286 -1.163580 
1014 0.665260 -1.084462 
1015 0.801563 -1.032200 
1016 0.687316 -1.065702 
1017 0.747343 -1.046337 
1018 0.796523 -1.030266 
1019 0.556319 -1.122218 
1020 0.359257 -1.200495 
1021 0.626949 -1.081433 
1022 0.113997 -1.318545 
1023 0.607161 -1.098040 
1024 0.609956 -1.091149 
1025 0.493913 -1.151257 
1026 -0.433988 -1.684895 
1027 0.537813 -1.129632 
1028 0.578618 -1.107949 
1029 0.450789 -1.150625 
1030 0.570481 -1.114938 
1031 0.725493 -1.045589 
1032 0.479956 -1.143583 
1033 0.356006 -1.191097 
1034 0.422476 -1.182170 
1035 0.380398 -1.194320 
1036 0.190811 -1.267277 
1037 0.531184 -1.114462 
1038 0.350557 -1.199911 
1039 0.503154 -1.138489 
1040 0.839104 -0.997508 
1041 0.719662 -1.038016 
1042 0.769947 -1.007024 
1043 0.686630 -1.043949 
1044 0.733885 -1.026693 
1045 0.503430 -1.123427 
1046 0.649372 -1.070266 
1047 0.650564 -1.085559 
1048 0.685640 -1.044630 
1049 0.450837 -1.133927 
1050 0.516812 -1.121269 
1051 0.843601 -0.974873 
1052 0.545708 -1.086173 
1053 0.672378 -1.028953 
1054 0.664782 -1.033823 
1055 0.544479 -1.095134 
1056 0.701841 -1.029288 
1057 2.979793 -0.809449 
1058 2.222457 -0.799490 
1059 2.461397 -0.841427 
1060 2.114913 -0.836750 
1061 1.978579 -0.831019 
1062 2.199485 -0.771870 
1063 2.686116 -0.826767 
1064 2.876781 -0.979354 
1065 2.754422 -0.939547 
1066 2.617251 -0.958845 
1067 2.800612 -0.999384 
1068 2.743530 -0.995727 
1069 2.246857 -0.856568 
1070 2.090444 -0.850312 
1071 2.298290 -0.881880 
1072 2.033767 -0.865519 
1073 2.081581 -0.837007 
1074 1.726326 -0.842416 
1075 1.634505 -0.849659 
1076 1.444111 -0.859562 
1077 1.054931 -0.926105 
1078 0.504601 -1.154494 
1079 0.764666 -1.043962 
1080 0.683913 -1.076352 
1081 -0.502663 -1.780442 
1082 0.520357 -1.149354 
1083 0.661375 -1.109734 
1084 -0.364516 -1.595188 
1085 0.425630 -1.204152 
1086 -0.566477 -1.833158 
1087 0.481153 -1.161853 
1088 0.577744 -1.120951 
1089 0.739126 -1.034766 
1090 0.479320 -1.174257 
1091 0.335781 -1.232503 
1092 -0.012596 -1.398983 
1093 0.136818 -1.338951 
1094 -0.458232 -1.708166 
1095 0.091383 -1.363749 
1096 -0.611494 -1.909863 
1097 0.049628 -1.357213 
1098 0.629888 -1.111908 
1099 0.540260 -1.126909 
1100 0.565331 -1.102324 
1101 0.795624 -1.018930 
1102 0.198170 -1.278565 
1103 0.511248 -1.149813 
1104 0.552988 -1.133469 
1105 -0.348702 -1.601599 
1106 0.661914 -1.088189 
1107 0.509272 -1.131789 
1108 0.126681 -1.321692 
1109 0.544232 -1.138935 
1110 0.148617 -1.318306 
1111 0.439973 -1.175701 
1112 0.417367 -1.189745 
1113 -0.296576 -1.589186 
1114 0.405162 -1.189891 
1115 0.400652 -1.195546 
1116 0.476961 -1.155889 
1117 0.730151 -1.042923 
1118 0.639811 -1.086779 
1119 0.672745 -1.078391 
1120 0.807671 -1.034340 
1121 0.764797 -1.048223 
1122 0.823887 -1.011740 
1123 0.426820 -1.174102 
1124 0.758347 -1.047624 
1125 0.507121 -1.142708 
1126 0.376142 -1.207260 
1127 0.493869 -1.163336 
1128 0.576587 -1.125759 
1129 0.490550 -1.156458 
1130 0.598055 -1.092474 
1131 0.260437 -1.255030 
1132 0.686696 -1.087649 
1133 0.696772 -1.076260 
1134 0.678764 -1.082282 
1135 0.514394 -1.144214 
1136 -0.329094 -1.600965 
1137 0.526160 -1.148274 
1138 0.520783 -1.149294 
1139 0.121460 -1.352761 
1140 0.394420 -1.192047 
1141 0.278368 -1.280650 
1142 0.350982 -1.199110 
1143 0.676026 -1.073854 
1144 0.500678 -1.136144 
1145 0.438687 -1.162655 
1146 0.377636 -1.202757 
1147 0.366186 -1.184182 
1148 0.523376 -1.100552 
1149 0.346994 -1.213985 
1150 0.434465 -1.174750 
1151 0.266908 -1.247569 
1152 -0.542297 -1.771312 
1153 0.551729 -1.121773 
1154 -0.482768 -1.774307 
1155 0.569652 -1.115933 
1156 -0.353354 -1.627221 
1157 0.485131 -1.158775 
1158 0.608610 -1.097313 
1159 0.639838 -1.082857 
1160 0.639504 -1.095405 
1161 0.527803 -1.146210 
1162 0.643773 -1.094333 
1163 0.173142 -1.276998 
1164 0.530411 -1.136335 
1165 0.563449 -1.112096 
1166 0.595392 -1.093744 
1167 1.078916 -0.946586 
1168 0.560887 -1.107675 
1169 0.721261 -1.057128 
1170 0.604657 -1.106890 
1171 0.549667 -1.127729 
1172 0.608561 -1.097555 
1173 0.711722 -1.070243 
1174 0.665481 -1.084660 
1175 0.678325 -1.079600 
1176 0.818237 -1.018105 
1177 -0.337914 -1.591424 
1178 0.317963 -1.219831 
1179 0.751519 -1.035291 
1180 0.537796 -1.122378 
1181 0.799805 -1.024551 
1182 0.754915 -1.039601 
1183 0.898283 -1.003393 
1184 0.763318 -1.035564 
1185 1.000646 -0.950118 
1186 0.914272 -0.989166 
1187 0.699635 -1.068141 
1188 0.815825 -1.010101 
1189 0.862189 -0.989032 
1190 0.943429 -0.983706 
1191 0.888593 -1.005823 
1192 0.722106 -1.058192 
1193 0.847650 -1.006612 
1194 0.686143 -1.066480 
1195 0.766471 -1.031614 
1196 -0.389908 -1.618053 
1197 0.447328 -1.194050 
1198 0.729037 -1.053465 
1199 0.849469 -1.003535 
1200 0.464731 -1.155476 
1201 0.595989 -1.074500 
1202 0.764619 -1.017687 
1203 0.837952 -1.008202 
1204 0.518639 -1.136274 
1205 0.655813 -1.086216 
1206 0.763591 -1.038867 
1207 0.852222 -1.010902 
1208 0.656256 -1.077482 
1209 0.942068 -0.968972 
1210 0.998203 -0.962306 
1211 0.843870 -1.045648 
1212 0.675754 -1.094275 
1213 0.799414 -1.027532 
1214 0.914354 -0.994228 
1215 1.146909 -0.918833 
1216 0.794421 -1.024935 
1217 0.651713 -1.082551 
1218 0.677679 -1.075765 
1219 0.165451 -1.277394 
1220 0.735390 -1.036521 
1221 0.699678 -1.056425 
1222 0.503362 -1.130192 
1223 0.733520 -1.050770 
1224 0.458167 -1.153482 
1225 0.615753 -1.105565 
1226 0.737319 -1.052665 
1227 0.706195 -1.034176 
1228 0.878866 -0.987931 
1229 1.016514 -0.946452 
1230 0.801328 -1.013232 
1231 0.967472 -0.968153 
1232 0.696625 -1.061556 
1233 0.861024 -1.016365 
1234 0.538071 -1.100666 
1235 0.802292 -1.018202 
1236 0.643237 -1.061946 
1237 0.794946 -1.007966 
1238 0.830750 -1.015967 
1239 0.764441 -1.028183 
1240 0.865189 -1.002592 
1241 0.772584 -1.031230 
1242 -0.411327 -1.673880 
1243 0.203288 -1.275723 
1244 0.701055 -1.061802 
1245 0.531690 -1.121439 
1246 0.521822 -1.121387 
1247 1.024983 -0.933976 
1248 0.729958 -1.038653 
1249 0.654179 -1.065614 
1250 0.714526 -1.037472 
1251 0.859589 -1.008936 
1252 0.594067 -1.082745 
1253 0.477570 -1.137044 
1254 0.468755 -1.138183 
1255 0.554944 -1.108743 
1256 0.528454 -1.120443 
1257 0.587888 -1.090253 
1258 0.643880 -1.078339 
1259 0.582831 -1.079947 
1260 0.523681 -1.092449 
1261 0.608239 -1.077992 
1262 0.598345 -1.096930 
1263 0.651165 -1.056974 
1264 0.534067 -1.101405 
1265 0.684006 -1.049999 
1266 0.717574 -1.039637 
1267 0.671255 -1.074411 
1268 0.748911 -1.022671 
1269 0.778227 -1.021076 
1270 0.698626 -1.052913 
1271 0.821185 -0.996647 
1272 0.632223 -1.061303 
1273 0.165953 -1.270699 
1274 0.528994 -1.102756 
1275 0.786735 -0.988285 
1276 0.595786 -1.047762 
1277 0.691371 -1.037224 
1278 0.899757 -0.966881 
1279 0.566723 -1.086014 
1280 -0.029257 -1.388252 
1281 0.693360 -1.041203 
1282 0.586469 -1.076991 
1283 0.633870 -1.067219 
1284 0.453831 -1.130455 
1285 0.467031 -1.129428 
1286 0.729138 -1.047219 
1287 0.898388 -0.998867 
1288 0.514471 -1.131071 
1289 0.494342 -1.140122 
1290 0.735094 -1.024607 
1291 0.469470 -1.137496 
1292 0.831726 -1.009612 
1293 0.517280 -1.130732 
1294 0.608531 -1.082312 
1295 0.378111 -1.178675 
1296 0.414544 -1.176280 
1297 0.460273 -1.153249 
1298 0.603357 -1.088378 
1299 0.499966 -1.121035 
1300 0.713626 -1.055158 
1301 0.483069 -1.149385 
1302 0.320298 -1.201701 
1303 0.501395 -1.137112 
1304 0.210622 -1.267318 
1305 0.737359 -1.032817 
1306 0.581915 -1.094961 
1307 0.524067 -1.132056 
1308 0.691269 -1.054134 
1309 0.636355 -1.080686 
1310 0.676869 -1.070614 
1311 0.524882 -1.116070 
1312 0.596073 -1.090041 
1313 0.730458 -1.036057 
1314 0.888086 -0.997175 
1315 0.710746 -1.035938 
1316 0.535816 -1.115459 
1317 0.604174 -1.092116 
1318 0.735976 -1.046086 
1319 0.381360 -1.198115 
1320 0.556373 -1.109974 
1321 0.676652 -1.065634 
1322 0.677522 -1.054955 
1323 0.861787 -0.989960 
1324 0.644126 -1.103907 
1325 0.830368 -1.016384 
1326 0.634980 -1.082161 
1327 0.583551 -1.101722 
1328 0.554164 -1.112947 
1329 0.713905 -1.056915 
1330 0.583476 -1.088324 
1331 0.571128 -1.112938 
1332 0.637456 -1.079579 
1333 0.649841 -1.078125 
1334 0.760332 -1.040641 
1335 0.619021 -1.100881 
1336 0.050777 -1.356117 
1337 -0.484529 -1.721834 
1338 0.281594 -1.221753 
1339 0.570209 -1.113480 
1340 0.636182 -1.094592 
1341 0.583706 -1.103190 
1342 0.541828 -1.116495 
1343 0.756938 -1.049986 
1344 -0.353101 -1.583826 
1345 0.686584 -1.057876 
1346 0.734759 -1.050249 
1347 0.803397 -1.012186 
1348 0.574353 -1.092267 
1349 0.831338 -1.009163 
1350 0.668760 -1.056272 
1351 0.860356 -1.000879 
1352 0.767429 -1.030576 
1353 0.859360 -1.014335 
1354 0.777946 -1.029621 
1355 0.668200 -1.065263 
1356 0.814246 -1.008627 
1357 0.929086 -0.984093 
1358 0.885620 -1.006300 
1359 -0.307378 -1.532424 
1360 0.814867 -1.026176 
1361 0.604265 -1.105911 
1362 0.748994 -1.054893 
1363 0.901468 -0.994740 
1364 0.725227 -1.057176 
1365 1.055871 -0.936663 
1366 0.806373 -1.016796 
1367 0.997967 -0.961260 
1368 0.699796 -1.069037 
1369 0.854479 -1.020615 
1370 0.706905 -1.050323 
1371 0.646190 -1.087273 
1372 0.944374 -0.988721 
1373 0.924356 -0.990745 
1374 0.727834 -1.070368 
1375 0.429899 -1.203743 
1376 0.746479 -1.055292 
1377 0.959568 -0.968116 
1378 1.047591 -0.948770 
1379 0.991502 -0.967168 
1380 0.564594 -1.127639 
1381 -0.334623 -1.575965 
1382 0.642294 -1.073655 
1383 0.624239 -1.069271 
1384 0.605772 -1.102707 
1385 0.799141 -1.026814 
1386 0.532459 -1.131406 
1387 0.568996 -1.111915 
1388 0.786067 -1.024755 
1389 0.731099 -1.032726 
1390 0.827761 -1.003915 
1391 0.777023 -1.022747 
1392 0.801360 -1.008811 
1393 0.750869 -1.044646 
1394 1.007820 -0.958765 
1395 0.922246 -0.973702 
1396 0.623150 -1.075613 
1397 0.733476 -1.030890 
1398 1.080192 -0.922901 
1399 0.902086 -0.967576 
1400 1.031205 -0.938320 
1401 0.812427 -1.019636 
1402 0.520316 -1.129217 
1403 0.838598 -1.016429 
1404 0.827531 -1.001571 
1405 0.514206 -1.133063 
1406 0.641804 -1.095035 
1407 -0.440530 -1.651126 
1408 0.582290 -1.100469 
1409 0.774660 -1.029174 
1410 0.514830 -1.128071 
1411 0.615355 -1.081310 
1412 0.655314 -1.058109 
1413 0.764018 -1.022606 
1414 0.851520 -0.994843 
1415 1.060711 -0.938874 
1416 0.851301 -1.021432 
1417 0.704380 -1.047899 
1418 0.689155 -1.052521 
1419 0.725095 -1.054441 
1420 0.727358 -1.050744 
1421 0.856484 -0.996313 
1422 0.592716 -1.105453 
1423 0.648784 -1.084526 
1424 0.510440 -1.128770 
1425 0.706476 -1.071436 
1426 0.706211 -1.059330 
1427 0.808360 -1.007627 
1428 -0.272284 -1.554513 
1429 0.699378 -1.078930 
1430 0.672171 -1.076301 
1431 0.606123 -1.101265 
1432 0.900969 -0.985541 
1433 0.927532 -0.986145 
1434 0.684241 -1.058533 
1435 0.633222 -1.085300 
1436 0.781374 -1.024195 
1437 0.510606 -1.146734 
1438 0.818156 -1.022042 
1439 0.729795 -1.033660 
1440 0.825800 -1.010357 
1441 0.579059 -1.091433 
1442 -0.300169 -1.530529 
1443 0.887747 -0.999535 
1444 0.687574 -1.057488 
1445 1.099123 -0.914382 
1446 0.773127 -1.028435 
1447 0.731177 -1.037328 
1448 0.763490 -1.033954 
1449 0.955698 -0.956904 
1450 0.881653 -0.997980 
1451 0.661400 -1.074054 
1452 0.917574 -0.994380 
1453 0.723053 -1.067800 
1454 0.689049 -1.057086 
1455 0.731679 -1.051243 
1456 0.645528 -1.081475 
1457 0.860434 -1.004584 
1458 0.791054 -1.015792 
1459 0.567534 -1.098203 
1460 0.710002 -1.049788 
1461 0.494175 -1.152766 
1462 -0.440276 -1.643701 
1463 0.486010 -1.151596 
1464 0.551346 -1.128447 
1465 0.611651 -1.088839 
1466 0.224026 -1.249110 
1467 0.614141 -1.092291 
1468 0.676406 -1.065827 
1469 0.668061 -1.065771 
1470 0.532457 -1.116735 
1471 0.549999 -1.104020 
1472 0.463564 -1.140477 
1473 0.447489 -1.153243 
1474 0.671178 -1.057810 
1475 0.767027 -1.014952 
1476 -0.364304 -1.574121 
1477 0.719521 -1.042690 
1478 0.634590 -1.080086 
1479 0.570855 -1.100048 
1480 0.806198 -1.000091 
1481 0.863428 -0.978592 
1482 0.913156 -0.978746 
1483 1.006888 -0.941519 
1484 0.677374 -1.057230 
1485 0.511786 -1.107390 
1486 0.744227 -1.036815 
1487 0.643354 -1.063719 
1488 0.500906 -1.122229 
1489 0.795277 -0.998477 
1490 0.811264 -1.016580 
1491 0.807064 -0.994776 
1492 0.584840 -1.095481 
1493 0.688432 -1.046511 
1494 0.745725 -1.030493 
1495 0.597082 -1.095736 
1496 0.718958 -1.026007 
1497 0.607082 -1.083417 
1498 0.787769 -1.005602 
1499 0.533242 -1.120152 
1500 0.660911 -1.068506 
1501 0.831932 -0.993896 
1502 0.584623 -1.091333 
1503 0.770321 -1.040714 
1504 0.754104 -1.038198 
1505 0.872581 -0.977170 
1506 0.763201 -1.011023 
1507 0.718185 -1.025540 
1508 0.981216 -0.955621 
1509 0.923828 -0.967565 
1510 0.871271 -0.967423 
1511 0.804514 -0.991507 
1512 0.763099 -1.017559 
1513 0.823465 -1.004118 
1514 0.700276 -1.043080 
1515 0.804610 -1.001081 
1516 0.861062 -0.992504 
1517 0.792971 -1.003015 
1518 0.585052 -1.089933 
1519 0.822593 -0.994121 
1520 0.590534 -1.089270 
1521 0.850150 -1.001344 
1522 0.679117 -1.057994 
1523 0.618193 -1.076050 
1524 0.658245 -1.070764 
1525 0.805100 -1.008516 
1526 0.625924 -1.075286 
1527 0.610138 -1.091203 
1528 0.695303 -1.054212 
1529 0.742270 -1.037590 
1530 0.806050 -1.008663 
1531 0.787828 -1.014872 
1532 0.934514 -0.979460 
1533 0.888266 -0.980891 
1534 0.625881 -1.075958 
1535 0.782070 -1.025781 
1536 0.862603 -1.004526 
1537 0.680136 -1.064337 
1538 0.661460 -1.075372 
1539 0.558669 -1.103065 
1540 0.823828 -1.018285 
1541 0.901448 -0.977774 
1542 0.829495 -1.001948 
1543 0.683226 -1.052962 
1544 0.906016 -0.988915 
1545 0.830954 -1.013799 
1546 0.674657 -1.075527 
1547 0.619365 -1.096280 
1548 0.565760 -1.114555 
1549 0.177086 -1.280030 
1550 0.795002 -1.025959 
1551 0.892509 -0.990656 
1552 0.721333 -1.066190 
1553 0.512885 -1.133814 
1554 0.819467 -1.015259 
1555 0.627364 -1.092319 
1556 0.699160 -1.064111 
1557 0.796168 -1.029351 
1558 0.642606 -1.092662 
1559 0.692323 -1.057056 
1560 0.621738 -1.082977 
1561 0.738843 -1.044615 
1562 0.469508 -1.148021 
1563 0.545753 -1.114483 
1564 0.445788 -1.152832 
1565 0.288080 -1.220170 
1566 0.774197 -1.016076 
1567 0.577886 -1.102318 
1568 0.609212 -1.100419 
1569 0.753024 -1.055902 
1570 0.562963 -1.118686 
1571 0.410535 -1.172684 
1572 0.542224 -1.124040 
1573 0.459621 -1.165001 
1574 0.712112 -1.054915 
1575 0.399359 -1.188312 
1576 -0.457406 -1.691218 
1577 0.676535 -1.073816 
1578 0.667902 -1.066605 
1579 0.537989 -1.126210 
1580 0.502522 -1.152493 
1581 0.755585 -1.046488 
1582 0.563957 -1.121999 
1583 0.788469 -1.045145 
1584 0.703895 -1.080228 
1585 0.681301 -1.070530 
1586 0.681852 -1.060556 
1587 0.709645 -1.056225 
1588 0.585259 -1.103552 
1589 0.837585 -1.019501 
1590 0.772296 -1.034632 
1591 0.662791 -1.072240 
1592 0.522086 -1.135063 
1593 0.668861 -1.069651 
1594 0.849098 -1.008765 
1595 0.796016 -1.013208 
1596 -0.397914 -1.597382 
1597 0.767609 -1.016306 
1598 0.481467 -1.114969 
1599 0.685734 -1.044896 
1600 0.653179 -1.046503 
1601 0.574734 -1.086068 
1602 0.566783 -1.079515 
1603 0.544341 -1.107194 
1604 0.539604 -1.108347 
1605 0.617295 -1.079931 
1606 0.809883 -0.998837 
1607 0.505939 -1.123396 
1608 0.637513 -1.052140 
1609 0.586742 -1.090738 
1610 0.658158 -1.059484 
1611 0.787607 -1.003731 
1612 0.825985 -1.004181 
1613 0.764861 -1.025796 
1614 0.873436 -0.980945 
1615 0.937406 -0.955918 
1616 0.725246 -1.040368 
1617 0.584712 -1.105606 
1618 0.593955 -1.094198 
1619 0.881862 -0.972897 
1620 0.571497 -1.106848 
1621 0.806289 -1.001052 
1622 0.788657 -1.006071 
1623 0.651615 -1.048378 
1624 0.562508 -1.102328 
1625 0.583491 -1.096308 
1626 0.584645 -1.104317 
1627 0.614547 -1.093889 
1628 0.324944 -1.206961 
1629 0.626026 -1.087908 
1630 1.038794 -0.948089 
1631 0.723073 -1.027901 
1632 0.677476 -1.053760 
1633 0.624154 -1.080354 
1634 0.609117 -1.076555 
1635 0.913367 -0.958155 
1636 0.955483 -0.964828 
1637 0.886479 -0.973823 
1638 0.859107 -0.986546 
1639 0.827382 -1.008093 
1640 1.019668 -0.936752 
1641 0.788433 -1.012551 
1642 0.825098 -1.004875 
1643 0.828893 -0.986872 
1644 0.642847 -1.066810 
1645 0.818187 -1.012858 
1646 0.726555 -1.037458 
1647 0.715071 -1.033844 
1648 0.732667 -1.047279 
1649 0.680908 -1.080660 
1650 0.464490 -1.132950 
1651 0.773987 -1.005693 
1652 0.819073 -1.009236 
1653 0.784736 -1.014532 
1654 1.001373 -0.934733 
1655 1.030221 -0.941064 
1656 0.806574 -1.008456 
1657 0.788564 -1.006117 
1658 0.852201 -0.975094 
1659 0.754484 -1.015859 
1660 0.651520 -1.071327 
1661 0.808512 -1.014583 
1662 0.376926 -1.192902 
1663 0.511818 -1.124959 
1664 0.200694 -1.283396 
1665 0.744333 -1.026842 
1666 0.642587 -1.079051 
1667 0.656578 -1.052382 
1668 0.559507 -1.109565 
1669 0.911852 -0.977911 
1670 0.825035 -1.010878 
1671 -0.296565 -1.535079 
1672 -0.369804 -1.663586 
1673 0.840380 -1.013682 
1674 0.497036 -1.127956 
1675 0.743229 -1.050739 
1676 -0.352509 -1.558225 
1677 0.676596 -1.061960 
1678 0.694426 -1.054076 
1679 0.790259 -1.005585 
1680 0.757902 -1.019947 
1681 0.843337 -0.981335 
1682 0.693751 -1.052228 
1683 0.823896 -0.984585 
1684 0.851742 -1.000975 
1685 0.890808 -0.969815 
1686 0.586344 -1.084988 
1687 0.791988 -1.010802 
1688 0.667693 -1.074140 
1689 0.755729 -1.019332 
1690 0.969728 -0.958667 
1691 1.222948 -0.873331 
1692 1.073626 -0.911739 
1693 0.846522 -0.982444 
1694 0.882441 -0.986096 
1695 1.000405 -0.961087 
1696 0.761213 -1.019844 
1697 0.771457 -1.039194 
1698 0.988041 -0.972771 
1699 0.942486 -0.961826 
1700 0.836087 -1.011476 
1701 0.805162 -1.025760 
1702 1.063592 -0.932831 
1703 1.027354 -0.947958 
1704 0.929667 -0.968992 
1705 0.950854 -0.963520 
1706 0.943644 -0.966274 
1707 0.835749 -1.000318 
1708 0.643706 -1.073938 
1709 0.720413 -1.050453 
1710 0.472695 -1.140335 
1711 0.759246 -1.035709 
1712 0.955041 -0.967827 
1713 0.674191 -1.058296 
1714 0.789171 -1.020503 
1715 0.744863 -1.050255 
1716 1.006865 -0.953696 
1717 0.963067 -0.959355 
1718 0.719417 -1.038106 
1719 0.712146 -1.063253 
1720 0.878159 -0.993506 
1721 0.912546 -0.983937 
1722 0.997471 -0.949787 
1723 0.782908 -1.009296 
1724 -0.288129 -1.503639 
1725 0.365725 -1.192384 
1726 0.880656 -0.985509 
1727 0.892152 -0.999946 
1728 0.680833 -1.058999 
1729 0.732596 -1.043132 
1730 0.519152 -1.117056 
1731 0.745709 -1.037527 
1732 0.734566 -1.042657 
1733 0.586166 -1.089047 
1734 0.726588 -1.055799 
1735 0.780006 -1.026563 
1736 1.049752 -0.958613 
1739 0.909964 -0.982276 
1740 0.811130 -1.029792 
1741 0.829513 -1.016742 
1742 0.706761 -1.061850 
1743 0.732107 -1.055966 
1744 0.622446 -1.075200 
1745 0.752653 -1.029112 
1746 0.665349 -1.065400 
1747 0.506402 -1.137447 
1748 0.737452 -1.043842 
1749 0.746742 -1.034652 
1750 0.726711 -1.044295 
1751 0.846613 -0.991948 
1752 0.834786 -1.001304 
1753 0.843637 -1.012005 
1754 0.544070 -1.121128 
1755 0.677555 -1.065532 
1756 0.570192 -1.106608 
1757 -0.361667 -1.606993 
1758 0.854576 -1.005536 
1759 0.978429 -0.968760 
1760 0.722507 -1.032688 
1761 0.788901 -1.005759 
1762 0.575260 -1.081898 
1763 0.767857 -1.018134 
1764 1.064065 -0.933851 
1765 0.781364 -1.037524 
1766 0.901075 -0.978639 
1767 0.961145 -0.961654 
1768 0.784201 -1.034813 
1769 0.692109 -1.046225 
1770 0.845403 -1.005700 
1771 0.677696 -1.059438 
1772 0.733352 -1.063857 
1773 0.971695 -0.975275 
1774 0.961373 -0.976738 
1775 0.730734 -1.040495 
1776 0.733069 -1.025513 
1777 0.607229 -1.090808 
1778 0.656049 -1.061843 
1779 0.857681 -0.990482 
1780 0.871052 -0.996180 
1781 0.891241 -0.978459 
1782 0.637006 -1.072365 
1783 -0.297590 -1.576486 
1784 0.512716 -1.117759 
1785 0.262836 -1.234210 
1786 0.628933 -1.067816 
1787 0.789534 -1.034625 
1788 0.666464 -1.073406 
1789 0.841095 -1.007663 
1790 0.770706 -1.031831 
1791 0.852333 -1.011758 
1792 0.953863 -0.977621 
1793 0.901478 -0.991033 
1794 0.899519 -0.992787 
1795 0.997132 -0.958677 
1796 0.774808 -1.032800 
1797 0.760916 -1.012672 
1798 0.624447 -1.074414 
1799 0.972156 -0.938763 
1800 1.027997 -0.918132 
1801 0.791032 -1.007972 
1802 0.681879 -1.045290 
1803 0.578537 -1.099404 
1804 0.543517 -1.089765 
1805 0.766198 -1.020080 
1806 0.717903 -1.028777 
1807 0.749992 -1.031907 
1808 0.956600 -0.962795 
1809 0.716451 -1.040465 
1810 0.808921 -1.012117 
1811 0.728194 -1.026243 
1812 0.666034 -1.061315 
1813 0.987628 -0.957985 
1814 0.864973 -0.989715 
1815 0.724731 -1.038251 
1816 1.002761 -0.956220 
1817 1.005223 -0.959737 
1818 0.357008 -1.181267 
1819 0.760942 -1.039507 
1820 0.584398 -1.106857 
1821 0.455175 -1.169852 
1822 0.594471 -1.119619 
1823 0.586581 -1.114299 
1824 0.589187 -1.101504 
1825 0.697763 -1.059906 
1826 0.871527 -0.999868 
1827 0.869466 -0.992257 
1828 0.681687 -1.073914 
1829 0.661895 -1.079412 
1830 0.697892 -1.053973 
1831 1.089868 -0.920383 
1832 1.007167 -0.946394 
1833 1.001872 -0.966505 
1834 0.862660 -0.989614 
1835 0.857433 -0.974432 
1836 0.996906 -0.939136 
1837 1.133650 -0.897237 
1838 1.102662 -0.897373 
1839 0.977444 -0.932711 
1840 0.844503 -0.971025 
1841 0.834274 -0.981975 
1842 0.978745 -0.934701 
1843 0.763679 -1.021451 
1844 0.810241 -1.012637 
1845 0.852551 -0.983908 
1846 0.844404 -0.975458 
1847 0.901656 -0.967233 
1848 1.048283 -0.920734 
1849 0.856934 -0.983424 
1850 0.947701 -0.959447 
1851 0.830674 -0.989168 
1852 1.001925 -0.944390 
1853 0.961882 -0.955253 
1854 0.938266 -0.960243 
1855 1.045677 -0.910465 
1856 1.076279 -0.917410 
1857 0.827561 -0.988314 
1858 0.855250 -0.986882 
1859 0.663697 -1.073897 
1860 0.707861 -1.049520 
1861 0.870268 -0.980475 
1862 0.704998 -1.051863 
1863 0.793208 -1.018948 
1864 -0.369892 -1.602162 
1865 0.650191 -1.072143 
1866 0.759177 -1.049737 
1867 0.731169 -1.060628 
1868 0.886924 -0.993554 
1869 0.702127 -1.059179 
1870 0.808358 -1.015954 
1871 0.618422 -1.085508 
1872 0.750390 -1.040242 
1873 0.658278 -1.085398 
1874 0.740354 -1.043041 
1875 0.646639 -1.086437 
1876 0.513057 -1.131443 
1877 0.906328 -0.987527 
1878 0.711786 -1.044398 
1879 0.616714 -1.088755 
1880 0.829819 -0.997481 
1881 0.970847 -0.969940 
1882 1.021986 -0.942653 
1883 0.858563 -1.001437 
1884 0.737795 -1.035994 
1885 0.612001 -1.093015 
1886 0.746896 -1.042339 
1887 0.628042 -1.084188 
1888 0.712961 -1.051519 
1889 0.987800 -0.943603 
1890 0.869317 -0.970400 
1891 0.932695 -0.958595 
1892 0.788259 -1.018973 
1893 0.787530 -1.012677 
1894 0.755852 -1.024002 
1895 0.912752 -0.975207 
1896 0.855208 -1.004754 
1897 0.931814 -0.959853 
1898 0.715065 -1.056714 
1899 0.742474 -1.034615 
1900 0.916688 -0.978173 
1901 0.750055 -1.031502 
1902 0.680614 -1.056280 
1903 0.956912 -0.980103 
1904 0.295578 -1.207733 
1905 0.843732 -0.996717 
1906 1.039063 -0.938522 
1907 0.833082 -1.002389 
1908 0.760442 -1.035791 
1909 0.972581 -0.971117 
1910 0.819561 -1.021760 
1911 0.587569 -1.091434 
1912 0.612061 -1.070928 
1913 1.005063 -0.941131 
1914 0.813515 -0.994602 
1915 0.761311 -1.023975 
1916 0.909932 -0.971795 
1917 0.844473 -0.996223 
1918 0.867055 -0.980345 
1919 0.890626 -0.991248 
1920 0.910685 -0.970793 
1921 1.198552 -0.893868 
1922 1.129160 -0.900021 
1923 1.156687 -0.890145 
1924 1.097622 -0.926533 
1925 0.949349 -0.970442 
1926 1.120297 -0.917454 
1927 0.993658 -0.934447 
1928 0.976811 -0.954335 
1929 0.939126 -0.987952 
1930 1.023825 -0.952787 
1931 0.884786 -0.989757 
1932 0.859205 -0.982560 
1933 0.751583 -1.032120 
1934 1.093410 -0.933807 
1935 1.063090 -0.919969 
1936 0.997775 -0.962332 
1937 0.893549 -0.999697 
1938 0.909373 -0.993136 
1939 0.859190 -0.999624 
1940 0.754039 -1.050326 
1941 0.921449 -0.976969 
1942 1.083539 -0.914547 
1943 0.841123 -1.031367 
1944 1.061438 -0.935306 
1945 0.956260 -0.973797 
1946 0.822019 -1.012504 
1947 0.987408 -0.951271 
1948 1.108797 -0.914734 
1949 0.909061 -0.983252 
1950 0.849777 -1.014941 
1951 0.825083 -1.024285 
1952 0.672837 -1.075366 
1953 0.817960 -1.037528 
1954 0.901843 -0.995436 
1955 0.957724 -0.962538 
1956 0.533938 -1.123840 
1957 0.852634 -1.003273 
1958 0.770297 -1.018425 
1959 0.922219 -0.976488 
1960 0.811815 -1.014390 
1961 0.778254 -1.022893 
1962 0.901386 -0.991349 
1963 1.000758 -0.956746 
1964 0.848640 -1.011660 
1965 0.825660 -1.007741 
1966 1.062390 -0.925244 
1967 1.008080 -0.937449 
1968 0.924436 -0.973898 
1969 0.818847 -1.000194 
1970 1.056800 -0.943522 
1971 0.594830 -1.100547 
1972 0.939269 -0.973195 
1973 0.842662 -1.000051 
1974 0.828067 -1.011925 
1975 0.950597 -0.976103 
1976 1.002202 -0.960487 
1977 1.019524 -0.948290 
1978 0.941956 -0.967600 
1979 0.532182 -1.106607 
1980 0.671858 -1.054495 
1981 0.894090 -0.996414 
1982 -0.218402 -1.504166 
1983 0.651652 -1.074577 
1984 0.951384 -0.956426 
1985 1.001222 -0.950144 
1986 0.576229 -1.094929 
1987 0.731246 -1.038390 
1988 0.880148 -0.992848 
1989 0.712157 -1.060164 
1990 0.405195 -1.158740 
1991 0.812630 -1.003802 
1992 0.667519 -1.062961 
1993 0.888087 -0.993301 
1994 0.326828 -1.197979 
1995 0.877773 -0.970897 
1996 0.909749 -0.959411 
1997 0.884385 -0.970580 
1998 0.820336 -1.010662 
1999 0.973324 -0.932627 
2000 0.916571 -0.982403 
2001 0.939049 -0.962398 
2002 1.087186 -0.898450 
2003 0.761355 -1.011673 
2004 0.861059 -0.965003 
2005 0.949383 -0.954212 
2006 1.193727 -0.884355 
2007 0.895146 -0.974749 
2008 0.923916 -0.973011 
2009 0.889417 -0.979030 
2010 0.920149 -0.984153 
2011 0.767866 -1.009528 
2012 1.042748 -0.927899 
2013 0.770533 -1.024702 
2014 0.823621 -0.993409 
2015 0.709438 -1.036892 
2016 0.888913 -0.992794 
2017 0.812724 -1.015437 
2018 -0.211929 -1.476808 
2019 0.924259 -0.964317 
2020 1.063991 -0.934926 
2021 0.949929 -0.958747 
2022 0.925137 -0.967462 
2023 0.817760 -1.005834 
2024 1.011383 -0.939666 
2025 0.807632 -1.001089 
2026 0.794016 -0.998756 
2027 0.666232 -1.053207 
2028 0.874541 -0.978671 
2029 0.673884 -1.052042 
2030 0.959488 -0.955449 
2031 0.989816 -0.943988 
2032 0.768838 -1.019321 
2033 0.827550 -0.995367 
2034 0.789206 -1.014555 
2035 0.964253 -0.954200 
2036 0.725083 -1.030967 
2037 0.698934 -1.029401 
2038 0.821805 -1.003027 
2039 0.924083 -0.957903 
2040 0.836260 -1.011603 
2041 1.047488 -0.942897 
2042 0.855698 -0.991373 
2043 0.824858 -1.015155 
2044 0.697808 -1.045782 
2045 0.867864 -0.990518 
2046 0.701579 -1.037964 
2047 0.892455 -0.986634 
2048 0.707703 -1.041848 
2049 0.731958 -1.035148 
2050 0.741979 -1.057342 
2051 0.770537 -1.037205 
2052 0.891158 -0.995763 
2053 0.680903 -1.065183 
2054 0.938644 -0.963132 
2055 0.745888 -1.021698 
2056 0.627920 -1.067848 
2057 0.707566 -1.042416 
2058 0.893413 -0.997883 
2059 0.809598 -1.011656 
2060 0.739264 -1.042406 
2061 0.802799 -1.020333 
2062 0.738292 -1.027683 
2063 0.760676 -1.020715 
2064 0.846275 -0.987126 
2065 0.764647 -1.015765 
2066 0.847024 -1.000509 
2067 0.787615 -1.019650 
2068 0.827881 -1.011222 
2069 0.932802 -0.966153 
2070 0.910869 -0.983554 
2071 0.841950 -0.978279 
2072 0.880093 -0.972395 
2073 0.901359 -0.953031 
2074 1.055986 -0.916694 
2075 0.927873 -0.967074 
2076 1.008458 -0.929577 
2077 0.916087 -0.945562 
2078 0.762157 -0.995192 
2079 0.811953 -0.988072 
2080 0.913315 -0.937422 
2081 0.955032 -0.922071 
2082 0.753250 -0.992036 
2083 0.894445 -0.946631 
2084 0.869993 -0.959029 
2085 0.870737 -0.974842 
2086 0.849086 -0.974900 
2087 0.901440 -0.948400 
2088 0.933574 -0.958082 
2089 1.062759 -0.920895 
2090 0.852536 -0.974307 
2091 1.051938 -0.902530 
2092 1.036831 -0.907695 
2093 1.132292 -0.889275 
2094 0.885002 -0.961931 
2095 0.765976 -0.992952 
2096 1.017603 -0.916457 
2097 0.932463 -0.950044 
2098 0.883914 -0.995278 
2099 0.938564 -0.951302 
2100 0.931631 -0.975700 
2101 1.092486 -0.905423 
2102 0.967362 -0.953412 
2103 0.742720 -1.020200 
2104 1.079352 -0.927506 
2105 1.088818 -0.922325 
2106 1.163228 -0.905773 
2107 1.182094 -0.906387 
2108 0.948880 -0.956794 
2109 0.987181 -0.945103 
2110 1.155211 -0.902407 
2111 1.064866 -0.910266 
2112 1.019467 -0.928919 
2113 0.998412 -0.950102 
2114 0.845629 -0.987489 
2115 1.096347 -0.917837 
2116 1.159118 -0.893731 
2117 1.237832 -0.866837 
2118 1.034368 -0.943654 
2119 1.119220 -0.915355 
2120 0.985094 -0.972822 
2121 0.850055 -0.985759 
2122 0.929764 -0.964486 
2123 1.078216 -0.906090 
2124 0.979232 -0.956930 
2125 0.906516 -0.971918 
2126 0.904376 -0.974295 
2127 0.853800 -0.987854 
2128 0.867967 -0.986283 
2129 1.119211 -0.884918 
2130 1.045366 -0.918373 
2131 0.897690 -0.972858 
2132 0.675952 -1.040164 
2133 0.925187 -0.972598 
2134 0.777867 -1.003965 
2135 0.799623 -1.010013 
2136 0.851623 -1.005855 
2137 1.110604 -0.907382 
2138 0.980482 -0.937462 
2139 0.986939 -0.938476 
2140 0.818374 -1.000190 
2141 0.962975 -0.953159 
2142 0.766445 -1.030440 
2143 1.085096 -0.936130 
2144 0.964324 -0.952847 
2145 0.890078 -0.977350 
2146 0.990777 -0.949379 
2147 1.002558 -0.942450 
2148 0.950007 -0.946304 
2149 1.028012 -0.937807 
2150 1.105061 -0.917624 
2151 1.217143 -0.873928 
2152 1.013873 -0.937938 
2153 -0.200595 -1.476874 
2154 1.095993 -0.903486 
2155 1.088503 -0.927860 
2156 0.980592 -0.948408 
2157 1.013622 -0.941165 
2158 0.841619 -0.999470 
2159 0.982589 -0.970406 
2160 0.991218 -0.941648 
2161 1.010274 -0.958790 
2162 1.027919 -0.931939 
2163 0.995562 -0.950217 
2164 1.018634 -0.947712 
2165 0.908538 -0.979363 
2166 1.002649 -0.961929 
2167 1.008634 -0.953495 
2168 0.842729 -1.020414 
2169 0.995171 -0.934588 
2170 0.808137 -1.007524 
2171 0.698830 -1.063408 
2172 0.767350 -1.036618 
2173 0.724417 -1.033114 
2174 0.949649 -0.958712 
2175 0.854809 -1.009320 
2176 1.018984 -0.932674 
2177 1.011068 -0.959281 
2178 0.977057 -0.960264 
2179 1.055035 -0.924104 
2180 0.932572 -0.964467 
2181 1.153592 -0.912373 
2182 0.881489 -0.981391 
2183 1.019848 -0.933003 
2184 0.822902 -1.012756 
2185 0.820177 -1.008393 
2186 0.798902 -1.005838 
2187 0.983736 -0.948190 
2188 0.794373 -1.008113 
2189 0.975259 -0.937089 
2190 0.722940 -1.025482 
2191 0.848503 -0.998635 
2192 0.984145 -0.933811 
2193 0.956994 -0.945514 
2194 1.016494 -0.953254 
2195 1.161435 -0.894767 
2196 1.244831 -0.884968 
2197 1.085436 -0.929635 
2198 1.010570 -0.951628 
2199 0.807473 -1.015190 
2200 1.121347 -0.933544 
2201 0.993527 -0.967255 
2202 1.158386 -0.920667 
2203 1.010907 -0.943245 
2204 0.883585 -0.980650 
2205 1.377061 -0.859592 
2206 0.712879 -1.052204 
2207 1.197114 -0.906276 
2208 1.154363 -0.914669 
2209 1.199914 -0.888361 
2210 0.867162 -0.992309 
2211 0.923169 -0.996293 
2212 1.024632 -0.949659 
2213 0.768212 -1.031912 
2214 1.333951 -0.876693 
2215 1.163843 -0.912642 
2216 0.961830 -0.973187 
2217 0.606942 -1.104393 
2218 0.910429 -0.991991 
2219 0.945078 -0.980743 
2220 -0.311917 -1.533891 
2221 1.068872 -0.918466 
2222 0.785017 -1.025584 
2223 1.147557 -0.908891 
2224 0.933522 -0.969427 
2225 0.877117 -0.999672 
2226 1.023416 -0.938910 
2227 0.997855 -0.965714 
2228 0.717978 -1.056118 
2229 0.397922 -1.184731 
2230 0.984655 -0.970301 
2231 1.053655 -0.924704 
2232 1.126759 -0.914093 
2233 0.929352 -0.971994 
2234 1.052096 -0.951805 
2235 0.917949 -0.972954 
2236 0.871580 -0.985957 
2237 0.832518 -0.996750 
2238 1.031377 -0.929815 
2239 0.743991 -1.035847 
2240 0.716026 -1.062352 
2241 0.522177 -1.122992 
2242 0.793058 -1.010305 
2243 0.810542 -1.008803 
2244 1.109120 -0.922026 
2245 0.868154 -0.983548 
2246 0.777639 -1.019849 
2247 0.721385 -1.051277 
2248 1.117388 -0.957088 
2251 0.843106 -0.999654 
2252 -0.287082 -1.553616 
2253 0.649284 -1.069625 
2254 0.749708 -1.018593 
2255 0.568013 -1.104135 
2256 0.686232 -1.074297 
2257 0.646453 -1.091104 
2258 0.512901 -1.128363 
2259 0.884441 -1.006430 
2260 0.972667 -0.964354 
2261 0.971763 -0.958421 
2262 0.895359 -0.971810 
2263 1.026864 -0.938962 
2264 0.904602 -0.981000 
2265 1.118368 -0.918356 
2266 1.113661 -0.907724 
2267 1.014546 -0.944742 
2268 0.998538 -0.939477 
2269 1.046376 -0.929208 
2270 1.215833 -0.861745 
2271 1.077835 -0.932947 
2272 1.089383 -0.905912 
2273 0.940627 -0.956150 
2274 0.742286 -1.046849 
2275 0.953257 -0.975055 
2276 0.998212 -0.952860 
2277 1.096973 -0.916417 
2278 1.164527 -0.895257 
2279 0.956880 -0.948179 
2280 0.926040 -0.968454 
2281 0.936051 -0.949153 
2282 1.054764 -0.926424 
2283 0.768510 -1.021388 
2284 0.747609 -1.002689 
2285 0.875569 -0.966572 
2286 1.032692 -0.934744 
2287 0.953732 -0.949419 
2289 0.864765 -0.999251 
2290 1.128777 -0.879191 
2291 0.934278 -0.955691 
2292 0.844496 -1.004962 
2293 1.103574 -0.923399 
2295 1.960710 -0.798427 
2296 1.821834 -0.774926 
2297 1.209702 -0.894495 
2298 1.171593 -0.901087 
2299 1.055161 -0.947331 
2300 1.108417 -0.933399 
2301 0.978962 -0.944635 
2302 1.224187 -0.852042 
2303 0.986885 -0.908614 
