697 2
189 -0.161870 1.275761 
192 0.280333 1.159048 
193 0.348485 1.144366 
194 0.400350 1.224964 
197 -0.392923 1.399081 
198 -0.080830 1.207964 
199 0.611212 1.088114 
200 1.445848 1.300251 
202 1.011268 1.184686 
209 0.773096 1.139903 
210 0.917092 1.138655 
211 0.821803 1.133556 
212 0.816443 1.150074 
213 0.751120 1.140549 
215 0.375650 1.128663 
216 0.300584 1.151614 
217 0.365070 1.126343 
218 0.441619 1.133605 
219 0.749406 1.162853 
220 0.552870 1.098895 
221 0.419372 1.163398 
222 0.417445 1.185314 
223 0.673216 1.102883 
224 0.559774 1.110202 
287 1.838593 1.367018 
288 1.450589 1.272086 
289 1.350529 1.194124 
290 1.405994 1.238044 
291 1.393841 1.213804 
292 1.642727 1.339483 
293 1.694829 1.397849 
294 1.546153 1.348965 
295 1.566274 1.313733 
296 1.688740 1.384857 
297 1.651943 1.387214 
298 1.549611 1.300256 
299 1.355849 1.214587 
300 1.619022 1.301638 
301 3.505959 2.246885 
305 1.912505 1.459965 
306 1.534055 1.275687 
307 1.707243 1.326658 
308 1.653502 1.307116 
309 2.379627 1.688465 
310 3.387742 2.280753 
311 2.794980 1.939361 
312 2.655967 1.833935 
313 3.096601 2.106199 
314 2.586793 1.775805 
315 2.262079 1.615128 
316 2.305181 1.607980 
317 2.208206 1.551256 
318 1.929772 1.416645 
319 2.269394 1.569575 
320 1.839087 1.378349 
321 1.895485 1.372872 
322 2.691222 1.808561 
323 2.281730 1.582573 
324 2.029719 1.485227 
325 2.344777 1.632770 
326 2.130178 1.501341 
327 2.078698 1.497458 
328 2.610821 1.770111 
329 1.922143 1.416588 
330 1.862242 1.378845 
331 2.935058 1.997233 
332 1.990019 1.453910 
333 2.218745 1.576978 
334 2.181003 1.554446 
335 1.924702 1.433135 
336 2.259820 1.598343 
337 2.325830 1.613115 
338 2.367370 1.631221 
339 2.269013 1.613056 
340 2.533643 1.747835 
341 1.914323 1.403845 
342 1.788523 1.361455 
343 2.015789 1.489754 
344 1.781445 1.392438 
345 1.607761 1.298715 
346 1.907872 1.408044 
347 2.437378 1.679528 
348 2.198937 1.566755 
349 1.890646 1.426626 
350 2.378547 1.637387 
351 2.467280 1.668576 
352 1.745709 1.378294 
353 2.049765 1.536933 
354 1.813882 1.416994 
355 1.822114 1.411723 
356 1.962972 1.495347 
357 1.838297 1.438536 
358 2.073250 1.565416 
359 1.853879 1.393281 
360 2.214453 1.590659 
361 1.865838 1.445856 
362 1.724758 1.370056 
363 1.699127 1.372938 
364 1.825739 1.420696 
365 1.997806 1.504731 
366 2.649203 1.792951 
367 2.294006 1.616726 
368 2.003931 1.475344 
369 2.178916 1.570537 
370 1.726720 1.372578 
371 2.331392 1.659075 
372 1.808636 1.420730 
373 1.613580 1.353738 
374 1.737956 1.394327 
375 1.704278 1.378366 
376 1.416623 1.225444 
377 1.405082 1.264838 
378 1.759939 1.371290 
379 1.396493 1.226352 
380 1.201164 1.197787 
381 1.898036 1.440706 
382 1.250515 1.206861 
383 0.964432 1.112067 
384 0.939564 1.083747 
385 1.318982 1.210313 
386 1.402715 1.282422 
387 1.379313 1.203089 
388 1.904705 1.465469 
389 1.464243 1.303283 
390 1.300978 1.227082 
391 1.351354 1.223277 
392 1.329440 1.258252 
393 1.434263 1.296176 
394 1.142508 1.147156 
395 1.323215 1.246386 
396 1.283090 1.208333 
397 1.356905 1.257736 
398 1.324028 1.239850 
399 1.364266 1.267221 
400 1.781973 1.368258 
401 1.928267 1.457459 
402 1.269675 1.236817 
403 2.082432 1.560560 
404 1.377728 1.269620 
405 1.896752 1.460334 
406 1.323497 1.232415 
407 1.298238 1.232996 
408 1.167699 1.173090 
409 1.696643 1.332365 
410 1.269835 1.223005 
411 1.319963 1.241628 
412 1.230353 1.211288 
413 1.189722 1.192338 
414 0.984968 1.131696 
415 1.066719 1.172247 
416 1.086917 1.179465 
417 0.978387 1.149804 
418 0.969924 1.157325 
419 1.205737 1.244370 
420 0.993479 1.139740 
421 1.005525 1.165288 
422 1.763129 1.388656 
423 1.201649 1.236597 
424 1.208492 1.206710 
425 1.182276 1.209177 
426 0.945274 1.131186 
427 1.187657 1.202732 
428 1.374779 1.296446 
429 1.065409 1.168559 
430 1.116739 1.171483 
431 1.035921 1.153869 
432 1.028471 1.150713 
433 1.068164 1.135624 
434 1.247782 1.212231 
435 2.040925 1.523435 
436 1.126875 1.167407 
437 1.191476 1.202036 
438 0.996508 1.158863 
439 0.996227 1.125288 
440 0.944081 1.112486 
441 1.071519 1.157793 
442 1.109952 1.164264 
443 1.202733 1.196263 
444 1.102094 1.185311 
445 1.155384 1.203936 
446 1.030663 1.161621 
447 1.095502 1.152716 
448 1.476040 1.267131 
449 1.077213 1.136100 
450 0.999483 1.177773 
451 1.096673 1.173430 
452 1.049131 1.172177 
453 0.881905 1.124321 
454 1.079255 1.177177 
455 0.976186 1.141702 
456 1.180038 1.193316 
457 1.049073 1.153845 
458 1.024452 1.173138 
459 0.982606 1.131177 
460 2.064212 1.513323 
461 1.244973 1.202653 
462 0.987949 1.149416 
463 1.044027 1.177437 
464 0.990505 1.140272 
465 1.619911 1.358557 
466 1.100221 1.196883 
467 1.695708 1.342925 
468 1.819785 1.416196 
469 1.091327 1.188165 
470 1.616683 1.313293 
471 1.008125 1.189455 
472 0.930844 1.133047 
473 0.920085 1.130008 
474 0.885253 1.124365 
475 0.936820 1.122049 
476 0.909326 1.148917 
477 1.067953 1.177745 
478 0.915912 1.141403 
479 1.022793 1.177749 
480 0.923127 1.133480 
481 0.947762 1.125725 
482 0.914179 1.129028 
483 1.021872 1.163189 
484 0.913099 1.115021 
485 0.942679 1.126862 
486 0.739947 1.107743 
487 0.838078 1.122415 
488 0.745962 1.092256 
489 0.830376 1.147880 
490 0.789730 1.119764 
491 0.845228 1.125818 
492 1.531118 1.257516 
493 0.780034 1.109045 
494 0.757912 1.112348 
495 0.864640 1.100230 
496 0.778872 1.089790 
497 0.688686 1.112670 
498 0.732061 1.102632 
499 0.709276 1.112432 
500 1.488221 1.309027 
501 0.769241 1.105021 
502 0.697909 1.119628 
503 0.881124 1.149230 
504 0.671077 1.099182 
505 0.729363 1.120633 
506 0.715476 1.106368 
507 0.669438 1.103668 
508 0.702352 1.106901 
509 0.673299 1.107149 
510 0.572803 1.090232 
511 0.433538 1.094168 
512 0.438611 1.095585 
513 0.451646 1.083896 
514 0.668682 1.128145 
515 0.477896 1.100326 
516 0.392418 1.107364 
517 0.425063 1.087233 
518 0.416654 1.108240 
519 0.462278 1.081571 
520 0.457496 1.102908 
521 0.454748 1.095800 
522 0.387370 1.084357 
523 0.371630 1.095005 
524 0.369045 1.091471 
525 0.368087 1.091872 
526 0.304718 1.107999 
527 0.384084 1.108286 
528 0.442131 1.122176 
529 0.362621 1.110471 
530 0.287352 1.120010 
531 0.316067 1.115189 
532 0.223983 1.128659 
533 0.358885 1.120688 
534 0.263005 1.127250 
535 0.277623 1.105162 
536 0.185841 1.113332 
537 0.199836 1.128089 
538 0.150359 1.131598 
539 0.085129 1.139470 
540 0.310442 1.113693 
541 0.428732 1.108775 
542 0.440524 1.093407 
543 0.235191 1.101976 
544 0.394556 1.099006 
545 0.711452 1.127852 
546 0.592322 1.129345 
547 0.415118 1.079518 
548 0.306566 1.095449 
549 0.362959 1.102100 
550 0.339114 1.098670 
551 0.466007 1.107265 
552 0.664780 1.086460 
553 0.701474 1.095719 
554 0.782211 1.097656 
555 1.395648 1.279935 
556 1.004918 1.174086 
557 0.837609 1.136993 
558 1.068179 1.212965 
559 1.371696 1.261608 
560 1.010004 1.200717 
561 0.908244 1.139009 
562 0.791650 1.131233 
563 0.784202 1.111036 
564 0.935182 1.145589 
565 0.812548 1.106877 
566 0.895102 1.131730 
567 1.171466 1.233650 
568 0.834567 1.130342 
569 0.915806 1.139419 
570 1.165785 1.243094 
571 0.942358 1.178093 
572 0.944944 1.159282 
573 0.842125 1.122404 
574 0.948834 1.152976 
575 0.951698 1.144192 
576 0.881017 1.148316 
577 0.922449 1.161717 
578 1.523879 1.315868 
579 1.544880 1.321617 
580 1.121089 1.219351 
581 0.923810 1.167770 
582 1.345997 1.207832 
583 0.898775 1.126151 
584 1.066953 1.194311 
585 0.628452 1.090453 
586 0.488542 1.094975 
587 0.565258 1.095117 
588 0.615820 1.110386 
589 0.608576 1.107994 
590 0.927257 1.159043 
591 0.736369 1.143620 
592 1.413740 1.248412 
593 0.877367 1.154356 
594 0.872516 1.134451 
595 0.733289 1.129031 
596 0.831555 1.130903 
597 0.734282 1.133968 
598 0.732930 1.124942 
599 0.721529 1.105256 
600 0.776648 1.107447 
601 0.783973 1.162556 
602 1.051719 1.153092 
603 0.741772 1.123346 
604 0.480800 1.085595 
605 0.393108 1.092061 
606 0.138734 1.107723 
607 0.068697 1.132111 
608 -0.113140 1.189972 
609 -0.093969 1.168773 
610 -0.006204 1.145717 
611 -0.096163 1.194826 
612 0.032100 1.146116 
613 -0.149895 1.195562 
614 -0.067971 1.191950 
615 -0.004143 1.152044 
616 0.200975 1.139535 
617 0.210891 1.103569 
618 0.293737 1.101690 
619 0.281852 1.089771 
620 0.354710 1.093838 
621 0.299693 1.092130 
622 0.286648 1.095075 
623 0.983245 1.131222 
624 0.434041 1.103235 
625 0.475552 1.102049 
626 0.557054 1.107036 
627 0.510777 1.093896 
628 0.611207 1.087467 
629 0.532616 1.094286 
630 0.558556 1.106920 
631 0.648838 1.125464 
632 0.762587 1.141992 
633 1.188165 1.195032 
634 0.776120 1.151878 
635 0.722698 1.152704 
636 0.616595 1.114421 
637 0.785796 1.169306 
638 0.881778 1.182943 
639 0.603719 1.118007 
640 1.070951 1.154381 
641 0.718498 1.134073 
642 0.701157 1.137134 
643 0.582492 1.093855 
644 0.444085 1.093847 
645 0.413634 1.102696 
646 1.126504 1.166901 
647 0.526245 1.106768 
648 0.672558 1.145895 
649 0.511542 1.102349 
650 0.502729 1.109486 
651 0.303995 1.099890 
652 1.266723 1.196675 
653 0.383616 1.094325 
654 0.269847 1.104864 
655 0.261044 1.128292 
656 0.335381 1.113599 
657 0.919334 1.099818 
658 0.322496 1.115436 
659 0.340301 1.122228 
660 0.188983 1.114948 
661 -0.039654 1.155783 
662 -0.326160 1.266977 
663 -0.173612 1.213059 
664 -0.195085 1.241788 
665 -0.099132 1.190629 
666 0.053757 1.149433 
667 0.139834 1.139506 
668 0.149208 1.136721 
669 -0.010916 1.163969 
670 -0.049741 1.171019 
671 -0.195996 1.214298 
672 -0.139486 1.195302 
673 -0.317027 1.279287 
674 -0.349225 1.279518 
675 -0.557703 1.431581 
676 -0.546715 1.391620 
677 -0.731410 1.527927 
678 -0.685082 1.513270 
679 -0.951710 1.726633 
680 -0.826628 1.618162 
681 -1.028455 1.797094 
682 -1.213750 1.964436 
683 -1.334779 2.098464 
684 -1.224779 1.959903 
685 -1.167285 1.914831 
686 -1.059537 1.810817 
687 -1.094098 1.830718 
688 -1.148415 1.884252 
689 -0.909239 1.674394 
690 -1.192988 1.897694 
691 -1.318793 2.054055 
692 -1.290015 2.037559 
693 -1.248073 1.977195 
694 -1.263421 2.019024 
695 -1.318809 2.063837 
696 -1.417566 2.132231 
697 -1.380525 2.117356 
698 -1.474347 2.276317 
699 -1.357915 2.076373 
700 -1.383391 2.095816 
701 -1.246800 2.022273 
702 -1.097141 1.838630 
703 -1.154525 1.873054 
704 -1.127391 1.853028 
705 -1.143076 1.876825 
706 -1.170615 1.939823 
707 -1.357562 2.104160 
708 -1.360287 2.099857 
709 -1.313766 2.037164 
710 -1.327187 2.080026 
711 -1.140935 1.870897 
712 -1.246273 2.012519 
713 -1.155224 1.914126 
714 -0.936830 1.656016 
715 -1.091749 1.849518 
716 -1.185895 1.889529 
717 -0.972506 1.765710 
718 -1.145627 1.849035 
719 -1.047266 1.797359 
720 -1.164772 1.948774 
721 -1.254912 1.954854 
722 -1.009986 1.758018 
723 -0.968821 1.712605 
724 -1.148569 1.904101 
725 -1.234016 2.005595 
726 -1.147972 1.906061 
727 -1.214247 1.946326 
728 -1.143769 1.893449 
729 -1.103941 1.855921 
730 -0.884306 1.671994 
731 -1.056655 1.847582 
732 -1.228441 2.002784 
733 -1.116502 1.900437 
734 -1.052579 1.806778 
735 -1.060068 1.828675 
736 -1.055376 1.818531 
737 -0.963992 1.736311 
738 -1.229816 1.947645 
739 -0.858979 1.597030 
740 -0.947630 1.745767 
741 -1.085421 1.810773 
742 -1.081787 1.807900 
743 -1.010175 1.723038 
744 -1.121920 1.844361 
745 -1.139655 1.815897 
746 -1.162725 1.878797 
747 -1.146911 1.858579 
748 -1.151552 1.871405 
749 -1.124310 1.889130 
750 -1.260119 1.993164 
751 -1.147458 1.865136 
752 -1.181892 1.966113 
753 -1.004263 1.725204 
754 -1.262055 2.016029 
755 -1.260165 1.980021 
756 -1.176752 1.921885 
757 -1.015591 1.758494 
758 -1.042246 1.763579 
759 -0.963820 1.705754 
760 -1.063878 1.787097 
761 -0.933002 1.680004 
762 -0.955531 1.762224 
763 -1.076313 1.820095 
764 -0.987427 1.710053 
765 -1.024347 1.766661 
766 -0.906711 1.650586 
767 -1.126128 1.822317 
768 -1.126629 1.840223 
769 -1.165006 1.890594 
770 -1.144830 1.887285 
771 -0.946463 1.772477 
772 -1.086136 1.780380 
773 -1.046093 1.784535 
774 -1.008328 1.769996 
775 -1.037506 1.788701 
776 -1.116072 1.869236 
777 -1.014973 1.780257 
778 -1.016934 1.767686 
779 -0.874871 1.633373 
780 -0.800462 1.583681 
781 -0.611215 1.433208 
782 0.167881 1.013009 
783 -0.336281 1.294379 
784 -0.310840 1.278710 
785 -0.295048 1.269710 
786 -0.319556 1.297832 
787 -0.099820 1.211451 
788 -0.041271 1.200257 
789 -0.279510 1.280632 
790 -0.165042 1.215625 
791 -0.219818 1.239094 
792 -0.206155 1.225986 
793 0.377321 1.027295 
794 -0.315668 1.282369 
795 -0.308710 1.304343 
796 -0.141715 1.205451 
797 -0.145689 1.224553 
798 0.435031 1.004450 
799 -0.150581 1.220751 
800 0.140432 1.149649 
801 -0.138396 1.225240 
802 -0.106348 1.209991 
803 -0.237744 1.247072 
804 -0.241345 1.252066 
805 -0.180576 1.240011 
806 -0.203696 1.250678 
807 -0.338412 1.305550 
808 -0.315734 1.294348 
809 -0.353563 1.305626 
810 -0.223109 1.262010 
811 -0.368790 1.310258 
812 -0.444900 1.369704 
813 -0.408288 1.335741 
814 -0.428205 1.350980 
815 -0.453112 1.388623 
816 -0.271873 1.290004 
817 0.140170 1.129384 
818 0.166641 1.130951 
819 0.259832 1.115119 
820 0.352539 1.115914 
821 0.494112 1.108785 
822 0.576020 1.144227 
823 0.559637 1.100572 
824 1.243196 1.245584 
825 0.696588 1.120862 
826 1.046710 1.136317 
827 1.232422 1.218104 
828 0.757856 1.124152 
829 0.549110 1.108442 
830 0.745620 1.144855 
831 0.644155 1.129683 
832 0.649368 1.131101 
833 0.741968 1.155074 
834 0.691185 1.134157 
835 0.637611 1.111825 
836 1.107822 1.147381 
837 0.689711 1.123276 
838 0.610887 1.134681 
839 0.586014 1.114180 
840 0.434292 1.120594 
841 0.482502 1.098579 
842 0.550032 1.119659 
843 0.571829 1.124386 
844 0.570179 1.121187 
845 0.986865 1.134551 
846 0.527310 1.102377 
847 0.493070 1.111616 
848 0.570453 1.121294 
849 0.444575 1.100587 
850 0.168138 1.120243 
851 0.001233 1.154663 
852 -0.091731 1.192577 
853 -0.389413 1.345508 
854 -0.559501 1.433034 
855 -0.597096 1.410233 
856 -0.651434 1.472609 
857 -0.721401 1.531130 
858 -0.697295 1.493341 
859 -0.777808 1.522569 
860 -1.736158 2.546660 
861 -0.956941 1.684384 
862 -0.796622 1.542181 
863 -0.990264 1.731170 
864 -0.799860 1.580645 
865 -1.206123 1.936225 
866 -1.309751 2.053860 
867 -1.340416 2.066409 
868 -1.158280 1.858970 
869 -1.307521 2.027822 
870 -1.316758 2.063392 
871 -1.419686 2.116210 
872 -1.454321 2.195906 
873 -1.503304 2.219842 
874 -1.440990 2.174738 
875 -1.510107 2.209844 
876 -1.495147 2.206578 
877 -1.564016 2.317669 
878 -1.529950 2.294277 
879 -1.484556 2.280016 
880 -1.364241 2.054884 
881 -1.223789 1.910010 
882 -1.270733 2.008989 
883 -1.264366 2.001143 
884 -1.291315 2.012481 
885 -1.343383 2.067606 
886 -1.215578 1.950618 
887 -1.371392 2.071945 
888 -1.332019 2.039028 
889 -1.316234 2.038245 
890 -1.249876 1.939744 
891 -1.245938 1.972598 
892 -0.353299 1.118894 
893 -1.260395 1.946700 
895 -1.289826 1.963597 
896 -1.190825 1.865244 
897 -1.285647 1.971419 
898 -1.293914 1.966229 
899 -1.247595 1.913388 
900 -1.298746 1.952346 
901 -1.191319 1.882773 
902 -1.242467 1.947372 
903 -1.230385 1.925846 
904 -0.736272 1.483173 
905 -1.265775 1.964045 
906 -1.289292 1.997989 
907 -1.164571 1.932997 
908 -1.282508 1.998676 
909 -1.273238 2.004122 
910 -1.342463 2.081739 
911 -1.403123 2.106066 
912 -1.335463 2.078538 
913 -1.381855 2.133960 
914 -1.390325 2.096619 
915 -1.485080 2.216694 
916 -1.269460 1.987626 
917 -1.251094 1.887910 
918 -1.301028 1.985856 
919 -1.351417 2.052107 
920 -1.346534 2.064552 
921 -1.181300 1.899078 
922 -1.332409 2.053875 
923 -1.441252 2.117437 
924 -1.463986 2.214632 
925 -1.468715 2.128951 
926 -1.416932 2.144502 
927 -1.476387 2.206226 
928 -1.443806 2.219807 
929 -1.465889 2.250926 
930 -1.414166 2.108614 
931 -1.373984 2.090550 
932 -1.482477 2.192040 
933 -1.388493 2.136047 
934 -1.421851 2.160973 
935 -1.446357 2.160270 
936 -1.401861 2.067999 
937 -1.360698 2.079054 
938 -1.497068 2.235372 
939 -1.480906 2.139965 
940 -1.472744 2.200631 
941 -1.505830 2.253087 
942 -1.214097 2.004285 
943 -1.306404 2.004909 
944 -1.225248 1.980853 
945 -1.347734 2.069263 
946 -1.203034 1.954868 
947 -0.119255 1.019470 
948 -0.916614 1.700652 
949 -0.796812 1.581447 
950 -0.860377 1.564444 
951 -1.019926 1.754069 
952 -1.053695 1.835573 
953 -1.204512 1.946201 
954 -1.147874 1.844423 
955 -1.206360 1.884271 
956 -1.154668 1.872384 
957 -1.261492 1.967466 
958 -1.240206 1.998046 
959 -1.077791 1.874315 
960 -0.881752 1.616172 
961 -1.100828 1.871253 
962 -0.905554 1.630988 
963 1.219607 1.024108 
