3895 2
2 -0.817631 0.937644 
3 -0.571243 0.661565 
4 -0.264719 0.633432 
5 -0.407825 0.540089 
6 -0.378392 0.868333 
7 -0.530265 0.531165 
8 -0.609952 0.493766 
9 -0.343536 0.735085 
10 -0.275063 0.655092 
11 -0.187723 0.835142 
12 -0.388961 0.520708 
13 -0.491636 0.830705 
14 -0.252500 0.829008 
15 -0.574010 0.470423 
16 -0.594384 0.631635 
17 -0.311666 0.847109 
18 -0.302273 0.534235 
19 -0.656863 0.896979 
20 -0.439011 0.873539 
21 -0.572059 0.874273 
22 -0.474652 0.833341 
23 -0.254440 0.691046 
24 -0.326610 0.735803 
25 -0.191507 0.702851 
26 -0.250547 0.569926 
27 -0.353210 0.712270 
28 -0.614218 0.688622 
29 -0.372671 0.718917 
30 -0.342983 0.797103 
31 -0.249756 0.866882 
32 -0.193731 0.629805 
33 -0.195372 0.717899 
34 -0.513310 0.660178 
35 -0.621387 0.814401 
36 -0.237291 0.880657 
37 -0.437043 0.822900 
38 -0.322147 0.785425 
39 -0.228797 0.959826 
40 -0.124033 0.868052 
41 -0.479198 0.586639 
42 -0.452348 0.748217 
43 -0.121332 0.862306 
44 -0.199455 0.778970 
45 -0.229116 0.670364 
46 -0.337017 0.633549 
47 -0.647397 0.889825 
48 -0.279505 0.876905 
49 -0.238396 0.810893 
50 -0.507331 0.592494 
51 -0.439093 0.468379 
52 -0.255858 0.742513 
53 -0.406541 0.721211 
54 -0.452677 0.801897 
55 -0.541215 0.559726 
56 -0.453624 0.691150 
57 -0.492795 0.832700 
58 -0.430745 0.565141 
59 -0.200022 0.593749 
60 -0.188833 0.855732 
61 -0.596385 0.542350 
62 -0.175499 0.818394 
63 -0.353777 0.572564 
64 -0.396055 0.728343 
65 -0.392236 0.785710 
66 -0.122537 0.585909 
67 -0.352592 0.615629 
68 -0.472883 0.511729 
69 -0.597082 0.657324 
70 -0.069880 0.740108 
71 -0.588038 0.449842 
72 -0.380819 0.521344 
73 -0.394622 0.784871 
74 -0.502883 0.864330 
75 -0.189642 0.723731 
76 -0.352715 0.910114 
77 -0.389721 0.914302 
78 -0.163705 0.805057 
79 -0.568289 0.551804 
80 -0.229138 0.850802 
81 -0.237413 0.517416 
82 -0.240872 0.623150 
83 -0.532038 0.815059 
84 -0.570801 0.503906 
85 -0.251585 0.853140 
86 -0.170109 0.923282 
87 -0.335189 0.573533 
88 -0.311535 0.594164 
89 -0.262372 0.541774 
90 -0.125065 0.613232 
91 -0.136901 0.573007 
92 -0.454243 0.768690 
93 -0.465178 0.408427 
94 -0.416935 0.698812 
95 -0.343664 0.610318 
96 -0.278895 0.879685 
97 -0.112265 0.745305 
98 -0.364733 0.738231 
99 -0.159712 0.550115 
100 -0.460413 0.709584 
101 -0.418600 0.559211 
102 -0.336391 0.866801 
103 -0.329399 0.701731 
104 -0.433407 0.461055 
105 -0.524458 0.766751 
106 -0.538677 0.379884 
107 -0.272834 0.464167 
108 -0.137673 0.541970 
109 -0.647564 0.563672 
110 -0.358034 0.545481 
111 -0.355497 0.395698 
112 -0.225366 0.581062 
113 -0.286767 0.391191 
114 -0.353567 0.588597 
115 -0.171503 0.543255 
116 -0.295459 0.463583 
117 -0.266993 0.543350 
118 -0.579114 0.619992 
119 -0.516485 0.736539 
120 -0.297941 0.563842 
121 -0.556481 0.638744 
122 -0.609687 0.481180 
123 -0.455060 0.765136 
124 -0.650639 0.678043 
125 -0.387596 0.453593 
126 -0.624043 0.426307 
127 -0.296227 0.592453 
128 -0.209656 0.554231 
129 -0.508106 0.452864 
130 -0.545656 0.391768 
131 -0.450704 0.650154 
132 -0.188979 0.768251 
133 -0.339924 0.513849 
134 -0.574762 0.506713 
135 -0.278221 0.763811 
136 -0.437325 0.773176 
137 -0.475988 0.628114 
138 -0.312079 0.664440 
139 -0.548218 0.479346 
140 -0.377733 0.596593 
141 -0.175234 0.697173 
142 -0.361899 0.601278 
143 -0.192110 0.447170 
144 -0.388398 0.487893 
145 -0.561207 0.508521 
146 -0.157319 0.467698 
147 -0.395350 0.613141 
148 -0.600698 0.617382 
149 -0.375894 0.629064 
150 -0.528185 0.573383 
151 -0.379345 0.854925 
152 -0.370866 0.499175 
153 -0.135630 0.586219 
154 -0.609450 0.540256 
155 -0.542607 0.738885 
156 -0.476448 0.622864 
157 -0.338874 0.413112 
158 -0.609008 0.514431 
159 -0.298819 0.709386 
160 -0.322526 0.699971 
161 -0.164385 0.538000 
162 -0.506699 0.897352 
163 -0.398324 0.566496 
164 -0.430514 0.845803 
165 -0.578371 0.652318 
166 -0.602764 0.749902 
167 -0.197461 0.525997 
168 -0.449199 0.579359 
169 -0.518181 0.719761 
170 -0.163202 0.831398 
171 -0.428175 0.547559 
172 -0.574247 0.708302 
173 -0.191267 0.653194 
174 -0.537284 0.525227 
175 -0.622118 0.512468 
176 -0.588582 0.484596 
177 -0.418194 0.512355 
178 -0.495879 0.756309 
179 -0.536827 0.558852 
180 -0.190298 0.728192 
181 -0.404476 0.478250 
182 -0.482072 0.786820 
183 -0.363583 0.740249 
184 -0.185178 0.359665 
185 -0.123018 0.744245 
186 -0.297352 0.484204 
187 -0.476550 0.773390 
188 -0.262231 0.872040 
189 -0.168026 0.743729 
190 -0.506311 0.738800 
191 -0.208883 0.714547 
192 -0.420911 0.502835 
193 -0.323915 0.737341 
194 -0.286645 0.601362 
195 -0.203561 0.558165 
196 -0.231531 0.655755 
197 -0.285359 0.601836 
198 -0.101828 0.887896 
199 -0.237261 0.657773 
200 -0.300425 0.750355 
201 -0.132915 0.619125 
202 -0.214884 0.416314 
203 -0.248337 0.674412 
204 -0.102233 0.621663 
205 -0.057350 0.584340 
206 -0.113436 0.908430 
207 -0.398537 0.884965 
208 -0.280230 0.710899 
209 -0.325005 0.385122 
210 -0.512435 0.521765 
211 -0.365362 0.349675 
212 -0.285291 0.658019 
213 -0.128601 0.844337 
214 -0.416597 0.551377 
215 -0.236445 0.847219 
216 -0.086667 0.670449 
217 -0.237494 0.547035 
218 -0.235783 0.657785 
219 -0.264161 0.774401 
220 -0.238180 0.479026 
221 -0.583014 0.613451 
222 -0.134081 0.668491 
223 -0.379505 0.505030 
224 -0.356232 0.486114 
225 -0.551574 0.676352 
226 -0.229242 0.863407 
227 -0.382025 0.731672 
228 -0.228584 0.835463 
229 -0.288279 0.638372 
230 -0.477421 0.642252 
231 -0.189343 0.739817 
232 -0.126382 0.716227 
233 -0.139574 0.714245 
234 -0.320281 0.809912 
235 -0.489091 0.654075 
236 -0.365750 0.542657 
237 -0.145615 0.809605 
238 -0.500449 0.419100 
239 -0.418804 0.510193 
240 -0.452344 0.631590 
241 -0.395757 0.697048 
242 -0.125763 0.625325 
243 -0.382846 0.728133 
244 -0.321669 0.625387 
245 -0.208847 0.660747 
246 -0.401261 0.462465 
247 -0.472315 0.799167 
248 -0.176214 0.681943 
249 -0.504787 0.607799 
250 -0.274929 0.513966 
251 -0.303844 0.440671 
252 -0.581241 0.585225 
253 -0.571534 0.706088 
254 -0.224303 0.774984 
255 -0.232813 0.792661 
256 -0.457141 0.818451 
257 -0.350583 0.603355 
258 -0.243573 0.681898 
259 -0.247451 0.742266 
260 -0.468836 0.653086 
261 -0.213124 0.550016 
262 -0.248228 0.594387 
263 -0.184374 0.464729 
264 -0.556924 0.889401 
265 -0.566587 0.638921 
266 -0.244999 0.602747 
267 -0.294672 0.507432 
268 -0.440061 0.656594 
269 -0.517352 0.832903 
270 -0.565933 0.482915 
271 -0.388481 0.569040 
272 -0.151945 0.570605 
273 -0.181576 0.505288 
274 -0.442444 0.661208 
275 -0.508920 0.483490 
276 -0.224236 0.865157 
277 -0.461514 0.786481 
278 -0.214359 0.670168 
279 -0.226739 0.498990 
280 -0.383907 0.704850 
281 -0.521500 0.476165 
282 -0.535976 0.649728 
283 -0.651790 0.645050 
284 -0.545426 0.584711 
285 -0.106322 0.872217 
286 -0.503123 0.792591 
287 -0.226760 0.655756 
288 -0.560962 0.566479 
289 -0.382807 0.437100 
290 -0.316190 0.500359 
291 -0.442709 0.799370 
292 -0.201970 0.864736 
293 -0.488482 0.693994 
294 -0.078185 0.847742 
295 -0.420538 0.665952 
296 -0.505942 0.677234 
297 -0.523630 0.599888 
298 -0.523896 0.732788 
299 -0.334669 0.721858 
300 -0.208738 0.703783 
301 -0.151437 0.350318 
302 -0.272787 0.484938 
303 -0.231404 0.438541 
304 -0.261780 0.882237 
305 -0.322560 0.899903 
306 -0.573421 0.886677 
307 -0.273383 0.653800 
308 -0.464725 0.611599 
309 -0.484960 0.644023 
310 -0.306716 0.835338 
311 -0.583058 0.773218 
312 -0.259780 0.539093 
313 -0.343372 0.803236 
314 -0.384717 0.576563 
315 -0.321166 0.825974 
316 -0.497474 0.561861 
317 -0.286268 0.861547 
318 -0.581336 0.507779 
319 -0.567143 0.391404 
320 -0.359439 0.799495 
321 -0.182622 0.645560 
322 -0.210757 0.860988 
323 -0.371772 0.500914 
324 -0.227995 0.737403 
325 -0.420299 0.731277 
326 -0.541649 0.356657 
327 -0.382473 0.434734 
328 -0.415100 0.663559 
329 -0.356757 0.451451 
330 -0.317666 0.435365 
331 -0.417473 0.409167 
332 -0.478228 0.388318 
333 -0.405947 0.568025 
334 -0.381560 0.777080 
335 -0.374165 0.652503 
336 -0.352114 0.788678 
337 -0.417970 0.431212 
338 -0.453593 0.844252 
339 -0.548405 0.786753 
340 -0.501559 0.668469 
341 -0.530041 0.605172 
342 -0.295145 0.877074 
343 -0.276275 0.786219 
344 -0.302752 0.791150 
345 -0.249306 0.412976 
346 -0.266363 0.679396 
347 -0.110128 0.780910 
348 -0.334221 0.460290 
349 -0.131587 0.479669 
350 -0.431990 0.577488 
351 -0.360709 0.495431 
352 -0.337776 0.871484 
353 -0.253558 0.579802 
354 -0.430946 0.452261 
355 -0.327217 0.713958 
356 -0.164518 0.559831 
357 -0.533607 0.519104 
358 -0.243206 0.784166 
359 -0.396682 0.444112 
360 -0.288725 0.706609 
361 -0.378483 0.557578 
362 -0.191801 0.441901 
363 -0.603772 0.546670 
364 -0.459570 0.616485 
365 -0.317097 0.500623 
366 -0.286358 0.733730 
367 -0.193901 0.550655 
368 -0.496729 0.630022 
369 -0.132567 0.620140 
370 -0.452477 0.536346 
371 -0.227028 0.615585 
372 -0.243479 0.601874 
373 -0.362362 0.714594 
374 -0.171136 0.614576 
375 -0.561156 0.730010 
376 -0.494867 0.619898 
377 -0.227792 0.487970 
378 -0.272060 0.503954 
379 -0.397684 0.794957 
380 -0.397616 0.918322 
381 -0.280257 0.733665 
382 -0.129264 0.791112 
383 -0.379143 0.598789 
384 -0.458477 0.586344 
385 -0.335900 0.520864 
386 -0.558343 0.554537 
387 -0.666459 0.483426 
388 -0.400760 0.485690 
389 -0.596936 0.454093 
390 -0.560260 0.882630 
391 -0.239840 0.921251 
392 -0.213342 0.620016 
393 -0.288042 0.679800 
394 -0.416234 0.849441 
395 -0.581312 0.694773 
396 -0.308052 0.388189 
397 -0.339525 0.630061 
398 -0.595677 0.793740 
399 -0.336609 0.658769 
400 -0.380737 0.604760 
401 -0.514889 0.750002 
402 -0.439747 0.479464 
403 -0.275961 0.763792 
404 -0.251605 0.628103 
405 -0.269763 0.456999 
406 -0.347115 0.571714 
407 -0.503032 0.722146 
408 -0.291241 0.582471 
409 -0.378588 0.404050 
410 -0.242677 0.401346 
411 -0.516258 0.509342 
412 -0.582516 0.697732 
413 -0.602557 0.722989 
414 -0.395162 0.765070 
415 -0.256862 0.717629 
416 -0.532420 0.770452 
417 -0.574500 0.723652 
418 -0.630185 0.472874 
419 -0.523722 0.668374 
420 -0.341967 0.498912 
421 -0.521263 0.542740 
422 -0.595831 0.494674 
423 -0.420333 0.732832 
424 -0.482590 0.686521 
425 -0.386563 0.436811 
426 -0.436831 0.831580 
427 -0.639527 0.484721 
428 -0.548699 0.699132 
429 -0.226255 0.879422 
430 -0.296800 0.854455 
431 -0.387688 0.667323 
432 -0.297476 0.831541 
433 -0.517548 0.589923 
434 -0.566477 0.779375 
435 -0.176632 0.507765 
436 -0.367461 0.594708 
437 -0.639655 0.471660 
438 -0.194462 0.766553 
439 -0.631388 0.457726 
440 -0.512029 0.523356 
441 -0.411833 0.758056 
442 -0.353355 0.557629 
443 -0.254917 0.649621 
444 -0.300618 0.724832 
445 -0.394055 0.478255 
446 -0.597198 0.754517 
447 -0.605329 0.736413 
448 -0.153875 0.753079 
449 -0.579514 0.673440 
450 -0.470508 0.638891 
451 -0.392351 0.584223 
452 -0.367368 0.719515 
453 -0.504683 0.553397 
454 -0.371037 0.645822 
455 -0.158341 0.687241 
456 -0.465817 0.561674 
457 -0.297887 0.565651 
458 -0.217787 0.561481 
459 -0.513676 0.606807 
460 -0.501847 0.657956 
461 -0.447197 0.463401 
462 -0.236243 0.817698 
463 -0.255801 0.500456 
464 -0.551916 0.521723 
465 -0.216743 0.506701 
466 -0.307207 0.735442 
467 -0.384602 0.776468 
468 -0.570565 0.646197 
469 -0.274566 0.722887 
470 -0.614625 0.485284 
471 -0.561833 0.586996 
472 -0.584042 0.403437 
473 -0.358124 0.504665 
474 -0.630908 0.692015 
475 -0.522126 0.776688 
476 -0.376708 0.619091 
477 -0.430695 0.443618 
478 -0.583290 0.375389 
479 -0.231861 0.565040 
480 -0.433783 0.823136 
481 -0.233534 0.556880 
482 -0.592639 0.469221 
483 -0.122779 0.512376 
484 -0.615021 0.502356 
485 -0.570893 0.566985 
486 -0.385043 0.423002 
487 -0.293334 0.486362 
488 -0.117529 0.893645 
489 -0.475572 0.790347 
490 -0.431336 0.757471 
491 -0.204965 0.863657 
492 -0.316760 0.666662 
493 -0.259077 0.803594 
494 -0.284801 0.504302 
495 -0.358111 0.751744 
496 -0.258960 0.612723 
497 -0.604556 0.718556 
498 -0.572123 0.709773 
499 -0.517207 0.795557 
500 -0.351773 0.714245 
501 -0.305450 0.538559 
502 -0.337995 0.579808 
503 -0.405670 0.636377 
504 -0.508361 0.581976 
505 -0.597626 0.639868 
506 -0.326263 0.513555 
507 -0.503601 0.463753 
508 -0.277814 0.770925 
509 -0.583345 0.441498 
510 -0.590528 0.401246 
511 -0.328859 0.509676 
512 -0.540062 0.708820 
513 -0.170565 0.660824 
514 -0.342461 0.626717 
515 -0.321774 0.466073 
516 -0.143420 0.796435 
517 -0.552751 0.552149 
518 -0.341037 0.444204 
519 -0.252271 0.653668 
520 -0.347995 0.812098 
521 -0.583538 0.778310 
522 -0.403490 0.574461 
523 -0.387847 0.505899 
524 -0.252689 0.666458 
525 -0.577485 0.519720 
526 -0.349071 0.604168 
527 -0.100536 0.682731 
528 -0.318832 0.613123 
529 -0.445234 0.933272 
530 -0.392379 0.767536 
531 -0.277768 0.591960 
532 -0.571874 0.733093 
533 -0.470744 0.557274 
534 -0.432794 0.635027 
535 -0.169043 0.894705 
536 -0.171394 0.592788 
537 -0.505704 0.550028 
538 -0.582569 0.705263 
539 -0.593850 0.382235 
540 -0.462416 0.657259 
541 -0.521069 0.708450 
542 -0.347343 0.796792 
543 -0.526615 0.779133 
544 -0.127293 0.681207 
545 -0.462565 0.602374 
546 -0.381724 0.677222 
547 -0.428597 0.792775 
548 -0.236027 0.457632 
549 -0.293888 0.862464 
550 -0.160018 0.905236 
551 -0.245671 0.623110 
552 -0.187831 0.720253 
553 -0.314552 0.703350 
554 -0.448257 0.473478 
555 -0.152366 0.651334 
556 -0.317438 0.828286 
557 -0.438076 0.596772 
558 -0.399980 0.509075 
559 -0.416233 0.716390 
560 -0.468317 0.656134 
561 -0.505480 0.390393 
562 -0.619577 0.565228 
563 -0.452622 0.755864 
564 -0.419063 0.596269 
565 -0.556353 0.596330 
566 -0.668021 0.643651 
567 -0.500521 0.661126 
568 -0.224381 0.780093 
569 -0.341701 0.678633 
570 -0.335718 0.773856 
571 -0.211966 0.775843 
572 -0.493006 0.584553 
573 -0.322704 0.660332 
574 -0.490682 0.641160 
575 -0.394761 0.772622 
576 -0.603511 0.439270 
577 -0.366983 0.806569 
578 -0.537282 0.624549 
579 -0.196423 0.782613 
580 -0.313523 0.781245 
581 -0.632931 0.576356 
582 -0.537367 0.596625 
583 -0.293090 0.822158 
584 -0.464715 0.482346 
585 -0.504777 0.744716 
586 -0.183687 0.542047 
587 -0.509204 0.774871 
588 -0.259681 0.681943 
589 -0.154274 0.536413 
590 -0.469071 0.705195 
591 -0.303314 0.755709 
592 -0.632909 0.645704 
593 -0.494668 0.518646 
594 -0.456169 0.540272 
595 -0.343677 0.421473 
596 -0.247103 0.662245 
597 -0.196506 0.576985 
598 -0.255446 0.541135 
599 -0.475612 0.673330 
600 -0.200889 0.829253 
601 -0.323622 0.766009 
602 -0.629252 0.457475 
603 -0.610688 0.744584 
604 -0.621734 0.529645 
605 -0.297632 0.812899 
606 -0.615201 0.544583 
607 -0.361629 0.636763 
608 -0.133813 0.877582 
609 -0.570282 0.753548 
610 -0.595997 0.541767 
611 -0.567548 0.842060 
612 -0.304328 0.781415 
613 -0.320087 0.722266 
614 -0.352758 0.759542 
615 -0.521415 0.564570 
616 -0.292203 0.862318 
617 -0.485222 0.671784 
618 -0.549880 0.748579 
619 -0.553554 0.590652 
620 -0.404796 0.760620 
621 -0.376819 0.809678 
622 -0.194633 0.880624 
623 -0.170562 0.450215 
624 -0.408176 0.822803 
625 -0.585951 0.758013 
626 -0.437822 0.529142 
627 -0.557370 0.740652 
628 -0.296408 0.731562 
629 -0.276194 0.843865 
630 -0.300212 0.630132 
631 -0.484203 0.753477 
632 -0.519178 0.829885 
633 -0.376891 0.685360 
634 -0.494018 0.568922 
635 -0.376356 0.590970 
636 -0.148673 0.856275 
637 -0.136275 0.558999 
638 -0.198194 0.775498 
639 -0.160279 0.490020 
640 -0.443401 0.795298 
641 -0.570800 0.459918 
642 -0.156718 0.507230 
643 -0.349172 0.654142 
644 -0.350849 0.690333 
645 -0.160423 0.727400 
646 -0.253214 0.779616 
647 -0.221057 0.497131 
648 -0.316119 0.649938 
649 -0.312840 0.747476 
650 -0.507913 0.405618 
651 -0.146068 0.655538 
652 -0.250677 0.712932 
653 -0.490106 0.767465 
654 -0.633269 0.564303 
655 -0.461666 0.765915 
656 -0.573756 0.787739 
657 -0.573222 0.739791 
658 -0.335530 0.427068 
659 -0.589677 0.636057 
660 -0.351205 0.881437 
661 -0.184634 0.668120 
662 -0.348460 0.752290 
663 -0.331252 0.538986 
664 -0.240783 0.772391 
665 -0.307468 0.501585 
666 -0.613253 0.419664 
667 -0.513922 0.491591 
668 -0.313382 0.736880 
669 -0.436821 0.681621 
670 -0.576041 0.458927 
671 -0.578944 0.457091 
672 -0.152373 0.611352 
673 -0.475251 0.740019 
674 -0.463803 0.764465 
675 -0.382547 0.680167 
676 -0.611035 0.538807 
677 -0.598482 0.557436 
678 -0.289074 0.753348 
679 -0.169832 0.307036 
680 -0.267504 0.550379 
681 -0.522372 0.594547 
682 -0.325274 0.425586 
683 -0.209136 0.539899 
684 -0.116595 0.760256 
685 -0.388022 0.834110 
686 -0.314979 0.710155 
687 -0.201729 0.673516 
688 -0.161391 0.523908 
689 -0.295607 0.674401 
690 -0.253362 0.681613 
691 -0.343506 0.439585 
692 -0.356753 0.623931 
693 -0.516051 0.487202 
694 -0.148467 0.543382 
695 -0.309864 0.772037 
696 -0.466988 0.816177 
697 -0.360744 0.458646 
698 -0.231314 0.481883 
699 -0.266146 0.589941 
700 -0.568489 0.463896 
701 -0.376926 0.480319 
702 -0.326601 0.727476 
703 -0.318510 0.445074 
704 -0.437218 0.638783 
705 -0.374257 0.606478 
706 -0.259278 0.709076 
707 -0.394192 0.475112 
708 -0.520303 0.720635 
709 -0.363712 0.682037 
710 -0.281709 0.664754 
711 -0.578864 0.487213 
712 -0.591256 0.705195 
713 -0.375464 0.551454 
714 -0.443704 0.411667 
715 -0.593634 0.595290 
716 -0.523619 0.667274 
717 -0.599278 0.687381 
718 -0.411069 0.729018 
719 -0.346328 0.782566 
720 -0.305845 0.882883 
721 -0.290184 0.895265 
722 -0.152053 0.696884 
723 -0.217169 0.729390 
724 -0.381239 0.506223 
725 -0.384011 0.860358 
726 -0.283788 0.442663 
727 -0.312843 0.605271 
728 -0.418148 0.707559 
729 -0.355618 0.627215 
730 -0.394203 0.783432 
731 -0.315856 0.511398 
732 -0.418207 0.549534 
733 -0.487206 0.623085 
734 -0.340004 0.658949 
735 -0.460830 0.536009 
736 -0.262796 0.615436 
737 -0.401216 0.685724 
738 -0.123471 0.874965 
739 -0.459099 0.691892 
740 -0.390591 0.377171 
741 -0.264236 0.505006 
742 -0.155392 0.781919 
743 -0.124317 0.940150 
744 -0.299272 0.493790 
745 -0.182392 0.898805 
746 -0.350520 0.505466 
747 -0.502564 0.557927 
748 -0.572407 0.548383 
749 -0.215113 0.699807 
750 -0.471444 0.744745 
751 -0.302967 0.521435 
752 -0.573830 0.689683 
753 -0.142908 0.826753 
754 -0.500260 0.629347 
755 -0.154656 0.586338 
756 -0.439934 0.889287 
757 -0.139453 0.775992 
758 -0.385096 0.491373 
759 -0.511463 0.828635 
760 -0.461089 0.780933 
761 -0.241833 0.348797 
762 -0.424072 0.655623 
763 -0.566779 0.549183 
764 -0.339023 0.577095 
765 -0.605489 0.451637 
766 -0.395950 0.836652 
767 -0.441726 0.656748 
768 -0.425532 0.736497 
769 -0.235648 0.594124 
770 -0.452225 0.588199 
771 -0.480989 0.789712 
772 -0.579297 0.785846 
773 -0.301716 0.480421 
774 -0.403551 0.660831 
775 -0.490415 0.814612 
776 -0.539147 0.429193 
777 -0.118401 0.837200 
778 -0.177490 0.686438 
779 -0.381661 0.779531 
780 -0.422403 0.747520 
781 -0.217824 0.785738 
782 -0.574211 0.516330 
783 -0.546697 0.671048 
784 -0.619816 0.495677 
785 -0.550577 0.784013 
786 -0.380752 0.828137 
787 -0.520348 0.518068 
788 -0.281562 0.605409 
789 -0.418016 0.650706 
790 -0.422449 0.567249 
791 -0.305209 0.605019 
792 -0.430627 0.554159 
793 -0.623702 0.788759 
794 -0.153764 0.590656 
795 -0.184728 0.656557 
796 -0.129459 0.794078 
797 -0.089795 0.446464 
798 -0.197716 0.453613 
799 -0.574832 0.597334 
800 -0.301800 0.727723 
801 -0.542764 0.860631 
802 -0.206382 0.853633 
803 -0.341364 0.568131 
804 -0.146593 0.891215 
805 -0.456587 0.893130 
806 -0.215400 0.856897 
807 -0.298988 0.501403 
808 -0.417173 0.869000 
809 -0.227670 0.737535 
810 -0.327694 0.630625 
811 -0.182286 0.543193 
812 -0.421835 0.900254 
813 -0.327097 0.763559 
814 -0.265048 0.521510 
815 -0.196195 0.582316 
816 -0.450288 0.671823 
817 -0.507208 0.799852 
818 -0.176984 0.813118 
819 -0.206031 0.588742 
820 -0.180277 0.840162 
821 -0.556004 0.663694 
822 -0.230167 0.620457 
823 -0.121211 0.366101 
824 -0.392390 0.503201 
825 -0.590496 0.455193 
826 -0.522224 0.856705 
827 -0.399168 0.734572 
828 -0.554116 0.852842 
829 -0.295826 0.883957 
830 -0.269459 0.784738 
831 -0.172646 0.875246 
832 -0.153077 0.730302 
833 -0.217802 0.921773 
834 -0.251067 0.728952 
835 -0.171475 0.716788 
836 -0.114863 0.654713 
837 -0.326987 0.794439 
838 -0.536203 0.791385 
839 -0.418649 0.948366 
840 -0.429030 0.633796 
841 -0.258713 0.528629 
842 -0.618329 0.515520 
843 -0.531408 0.585684 
844 -0.591156 0.561774 
845 -0.386785 0.672696 
846 -0.280063 0.536456 
847 -0.473920 0.786761 
848 -0.416458 0.607754 
849 -0.133136 0.599900 
850 -0.268527 0.534840 
851 -0.277168 0.945010 
852 -0.126995 0.610570 
853 -0.413423 0.698175 
854 -0.182020 0.890646 
855 -0.256684 0.703394 
856 -0.370984 0.690961 
857 -0.501636 0.577601 
858 -0.349679 0.818603 
859 -0.365301 0.909459 
860 -0.405141 0.742841 
861 -0.376800 0.895159 
862 -0.291767 0.538564 
863 -0.114569 0.705451 
864 -0.424749 0.471038 
865 -0.570043 0.547513 
866 -0.587797 0.429966 
867 -0.538637 0.644345 
868 -0.173486 0.861563 
869 -0.434780 0.685487 
870 -0.434272 0.806716 
871 -0.124831 0.832619 
872 -0.224686 0.693045 
873 -0.576735 0.619799 
874 -0.584456 0.776518 
875 -0.500098 0.749606 
876 -0.462296 0.671728 
877 -0.352373 0.866877 
878 -0.394689 0.712068 
879 -0.351249 0.614405 
880 -0.473322 0.589561 
881 -0.429075 0.502394 
882 -0.458799 0.617953 
883 -0.346065 0.581473 
884 -0.393820 0.793036 
885 -0.583646 0.740642 
886 -0.280457 0.807953 
887 -0.119223 0.741158 
888 -0.216511 0.637296 
889 -0.376455 0.623049 
890 -0.250524 0.775714 
891 -0.227691 0.478040 
892 -0.174028 0.715017 
893 -0.425881 0.774014 
894 -0.553110 0.484270 
895 -0.395770 0.468015 
896 -0.262327 0.636142 
897 -0.255980 0.794706 
898 -0.248561 0.837198 
899 -0.232157 0.925529 
900 -0.410686 0.692984 
901 -0.445996 0.640022 
902 -0.406636 0.435885 
903 -0.494429 0.834719 
904 -0.260110 0.730118 
905 -0.556279 0.684545 
906 -0.492935 0.789910 
907 -0.330815 0.727240 
908 -0.246969 0.571288 
909 -0.478170 0.444853 
910 -0.530559 0.665366 
911 -0.343746 0.836866 
912 -0.632244 0.745312 
913 -0.193126 0.705783 
914 -0.495429 0.625498 
915 -0.394835 0.722271 
916 -0.424653 0.486102 
917 -0.507334 0.797534 
918 -0.494004 0.718749 
919 -0.213646 0.870248 
920 -0.586516 0.445251 
921 -0.368970 0.623998 
922 -0.568445 0.653917 
923 -0.394442 0.537999 
924 -0.466668 0.820623 
925 -0.508033 0.442257 
926 -0.266922 0.879466 
927 -0.253562 0.836475 
928 -0.631701 0.931305 
929 -0.249994 0.646697 
930 -0.286356 0.774623 
931 -0.457139 0.627515 
932 -0.466745 0.479678 
933 -0.444323 0.612785 
934 -0.428033 0.485944 
935 -0.317844 0.619635 
936 -0.209368 0.656922 
937 -0.549014 0.857085 
938 -0.449759 1.012498 
939 -0.444945 0.694186 
940 -0.591034 0.481252 
941 -0.573063 0.772939 
942 -0.528447 0.468044 
943 -0.344766 0.469465 
944 -0.166163 0.495716 
945 -0.379168 0.699441 
946 -0.149075 0.789094 
947 -0.448816 0.791269 
948 -0.505993 0.637013 
949 -0.451944 0.585483 
950 -0.149171 0.614392 
951 -0.329547 0.847363 
952 -0.439826 0.457372 
953 -0.391701 0.411645 
954 -0.286863 0.708139 
955 -0.178332 0.518427 
956 -0.414965 0.642183 
957 -0.551801 0.768668 
958 -0.366374 0.391084 
959 -0.338620 0.458960 
960 -0.202703 0.508901 
961 -0.172145 0.422612 
962 -0.515108 0.592915 
963 -0.514143 0.600780 
964 -0.229406 0.798338 
965 -0.204667 0.462758 
966 -0.258302 0.770143 
967 -0.216205 0.741727 
968 -0.068156 0.880748 
969 -0.577448 0.526075 
970 -0.160298 0.820378 
971 -0.486660 0.334926 
972 -0.118426 0.418643 
973 -0.306571 0.547100 
974 -0.495769 0.459470 
975 -0.259586 0.684031 
976 -0.265980 0.569516 
977 -0.082381 0.805710 
978 -0.133972 0.937968 
979 -0.252112 0.633172 
980 -0.210906 0.744016 
981 -0.202511 0.762590 
982 -0.356757 0.658800 
983 -0.317680 0.666189 
984 -0.237822 0.898234 
985 -0.394237 0.685842 
986 -0.179784 0.618635 
987 -0.320638 0.697563 
988 -0.121527 0.533161 
989 -0.402839 0.782601 
990 -0.160420 0.619076 
991 -0.520533 0.667988 
992 -0.379798 0.481091 
993 -0.148430 0.716193 
994 -0.048424 0.814244 
995 -0.415462 0.628671 
996 -0.391407 0.591345 
997 -0.263752 0.610512 
998 -0.161752 0.499104 
999 -0.175869 0.539046 
1000 -0.236248 0.678947 
1001 -0.479427 0.647026 
1002 -0.117772 0.527319 
1003 -0.244229 0.753979 
1004 -0.533120 0.619856 
1005 -0.433823 0.820471 
1006 -0.158716 0.652201 
1007 -0.525938 0.470058 
1008 -0.516283 0.695708 
1009 -0.156383 0.687002 
1010 -0.270985 0.839329 
1011 -0.237189 0.478384 
1012 -0.096415 0.790569 
1013 -0.285490 0.592168 
1014 -0.397073 0.699249 
1015 -0.148229 0.484239 
1016 -0.261393 0.571319 
1017 -0.598582 0.479666 
1018 -0.631742 0.582294 
1019 -0.324635 0.584007 
1020 -0.267829 0.577729 
1021 -0.393885 0.853072 
1022 -0.319772 0.477387 
1023 -0.606792 0.446020 
1024 -0.391827 0.813099 
1025 -0.175047 0.859992 
1026 -0.355297 0.556273 
1027 -0.271981 0.758219 
1028 -0.421453 0.582662 
1029 -0.532238 0.794059 
1030 -0.259882 0.837965 
1031 -0.449229 0.815378 
1032 -0.464127 0.645698 
1033 -0.559116 0.682363 
1034 -0.596279 0.463319 
1035 -0.141868 0.872076 
1036 -0.104604 0.666904 
1037 -0.335092 0.558623 
1038 -0.608694 0.846614 
1039 -0.248168 0.734071 
1040 -0.388446 0.635964 
1041 -0.312891 0.551721 
1042 -0.149858 0.736458 
1043 -0.347990 0.775689 
1044 -0.259017 0.751996 
1045 -0.470022 0.707189 
1046 -0.334131 0.590098 
1047 -0.438714 0.602070 
1048 -0.140157 0.559978 
1049 -0.507717 0.475671 
1050 -0.089911 0.820514 
1051 -0.346608 0.830372 
1052 -0.505636 0.756222 
1053 -0.109458 0.756001 
1054 -0.137488 0.533344 
1055 -0.562961 0.555006 
1056 -0.609181 0.495640 
1057 -0.208472 0.599317 
1058 -0.563974 0.714018 
1059 -0.094142 0.411930 
1060 -0.272066 0.757654 
1061 -0.320334 0.805268 
1062 -0.534917 0.734109 
1063 -0.574086 0.581019 
1064 -0.176735 0.701466 
1065 -0.337298 0.758462 
1066 -0.283605 0.756680 
1067 -0.345012 0.897339 
1068 -0.366401 0.583893 
1069 -0.582754 0.482123 
1070 -0.148904 0.635763 
1071 -0.328054 0.773774 
1072 -0.510500 0.600608 
1073 -0.395027 0.490538 
1074 -0.458656 0.650561 
1075 -0.183534 0.567046 
1076 -0.447320 0.741977 
1077 -0.547046 0.708014 
1078 -0.214809 0.886654 
1079 -0.228092 0.619884 
1080 -0.507219 0.808319 
1081 -0.242868 0.580928 
1082 -0.649058 0.436810 
1083 -0.560129 0.396443 
1084 -0.516198 0.763992 
1085 -0.445364 0.394097 
1086 -0.269829 0.579056 
1087 -0.244072 0.832889 
1088 -0.249478 0.802311 
1089 -0.408417 0.513289 
1090 -0.413462 0.585378 
1091 -0.539235 0.473903 
1092 -0.494260 0.919211 
1093 -0.565735 0.824243 
1094 -0.476088 0.486125 
1095 -0.306816 0.727256 
1096 -0.399716 0.555189 
1097 -0.235573 0.639128 
1098 -0.300914 0.806526 
1099 -0.408341 0.813812 
1100 -0.389691 0.613347 
1101 -0.264760 0.586683 
1102 -0.191493 0.633852 
1103 -0.201526 0.655842 
1104 -0.190695 0.659397 
1105 -0.446402 0.596256 
1106 -0.478894 0.601581 
1107 -0.511922 0.422427 
1108 -0.322834 0.768152 
1109 -0.524893 0.649765 
1110 -0.178198 0.588688 
1111 -0.260256 0.862315 
1112 -0.600830 0.611176 
1113 -0.555479 0.607182 
1114 -0.442401 0.485761 
1115 -0.240521 0.577171 
1116 -0.534872 0.540236 
1117 -0.427485 0.879954 
1118 -0.577333 0.705570 
1119 -0.153810 0.781106 
1120 -0.589234 0.839298 
1121 -0.494403 0.339680 
1122 -0.388428 0.623881 
1123 -0.253639 0.637352 
1124 -0.457193 0.465016 
1125 -0.479759 0.820579 
1126 -0.481287 0.917975 
1127 -0.418845 0.522200 
1128 -0.492832 0.459699 
1129 -0.121951 0.607330 
1130 -0.243345 0.777855 
1131 -0.281717 0.658680 
1132 -0.296299 0.673580 
1133 -0.461996 0.490549 
1134 -0.131704 0.747352 
1135 -0.514855 0.605280 
1136 -0.559865 0.721633 
1137 -0.278810 0.484599 
1138 -0.338468 0.571327 
1139 -0.630631 0.469690 
1140 -0.280587 0.524998 
1141 -0.575866 0.754397 
1142 -0.195236 0.673575 
1143 -0.268736 0.625123 
1144 -0.466102 0.676113 
1145 -0.378940 0.658092 
1146 -0.480765 0.810042 
1147 -0.424131 0.765841 
1148 -0.578127 0.571621 
1149 -0.181529 0.537081 
1150 -0.254417 0.493536 
1151 -0.450906 0.531626 
1152 -0.249812 0.480561 
1153 -0.178619 0.609225 
1154 -0.139717 0.825566 
1155 -0.546991 0.438805 
1156 -0.381974 0.748299 
1157 -0.137010 0.813259 
1158 -0.420089 0.769743 
1159 -0.490404 0.474065 
1160 -0.619288 0.514216 
1161 -0.313385 0.612383 
1162 -0.255888 0.463509 
1163 -0.180454 0.743137 
1164 -0.356755 0.545080 
1165 -0.215962 0.895657 
1166 -0.335200 0.533827 
1167 -0.393525 0.879229 
1168 -0.446015 0.512729 
1169 -0.389070 0.446691 
1170 -0.473181 0.835558 
1171 -0.156487 0.651974 
1172 -0.346776 0.439194 
1173 -0.231362 0.776569 
1174 -0.525132 0.537796 
1175 -0.229404 0.886264 
1176 -0.491867 0.817253 
1177 -0.366037 0.860961 
1178 -0.169046 0.519858 
1179 -0.504595 0.741179 
1180 -0.308653 0.771073 
1181 -0.606332 0.757654 
1182 -0.440706 0.820038 
1183 -0.589440 0.462329 
1184 -0.461961 0.581915 
1185 -0.605347 0.576532 
1186 -0.520490 0.558851 
1187 -0.309110 0.673201 
1188 -0.585117 0.410473 
1189 -0.410705 0.948464 
1190 -0.103727 0.706107 
1191 -0.502151 0.560259 
1192 -0.532155 0.686963 
1193 -0.329981 0.678994 
1194 -0.582770 0.579679 
1195 -0.205963 0.644356 
1196 -0.536850 0.741711 
1197 -0.607707 0.516790 
1198 -0.234047 0.678774 
1199 -0.159694 0.491649 
1200 -0.598767 0.685269 
1201 -0.604981 0.582048 
1202 -0.246791 0.461261 
1203 -0.543862 0.654792 
1204 -0.226669 0.733438 
1205 -0.486304 0.547734 
1206 -0.391958 0.721785 
1207 -0.325531 0.563745 
1208 -0.291527 0.527897 
1209 -0.610434 0.665210 
1210 -0.170199 0.508178 
1211 -0.196086 0.835782 
1212 -0.402781 0.493596 
1213 -0.600069 0.721516 
1214 -0.566051 0.423255 
1215 -0.149886 0.695782 
1216 -0.226608 0.669531 
1217 -0.299844 0.600649 
1218 -0.199673 0.636072 
1219 -0.520480 0.670844 
1220 -0.284505 0.819533 
1221 -0.370297 0.904948 
1222 -0.482459 0.653318 
1223 -0.486903 0.715284 
1224 -0.652473 0.538848 
1225 -0.362951 0.712947 
1226 -0.493925 0.603679 
1227 -0.148963 0.577251 
1228 -0.617891 0.832342 
1229 -0.381867 0.602333 
1230 -0.475793 0.473349 
1231 -0.205351 0.579362 
1232 -0.236699 0.803793 
1233 -0.302324 0.710447 
1234 -0.504615 0.728268 
1235 -0.244534 0.648085 
1236 -0.289695 0.820983 
1237 -0.341017 0.689939 
1238 -0.519482 0.613455 
1239 -0.656132 0.777759 
1240 -0.116053 0.840044 
1241 -0.500489 0.681975 
1242 -0.302626 0.546014 
1243 -0.388142 0.525518 
1244 -0.407723 0.646836 
1245 -0.580740 0.564017 
1246 -0.370469 0.822294 
1247 -0.575240 0.471392 
1248 -0.336683 0.414148 
1249 -0.370590 0.491937 
1250 -0.428861 0.624037 
1251 -0.143992 0.575079 
1252 -0.563842 0.470774 
1253 -0.400694 0.510356 
1254 -0.516558 0.421820 
1255 -0.432772 0.638109 
1256 -0.118057 0.741361 
1257 -0.120540 0.710510 
1258 -0.215398 0.538411 
1259 -0.089368 0.398283 
1260 -0.213900 0.647301 
1261 -0.197404 0.711364 
1262 -0.154494 0.741012 
1263 -0.378808 0.909350 
1264 -0.302009 0.543384 
1265 -0.274982 0.716589 
1266 -0.145312 0.650992 
1267 -0.335442 0.631337 
1268 -0.493226 0.572668 
1269 -0.372641 0.562582 
1270 -0.180058 0.482769 
1271 -0.387375 0.689607 
1272 -0.403011 0.394400 
1273 -0.372333 0.835908 
1274 -0.531846 0.473826 
1275 -0.167652 0.709222 
1276 -0.065537 0.853034 
1277 -0.547720 0.525269 
1278 -0.378753 0.787216 
1279 -0.225127 0.779681 
1280 -0.564738 0.543217 
1281 -0.425172 0.624056 
1282 -0.261360 0.425935 
1283 -0.593980 0.461921 
1284 -0.558224 0.489341 
1285 -0.563275 0.536387 
1286 -0.157358 0.776836 
1287 -0.486424 0.600762 
1288 -0.293878 0.775343 
1289 -0.398096 0.365447 
1290 -0.293260 0.521343 
1291 -0.239327 0.381691 
1292 -0.318591 0.571050 
1293 -0.255886 0.619752 
1294 -0.179771 0.802560 
1295 -0.548704 0.574042 
1296 -0.246898 0.802442 
1297 -0.428343 0.518713 
1298 -0.350220 0.544715 
1299 -0.382234 0.567060 
1300 -0.362433 0.350325 
1301 -0.467644 0.517542 
1302 -0.182002 0.411708 
1303 -0.527992 0.637682 
1304 -0.407380 0.601722 
1305 -0.412605 0.866063 
1306 -0.175416 0.806748 
1307 -0.542599 0.746643 
1308 -0.381879 0.455649 
1309 -0.220451 0.696457 
1310 -0.428721 0.544884 
1311 -0.137684 0.537810 
1312 -0.081500 0.455390 
1313 -0.128426 0.550580 
1314 -0.229764 0.807076 
1315 -0.438687 0.702715 
1316 -0.176169 0.845167 
1317 -0.477742 0.421765 
1318 -0.336785 0.520979 
1319 -0.356413 0.500600 
1320 -0.469937 0.672020 
1321 -0.497977 0.404043 
1322 -0.347098 0.442229 
1323 -0.330330 0.592310 
1324 -0.206610 0.863105 
1326 -0.325921 0.756150 
1327 -0.122721 0.789279 
1328 -0.205183 0.717769 
1329 -0.347244 0.757561 
1330 -0.528370 0.857598 
1331 -0.537283 0.740691 
1332 -0.345617 0.775298 
1333 -0.423588 0.804316 
1334 -0.372765 0.554974 
1335 -0.455611 0.737945 
1336 -0.271018 0.785141 
1337 -0.594547 0.477321 
1338 -0.142237 0.588043 
1339 -0.219820 0.813363 
1340 -0.428071 0.728026 
1341 -0.455748 0.759024 
1342 -0.257774 0.591525 
1343 -0.276174 0.489153 
1344 -0.443176 0.507066 
1345 -0.307555 0.801600 
1346 -0.323695 0.656164 
1347 -0.347685 0.579440 
1348 -0.280493 0.606638 
1349 -0.138610 0.819741 
1350 -0.272499 0.858311 
1351 -0.448929 0.396893 
1352 -0.544798 0.391891 
1353 -0.298683 0.720366 
1354 -0.461926 0.811241 
1355 -0.591640 0.512044 
1356 -0.478146 0.812659 
1357 -0.359639 0.515985 
1358 -0.378846 0.537028 
1359 -0.343214 0.765216 
1360 -0.184880 0.799095 
1361 -0.379302 0.698014 
1362 -0.425114 0.662390 
1363 -0.398662 0.714350 
1364 -0.616509 0.540925 
1365 -0.334433 0.607282 
1366 -0.406996 0.436984 
1367 -0.512016 0.762465 
1368 -0.469797 0.482782 
1369 -0.253070 0.813131 
1370 -0.298320 0.756948 
1371 -0.186894 0.730798 
1372 -0.332015 0.779099 
1373 -0.169473 0.702421 
1374 -0.536212 0.401302 
1375 -0.319956 0.793878 
1376 -0.497943 0.638352 
1377 -0.158436 0.680799 
1378 -0.392090 0.534815 
1379 -0.288621 0.535984 
1380 -0.514728 0.814650 
1381 -0.363336 0.815801 
1382 -0.590556 0.686600 
1383 -0.423568 0.472863 
1384 -0.155624 0.454669 
1385 -0.365347 0.704100 
1386 -0.153364 0.506657 
1387 -0.074467 0.812393 
1388 -0.331360 0.524953 
1389 -0.511799 0.755499 
1390 -0.180450 0.752495 
1391 -0.475835 0.720724 
1392 -0.247769 0.857120 
1393 -0.296733 0.511737 
1394 -0.134081 0.710935 
1395 -0.357669 0.728227 
1396 -0.502637 0.579078 
1397 -0.549210 0.431010 
1398 -0.434383 0.475910 
1399 -0.130585 0.870321 
1400 -0.273787 0.824776 
1401 -0.234219 0.919956 
1402 -0.574662 0.605572 
1403 -0.153817 0.760849 
1404 -0.108529 0.779997 
1405 -0.386412 0.669110 
1406 -0.486122 0.508700 
1407 -0.413848 0.505345 
1408 -0.415752 0.571852 
1409 -0.163187 0.565344 
1410 -0.539747 0.701810 
1411 -0.389916 0.608485 
1412 -0.250294 0.714043 
1413 -0.272391 0.493796 
1414 -0.331257 0.491139 
1415 -0.311149 0.525025 
1416 -0.328667 0.585770 
1417 -0.438300 0.841510 
1418 -0.542903 0.423483 
1419 -0.300370 0.472979 
1420 -0.141599 0.616513 
1421 -0.501062 0.711945 
1422 -0.604421 0.524450 
1423 -0.585240 0.578875 
1424 -0.561404 0.572787 
1425 -0.545243 0.788521 
1426 -0.337230 0.528112 
1427 -0.394434 0.570903 
1428 -0.352724 0.399987 
1429 -0.468940 0.516274 
1430 -0.443486 0.768835 
1431 -0.470593 0.743322 
1432 -0.614377 0.760533 
1433 -0.240411 0.619163 
1434 -0.420847 0.651901 
1435 -0.525869 0.638151 
1436 -0.300697 0.411143 
1437 -0.192381 0.544568 
1438 -0.201577 0.598937 
1439 -0.321516 0.772123 
1440 -0.496201 0.596388 
1441 -0.497434 0.554681 
1442 -0.631227 0.682333 
1443 -0.555734 0.613337 
1444 -0.608355 0.651983 
1445 -0.424208 0.782805 
1446 -0.259347 0.682330 
1447 -0.193755 0.480359 
1448 -0.600488 0.648834 
1449 -0.588713 0.617523 
1450 -0.632305 0.609014 
1451 -0.207895 0.517416 
1452 -0.193961 0.745244 
1453 -0.095776 0.543479 
1454 -0.342090 0.642128 
1455 -0.508810 0.857301 
1456 -0.368884 0.440721 
1457 -0.233419 0.473441 
1458 -0.144142 0.501815 
1459 -0.284385 0.758638 
1460 -0.341079 0.763956 
1461 -0.359129 0.557211 
1462 -0.233550 0.663985 
1463 -0.442595 0.729693 
1464 -0.504654 0.513130 
1465 -0.335835 0.524834 
1466 -0.432100 0.440149 
1467 -0.234174 0.727354 
1468 -0.134464 0.659306 
1469 -0.579402 0.687882 
1470 -0.449214 0.764583 
1471 -0.372145 0.569663 
1472 -0.178717 0.650849 
1473 -0.157302 0.750357 
1474 -0.446244 0.559857 
1475 -0.212335 0.834921 
1476 -0.143747 0.836737 
1477 -0.362405 0.562634 
1478 -0.210144 0.633110 
1479 -0.352362 0.635076 
1480 -0.337808 0.504245 
1481 -0.342150 0.489813 
1482 -0.560428 0.591759 
1483 -0.408605 0.450811 
1484 -0.230654 0.675483 
1485 -0.519242 0.535608 
1486 -0.459342 0.737465 
1487 -0.515781 0.686319 
1488 -0.246644 0.557435 
1489 -0.320610 0.523028 
1490 -0.336521 0.498212 
1491 -0.435187 0.342076 
1492 -0.530921 0.673557 
1493 -0.533925 0.689455 
1494 -0.369255 0.781536 
1495 -0.313727 0.826882 
1496 -0.557190 0.474074 
1497 -0.169493 0.600667 
1498 -0.479278 0.458583 
1499 -0.577782 0.584085 
1500 -0.518810 0.609476 
1501 -0.391758 0.500065 
1502 -0.146995 0.842869 
1503 -0.592816 0.461597 
1504 -0.479807 0.770142 
1505 -0.474471 0.769825 
1506 -0.420081 0.576793 
1507 -0.531791 0.468046 
1508 -0.489830 0.507063 
1509 -0.403261 0.702496 
1510 -0.278188 0.601405 
1511 -0.331174 0.648317 
1512 -0.615710 0.535232 
1513 -0.580908 0.779059 
1516 -2.489898 3.076845 
1517 -0.856476 0.733933 
1518 -0.733988 0.620793 
1519 -0.742324 0.784156 
1520 -0.722516 0.643461 
1521 -0.654331 0.529725 
1522 -0.634085 0.811901 
1523 -0.665131 0.608702 
1524 -0.759377 0.855323 
1525 -0.257828 0.932823 
1526 -0.671595 0.548781 
1527 -0.567208 0.538518 
1528 -0.281084 0.840565 
1529 -0.531327 0.690298 
1530 -0.645591 0.606223 
1531 -0.343558 0.595530 
1532 -0.694062 0.557034 
1533 -0.715720 0.842989 
1534 -0.201697 0.664807 
1535 -0.342021 0.879926 
1536 -0.516760 0.828829 
1537 -0.633367 0.881074 
1538 -0.619800 0.780351 
1539 -0.446935 0.755655 
1540 -0.568702 0.853412 
1541 -0.608596 0.533921 
1542 -0.401840 0.665460 
1543 -0.271883 0.595816 
1544 -0.244542 0.515883 
1545 -0.334119 0.548122 
1546 -0.392347 0.687066 
1547 -0.287472 0.437907 
1548 -0.195124 0.925062 
1549 -0.234110 0.596533 
1550 -0.314207 0.606905 
1551 -0.471880 0.596979 
1552 -0.176564 0.530607 
1553 -0.492851 0.832091 
1554 -0.405715 0.833883 
1555 -0.461230 0.734192 
1556 -0.297089 0.707888 
1557 -0.079841 0.744203 
1558 -0.270045 0.810016 
1559 -0.432870 0.705868 
1560 -0.309592 0.453421 
1561 -0.440955 0.726829 
1562 -0.588411 0.461218 
1563 -0.536628 0.789477 
1564 -0.180821 0.740104 
1565 -0.376708 0.554082 
1566 -0.202443 0.748119 
1567 -0.207244 0.609811 
1568 -0.470494 0.868528 
1569 -0.272464 0.858743 
1570 -0.132147 0.471811 
1571 -0.327567 0.784062 
1572 -0.184352 0.782747 
1573 -0.614735 0.821989 
1574 -0.561201 0.676823 
1575 -0.139942 0.911628 
1576 -0.209985 0.879801 
1577 -0.219656 0.576776 
1578 -0.587670 0.603559 
1579 -0.311284 0.769623 
1580 -0.422663 0.667588 
1581 -0.164988 0.570893 
1582 -0.521841 0.863028 
1583 -0.517476 0.406595 
1584 -0.345043 0.493496 
1585 -0.229675 0.578052 
1586 -0.341555 0.595774 
1587 -0.583171 0.550161 
1588 -0.246328 0.612271 
1589 -0.205389 0.483609 
1590 -0.317437 0.482315 
1591 -0.622044 0.523940 
1592 -0.210812 0.600248 
1593 -0.588605 0.448900 
1594 -0.094760 0.514909 
1595 -0.487391 0.474934 
1596 -0.366720 0.684549 
1597 -0.295833 0.967400 
1598 -0.201588 0.660933 
1599 -0.095824 0.857945 
1600 -0.271815 0.845942 
1601 -0.143113 0.717804 
1602 -0.496071 0.736662 
1603 -0.217221 0.470796 
1604 -0.389199 0.674650 
1605 -0.361758 0.506842 
1606 -0.134812 0.863080 
1607 -0.253767 0.482053 
1608 -0.414611 0.640042 
1609 -0.522566 0.526185 
1610 -0.121738 0.849129 
1611 -0.538017 0.659044 
1612 -0.348515 0.875890 
1613 -0.405934 0.642534 
1614 -0.479331 0.427643 
1615 -0.196011 0.658708 
1616 -0.531769 0.649267 
1617 -0.288342 0.580373 
1618 -0.431766 0.820994 
1619 -0.352412 0.778581 
1620 -0.364001 0.821845 
1621 -0.371854 0.548375 
1622 -0.351835 0.494702 
1623 -0.609498 0.865701 
1624 -0.257555 0.618853 
1625 -0.451833 0.684829 
1626 -0.367721 0.772812 
1627 -0.064665 0.747020 
1628 -0.217090 0.779714 
1629 -0.267589 0.866465 
1630 -0.266315 0.647813 
1631 -0.361347 0.815796 
1632 -0.404514 0.597548 
1633 -0.502658 0.535133 
1634 -0.335096 0.554521 
1635 -0.513189 0.665769 
1636 -0.350761 0.446551 
1637 -0.404919 0.654016 
1638 -0.465694 0.628854 
1639 -0.488060 0.945559 
1640 -0.527573 0.549177 
1641 -0.224423 0.702027 
1642 -0.129194 0.750053 
1643 -0.220893 0.759663 
1644 -0.190473 0.683730 
1645 -0.629082 0.551049 
1646 -0.124712 0.821955 
1647 -0.584849 0.449147 
1648 -0.448368 0.653784 
1649 -0.560122 0.754450 
1650 -0.253854 0.485220 
1651 -0.623800 0.816555 
1652 -0.313448 0.434058 
1653 -0.128912 0.598718 
1654 -0.524914 0.809532 
1655 -0.369788 0.778446 
1656 -0.535860 0.656136 
1657 -0.414837 0.496006 
1658 -0.450244 0.657323 
1659 -0.354754 0.780218 
1660 -0.514995 0.824406 
1661 -0.461006 0.789738 
1662 -0.413693 0.677022 
1663 -0.174369 0.774242 
1664 -0.254075 0.642743 
1665 -0.327901 0.577139 
1666 -0.624820 0.601741 
1667 -0.440422 0.856316 
1668 -0.415015 0.872770 
1669 -0.222230 0.880058 
1670 -0.314597 0.782355 
1671 -0.311594 0.831769 
1672 -0.472455 0.635124 
1673 -0.583258 0.581630 
1674 -0.585358 0.947233 
1675 -0.449800 0.630963 
1676 -0.209874 0.763908 
1677 -0.536590 0.693575 
1678 -0.487350 0.659972 
1679 -0.355347 0.663865 
1680 -0.295793 0.476073 
1681 -0.368578 0.465249 
1682 -0.591086 0.620930 
1683 -0.483750 0.560274 
1684 -0.457674 0.621309 
1685 -0.586058 0.762125 
1686 -0.380419 0.484249 
1687 -0.589825 0.641090 
1688 -0.522325 0.594532 
1689 -0.410784 0.901899 
1690 -0.430339 0.675178 
1691 -0.200603 0.778240 
1692 -0.214749 0.560933 
1693 -0.448098 0.704330 
1694 -0.365674 0.642741 
1695 -0.181620 0.688804 
1696 -0.165741 0.653585 
1697 -0.503603 0.495891 
1698 -0.335177 0.623500 
1699 -0.288633 0.677555 
1700 -0.578916 0.599065 
1701 -0.407506 0.429723 
1702 -0.321811 0.605356 
1703 -0.255161 0.737505 
1704 -0.566300 0.709714 
1705 -0.519041 0.558596 
1706 -0.531608 0.578031 
1707 -0.411837 0.593906 
1708 -0.463205 0.678789 
1709 -0.498644 0.634105 
1710 -0.516310 0.793055 
1711 -0.253048 0.652686 
1712 -0.544173 0.581038 
1713 -0.196342 0.620026 
1714 -0.264956 0.571115 
1715 -0.124159 0.876081 
1716 -0.504476 0.626358 
1717 -0.413069 0.773916 
1718 -0.305119 0.601414 
1719 -0.204644 0.682951 
1720 -0.329619 0.513251 
1721 -0.391170 0.669246 
1722 -0.409909 0.525379 
1723 -0.124257 0.422505 
1724 -0.400974 0.714344 
1725 -0.655707 0.480817 
1726 -0.151550 0.537540 
1727 -0.160085 0.763414 
1728 -0.279544 0.620399 
1729 -0.142414 0.806256 
1730 -0.442702 0.470696 
1731 -0.306748 0.524454 
1732 -0.173805 0.731682 
1733 -0.461985 0.570546 
1734 -0.591036 0.643532 
1735 -0.341181 0.675973 
1736 -0.591942 0.577232 
1737 -0.335568 0.408430 
1738 -0.139168 0.709085 
1739 -0.327153 0.502466 
1740 -0.530335 0.543509 
1741 -0.335333 0.775015 
1742 -0.180855 0.856836 
1743 -0.493205 0.777556 
1744 -0.456767 0.827079 
1745 -0.115671 0.604712 
1746 -0.143727 0.812227 
1747 -0.370809 0.708829 
1748 -0.436506 0.484274 
1749 -0.349503 0.894643 
1750 -0.551083 0.753542 
1751 -0.171345 0.657262 
1752 -0.272675 0.517538 
1753 -0.349676 0.636099 
1754 -0.534632 0.904604 
1755 -0.531477 0.421844 
1756 -0.527247 0.830175 
1757 -0.516863 0.599884 
1758 -0.504262 0.493403 
1759 -0.223732 0.754635 
1760 -0.238703 0.721970 
1761 -0.275115 0.768761 
1762 -0.562742 0.579860 
1763 -0.525744 0.751404 
1764 -0.559113 0.551853 
1765 -0.169959 0.766976 
1766 -0.343367 0.711813 
1767 -0.386018 0.455635 
1768 -0.137760 0.598144 
1769 -0.429936 0.554314 
1770 -0.257523 0.701360 
1771 -0.155844 0.665978 
1772 -0.072797 0.828579 
1773 -0.159973 0.647944 
1774 -0.141148 0.778219 
1775 -0.213252 0.514965 
1776 -0.319143 0.638768 
1777 -0.222925 0.508936 
1778 -0.317876 0.579472 
1779 -0.191332 0.850890 
1780 -0.366964 0.820236 
1781 -0.275043 0.689856 
1782 -0.352695 0.686493 
1783 -0.202370 0.915703 
1784 -0.396906 0.574602 
1785 -0.215092 0.799144 
1786 -0.183210 0.803151 
1787 -0.306127 0.578927 
1788 -0.435017 0.530426 
1789 -0.295439 0.568290 
1790 -0.334374 0.653955 
1791 -0.171276 0.787438 
1792 -0.387265 0.560138 
1793 -0.485179 0.723604 
1794 -0.357582 0.473695 
1795 -0.630443 0.773855 
1796 -0.266833 0.785580 
1797 -0.529122 0.791134 
1798 -0.278353 0.573120 
1799 -0.276447 0.596522 
1800 -0.261510 0.682668 
1801 -0.232717 0.892560 
1802 -0.281849 0.735452 
1803 -0.112883 0.799352 
1804 -0.426259 0.797486 
1805 -0.232739 0.747559 
1806 -0.605893 0.661323 
1807 -0.567257 0.569902 
1808 -0.586263 0.452560 
1809 -0.148026 0.670170 
1810 -0.522827 0.685127 
1811 -0.264640 0.530520 
1871 -0.512877 1.077801 
1872 -0.535720 0.920081 
1873 -0.279296 1.007563 
1874 -0.415786 0.862318 
1875 -0.402406 0.966707 
1876 -0.145393 0.945146 
1877 -0.115509 0.650065 
1878 -0.198135 0.607559 
1879 -0.412507 0.654716 
1880 -0.270894 0.489236 
1881 -0.252037 0.535645 
1882 -0.327822 0.814951 
1883 -0.388570 0.528586 
1884 -0.400771 0.669211 
1885 -0.343154 0.777173 
1886 -0.179909 0.917860 
1887 -0.175523 0.712737 
1888 -0.130285 0.795565 
1889 -0.113859 0.851914 
1890 -0.085016 0.866480 
1891 -0.496609 0.873283 
1892 -0.457603 0.870134 
1893 -0.390881 0.707677 
1894 -0.195323 0.746716 
1895 -0.251331 0.822078 
1896 -0.215052 0.556746 
1897 -0.369825 0.633130 
1898 -0.398295 0.621262 
1899 -0.269291 0.801452 
1900 -0.293363 0.517450 
1901 -0.264330 0.962073 
1902 -0.226758 0.675884 
1903 -0.437644 0.475508 
1904 -0.268164 0.800466 
1905 -0.496784 0.586007 
1906 -0.589710 0.571903 
1907 -0.159330 0.812687 
1908 -0.148868 0.593580 
1909 -0.549954 0.853837 
1910 -0.374699 0.871695 
1911 -0.188630 0.560058 
1912 -0.305745 0.724365 
1913 -0.167241 0.538475 
1914 -0.416707 0.531221 
1915 -0.198877 0.618014 
1916 -0.161217 0.617218 
1917 -0.461315 0.596856 
1918 -0.440512 0.740603 
1919 -0.216254 0.606019 
1920 -0.579694 0.713483 
1921 -0.466477 0.745254 
1922 -0.579053 0.799043 
1923 -0.169856 0.778155 
1924 -0.584642 0.431627 
1925 -0.154785 0.679980 
1926 -0.226250 0.776584 
1927 -0.199009 0.799971 
1928 -0.374991 0.699161 
1929 -0.298238 0.547134 
1930 -0.119799 0.804302 
1931 -0.367804 0.703076 
1932 -0.489060 0.782302 
1933 -0.423490 0.723719 
1934 -0.640196 0.694258 
1935 -0.492293 0.702567 
1936 -0.592795 0.427317 
1937 -0.573892 0.542241 
1938 -0.424577 0.645934 
1939 -0.203882 0.904655 
1940 -0.189724 0.569612 
1941 -0.075928 0.864391 
1942 -0.212277 0.780192 
1943 -0.383134 0.747272 
1944 -0.197731 0.612236 
1945 -0.269609 0.626295 
1946 -0.396074 0.587227 
1947 -0.381412 0.849185 
1948 -0.341594 0.698326 
1949 -0.300066 0.776962 
1950 -0.295300 0.641393 
1951 -0.230317 0.599439 
1952 -0.277633 0.645197 
1953 -0.651579 0.585024 
1954 -0.328207 0.858163 
1955 -0.520739 0.802289 
1956 -0.137542 0.716837 
1957 -0.267625 0.963501 
1958 -0.519545 0.710853 
1959 -0.496006 0.846120 
1960 -0.422161 0.709841 
1961 -0.308205 0.630178 
1962 -0.503524 0.910319 
1963 -0.532694 0.672461 
1964 -0.294260 0.645750 
1965 -0.387664 0.543881 
1966 -0.286266 0.695399 
1967 -0.563166 0.654344 
1968 -0.215958 0.685192 
1969 -0.468481 0.852497 
1970 -0.527483 0.728319 
1971 -0.208538 0.774105 
1972 -0.284988 0.528649 
1973 -0.227548 0.674352 
1974 -0.225337 0.762123 
1975 -0.244364 0.639067 
1976 -0.570365 0.718833 
1977 -0.590296 0.556038 
1978 -0.637723 0.884146 
1979 -0.207305 0.593433 
1980 -0.346466 0.558399 
1981 -0.531710 0.514362 
1982 -0.437137 0.458382 
1983 -0.454558 0.680741 
1984 -0.284733 0.640515 
1985 -0.235555 0.650362 
1986 -0.616418 0.442609 
1987 -0.310183 0.474680 
1988 -0.308303 0.704245 
1989 -0.405504 0.428585 
1990 -0.595506 0.583110 
1991 -0.246423 0.801650 
1992 -0.586148 0.686503 
1993 -0.465999 0.496149 
1994 -0.378860 0.440333 
1995 -0.572740 0.432761 
1996 -0.322911 0.675420 
1997 -0.482098 0.583745 
1998 -0.608835 0.638635 
1999 -0.496789 0.807890 
2000 -0.449063 0.453478 
2001 -0.335640 0.502650 
2002 -0.429642 0.398070 
2003 -0.396585 0.488449 
2004 -0.266502 0.522036 
2005 -0.610305 0.466579 
2006 -0.252145 0.784273 
2007 -0.643998 0.542554 
2008 -0.480752 0.764485 
2009 -0.377599 0.738507 
2010 -0.207715 0.861313 
2011 -0.474002 0.625729 
2012 -0.371126 0.803140 
2013 -0.183094 0.671274 
2014 -0.257083 0.833072 
2015 -0.465118 0.592080 
2016 -0.224694 0.479779 
2017 -0.255262 0.735433 
2018 -0.133618 0.473124 
2019 -0.130102 0.428823 
2020 -0.413595 0.562382 
2021 -0.533870 0.635973 
2022 -0.305226 0.775133 
2023 -0.417479 0.727405 
2024 -0.437841 0.845756 
2025 -0.308459 0.587755 
2026 -0.178525 0.469229 
2027 -0.504566 0.514480 
2028 -0.557895 0.646552 
2029 -0.512928 0.570639 
2030 -0.253225 0.643692 
2031 -0.234273 0.757773 
2032 -0.418356 0.494772 
2033 -0.129686 0.755725 
2034 -0.338921 0.631327 
2035 -0.658052 0.709352 
2036 -0.244014 0.536576 
2037 -0.334548 0.796374 
2038 -0.166386 0.510063 
2039 -0.443616 0.789899 
2040 -0.249002 0.439022 
2041 -0.536878 0.485726 
2042 -0.173018 0.654290 
2043 -0.451698 0.470453 
2044 -0.327805 0.553443 
2045 -0.492271 0.711594 
2046 -0.467978 0.403710 
2047 -0.178003 0.756678 
2048 -0.587269 0.570651 
2049 -0.315934 0.446067 
2050 -0.148900 0.596001 
2051 -0.207017 0.784291 
2052 -0.311865 0.574747 
2053 -0.512845 0.658786 
2054 -0.637484 0.678913 
2055 -0.368157 0.545454 
2056 -0.315451 0.404484 
2057 -0.600719 0.641238 
2058 -0.570042 0.686046 
2059 -0.522809 0.772657 
2060 -0.314596 0.644042 
2061 -0.451063 0.695158 
2062 -0.487831 0.801125 
2063 -0.613032 0.751369 
2064 -0.331691 0.906737 
2065 -0.636488 0.466152 
2066 -0.489323 0.640063 
2067 -0.279509 0.853653 
2068 -0.419742 0.757599 
2069 -0.463184 0.760397 
2070 -0.430996 0.665473 
2071 -0.173637 0.611838 
2072 -0.282779 0.616379 
2073 -0.301863 0.561263 
2074 -0.452188 0.910738 
2075 -0.597539 0.484255 
2076 -0.384104 0.870137 
2077 -0.365337 0.812298 
2078 -0.307499 0.752581 
2079 -0.222466 0.847804 
2080 -0.240682 0.537584 
2081 -0.414455 0.835731 
2082 -0.300267 0.594382 
2083 -0.541101 0.553804 
2084 -0.459120 0.904553 
2085 -0.605302 0.868282 
2086 -0.389325 0.794854 
2087 -0.213288 0.560286 
2088 -0.173758 0.741503 
2089 -0.371900 0.670038 
2090 -0.262848 0.628413 
2091 -0.343171 0.767440 
2092 -0.166738 0.703254 
2093 -0.274276 0.827759 
2094 -0.566552 0.590430 
2095 -0.388251 0.893875 
2096 -0.393856 0.633830 
2097 -0.394546 0.630261 
2098 -0.333446 0.611576 
2099 -0.319377 0.838526 
2100 -0.563034 0.615346 
2101 -0.255656 0.897755 
2102 -0.404008 0.628472 
2103 -0.427242 0.857486 
2104 -0.323455 0.750616 
2105 -0.588948 0.816568 
2106 -0.214088 0.623199 
2107 -0.258364 0.803814 
2108 -0.372440 0.869456 
2109 -0.401057 0.662735 
2110 -0.439232 0.547411 
2111 -0.594516 0.801396 
2112 -0.380860 0.850180 
2113 -0.610045 0.824674 
2114 -0.265691 0.613663 
2115 -0.527603 0.806110 
2116 -0.494274 0.745480 
2117 -0.221181 0.834062 
2118 -0.231737 0.832102 
2119 -0.197540 0.579541 
2120 -0.492489 0.600550 
2121 -0.436059 0.464240 
2122 -0.296379 0.608080 
2123 -0.185575 0.853463 
2124 -0.403717 0.734576 
2125 -0.394371 0.442008 
2126 -0.425020 0.620125 
2127 -0.579396 0.688490 
2128 -0.433670 0.623219 
2129 -0.285555 0.747844 
2130 -0.343567 0.855963 
2131 -0.547690 0.692691 
2132 -0.284737 0.490803 
2133 -0.248819 0.581463 
2134 -0.430298 0.768311 
2135 -0.404216 0.580083 
2136 -0.418374 0.502799 
2137 -0.623826 0.585419 
2138 -0.462530 0.701578 
2139 -0.207165 0.786954 
2140 -0.567451 0.457739 
2141 -0.349014 0.509263 
2142 -0.593430 0.755192 
2143 -0.308795 0.720754 
2144 -0.346533 0.654454 
2145 -0.404019 0.690639 
2146 -0.345918 0.677138 
2147 -0.258082 0.678723 
2148 -0.366456 0.497685 
2149 -0.204917 0.762729 
2150 -0.096529 0.829233 
2151 -0.283467 0.635026 
2152 -0.138058 0.849137 
2153 -0.415520 0.798787 
2154 -0.343444 0.641457 
2155 -0.511058 0.730266 
2156 -0.370035 0.808393 
2157 -0.437473 0.583052 
2158 -0.206598 0.437211 
2159 -0.226570 0.770941 
2160 -0.200731 0.414738 
2161 -0.373733 0.417982 
2162 -0.249795 0.618048 
2163 -0.621250 0.537979 
2164 -0.422077 0.551283 
2165 -0.485956 0.695859 
2166 -0.557684 0.736095 
2167 -0.365781 0.564574 
2168 -0.163847 0.824976 
2169 -0.460657 0.712689 
2170 -0.357469 0.867355 
2171 -0.278844 0.771471 
2172 -0.530014 0.486463 
2173 -0.359753 0.584541 
2174 -0.391112 0.831760 
2175 -0.155630 0.805132 
2176 -0.378624 0.876938 
2177 -0.566320 0.748319 
2178 -0.175964 0.596751 
2179 -0.572495 0.524818 
2180 -0.132007 0.740637 
2181 -0.182965 0.695569 
2182 -0.108958 0.745586 
2183 -0.629569 0.518352 
2184 -0.172877 0.524402 
2185 -0.424029 0.607919 
2186 -0.237102 0.708451 
2187 -0.514356 0.818958 
2188 -0.177053 0.850120 
2189 -0.197977 0.842865 
2190 -0.568711 0.376308 
2191 -0.238850 0.486450 
2192 -0.302174 0.861220 
2193 -0.566546 0.741561 
2194 -0.387773 0.945519 
2195 -0.331600 0.702434 
2196 -0.659475 0.518436 
2197 -0.516295 0.505182 
2198 -0.265421 0.779020 
2199 -0.454367 0.441192 
2200 -0.342218 0.658278 
2201 -0.248347 0.728559 
2202 -0.244761 0.734405 
2203 -0.241874 0.448910 
2204 -0.317565 0.769132 
2205 -0.572286 0.466466 
2206 -0.273190 0.572087 
2207 -0.460770 0.774002 
2208 -0.617311 0.788787 
2209 -0.581994 0.613829 
2210 -0.299786 0.820232 
2211 -0.220925 0.836643 
2212 -0.527495 0.628402 
2213 -0.306110 0.797774 
2214 -0.460655 0.821887 
2215 -0.174099 0.549734 
2216 -0.619726 0.556436 
2217 -0.393053 0.864297 
2218 -0.335306 0.767341 
2219 -0.235416 0.753710 
2220 -0.414260 0.596205 
2221 -0.257337 0.533328 
2222 -0.235666 0.575942 
2223 -0.521717 0.545689 
2224 -0.133032 0.834082 
2225 -0.293794 0.748356 
2226 -0.160270 0.898370 
2227 -0.429813 0.630156 
2228 -0.217230 0.731864 
2229 -0.557013 0.526851 
2230 -0.344538 0.797406 
2231 -0.535416 0.508488 
2232 -0.186329 0.897803 
2233 -0.289062 0.558611 
2234 -0.598247 0.682695 
2235 -0.577224 0.737599 
2236 -0.246117 0.821980 
2237 -0.561019 0.589216 
2238 -0.612335 0.625126 
2239 -0.556247 0.624610 
2240 -0.271180 0.691201 
2241 -0.620622 0.735966 
2242 -0.294322 0.577401 
2243 -0.461149 0.649102 
2244 -0.505664 0.828672 
2245 -0.531895 0.475384 
2246 -0.596999 0.490641 
2247 -0.150180 0.632105 
2248 -0.494697 0.780089 
2249 -0.298483 0.871749 
2250 -0.575601 0.550509 
2251 -0.129296 0.526288 
2252 -0.575920 0.705140 
2253 -0.240484 0.554170 
2254 -0.485437 0.437477 
2255 -0.282559 0.444538 
2256 -0.384681 0.681280 
2257 -0.506846 0.825466 
2258 -0.261481 0.772252 
2259 -0.460588 0.818532 
2260 -0.358885 0.652617 
2261 -0.594764 0.710095 
2262 -0.402476 0.714845 
2263 -0.417942 0.517463 
2264 -0.150075 0.626875 
2265 -0.082369 0.653355 
2266 -0.322873 0.515852 
2267 -0.175792 0.556260 
2268 -0.428201 0.836469 
2269 -0.185081 0.640574 
2270 -0.589026 0.853592 
2271 -0.559520 0.796206 
2272 -0.463216 0.864426 
2273 -0.482462 0.645766 
2274 -0.344956 0.598004 
2275 -0.191981 0.766632 
2276 -0.483954 0.778159 
2277 -0.396601 0.496870 
2278 -0.526877 0.508176 
2279 -0.520980 0.753790 
2280 -0.286830 0.772501 
2281 -0.130291 0.712344 
2282 -0.324686 0.731787 
2283 -0.510950 0.442189 
2284 -0.497584 0.741003 
2285 -0.438353 0.857343 
2286 -0.620527 0.722644 
2287 -0.348186 0.684313 
2288 -0.593132 0.532635 
2289 -0.614513 0.427672 
2290 -0.411547 0.767138 
2291 -0.555557 0.687760 
2292 -0.487625 0.441868 
2293 -0.299535 0.664515 
2294 -0.375302 0.786441 
2295 -0.486554 0.707771 
2296 -0.234424 0.587681 
2297 -0.473321 0.649499 
2298 -0.204165 0.675716 
2299 -0.520314 0.560942 
2300 -0.272867 0.465825 
2301 -0.290438 0.634333 
2302 -0.197159 0.744765 
2303 -0.136807 0.751800 
2304 -0.380131 0.824930 
2305 -0.276819 0.519770 
2306 -0.241314 0.448382 
2307 -0.455928 0.705189 
2308 -0.361070 0.553720 
2309 -0.453570 0.551507 
2310 -0.630427 0.602552 
2311 -0.616999 0.439430 
2312 -0.306399 0.498698 
2313 -0.554859 0.509655 
2314 -0.358225 0.572157 
2315 -0.336034 0.722366 
2316 -0.480966 0.623699 
2317 -0.333954 0.620736 
2318 -0.144846 0.479971 
2319 -0.267056 0.723896 
2320 -0.626288 0.708033 
2321 -0.169725 0.572802 
2322 -0.334788 0.859954 
2323 -0.284118 0.884111 
2324 -0.316236 0.664787 
2325 -0.568362 0.593062 
2326 -0.499973 0.662740 
2327 -0.509246 0.567406 
2328 -0.398455 0.471329 
2329 -0.211095 0.634608 
2330 -0.511814 0.622629 
2331 -0.435820 0.482734 
2332 -0.232986 0.615372 
2333 -0.561864 0.507996 
2334 -0.244866 0.806809 
2335 -0.242116 0.935134 
2336 -0.179248 0.507172 
2337 -0.138126 0.733586 
2338 -0.420421 0.600600 
2339 -0.263481 0.679658 
2340 -0.265249 0.787776 
2341 -0.553406 0.686090 
2342 -0.297401 0.620842 
2343 -0.599351 0.461475 
2344 -0.393219 0.872300 
2345 -0.210002 0.839176 
2346 -0.439069 0.679062 
2347 -0.300186 0.645316 
2348 -0.373549 0.526917 
2349 -0.339962 0.506534 
2350 -0.169766 0.672093 
2351 -0.480170 0.798884 
2352 -0.371568 0.813663 
2353 -0.451424 0.701909 
2354 -0.416398 0.499983 
2355 -0.388934 0.483881 
2356 -0.167850 0.714516 
2357 -0.125810 0.888729 
2358 -0.364460 0.819982 
2359 -0.540998 0.805516 
2360 -0.279812 0.921253 
2361 -0.365979 0.892795 
2362 -0.164817 0.565242 
2363 -0.295857 0.780555 
2364 -0.458354 0.782372 
2365 -0.279675 0.824555 
2366 -0.170519 0.718461 
2367 -0.480107 0.544407 
2368 -0.362454 0.658926 
2369 -0.211098 0.673512 
2370 -0.187312 0.853454 
2371 -0.526028 0.785005 
2372 -0.506094 0.753502 
2373 -0.600708 0.478422 
2374 -0.215965 0.707290 
2375 -0.219932 0.811197 
2376 -0.259764 0.497738 
2377 -0.463601 0.571580 
2378 -0.428799 0.889374 
2379 -0.544901 0.702053 
2380 -0.518837 0.505934 
2381 -0.564295 0.550063 
2382 -0.590737 0.823142 
2383 -0.547804 0.605339 
2384 -0.292299 0.962449 
2385 -0.258461 0.824595 
2386 -0.568497 0.694324 
2387 -0.380346 0.774254 
2388 -0.212596 0.950650 
2389 -0.296730 0.729652 
2390 -0.315978 0.613095 
2391 -0.158869 0.758117 
2392 -0.343855 0.893720 
2393 -0.580773 0.824380 
2394 -0.486771 0.603538 
2395 -0.492554 0.697976 
2396 -0.565722 0.489803 
2397 -0.431578 0.642412 
2398 -0.243016 0.608349 
2399 -0.161161 0.521955 
2400 -0.515904 0.515862 
2401 -0.574513 0.621001 
2402 -0.604490 0.753934 
2403 -0.404037 0.681562 
2404 -0.295431 0.725967 
2405 -0.348464 0.489019 
2406 -0.340086 0.415451 
2407 -0.447741 0.951552 
2408 -0.172291 0.662713 
2409 -0.212846 0.529782 
2410 -0.557240 0.497844 
2411 -0.543269 0.901710 
2412 -0.145322 0.772134 
2413 -0.408458 0.478841 
2414 -0.135063 0.813446 
2415 -0.541578 0.599273 
2416 -0.363443 0.768576 
2417 -0.562874 0.733667 
2418 -0.364346 0.539977 
2419 -0.554387 0.603206 
2420 -0.437204 0.531215 
2421 -0.624528 0.628958 
2422 -0.320247 0.680382 
2423 -0.458681 0.911062 
2424 -0.319727 0.670018 
2425 -0.516443 0.623309 
2426 -0.385480 0.809730 
2427 -0.383104 0.772596 
2428 -0.291309 0.544806 
2429 -0.591264 0.642425 
2430 -0.542132 0.560203 
2431 -0.540200 0.827133 
2432 -0.341522 0.647351 
2433 -0.386717 0.554079 
2434 -0.438547 0.533164 
2435 -0.585059 0.667321 
2436 -0.621804 0.457234 
2437 -0.423886 0.601909 
2438 -0.236012 0.628710 
2439 -0.175939 0.904270 
2440 -0.401238 0.713639 
2441 -0.107178 0.845017 
2442 -0.503940 0.602338 
2443 -0.511118 0.510657 
2444 -0.384402 0.794475 
2445 -0.278749 0.538972 
2446 -0.564905 0.890903 
2447 -0.301810 0.770120 
2448 -0.388111 0.519367 
2449 -0.206798 0.718914 
2450 -0.240289 0.843786 
2451 -0.314656 0.764249 
2452 -0.240997 0.751706 
2453 -0.282265 0.572698 
2454 -0.346779 0.656294 
2455 -0.413694 0.825510 
2456 -0.302989 0.643047 
2457 -0.434638 0.621603 
2458 -0.542509 0.545698 
2459 -0.381560 0.635220 
2460 -0.344421 0.710595 
2461 -0.219818 0.752657 
2462 -0.318933 0.692775 
2463 -0.481035 0.693042 
2464 -0.267835 0.601506 
2465 -0.589262 0.734790 
2466 -0.460522 0.656258 
2467 -0.587949 0.618047 
2468 -0.526289 0.623598 
2469 -0.655232 0.793697 
2470 -0.514297 0.621463 
2471 -0.276084 0.540392 
2472 -0.493397 0.637361 
2473 -0.506488 0.665538 
2474 -0.239460 0.871711 
2475 -0.527174 0.792873 
2476 -0.604798 0.602474 
2477 -0.393111 0.782168 
2478 -0.452184 0.677861 
2479 -0.495918 0.518668 
2480 -0.528693 0.552975 
2481 -0.628244 0.521978 
2482 -0.341964 0.784478 
2483 -0.553120 0.823178 
2484 -0.111723 0.538421 
2485 -0.273743 0.629945 
2486 -0.150397 0.824454 
2487 -0.359513 0.652288 
2488 -0.467748 0.593808 
2489 -0.440961 0.467532 
2490 -0.324199 0.838411 
2491 -0.547817 0.663224 
2492 -0.538515 0.600807 
2493 -0.313767 0.484831 
2494 -0.632093 0.669801 
2495 -0.599411 0.441291 
2496 -0.650576 0.524080 
2497 -0.596060 0.757536 
2498 -0.577635 0.431954 
2499 -0.503837 0.743088 
2500 -0.198562 0.771652 
2501 -0.293047 0.603075 
2502 -0.522914 0.756508 
2503 -0.498133 0.684189 
2504 -0.410290 0.566439 
2505 -0.507368 0.756537 
2506 -0.378849 0.561818 
2507 -0.379875 0.785746 
2508 -0.545972 0.453212 
2509 -0.241225 0.915878 
2510 -0.606900 1.053705 
2511 -0.692620 0.743579 
2512 -0.268428 0.790041 
2513 -0.561751 1.023690 
2514 -0.370663 1.103531 
2515 -0.605323 0.808447 
2516 -0.628950 0.936582 
2517 -0.206072 0.703621 
2518 -0.318655 0.923377 
2519 -0.634794 0.636424 
2520 -0.294550 0.826328 
2521 -0.107886 0.863490 
2522 -0.104512 0.809068 
2523 -0.204189 0.963238 
2524 -0.434709 0.683216 
2525 -0.531212 0.614913 
2526 -0.320507 0.838545 
2527 -0.497815 0.657297 
2528 -0.193699 0.763628 
2529 -0.498476 0.837931 
2530 -0.291239 0.605368 
2531 -0.121749 0.466511 
2532 -0.504743 0.863834 
2533 -0.301995 0.915697 
2534 -0.255818 0.897933 
2535 -0.227877 0.885867 
2536 -0.604273 0.724223 
2537 -0.205871 0.756733 
2538 -0.551874 0.933163 
2539 -0.380899 0.523884 
2540 -0.409060 0.660564 
2541 -0.534985 0.793487 
2542 -0.380833 0.858184 
2543 -0.455454 0.670585 
2544 -0.447443 0.675833 
2545 -0.464190 0.546113 
2546 -0.306578 0.862504 
2547 -0.275521 0.687135 
2548 -0.148731 0.659931 
2549 -0.230598 0.500664 
2550 -0.600611 0.702928 
2551 -0.221534 0.585295 
2552 -0.351596 0.756570 
2553 -0.398483 0.469485 
2554 -0.379054 0.504289 
2555 -0.306480 0.761599 
2556 -0.402332 0.664456 
2557 -0.293556 0.912556 
2558 -0.420945 0.712480 
2559 -0.398151 0.568939 
2560 -0.065230 0.735153 
2561 -0.229841 0.801937 
2562 -0.232088 0.459999 
2563 -0.465665 0.664558 
2564 -0.263093 0.752619 
2565 -0.560004 0.686298 
2566 -0.276872 0.462074 
2567 -0.340746 0.734974 
2568 -0.184541 0.805944 
2569 -0.515680 0.646926 
2570 -0.626355 0.416600 
2571 -0.610176 0.627440 
2572 -0.410819 0.572058 
2573 -0.300579 0.645545 
2574 -0.679096 0.523783 
2575 -0.296258 0.533697 
2576 -0.311351 0.827605 
2577 -0.641214 0.445320 
2578 -0.269159 0.642656 
2579 -0.260112 0.423325 
2580 -0.419658 0.450479 
2581 -0.142982 0.876277 
2582 -0.282164 0.756877 
2583 -0.342515 0.828279 
2584 -0.251982 0.615433 
2585 -0.606357 0.435005 
2586 -0.453697 0.421707 
2587 -0.402742 0.446077 
2588 -0.062755 0.401722 
2589 -0.444239 0.521542 
2590 -0.525964 0.455938 
2591 -0.458171 0.566216 
2592 -0.417982 0.366558 
2593 -0.231280 0.448851 
2594 -0.285745 0.460588 
2595 -0.538077 0.502400 
2596 -0.557442 1.164199 
2597 -0.267926 0.738300 
2598 -0.853776 0.868357 
2599 -0.448459 0.774618 
2600 -0.333456 0.621460 
2601 -0.525335 0.559306 
2602 -0.452171 0.711351 
2603 -0.482071 0.791179 
2604 -0.485493 0.649941 
2605 -0.224473 0.714408 
2606 -0.499034 0.841670 
2607 -0.378510 0.859770 
2608 -0.333087 0.446984 
2609 -0.574459 0.522106 
2610 -0.423849 0.678313 
2611 -0.116113 0.832717 
2612 -0.111042 0.774864 
2613 -0.343340 0.450948 
2614 -0.152749 0.907940 
2615 -0.388007 0.567003 
2616 -0.638075 0.520245 
2617 -0.504039 0.607703 
2618 -0.141913 0.849026 
2619 -0.224483 0.538069 
2620 -0.639681 0.521296 
2621 -0.574418 0.820059 
2622 -0.619782 0.732155 
2623 -0.188670 0.833040 
2624 -0.530283 0.668902 
2625 -0.346715 0.660693 
2626 -0.223182 0.619190 
2627 -0.430608 0.466341 
2628 -0.475301 0.691616 
2629 -0.465895 0.561900 
2630 -0.559862 0.783408 
2631 -0.149165 0.642444 
2632 -0.360583 0.651584 
2633 -0.264219 0.645093 
2634 -0.332038 0.789393 
2635 -0.295730 0.693343 
2636 -0.185633 0.433242 
2637 -0.399050 0.410242 
2638 -0.336964 0.587955 
2639 -0.450047 0.764121 
2640 -0.277226 0.545702 
2641 -0.357891 0.679854 
2642 -0.393599 0.813804 
2643 -0.602560 0.798027 
2644 -0.242332 0.759481 
2645 -0.608350 0.664571 
2646 -0.116462 0.430468 
2647 -0.335615 0.625311 
2648 -0.216128 0.734832 
2649 -0.306894 0.779216 
2650 -0.594811 0.721458 
2651 -0.229507 0.724271 
2652 -0.589456 0.486822 
2653 -0.339489 0.563307 
2654 -0.404428 0.664635 
2655 -0.613472 0.611813 
2656 -0.513911 0.857912 
2657 -0.241831 0.821695 
2658 -0.312020 0.613962 
2659 -0.302210 0.534312 
2660 -0.617522 0.879430 
2661 -0.249404 0.880303 
2662 -0.391711 0.520393 
2663 -0.190901 0.766657 
2664 -0.547934 0.666934 
2665 -0.680788 0.756673 
2666 -0.355374 0.405582 
2667 -0.482173 0.578931 
2668 -0.161706 0.638840 
2669 -0.518970 0.567711 
2670 -0.247030 0.640290 
2671 -0.436553 0.672910 
2672 -0.164863 0.720410 
2673 -0.363562 0.743616 
2674 -0.569991 0.770813 
2675 -0.373867 0.378099 
2676 -0.102340 0.734355 
2677 -0.312916 0.729247 
2678 -0.568989 0.853380 
2679 -0.263839 0.647604 
2680 -0.381792 0.498722 
2681 -0.610845 0.787673 
2682 -0.537705 0.767518 
2683 -0.640772 0.565279 
2684 -0.397293 0.610203 
2685 -0.599654 0.721287 
2686 -0.619117 0.670992 
2687 -0.139954 0.781336 
2688 -0.441924 0.581501 
2689 -0.345704 0.561779 
2690 -0.199936 0.572065 
2691 -0.566302 0.533821 
2692 -0.608828 0.368750 
2693 -0.305417 0.527474 
2694 -0.351685 0.759654 
2695 -0.605650 0.593609 
2696 -0.422640 0.788190 
2697 -0.521915 0.496640 
2698 -0.409472 0.604413 
2699 -0.538654 0.538856 
2700 -0.405527 0.765836 
2701 -0.300462 0.634366 
2702 -0.127336 0.680932 
2703 -0.291435 0.817472 
2704 -0.550797 0.556691 
2705 -0.406105 0.884540 
2706 -0.281800 0.827673 
2707 -0.495357 0.485774 
2708 -0.517991 0.693915 
2709 -0.266007 0.642800 
2710 -0.668607 0.655442 
2711 -0.509130 0.456250 
2712 -0.416189 0.553114 
2713 -0.576103 0.789515 
2714 -0.326711 0.526918 
2715 -0.554255 0.617433 
2716 -0.459506 0.731876 
2717 -0.573717 0.636696 
2718 -0.386788 0.593503 
2719 -0.242897 0.811169 
2720 -0.262190 0.816500 
2721 -0.293165 0.573829 
2722 -0.259571 0.435711 
2723 -0.498087 0.488444 
2724 -0.415860 0.626373 
2725 -0.132374 0.468141 
2726 -0.564507 0.835315 
2727 -0.546912 0.699812 
2728 -0.591167 0.704252 
2729 -0.595902 0.673334 
2730 -0.230927 0.909761 
2731 -0.622101 0.884730 
2732 -0.486024 0.715240 
2733 -0.297741 0.832559 
2734 -0.327190 0.742584 
2735 -0.481622 0.512211 
2736 -0.238441 0.759942 
2737 -0.433720 0.718611 
2738 -0.412523 0.597277 
2739 -0.551714 0.862769 
2740 -0.470393 0.578656 
2741 -0.374740 0.525160 
2742 -0.409450 0.683727 
2743 -0.161320 0.631576 
2744 -0.454112 0.785840 
2745 -0.201092 0.594868 
2746 -0.598838 0.623150 
2747 -0.208236 0.803902 
2748 -0.538717 0.783321 
2749 -0.180428 0.624141 
2750 -0.568551 0.559965 
2751 -0.128111 0.834771 
2752 -0.484107 0.719906 
2753 -0.195838 0.778560 
2754 -0.552043 0.586417 
2755 -0.498074 0.461485 
2756 -0.443286 0.653058 
2757 -0.675180 0.496690 
2758 -0.489262 0.470067 
2759 -0.460615 0.428290 
2760 -0.436011 0.615455 
2761 -0.330366 0.436877 
2762 -0.257394 0.607136 
2763 -0.196362 0.661554 
2764 -0.084959 0.454966 
2765 -0.148467 0.723595 
2766 -0.501888 0.591174 
2767 -0.168663 0.819815 
2768 -0.353000 0.603469 
2769 -0.209722 0.524319 
2770 -0.557317 0.808707 
2771 -0.533807 0.754871 
2772 -0.341000 0.753819 
2773 -0.577922 0.804043 
2774 -0.195916 0.762000 
2775 -0.295680 0.387468 
2776 -0.215210 0.602219 
2777 -0.172409 0.616317 
2778 -0.533071 0.680597 
2779 -0.288700 0.724762 
2780 -0.608132 0.436200 
2781 -0.352544 0.653320 
2782 -0.119427 0.830479 
2783 -0.382966 0.757448 
2784 -0.151562 0.879917 
2785 -0.351566 0.689802 
2786 -0.124530 0.787421 
2787 -0.449338 0.569627 
2788 -0.219684 0.779977 
2789 -0.344556 0.684511 
2790 -0.388577 0.592832 
2791 -0.512577 0.737485 
2792 -0.524698 0.520446 
2793 -0.181582 0.512983 
2794 -0.325579 0.657789 
2795 -0.346243 0.754572 
2796 -0.414060 0.780403 
2797 -0.650710 0.772392 
2798 -0.372803 0.490750 
2799 -0.224580 0.654023 
2800 -0.112441 0.410517 
2801 -0.435766 0.707121 
2802 -0.221587 0.812826 
2803 -0.227558 0.793360 
2804 -0.531255 0.833603 
2805 -0.613521 0.444658 
2806 -0.469644 0.468962 
2807 -0.211583 0.478843 
2808 -0.451644 0.828001 
2809 -0.274824 0.608473 
2810 -0.243114 0.590630 
2811 -0.459947 0.605159 
2812 -0.444423 0.568305 
2813 -0.508031 0.712904 
2814 -0.592917 0.792365 
2815 -0.312424 0.578131 
2816 -0.497502 0.440378 
2817 -0.545219 0.510752 
2818 -0.183346 0.632967 
2819 -0.522201 0.537633 
2820 -0.367111 0.477935 
2821 -0.544663 0.634241 
2822 -0.387160 0.820224 
2823 -0.548032 0.711774 
2824 -0.580470 0.500517 
2825 -0.617122 0.507423 
2826 -0.362184 0.705034 
2827 -0.141206 0.577459 
2828 -0.362820 0.588101 
2829 -0.360902 0.527651 
2830 -0.427023 0.719489 
2831 -0.497713 0.678262 
2832 -0.427034 0.554919 
2833 -0.467253 0.733065 
2834 -0.370381 0.550013 
2835 -0.420496 0.494927 
2836 -0.096242 0.873745 
2837 -0.390703 0.491273 
2838 -0.203034 0.793246 
2839 -0.136247 0.823077 
2840 -0.224291 0.694193 
2841 -0.398779 0.626474 
2842 -0.600680 0.468433 
2843 -0.475001 0.853497 
2844 -0.277621 0.821275 
2845 -0.550504 0.642626 
2846 -0.135327 0.654194 
2847 -0.228641 0.603084 
2848 -0.357145 0.582479 
2849 -0.153193 0.518850 
2850 -0.249500 0.693736 
2851 -0.208800 0.531356 
2852 -0.215398 0.591049 
2853 -0.591227 0.679459 
2854 -0.422427 0.850005 
2855 -0.503456 0.616337 
2856 -0.508806 0.752404 
2857 -0.543073 0.845510 
2858 -0.505304 0.683374 
2859 -0.478015 0.683578 
2860 -0.595937 0.713485 
2861 -0.665437 0.783790 
2862 -0.594539 0.715567 
2863 -0.698719 0.753069 
2864 -0.528691 0.463118 
2865 -0.374868 0.778525 
2866 -0.529957 0.738307 
2867 -0.541853 0.734233 
2868 -0.592969 0.756445 
2869 -0.351054 0.591444 
2870 -0.388747 0.749077 
2871 -0.424764 0.525853 
2872 -0.242785 0.696064 
2873 -0.412556 0.440184 
2874 -0.270339 0.675753 
2875 -0.264104 0.620051 
2876 -0.488257 0.512408 
2877 -0.549697 0.713403 
2878 -0.166860 0.599257 
2879 -0.571574 0.409328 
2880 -0.286840 0.604846 
2881 -0.109248 0.740801 
2882 -0.306595 0.636125 
2883 -0.535371 0.600878 
2884 -0.313394 0.602936 
2885 -0.557182 0.406453 
2886 -0.145262 0.706201 
2887 -0.200546 0.532462 
2888 -0.591546 0.861022 
2889 -0.332573 0.534661 
2890 -0.327514 0.582405 
2891 -0.575804 0.806663 
2892 -0.383016 0.690197 
2893 -0.467924 0.700134 
2894 -0.194154 0.635207 
2895 -0.532749 0.453376 
2896 -0.430057 0.768623 
2897 -0.570229 0.438515 
2898 -0.517980 0.478573 
2899 -0.375704 0.485390 
2900 -0.215025 0.677433 
2901 -0.316951 0.498999 
2902 -0.353251 0.761280 
2903 -0.572430 0.662856 
2904 -0.432490 0.574573 
2905 -0.175684 0.861485 
2906 -0.383710 0.552283 
2907 -0.580165 0.435516 
2908 -0.493138 0.539136 
2909 -0.569598 0.619881 
2910 -0.226891 0.802880 
2911 -0.512915 0.749141 
2912 -0.513476 0.469815 
2913 -0.327967 0.728575 
2914 -0.493368 0.824501 
2915 -0.563610 0.428669 
2916 -0.467973 0.608357 
2917 -0.540365 0.626339 
2918 -0.455250 0.807011 
2919 -0.642334 0.476181 
2920 -0.162702 0.670228 
2921 -0.206927 0.819641 
2922 -0.584798 0.552624 
2923 -0.289271 0.754313 
2924 -0.398599 0.457564 
2925 -0.507913 0.866091 
2926 -0.347479 0.791231 
2927 -0.168887 0.582648 
2928 -0.570325 0.798316 
2929 -0.468802 0.768350 
2930 -0.373948 0.430425 
2931 -0.540932 0.776180 
2932 -0.567946 0.599627 
2933 -0.190685 0.718810 
2934 -0.235357 0.531775 
2935 -0.283719 0.512984 
2936 -0.619313 0.480146 
2937 -0.288396 0.580585 
2938 -0.511682 0.477614 
2939 -0.615225 0.635180 
2940 -0.229151 0.782365 
2941 -0.210955 0.631692 
2942 -0.275503 0.784906 
2943 -0.271388 0.839870 
2944 -0.581223 0.499202 
2945 -0.228634 0.468669 
2946 -0.536420 0.509030 
2947 -0.567499 0.667163 
2948 -0.459514 0.718738 
2949 -0.217942 0.610695 
2950 -0.387799 0.456075 
2951 -0.384564 0.818340 
2952 -0.366228 0.804302 
2953 -0.381177 0.846285 
2954 -0.293860 0.485113 
2955 -0.626496 0.647888 
2956 -0.513673 0.492151 
2957 -0.537776 0.676520 
2958 -0.206530 0.780205 
2959 -0.393081 0.824086 
2960 -0.228393 0.547210 
2961 -0.164853 0.730092 
2962 -0.374789 0.665315 
2963 -0.253671 0.849121 
2964 -0.376538 0.648289 
2965 -0.286041 0.521187 
2966 -0.586310 0.752074 
2967 -0.502245 0.587058 
2968 -0.625944 0.520848 
2969 -0.423752 0.629649 
2970 -0.157053 0.515051 
2971 -0.529626 0.654650 
2972 -0.579316 0.522758 
2973 -0.457426 0.465843 
2974 -0.537989 0.857906 
2975 -0.582300 0.452983 
2976 -0.446944 0.624157 
2977 -0.420532 0.853539 
2978 -0.278247 0.816675 
2979 -0.329040 0.762935 
2980 -0.431716 0.676261 
2981 -0.315143 0.545285 
2982 -0.421233 0.777306 
2983 -0.265625 0.523305 
2984 -0.371560 0.518596 
2985 -0.349576 0.760225 
2986 -0.308563 0.832598 
2987 -0.364886 0.589272 
2988 -0.603628 0.427946 
2989 -0.425710 0.566641 
2990 -0.337949 0.780590 
2991 -0.296831 0.706212 
2992 -0.282865 0.676038 
2993 -0.389858 0.752448 
2994 -0.123039 0.842482 
2995 -0.477519 0.640341 
2996 -0.540785 0.429682 
2997 -0.364967 0.477263 
2998 -0.371271 0.797692 
2999 -0.174203 0.486030 
3000 -0.140152 0.604675 
3001 -0.412123 0.776119 
3002 -0.210347 0.696435 
3003 -0.233618 0.639959 
3004 -0.341234 0.614409 
3005 -0.539030 0.649083 
3006 -0.473895 0.428435 
3007 -0.228705 0.656890 
3008 -0.241008 0.590476 
3009 -0.584013 0.477910 
3010 -0.603975 0.574081 
3011 -0.549887 0.634247 
3012 -0.469370 0.510083 
3013 -0.315849 0.752716 
3014 -0.506577 0.869797 
3015 -0.401761 0.428964 
3016 -0.148326 0.429031 
3017 -0.258664 0.627661 
3018 -0.385225 0.745673 
3019 -0.586288 0.765733 
3020 -0.242857 0.429551 
3021 -0.336925 0.507552 
3022 -0.540848 0.757090 
3023 -0.538020 0.758595 
3024 -0.432093 0.609235 
3025 -0.190713 0.616309 
3026 -0.419158 0.519762 
3027 -0.413547 0.597786 
3028 -0.379305 0.526177 
3029 -0.561004 0.545388 
3030 -0.372166 0.526364 
3031 -0.335256 0.690188 
3032 -0.587128 0.761575 
3033 -0.200958 0.686734 
3034 -0.100792 0.758554 
3035 -0.340828 0.603422 
3036 -0.245391 0.820608 
3037 -0.505794 0.490349 
3038 -0.525566 0.701403 
3039 -0.379202 0.431491 
3040 -0.438870 0.584555 
3041 -0.284496 0.721390 
3042 -0.176886 0.778443 
3043 -0.419789 0.502737 
3044 -0.530241 0.480462 
3045 -0.179998 0.686804 
3046 -0.486449 0.401560 
3047 -0.532021 0.799306 
3048 -0.254412 0.792762 
3049 -0.115855 0.562842 
3050 -0.260850 0.565597 
3051 -0.365001 0.480920 
3052 -0.408888 0.822481 
3053 -0.375214 0.626721 
3054 -0.587636 0.502415 
3055 -0.394655 0.754652 
3056 -0.285756 0.445987 
3057 -0.370205 0.561683 
3058 -0.222287 0.648470 
3059 -0.592198 0.394482 
3060 -0.593753 0.437061 
3061 -0.288661 0.548998 
3062 -0.436586 0.415674 
3063 -0.485761 0.385842 
3064 -0.612185 0.635697 
3065 -0.637358 0.714159 
3066 -0.664134 0.488289 
3067 -0.595725 0.586303 
3068 -0.619572 0.584204 
3069 -0.168985 0.766037 
3070 -0.437160 0.493128 
3071 -0.547697 0.616634 
3072 -0.601884 0.618723 
3073 -0.510407 0.459627 
3074 -0.394997 0.773540 
3075 -0.239279 0.535964 
3076 -0.167722 0.774372 
3077 -0.442457 0.838827 
3078 -0.371434 0.767067 
3079 -0.457964 0.597816 
3080 -0.166430 0.852579 
3081 -0.287425 0.451393 
3082 -0.361756 0.564785 
3083 -0.425898 0.758224 
3084 -0.490139 0.539552 
3085 -0.528876 0.623677 
3086 -0.173814 0.506495 
3087 -0.614708 0.493981 
3088 -0.562487 0.602206 
3089 -0.346091 0.576825 
3090 -0.545831 0.678317 
3091 -0.357998 0.471819 
3092 -0.522979 0.511598 
3093 -0.451123 0.894177 
3094 -0.503705 0.857337 
3095 -0.285267 0.828199 
3096 -0.208535 0.494175 
3097 -0.293486 0.720899 
3098 -0.608557 0.692429 
3099 -0.469283 0.860056 
3100 -0.359214 0.752665 
3101 -0.244546 0.775638 
3102 -0.384886 0.529054 
3103 -0.301276 0.565009 
3104 -0.163788 0.490223 
3105 -0.222589 0.466809 
3106 -0.208267 0.655798 
3107 -0.425678 0.345821 
3108 -0.292919 0.538569 
3109 -0.121956 0.483659 
3110 -0.119357 0.720677 
3111 -0.265716 0.515696 
3112 -0.284761 0.843627 
3113 -0.600639 0.448579 
3114 -0.397277 0.654427 
3115 -0.347392 0.620936 
3116 -0.267799 0.476875 
3117 -0.468350 0.836559 
3118 -0.482625 0.512185 
3119 -0.357010 0.381094 
3120 -0.404819 0.779168 
3121 -0.493105 0.664913 
3122 -0.184057 0.676430 
3123 -0.636397 0.560217 
3124 -0.433407 0.453469 
3125 -0.200184 0.730441 
3126 -0.204478 0.503413 
3127 -0.443718 0.871960 
3128 -0.537199 0.793601 
3129 -0.666821 0.669785 
3130 -0.229361 0.473219 
3131 -0.440183 0.418769 
3132 -0.377729 0.698115 
3133 -0.402032 0.422781 
3134 -0.460909 0.701997 
3135 -0.287669 0.760267 
3136 -0.605984 0.603055 
3137 -0.426036 0.700468 
3138 -0.443339 0.805930 
3139 -0.428903 0.696334 
3140 -0.250474 0.625061 
3141 -0.354035 0.484817 
3142 -0.358405 0.549557 
3143 -0.414414 0.631492 
3144 -0.302669 0.688350 
3145 -0.143207 0.606031 
3146 -0.393222 0.699393 
3147 -0.443298 0.446198 
3148 -0.562279 0.826472 
3149 -0.167086 0.473629 
3150 -0.093238 0.547732 
3151 -0.539691 0.613018 
3152 -0.443921 0.473145 
3153 -0.532882 0.702613 
3154 -0.290067 0.464038 
3155 -0.212207 0.661676 
3156 -0.298348 0.558656 
3157 -0.596703 0.966013 
3158 -0.202349 0.888567 
3159 -0.126144 0.908513 
3160 -0.092115 0.854974 
3161 -0.247675 0.551022 
3162 -0.470787 0.784794 
3163 -0.150367 0.776463 
3164 -0.490699 0.474512 
3165 -0.073812 0.838019 
3166 -0.276070 0.491243 
3167 -0.448791 0.598209 
3168 -0.207149 0.716865 
3169 -0.477954 0.680738 
3170 -0.359417 0.774402 
3171 -0.359114 0.555987 
3172 -0.424982 0.777875 
3173 -0.608183 0.631576 
3174 -0.378620 0.714099 
3175 -0.511582 0.587460 
3176 -0.426163 0.642109 
3177 -0.165381 0.530042 
3178 -0.549814 0.496831 
3179 -0.357625 0.813226 
3180 -0.589004 0.466904 
3181 -0.449782 0.416535 
3182 -0.306562 0.609559 
3183 -0.205492 0.399504 
3184 -0.428568 0.859168 
3185 -0.236100 0.583302 
3186 -0.591080 0.573355 
3187 -0.440730 0.493317 
3188 -0.129058 0.804361 
3189 -0.305757 0.806857 
3190 -0.213041 0.645240 
3191 -0.286414 0.637792 
3192 -0.243676 0.795806 
3193 -0.267260 0.399072 
3194 -0.568716 0.823148 
3195 -0.253078 0.702922 
3196 -0.510265 0.488541 
3197 -0.238512 0.592677 
3198 -0.501720 0.794704 
3199 -0.232640 0.832584 
3200 -0.573196 0.523153 
3201 -0.364386 0.495231 
3202 -0.234502 0.650515 
3203 -0.355302 0.545556 
3204 -0.586224 0.717983 
3205 -0.324460 0.780161 
3206 -0.355423 0.526793 
3207 -0.637558 0.523782 
3208 -0.492928 0.597046 
3209 -0.362188 0.662538 
3210 -0.477670 0.520464 
3211 -0.147087 0.813223 
3212 -0.185232 0.537405 
3213 -0.227447 0.480989 
3214 -0.410471 0.484641 
3215 -0.425785 0.559773 
3216 -0.564470 0.798806 
3217 -0.520663 0.731499 
3218 -0.323271 0.756606 
3219 -0.186330 0.493371 
3220 -0.576216 0.587994 
3221 -0.272763 0.516819 
3222 -0.382381 0.751939 
3223 -0.448165 0.665897 
3224 -0.397793 0.672754 
3225 -0.578487 0.793107 
3226 -0.455051 0.680942 
3227 -0.464151 0.573512 
3228 -0.541119 0.597923 
3229 -0.424816 0.692796 
3230 -0.207079 0.534852 
3231 -0.527828 0.513795 
3232 -0.352108 0.779724 
3233 -0.510921 0.751352 
3234 -0.537989 0.685188 
3235 -0.127065 0.866691 
3236 -0.516929 0.792356 
3237 -0.420417 0.598001 
3238 -0.513532 0.442319 
3239 -0.289141 0.689437 
3240 -0.163436 0.511792 
3241 -0.505884 0.307879 
3242 -0.324522 0.559242 
3243 -0.402366 0.504521 
3244 -0.509824 0.500556 
3245 -0.481359 0.651436 
3246 -0.648751 0.482098 
3247 -0.263797 0.774409 
3248 -0.453897 0.607989 
3249 -0.537840 0.671512 
3250 -0.348641 0.745587 
3251 -0.278738 0.644659 
3252 -0.094125 0.733417 
3253 -0.463661 0.660421 
3254 -0.271998 0.427597 
3255 -0.487451 0.813229 
3256 -0.205469 0.555625 
3257 -0.182678 0.835587 
3258 -0.212488 0.907677 
3259 -0.440202 0.452953 
3260 -0.653329 0.716569 
3261 -0.336198 0.755488 
3262 -0.385032 0.850083 
3263 -0.442249 0.491886 
3264 -0.373269 0.410302 
3265 -0.361803 0.502614 
3266 -0.261511 0.591276 
3267 -0.570457 0.298554 
3268 -0.446449 0.500535 
3269 -0.233879 0.561447 
3270 -0.300117 0.556205 
3271 -0.264015 0.796841 
3272 -0.614621 0.413391 
3273 -0.146322 0.838056 
3274 -0.583484 0.389965 
3275 -0.474123 0.584519 
3276 -0.412172 0.559999 
3277 -0.201458 0.808715 
3278 -0.382184 0.700254 
3279 -0.150697 0.768452 
3280 -0.356060 0.701639 
3281 -0.203379 0.800571 
3282 -0.665973 0.478867 
3283 -0.188532 0.848513 
3284 -0.275797 0.495975 
3285 -0.608214 0.703401 
3286 -0.601495 0.669829 
3287 -0.481069 0.876613 
3288 -0.630654 0.519067 
3289 -0.296882 0.772697 
3290 -0.262011 0.735349 
3291 -0.255445 0.862228 
3292 -0.307924 0.464354 
3293 -0.508693 0.446938 
3294 -0.330913 0.534350 
3295 -0.386737 0.514126 
3296 -0.576494 0.448941 
3297 -0.537814 0.591853 
3298 -0.233626 0.511646 
3299 -0.408524 0.465914 
3300 -0.157238 0.646834 
3301 -0.466097 0.774351 
3302 -0.269620 0.602224 
3303 -0.093779 0.599817 
3304 -0.575259 0.543331 
3305 -0.296155 0.579826 
3306 -0.526954 0.613969 
3307 -0.330689 0.544349 
3308 -0.356710 0.783719 
3309 -0.277041 0.487939 
3310 -0.114416 0.807202 
3311 -0.250909 0.862854 
3312 -0.215658 0.747109 
3313 -0.387513 0.521329 
3314 -0.216620 0.541410 
3315 -0.158766 0.583472 
3316 -0.161417 0.415570 
3317 -0.348219 0.723528 
3318 -0.372897 0.473547 
3319 -0.274201 0.758942 
3320 -0.387518 0.530917 
3321 -0.285111 0.667318 
3322 -0.184789 0.782370 
3323 -0.436801 0.627185 
3324 -0.094071 0.757894 
3325 -0.200119 0.792773 
3326 -0.241832 0.515854 
3327 -0.344256 0.755235 
3328 -0.407527 0.733431 
3329 -0.137278 0.912011 
3330 -0.588550 0.553278 
3331 -0.536352 0.437733 
3332 -0.096077 0.864283 
3333 -0.238451 0.845638 
3334 -0.408029 0.470635 
3335 -0.427437 0.846628 
3336 -0.165864 0.589912 
3337 -0.455077 0.757543 
3338 -0.262207 0.721770 
3339 -0.262528 0.773208 
3340 -0.404753 0.868450 
3341 -0.574090 0.728506 
3342 -0.293060 0.379829 
3343 -0.427263 0.629680 
3344 -0.410106 0.764305 
3345 -0.566434 0.545564 
3346 -0.394795 0.703281 
3347 -0.474037 0.606278 
3348 -0.459412 0.660089 
3349 -0.356631 0.838947 
3350 -0.286070 0.898607 
3351 -0.435216 0.832462 
3352 -0.226951 0.600589 
3353 -0.627568 0.579862 
3354 -0.587996 0.611707 
3355 -0.451024 0.805992 
3356 -0.321296 0.483811 
3357 -0.316991 0.532597 
3358 -0.266688 0.724276 
3359 -0.358857 0.797140 
3360 -0.432144 0.610349 
3361 -0.411975 0.732630 
3362 -0.246348 0.703749 
3363 -0.565285 0.753409 
3364 -0.434396 0.523936 
3365 -0.430597 0.684992 
3366 -0.393741 0.685277 
3367 -0.353568 0.694742 
3368 -0.610783 0.760656 
3369 -0.555085 0.694675 
3370 -0.407025 0.686607 
3371 -0.408496 0.855308 
3372 -0.585839 0.603107 
3373 -0.277824 0.546048 
3374 -0.188639 0.713555 
3375 -0.507064 0.722214 
3376 -0.405655 0.665644 
3377 -0.565761 0.641136 
3378 -0.335421 0.672850 
3379 -0.301405 0.915378 
3380 -0.208132 0.778131 
3381 -0.096796 0.799984 
3382 -0.198271 0.713545 
3383 -0.196613 0.678166 
3384 -0.577552 0.505408 
3385 -0.220251 0.785000 
3386 -0.565402 0.815059 
3387 -0.529567 0.711708 
3388 -0.442222 0.881914 
3389 -0.546082 0.465926 
3390 -0.631405 0.867145 
3391 -0.479703 0.818078 
3392 -0.275340 0.525221 
3393 -0.324379 0.828934 
3394 -0.547041 0.729104 
3395 -0.180472 0.785681 
3396 -0.339486 0.609641 
3397 -0.165681 0.751729 
3398 -0.317467 0.643733 
3399 -0.220490 0.685858 
3400 -0.270101 0.653870 
3401 -0.551229 0.427053 
3402 -0.539502 0.643864 
3403 -0.444026 0.800365 
3404 -0.340334 0.609792 
3405 -0.524117 0.772279 
3406 -0.202303 0.794046 
3407 -0.448181 0.493698 
3408 -0.130982 0.711049 
3409 -0.215802 0.636825 
3410 -0.523650 0.834404 
3411 -0.308897 0.582357 
3412 -0.162879 0.807222 
3413 -0.572360 0.502054 
3414 -0.165235 0.931716 
3415 -0.196230 0.798107 
3416 -0.512607 0.819754 
3417 -0.380648 0.477252 
3418 -0.533801 0.842992 
3419 -0.577999 0.542155 
3420 -0.400806 0.564407 
3421 -0.513834 0.423336 
3422 -0.572004 0.802380 
3423 -0.429827 0.643447 
3424 -0.156492 0.510107 
3425 -0.354551 0.605961 
3426 -0.591284 0.468318 
3427 -0.199206 0.656072 
3428 -0.532409 0.459154 
3429 -0.253188 0.631438 
3430 -0.163746 0.595503 
3431 -0.377648 0.586887 
3432 -0.462186 0.802076 
3433 -0.082418 0.849626 
3434 -0.494822 0.603019 
3435 -0.202721 0.876578 
3436 -0.165600 0.867502 
3437 -0.109544 0.551652 
3438 -0.577287 0.666134 
3439 -0.377401 0.738657 
3440 -0.504565 0.794696 
3441 -0.186458 0.836466 
3442 -0.219181 0.711514 
3443 -0.371480 0.545437 
3444 -0.520984 0.839193 
3445 -0.448893 0.662088 
3446 -0.458362 0.509837 
3447 -0.305759 0.639042 
3448 -0.326052 0.559773 
3449 -0.218825 0.782707 
3450 -0.234344 0.698067 
3451 -0.305344 0.565239 
3452 -0.463508 0.770968 
3453 -0.368858 0.504931 
3454 -0.138262 0.515859 
3455 -0.212334 0.735502 
3456 -0.495585 0.491785 
3457 -0.289942 0.593869 
3458 -0.570786 0.636703 
3459 -0.321106 0.596260 
3460 -0.423008 0.464185 
3461 -0.122917 0.638800 
3462 -0.508577 0.704025 
3463 -0.486150 0.438224 
3464 -0.260423 0.863837 
3465 -0.190534 0.572961 
3466 -0.337299 0.602422 
3467 -0.443748 0.663421 
3468 -0.228910 0.853902 
3469 -0.484246 0.440741 
3470 -0.298169 0.514100 
3471 -0.339805 0.755998 
3472 -0.535612 0.705543 
3473 -0.561723 0.782052 
3474 -0.515463 0.768291 
3475 -0.202009 0.873760 
3476 -0.236162 0.583106 
3477 -0.479833 0.493906 
3478 -0.150991 0.651618 
3479 -0.141860 0.378556 
3480 -0.238118 0.670403 
3481 -0.156754 0.802071 
3482 -0.214435 0.845112 
3483 -0.429970 0.690445 
3484 -0.214085 0.565617 
3485 -0.302342 0.513903 
3486 -0.222379 0.439048 
3487 -0.170672 0.511279 
3488 -0.050808 0.834003 
3489 -0.123500 0.636898 
3490 -0.128143 0.868589 
3491 -0.172130 0.826461 
3492 -0.288486 0.609460 
3493 -0.143513 0.757675 
3494 -0.364894 0.759832 
3495 -0.106782 0.837161 
3496 -0.526142 0.688832 
3497 -0.315049 0.961106 
3498 -0.341173 0.720794 
3499 -0.180378 0.606084 
3500 -0.482328 0.498056 
3501 -0.301736 0.720317 
3502 -0.335029 0.807896 
3503 -0.260550 0.555911 
3504 -0.614165 0.885452 
3505 -0.349378 0.447465 
3506 -0.476132 0.737697 
3507 -0.305207 0.511556 
3508 -0.176402 0.882619 
3509 -0.523915 0.666690 
3510 -0.181766 0.746810 
3511 -0.421742 0.491437 
3512 -0.271625 0.772881 
3513 -0.197168 0.810153 
3514 -0.327786 0.479715 
3515 -0.387524 0.669537 
3516 -0.171809 0.628158 
3517 -0.298900 0.792555 
3518 -0.430911 0.430805 
3519 -0.294846 0.616210 
3520 -0.067984 0.829488 
3521 -0.126080 0.610515 
3522 -0.323993 0.730373 
3523 -0.425857 0.870703 
3524 -0.367407 0.704675 
3525 -0.610446 0.863935 
3526 -0.515577 0.639648 
3527 -0.217149 0.700454 
3528 -0.485107 0.426255 
3529 -0.507348 0.836091 
3530 -0.240765 0.679197 
3531 -0.240316 0.673173 
3532 -0.173721 0.832317 
3533 -0.374814 0.666066 
3534 -0.277228 0.923489 
3535 -0.485657 0.510014 
3536 -0.512620 0.495853 
3537 -0.426916 0.517647 
3538 -0.403715 0.647870 
3539 -0.289540 0.728181 
3540 -0.166103 0.771529 
3541 -0.503886 0.822546 
3542 -0.344924 0.679417 
3543 -0.123970 0.687523 
3544 -0.586999 0.429858 
3545 -0.439858 0.801600 
3546 -0.274504 0.610359 
3547 -0.473032 0.525562 
3548 -0.358021 0.428094 
3549 -0.560351 0.477724 
3550 -0.438446 0.585704 
3551 -0.259176 0.719807 
3552 -0.274797 0.737558 
3553 -0.396704 0.781962 
3554 -0.617431 0.411554 
3555 -0.470519 0.882477 
3556 -0.480935 0.631286 
3557 -0.459805 0.592166 
3558 -0.489549 0.578062 
3559 -0.343252 0.530050 
3560 -0.543660 0.792796 
3561 -0.462442 0.703529 
3562 -0.489268 0.472133 
3563 -0.230916 0.452074 
3564 -0.255961 0.746139 
3565 -0.321996 0.593488 
3566 -0.387293 0.767944 
3567 -0.437558 0.888668 
3568 -0.122659 0.863196 
3569 -0.522233 0.691667 
3570 -0.559301 0.794132 
3571 -0.556964 0.803293 
3572 -0.486826 0.652587 
3573 -0.458275 0.850016 
3574 -0.161683 0.880874 
3575 -0.317722 0.483224 
3576 -0.264959 0.576727 
3577 -0.202235 0.583893 
3578 -0.465140 0.634217 
3579 -0.230962 0.932239 
3580 -0.559974 0.498859 
3581 -0.524113 0.682342 
3582 -0.248087 0.458154 
3583 -0.209198 0.895978 
3584 -0.212548 0.604642 
3585 -0.145425 0.641018 
3586 -0.499793 0.875609 
3587 -0.386908 0.545664 
3588 -0.142499 0.672314 
3589 -0.280540 0.506726 
3590 -0.273077 0.589142 
3591 -0.548524 0.627976 
3592 -0.453313 0.531649 
3593 -0.336727 0.445395 
3594 -0.356629 0.688633 
3595 -0.207100 0.605872 
3596 -0.470783 0.662737 
3597 -0.257527 0.776450 
3598 -0.355875 0.570994 
3599 -0.389443 0.409533 
3600 -0.149675 0.462473 
3601 -0.488891 0.515518 
3602 -0.262878 0.688119 
3603 -0.252273 0.671814 
3604 -0.218660 0.561657 
3605 -0.362864 0.760121 
3606 -0.503412 0.451054 
3607 -0.392848 0.666405 
3608 -0.369446 0.469020 
3609 -0.448327 0.650754 
3610 -0.267784 0.708218 
3611 -0.429992 0.730465 
3612 -0.580011 0.418810 
3613 -0.178687 0.538037 
3614 -0.285891 0.842978 
3615 -0.539516 0.820743 
3616 -0.254781 0.772336 
3617 -0.518164 0.538817 
3618 -0.446533 0.824531 
3619 -0.168796 0.776207 
3620 -0.371637 0.655803 
3621 -0.496862 0.550696 
3622 -0.530012 0.790307 
3623 -0.145096 0.742505 
3624 -0.419783 0.733906 
3625 -0.241950 0.821301 
3626 -0.525190 0.712362 
3627 -0.322692 0.828354 
3628 -0.119468 0.949738 
3629 -0.208602 0.545239 
3630 -0.136924 0.833223 
3631 -0.506105 0.596665 
3632 -0.576802 0.517221 
3633 -0.198860 0.439334 
3634 -0.393890 0.505904 
3635 -0.539014 0.693207 
3636 -0.234382 0.594535 
3637 -0.165684 0.857459 
3638 -0.528195 0.600349 
3639 -0.357582 0.866730 
3640 -0.494851 0.465889 
3641 -0.508693 0.765238 
3642 -0.188189 0.537587 
3643 -0.189010 0.693830 
3644 -0.509163 0.840747 
3645 -0.516736 0.511996 
3646 -0.606368 0.543067 
3647 -0.535602 0.785983 
3648 -0.427412 0.484075 
3649 -0.184268 0.526924 
3650 -0.269630 0.770917 
3651 -0.629038 0.472937 
3652 -0.534067 0.644024 
3653 -0.318310 0.538722 
3654 -0.468907 0.790362 
3655 -0.293324 0.505218 
3656 -0.290886 0.540187 
3657 -0.367659 0.865168 
3658 -0.307190 0.812822 
3659 -0.372831 0.713190 
3660 -0.492342 0.683599 
3661 -0.196186 0.779253 
3662 -0.275337 0.854388 
3663 -0.330204 0.570431 
3664 -0.122738 0.824703 
3665 -0.372745 0.526130 
3666 -0.506292 0.430219 
3667 -0.484626 0.852157 
3668 -0.193710 0.448791 
3669 -0.563103 0.471026 
3670 -0.229734 0.827321 
3671 -0.359326 0.615225 
3672 -0.519930 0.659223 
3673 -0.195722 0.574020 
3674 -0.183869 0.857500 
3675 -0.265455 0.635929 
3676 -0.173814 0.551397 
3677 -0.469986 0.622492 
3678 -0.152528 0.639271 
3679 -0.140008 0.574219 
3680 -0.411882 0.577704 
3681 -0.195612 0.776459 
3682 -0.359421 0.843919 
3683 -0.288431 0.679686 
3684 -0.146363 0.604899 
3685 -0.100307 0.844317 
3686 -0.137331 0.934454 
3687 -0.278855 0.865177 
3688 -0.115197 0.852570 
3689 -0.427923 0.505821 
3690 -0.209644 0.591238 
3691 -0.229698 0.481467 
3692 -0.175638 0.805123 
3693 -0.465628 0.812329 
3694 -0.125933 0.592711 
3695 -0.433954 0.716005 
3696 -0.430999 0.528071 
3697 -0.236666 0.589667 
3698 -0.210392 0.687500 
3699 -0.067629 0.410762 
3700 -0.199163 0.497181 
3701 -0.291049 0.866563 
3702 -0.362512 0.772389 
3703 -0.517659 0.714465 
3704 -0.357897 0.626001 
3705 -0.450691 0.658530 
3706 -0.391457 0.853324 
3707 -0.560734 0.662845 
3708 -0.491954 0.530218 
3709 -0.120686 0.625969 
3710 -0.112962 0.648139 
3711 -0.548489 0.874280 
3712 -0.397858 0.693944 
3713 -0.204414 0.804493 
3714 -0.344872 0.700421 
3715 -0.190643 0.814647 
3716 -0.195549 0.636766 
3717 -0.166452 0.775160 
3718 -0.442855 0.733418 
3719 -0.499041 0.669084 
3720 -0.144265 0.814402 
3721 -0.557367 0.783918 
3722 -0.522234 0.871104 
3723 -0.528951 0.695231 
3724 -0.166697 0.903951 
3725 -0.570971 0.696283 
3726 -0.139559 0.694907 
3727 -0.252996 0.679797 
3728 -0.255661 0.842253 
3729 -0.225028 0.685707 
3730 -0.590068 0.442720 
3731 -0.138111 0.605631 
3732 -0.417492 0.803102 
3733 -0.437072 0.827034 
3734 -0.605514 0.648476 
3735 -0.218105 0.705575 
3736 -0.541813 0.409537 
3737 -0.629363 0.617426 
3738 -0.155088 0.798536 
3739 -0.393156 0.778520 
3740 -0.441409 0.848713 
3741 -0.171309 0.587716 
3742 -0.533206 0.487235 
3743 -0.376000 0.561082 
3744 -0.439653 0.718338 
3745 -0.272596 0.708015 
3746 -0.240436 0.707065 
3747 -0.417939 0.812203 
3748 -0.539066 0.698350 
3749 -0.164174 0.730832 
3750 -0.308434 0.493083 
3751 -0.549190 0.693890 
3752 -0.138778 0.818302 
3753 -0.575785 0.606399 
3754 -0.329483 0.787287 
3755 -0.223081 0.853752 
3756 -0.537045 0.432364 
3757 -0.399015 0.631680 
3758 -0.163934 0.885665 
3759 -0.505185 0.551966 
3760 -0.245991 0.723307 
3761 -0.602008 0.572606 
3762 -0.562522 0.541494 
3763 -0.399423 0.456466 
3764 -0.348260 0.831669 
3765 -0.544125 0.751476 
3766 -0.401754 0.515083 
3767 -0.397783 0.466630 
3768 -0.416203 0.872763 
3769 -0.554585 0.613956 
3770 -0.544112 0.771283 
3771 -0.307709 0.786317 
3772 -0.320945 0.709994 
3773 -0.365738 0.449252 
3774 -0.436767 0.857783 
3775 -0.292579 0.832129 
3776 -0.384559 0.825582 
3777 -0.352090 0.890581 
3778 -0.559443 0.435906 
3779 -0.320021 0.624917 
3780 -0.337646 0.533466 
3781 -0.154434 0.864640 
3782 -0.185804 0.670554 
3783 -0.132601 0.749047 
3784 -0.346355 0.724936 
3785 -0.362813 0.385512 
3786 -0.527873 0.894266 
3787 -0.228798 0.644890 
3788 -0.608690 0.780599 
3789 -0.334066 0.841199 
3790 -0.446167 0.735464 
3791 -0.160644 0.667148 
3792 -0.511030 0.451461 
3793 -0.160719 0.704568 
3794 -0.186656 0.622750 
3795 -0.400730 0.665707 
3796 -0.301005 0.835321 
3797 -0.193128 0.776548 
3798 -0.440701 0.705152 
3799 -0.533150 0.726303 
3800 -0.269002 0.730529 
3801 -0.172750 0.706083 
3802 -0.571463 0.767708 
3803 -0.133108 0.731877 
3804 -0.099765 0.715169 
3805 -0.481543 0.652676 
3806 -0.343434 0.714850 
3807 -0.315198 0.622902 
3808 -0.453428 0.687370 
3809 -0.378470 0.541794 
3810 -0.146866 0.608421 
3811 -0.198695 0.830283 
3812 -0.376417 0.547549 
3813 -0.437215 0.362058 
3814 -0.463519 0.798718 
3815 -0.326467 0.814838 
3816 -0.269843 0.606386 
3817 -0.155306 0.884840 
3818 -0.128694 0.852074 
3819 -0.124800 0.794251 
3820 -0.366991 0.825382 
3821 -0.339661 0.534155 
3822 -0.339511 0.697495 
3823 -0.256907 0.522860 
3824 -0.300694 0.521612 
3825 -0.580802 0.665032 
3826 -0.314295 0.445774 
3827 -0.235951 0.600958 
3828 -0.515073 0.494751 
3829 -0.221702 0.716203 
3830 -0.216460 0.812740 
3831 -0.227352 0.590738 
3832 -0.463257 0.431524 
3833 -0.236342 0.634722 
3834 -0.487047 0.809398 
3835 -0.423792 0.625503 
3836 -0.290100 0.810830 
3837 -0.410429 0.762646 
3838 -0.317019 0.508957 
3839 -0.619897 0.431400 
3840 -0.585404 0.484597 
3841 -0.404680 0.738953 
3842 -0.325888 0.610960 
3843 -0.451004 0.637008 
3844 -0.455566 0.851435 
3845 -0.385653 0.643143 
3846 -0.528966 0.641809 
3847 -0.266298 0.805982 
3848 -0.187504 0.571666 
3849 -0.191983 0.563486 
3850 -0.284223 0.575680 
3851 -0.439954 0.490908 
3852 -0.268091 0.585727 
3853 -0.497777 0.662811 
3854 -0.344524 0.816822 
3855 -0.304330 0.557375 
3856 -0.360099 0.687751 
3857 -0.589589 0.448206 
3858 -0.192621 0.746995 
3859 -0.363630 0.618855 
3860 -0.420888 0.836630 
3861 -0.275715 0.686046 
3862 -0.315690 0.865808 
3863 -0.471498 0.500184 
3864 -0.521308 0.838051 
3865 -0.421347 0.763920 
3866 -0.069815 0.763817 
3867 -0.370337 0.545329 
3868 -0.280518 0.865241 
3869 -0.236231 0.578207 
3870 -0.589725 0.648417 
3871 -0.585741 0.630439 
3872 -0.342103 0.836008 
3873 -0.606978 0.634589 
3874 -0.446968 0.667431 
3875 -0.186478 0.413348 
3876 -0.242435 0.663705 
3877 -0.517934 0.498673 
3878 -0.470522 0.749867 
3879 -0.325600 0.786212 
3880 -0.250277 0.550788 
3881 -0.551314 0.811722 
3882 -0.353855 0.600631 
3883 -0.568597 0.764439 
3884 -0.356972 0.692446 
3885 -0.146754 0.779881 
3886 -0.223441 0.448045 
3887 -0.226434 0.816992 
3888 -0.376175 0.623725 
3889 -0.568412 0.824902 
3890 -0.263178 0.547242 
3891 -0.257029 0.708645 
3892 -0.434078 0.558521 
3893 -0.138801 0.680463 
3894 -0.352550 0.643477 
3895 -0.444738 0.533460 
3896 -0.553217 0.354105 
3897 -0.395345 0.647914 
3898 -0.209139 0.536428 
3899 -0.355118 0.625625 
3900 -0.189186 0.626894 
3901 -0.614997 0.695295 
3902 -0.512565 0.607624 
3903 -0.482898 0.449618 
3904 -0.563997 0.782999 
3905 -0.611448 0.786791 
3906 -0.455500 0.895963 
3907 -0.316683 0.475417 
3908 -1.995306 1.668409 
3909 -0.498368 0.714031 
3910 -0.521117 0.983247 
3911 -0.547174 0.533415 
3912 -0.746416 0.618664 
3913 -0.505220 0.698713 
3914 -0.678814 0.592812 
3915 -0.592016 0.648418 
3916 -0.591294 0.425714 
3917 -0.702456 0.384926 
3918 -0.321221 0.585633 
3919 -0.488071 0.616834 
3920 -0.430001 0.708790 
3921 -0.167843 0.482564 
3922 -0.230038 0.466586 
3923 -0.284251 0.489267 
3924 -0.326271 0.500848 
3925 -0.452904 0.657315 
3926 -0.613475 0.394219 
3927 -0.336635 0.636191 
3928 -0.687639 0.835846 
3929 -0.655537 0.468435 
3930 -0.548596 0.776892 
3931 -0.643558 0.564524 
3932 -0.391063 0.613414 
3933 -0.589490 0.673033 
3934 -0.554955 0.519185 
3935 -0.622519 0.754417 
3936 -0.248674 0.813953 
3937 -0.641008 0.770560 
3938 -0.409303 0.540160 
3939 -0.591696 0.694241 
3940 -0.479641 0.769051 
3941 -0.532914 0.489836 
3942 -0.390899 0.610725 
3943 -0.542712 0.403949 
3944 -0.433466 0.643132 
3945 -0.625681 0.450220 
3946 -0.526587 0.566887 
3947 -0.159865 0.726428 
3948 -0.836751 0.833802 
3949 -0.725633 0.888128 
3950 -0.316868 0.497406 
3951 -0.570086 0.741119 
3952 -0.385898 0.659715 
3953 -0.488811 0.379952 
3954 -0.208593 0.690776 
3955 -0.209978 0.641383 
3956 -0.439679 0.472928 
3957 -0.119334 0.484789 
3958 -0.067448 0.624930 
