3089 2
1 -1.396107 -0.242592 
2 -1.322850 0.069766 
3 -1.242736 0.299139 
4 -1.186615 0.224389 
5 -1.308809 -0.066818 
6 -1.333423 0.337938 
7 -1.269493 0.326288 
8 -1.228968 0.335771 
9 -1.117010 0.240287 
10 -1.176947 0.013877 
11 -1.225901 0.312353 
12 -1.205968 0.015190 
13 -1.206511 0.358072 
14 -1.228919 0.226614 
15 -1.254287 0.066132 
16 -1.179149 0.253935 
17 -1.139751 -0.001529 
18 -1.246171 0.125989 
19 -1.184978 0.154508 
20 -1.258164 -0.014044 
21 -1.195416 -0.120183 
22 -1.185754 0.129407 
23 -1.217593 -0.054212 
24 -1.122243 0.047662 
25 -1.156913 0.220937 
26 -1.226756 -0.085258 
27 -1.217333 0.050589 
28 -1.177562 -0.093070 
29 -1.126650 0.014128 
30 -1.137118 0.191258 
31 -1.090045 0.203443 
32 -1.188033 0.066674 
33 -1.163374 0.228408 
34 -1.200316 -0.071141 
35 -1.171734 0.166909 
36 -1.151315 0.311547 
37 -1.151438 0.165419 
38 -1.166180 0.376790 
39 -1.138676 0.316541 
40 -1.168441 0.259058 
41 -1.174747 0.238906 
42 -1.168959 -0.033646 
43 -1.127998 0.280023 
44 -1.133460 0.025045 
45 -1.152363 0.348215 
46 -1.221208 -0.048259 
47 -1.137924 0.257319 
48 -1.177161 0.000295 
49 -1.187168 0.080556 
50 -1.212130 0.199867 
51 -1.147164 0.108688 
52 -1.231322 -0.104182 
53 -1.170704 0.085749 
54 -1.209868 0.134735 
55 -1.236155 -0.123045 
56 -1.152069 -0.008313 
57 -1.146322 0.076617 
58 -1.115941 -0.015613 
59 -1.089381 0.334126 
60 -1.219424 0.336849 
61 -1.120103 0.287531 
62 -1.199427 0.138190 
63 -1.157339 0.134743 
64 -1.195566 -0.095448 
65 -1.177329 -0.063899 
66 -1.091737 0.149987 
67 -1.163055 0.313705 
68 -1.216589 -0.126533 
69 -1.143118 0.160053 
70 -1.186791 0.085146 
71 -1.145492 0.092400 
72 -1.130479 0.050350 
73 -1.171659 -0.130974 
74 -1.146249 -0.048233 
75 -1.169443 0.063748 
76 -1.180747 0.008467 
77 -1.142297 0.034445 
78 -1.202976 0.285324 
79 -1.153069 -0.029026 
80 -1.140863 0.088720 
81 -1.111485 -0.082364 
82 -1.205322 -0.165649 
83 -1.144333 0.293303 
84 -1.169713 0.017814 
85 -1.131579 0.143114 
86 -1.117503 -0.025307 
87 -1.113569 0.206631 
88 -1.168707 0.310557 
89 -1.127227 -0.029611 
90 -1.125353 0.112945 
91 -1.224250 0.050736 
92 -1.244782 -0.052291 
93 -1.219121 0.080647 
94 -1.195089 -0.155820 
95 -1.099894 0.258882 
96 -1.128015 -0.007111 
97 -1.180969 -0.077685 
98 -1.143924 0.116582 
99 -1.142557 0.176374 
100 -1.163824 0.313412 
101 -1.193830 0.013546 
102 -1.168232 0.169122 
103 -1.192179 -0.015997 
104 -1.159186 0.290724 
105 -1.224253 0.210585 
106 -1.143664 0.285345 
107 -1.188304 0.006117 
108 -1.238269 -0.154450 
109 -1.179476 0.153274 
110 -1.147338 0.093674 
111 -1.123624 0.008733 
112 -1.128677 0.071081 
113 -1.184546 0.086416 
114 -1.184057 0.265547 
115 -1.198434 -0.102415 
116 -1.107541 0.103713 
117 -1.222544 0.247195 
118 -1.110303 0.132368 
119 -1.241489 0.207181 
120 -1.361961 -0.103044 
121 -1.339911 0.292310 
122 -1.314285 -0.093385 
123 -1.334592 0.005194 
124 -1.273388 0.126057 
125 -1.260342 0.267529 
126 -1.204134 0.123194 
127 -1.197860 0.344698 
128 -1.288880 0.114098 
129 -1.240980 0.234078 
130 -1.212627 -0.142286 
131 -1.208309 0.180018 
132 -1.199061 0.271661 
133 -1.281117 -0.134372 
134 -1.176209 -0.045412 
135 -1.223342 -0.052000 
136 -1.243184 -0.151535 
137 -1.303311 0.323340 
138 -1.304585 0.332908 
139 -1.271949 0.326189 
140 -1.250270 0.265340 
141 -1.273905 0.045278 
142 -1.200026 0.222892 
143 -1.225502 0.126540 
144 -1.250862 -0.084351 
145 -1.158920 0.023978 
146 -1.183221 0.231557 
147 -1.256172 0.135346 
148 -1.221191 0.307834 
149 -1.239479 0.012792 
150 -1.187025 0.293358 
151 -1.251002 0.318422 
152 -1.236174 0.035078 
153 -1.279948 0.185701 
154 -1.272067 -0.008237 
155 -1.183591 0.305533 
156 -1.193444 0.085097 
157 -1.215489 0.330117 
158 -1.148168 0.365421 
159 -1.189287 0.334398 
160 -1.190087 0.322504 
161 -1.244769 0.143838 
162 -1.195512 0.348264 
163 -1.193899 0.307036 
164 -1.209324 0.353113 
165 -1.223030 0.184612 
166 -1.180780 0.126158 
167 -1.167440 0.197451 
168 -1.201582 0.062884 
169 -1.108465 0.225661 
170 -1.143707 0.225574 
171 -1.133657 0.004043 
172 -1.148343 0.347977 
173 -1.211653 0.275339 
174 -1.222417 0.188227 
175 -1.197664 0.083181 
176 -1.218563 0.064676 
177 -1.196446 0.294116 
178 -1.216196 -0.115466 
179 -1.199117 -0.059956 
180 -1.121778 0.372734 
181 -1.194798 0.209745 
182 -1.172354 0.084244 
183 -1.129465 0.020397 
184 -1.123720 0.355263 
185 -1.189443 0.026843 
186 -1.239461 0.190161 
187 -1.197881 0.206554 
188 -1.188857 0.111938 
189 -1.194859 -0.091356 
190 -1.172952 0.234145 
191 -1.190302 0.109672 
192 -1.133909 0.017995 
193 -1.192133 -0.062708 
194 -1.195132 0.165764 
195 -1.152071 0.077166 
196 -1.199644 0.074293 
197 -1.098304 0.087426 
198 -1.108323 0.190266 
199 -1.222257 0.054490 
200 -1.130873 0.329861 
201 -1.172667 -0.062908 
202 -1.178142 -0.143250 
203 -1.110260 0.127277 
204 -1.130608 0.172022 
205 -1.191068 0.235695 
206 -1.197310 0.277021 
207 -1.192545 0.193939 
208 -1.149177 0.020050 
209 -1.158700 0.066955 
210 -1.125204 0.245353 
211 -1.231830 -0.123236 
212 -1.198898 0.097242 
213 -1.177006 0.103365 
214 -1.165195 0.106829 
215 -1.159531 0.150137 
216 -1.120855 -0.068819 
217 -1.196535 -0.106481 
218 -1.222181 0.015291 
219 -1.196217 0.080415 
220 -1.187611 -0.043109 
221 -1.119565 0.187466 
222 -1.074249 0.333351 
223 -1.190877 -0.026587 
224 -1.218381 0.036064 
225 -1.158934 -0.074547 
226 -1.165857 0.144734 
227 -1.152735 0.196926 
228 -1.165906 0.270306 
229 -1.153342 0.339788 
230 -1.117244 0.315796 
231 -1.152021 0.284154 
232 -1.138512 -0.085172 
233 -1.168682 0.278895 
234 -1.228333 -0.063269 
235 -1.246949 -0.016903 
236 -1.167114 0.092782 
237 -1.174217 -0.041575 
238 -1.173724 -0.117827 
239 -1.237523 0.018208 
240 -1.135577 0.293085 
241 -1.177344 0.225209 
242 -1.197098 0.075735 
243 -1.166158 0.332583 
244 -1.130116 0.214362 
245 -1.181520 0.318638 
246 -1.191565 0.152547 
247 -1.084894 0.293472 
248 -1.195654 0.198885 
249 -1.162316 0.014653 
250 -1.132867 0.006268 
251 -1.178736 0.071956 
252 -1.200060 0.135234 
253 -1.153369 -0.033963 
254 -1.082705 0.196030 
255 -1.194185 0.100111 
256 -1.212605 0.340671 
257 -1.106959 0.297596 
258 -1.162777 -0.017811 
259 -1.147370 0.229123 
260 -1.127688 0.326931 
261 -1.186512 -0.085572 
262 -1.100288 0.350218 
263 -1.165312 0.290965 
264 -1.254489 -0.045007 
265 -1.133412 0.206101 
266 -1.194221 -0.027191 
267 -1.208345 -0.105465 
268 -1.164768 0.096530 
269 -1.202446 -0.011816 
270 -1.231758 -0.039387 
271 -1.172438 0.171209 
272 -1.150437 0.353929 
273 -1.192280 0.190695 
274 -1.267820 -0.022210 
275 -1.172085 0.363568 
276 -1.212855 -0.018719 
277 -1.172178 0.262627 
278 -1.113293 0.348232 
279 -1.176732 0.137756 
280 -1.186256 0.120603 
281 -1.155688 0.354373 
282 -1.181496 -0.032799 
283 -1.197801 0.263212 
284 -1.135136 0.284314 
285 -1.187782 0.337506 
286 -1.142331 0.022106 
287 -1.219595 0.188072 
288 -1.243064 0.111046 
289 -1.201252 0.361954 
290 -1.222211 0.249052 
291 -1.149783 0.100884 
292 -1.272077 -0.057015 
293 -1.114442 0.179219 
294 -1.174623 0.074666 
295 -1.211765 0.179097 
296 -1.180692 0.207927 
297 -1.222982 0.273443 
298 -1.165142 0.259251 
299 -1.100961 0.246283 
300 -1.172877 0.046694 
301 -1.120091 0.153447 
302 -1.083561 0.377263 
303 -1.197141 0.292909 
304 -1.134153 0.047468 
305 -1.179964 0.246693 
306 -1.119478 -0.097318 
307 -1.206428 0.168105 
308 -1.229972 0.049321 
309 -1.194296 0.262424 
310 -1.242932 -0.065762 
311 -1.173525 0.039011 
312 -1.183904 0.208541 
313 -1.130771 0.346978 
314 -1.147304 0.180410 
315 -1.201154 0.038666 
316 -1.193389 0.243859 
317 -1.244558 0.057441 
318 -1.174990 0.269068 
319 -1.155170 0.117157 
320 -1.133346 -0.004573 
321 -1.147558 -0.051763 
322 -1.155350 0.006301 
323 -1.158905 0.309581 
324 -1.195459 0.264730 
325 -1.194379 0.059494 
326 -1.163478 0.327776 
327 -1.200109 0.389431 
328 -1.144400 0.255259 
329 -1.192351 0.301211 
330 -1.186493 0.275600 
331 -1.216887 0.112020 
332 -1.212488 0.270875 
333 -1.136619 0.195658 
334 -1.147492 0.310546 
335 -1.162586 0.423393 
336 -1.211989 0.321615 
337 -1.190654 0.404235 
338 -1.197595 0.346399 
339 -1.171634 0.317150 
340 -1.190900 0.230303 
341 -1.122741 0.292470 
342 -1.182149 0.119356 
343 -1.137164 0.358894 
344 -1.171676 -0.048136 
345 -1.212659 0.227757 
346 -1.148059 0.140125 
347 -1.152600 0.275888 
348 -1.150513 0.048068 
349 -1.167351 0.139331 
350 -1.193751 0.138382 
351 -1.119028 0.258347 
352 -1.165926 -0.064922 
353 -1.154918 0.151708 
354 -1.161528 0.040804 
355 -1.141672 0.274805 
356 -1.157191 0.266669 
357 -1.209084 -0.007840 
358 -1.164446 0.299955 
359 -1.166093 0.109863 
360 -1.191924 0.198332 
361 -1.125808 0.243446 
362 -1.211191 0.152055 
363 -1.168145 0.087635 
364 -1.104007 0.342097 
365 -1.113154 0.140893 
366 -1.138856 0.091212 
367 -1.212988 0.136695 
368 -1.070070 0.341360 
369 -1.216680 0.298639 
370 -1.103723 0.116543 
371 -1.157421 0.119759 
372 -1.200648 0.124416 
373 -1.206539 -0.027752 
374 -1.256492 -0.084179 
375 -1.214093 0.236287 
376 -1.126670 0.061933 
377 -1.213185 -0.018408 
378 -1.152417 0.209453 
379 -1.085123 0.313182 
380 -1.119402 0.337456 
381 -1.104236 0.159015 
382 -1.139780 0.193175 
383 -1.251695 -0.019620 
384 -1.166680 0.062741 
385 -1.227374 0.147259 
386 -1.184084 0.136155 
387 -1.157173 0.259668 
388 -1.197473 0.295490 
389 -1.237487 -0.035595 
390 -1.171528 0.228708 
391 -1.150802 0.327016 
392 -1.180632 -0.086865 
393 -1.177613 0.092975 
394 -1.286130 0.169331 
395 -1.210352 0.021816 
396 -1.196179 0.091323 
397 -1.251354 -0.065728 
398 -1.224568 0.072665 
399 -1.214890 0.258866 
400 -1.250553 0.142852 
401 -1.222382 0.051387 
402 -1.188395 -0.120755 
403 -1.209429 -0.026674 
404 -1.183601 -0.022228 
405 -1.133720 0.053773 
406 -1.220253 0.005666 
407 -1.166315 0.100194 
408 -1.149890 -0.091430 
409 -1.213395 -0.013255 
410 -1.217676 -0.014165 
411 -1.145642 0.246660 
412 -1.201425 0.187038 
413 -1.156463 0.116435 
414 -1.178106 0.121852 
415 -1.230810 0.059697 
416 -1.192329 0.301685 
417 -1.210624 -0.085185 
418 -1.273794 -0.058606 
419 -1.140218 -0.053966 
420 -1.236125 -0.004292 
421 -1.253469 0.016945 
422 -1.191043 0.275775 
423 -1.168082 0.116882 
424 -1.142525 0.256155 
425 -1.129238 0.358402 
426 -1.237170 0.026595 
427 -1.120402 0.305035 
428 -1.155592 -0.048518 
429 -1.168998 0.027471 
430 -1.181403 0.220898 
431 -1.159704 0.292822 
432 -1.181697 0.313770 
433 -1.185747 0.282373 
434 -1.185736 -0.017804 
435 -1.177309 0.082203 
436 -1.206910 0.350898 
437 -1.125646 0.312564 
438 -1.203708 0.233624 
439 -1.179585 0.022817 
440 -1.110011 0.046321 
441 -1.203673 0.198334 
442 -1.150175 0.170670 
443 -1.095315 0.347248 
444 -1.152579 0.038179 
445 -1.240279 0.220004 
446 -1.180116 0.135600 
447 -1.118421 0.116865 
448 -1.240879 0.376908 
449 -1.185921 -0.024852 
450 -1.132706 0.207737 
451 -1.148654 0.115168 
452 -1.236897 0.237789 
453 -1.188571 0.090424 
454 -1.140067 0.079819 
455 -1.208178 0.114622 
456 -1.174238 0.118172 
457 -1.157074 0.151348 
458 -1.186069 0.217576 
459 -1.164473 0.044168 
460 -1.201193 0.017938 
461 -1.135392 0.328753 
462 -1.141747 0.214502 
463 -1.196317 -0.005964 
464 -1.119688 0.293214 
465 -1.210583 -0.047594 
466 -1.142984 0.055952 
467 -1.179131 0.274786 
468 -1.164863 0.114298 
469 -1.235653 0.081346 
470 -1.194797 -0.046385 
471 -1.182008 0.337486 
472 -1.143264 0.059490 
473 -1.187019 0.239296 
474 -1.206102 -0.058725 
475 -1.210448 0.119181 
476 -1.147231 0.354447 
477 -1.189723 0.274706 
478 -1.170865 0.285744 
479 -1.221428 0.013253 
480 -1.178854 0.068977 
481 -1.254954 0.266646 
482 -1.122606 0.067709 
483 -1.215696 0.016732 
484 -1.250576 0.279754 
485 -1.126872 0.381229 
486 -1.165757 -0.001457 
487 -1.113693 0.140479 
488 -1.218780 -0.008711 
489 -1.174086 0.010084 
490 -1.129261 0.316333 
491 -1.172157 0.282001 
492 -1.115227 0.079806 
493 -1.140667 0.012450 
494 -1.162984 -0.112873 
495 -1.184271 -0.021361 
496 -1.253578 0.075293 
497 -1.171001 0.319165 
498 -1.157204 0.220554 
499 -1.172568 -0.079406 
500 -1.146542 0.027496 
501 -1.114868 0.157165 
502 -1.116653 0.064907 
503 -1.183391 0.181695 
504 -1.217075 0.195388 
505 -1.161893 0.098231 
506 -1.203306 0.142908 
507 -1.092931 0.178176 
508 -1.182994 0.029524 
509 -1.245843 0.256222 
510 -1.122920 0.229100 
511 -1.200459 0.106165 
512 -1.112367 0.323840 
513 -1.186119 0.171023 
514 -1.138006 0.055771 
515 -1.154001 0.064512 
516 -1.207594 0.229704 
517 -1.163080 -0.008605 
518 -1.134019 0.281059 
519 -1.191803 0.199084 
520 -1.272378 -0.008704 
521 -1.156713 0.319582 
522 -1.168865 0.394231 
523 -1.171295 0.192140 
524 -1.228778 0.294442 
525 -1.219540 0.081519 
526 -1.122396 0.334142 
527 -1.255648 0.303246 
528 -1.213376 0.068843 
529 -1.182370 0.279431 
530 -1.148417 0.160311 
531 -1.205878 0.186583 
532 -1.167695 0.299163 
533 -1.139068 0.343729 
534 -1.136651 0.379704 
535 -1.157216 0.214452 
536 -1.184476 0.321496 
537 -1.223624 0.041281 
538 -1.237055 0.251307 
539 -1.174276 0.335943 
540 -1.184600 0.233849 
541 -1.211837 0.033494 
542 -1.190174 0.380614 
543 -1.107200 0.075194 
544 -1.228505 0.105408 
545 -1.135316 0.234588 
546 -1.173210 0.325989 
547 -1.120135 0.406122 
548 -1.128443 0.362814 
549 -1.114144 0.241315 
550 -1.157501 0.177320 
551 -1.150972 0.043796 
552 -1.095240 0.176618 
553 -1.218645 0.103536 
554 -1.078120 0.149343 
555 -1.241387 0.051132 
556 -1.120576 0.092388 
557 -1.154566 0.410838 
558 -1.193317 0.357821 
559 -1.181588 0.024371 
560 -1.183679 0.130697 
561 -1.186542 0.325385 
562 -1.149962 0.162287 
563 -1.198839 0.302348 
564 -1.116754 0.390028 
565 -1.193785 0.297912 
566 -1.164393 0.060334 
567 -1.148391 0.100592 
568 -1.161120 0.395633 
569 -1.190684 -0.078699 
570 -1.183505 -0.005707 
571 -1.190030 -0.020590 
572 -1.173814 0.269988 
573 -1.250042 -0.059054 
574 -1.248561 0.265099 
575 -1.180991 0.215759 
576 -1.169849 0.213792 
577 -1.191254 0.235551 
578 -1.151036 -0.063943 
579 -1.162940 0.342401 
580 -1.262283 0.120815 
581 -1.239747 0.024545 
582 -1.225366 -0.012442 
583 -1.172312 0.302594 
584 -1.248140 -0.057349 
585 -1.165323 -0.024424 
586 -1.165995 0.285940 
587 -1.149815 0.153120 
588 -1.165395 0.067967 
589 -1.173864 0.343960 
590 -1.105461 -0.029581 
591 -1.185808 0.116500 
592 -1.170328 0.048834 
593 -1.196365 0.178757 
594 -1.197157 0.208715 
595 -1.305459 0.098508 
596 -1.218288 0.007509 
597 -1.164668 0.323758 
598 -1.184708 0.203824 
599 -1.185683 -0.074802 
600 -1.171313 0.295942 
601 -1.274339 0.000983 
602 -1.302906 0.119021 
603 -1.198070 0.254098 
604 -1.160596 0.004151 
605 -1.193171 0.081879 
606 -1.118448 0.304426 
607 -1.160763 -0.004688 
608 -1.172894 0.220145 
609 -1.221763 -0.077951 
610 -1.248119 -0.117446 
611 -1.152734 0.120606 
612 -1.150359 0.166159 
613 -1.220205 -0.100245 
614 -1.159985 0.085320 
615 -1.157249 0.054251 
616 -1.184706 0.071310 
617 -1.219594 -0.075896 
618 -1.209972 -0.069939 
619 -1.163551 0.175164 
620 -1.148987 0.109747 
621 -1.130030 0.152937 
622 -1.150519 0.137147 
623 -1.149055 0.258878 
624 -1.189746 0.034787 
625 -1.092646 0.178030 
626 -1.215999 -0.073147 
627 -1.126352 0.249499 
628 -1.129757 0.118760 
629 -1.098192 0.410519 
630 -1.188372 0.371999 
631 -1.201932 0.344934 
632 -1.173983 0.151286 
633 -1.167836 0.094884 
634 -1.210172 -0.028923 
635 -1.055816 0.325770 
636 -1.107201 0.024938 
637 -1.088657 0.139328 
638 -1.043096 0.068752 
639 -1.156854 0.385805 
640 -1.183843 0.003985 
641 -1.106348 0.289841 
642 -1.101651 0.372995 
643 -1.125509 0.100849 
644 -1.107534 0.162305 
645 -1.094504 0.348075 
646 -1.180469 0.069335 
647 -1.220691 0.029202 
648 -1.102043 0.280660 
649 -1.142619 0.331725 
650 -1.155388 0.012781 
651 -1.097788 0.361284 
652 -1.189785 0.330738 
653 -1.205124 -0.029030 
654 -1.171790 0.091167 
655 -1.194997 0.216561 
656 -1.309806 0.051604 
657 -1.177448 0.098008 
658 -1.247090 0.293661 
659 -1.176384 0.254463 
660 -1.150878 0.190180 
661 -1.279475 0.009056 
662 -1.228374 0.002646 
663 -1.181688 0.137381 
664 -1.161348 0.254684 
665 -1.232558 0.283124 
666 -1.163032 0.341597 
667 -1.221579 0.365429 
668 -1.275187 0.052011 
669 -1.269434 0.127759 
670 -1.208908 0.115341 
671 -1.153332 0.195724 
672 -1.215827 0.264850 
673 -1.239981 -0.020079 
674 -1.159363 0.191937 
675 -1.203926 0.209779 
676 -1.222399 0.069944 
677 -1.170255 0.265092 
678 -1.168768 0.195176 
679 -1.157821 0.316305 
680 -1.254624 0.086174 
681 -1.130164 0.298105 
682 -1.126750 0.091189 
683 -1.136595 -0.015925 
684 -1.193120 0.177369 
685 -1.133808 0.073747 
686 -1.105445 0.195996 
687 -1.164603 -0.063561 
688 -1.141748 -0.043605 
689 -1.134572 0.125825 
690 -1.163470 0.145746 
691 -1.155074 0.064689 
692 -1.223100 0.022257 
693 -1.130594 0.085827 
694 -1.229838 -0.060019 
695 -1.216989 0.174119 
696 -1.164191 0.211129 
697 -1.165862 0.287694 
698 -1.123275 0.138541 
699 -1.230336 0.069283 
700 -1.176737 0.201712 
701 -1.228291 0.052502 
702 -1.160509 0.089630 
703 -1.288784 0.208790 
704 -1.310105 0.138622 
705 -1.314691 -0.021873 
706 -1.201867 0.273957 
707 -1.206479 0.113728 
708 -1.234894 0.051091 
709 -1.208983 0.338279 
710 -1.186342 0.162497 
711 -1.253239 0.008264 
712 -1.252721 -0.032548 
713 -1.230595 0.089014 
714 -1.217433 0.332472 
715 -1.178020 0.206727 
716 -1.195646 0.181679 
717 -1.160545 0.364062 
718 -1.217280 -0.120424 
719 -1.216515 -0.087498 
720 -1.222704 0.269832 
721 -1.133356 0.003036 
722 -1.191056 0.137428 
723 -1.167863 0.269957 
724 -1.137028 0.246342 
725 -1.188621 0.001149 
726 -1.193858 0.026981 
727 -1.211597 0.182750 
728 -1.128253 0.283249 
729 -1.242024 -0.052717 
730 -1.171293 0.121784 
731 -1.177202 -0.080704 
732 -1.212505 0.140864 
733 -1.099591 0.339171 
734 -1.203324 0.237702 
735 -1.159603 0.248281 
736 -1.191535 0.143634 
737 -1.182053 -0.033652 
738 -1.151767 0.283009 
739 -1.178084 0.244045 
740 -1.133218 0.092004 
741 -1.105511 0.376670 
742 -1.083643 0.160698 
743 -1.132306 0.111283 
744 -1.180805 -0.028769 
745 -1.134981 0.071064 
746 -1.136145 0.291263 
747 -1.207919 0.064416 
748 -1.056309 0.302215 
749 -1.219871 -0.127866 
750 -1.186918 0.039631 
751 -1.220318 0.041060 
752 -1.149435 -0.090746 
753 -1.206532 -0.087101 
754 -1.111932 0.140701 
755 -1.138793 0.245120 
756 -1.135074 0.011396 
757 -1.101567 0.287210 
758 -1.176667 0.268709 
759 -1.132277 0.082796 
760 -1.137535 0.024908 
761 -1.161761 0.124431 
762 -1.219184 -0.038195 
763 -1.145641 0.142834 
764 -1.198408 -0.014647 
765 -1.195676 -0.121506 
766 -1.195707 0.215610 
767 -1.166514 0.159089 
768 -1.143951 0.151920 
769 -1.138647 0.311169 
770 -1.158164 0.217059 
771 -1.235570 0.287624 
772 -1.112271 0.187302 
773 -1.166903 0.090519 
774 -1.224216 -0.063788 
775 -1.214086 0.184158 
776 -1.158997 -0.063977 
777 -1.175928 -0.110532 
778 -1.157494 -0.056580 
779 -1.167636 -0.087488 
780 -1.147975 0.115670 
781 -1.182907 0.002513 
782 -1.241134 0.029027 
783 -1.224388 -0.078678 
784 -1.190277 0.286608 
785 -1.207704 -0.078380 
786 -1.205246 0.109666 
787 -1.154091 -0.006720 
788 -1.170571 0.130333 
789 -1.182956 0.008916 
790 -1.170876 0.185555 
791 -1.197974 0.005331 
792 -1.197781 0.121586 
793 -1.119159 0.003077 
794 -1.056597 0.039534 
795 -1.095481 0.395141 
796 -1.155059 -0.094762 
797 -1.117097 0.110047 
798 -1.171129 0.314455 
799 -1.211503 0.035157 
800 -1.173483 0.160453 
801 -1.093958 0.058277 
802 -1.181843 0.284942 
803 -1.131499 0.232911 
804 -1.175883 0.033681 
805 -1.100827 0.276940 
806 -1.183510 0.243085 
807 -1.209271 0.204095 
808 -1.158822 0.211386 
809 -1.188223 0.137748 
810 -1.142247 0.086294 
811 -1.197585 0.367196 
812 -1.082919 0.128052 
813 -1.130560 0.020810 
814 -1.118918 0.143678 
815 -1.178816 0.234087 
816 -1.177380 0.245714 
817 -1.160534 0.048031 
818 -1.097238 0.073839 
819 -1.139962 0.205637 
820 -1.238150 -0.028822 
821 -1.077739 0.149704 
822 -1.106031 0.306356 
823 -1.206468 0.027045 
824 -1.207248 0.294648 
825 -1.213824 0.241939 
826 -1.131554 0.345923 
827 -1.187532 0.227396 
828 -1.120144 0.246648 
829 -1.175591 0.106321 
830 -1.116865 0.097346 
831 -1.137768 0.008520 
832 -1.131676 0.149729 
833 -1.145676 0.088290 
834 -1.145273 0.002459 
835 -1.138660 0.380214 
836 -1.157104 0.346263 
837 -1.205953 0.017148 
838 -1.213079 0.244524 
839 -1.229365 0.085495 
840 -1.155173 0.241811 
841 -1.214389 0.403135 
842 -1.199738 0.339496 
843 -1.203445 0.221922 
844 -1.126551 0.363333 
845 -1.120157 0.353929 
846 -1.214346 -0.008115 
847 -1.152479 0.240425 
848 -1.062087 0.265553 
849 -1.142792 0.301320 
850 -1.197041 0.175123 
851 -1.162769 0.036871 
852 -1.157932 0.249719 
853 -1.046799 0.378608 
854 -1.073804 0.204799 
855 -1.162453 -0.005622 
856 -1.234758 -0.053617 
857 -1.165755 0.173457 
858 -1.146020 0.126996 
859 -1.153913 0.298390 
860 -1.196032 -0.036350 
861 -1.125983 0.179466 
862 -1.066963 0.302779 
863 -1.228816 -0.105718 
864 -1.217361 0.016647 
865 -1.193033 0.251266 
866 -1.218296 -0.040252 
867 -1.096058 0.292427 
868 -1.181515 0.118702 
869 -1.235157 0.163711 
870 -1.128086 0.406716 
871 -1.130250 0.097799 
872 -1.200518 0.115057 
873 -1.201365 0.077520 
874 -1.212637 0.049186 
875 -1.180712 0.290707 
876 -1.226958 -0.013551 
877 -1.206893 -0.007368 
878 -1.165272 0.270421 
879 -1.144343 0.286445 
880 -1.169998 0.178366 
881 -1.315452 0.458644 
882 -1.263631 0.489857 
883 -1.241668 0.350181 
884 -1.238653 0.142039 
885 -1.196635 0.465506 
886 -1.138689 0.076291 
887 -1.152862 0.142948 
888 -1.174959 0.344495 
889 -1.200577 0.132677 
890 -1.168990 0.417530 
891 -1.157423 0.420397 
892 -1.210539 0.022758 
893 -1.244035 -0.050854 
894 -1.228678 0.030958 
895 -1.183917 0.108388 
896 -1.203460 0.183083 
897 -1.179131 0.334840 
898 -1.182660 -0.035940 
899 -1.161971 0.278830 
900 -1.185160 0.226339 
901 -1.129215 0.390131 
902 -1.194274 0.402564 
903 -1.133188 0.276951 
904 -1.197224 0.049273 
905 -1.216753 0.167432 
906 -1.190245 0.023889 
907 -1.036929 0.321226 
908 -1.170968 0.197511 
909 -1.211628 -0.005071 
910 -1.131712 0.281964 
911 -1.255447 -0.062834 
912 -1.083080 0.147837 
913 -1.192992 0.161253 
914 -1.171314 0.077483 
915 -1.190262 0.008584 
916 -1.175125 -0.158218 
917 -1.319057 -0.172836 
918 -1.236585 -0.172673 
919 -1.258213 -0.062613 
920 -1.165372 0.024891 
921 -1.230358 -0.083450 
922 -1.165474 -0.117655 
923 -1.173576 0.038814 
924 -1.230325 0.219283 
925 -1.220732 -0.058337 
926 -1.200207 0.172232 
927 -1.247408 -0.110935 
928 -1.136680 0.230480 
929 -1.162886 0.114930 
930 -1.175441 -0.053586 
931 -1.192884 -0.114487 
932 -1.168007 -0.000167 
933 -1.147348 -0.086784 
934 -1.208084 -0.039022 
935 -1.136911 -0.089868 
936 -1.205523 0.058612 
937 -1.158010 0.131772 
938 -1.191861 -0.099609 
939 -1.256058 -0.062463 
940 -1.193618 0.141464 
941 -1.134267 0.209857 
942 -1.157649 0.024611 
943 -1.136936 0.207113 
944 -1.266162 -0.085150 
945 -1.123126 0.002055 
946 -1.155283 0.093701 
947 -1.218142 -0.003021 
948 -1.231916 -0.133069 
949 -1.108285 -0.088337 
950 -1.137931 -0.003697 
951 -1.210499 -0.144942 
952 -1.176795 0.093974 
953 -1.156546 -0.014303 
954 -1.184930 0.053369 
955 -1.167050 -0.022636 
956 -1.230597 0.271096 
957 -1.216481 -0.015745 
958 -1.236361 0.019275 
959 -1.201438 -0.049521 
960 -1.110675 0.257346 
961 -1.203564 0.073668 
962 -1.206772 -0.169046 
963 -1.188684 -0.081387 
964 -1.135720 0.192914 
965 -1.170284 0.129699 
966 -1.090051 0.106759 
967 -1.125401 0.352458 
968 -1.168751 0.045539 
969 -1.139522 0.335652 
970 -1.163378 0.073184 
971 -1.104018 0.315431 
972 -1.147647 -0.014407 
973 -1.189436 0.015227 
974 -1.161603 0.241867 
975 -1.121550 0.276679 
976 -1.138590 0.010738 
977 -1.111946 0.161158 
978 -1.144986 0.099535 
979 -1.208661 0.046566 
980 -1.164092 -0.087828 
981 -1.196713 -0.039105 
982 -1.127937 0.032907 
983 -1.126652 0.279643 
984 -1.192881 0.033867 
985 -1.032191 0.267077 
986 -1.162789 -0.021813 
987 -1.156763 0.252965 
988 -1.172339 0.232401 
989 -1.183895 -0.078134 
990 -1.204342 0.228336 
991 -1.170491 -0.066878 
992 -1.090785 0.287776 
993 -1.107827 0.316151 
994 -1.179662 0.166101 
995 -1.170354 0.196080 
996 -1.148279 0.112222 
997 -1.199670 -0.048102 
998 -1.050292 0.252203 
999 -1.166395 0.074386 
1000 -1.163872 -0.011729 
1001 -1.140253 0.183693 
1002 -1.161747 0.234189 
1003 -1.211283 0.298439 
1004 -1.164073 0.140701 
1005 -1.105244 0.268998 
1006 -1.218255 0.097349 
1007 -1.240121 -0.037489 
1008 -1.184382 0.044820 
1009 -1.186965 0.018511 
1010 -1.177043 0.077017 
1011 -1.177014 0.319229 
1012 -1.151819 0.342029 
1013 -1.171395 0.231099 
1014 -1.146305 -0.061203 
1015 -1.145661 0.001849 
1016 -1.223247 -0.082813 
1017 -1.252607 0.125546 
1018 -1.184643 0.288458 
1019 -1.100031 -0.016802 
1020 -1.099316 0.253554 
1021 -1.187450 0.249824 
1022 -1.207744 0.069758 
1023 -1.228361 0.042779 
1024 -1.106782 0.264425 
1025 -1.233905 -0.069788 
1026 -1.155661 0.143620 
1027 -1.147709 0.172261 
1028 -1.190468 -0.060060 
1029 -1.145892 0.050604 
1030 -1.254388 0.270729 
1031 -1.135107 0.358529 
1032 -1.178449 0.120041 
1033 -1.159670 0.281499 
1034 -1.147706 0.054294 
1035 -1.101791 0.154471 
1036 -1.154743 0.181440 
1037 -1.167184 0.240524 
1038 -1.126236 0.158988 
1039 -1.088220 0.366758 
1040 -1.109562 0.192987 
1041 -1.107051 0.093749 
1042 -1.147705 0.188359 
1043 -1.127570 -0.078174 
1044 -1.203969 -0.058600 
1045 -1.123953 0.089081 
1046 -1.247319 0.102477 
1047 -1.144244 0.115066 
1048 -1.174498 0.135578 
1049 -1.145419 0.184256 
1050 -1.185310 0.137696 
1051 -1.240281 -0.002935 
1052 -1.123930 0.366954 
1053 -1.061991 0.098401 
1054 -1.201778 0.158343 
1055 -1.204864 0.054159 
1056 -1.152801 -0.065306 
1057 -1.184671 0.091798 
1058 -1.153531 0.234438 
1059 -1.130167 0.217640 
1060 -1.143833 0.186411 
1061 -1.171890 0.266883 
1062 -1.198570 0.198413 
1063 -1.045914 0.192449 
1064 -1.069849 0.229771 
1065 -1.123423 0.194796 
1066 -1.233960 0.078232 
1067 -1.170068 0.123461 
1068 -1.246791 0.006009 
1069 -1.133611 0.321873 
1070 -1.156017 0.181524 
1071 -1.195084 0.042964 
1072 -1.146288 0.051340 
1073 -1.119343 0.275495 
1074 -1.150536 0.254168 
1075 -1.226504 -0.075173 
1076 -1.208575 0.044638 
1077 -1.180213 -0.016939 
1078 -1.179347 -0.103081 
1079 -1.233193 0.051748 
1080 -1.189435 -0.075023 
1081 -1.207200 0.309134 
1082 -1.228642 0.226863 
1083 -1.220881 0.100143 
1084 -1.204854 -0.022919 
1085 -1.115002 0.261758 
1086 -1.178491 -0.088150 
1087 -1.120745 0.125073 
1088 -1.178231 0.042733 
1089 -1.233402 -0.006144 
1090 -1.213142 0.285304 
1091 -1.167314 0.286179 
1092 -1.215164 0.063542 
1093 -1.175859 0.047175 
1094 -1.150957 0.015899 
1095 -1.223010 -0.000615 
1096 -1.132905 0.369046 
1097 -1.115685 0.385370 
1098 -1.181007 0.305890 
1099 -1.203844 0.371844 
1100 -1.163501 0.261991 
1101 -1.129356 0.173213 
1102 -1.190923 0.191853 
1103 -1.143412 0.145551 
1104 -1.214275 0.167294 
1105 -1.210332 0.192881 
1106 -1.270275 -0.069265 
1107 -1.209520 -0.003493 
1108 -1.211201 -0.035972 
1109 -1.078088 0.357087 
1110 -1.116838 0.343012 
1111 -1.188554 0.329927 
1112 -1.246654 0.230073 
1113 -1.196731 0.197854 
1114 -1.149429 0.083408 
1115 -1.192123 0.273547 
1116 -1.258665 0.211974 
1117 -1.287529 -0.058437 
1118 -1.163111 0.283904 
1119 -1.240854 -0.031713 
1120 -1.232871 0.269866 
1121 -1.171907 -0.070441 
1122 -1.085888 0.344736 
1123 -1.230503 -0.047581 
1124 -1.274522 -0.080091 
1125 -1.140826 0.330111 
1126 -1.171624 0.161424 
1127 -1.181422 0.344036 
1128 -1.046482 -0.039763 
1129 -1.298432 0.206795 
1130 -1.249965 0.180994 
1131 -1.200014 -0.082317 
1132 -1.220466 -0.074928 
1133 -1.149055 0.217119 
1134 -1.219646 -0.094277 
1135 -1.239455 0.025524 
1136 -1.202747 -0.136582 
1137 -1.303186 -0.035592 
1138 -1.424441 -0.010026 
1139 -1.363535 0.235003 
1140 -1.359102 0.325155 
1142 -1.376665 0.540537 
1143 -1.378155 0.326774 
1144 -1.391978 0.702632 
1145 -1.376636 0.733426 
1146 -1.382554 0.425210 
1147 -1.411646 0.318632 
1148 -1.381365 0.552859 
1149 -1.379435 0.558920 
1150 -1.305144 0.613149 
1151 -1.329931 0.092265 
1152 -1.315614 0.300958 
1153 -1.237938 0.401488 
1154 -1.237155 -0.046140 
1155 -1.329709 0.002070 
1156 -1.315208 0.027209 
1157 -1.224057 0.102510 
1158 -1.214893 0.387541 
1159 -1.287862 0.032101 
1160 -1.372816 -0.147000 
1161 -1.285327 0.196733 
1162 -1.309256 -0.142193 
1222 -1.321711 -0.003535 
1231 -1.231096 0.302270 
1232 -1.304634 -0.232419 
1234 -1.362588 0.113286 
1235 -1.322544 -0.172617 
1236 -1.370211 -0.022568 
1237 -1.337651 0.027052 
1238 -1.309100 0.086897 
1239 -1.264833 -0.066954 
1240 -1.352691 0.297966 
1241 -1.353772 -0.059170 
1242 -1.361344 -0.031735 
1243 -1.316692 0.051203 
1244 -1.336343 -0.040384 
1245 -1.295423 -0.051696 
1246 -1.319426 0.068585 
1247 -1.333214 0.170406 
1248 -1.318504 0.096991 
1249 -1.335745 0.177676 
1250 -1.325624 0.124285 
1251 -1.321210 -0.028984 
1252 -1.314446 -0.100300 
1253 -1.283795 0.225907 
1254 -1.254659 0.197882 
1255 -1.381451 -0.045225 
1257 -1.358766 0.147528 
1259 -1.439380 -0.258812 
1260 -1.405092 -0.036000 
1261 -1.454610 -0.433072 
1263 -1.449441 -0.417960 
1264 -1.495397 -0.706025 
1265 -1.506825 -0.526628 
1266 -1.434553 -0.247798 
1267 -1.412671 0.121931 
1268 -1.415907 0.004759 
1269 -1.391173 -0.077440 
1270 -1.386173 -0.093177 
1271 -1.392767 0.076946 
1272 -1.402318 0.030509 
1273 -1.375402 -0.236096 
1274 -1.400665 -0.001662 
1275 -1.320617 0.088451 
1276 -1.381121 -0.003731 
1277 -1.304623 0.088772 
1278 -1.322121 0.123406 
1279 -1.362607 -0.141116 
1280 -1.342296 0.068308 
1281 -1.286650 0.014264 
1282 -1.403123 -0.150020 
1283 -1.369524 -0.132170 
1284 -1.379896 -0.040526 
1285 -1.349853 -0.119985 
1286 -1.323635 -0.076042 
1287 -1.372325 -0.155877 
1288 -1.287542 -0.143988 
1289 -1.212975 0.189173 
1290 -1.357725 0.055589 
1291 -1.284906 0.095212 
1292 -1.396691 0.046578 
1293 -1.405115 -0.021421 
1294 -1.361907 0.164742 
1295 -1.399191 -0.131835 
1296 -1.390089 0.060243 
1297 -1.385174 -0.203700 
1298 -1.317897 -0.087466 
1299 -1.379666 -0.120106 
1300 -1.370496 0.056179 
1301 -1.841855 -1.991866 
1302 -1.587315 -0.726287 
1304 -1.363880 0.063476 
1305 -1.522797 -0.699075 
1306 -1.345605 -0.208660 
1307 -1.405371 -0.241839 
1308 -1.527792 -0.578118 
1309 -1.324828 -0.228873 
1310 -1.233699 0.186097 
1311 -1.444248 -0.462413 
1312 -1.278582 0.048660 
1313 -1.429792 -0.414697 
1314 -1.413369 -0.381628 
1315 -1.355630 -0.301886 
1316 -1.314024 -0.010890 
1317 -1.400932 -0.291047 
1318 -1.620213 -0.844179 
1319 -1.341649 -0.164823 
1320 -1.277916 -0.066688 
1321 -1.313625 -0.219217 
1322 -1.276612 -0.036851 
1323 -1.232659 -0.087442 
1324 -1.321091 -0.013245 
1325 -1.243615 0.124957 
1326 -1.275435 0.117168 
1327 -1.358556 -0.192448 
1328 -1.259878 0.065393 
1329 -1.234660 -0.055199 
1330 -1.187056 0.080436 
1331 -1.158015 0.110389 
1332 -1.299649 -0.099708 
1333 -1.289034 0.107850 
1334 -1.259346 -0.026600 
1335 -1.402850 -0.341021 
1336 -1.242400 -0.129815 
1337 -1.264400 0.026773 
1338 -1.288243 0.165881 
1339 -1.253244 -0.088096 
1340 -1.318757 0.200440 
1341 -1.458679 -0.512001 
1342 -1.290374 -0.049305 
1343 -1.309836 -0.011132 
1344 -1.289283 0.118171 
1345 -1.279138 0.257605 
1346 -1.337344 -0.001004 
1347 -1.233451 0.240808 
1348 -1.271942 -0.073790 
1349 -1.340241 -0.021004 
1350 -1.330042 -0.186425 
1351 -1.250183 -0.003965 
1352 -1.290268 0.145521 
1353 -1.304420 0.243762 
1354 -1.292973 -0.017126 
1355 -1.322126 -0.168052 
1356 -1.350850 -0.137416 
1357 -1.329680 0.047995 
1358 -1.286070 0.232552 
1359 -1.406295 -0.317774 
1360 -1.397008 -0.351100 
1361 -1.371307 -0.234442 
1362 -1.266648 -0.008362 
1363 -1.293871 0.048832 
1364 -1.285889 -0.168083 
1365 -1.317488 -0.292906 
1366 -1.241936 0.316149 
1367 -1.269712 0.303078 
1368 -1.425586 -0.268091 
1369 -1.299370 0.301735 
1370 -1.268660 0.117911 
1371 -1.298067 0.198235 
1372 -1.275985 -0.054135 
1373 -1.331445 0.091098 
1374 -1.354790 -0.144957 
1375 -1.296000 0.172019 
1376 -1.353778 -0.132024 
1377 -1.285743 0.234223 
1378 -1.260994 0.139791 
1379 -1.291672 -0.030691 
1380 -1.255519 -0.005473 
1381 -1.216327 0.082163 
1382 -1.255618 0.009954 
1383 -1.180783 -0.027185 
1384 -1.293163 -0.211244 
1385 -1.221752 -0.025525 
1386 -1.181274 0.136669 
1387 -1.279604 -0.378948 
1388 -1.241688 -0.135838 
1389 -1.302213 -0.127611 
1390 -1.194099 0.188933 
1391 -1.187690 0.064505 
1392 -1.342125 -0.196127 
1393 -1.345237 -0.280752 
1394 -1.217181 0.247421 
1395 -1.217928 0.055305 
1396 -1.247953 -0.123408 
1397 -1.229936 0.120650 
1398 -1.128396 0.322671 
1399 -1.267545 0.008256 
1400 -1.281976 -0.140389 
1401 -1.262693 -0.063198 
1402 -1.359022 -0.189657 
1403 -1.293230 0.017063 
1404 -1.269828 0.098738 
1405 -1.225496 0.153954 
1406 -1.275991 0.087393 
1407 -1.223135 0.327621 
1408 -1.363411 -0.135794 
1409 -1.266185 -0.022602 
1410 -1.336834 -0.054318 
1411 -1.279619 0.133182 
1412 -1.289379 0.040269 
1413 -1.286073 0.257897 
1414 -1.313640 -0.023750 
1415 -1.342462 0.067437 
1416 -1.289669 0.205258 
1417 -1.340382 -0.258236 
1418 -1.262843 -0.002335 
1419 -1.286410 0.184936 
1420 -1.273821 0.223547 
1421 -1.264765 0.229379 
1422 -1.345094 -0.031902 
1423 -1.329323 -0.020579 
1424 -1.342078 -0.047253 
1425 -1.278523 0.248328 
1426 -1.326361 -0.076531 
1427 -1.290115 0.300927 
1428 -1.216073 0.352218 
1429 -1.371997 -0.232105 
1430 -1.267091 0.193484 
1431 -1.265046 0.028149 
1432 -1.296529 -0.107632 
1433 -1.348901 -0.203440 
1434 -1.316501 0.234771 
1435 -1.387208 -0.240301 
1436 -1.262548 -0.103493 
1437 -1.336722 -0.064480 
1438 -1.378248 0.027951 
1439 -1.321681 -0.134397 
1440 -1.234814 0.131566 
1441 -1.128358 0.169262 
1442 -1.205553 0.037852 
1443 -1.212295 0.070676 
1444 -1.189832 0.127649 
1445 -1.254297 0.198844 
1446 -1.227943 0.320964 
1447 -1.325621 0.190933 
1448 -1.195702 0.181349 
1449 -1.400240 0.309748 
1454 -1.400579 0.117275 
1455 -1.507652 0.141577 
1456 -1.470299 0.247054 
1457 -1.459322 0.284850 
1458 -1.482563 0.059987 
1459 -1.371983 0.444682 
1460 -1.382651 0.142543 
1461 -1.301292 0.333253 
1462 -1.283005 0.323324 
1463 -1.365580 0.165660 
1464 -1.288231 0.048243 
1465 -1.250782 0.271552 
1466 -1.304838 -0.080499 
1467 -1.237128 0.307399 
1468 -1.253588 -0.038557 
1469 -1.197771 0.325677 
1470 -1.176998 0.112264 
1471 -1.257379 -0.000467 
1472 -1.254096 0.237597 
1473 -1.287029 0.054225 
1474 -1.239334 0.078301 
1475 -1.305214 -0.061241 
1476 -1.194621 0.003908 
1477 -1.265703 -0.101250 
1478 -1.188191 0.045074 
1479 -1.149892 0.028438 
1480 -1.223009 0.007655 
1481 -1.215422 0.018536 
1482 -1.180331 0.301858 
1483 -1.120862 0.162607 
1484 -1.402135 1.205050 
1485 -1.483588 1.584069 
1486 -1.495797 1.222957 
1487 -1.433547 0.841361 
1488 -1.497273 1.373730 
1490 -1.515743 0.930263 
1491 -1.641581 1.937358 
1492 -1.726143 2.282824 
1501 -1.838010 2.235556 
1502 -2.245037 2.297042 
1503 -1.910697 2.155228 
1504 -2.536008 2.642279 
1505 -2.553529 2.682032 
1506 -2.388130 2.455797 
1507 -2.463876 2.554866 
1508 -2.371639 2.344394 
1509 -2.118928 2.126271 
1510 -2.045687 2.100522 
1511 -1.606539 1.522504 
1512 -1.633669 1.558528 
1513 -1.857818 1.852009 
1514 -1.829587 1.774859 
1515 -1.537816 1.378098 
1516 -1.549361 1.333669 
1517 -1.672994 1.577441 
1518 -1.550830 1.419861 
1519 -1.701804 1.634782 
1520 -1.920967 1.852260 
1521 -1.338052 0.633529 
1522 -1.160054 0.272195 
1523 -1.263536 0.358980 
1524 -1.436136 0.108357 
1525 -1.414039 0.002509 
1526 -1.468552 0.108741 
1527 -1.442318 0.259312 
1528 -1.441443 0.001476 
1529 -1.392254 0.220841 
1530 -1.431492 0.038469 
1531 -1.400259 0.182477 
1532 -1.488347 -0.136699 
1533 -1.467632 -0.098969 
1534 -1.429736 0.009727 
1535 -1.458581 0.258703 
1536 -1.488346 0.249527 
1537 -1.434156 0.691366 
1538 -1.446239 0.345822 
1539 -1.449373 0.281283 
1540 -1.462433 1.160639 
1541 -1.341480 0.718392 
1542 -1.420781 0.484952 
1543 -1.348122 0.483363 
1544 -1.332140 0.466082 
1545 -1.378713 0.949668 
1546 -1.320047 0.454184 
1547 -1.359081 0.630649 
1548 -1.303669 0.266049 
1549 -1.311690 0.085811 
1550 -1.326525 0.375252 
1551 -1.277723 0.483236 
1552 -1.253862 0.287494 
1553 -1.337629 0.958603 
1554 -1.296670 -0.027204 
1555 -1.196692 0.269591 
1556 -1.208446 0.066412 
1557 -1.194200 0.664110 
1558 -1.246461 0.035437 
1559 -1.172994 0.267616 
1560 -1.217522 0.180191 
1561 -1.356381 -0.257959 
1562 -1.144478 0.096264 
1563 -1.232822 0.091497 
1564 -1.190861 0.330200 
1565 -1.215058 0.357939 
1566 -1.276628 0.200970 
1567 -1.254434 -0.023993 
1568 -1.236289 0.201475 
1569 -1.213490 0.254137 
1570 -1.248342 -0.115982 
1571 -1.269186 0.163281 
1572 -1.235715 0.746720 
1573 -1.251507 -0.118163 
1574 -1.321952 -0.128993 
1575 -1.192674 0.338848 
1576 -1.237335 0.247371 
1577 -1.220045 0.212144 
1578 -1.171835 0.121319 
1579 -1.262341 -0.006621 
1580 -1.205604 0.140110 
1581 -1.161311 0.139887 
1582 -1.250556 -0.124743 
1583 -1.226859 0.103910 
1584 -1.295586 -0.056954 
1585 -1.213034 -0.086215 
1586 -1.163590 0.187555 
1587 -1.255792 0.245292 
1588 -1.291359 0.008837 
1589 -1.271298 -0.030415 
1590 -1.200012 0.083087 
1591 -1.281377 -0.065324 
1592 -1.315313 -0.146352 
1593 -1.194142 0.141244 
1594 -1.273528 -0.090334 
1595 -1.182000 -0.010977 
1596 -1.254419 0.030549 
1597 -1.266239 0.234827 
1598 -1.259739 0.039810 
1599 -1.183757 0.221590 
1600 -1.212101 0.215125 
1601 -1.137194 0.041767 
1602 -1.225231 0.031062 
1603 -1.183412 0.171647 
1604 -1.220653 -0.004793 
1605 -1.234409 -0.062274 
1606 -1.242759 0.090829 
1607 -1.183823 0.126811 
1608 -1.233053 0.367453 
1609 -1.222386 0.319423 
1610 -1.155236 0.340736 
1611 -1.220832 0.342464 
1612 -1.208866 0.341083 
1613 -1.190615 0.372205 
1614 -1.361327 -0.184944 
1615 -1.270127 -0.058326 
1616 -1.168380 0.326238 
1617 -1.235772 -0.056814 
1618 -1.261611 -0.029039 
1619 -1.252564 0.178189 
1620 -1.330139 -0.118873 
1621 -1.201663 0.186415 
1622 -1.260237 -0.019919 
1623 -1.245176 -0.095394 
1624 -1.252301 0.062600 
1625 -1.220567 0.347272 
1626 -1.252991 0.120586 
1627 -1.214872 0.047565 
1628 -1.229330 0.127772 
1629 -1.232292 0.502116 
1630 -1.240637 0.468274 
1631 -1.235198 0.004829 
1632 -1.171808 0.098029 
1633 -1.239643 0.225064 
1634 -1.187555 0.351849 
1635 -1.260722 -0.092627 
1636 -1.229328 0.843622 
1637 -1.246294 -0.054837 
1638 -1.222115 0.063420 
1639 -1.174990 0.011803 
1640 -1.236054 0.383450 
1641 -1.281481 0.270950 
1642 -1.199247 -0.031050 
1643 -1.180843 0.176821 
1644 -1.273021 0.270656 
1645 -1.269994 0.128151 
1646 -1.170173 0.164322 
1647 -1.167770 0.368920 
1648 -1.175519 0.174147 
1649 -1.200781 -0.058356 
1650 -1.164748 0.328968 
1651 -1.176053 0.155717 
1652 -1.219329 -0.059402 
1653 -1.213119 0.153754 
1654 -1.169442 0.080951 
1655 -1.251246 -0.042564 
1656 -1.270769 -0.027544 
1657 -1.145558 0.325422 
1658 -1.192429 0.147784 
1659 -1.202859 0.280089 
1660 -1.246644 0.016212 
1661 -1.222011 0.104218 
1662 -1.241448 0.357061 
1663 -1.137057 0.304728 
1664 -1.281779 -0.015208 
1665 -1.284917 0.079475 
1666 -1.267238 0.088179 
1667 -1.259926 -0.049348 
1668 -1.196426 0.249982 
1669 -1.268683 0.785921 
1670 -1.267137 0.058824 
1671 -1.133584 0.316834 
1672 -1.153744 0.276524 
1673 -1.247580 -0.020743 
1674 -1.200894 0.174802 
1675 -1.267201 -0.055148 
1676 -1.153085 0.539093 
1677 -1.247215 0.337954 
1678 -1.230065 -0.066544 
1679 -1.188839 0.031359 
1680 -1.188957 0.163508 
1681 -1.165989 0.053596 
1682 -1.238035 0.054708 
1683 -1.092974 0.209442 
1684 -1.214895 0.247902 
1685 -1.236736 0.174013 
1686 -1.208407 0.043560 
1687 -1.205026 0.192693 
1688 -1.221049 0.039767 
1689 -1.183193 0.137755 
1690 -1.211044 0.022618 
1691 -1.209586 0.199455 
1692 -1.162786 0.308848 
1693 -1.231065 0.287933 
1694 -1.210641 -0.028372 
1695 -1.204668 0.306820 
1696 -1.238527 0.462229 
1697 -1.150574 0.216847 
1698 -1.221776 -0.016881 
1699 -1.143539 0.269276 
1700 -1.252244 0.199683 
1701 -1.230554 0.192670 
1702 -1.211673 0.617582 
1703 -1.177344 0.357619 
1704 -1.159135 0.219189 
1705 -1.299483 -0.108959 
1706 -1.226515 0.046353 
1707 -1.214037 0.115846 
1708 -1.216124 0.258670 
1709 -1.140730 0.352850 
1710 -1.197421 0.160688 
1711 -1.199162 0.321347 
1712 -1.183013 0.170673 
1713 -1.180298 0.175258 
1714 -1.274580 0.066348 
1715 -1.247884 0.083328 
1716 -1.224858 -0.096440 
1717 -1.247900 0.275942 
1718 -1.176153 0.235780 
1719 -1.180935 0.309853 
1720 -1.204178 0.351873 
1721 -1.222550 0.408167 
1722 -1.234073 0.421982 
1723 -1.154815 0.159516 
1724 -1.192871 0.453315 
1725 -1.229636 0.245320 
1726 -1.187100 0.147108 
1727 -1.247388 0.233736 
1728 -1.105072 0.402441 
1729 -1.200780 0.243537 
1730 -1.204208 0.374140 
1731 -1.249591 0.157510 
1732 -1.196962 -0.017303 
1733 -1.307890 -0.153635 
1734 -1.240424 0.124726 
1735 -1.239303 0.001711 
1736 -1.290751 0.108035 
1737 -1.299494 0.065774 
1738 -1.248649 0.197621 
1739 -1.210387 0.139207 
1740 -1.384634 -0.144660 
1741 -1.323436 -0.064332 
1742 -1.264870 0.803607 
1743 -1.262207 0.153919 
1744 -1.272742 0.222735 
1745 -1.200270 0.448247 
1746 -1.120018 0.116418 
1747 -1.223460 0.162272 
1748 -1.277505 0.248918 
1749 -1.252806 0.377550 
1750 -1.254641 0.424380 
1751 -1.221259 0.200281 
1752 -1.380456 1.138960 
1753 -1.274383 0.031062 
1754 -1.286999 0.443247 
1755 -1.247559 0.590300 
1756 -1.225895 0.031128 
1757 -1.272627 0.000617 
1758 -1.189100 0.284261 
1759 -1.228823 0.275940 
1760 -1.250253 0.097391 
1761 -1.186622 0.301716 
1762 -1.209585 0.635425 
1763 -1.272491 -0.108787 
1764 -1.225869 0.082946 
1765 -1.188515 0.263823 
1766 -1.211082 0.309304 
1767 -1.214201 0.177272 
1768 -1.167024 0.352950 
1769 -1.195698 0.201257 
1770 -1.171643 0.103388 
1771 -1.220389 0.012552 
1772 -1.195490 -0.010631 
1773 -1.128708 0.152442 
1774 -1.152865 0.163254 
1775 -1.191771 0.278404 
1776 -1.231918 0.189995 
1777 -1.201632 0.032927 
1778 -1.131049 0.163402 
1779 -1.193719 0.173948 
1780 -1.155871 0.142856 
1781 -1.182769 0.269265 
1782 -1.310282 -0.020338 
1783 -1.137564 0.246467 
1784 -1.293630 0.785796 
1785 -1.180732 0.090223 
1786 -1.252254 -0.045200 
1787 -1.250062 0.135966 
1788 -1.195674 0.304344 
1789 -1.185727 0.289731 
1790 -1.225497 0.352470 
1791 -1.227693 0.290595 
1792 -1.225756 0.130253 
1793 -1.193348 0.018190 
1794 -1.216226 0.281840 
1795 -1.166755 0.254197 
1796 -1.260547 0.228480 
1797 -1.208439 0.329032 
1798 -1.251212 0.154778 
1799 -1.203225 0.026244 
1800 -1.196074 -0.000618 
1801 -1.194587 0.298616 
1802 -1.172083 0.333537 
1803 -1.212780 0.271804 
1804 -1.189189 0.251188 
1805 -1.160208 0.081137 
1806 -1.152645 0.181244 
1807 -1.228770 0.046362 
1808 -1.195373 0.410163 
1809 -1.292849 -0.093012 
1810 -1.176817 0.357179 
1811 -1.199651 0.020936 
1812 -1.222467 0.224321 
1813 -1.217906 0.215485 
1814 -1.163158 0.082774 
1815 -1.189229 0.199447 
1816 -1.252230 -0.016553 
1817 -1.120098 0.288504 
1818 -1.214535 0.441667 
1819 -1.132024 0.361543 
1820 -1.144927 0.110158 
1821 -1.115094 0.361542 
1822 -1.177945 0.173995 
1823 -1.181414 -0.060008 
1824 -1.155898 0.197317 
1825 -1.190698 -0.076202 
1826 -1.203834 -0.002309 
1827 -1.198382 -0.045269 
1828 -1.143242 0.350398 
1829 -1.157156 0.367470 
1830 -1.260847 0.486673 
1831 -1.208470 0.070876 
1832 -1.269636 0.489293 
1833 -1.174308 0.559183 
1834 -1.187789 0.054660 
1835 -1.211138 0.030045 
1836 -1.191276 0.183047 
1837 -1.235959 0.281821 
1838 -1.233023 0.237877 
1839 -1.176964 0.223764 
1840 -1.221811 0.023231 
1841 -1.201890 0.136473 
1842 -1.092768 0.316386 
1843 -1.141205 -0.073636 
1844 -1.242789 -0.090887 
1845 -1.349732 -0.054625 
1846 -1.188586 -0.014228 
1847 -1.127735 0.132009 
1848 -1.255149 0.579775 
1849 -1.313055 0.093192 
1850 -1.190283 0.539389 
1851 -1.287269 0.039024 
1852 -1.226437 -0.080254 
1853 -1.214848 0.134783 
1854 -1.119623 0.140258 
1855 -1.191663 0.425521 
1856 -1.219157 0.009214 
1857 -1.152233 0.772103 
1858 -1.192385 0.260218 
1859 -1.135275 0.365084 
1860 -1.165959 0.131884 
1861 -1.207944 0.410356 
1862 -1.230423 -0.075620 
1863 -1.244717 -0.081547 
1864 -1.203064 0.084778 
1865 -1.293979 -0.303028 
1866 -1.239370 0.121906 
1867 -1.147462 0.124250 
1868 -1.109736 0.342527 
1869 -1.177226 0.381333 
1870 -1.272432 0.064017 
1871 -1.155670 0.216766 
1872 -1.207646 0.285216 
1873 -1.160269 0.278415 
1874 -1.165506 0.185049 
1875 -1.227649 0.348509 
1876 -1.166971 0.223859 
1877 -1.241564 0.026104 
1878 -1.197895 0.201246 
1879 -1.231985 0.003691 
1880 -1.282691 0.310283 
1881 -1.221907 0.033734 
1882 -1.182487 0.114600 
1883 -1.214176 -0.079335 
1884 -1.199143 0.151649 
1885 -1.155269 0.282034 
1886 -1.229064 0.067151 
1887 -1.115963 0.024305 
1888 -1.307849 0.109901 
1889 -1.262825 0.018519 
1890 -1.263525 -0.070116 
1891 -1.137011 0.186520 
1892 -1.230728 0.109902 
1893 -1.195865 0.014777 
1894 -1.221420 0.305255 
1895 -1.222744 0.142097 
1896 -1.171856 0.337677 
1897 -1.166501 0.169712 
1898 -1.195879 -0.074633 
1899 -1.155313 0.285906 
1900 -1.197911 0.169306 
1901 -1.127088 0.309049 
1902 -1.269372 0.735408 
1903 -1.175555 0.330255 
1904 -1.195112 0.007457 
1905 -1.176555 0.116276 
1906 -1.224171 0.007226 
1907 -1.219404 0.248983 
1908 -1.174213 -0.035517 
1909 -1.289638 -0.174905 
1910 -1.141035 -0.003192 
1911 -1.162273 0.113771 
1912 -1.157916 0.141253 
1913 -1.160458 0.024716 
1914 -1.186937 -0.046375 
1915 -1.258009 0.365503 
1916 -1.188562 0.368910 
1917 -1.107272 0.172872 
1918 -1.147390 0.302887 
1919 -1.203179 -0.026950 
1920 -1.200819 0.343865 
1921 -1.220847 0.420037 
1922 -1.142440 0.308343 
1923 -1.171821 0.034466 
1924 -1.197814 0.176443 
1925 -1.149975 -0.019179 
1926 -1.184816 0.341070 
1927 -1.179406 0.308138 
1928 -1.222015 -0.010698 
1929 -1.314595 1.060346 
1930 -1.155381 0.191042 
1931 -1.201800 0.165098 
1932 -1.219045 -0.027496 
1933 -1.175974 0.190257 
1934 -1.182346 0.277556 
1935 -1.152018 0.231799 
1936 -1.168877 0.241313 
1937 -1.207745 0.135821 
1938 -1.150533 0.167460 
1939 -1.138312 -0.040607 
1940 -1.208914 -0.089529 
1941 -1.224998 0.319052 
1942 -1.142266 0.364410 
1943 -1.257148 0.256142 
1944 -1.282329 0.429165 
1945 -1.249704 0.048097 
1946 -1.223901 -0.002688 
1947 -1.239222 -0.043817 
1948 -1.149963 0.131546 
1949 -1.120773 0.200890 
1950 -1.263762 0.037353 
1951 -1.313889 0.250116 
1952 -1.235890 0.352209 
1953 -1.178084 0.322813 
1954 -1.244007 0.024559 
1955 -1.297116 0.708511 
1956 -1.251126 0.248971 
1957 -1.356528 0.421818 
1958 -1.297816 0.496683 
1959 -1.298771 0.303922 
1960 -1.217717 0.047490 
1961 -1.270387 0.123810 
1962 -1.170125 0.208152 
1963 -1.187530 0.106511 
1964 -1.248173 0.083191 
1965 -1.194414 0.671754 
1966 -1.268294 0.177415 
1967 -1.176888 0.344655 
1968 -1.211176 0.246800 
1969 -1.200356 0.425106 
1970 -1.247769 0.482405 
1971 -1.245536 0.388404 
1972 -1.219087 0.697206 
1973 -1.206291 -0.066170 
1974 -1.222041 -0.010939 
1975 -1.317434 1.007477 
1976 -1.318796 -0.113115 
1977 -1.267354 0.202850 
1978 -1.266676 0.500968 
1979 -1.189744 0.858525 
1980 -1.235325 0.035891 
1981 -1.228599 0.693033 
1982 -1.261285 0.167484 
1983 -1.303732 0.645288 
1984 -1.196308 0.541998 
1985 -1.279453 0.102419 
1986 -1.290193 0.218658 
1987 -1.302621 -0.011465 
1988 -1.362244 -0.218112 
1989 -1.173435 0.337306 
1990 -1.250359 0.333011 
1991 -1.195794 0.164716 
1992 -1.293521 0.147981 
1993 -1.310619 0.202572 
1994 -1.221893 0.342571 
1995 -1.272998 0.457943 
1996 -1.227251 0.363877 
1997 -1.175284 0.175617 
1998 -1.205261 0.109319 
1999 -1.337620 0.847203 
2000 -1.343835 0.426759 
2001 -1.334845 0.068626 
2002 -1.173923 0.527709 
2003 -1.236398 0.808005 
2004 -1.263003 0.232450 
2005 -1.251675 0.368913 
2006 -1.249976 0.059594 
2007 -1.234418 0.465544 
2008 -1.225450 0.461611 
2009 -1.195836 0.322272 
2010 -1.178333 0.392184 
2011 -1.193913 0.297861 
2012 -1.388757 0.003577 
2013 -1.321895 0.084130 
2014 -1.221022 0.047543 
2015 -1.312299 0.182559 
2016 -1.321855 0.679258 
2017 -1.207682 0.446724 
2018 -1.333749 0.100222 
2019 -1.273751 0.125334 
2020 -1.230736 0.173669 
2021 -1.262928 0.562260 
2022 -1.272231 0.135605 
2023 -1.298689 0.784291 
2024 -1.198907 -0.028509 
2025 -1.243375 0.358723 
2026 -1.261285 0.155017 
2027 -1.322980 0.394243 
2028 -1.322338 -0.125808 
2029 -1.275499 -0.097391 
2030 -1.312043 -0.032903 
2031 -1.275179 0.040297 
2032 -1.245101 0.259109 
2033 -1.233919 0.637463 
2034 -1.266970 0.576514 
2035 -1.300521 0.227840 
2036 -1.311914 1.091195 
2037 -1.222729 0.442090 
2038 -1.269660 0.320134 
2039 -1.156021 0.077222 
2040 -1.182752 0.062746 
2041 -1.241169 -0.094440 
2042 -1.268521 0.037355 
2043 -1.134513 -0.084148 
2045 -2.773650 -3.919682 
2046 -1.562290 -0.820192 
2047 -1.570724 0.403028 
2048 -1.676948 0.630623 
2049 -1.633274 -0.098275 
2050 -1.597304 0.582112 
2051 -1.646644 -0.032602 
2052 -1.613047 0.476608 
2053 -1.670868 0.960804 
2054 -1.652997 0.577004 
2055 -1.624466 0.874658 
2056 -1.598321 0.176215 
2057 -1.433560 0.358488 
2058 -1.488763 -0.255719 
2059 -1.585401 0.595152 
2060 -1.520833 -0.003725 
2061 -1.458776 -0.072036 
2062 -1.471296 0.536828 
2063 -1.325359 0.003925 
2064 -1.404924 0.043591 
2065 -1.387173 0.364561 
2066 -1.241583 0.015592 
2067 -1.280587 0.333335 
2068 -1.233102 0.268332 
2069 -1.296567 0.227641 
2070 -1.242331 -0.059167 
2071 -1.162524 0.135631 
2072 -1.270048 0.223440 
2073 -1.312649 0.177361 
2074 -1.403897 0.919686 
2075 -1.288531 -0.011124 
2076 -1.338796 0.151371 
2077 -1.357819 -0.050890 
2078 -1.310596 0.710878 
2079 -1.336302 0.100013 
2080 -1.408145 0.164376 
2081 -1.277552 0.259755 
2082 -1.326005 0.177289 
2083 -1.345079 0.256433 
2084 -1.253794 0.120109 
2085 -1.284749 0.011964 
2086 -1.396209 0.207013 
2087 -1.320274 0.010184 
2088 -1.294605 0.208608 
2089 -1.396918 0.046743 
2090 -1.333456 0.129139 
2091 -1.349560 -0.048572 
2092 -1.416476 0.241283 
2093 -1.321119 -0.058873 
2094 -1.444042 -0.174251 
2095 -1.424503 0.317379 
2096 -1.447682 0.605864 
2097 -1.317800 0.038733 
2098 -1.365802 0.276141 
2099 -1.308101 -0.067872 
2100 -1.401592 0.310626 
2101 -1.351531 0.140621 
2102 -1.328684 0.046964 
2103 -1.407824 0.318515 
2104 -1.264223 0.001054 
2105 -1.290188 0.180009 
2106 -1.273954 -0.061851 
2107 -1.315771 0.052817 
2108 -1.397008 0.226371 
2109 -1.325404 0.537250 
2110 -1.316521 0.242372 
2111 -1.211234 0.233955 
2112 -1.245166 0.291003 
2113 -1.375843 0.495431 
2114 -1.357114 0.278309 
2115 -1.301270 0.387477 
2116 -1.313540 -0.004631 
2117 -1.307850 0.229079 
2118 -1.281695 0.017208 
2119 -1.361362 0.197547 
2120 -1.331928 0.433760 
2121 -1.280422 -0.012953 
2122 -1.278222 0.089754 
2123 -1.312134 0.396636 
2124 -1.339889 0.385235 
2125 -1.369077 0.399563 
2126 -1.313989 0.164188 
2127 -1.348740 0.356734 
2128 -1.221618 0.272858 
2129 -1.332499 0.080466 
2130 -1.279594 0.277128 
2131 -1.335588 0.381027 
2132 -1.295975 0.341935 
2133 -1.269109 0.206000 
2134 -1.322600 0.190978 
2135 -1.258474 -0.088505 
2136 -1.243427 0.179818 
2137 -1.313733 0.051482 
2138 -1.220697 0.323759 
2139 -1.323268 -0.092034 
2140 -1.340461 -0.085496 
2141 -1.229524 -0.092168 
2142 -1.208820 0.016100 
2143 -1.283825 0.411226 
2144 -1.407568 0.112233 
2145 -1.295505 0.054102 
2146 -1.275036 -0.037827 
2147 -1.221358 0.230432 
2148 -1.265644 0.305128 
2149 -1.323616 0.648138 
2150 -1.311999 -0.076795 
2151 -1.347930 0.047158 
2152 -1.276779 0.028156 
2153 -1.204721 0.213623 
2154 -1.279620 0.328644 
2155 -1.303034 0.244304 
2156 -1.226593 0.099905 
2157 -1.202444 0.091183 
2158 -1.335492 0.297643 
2159 -1.350977 0.404158 
2160 -1.276696 0.099697 
2161 -1.235078 0.054934 
2162 -1.287638 -0.084543 
2163 -1.191026 0.133391 
2164 -1.293349 0.197231 
2165 -1.312508 0.004100 
2166 -1.297978 -0.041426 
2167 -1.213960 0.657759 
2168 -1.226347 0.286212 
2169 -1.201263 0.028312 
2170 -1.138073 0.240357 
2171 -1.166581 0.291061 
2172 -1.171008 -0.087581 
2173 -1.181927 0.073044 
2174 -1.154656 -0.043928 
2175 -1.220479 0.033940 
2176 -1.155265 -0.104759 
2177 -1.197932 0.005562 
2178 -1.151959 0.300662 
2179 -1.297662 -0.021466 
2180 -1.326521 0.370235 
2181 -1.256595 -0.125614 
2182 -1.224524 -0.074291 
2183 -1.245486 -0.103461 
2184 -1.196627 0.108895 
2185 -1.222133 0.115756 
2186 -1.216913 0.303558 
2187 -1.202590 0.067735 
2188 -1.211489 0.352591 
2189 -1.284957 0.007865 
2190 -1.319623 0.264931 
2191 -1.166002 0.061245 
2192 -1.181683 -0.090668 
2193 -1.253972 -0.006928 
2194 -1.223746 -0.074304 
2195 -1.194904 0.148374 
2196 -1.269183 0.080989 
2197 -1.176929 0.372087 
2198 -1.193273 0.387812 
2199 -1.187425 0.287697 
2200 -1.169299 -0.055796 
2201 -1.230247 0.147954 
2202 -1.184479 0.115952 
2203 -1.243070 -0.001829 
2204 -1.146736 0.001007 
2205 -1.148028 0.037747 
2206 -1.178997 0.275799 
2207 -1.251728 0.142334 
2208 -1.166710 0.361035 
2209 -1.241199 -0.024262 
2210 -1.204460 -0.024954 
2211 -1.280221 -0.016297 
2212 -1.211758 0.148530 
2213 -1.193399 -0.035557 
2214 -1.341381 -0.110879 
2215 -1.200118 0.152870 
2216 -1.195620 0.299880 
2217 -1.259670 0.183524 
2218 -1.213090 0.242173 
2219 -1.151378 0.177932 
2220 -1.273788 0.218429 
2221 -1.257568 0.519624 
2222 -1.152885 0.231156 
2223 -1.214971 0.194323 
2224 -1.301125 0.482196 
2225 -1.168756 0.173929 
2226 -1.211568 0.166635 
2227 -1.173416 0.202708 
2228 -1.255309 -0.063956 
2229 -1.293800 0.095142 
2230 -1.200565 0.181321 
2231 -1.273477 0.287087 
2232 -1.249218 0.313378 
2233 -1.271617 -0.001794 
2234 -1.212760 -0.011663 
2235 -1.151080 -0.102878 
2236 -1.211640 0.244394 
2237 -1.259237 0.201824 
2238 -1.298120 0.053359 
2239 -1.240736 0.144158 
2240 -1.299238 0.229337 
2241 -1.229677 0.270238 
2242 -1.304344 0.069719 
2243 -1.256341 -0.112369 
2244 -1.146417 0.213821 
2245 -1.191518 0.193595 
2246 -1.201578 0.009983 
2247 -1.291814 0.438901 
2248 -1.204286 -0.037986 
2249 -1.221875 0.087475 
2250 -1.296233 0.420535 
2251 -1.217306 0.281592 
2252 -1.155642 0.227580 
2253 -1.191000 0.111419 
2254 -1.159957 0.244909 
2255 -1.256120 0.004334 
2256 -1.138003 0.082050 
2257 -1.169718 -0.084265 
2258 -1.206297 0.274073 
2259 -1.226082 -0.065104 
2260 -1.178048 0.364262 
2261 -1.213853 0.256644 
2262 -1.240958 0.141455 
2263 -1.186460 0.226568 
2264 -1.193942 0.125073 
2265 -1.221071 -0.075605 
2266 -1.149959 0.367312 
2267 -1.224258 0.241655 
2268 -1.210455 0.046124 
2269 -1.273757 -0.112876 
2270 -1.268220 -0.103250 
2271 -1.110827 0.310596 
2272 -1.199416 0.306113 
2273 -1.187914 0.159315 
2274 -1.310507 -0.099730 
2275 -1.221477 -0.024533 
2276 -1.226041 0.156289 
2277 -1.191510 0.019830 
2278 -1.234900 0.288909 
2279 -1.182758 -0.045757 
2280 -1.234601 0.212753 
2281 -1.236246 0.227178 
2282 -1.163345 0.256938 
2283 -1.215993 0.352881 
2284 -1.250670 -0.000414 
2285 -1.259747 0.147978 
2286 -1.222292 0.240676 
2287 -1.201003 0.164995 
2288 -1.230807 -0.018591 
2289 -1.249956 0.184408 
2290 -1.155735 0.313703 
2291 -1.186766 0.370996 
2292 -1.222867 0.269216 
2293 -1.200616 0.111166 
2294 -1.275090 0.162878 
2295 -1.226874 0.247074 
2296 -1.213851 0.123388 
2297 -1.271109 -0.062801 
2298 -1.208052 -0.086134 
2299 -1.162700 -0.002373 
2300 -1.243190 0.038917 
2301 -1.194291 0.076913 
2302 -1.250757 0.103147 
2303 -1.238401 0.091645 
2304 -1.238251 -0.077732 
2305 -1.171270 -0.162001 
2306 -1.222563 -0.160956 
2307 -1.196808 -0.057051 
2308 -1.239108 0.252048 
2309 -1.246118 -0.144227 
2310 -1.257316 -0.153111 
2311 -1.151514 0.080511 
2312 -1.199951 0.205629 
2313 -1.275017 0.048680 
2314 -1.267203 0.044427 
2315 -1.311269 -0.138883 
2316 -1.224917 0.205906 
2317 -1.231716 -0.021759 
2318 -1.272376 -0.068261 
2319 -1.271801 -0.075680 
2320 -1.233714 -0.024198 
2321 -1.292977 0.249221 
2322 -1.197395 0.220611 
2323 -1.266951 0.165656 
2324 -1.269399 0.027285 
2325 -1.221303 0.113958 
2326 -1.160587 0.617800 
2327 -1.155947 -0.072384 
2328 -1.218398 -0.101589 
2329 -1.171424 0.033010 
2330 -1.205532 0.218778 
2331 -1.355790 0.243485 
2332 -1.256319 0.132873 
2333 -1.223705 0.102195 
2334 -1.324170 -0.017703 
2335 -1.384260 0.269376 
2336 -1.256048 0.224424 
2337 -1.190571 0.293381 
2338 -1.256270 -0.089191 
2339 -1.272822 0.252320 
2340 -1.187956 0.099470 
2341 -1.196160 0.029555 
2342 -1.200101 -0.102735 
2343 -1.204081 0.157914 
2344 -1.258361 0.094315 
2345 -1.198932 0.060013 
2346 -1.169830 0.315653 
2347 -1.221726 -0.069188 
2348 -1.241051 -0.135211 
2349 -1.274028 -0.010817 
2350 -1.219545 0.223392 
2351 -1.199217 0.225855 
2352 -1.203917 0.016361 
2353 -1.143224 0.127054 
2354 -1.217547 0.178695 
2355 -1.258835 0.058430 
2356 -1.299197 0.188437 
2357 -1.271703 -0.055512 
2358 -1.183665 0.093051 
2359 -1.196669 0.107899 
2360 -1.088792 0.230082 
2361 -1.111891 0.263019 
2362 -1.216500 0.113824 
2363 -1.257906 0.164061 
2364 -1.211015 0.325092 
2365 -1.253580 0.160827 
2366 -1.128143 0.319193 
2367 -1.208612 0.388065 
2368 -1.184715 0.084493 
2369 -1.197475 0.308193 
2370 -1.235573 0.165647 
2371 -1.207367 0.023975 
2372 -1.218365 0.020801 
2373 -1.211069 0.062078 
2374 -1.195502 -0.014831 
2375 -1.230858 0.208103 
2376 -1.180031 0.039995 
2377 -1.208797 0.257931 
2378 -1.179382 0.128826 
2379 -1.230923 0.023640 
2380 -1.185306 -0.001976 
2381 -1.149406 -0.084151 
2382 -1.212855 -0.130377 
2383 -1.229974 0.100798 
2384 -1.138995 0.174483 
2385 -1.175156 0.266202 
2386 -1.141193 0.372169 
2387 -1.238487 -0.018100 
2388 -1.209713 0.082228 
2389 -1.232129 -0.140908 
2390 -1.154812 0.133808 
2391 -1.213734 0.099783 
2392 -1.222876 -0.049019 
2393 -1.183766 0.294612 
2394 -1.229523 -0.124486 
2395 -1.212828 0.190459 
2396 -1.178964 0.243106 
2397 -1.294538 0.067410 
2398 -1.155625 -0.016436 
2399 -1.224598 0.022004 
2400 -1.207602 0.232891 
2401 -1.262758 0.163073 
2402 -1.250751 0.053203 
2403 -1.277262 -0.014795 
2404 -1.276459 0.096165 
2405 -1.253757 0.288518 
2406 -1.250704 0.139231 
2407 -1.266416 -0.082743 
2408 -1.194665 0.230137 
2409 -1.258064 0.026879 
2410 -1.308601 0.132158 
2411 -1.233063 0.266971 
2412 -1.198112 0.230308 
2413 -1.189302 0.260692 
2414 -1.237251 0.379349 
2415 -1.180745 0.012469 
2416 -1.189597 0.020028 
2417 -1.231566 0.295536 
2418 -1.264030 0.132056 
2419 -1.231024 0.081719 
2420 -1.236840 -0.108405 
2421 -1.240499 -0.071081 
2422 -1.208472 0.426567 
2423 -1.265011 0.225619 
2424 -1.256647 0.473527 
2425 -1.252167 0.353084 
2426 -1.186810 0.317932 
2427 -1.187847 0.196044 
2428 -1.287644 0.282801 
2429 -1.223128 0.704749 
2430 -1.251721 -0.051497 
2431 -1.189007 0.112406 
2432 -1.150191 0.036647 
2433 -1.164035 -0.072438 
2434 -1.224708 -0.037595 
2435 -1.227522 0.072098 
2436 -1.140379 -0.144451 
2437 -1.139871 0.316145 
2438 -1.130951 0.078626 
2439 -1.257329 -0.065503 
2440 -1.259862 0.083777 
2441 -1.280603 -0.052571 
2442 -1.210531 0.314465 
2443 -1.310673 0.405918 
2444 -1.232437 0.338591 
2445 -1.208318 0.150239 
2446 -1.190672 0.285143 
2447 -1.210352 0.289837 
2448 -1.316002 -0.155416 
2449 -1.235534 -0.090509 
2450 -1.221345 0.100963 
2451 -1.163938 0.007079 
2452 -1.151934 0.260818 
2453 -1.228241 0.258442 
2454 -1.231911 0.007740 
2455 -1.219091 0.187196 
2456 -1.184274 0.056325 
2457 -1.162689 0.266178 
2458 -1.190011 0.297289 
2459 -1.289063 -0.102609 
2460 -1.322736 0.434981 
2461 -1.207097 0.297814 
2462 -1.127929 0.297968 
2463 -1.221180 0.173172 
2464 -1.188568 0.320837 
2465 -1.169727 0.318143 
2466 -1.244354 -0.007724 
2467 -1.195792 0.181298 
2468 -1.344576 0.596496 
2469 -1.182102 0.158566 
2470 -1.255984 -0.028655 
2471 -1.085150 0.296507 
2472 -1.154826 -0.152403 
2473 -1.170798 -0.070691 
2474 -1.231984 0.156027 
2475 -1.204393 0.101507 
2476 -1.167059 0.098214 
2477 -1.182999 0.067025 
2478 -1.203837 0.039984 
2479 -1.243565 -0.127020 
2480 -1.192563 -0.030330 
2481 -1.218403 0.061814 
2482 -1.264470 -0.047933 
2483 -1.193119 0.055377 
2484 -1.223145 -0.048032 
2485 -1.180289 0.142761 
2486 -1.238014 0.373317 
2487 -1.240786 0.222937 
2488 -1.258319 0.425068 
2489 -1.267646 0.321790 
2490 -1.246737 0.167810 
2491 -1.256510 0.158358 
2492 -1.236190 0.015465 
2493 -1.313478 0.220509 
2494 -1.241734 -0.050765 
2495 -1.183698 0.331724 
2496 -1.252622 -0.054061 
2497 -1.242149 0.079434 
2498 -1.227403 -0.028532 
2499 -1.214240 0.342078 
2500 -1.251711 0.099728 
2501 -1.174691 0.318335 
2502 -1.213416 0.193169 
2503 -1.287632 -0.040304 
2504 -1.214302 0.190479 
2505 -1.273315 0.130614 
2506 -1.257793 0.028437 
2507 -1.174851 0.327113 
2508 -1.156646 0.246590 
2509 -1.144047 0.385355 
2510 -1.210196 -0.084222 
2511 -1.191305 -0.078278 
2512 -1.232276 0.298424 
2513 -1.230823 0.005505 
2514 -1.256376 0.105853 
2515 -1.257060 0.187252 
2516 -1.293445 0.422884 
2517 -1.249622 0.237736 
2518 -1.240421 0.207266 
2519 -1.260667 0.102619 
2520 -1.262702 0.246241 
2521 -1.270952 0.064999 
2522 -1.340482 -0.212878 
2523 -1.234822 -0.098461 
2524 -1.333402 0.341508 
2525 -1.194280 -0.094428 
2526 -1.279536 0.197158 
2527 -1.239325 0.127926 
2528 -1.220755 0.341555 
2529 -1.262231 -0.041740 
2530 -1.215389 0.242462 
2531 -1.117399 0.255091 
2532 -1.282579 0.239393 
2533 -1.151372 0.080631 
2534 -1.279386 0.116430 
2535 -1.244445 0.241083 
2536 -1.222975 -0.075691 
2537 -1.211321 0.068349 
2538 -1.222466 0.229871 
2539 -1.193734 -0.101203 
2540 -1.240336 0.261058 
2541 -1.262170 -0.024166 
2542 -1.267566 0.861514 
2543 -1.224087 0.346733 
2544 -1.287580 0.242136 
2545 -1.226642 0.176170 
2546 -1.265295 -0.053667 
2547 -1.209140 0.212994 
2548 -1.272304 0.199019 
2549 -1.335164 0.068755 
2550 -1.232651 0.266465 
2551 -1.236013 0.062297 
2552 -1.184204 0.269587 
2553 -1.244167 0.709591 
2554 -1.187859 0.054973 
2555 -1.202972 0.175500 
2556 -1.206474 0.388143 
2557 -1.231471 0.345791 
2558 -1.222805 0.419675 
2559 -1.209971 0.560782 
2560 -1.211451 0.365640 
2561 -1.197569 0.198018 
2562 -1.247368 0.370113 
2563 -1.233301 0.405768 
2564 -1.260697 0.194552 
2565 -1.301323 0.242412 
2566 -1.373844 0.147460 
2567 -1.266587 0.315607 
2568 -1.316385 0.284264 
2569 -1.285647 0.376955 
2570 -1.253527 -0.025547 
2571 -1.302485 0.165623 
2572 -1.232967 0.135921 
2573 -1.249727 0.258420 
2574 -1.289778 0.594414 
2575 -1.204079 0.067392 
2576 -1.260177 0.094847 
2577 -1.252895 0.074996 
2578 -1.260162 0.391157 
2579 -1.308462 0.459055 
2580 -1.250706 0.086281 
2581 -1.208308 0.033567 
2582 -1.253278 0.313698 
2583 -1.258080 0.769647 
2584 -1.199124 0.157244 
2585 -1.207788 0.590935 
2586 -1.211220 -0.034690 
2587 -1.355759 0.335274 
2588 -1.383175 0.324581 
2589 -1.285297 -0.001789 
2590 -1.246100 -0.070441 
2591 -1.270951 0.137380 
2592 -1.238103 0.553806 
2593 -1.266131 0.197907 
2594 -1.299025 0.058755 
2595 -1.229162 0.060234 
2596 -1.326887 0.272777 
2597 -1.213007 0.112154 
2598 -1.270789 0.161096 
2599 -1.191325 0.354315 
2600 -1.180852 0.133887 
2601 -1.260106 0.016718 
2602 -1.244319 0.058444 
2603 -1.219452 -0.007391 
2604 -1.234853 0.321737 
2606 -1.186340 0.155808 
2607 -1.243014 0.359584 
2608 -1.173188 0.159575 
2609 -1.203629 0.214453 
2610 -1.275123 -0.010927 
2611 -1.252450 0.119162 
2612 -1.239466 0.176678 
2613 -1.197694 -0.033219 
2614 -1.234603 0.747455 
2615 -1.306444 -0.056454 
2616 -1.283512 -0.013080 
2617 -1.234053 0.239966 
2618 -1.194876 0.142409 
2619 -1.278144 0.180438 
2620 -1.248762 0.470869 
2621 -1.176900 -0.041509 
2622 -1.130602 0.317932 
2623 -1.346105 0.014951 
2624 -1.336807 -0.157490 
2625 -1.178861 0.124183 
2626 -1.192625 0.070811 
2627 -1.255290 -0.095741 
2628 -1.191483 0.133172 
2629 -1.265122 -0.091586 
2630 -1.185851 0.091765 
2631 -1.207359 0.217325 
2632 -1.174006 0.310347 
2633 -1.232168 0.234392 
2634 -1.241469 0.275368 
2635 -1.213441 0.053832 
2636 -1.183306 0.277265 
2637 -1.178071 0.107714 
2638 -1.165836 0.010337 
2639 -1.185955 0.368351 
2640 -1.197514 0.241535 
2641 -1.260758 0.165952 
2642 -1.190596 0.082869 
2643 -1.160615 0.151367 
2644 -1.089658 0.426609 
2645 -1.284064 -0.044611 
2646 -1.222535 0.321993 
2647 -1.241365 0.041405 
2648 -1.178953 0.050473 
2649 -1.230398 0.180673 
2650 -1.176318 0.105374 
2651 -1.112097 0.255188 
2652 -1.211500 0.088537 
2653 -1.211026 0.273407 
2654 -1.214188 0.732943 
2655 -1.349159 0.481013 
2656 -1.245104 0.594379 
2657 -1.280212 0.339309 
2658 -1.189801 0.096606 
2659 -1.245617 0.074525 
2660 -1.186320 0.265973 
2661 -1.203932 0.338354 
2662 -1.284167 0.399486 
2663 -1.231113 0.018963 
2664 -1.175582 0.329884 
2665 -1.187344 0.060560 
2666 -1.234478 -0.002764 
2667 -1.174618 -0.099814 
2668 -1.306743 -0.031639 
2669 -1.220066 0.287294 
2670 -1.240802 0.378636 
2671 -1.139562 0.311753 
2672 -1.172475 0.254481 
2673 -1.159947 0.410230 
2674 -1.273647 0.214598 
2675 -1.314248 0.193565 
2676 -1.213241 0.230190 
2677 -1.288932 0.049368 
2678 -1.209255 0.152156 
2679 -1.254637 0.019345 
2680 -1.210536 0.176693 
2681 -1.242102 0.274985 
2682 -1.190983 0.048281 
2683 -1.194266 0.192768 
2684 -1.231794 -0.044714 
2685 -1.246348 0.317383 
2686 -1.270336 0.412813 
2687 -1.236499 0.386440 
2688 -1.162633 0.046029 
2689 -1.313671 0.069284 
2690 -1.280743 0.201812 
2691 -1.300419 0.477104 
2692 -1.311210 0.309336 
2693 -1.157241 0.285735 
2694 -1.205876 0.317093 
2695 -1.219117 0.251015 
2696 -1.268906 0.213802 
2697 -1.305354 0.774667 
2698 -1.239668 0.063285 
2699 -1.277834 0.267606 
2700 -1.255690 0.253688 
2701 -1.171927 0.031323 
2702 -1.233225 0.350079 
2703 -1.253446 0.225457 
2704 -1.199853 0.399170 
2705 -1.298201 0.536255 
2706 -1.260382 0.336714 
2707 -1.237329 0.395185 
2708 -1.295844 0.091304 
2709 -1.245554 -0.056432 
2710 -1.262625 0.218375 
2711 -1.244028 -0.115893 
2712 -1.108716 0.082708 
2713 -1.212564 0.330591 
2714 -1.288610 0.131437 
2715 -1.151944 0.238598 
2716 -1.202205 0.703041 
2717 -1.285794 0.297122 
2718 -1.131184 0.215231 
2719 -1.226726 0.208112 
2720 -1.195121 0.325265 
2721 -1.168604 0.424967 
2722 -1.238842 0.389743 
2723 -1.139949 0.341548 
2724 -1.282434 0.210687 
2725 -1.211436 0.180283 
2726 -1.173525 0.199204 
2727 -1.134550 0.031905 
2728 -1.180318 0.131960 
2729 -1.209872 0.061574 
2730 -1.203014 0.242883 
2731 -1.191603 0.010821 
2732 -1.206183 0.334282 
2733 -1.274457 0.143083 
2734 -1.184284 -0.033375 
2735 -1.183528 0.144105 
2736 -1.181942 0.081064 
2737 -1.199002 -0.004611 
2738 -1.271374 0.305017 
2739 -1.223003 0.055618 
2740 -1.258614 0.344473 
2741 -1.262228 0.301046 
2742 -1.306416 -0.041421 
2743 -1.208519 0.229617 
2744 -1.219256 0.285351 
2745 -1.176384 -0.000816 
2746 -1.311039 0.044910 
2747 -1.212715 0.118530 
2748 -1.214498 0.704441 
2749 -1.264889 0.266487 
2750 -1.183853 0.049070 
2751 -1.206566 0.208915 
2752 -1.271587 0.548113 
2753 -1.296295 0.533291 
2754 -1.300393 0.279029 
2755 -1.215508 0.187663 
2756 -1.270998 0.065982 
2757 -1.272809 0.486621 
2758 -1.218646 0.306417 
2759 -1.235560 0.207935 
2760 -1.268051 -0.116849 
2761 -1.214828 0.052724 
2762 -1.230579 0.191220 
2763 -1.158336 0.242045 
2764 -1.237831 0.722530 
2765 -1.250279 0.041801 
2766 -1.231487 0.093418 
2767 -1.259193 -0.177068 
2768 -1.176943 -0.070783 
2769 -1.187138 0.061970 
2770 -1.159806 0.360415 
2771 -1.256071 -0.052695 
2772 -1.223860 0.302444 
2773 -1.262695 0.209797 
2774 -1.265508 0.336260 
2775 -1.276433 0.053200 
2776 -1.182221 0.003552 
2777 -1.269543 0.016586 
2778 -1.169397 0.401746 
2779 -1.261101 0.111122 
2780 -1.248885 0.206823 
2781 -1.272240 0.306762 
2782 -1.296225 -0.095966 
2783 -1.311814 0.125722 
2784 -1.255919 0.047744 
2785 -1.275169 0.283529 
2786 -1.268282 0.504356 
2787 -1.188919 0.317458 
2788 -1.177386 0.490555 
2789 -1.205518 0.199913 
2790 -1.231581 0.397655 
2791 -1.278005 0.665753 
2792 -1.193274 0.122741 
2793 -1.195681 0.827453 
2794 -1.210936 0.288678 
2795 -1.267807 0.111807 
2796 -1.262340 0.169957 
2797 -1.136185 0.249053 
2798 -1.246056 0.238221 
2799 -1.218103 0.151595 
2800 -1.197329 0.343377 
2801 -1.205250 0.131461 
2802 -1.227615 0.464033 
2803 -1.163207 0.353889 
2804 -1.230800 0.005215 
2805 -1.252375 0.257817 
2806 -1.260252 0.114628 
2807 -1.178693 0.201347 
2808 -1.235449 -0.032979 
2809 -1.248212 0.263673 
2810 -1.350823 0.123803 
2811 -1.315079 0.009475 
2812 -1.290747 0.053798 
2813 -1.208806 -0.077266 
2814 -1.212546 0.091591 
2815 -1.306087 0.056797 
2816 -1.317395 0.122614 
2817 -1.316862 -0.085815 
2818 -1.218833 -0.078630 
2819 -1.229535 0.176190 
2820 -1.233980 -0.058238 
2821 -1.256647 -0.014789 
2822 -1.268005 0.159656 
2823 -1.223896 0.162278 
2824 -1.228254 -0.096878 
2825 -1.339493 0.072657 
2826 -1.259532 -0.039895 
2827 -1.269073 0.197080 
2828 -1.324847 0.022974 
2829 -1.232016 0.174571 
2830 -1.272834 0.270555 
2831 -1.245894 -0.040055 
2832 -1.199761 -0.103211 
2833 -1.180278 -0.146092 
2834 -1.180452 -0.129759 
2835 -1.171100 -0.069770 
2836 -1.229843 -0.125078 
2837 -1.225213 0.229568 
2838 -1.244630 -0.064225 
2839 -1.222433 0.303585 
2840 -1.236236 -0.047682 
2841 -1.238763 0.239680 
2842 -1.386830 0.237433 
2843 -1.323568 0.527771 
2844 -1.263863 0.214003 
2845 -1.184108 0.229775 
2846 -1.245329 0.086968 
2847 -1.339498 -0.235355 
2848 -1.249522 0.036911 
2849 -1.327309 -0.001123 
2850 -1.366468 -0.021559 
2851 -1.231091 -0.034008 
2852 -1.179587 0.037199 
2853 -1.244031 0.286498 
2854 -1.244214 0.094142 
2855 -1.225157 0.272986 
2856 -1.225102 -0.046345 
2857 -1.269127 0.333409 
2858 -1.239840 0.433598 
2859 -1.185187 0.178310 
2860 -1.264029 0.022225 
2861 -1.163180 0.080304 
2862 -1.250217 0.152113 
2863 -1.114260 -0.024244 
2864 -1.092775 0.282068 
2865 -1.142330 -0.000991 
2869 -1.360026 -0.172765 
2870 -3.405015 -4.395713 
2871 -1.761569 -1.133942 
2872 -1.530401 -0.893617 
2873 -2.193975 -1.577189 
2874 -2.213793 -1.552769 
2875 -1.590699 -0.979266 
2876 -1.874215 -1.326572 
2877 -1.608200 -0.958286 
2878 -1.569367 -0.845036 
2880 -1.375120 -0.019719 
2882 -1.459073 -0.746504 
2883 -1.396187 -0.578559 
2884 -1.252502 -0.073404 
2885 -1.295186 0.003667 
2886 -1.752666 -1.137089 
2887 -1.385705 -0.559975 
2888 -1.467590 -0.676919 
2889 -1.283389 -0.011210 
2890 -1.242953 0.017754 
2891 -1.320657 -0.157430 
2892 -1.587910 -0.904572 
2893 -1.381652 -0.656840 
2894 -1.413545 -0.638606 
2895 -1.233018 0.048972 
2896 -1.219206 0.026324 
2897 -1.202852 0.071187 
2898 -1.213082 0.203243 
2899 -1.454304 -0.819059 
2900 -1.217655 0.155422 
2901 -1.232323 -0.198110 
2902 -1.186642 0.026503 
2903 -1.287577 -0.485073 
2904 -1.164767 0.237486 
2905 -1.135364 0.206029 
2906 -1.357656 -0.514307 
2907 -1.318984 -0.051435 
2908 -1.162144 0.099208 
2909 -1.297527 -0.128521 
2910 -1.311937 -0.066138 
2911 -1.459949 -0.773199 
2912 -1.242077 0.250132 
2913 -1.273079 0.125932 
2914 -1.463533 -0.722241 
2915 -1.190713 0.239314 
2916 -1.177086 -0.094544 
2917 -1.141747 0.159990 
2918 -1.274746 -0.066059 
2919 -1.207230 -0.016877 
2920 -1.183831 0.250068 
2921 -1.293070 0.232972 
2922 -1.191707 0.229079 
2923 -1.275707 -0.076584 
2924 -1.169552 0.042042 
2925 -1.153807 -0.039409 
2926 -1.212393 0.161480 
2927 -1.290921 0.146476 
2928 -1.237823 -0.041764 
2929 -1.280856 -0.432261 
2930 -1.304862 -0.461898 
2931 -1.221043 0.257691 
2932 -1.208189 0.134872 
2933 -1.247028 -0.031102 
2934 -1.180859 -0.027402 
2935 -1.313391 -0.556842 
2936 -1.378859 -0.589695 
2937 -1.223283 0.233553 
2938 -1.255985 -0.044878 
2939 -1.209892 0.265566 
2940 -1.174801 0.212783 
2941 -1.229826 0.211059 
2942 -1.303539 -0.066022 
2943 -1.232121 0.171518 
2944 -1.415454 -0.637641 
2945 -1.232110 0.102307 
2946 -1.268137 -0.127225 
2947 -1.280087 0.166749 
2948 -1.262593 0.137267 
2949 -1.211422 0.238111 
2950 -1.340544 -0.545205 
2951 -1.167426 0.256244 
2952 -1.233539 0.157378 
2953 -1.284273 0.107170 
2954 -1.233484 0.273274 
2955 -1.301096 0.053450 
2956 -1.268310 -0.009922 
2957 -1.213233 -0.050781 
2958 -1.309719 -0.062905 
2959 -1.252395 0.186988 
2960 -1.353291 -0.584910 
2961 -1.464846 -0.706974 
2962 -1.470272 -0.663981 
2963 -1.304694 -0.410832 
2964 -1.264354 0.160301 
2965 -1.230015 0.133505 
2966 -1.331071 0.165556 
2967 -1.409372 -0.588167 
2968 -1.304050 -0.106795 
2969 -1.295736 0.009045 
2970 -1.484570 -0.705472 
2971 -1.302010 -0.016868 
2972 -1.290302 0.602201 
2973 -1.280594 -0.117676 
2974 -1.501752 -0.674895 
2975 -1.304797 0.374283 
2976 -1.368169 -0.465244 
2977 -1.350388 -0.089140 
2978 -1.338621 0.073164 
2979 -1.215190 -0.016051 
2980 -1.338363 0.061069 
2981 -1.217812 -0.011103 
2982 -1.277649 0.342435 
2983 -1.280399 0.403234 
2984 -1.234156 -0.089366 
2985 -1.260249 0.226287 
2986 -1.242782 0.241565 
2987 -1.348434 0.250360 
2988 -1.172360 0.363962 
2989 -1.404838 -0.534082 
2990 -1.200407 0.002720 
2991 -1.182302 0.224447 
2992 -1.202842 0.269400 
2993 -1.326505 0.068563 
2994 -1.334448 -0.054788 
2995 -1.320264 0.265946 
2996 -1.403562 -0.171892 
2997 -1.388911 -0.181446 
2998 -1.356955 -0.096861 
2999 -1.407943 -0.130815 
3000 -1.395153 -0.065201 
3001 -1.385364 0.029961 
3002 -1.321946 0.171581 
3003 -1.304582 0.144139 
3004 -1.336763 0.239433 
3005 -1.331513 0.132122 
3006 -1.302610 0.327753 
3007 -1.280114 0.171244 
3008 -1.358731 0.325657 
3009 -1.301571 0.059612 
3010 -1.349992 0.269368 
3011 -1.353732 -0.278930 
3012 -1.341246 0.259937 
3013 -1.285080 0.226656 
3014 -1.289013 0.139916 
3015 -1.375266 0.342342 
3016 -1.338235 0.753000 
3017 -1.365162 0.896677 
3018 -1.399867 0.968966 
3019 -1.397918 -0.511944 
3020 -1.242978 -0.096834 
3021 -1.293130 0.163347 
3022 -1.299927 0.334795 
3023 -1.231296 0.297678 
3024 -1.221569 0.395920 
3025 -1.323496 0.884353 
3026 -1.273690 -0.046061 
3027 -1.233636 0.591898 
3028 -1.318801 0.295251 
3029 -1.356700 0.368915 
3030 -1.346369 -0.475454 
3031 -1.235156 0.620006 
3032 -1.221735 -0.160529 
3033 -1.370016 -0.307780 
3034 -1.233334 0.287679 
3035 -1.287027 -0.140499 
3036 -1.249150 0.049396 
3037 -1.297700 0.675146 
3038 -1.195034 0.147252 
3039 -1.286956 -0.152094 
3040 -1.333931 0.248582 
3041 -1.306209 -0.177905 
3042 -1.308804 -0.111869 
3043 -1.367873 -0.469502 
3044 -1.227705 0.132591 
3045 -1.221000 0.017814 
3046 -1.279979 0.103154 
3047 -1.200703 0.247151 
3048 -1.304290 0.095965 
3049 -1.651614 -0.968349 
3050 -1.179850 0.251863 
3051 -1.251348 -0.051113 
3052 -1.395247 -0.288510 
3053 -1.231107 0.250725 
3054 -1.282910 0.162708 
3055 -1.219337 0.149249 
3056 -1.285341 0.009978 
3057 -1.257420 -0.003508 
3058 -1.226931 0.019283 
3059 -1.249442 0.075981 
3060 -1.145189 0.239538 
3061 -1.153173 0.153748 
3062 -1.246329 0.255765 
3063 -1.177754 0.099612 
3064 -1.108442 0.109471 
3065 -1.191756 -0.081087 
3066 -1.135368 0.329717 
3067 -1.254047 -0.027539 
3068 -1.241792 0.290844 
3069 -1.304221 -0.098101 
3070 -1.278031 0.110808 
3071 -1.296614 0.285733 
3072 -1.139983 0.236441 
3073 -1.248113 -0.002984 
3074 -1.280116 0.062555 
3075 -1.319953 0.045841 
3076 -1.278982 0.199427 
3077 -1.323032 0.093303 
3078 -1.264503 0.133626 
3079 -1.291074 0.051941 
3080 -1.230267 0.314069 
3081 -1.306896 -0.142093 
3082 -1.288621 -0.024646 
3083 -1.276425 -0.003808 
3084 -1.300696 0.253143 
3085 -1.259836 0.194014 
3086 -1.176789 -0.045719 
3088 -1.229549 -0.025855 
3089 -1.220383 0.092708 
3090 -1.280322 0.017872 
3091 -1.347229 -0.125156 
3092 -1.242066 -0.062077 
3093 -1.268489 0.177848 
3094 -1.271639 0.246876 
3095 -1.340255 -0.296514 
3096 -1.301724 0.258369 
3097 -1.289369 0.041725 
3098 -1.322391 0.091803 
3099 -1.302896 0.382470 
3100 -1.399420 -0.644836 
3101 -1.365796 0.182827 
3102 -1.337283 0.067571 
3103 -1.370364 -0.027259 
3104 -1.393012 -0.647492 
3105 -1.234661 0.266669 
3106 -1.305451 -0.466327 
3107 -1.213356 0.306207 
3108 -1.335186 -0.005983 
3109 -1.212024 0.342546 
3110 -1.253864 0.323754 
3111 -1.211504 0.164380 
3112 -1.260461 0.208456 
3113 -1.159230 0.303215 
3114 -1.220909 -0.056315 
3115 -1.300234 0.109929 
3116 -1.350887 0.001586 
3117 -1.179843 0.224203 
3118 -1.256768 0.168693 
3119 -1.280442 0.221178 
3120 -1.283280 0.026842 
3121 -1.257026 0.241504 
3122 -1.148431 0.326958 
3123 -1.199034 0.096098 
3124 -1.224085 0.065242 
3125 -1.255647 0.007231 
3126 -1.241060 -0.075583 
3127 -1.225885 0.345745 
3128 -1.212732 0.148173 
3129 -1.279494 0.030722 
3130 -1.209062 0.195516 
3131 -1.185409 0.363479 
3132 -1.244084 0.255062 
3133 -1.315822 0.031608 
3134 -1.239765 0.626546 
3135 -1.187751 0.138280 
3136 -1.199134 -0.100959 
3137 -1.201906 -0.060411 
3138 -1.261210 0.102769 
3139 -1.242476 0.177658 
3140 -1.186783 0.271756 
3141 -1.161570 0.281574 
3142 -1.286252 -0.023794 
3143 -1.205995 -0.042723 
3144 -1.257879 0.530252 
3145 -1.202495 -0.041972 
3146 -1.278037 0.018857 
3147 -1.230859 -0.012581 
3148 -1.454443 -0.514085 
3149 -1.266670 -0.111961 
3150 -1.179794 -0.047347 
3151 -1.220374 0.074083 
3152 -1.210340 0.226257 
3153 -1.203931 0.088243 
3154 -1.255959 0.088157 
3155 -1.256264 -0.113083 
3156 -1.227586 0.171142 
3157 -1.145800 0.145692 
3158 -1.378899 -0.611760 
3159 -1.298100 0.229886 
3160 -1.259718 0.246134 
3161 -1.164862 0.115873 
3162 -1.304626 -0.033229 
3163 -1.203481 0.073591 
3164 -1.249531 0.019844 
3165 -1.261208 -0.076520 
3166 -1.232880 -0.007531 
3167 -1.275907 0.125296 
3168 -1.267266 -0.141401 
3169 -1.278006 -0.062232 
3170 -1.489644 -0.731613 
3171 -1.194613 0.209728 
3172 -1.313002 0.337365 
3173 -1.264787 0.524659 
3174 -1.375303 0.518937 
3175 -1.346971 -0.486072 
3176 -1.167886 0.158275 
3177 -1.243247 0.219671 
3178 -1.225211 0.130007 
3179 -1.223953 -0.025676 
3180 -1.260196 -0.090447 
3181 -1.128989 0.350269 
3182 -1.167914 0.230305 
3183 -1.137056 0.100936 
