2247 2
1 -1.891903 -2.323629 
2 -1.620046 -2.090462 
3 -1.721805 -2.135950 
4 -2.288723 -2.805157 
5 -2.119238 -3.065707 
6 -2.226887 -3.454672 
7 -2.130952 -3.207366 
8 -1.953703 -2.894196 
9 -1.837971 -2.731986 
10 -2.022450 -2.938023 
11 -1.716704 -2.536160 
12 -1.597409 -2.355600 
13 -1.534618 -2.200249 
14 -1.174024 -1.799569 
15 -1.487987 -2.126038 
16 -1.459902 -2.164848 
17 -1.346182 -2.043943 
18 -1.689924 -2.405349 
19 -1.331361 -1.993484 
20 -1.451214 -2.041141 
21 -1.425973 -2.063082 
22 -1.063199 -1.740759 
23 -0.698575 -1.485560 
24 -1.028443 -1.678536 
25 -0.523602 -1.411340 
26 -0.737418 -1.528982 
27 -0.854219 -1.607745 
28 -0.616613 -1.457849 
29 -0.662914 -1.470067 
30 -1.032465 -1.728800 
31 -0.762241 -1.563555 
32 -0.580416 -1.450862 
33 -0.960192 -1.664485 
34 -0.919796 -1.605936 
35 -0.774649 -1.583136 
36 -0.698329 -1.519538 
37 -0.873396 -1.592490 
38 -0.573855 -1.446913 
39 -0.736923 -1.567147 
40 -0.635408 -1.493888 
41 -0.915222 -1.616053 
42 -1.273259 -1.948591 
43 -1.085959 -1.729711 
44 -0.671799 -1.505963 
45 -0.544189 -1.413679 
46 -0.761443 -1.544532 
47 -0.422754 -1.366817 
48 -0.143097 -1.280342 
49 -0.584347 -1.452191 
50 -0.512581 -1.386747 
51 -0.215530 -1.308306 
52 -0.520702 -1.441944 
53 -0.508262 -1.409751 
54 -0.698638 -1.477121 
55 -0.607213 -1.441463 
56 -0.833348 -1.624983 
57 -0.237417 -1.303723 
58 -0.481009 -1.424964 
59 -0.172643 -1.304198 
60 -0.520683 -1.410399 
61 -0.442441 -1.382829 
62 -0.238556 -1.323871 
63 -0.247465 -1.333267 
64 -0.215602 -1.313755 
65 -0.184860 -1.285222 
66 -0.401741 -1.364311 
67 -0.323009 -1.356580 
68 -0.703709 -1.506573 
69 -0.384930 -1.373540 
70 -0.876189 -1.592858 
71 -0.487419 -1.427172 
72 -0.477768 -1.425927 
73 -0.265155 -1.355117 
74 -0.464682 -1.391367 
75 -0.086483 -1.263646 
76 -0.466704 -1.387363 
77 -0.125130 -1.270823 
78 -0.430310 -1.383314 
79 -0.211667 -1.302599 
80 -0.082656 -1.263251 
81 -0.079250 -1.231066 
82 -0.612825 -1.437653 
83 -0.512320 -1.444196 
84 -0.336399 -1.339002 
85 -0.113961 -1.268316 
86 -0.415328 -1.391569 
87 -0.251127 -1.317090 
88 -0.398778 -1.368687 
89 -0.375205 -1.335668 
90 -0.628337 -1.446779 
91 -0.460171 -1.388702 
92 -0.346546 -1.368248 
93 -0.378705 -1.376559 
94 -0.563439 -1.448629 
95 -0.520806 -1.438605 
96 -0.282816 -1.319165 
97 -0.530078 -1.437289 
98 -0.181819 -1.311578 
99 -0.648803 -1.486566 
100 -0.287977 -1.331674 
101 -0.303622 -1.363260 
102 -0.320029 -1.356083 
103 -0.508743 -1.391867 
104 -0.616991 -1.437563 
105 -0.529608 -1.405614 
106 -0.442270 -1.368270 
107 -0.257815 -1.328656 
108 -0.690593 -1.455061 
109 -0.260083 -1.330606 
110 -0.235506 -1.308350 
111 -0.371394 -1.346700 
112 -0.324442 -1.336134 
113 -0.154395 -1.286430 
114 -0.006838 -1.212225 
115 0.043527 -1.225994 
116 -0.106517 -1.276591 
117 -0.308979 -1.302105 
118 -0.267528 -1.260761 
119 -0.281605 -1.310056 
120 -0.390906 -1.335995 
121 -0.635084 -1.427919 
122 -0.245486 -1.262413 
123 -0.426865 -1.388413 
124 -0.438880 -1.354181 
125 -0.451957 -1.373779 
126 -0.212275 -1.298738 
127 -0.402102 -1.337532 
128 -0.382227 -1.351789 
129 -0.554754 -1.430340 
130 -0.335653 -1.326134 
131 -0.002223 -1.216642 
132 -0.377807 -1.343393 
133 -0.447250 -1.373190 
134 -0.485357 -1.392413 
135 -0.438310 -1.369992 
136 -0.428859 -1.410555 
137 -0.420562 -1.377200 
138 -0.591530 -1.436645 
139 0.006856 -1.216280 
140 0.030493 -1.219594 
141 -0.409687 -1.331945 
142 -0.246655 -1.302100 
143 -0.273842 -1.284007 
144 -0.236156 -1.293728 
145 0.121583 -1.183851 
146 -0.062363 -1.229271 
147 -0.262555 -1.287849 
148 -0.080324 -1.248764 
149 -0.136890 -1.247640 
150 -0.404733 -1.352670 
151 -0.151512 -1.242353 
152 -0.162791 -1.247405 
153 -0.228905 -1.297408 
154 -0.241683 -1.305442 
155 -0.347397 -1.313083 
156 -0.002087 -1.234936 
157 -0.180297 -1.273491 
158 -0.068554 -1.240348 
159 -0.051635 -1.247316 
160 0.071566 -1.198917 
161 -0.158630 -1.247839 
162 -0.060735 -1.225696 
163 -0.380709 -1.362109 
164 -0.429556 -1.347974 
165 -0.486559 -1.420024 
166 0.008819 -1.236340 
167 -0.029775 -1.235386 
168 -0.142414 -1.265959 
169 -0.098575 -1.293038 
170 -0.124501 -1.255993 
171 -0.326851 -1.318545 
172 0.108505 -1.188440 
173 -0.153222 -1.263914 
174 -0.128173 -1.247915 
175 -0.141044 -1.265041 
176 -0.227532 -1.279488 
177 -0.103182 -1.235982 
178 -0.148964 -1.260553 
179 0.119794 -1.210649 
180 -0.009663 -1.220187 
181 -0.183821 -1.305370 
182 -0.029806 -1.235870 
183 0.129077 -1.186891 
184 0.112225 -1.183439 
185 0.096258 -1.209626 
186 -0.321659 -1.351989 
187 0.037076 -1.250565 
188 0.191076 -1.230233 
189 -0.058135 -1.237468 
190 0.263218 -1.156663 
191 0.103059 -1.201303 
192 0.039038 -1.205548 
193 0.098982 -1.208793 
194 0.230315 -1.189093 
195 0.126562 -1.196554 
196 -0.033759 -1.239588 
197 0.270319 -1.146065 
198 -0.009424 -1.247408 
199 -0.093720 -1.249807 
200 0.180167 -1.193265 
201 0.203664 -1.220591 
202 0.279195 -1.171828 
203 0.288756 -1.188856 
204 0.281787 -1.188089 
205 0.166481 -1.210501 
206 -0.040730 -1.236607 
207 0.152743 -1.166965 
208 0.037815 -1.209984 
209 -0.345377 -1.330048 
210 0.017007 -1.223181 
211 0.161730 -1.175282 
212 -0.024355 -1.243416 
213 0.091611 -1.198728 
214 0.219723 -1.182825 
215 0.263680 -1.169045 
216 0.190920 -1.194871 
217 0.249684 -1.178062 
218 0.183971 -1.209833 
219 0.112185 -1.197383 
220 -0.173663 -1.275960 
221 0.267275 -1.170265 
222 -0.164341 -1.313837 
223 0.028987 -1.243037 
224 -0.230443 -1.296609 
225 0.216121 -1.175238 
226 -0.032057 -1.249700 
227 0.113312 -1.241058 
228 -0.076343 -1.275117 
229 -0.364373 -1.346183 
230 -0.142013 -1.265398 
231 0.169266 -1.198397 
232 0.195937 -1.173776 
233 0.039009 -1.231093 
234 -0.378697 -1.336613 
235 0.084396 -1.192303 
236 0.250677 -1.158673 
237 -0.017595 -1.216994 
238 0.104351 -1.207712 
239 0.040492 -1.218760 
240 0.067775 -1.236161 
241 0.319034 -1.155571 
242 0.082218 -1.204038 
243 0.012468 -1.215581 
244 0.173398 -1.198567 
245 0.068689 -1.213372 
246 -0.016643 -1.224833 
247 0.082354 -1.218610 
248 -0.049371 -1.250833 
249 0.090132 -1.220868 
250 -0.002580 -1.256240 
251 -0.075519 -1.255660 
252 -0.122682 -1.252200 
253 0.191568 -1.182449 
254 0.193891 -1.190345 
255 -0.053501 -1.275955 
256 0.019089 -1.230207 
257 0.115558 -1.228013 
258 -0.038475 -1.260088 
259 -0.221685 -1.292666 
260 0.158869 -1.210103 
261 0.174945 -1.208490 
262 0.241673 -1.200996 
263 -0.160382 -1.259757 
264 -0.143495 -1.306113 
265 0.135179 -1.210881 
266 0.022729 -1.227844 
267 -0.369313 -1.339141 
268 -0.122014 -1.258126 
269 -0.461998 -1.369987 
270 -0.046170 -1.234283 
271 0.025209 -1.235128 
272 0.217099 -1.194308 
273 -0.067904 -1.249546 
274 -0.062755 -1.258676 
275 -0.201855 -1.321069 
276 -0.086082 -1.269581 
277 0.185546 -1.190820 
278 0.173017 -1.195923 
279 -0.002977 -1.246138 
280 -0.158532 -1.280663 
281 -0.143049 -1.264408 
282 -0.260245 -1.297499 
283 -0.151239 -1.284276 
284 -0.146860 -1.294835 
285 -0.242338 -1.324421 
286 -0.062804 -1.264547 
287 -0.140952 -1.248714 
288 -0.200733 -1.293628 
289 -0.036401 -1.261941 
290 -0.208587 -1.284025 
291 -0.099695 -1.267155 
292 -0.174764 -1.279622 
293 0.057406 -1.219316 
294 -0.118166 -1.248844 
295 -0.285194 -1.302272 
296 -0.533203 -1.408094 
297 -0.134425 -1.264768 
298 0.102888 -1.210276 
299 0.006820 -1.236007 
300 0.148994 -1.191120 
301 0.108756 -1.187560 
302 0.189352 -1.169664 
303 -0.004319 -1.194711 
304 -0.122610 -1.271296 
305 -0.531558 -1.401364 
306 -0.008334 -1.223565 
307 -0.160319 -1.286144 
308 -0.046121 -1.214401 
309 -0.028381 -1.235954 
310 -0.298157 -1.338474 
311 0.004991 -1.259268 
312 -0.027074 -1.263112 
313 0.036171 -1.212556 
314 -0.487223 -1.405202 
315 -0.267619 -1.309349 
316 0.136508 -1.197822 
317 -0.093642 -1.256256 
318 -0.259908 -1.291858 
319 0.008691 -1.234650 
320 0.157823 -1.205114 
321 0.239699 -1.161344 
322 0.044031 -1.217123 
323 0.161333 -1.170052 
324 -0.126139 -1.261745 
325 -0.133427 -1.250475 
326 0.053759 -1.189960 
327 -0.059287 -1.248204 
328 0.040855 -1.220446 
329 -0.052282 -1.233404 
330 -0.226843 -1.279361 
331 -0.099940 -1.237401 
332 -0.078544 -1.259610 
333 -0.279650 -1.316156 
334 0.040241 -1.218011 
335 -0.053270 -1.243796 
336 0.034086 -1.179401 
337 -0.001319 -1.213453 
338 -0.085748 -1.234514 
339 -0.053728 -1.227811 
340 -0.150105 -1.254049 
341 0.157868 -1.158387 
342 0.064577 -1.215763 
343 0.115939 -1.199818 
344 0.229667 -1.175252 
345 0.206265 -1.195990 
346 0.235814 -1.203941 
347 0.042719 -1.221976 
348 0.000327 -1.233303 
349 -0.004867 -1.212506 
350 -0.099337 -1.267732 
351 -0.192367 -1.292391 
352 0.173345 -1.165596 
353 0.057659 -1.207211 
354 0.088609 -1.208393 
355 0.147765 -1.213990 
356 -0.075254 -1.241677 
357 0.059539 -1.216651 
358 0.064221 -1.202255 
359 0.029587 -1.216087 
360 0.129877 -1.205890 
361 -0.054038 -1.256634 
362 -0.171722 -1.273747 
363 -0.200292 -1.273627 
364 0.111374 -1.203807 
365 -0.180413 -1.289147 
366 0.182728 -1.189254 
367 -0.090347 -1.253593 
368 0.192364 -1.202828 
369 -0.047103 -1.250768 
370 0.087728 -1.221109 
371 -0.026516 -1.282515 
372 0.023602 -1.235285 
373 0.117165 -1.223688 
374 -0.156634 -1.263315 
375 -0.202282 -1.340187 
376 -0.035024 -1.262416 
377 0.152770 -1.204748 
378 -0.057277 -1.256872 
379 -0.171384 -1.294523 
380 -0.332924 -1.333263 
381 -0.146920 -1.277231 
382 -0.312157 -1.353740 
383 -0.321005 -1.338193 
384 -0.146074 -1.274464 
385 -0.221616 -1.304051 
386 -0.297397 -1.314132 
387 -0.050034 -1.240473 
388 -0.247329 -1.327657 
389 -0.093937 -1.258509 
390 -0.055394 -1.253573 
391 0.184762 -1.177904 
392 -0.002758 -1.227926 
393 0.044341 -1.203628 
394 -0.245806 -1.305967 
395 -0.021374 -1.241883 
396 -0.388800 -1.344707 
397 -0.169937 -1.292834 
398 0.009278 -1.238303 
399 -0.108600 -1.265104 
400 -0.139558 -1.289456 
401 -0.079470 -1.260481 
402 0.095580 -1.205312 
403 0.030444 -1.238925 
404 0.025430 -1.234986 
405 -0.261336 -1.320834 
406 -0.194031 -1.294015 
407 -0.024426 -1.267529 
408 -0.192394 -1.287323 
409 -0.032196 -1.244520 
410 -0.292333 -1.354258 
411 -0.318712 -1.308133 
412 -0.425021 -1.345891 
413 -0.359524 -1.363126 
414 0.014283 -1.239014 
415 -0.266799 -1.310350 
416 -0.315380 -1.327162 
417 -0.289703 -1.329247 
418 -0.272172 -1.351714 
419 -0.403454 -1.401977 
420 -0.377304 -1.373084 
421 -0.318564 -1.350013 
422 -0.169456 -1.296890 
423 -0.087902 -1.258185 
424 0.017140 -1.229257 
425 -0.045577 -1.226187 
426 -0.130657 -1.212622 
427 -0.100693 -1.253408 
428 0.149740 -1.191305 
429 -0.088790 -1.245080 
430 0.019907 -1.221183 
431 0.092747 -1.201983 
432 0.002702 -1.221431 
433 -0.074884 -1.232189 
434 0.217131 -1.170933 
435 0.084611 -1.178892 
436 -0.240270 -1.306427 
437 -0.494208 -1.423471 
438 -0.201989 -1.303366 
439 -0.219328 -1.281342 
440 -0.083975 -1.248500 
441 -0.346807 -1.326112 
442 -0.152685 -1.263032 
443 0.083281 -1.207952 
444 -0.028584 -1.265867 
445 -0.167988 -1.273086 
446 -0.063185 -1.239469 
447 0.153184 -1.184313 
448 -0.076748 -1.243472 
449 -0.005226 -1.225761 
450 0.060814 -1.204801 
451 0.048636 -1.205940 
452 -0.036809 -1.206149 
453 0.145629 -1.172832 
454 0.418988 -1.124146 
455 0.091145 -1.211694 
456 0.214212 -1.188623 
457 0.377714 -1.135951 
458 -0.007618 -1.209812 
459 -0.036460 -1.225125 
460 0.051809 -1.218741 
461 0.238038 -1.166626 
462 0.280669 -1.133587 
463 0.007279 -1.234874 
464 0.244036 -1.162424 
465 0.198446 -1.173394 
466 0.109422 -1.185838 
467 0.085909 -1.169860 
468 0.076094 -1.203479 
469 -0.074633 -1.247350 
470 -0.153140 -1.264352 
471 -0.092597 -1.224997 
472 0.110689 -1.197868 
473 -0.179004 -1.277297 
474 -0.043122 -1.198355 
475 0.047880 -1.199229 
476 0.132018 -1.179997 
477 -0.414405 -1.373007 
478 0.073017 -1.209863 
479 0.017985 -1.206560 
480 0.169810 -1.157922 
481 -0.167934 -1.235821 
482 0.179070 -1.165844 
483 -0.071725 -1.218561 
484 -0.123097 -1.234334 
485 -0.145000 -1.270330 
486 0.185137 -1.180478 
487 0.275851 -1.179285 
488 -0.068885 -1.236370 
489 0.003063 -1.204803 
490 0.214287 -1.152189 
491 0.104769 -1.179035 
492 0.197251 -1.194522 
493 0.101098 -1.207109 
494 0.086249 -1.203855 
495 0.160967 -1.214931 
496 -0.100431 -1.265235 
497 -0.040961 -1.221039 
498 -0.088279 -1.257072 
499 0.083226 -1.174843 
500 0.151275 -1.169692 
501 0.089829 -1.194028 
502 -0.003484 -1.226539 
503 -0.134116 -1.288574 
504 -0.168538 -1.279652 
505 0.107918 -1.192267 
506 -0.126430 -1.244860 
507 0.087185 -1.200497 
508 -0.077545 -1.252312 
509 -0.219606 -1.300749 
510 0.140632 -1.202250 
511 -0.233083 -1.310764 
512 0.038683 -1.217315 
513 0.037007 -1.225909 
514 0.064526 -1.221283 
515 0.190463 -1.191789 
516 -0.090441 -1.217649 
517 0.136824 -1.183758 
518 0.112807 -1.190164 
519 -0.059923 -1.244123 
520 -0.268604 -1.315976 
521 -0.001491 -1.248085 
522 0.013543 -1.223393 
523 0.098992 -1.212965 
524 -0.155990 -1.259140 
525 -0.016564 -1.204812 
526 0.376156 -1.101450 
527 0.095250 -1.185145 
528 -0.249553 -1.282534 
529 0.114219 -1.188611 
530 0.235983 -1.186749 
531 -0.117581 -1.256897 
532 -0.109640 -1.252472 
533 -0.192176 -1.286574 
534 -0.214956 -1.283879 
535 0.043658 -1.227942 
536 -0.092001 -1.211851 
537 -0.288381 -1.308391 
538 -0.163304 -1.287197 
539 -0.344878 -1.340421 
540 -0.209189 -1.281990 
541 -0.162087 -1.282964 
542 -0.378339 -1.326432 
543 -0.262916 -1.316615 
544 -0.101358 -1.277307 
545 -0.044368 -1.224758 
546 -0.068542 -1.245896 
547 0.012469 -1.216566 
548 -0.346375 -1.324433 
549 -0.092605 -1.254197 
550 0.030043 -1.211394 
551 -0.006291 -1.229978 
552 -0.265263 -1.289868 
553 -0.103362 -1.254710 
554 0.170247 -1.185591 
555 0.026535 -1.205169 
556 -0.049678 -1.257602 
557 0.014806 -1.222364 
558 0.026430 -1.199237 
559 0.077654 -1.198191 
560 0.010145 -1.203861 
561 -0.090250 -1.258531 
562 0.048860 -1.213530 
563 0.010964 -1.224161 
564 -0.046821 -1.206529 
565 -0.137073 -1.250149 
566 -0.119787 -1.244087 
567 0.213617 -1.192959 
568 0.134334 -1.201589 
569 0.172068 -1.177382 
570 0.156670 -1.180300 
571 0.122346 -1.183802 
572 0.151889 -1.190043 
573 -0.295759 -1.308642 
574 0.050084 -1.218165 
575 -0.137915 -1.261222 
576 -0.051480 -1.244967 
577 -0.029256 -1.215699 
578 0.080486 -1.219938 
579 0.094699 -1.210569 
580 -0.161421 -1.255059 
581 -0.107417 -1.254292 
582 -0.034492 -1.244378 
583 -0.065594 -1.262632 
584 0.031505 -1.193845 
585 0.243282 -1.178955 
586 -0.253076 -1.291012 
587 0.170689 -1.184996 
588 0.222904 -1.183317 
589 -0.103050 -1.216913 
590 -0.172043 -1.269928 
591 -0.105288 -1.228539 
592 -0.266336 -1.323851 
593 -0.066253 -1.246643 
594 0.079016 -1.180160 
595 0.248683 -1.142325 
596 0.201403 -1.192771 
597 0.013123 -1.233666 
598 -0.052876 -1.227364 
599 0.153179 -1.207073 
600 0.091962 -1.209109 
601 -0.140956 -1.254232 
602 -0.193735 -1.262190 
603 -0.065028 -1.206119 
604 0.075326 -1.218971 
605 -0.329986 -1.318844 
606 -0.000755 -1.226544 
607 -0.036911 -1.235238 
608 -0.089482 -1.263219 
609 -0.096465 -1.260389 
610 -0.030822 -1.222752 
611 0.162424 -1.174986 
612 0.142969 -1.209183 
613 0.036515 -1.229112 
614 -0.010318 -1.236065 
615 0.105531 -1.208167 
616 0.067000 -1.206941 
617 -0.136803 -1.228876 
618 -0.088208 -1.247267 
619 -0.016516 -1.244596 
620 -0.115111 -1.261677 
621 0.126415 -1.185425 
622 0.245035 -1.175084 
623 0.071327 -1.200041 
624 -0.167641 -1.268855 
625 0.029388 -1.212145 
626 -0.365082 -1.345535 
627 0.172990 -1.169279 
628 0.124356 -1.214840 
629 0.192205 -1.190394 
630 0.008674 -1.221926 
631 0.053700 -1.191750 
632 0.034407 -1.214608 
633 0.088940 -1.194402 
634 0.037468 -1.202461 
635 -0.149607 -1.263469 
636 0.297390 -1.173135 
637 0.192015 -1.207820 
638 0.306362 -1.171332 
639 0.147770 -1.208136 
640 -0.118832 -1.261078 
641 0.256147 -1.168207 
642 0.133791 -1.188391 
643 0.091440 -1.208659 
644 0.220259 -1.189262 
645 -0.027919 -1.277193 
646 0.180771 -1.203585 
647 -0.092144 -1.279741 
648 -0.001867 -1.243638 
649 -0.172799 -1.283078 
650 0.016307 -1.247910 
651 0.182029 -1.212043 
652 -0.323020 -1.331511 
653 -0.419478 -1.368793 
654 -0.061746 -1.245528 
655 -0.191450 -1.270983 
656 -0.293256 -1.310922 
657 -0.080673 -1.269745 
658 -0.279654 -1.318483 
659 -0.056309 -1.268822 
660 0.108963 -1.223000 
661 -0.128219 -1.283443 
662 -0.368179 -1.374773 
663 -0.028522 -1.261372 
664 -0.364399 -1.379558 
665 -0.520097 -1.411825 
666 -0.248552 -1.313932 
667 -0.498881 -1.395790 
668 -0.181407 -1.263791 
669 -0.388919 -1.331859 
670 -0.191877 -1.287827 
671 0.162410 -1.193538 
672 -0.256575 -1.310880 
673 -0.091406 -1.261914 
674 -0.286625 -1.331866 
675 -0.188556 -1.287164 
676 -0.263824 -1.314859 
677 0.053872 -1.236317 
678 -0.191033 -1.301393 
679 -0.333042 -1.343070 
680 -0.255439 -1.317849 
681 0.004837 -1.232341 
682 -0.161861 -1.300708 
683 0.000026 -1.249622 
684 0.032650 -1.239002 
685 -0.063992 -1.270761 
686 -0.360350 -1.371719 
687 -0.250031 -1.294907 
688 -0.030178 -1.272529 
689 -0.293289 -1.344514 
690 -0.173475 -1.291194 
691 -0.046027 -1.272362 
692 -0.202846 -1.295875 
693 -0.091404 -1.278847 
694 -0.203171 -1.295563 
695 -0.137215 -1.248904 
696 -0.018949 -1.243023 
697 -0.128899 -1.249224 
698 0.077137 -1.210088 
699 -0.430107 -1.367129 
700 -0.171196 -1.290127 
701 -0.370858 -1.345181 
702 -0.338666 -1.327750 
703 -0.093592 -1.245360 
704 -0.103259 -1.264744 
705 -0.037355 -1.242140 
706 0.028272 -1.230481 
707 -0.095939 -1.234413 
708 -0.124734 -1.251898 
709 0.008838 -1.243521 
710 -0.214886 -1.296136 
711 -0.279825 -1.326242 
712 -0.173990 -1.296261 
713 -0.212519 -1.262021 
714 -0.744897 -1.507188 
715 -0.304860 -1.328776 
716 -0.219442 -1.280148 
717 -0.183926 -1.254109 
718 0.036209 -1.215353 
719 -0.057265 -1.252883 
720 -0.150834 -1.268700 
721 -0.025592 -1.253894 
722 0.019478 -1.265143 
723 -0.091327 -1.276483 
724 -0.009748 -1.230310 
725 0.062470 -1.189721 
726 0.052538 -1.206559 
727 -0.063050 -1.236749 
728 -0.260098 -1.308815 
729 -0.005838 -1.214196 
730 0.067243 -1.187705 
731 0.033588 -1.206240 
732 -0.350067 -1.303808 
733 0.094642 -1.214799 
734 -0.191706 -1.297293 
735 -0.102640 -1.269468 
736 -0.389557 -1.375367 
737 -0.144578 -1.282874 
738 -0.072432 -1.269789 
739 0.014718 -1.229088 
740 0.007455 -1.231784 
741 -0.143026 -1.283663 
742 0.083777 -1.221867 
743 -0.175993 -1.295220 
744 -0.079318 -1.281687 
745 -0.027375 -1.240877 
746 -0.333292 -1.327484 
747 -0.656288 -1.481393 
748 0.087669 -1.211892 
749 -0.283394 -1.352333 
750 -0.427550 -1.414235 
751 -0.220209 -1.311194 
752 0.091117 -1.235779 
753 -0.071381 -1.273847 
754 0.008934 -1.254580 
755 -0.118192 -1.288002 
756 0.026087 -1.265432 
757 -0.039987 -1.278647 
758 -0.172093 -1.306151 
759 -0.176079 -1.298807 
760 -0.237327 -1.311320 
761 -0.162880 -1.275037 
762 -0.268564 -1.311219 
763 -0.055788 -1.253938 
764 -0.213237 -1.281054 
765 0.019539 -1.192799 
766 -0.082508 -1.232912 
767 -0.081347 -1.243629 
768 -0.051953 -1.254475 
769 -0.092522 -1.270162 
770 -0.063556 -1.244725 
771 -0.102648 -1.224208 
772 0.187929 -1.211492 
773 0.068419 -1.226298 
774 -0.051564 -1.261582 
775 -0.064289 -1.256231 
776 0.512439 -1.112211 
777 1.043408 -1.190363 
780 0.552439 -1.232168 
781 0.559415 -1.223813 
782 0.582236 -1.230084 
783 0.314245 -1.267797 
784 0.304196 -1.237379 
807 0.656800 -1.238767 
813 1.205070 -1.220974 
816 1.264845 -1.210653 
817 1.475841 -1.213434 
840 1.096833 -1.193195 
867 2.785148 -1.476764 
868 0.856600 -1.204925 
869 1.288127 -1.196206 
870 0.685489 -1.220891 
871 0.147749 -1.255798 
872 1.182388 -1.193009 
873 1.207857 -1.207644 
874 0.966696 -1.233399 
877 1.451482 -1.215371 
878 1.340533 -1.215774 
882 0.810285 -1.205110 
883 0.681997 -1.223786 
884 0.456960 -1.270792 
885 0.669320 -1.274880 
886 0.704320 -1.238227 
888 1.476284 -1.222458 
889 1.119704 -1.200308 
895 1.109159 -1.205475 
896 0.752112 -1.194455 
897 0.628692 -1.221705 
898 0.810340 -1.172138 
899 0.727609 -1.186528 
903 1.709626 -1.262636 
908 1.603472 -1.220020 
909 1.372302 -1.197108 
915 1.854474 -1.232032 
944 1.334770 -1.192802 
945 0.963469 -1.213391 
1312 2.074114 -1.315216 
1313 3.126586 -1.575158 
1326 1.311876 -1.173664 
1327 1.169675 -1.182019 
1330 1.758679 -1.317267 
1331 1.240979 -1.194364 
1335 1.165585 -1.202705 
1337 1.023166 -1.220957 
1338 0.342003 -1.265331 
1341 -0.230326 -1.290898 
1347 1.357013 -1.205791 
1354 0.568732 -1.240995 
1358 3.827830 -1.913478 
1364 1.430870 -1.209252 
1365 1.466394 -1.233672 
1366 1.344882 -1.200097 
1367 1.430485 -1.221655 
1368 1.352579 -1.238934 
1369 2.124171 -1.402679 
1370 0.953591 -1.205307 
1371 0.628553 -1.237891 
1376 1.517960 -1.220462 
1380 0.626058 -1.214175 
1381 0.522546 -1.226608 
1382 1.301242 -1.196147 
1383 0.671905 -1.231778 
1390 0.919968 -1.188912 
1391 1.085176 -1.198778 
1397 2.005391 -1.377015 
1398 1.641245 -1.230136 
1399 0.825782 -1.222361 
1400 0.329470 -1.311665 
1410 4.539042 -2.233384 
1420 2.161585 -1.344155 
1421 1.396816 -1.254915 
1422 2.116064 -1.476313 
1423 1.355828 -1.267216 
1424 1.876546 -1.306168 
1425 1.354896 -1.271653 
1426 1.259971 -1.242016 
1427 0.731136 -1.186585 
1428 1.421679 -1.213672 
1429 1.857484 -1.345254 
1430 0.934731 -1.259889 
1431 0.825127 -1.247536 
1432 1.679992 -1.261302 
1433 1.742685 -1.249705 
1434 1.604061 -1.261377 
1435 0.856957 -1.224836 
1436 1.598495 -1.271612 
1437 1.854854 -1.319084 
1438 1.232106 -1.201803 
1439 1.790212 -1.294227 
1440 0.817504 -1.224079 
1441 2.046953 -1.355740 
1442 0.869464 -1.284146 
1443 0.578463 -1.295628 
1444 0.531462 -1.274695 
1445 0.776863 -1.232575 
1446 0.555180 -1.282610 
1447 0.742501 -1.250343 
1448 0.618049 -1.248146 
1449 0.747057 -1.218270 
1450 0.720474 -1.290843 
1451 0.770410 -1.278729 
1452 1.522059 -1.254519 
1453 1.103378 -1.259606 
1454 0.972638 -1.264521 
1455 0.822039 -1.247254 
1456 1.719500 -1.308228 
1457 1.145151 -1.261976 
1458 0.568754 -1.226415 
1459 0.603832 -1.227613 
1460 1.460121 -1.222048 
1461 0.986324 -1.288660 
1462 1.788271 -1.282010 
1463 1.462123 -1.260490 
1464 0.693229 -1.250157 
1465 0.737622 -1.256876 
1466 0.798343 -1.251081 
1467 0.925121 -1.210287 
1468 1.430323 -1.209755 
1469 0.842162 -1.212729 
1470 0.735384 -1.250740 
1471 0.578959 -1.235069 
1472 0.553963 -1.264192 
1473 0.668205 -1.260798 
1474 0.683488 -1.229898 
1475 0.688806 -1.231862 
1476 0.846595 -1.263100 
1477 0.789049 -1.257200 
1478 0.720288 -1.261811 
1479 0.538871 -1.276610 
1480 0.542014 -1.257808 
1481 0.585580 -1.240695 
1482 0.302549 -1.258803 
1483 1.247174 -1.243091 
1484 1.119036 -1.160685 
1485 0.552395 -1.210170 
1486 0.988392 -1.282768 
1487 0.470587 -1.247560 
1488 1.283115 -1.239194 
1489 0.570641 -1.229512 
1490 0.287199 -1.228432 
1491 0.750587 -1.236378 
1492 0.276104 -1.308075 
1493 1.163232 -1.174090 
1494 0.355623 -1.276480 
1495 0.419157 -1.260056 
1496 0.694169 -1.233653 
1497 0.496766 -1.241456 
1498 0.345579 -1.292306 
1499 0.653270 -1.202083 
1500 1.268364 -1.191953 
1501 0.536774 -1.303265 
1502 0.413468 -1.316354 
1503 0.634161 -1.277480 
1504 0.465937 -1.274209 
1505 0.630543 -1.248284 
1506 0.587311 -1.251046 
1507 0.448861 -1.230272 
1508 0.481388 -1.240748 
1509 0.660964 -1.278408 
1510 1.111836 -1.209650 
1511 0.349185 -1.263686 
1512 0.435970 -1.196097 
1513 0.814756 -1.216491 
1514 0.963067 -1.233099 
1515 1.299787 -1.208808 
1516 0.867265 -1.234259 
1517 1.723544 -1.262292 
1518 0.434438 -1.236531 
1519 0.551735 -1.268575 
1520 0.750485 -1.199515 
1521 0.937432 -1.244019 
1522 0.491037 -1.228849 
1523 0.620080 -1.243078 
1524 1.338919 -1.193486 
1525 1.457879 -1.245375 
1526 0.530184 -1.230436 
1527 0.879496 -1.203773 
1528 1.070737 -1.228476 
1529 0.631585 -1.199263 
1530 0.702352 -1.242472 
1531 0.767157 -1.188126 
1532 0.389910 -1.252505 
1533 0.404387 -1.276978 
1534 0.561349 -1.211684 
1535 0.882760 -1.240249 
1536 0.797865 -1.234108 
1537 1.415857 -1.268293 
1538 0.715769 -1.194278 
1539 0.808168 -1.240963 
1540 0.779806 -1.231445 
1541 1.013020 -1.153388 
1542 1.290373 -1.243096 
1543 0.679618 -1.281421 
1544 0.667897 -1.215586 
1545 1.714646 -1.264503 
1546 0.754697 -1.223517 
1547 0.581721 -1.236256 
1548 0.818514 -1.247373 
1549 0.728318 -1.252767 
1550 1.222858 -1.229747 
1551 0.884111 -1.233220 
1552 0.564511 -1.234691 
1553 0.698074 -1.222421 
1554 1.434680 -1.229063 
1555 0.574859 -1.208651 
1556 1.519222 -1.211904 
1557 0.562219 -1.222944 
1558 0.876318 -1.223824 
1559 0.575928 -1.294464 
1560 0.794946 -1.207645 
1561 0.535378 -1.265176 
1562 0.664804 -1.247035 
1563 0.823367 -1.217414 
1564 1.111169 -1.195555 
1565 0.986393 -1.267324 
1566 0.987669 -1.223714 
1567 0.624647 -1.221933 
1568 1.771743 -1.284474 
1569 1.122417 -1.199563 
1570 0.953896 -1.211117 
1571 0.655098 -1.209384 
1572 0.915163 -1.200448 
1573 0.627319 -1.248951 
1574 0.233566 -1.301144 
1575 0.568365 -1.257311 
1576 1.083802 -1.170003 
1577 0.873705 -1.258358 
1578 0.646288 -1.241582 
1579 1.224106 -1.147005 
1580 0.753850 -1.242455 
1581 0.463420 -1.235539 
1582 1.031437 -1.170098 
1583 0.527339 -1.212694 
1584 0.635094 -1.217088 
1585 0.697901 -1.244811 
1586 0.551344 -1.215613 
1587 0.678964 -1.240826 
1588 1.038673 -1.210454 
1589 0.738330 -1.259396 
1590 0.695213 -1.207542 
1591 0.539904 -1.255962 
1592 1.142490 -1.223919 
1593 0.470268 -1.271211 
1594 1.532336 -1.241404 
1595 1.013519 -1.223029 
1596 0.511440 -1.222349 
1597 1.092170 -1.198193 
1598 1.187334 -1.198726 
1599 0.563575 -1.235076 
1600 0.256319 -1.261252 
1601 0.561012 -1.241773 
1602 0.442264 -1.247176 
1603 0.471621 -1.254753 
1604 0.479024 -1.268662 
1605 0.664981 -1.268975 
1606 0.837354 -1.231548 
1607 0.747511 -1.222516 
1608 0.556866 -1.250561 
1609 0.579701 -1.220278 
1610 1.218850 -1.243671 
1611 0.748919 -1.251326 
1612 1.404415 -1.172149 
1613 0.446167 -1.233351 
1614 0.802488 -1.204131 
1615 1.046774 -1.157235 
1616 0.525520 -1.215431 
1617 0.748363 -1.255520 
1618 1.515886 -1.241348 
1619 0.562695 -1.239074 
1620 0.734021 -1.208373 
1621 1.254564 -1.178565 
1622 0.514974 -1.251448 
1623 1.041319 -1.230674 
1624 0.607567 -1.223999 
1625 1.042312 -1.260985 
1626 0.589594 -1.282710 
1627 1.077498 -1.297127 
1628 0.318853 -1.232636 
1629 1.185807 -1.225034 
1630 1.185037 -1.234093 
1631 0.667113 -1.274087 
1632 0.482112 -1.274484 
1633 0.880764 -1.209578 
1634 0.714608 -1.215807 
1635 0.525309 -1.205796 
1636 0.489494 -1.241444 
1637 0.683771 -1.244240 
1638 0.691633 -1.257272 
1639 0.326327 -1.241462 
1640 0.730334 -1.224800 
1641 0.964412 -1.261637 
1642 0.311493 -1.228982 
1643 0.498906 -1.198666 
1644 1.706217 -1.325276 
1645 1.052755 -1.194408 
1646 0.633637 -1.256355 
1647 0.349479 -1.243688 
1648 0.587614 -1.235613 
1649 0.544381 -1.259833 
1650 0.344643 -1.250665 
1651 0.615937 -1.248379 
1652 0.431908 -1.287456 
1653 0.774978 -1.276927 
1654 0.851664 -1.256450 
1655 0.894166 -1.245198 
1656 0.750864 -1.193724 
1657 0.577828 -1.200314 
1658 0.715312 -1.202378 
1659 0.562100 -1.229697 
1660 1.056717 -1.209859 
1661 0.550674 -1.244053 
1662 0.460120 -1.232857 
1663 0.480051 -1.262895 
1664 0.465144 -1.230922 
1665 0.708152 -1.224414 
1666 0.466974 -1.212644 
1667 0.745615 -1.220904 
1668 0.595810 -1.203295 
1669 0.509216 -1.220072 
1670 0.439248 -1.239972 
1671 0.634593 -1.221706 
1672 0.843842 -1.219581 
1673 0.719397 -1.206000 
1674 1.093271 -1.249397 
1675 0.506300 -1.218665 
1676 0.512994 -1.219823 
1677 0.361514 -1.241968 
1678 0.552041 -1.215873 
1679 0.445094 -1.253754 
1680 0.623086 -1.220373 
1681 0.715535 -1.238221 
1682 0.496785 -1.238605 
1683 0.801733 -1.240737 
1684 0.514947 -1.222477 
1685 0.457928 -1.240444 
1686 0.999569 -1.208251 
1687 0.483566 -1.223001 
1688 1.340912 -1.209929 
1689 0.984020 -1.250059 
1690 0.497252 -1.256955 
1691 0.452152 -1.262028 
1692 0.559291 -1.212852 
1693 0.645301 -1.262165 
1694 0.998545 -1.206062 
1695 0.579716 -1.274372 
1696 0.627236 -1.346186 
1697 0.778603 -1.244795 
1698 0.492573 -1.223070 
1699 1.352052 -1.225683 
1700 0.743287 -1.209552 
1701 0.540467 -1.219539 
1702 1.223716 -1.225550 
1703 0.737121 -1.232725 
1704 0.944548 -1.209085 
1705 0.545645 -1.251042 
1706 0.415991 -1.235763 
1707 0.707526 -1.230193 
1708 0.956737 -1.243072 
1709 0.552759 -1.235958 
1710 0.895928 -1.231665 
1711 0.437167 -1.298962 
1712 0.742394 -1.190211 
1713 1.460485 -1.233218 
1714 0.643628 -1.257243 
1715 1.481396 -1.245772 
1716 0.836015 -1.211960 
1717 0.440857 -1.289870 
1718 0.614845 -1.300678 
1719 1.047365 -1.225402 
1720 0.472443 -1.296933 
1721 0.536700 -1.265733 
1722 0.549121 -1.278283 
1723 0.624388 -1.219450 
1724 0.644689 -1.247678 
1725 0.526055 -1.255134 
1726 0.629314 -1.244047 
1727 1.381570 -1.246343 
1728 0.944372 -1.254174 
1729 0.481381 -1.322429 
1730 0.266296 -1.265320 
1731 0.661913 -1.230012 
1732 0.640030 -1.284977 
1733 0.574226 -1.243264 
1734 0.411639 -1.231321 
1735 0.589569 -1.260962 
1736 0.499733 -1.222517 
1737 0.502577 -1.256260 
1738 0.743412 -1.285285 
1739 0.405904 -1.253823 
1740 0.526201 -1.265456 
1741 0.800168 -1.311400 
1742 0.467707 -1.239691 
1743 0.541437 -1.238424 
1744 0.317501 -1.333457 
1745 0.623204 -1.293361 
1746 0.459385 -1.272686 
1747 0.610607 -1.237232 
1748 0.589731 -1.257464 
1749 0.520518 -1.223165 
1750 1.479246 -1.215077 
1751 0.253897 -1.289503 
1752 0.576244 -1.296338 
1753 0.289078 -1.337355 
1754 0.401408 -1.247269 
1755 0.296909 -1.287293 
1756 0.418252 -1.248560 
1757 0.920253 -1.191844 
1758 1.476151 -1.223861 
1759 0.377295 -1.191010 
1760 1.065715 -1.146651 
1761 1.082836 -1.125629 
1762 0.202688 -1.235222 
1763 0.712873 -1.227067 
1764 1.227430 -1.149854 
1765 0.590726 -1.216689 
1766 0.226332 -1.235891 
1767 0.147159 -1.293556 
1768 0.496876 -1.197088 
1769 1.236597 -1.205250 
1770 0.295373 -1.289890 
1771 0.518913 -1.255997 
1772 0.829006 -1.211940 
1773 0.515952 -1.250442 
1774 0.894641 -1.193439 
1775 0.332248 -1.248551 
1776 0.474931 -1.308267 
1777 0.530742 -1.241154 
1778 0.503240 -1.239816 
1779 0.341521 -1.385499 
1780 0.634846 -1.259141 
1781 0.656273 -1.200352 
1782 0.677355 -1.230266 
1783 0.242143 -1.274306 
1784 0.096747 -1.298009 
1785 0.628469 -1.212917 
1786 0.546881 -1.295176 
1787 0.919466 -1.291557 
1788 0.844155 -1.228836 
1789 0.904451 -1.188346 
1790 1.109062 -1.215157 
1791 0.598564 -1.205233 
1792 0.320024 -1.214741 
1793 0.388183 -1.258567 
1794 0.178382 -1.260713 
1795 0.164985 -1.367566 
1796 0.337839 -1.278342 
1797 0.878931 -1.209303 
1798 0.298217 -1.269503 
1799 0.423695 -1.255032 
1800 0.476207 -1.217472 
1801 1.236809 -1.186138 
1802 0.591723 -1.218144 
1803 0.592514 -1.270079 
1804 0.689719 -1.226622 
1805 1.244295 -1.187471 
1806 0.658742 -1.197490 
1807 0.493426 -1.227081 
1808 0.929377 -1.256136 
1809 0.548996 -1.244663 
1810 1.031942 -1.214896 
1811 0.433454 -1.249852 
1812 0.624738 -1.200907 
1813 1.092156 -1.231382 
1814 1.308041 -1.231759 
1815 0.290541 -1.255301 
1816 0.488605 -1.262715 
1817 0.330299 -1.289141 
1818 0.501697 -1.228702 
1819 0.557600 -1.233606 
1820 1.062114 -1.212557 
1821 0.597085 -1.222511 
1822 0.376321 -1.254980 
1823 0.369665 -1.268319 
1824 0.343663 -1.233448 
1825 0.448809 -1.210381 
1826 0.711552 -1.283452 
1827 0.686623 -1.233951 
1828 0.697986 -1.192840 
1829 0.869585 -1.210112 
1830 0.741294 -1.282409 
1831 0.846548 -1.243766 
1832 0.476851 -1.246604 
1833 1.327527 -1.198175 
1834 0.933971 -1.229554 
1835 0.638360 -1.212226 
1836 1.034797 -1.234235 
1837 0.882101 -1.214144 
1838 1.046348 -1.174629 
1839 0.168626 -1.280071 
1840 0.418024 -1.212651 
1841 0.683986 -1.272497 
1842 1.246085 -1.175373 
1843 0.536113 -1.271452 
1844 0.261861 -1.217992 
1845 0.456108 -1.218211 
1846 0.589951 -1.183238 
1847 0.261977 -1.271260 
1849 -0.083211 -1.343654 
1850 -0.125493 -1.359447 
1851 0.165662 -1.255281 
1854 0.675641 -1.233097 
1855 0.327435 -1.303040 
1856 0.240828 -1.324786 
1857 0.355047 -1.292810 
1858 0.102170 -1.278082 
1859 0.497470 -1.214979 
1860 0.252173 -1.255061 
1861 0.435065 -1.206059 
1862 0.238235 -1.248440 
1863 0.383666 -1.268314 
1864 0.268307 -1.241367 
1865 0.372364 -1.252920 
1866 0.364972 -1.204840 
1867 0.599127 -1.234693 
1868 0.146978 -1.276638 
1869 0.293106 -1.218806 
1870 0.388625 -1.316104 
1871 0.251182 -1.229444 
1872 0.252818 -1.305899 
1873 0.656008 -1.218766 
1874 0.173636 -1.264918 
1875 0.442248 -1.255728 
1876 -0.013335 -1.295955 
1877 0.162695 -1.254982 
1878 1.082915 -1.138823 
1879 1.304742 -1.166854 
1880 -0.147493 -1.400166 
1881 0.377901 -1.258619 
1882 0.365091 -1.262002 
1883 0.346445 -1.226520 
1884 0.572225 -1.213261 
1885 0.544770 -1.201632 
1886 0.537400 -1.235751 
1887 0.569984 -1.221717 
1888 0.320700 -1.222399 
1889 1.216781 -1.195928 
1890 0.301790 -1.255716 
1891 0.466833 -1.273555 
1892 0.294957 -1.234670 
1893 0.286474 -1.233969 
1894 0.278583 -1.228848 
1895 0.439437 -1.294918 
1896 0.238750 -1.243800 
1897 0.207820 -1.235983 
1898 0.290465 -1.214764 
1899 0.567301 -1.189770 
1900 1.173936 -1.114755 
1901 0.345481 -1.195994 
1902 0.095001 -1.280132 
1903 0.054345 -1.256290 
1904 0.221189 -1.279254 
1905 0.053050 -1.255807 
1906 0.368887 -1.261659 
1907 0.252438 -1.207556 
1908 0.375436 -1.242097 
1909 0.232845 -1.273164 
1910 0.470600 -1.223309 
1911 0.446730 -1.190069 
1912 0.370428 -1.244032 
1913 0.197895 -1.224727 
1914 0.440090 -1.245315 
1915 0.357820 -1.231663 
1916 0.097242 -1.321734 
1917 0.370704 -1.228797 
1918 0.305113 -1.217043 
1919 0.285281 -1.217551 
1920 0.264170 -1.235761 
1921 0.571276 -1.230345 
1922 0.350357 -1.201136 
1923 1.205360 -1.203631 
1924 0.939384 -1.142825 
1925 0.448521 -1.174772 
1926 1.020102 -1.157777 
1927 -0.200377 -1.380194 
1928 0.276795 -1.301767 
1929 0.277689 -1.232689 
1930 0.481500 -1.242486 
1931 0.467738 -1.219009 
1932 0.460369 -1.198188 
1933 0.263778 -1.285814 
1934 0.398574 -1.218927 
1935 0.178775 -1.241952 
1936 0.189497 -1.239318 
1937 1.162865 -1.172972 
1938 0.847884 -1.193252 
1939 -0.113257 -1.332179 
1940 0.237349 -1.214488 
1941 0.412141 -1.243388 
1942 0.503908 -1.264731 
1943 0.756163 -1.180483 
1944 0.585161 -1.216684 
1945 0.912945 -1.237260 
1946 0.483948 -1.286723 
1947 0.702046 -1.214227 
1948 0.442475 -1.243995 
1949 0.682222 -1.191445 
1950 0.588470 -1.200251 
1951 0.388442 -1.208059 
1952 0.299994 -1.199137 
1953 0.302049 -1.221023 
1954 0.236328 -1.222767 
1955 0.441799 -1.191375 
1956 0.661973 -1.166766 
1957 0.453626 -1.267028 
1958 0.529084 -1.189595 
1959 0.611335 -1.186391 
1960 0.493065 -1.229381 
1961 0.265032 -1.234294 
1962 0.519815 -1.221525 
1963 0.410518 -1.213872 
1964 0.494746 -1.190647 
1965 0.517159 -1.167761 
1966 0.467580 -1.186602 
1967 0.310245 -1.219368 
1968 0.840612 -1.216521 
1969 0.658845 -1.236531 
1970 0.396000 -1.237835 
1971 0.380563 -1.208800 
1972 0.407526 -1.270745 
1973 0.537026 -1.186357 
1974 0.208738 -1.229755 
1975 0.562239 -1.175419 
1976 0.568693 -1.163778 
1977 0.386133 -1.203887 
1978 0.366801 -1.199383 
1979 0.937049 -1.241570 
1980 0.357965 -1.204494 
1981 0.588755 -1.196480 
1982 -0.014699 -1.290165 
1983 0.444693 -1.253899 
1984 0.430082 -1.158653 
1985 0.416566 -1.209878 
1986 0.394143 -1.288121 
1987 0.472106 -1.228404 
1988 0.470784 -1.221218 
1989 0.184332 -1.252865 
1990 0.382313 -1.270112 
1991 0.421647 -1.197463 
1992 0.635728 -1.198784 
1993 0.247860 -1.292418 
1994 0.061401 -1.277551 
1995 0.140422 -1.261079 
1996 0.187227 -1.267240 
1997 0.847240 -1.163023 
1998 0.153417 -1.276276 
1999 0.672253 -1.228606 
2000 0.332666 -1.284230 
2001 0.237524 -1.290591 
2002 0.718225 -1.195158 
2003 0.238477 -1.277497 
2004 0.138932 -1.266843 
2005 0.948454 -1.178006 
2006 0.297264 -1.222939 
2007 1.114355 -1.145491 
2008 0.446264 -1.207679 
2009 1.043249 -1.129526 
2010 0.393464 -1.237023 
2011 0.287333 -1.233333 
2012 0.154667 -1.254537 
2013 -0.062876 -1.318905 
2014 0.099963 -1.259624 
2015 0.169247 -1.277052 
2016 0.671152 -1.302830 
2017 0.158632 -1.309363 
2018 0.349005 -1.244879 
2019 0.377921 -1.241357 
2020 0.194037 -1.274175 
2021 -0.185936 -1.328951 
2022 0.257956 -1.263801 
2023 0.355966 -1.263559 
2024 0.257001 -1.264750 
2025 0.456136 -1.234910 
2026 0.328360 -1.243834 
2027 0.296432 -1.304382 
2028 0.376121 -1.222691 
2029 0.403091 -1.226499 
2030 0.496604 -1.215009 
2031 0.449532 -1.236625 
2032 0.438976 -1.236634 
2033 0.342807 -1.254224 
2034 0.385373 -1.242395 
2035 0.239072 -1.223896 
2036 -0.212150 -1.355631 
2037 0.458389 -1.239342 
2038 0.207469 -1.244630 
2039 0.522351 -1.225957 
2040 0.473622 -1.314604 
2041 0.322405 -1.224022 
2042 0.350569 -1.254690 
2043 0.335803 -1.207044 
2044 1.118705 -1.140635 
2045 0.790739 -1.205447 
2046 0.456084 -1.258036 
2047 0.480603 -1.156569 
2048 0.493809 -1.173604 
2049 0.403867 -1.205172 
2050 0.466504 -1.219568 
2051 0.455414 -1.211950 
2052 0.677415 -1.246536 
2053 0.322867 -1.206540 
2054 0.161088 -1.234834 
2055 0.243331 -1.229955 
2056 0.277357 -1.231737 
2057 0.524526 -1.211326 
2058 0.383015 -1.214857 
2059 0.293997 -1.239013 
2060 0.517874 -1.227086 
2061 0.521646 -1.228728 
2062 1.212124 -1.197200 
2063 0.371172 -1.280263 
2064 0.360086 -1.248513 
2065 1.151225 -1.184253 
2066 0.377150 -1.223374 
2067 0.582970 -1.263933 
2068 0.582701 -1.243993 
2069 0.272186 -1.254303 
2070 0.457085 -1.318827 
2071 0.124210 -1.264128 
2072 0.214018 -1.248178 
2073 0.318404 -1.243912 
2074 0.615361 -1.209232 
2075 0.298416 -1.297892 
2076 0.259380 -1.260665 
2077 0.352488 -1.257720 
2078 0.414675 -1.295506 
2079 0.444296 -1.303445 
2080 0.309081 -1.312420 
2081 0.475078 -1.282420 
2082 0.573977 -1.292410 
2083 0.474622 -1.235964 
2084 0.507660 -1.267598 
2085 1.116931 -1.144189 
2086 0.305058 -1.322792 
2087 0.507596 -1.251772 
2088 0.188950 -1.265263 
2089 0.633870 -1.209836 
2090 1.029618 -1.159460 
2091 0.462341 -1.246364 
2092 0.587755 -1.287666 
2093 0.418633 -1.234833 
2094 0.406750 -1.217897 
2095 0.561967 -1.168161 
2096 0.237542 -1.306483 
2097 0.491499 -1.308370 
2098 0.623108 -1.205057 
2099 0.347526 -1.230779 
2100 0.184489 -1.252424 
2101 0.616106 -1.220185 
2102 0.348716 -1.221523 
2103 0.683081 -1.244000 
2104 0.626282 -1.204744 
2105 0.746508 -1.208183 
2106 0.567196 -1.235766 
2107 0.389914 -1.246835 
2108 0.393437 -1.283513 
2109 0.466192 -1.286951 
2110 0.170805 -1.252185 
2111 0.545538 -1.262900 
2112 0.657567 -1.189629 
2113 0.670169 -1.183966 
2114 0.642432 -1.174405 
2115 0.508802 -1.210216 
2116 0.550051 -1.185473 
2117 0.658927 -1.184025 
2118 0.513587 -1.206062 
2119 1.011911 -1.251669 
2120 0.507236 -1.208213 
2121 0.360508 -1.239478 
2122 0.626665 -1.184236 
2123 0.247147 -1.262961 
2124 0.395255 -1.224645 
2125 0.435410 -1.231713 
2126 0.520093 -1.171283 
2127 0.613858 -1.162027 
2128 0.500051 -1.207471 
2129 0.373935 -1.211072 
2130 0.520376 -1.192922 
2131 0.379640 -1.216302 
2132 0.313544 -1.316186 
2133 0.299017 -1.250062 
2134 0.401006 -1.246378 
2135 0.610273 -1.240298 
2136 0.479248 -1.209474 
2137 0.559175 -1.196573 
2138 0.331340 -1.217424 
2139 0.499364 -1.214053 
2140 0.839793 -1.192106 
2141 0.411809 -1.293596 
2142 0.539875 -1.209180 
2143 0.255586 -1.261385 
2144 0.350962 -1.242283 
2145 0.799969 -1.201200 
2146 0.526715 -1.227422 
2147 0.546184 -1.236886 
2148 0.539760 -1.274066 
2149 0.505425 -1.212280 
2150 0.331150 -1.195564 
2151 0.850100 -1.176263 
2152 0.351613 -1.239176 
2153 0.340866 -1.220590 
2154 1.065505 -1.177453 
2155 0.604797 -1.245161 
2156 0.468253 -1.207572 
2157 0.405000 -1.201393 
2158 0.605262 -1.259184 
2159 0.752945 -1.303733 
2160 0.595374 -1.269994 
2161 0.703989 -1.211565 
2162 0.397024 -1.240696 
2163 0.319033 -1.269396 
2164 0.658333 -1.178670 
2165 0.970328 -1.108492 
2166 0.372639 -1.213366 
2167 0.521269 -1.200094 
2168 0.270038 -1.252353 
2169 0.608811 -1.200847 
2170 0.862530 -1.181587 
2171 0.559683 -1.169929 
2172 0.288913 -1.231443 
2173 0.618760 -1.198633 
2174 0.373431 -1.218625 
2175 0.380263 -1.219001 
2176 0.477300 -1.228490 
2177 0.574221 -1.224392 
2178 0.388060 -1.263289 
2179 1.077371 -1.243216 
2180 1.257817 -1.175764 
2181 0.270749 -1.279132 
2182 0.752509 -1.216336 
2183 0.442767 -1.247465 
2184 0.508267 -1.245269 
2185 0.528976 -1.228761 
2186 0.309914 -1.275058 
2187 0.595380 -1.283418 
2188 0.470332 -1.225395 
2189 0.326770 -1.214500 
2190 0.060807 -1.310611 
2191 0.566278 -1.291439 
2192 0.400582 -1.242363 
2193 0.789370 -1.175572 
2194 0.465944 -1.221353 
2195 0.347512 -1.267830 
2196 0.560588 -1.235528 
2197 0.524664 -1.202398 
2198 0.475048 -1.216317 
2199 0.418919 -1.220790 
2200 0.455308 -1.216466 
2201 0.294433 -1.268172 
2202 0.390230 -1.225703 
2203 0.312461 -1.241277 
2204 0.448038 -1.235737 
2205 0.171572 -1.265405 
2206 0.213058 -1.256897 
2207 0.374371 -1.299815 
2208 0.290392 -1.237210 
2209 0.582419 -1.233050 
2210 0.337858 -1.217806 
2211 0.475010 -1.196376 
2212 0.547611 -1.211810 
2213 0.436473 -1.205965 
2214 0.752841 -1.212078 
2215 0.106117 -1.321367 
2216 0.509455 -1.182922 
2217 0.455803 -1.246619 
2218 0.338934 -1.210490 
2219 0.198643 -1.283867 
2220 0.450807 -1.237477 
2221 0.371622 -1.261224 
2222 0.419568 -1.227502 
2223 0.495408 -1.176003 
2224 0.153778 -1.261137 
2225 0.389280 -1.236244 
2226 0.115237 -1.263089 
2227 0.112199 -1.287237 
2228 0.306472 -1.246219 
2229 0.276628 -1.281222 
2230 0.263508 -1.240708 
2231 0.087064 -1.309091 
2232 0.473297 -1.232497 
2233 0.584586 -1.239919 
2234 0.533481 -1.218664 
2235 0.311779 -1.236870 
2236 0.208060 -1.274277 
2237 0.192343 -1.234644 
2238 0.276947 -1.212882 
2239 0.423217 -1.217801 
2240 0.516277 -1.191538 
2241 0.383325 -1.233020 
2242 0.290163 -1.249446 
2243 0.165861 -1.264638 
2244 0.328312 -1.240590 
2245 0.266826 -1.303612 
2246 0.519893 -1.272789 
2247 0.225423 -1.235672 
2248 0.375043 -1.229605 
2249 0.493239 -1.285070 
2250 0.464963 -1.228936 
2251 1.105711 -1.148404 
2252 0.752098 -1.261582 
2253 0.709994 -1.241753 
2254 0.402965 -1.242151 
2255 -0.203136 -1.375308 
2256 0.470085 -1.231270 
2257 0.108586 -1.336827 
2258 0.114221 -1.249685 
2259 0.289748 -1.233639 
2260 0.291456 -1.222504 
2261 0.559396 -1.233938 
2262 0.636946 -1.194788 
2263 0.307131 -1.176817 
2264 0.411091 -1.178190 
2265 0.810840 -1.192046 
2266 0.614266 -1.226752 
2267 0.396150 -1.222557 
2268 0.309130 -1.177839 
2269 0.330656 -1.216003 
2270 -0.061723 -1.292787 
2271 0.499197 -1.221861 
2272 0.245490 -1.252433 
2273 0.089908 -1.245699 
2274 0.054830 -1.296184 
2275 0.161025 -1.225304 
2276 0.095106 -1.273290 
2277 0.336670 -1.226054 
2278 0.669108 -1.235946 
2279 0.117146 -1.236225 
2280 0.151714 -1.263794 
2281 0.330430 -1.211577 
2282 0.191630 -1.236438 
2283 0.536317 -1.181875 
2284 1.112292 -1.132502 
2285 0.575614 -1.168017 
2286 0.397403 -1.288291 
2287 0.650201 -1.205417 
2288 0.341509 -1.218519 
2289 0.398394 -1.195094 
2290 1.085144 -1.134861 
2291 0.439345 -1.155597 
2292 0.327455 -1.200044 
2293 0.466711 -1.185292 
2294 0.397759 -1.215704 
2295 0.278241 -1.245917 
2296 0.608400 -1.194631 
2297 0.559199 -1.151678 
2298 0.395069 -1.168495 
2299 0.587798 -1.164398 
2300 0.339372 -1.251029 
2301 0.457935 -1.161462 
2302 0.468346 -1.202955 
2303 0.311045 -1.200224 
2304 0.196831 -1.205345 
2305 0.328277 -1.198878 
2306 0.248803 -1.220462 
2307 0.395266 -1.189158 
2308 0.528905 -1.199764 
2309 0.411649 -1.209826 
2310 0.137619 -1.234472 
2311 0.364720 -1.235451 
2312 0.339171 -1.200398 
2313 0.044156 -1.299138 
2314 0.214468 -1.237778 
2315 0.646660 -1.213696 
2316 0.583207 -1.145880 
2317 0.479137 -1.166257 
2318 0.262522 -1.206377 
2319 0.422894 -1.221218 
2320 0.457059 -1.255193 
2321 0.544930 -1.210078 
2322 0.440936 -1.239263 
2323 0.398062 -1.215238 
2324 0.275589 -1.257478 
2325 0.186913 -1.272841 
2326 0.206332 -1.323030 
2327 0.162967 -1.297019 
2328 0.287687 -1.274110 
2329 0.776623 -1.256048 
2330 0.500441 -1.216261 
2331 0.382461 -1.204283 
2332 0.072877 -1.247163 
2333 0.238796 -1.303017 
2334 0.237152 -1.272027 
2335 0.423728 -1.194798 
2336 0.252324 -1.250537 
2337 0.362144 -1.268566 
2338 0.499869 -1.217063 
2339 0.348740 -1.285790 
2340 0.349752 -1.188291 
2341 0.435020 -1.205384 
2342 1.050009 -1.163765 
2343 0.599519 -1.197965 
2344 0.271884 -1.236239 
2345 1.037050 -1.157120 
2346 0.617135 -1.224453 
2347 1.232280 -1.143051 
2348 0.497908 -1.233506 
2349 0.765695 -1.222979 
2350 0.358769 -1.208606 
2351 0.395013 -1.217518 
2352 0.400298 -1.223319 
2353 0.540854 -1.273898 
2354 0.280573 -1.254566 
2355 1.043718 -1.166848 
2356 0.735172 -1.222825 
2357 0.560774 -1.226436 
2358 0.277295 -1.233346 
2359 0.375275 -1.213313 
2360 0.449710 -1.209142 
2361 1.245601 -1.166059 
2362 0.438605 -1.180266 
2363 1.254995 -1.177786 
2364 1.319265 -1.136084 
2365 0.444552 -1.249702 
2366 0.513044 -1.210407 
2367 1.006123 -1.127251 
2368 0.475434 -1.193961 
2369 0.928497 -1.228986 
2370 0.465823 -1.234884 
2371 0.574137 -1.229341 
2372 0.557461 -1.188671 
2373 0.568378 -1.213723 
2374 0.438224 -1.239701 
2375 0.530401 -1.221398 
2376 0.212947 -1.260337 
2377 0.251501 -1.258505 
2378 0.248254 -1.332308 
2379 1.292479 -1.195369 
2380 0.538158 -1.223762 
2381 0.570127 -1.281360 
2382 0.262321 -1.249495 
2383 0.460589 -1.230053 
2384 0.896597 -1.253322 
2385 0.335564 -1.270635 
2386 0.549005 -1.315657 
2387 0.564905 -1.205217 
2388 0.459914 -1.211879 
2389 0.613128 -1.151830 
2390 0.589709 -1.236019 
2391 0.605815 -1.210339 
2392 0.715563 -1.233450 
2393 0.398477 -1.248799 
2394 0.482739 -1.261076 
2395 0.913696 -1.216999 
2396 0.335365 -1.261247 
2397 0.653763 -1.178975 
2398 0.676615 -1.204454 
2399 0.697689 -1.202576 
2400 0.565297 -1.219573 
2401 0.638660 -1.184466 
2402 0.317309 -1.242999 
2403 0.516672 -1.225331 
2404 0.514172 -1.236928 
2405 0.598914 -1.213897 
2406 0.694064 -1.238671 
2407 0.564184 -1.208613 
2408 -0.030253 -1.282933 
2409 0.382476 -1.193273 
2410 0.433672 -1.194923 
2411 0.481559 -1.206592 
2412 0.528964 -1.209933 
2413 0.464471 -1.226227 
2414 0.220313 -1.297711 
2415 0.570042 -1.230078 
2416 0.363579 -1.254629 
2417 0.307440 -1.246518 
2418 0.534184 -1.274538 
2419 0.478724 -1.186381 
2420 0.244000 -1.229852 
2421 0.510123 -1.233502 
2422 0.607479 -1.202561 
2423 0.374558 -1.218327 
2424 0.702194 -1.217451 
2425 0.269934 -1.213934 
2426 0.545865 -1.210732 
2427 0.625687 -1.180597 
2428 0.293445 -1.229604 
2429 0.205920 -1.301952 
2430 0.457672 -1.221803 
2431 0.192172 -1.281302 
2432 0.222529 -1.244827 
2433 0.336232 -1.220678 
2434 0.776460 -1.223053 
2435 0.109244 -1.296436 
2436 0.479796 -1.289690 
2437 0.565745 -1.215943 
2438 0.526046 -1.212014 
2439 0.695635 -1.235500 
2440 0.486951 -1.183695 
2441 0.633488 -1.206779 
2442 0.330241 -1.240837 
2443 0.505098 -1.279031 
2444 0.310992 -1.236388 
2445 0.191842 -1.250833 
2446 1.206253 -1.167769 
2447 0.347932 -1.224579 
2448 0.307722 -1.232858 
2449 0.378196 -1.232675 
2450 0.615235 -1.191330 
2451 0.715583 -1.221097 
2452 0.605295 -1.191052 
2453 0.605936 -1.177281 
2454 0.437055 -1.245081 
2455 0.710843 -1.219171 
2456 0.720725 -1.185580 
2457 0.403082 -1.219928 
2458 0.411725 -1.274774 
2459 0.175736 -1.307500 
2460 0.511067 -1.252517 
2461 0.757541 -1.215814 
2462 0.570230 -1.195056 
2463 0.569121 -1.211592 
2464 0.159236 -1.345435 
2465 0.375371 -1.230139 
2466 0.215200 -1.250556 
2467 0.562143 -1.275490 
2468 0.596757 -1.185264 
2469 0.547081 -1.249458 
2470 0.323271 -1.187470 
2471 0.643577 -1.214771 
2472 0.481767 -1.274394 
2473 0.317357 -1.282979 
2474 0.262443 -1.272114 
2475 0.483140 -1.197519 
2476 0.579086 -1.173465 
2477 1.176060 -1.109222 
2478 0.301391 -1.224738 
2479 0.503004 -1.193491 
2480 0.233764 -1.241993 
2481 0.455646 -1.273990 
2482 0.654028 -1.202930 
2483 0.482632 -1.173587 
2484 0.467410 -1.199509 
2485 0.348056 -1.194196 
2486 0.256558 -1.226316 
2487 0.145804 -1.225670 
2488 0.236101 -1.237912 
2489 0.130878 -1.224788 
2490 0.320608 -1.214544 
2491 0.440036 -1.227668 
2492 0.188130 -1.245132 
2493 0.345504 -1.242871 
2494 0.224173 -1.224723 
2495 1.732556 -1.262059 
2496 0.570630 -1.191243 
2497 0.079524 -1.227923 
2498 0.290012 -1.195588 
2499 0.335319 -1.200246 
2500 0.192210 -1.211466 
2501 -0.227391 -1.336601 
2502 0.221133 -1.244252 
2503 -0.127345 -1.293385 
2504 0.053409 -1.228397 
2505 0.280724 -1.188257 
2506 -0.093789 -1.257004 
2507 0.140623 -1.227003 
2508 0.093626 -1.314864 
2509 0.177442 -1.319489 
2510 0.425630 -1.227478 
2511 0.128138 -1.214587 
2512 0.231274 -1.250349 
2513 0.251612 -1.170905 
2514 1.104671 -1.119259 
2515 0.516041 -1.151555 
2516 0.190322 -1.185426 
2517 1.188199 -1.114814 
2518 0.139027 -1.201784 
2519 -0.039541 -1.227147 
2520 0.203567 -1.171662 
2521 0.402512 -1.141689 
2522 0.248605 -1.232380 
2523 0.176181 -1.214671 
2524 0.334707 -1.180491 
2525 0.360737 -1.221692 
2526 0.222117 -1.187664 
2527 0.506740 -1.141157 
2528 0.480588 -1.156867 
2529 0.439980 -1.165345 
2530 0.480680 -1.209775 
2531 0.236381 -1.269417 
2532 0.159532 -1.263954 
2533 0.302156 -1.214082 
2534 0.261010 -1.170741 
2535 0.229956 -1.214682 
2536 0.335184 -1.229883 
2537 0.551931 -1.181556 
2538 0.258515 -1.215570 
2539 0.064487 -1.239554 
2540 0.160824 -1.320050 
2541 0.509126 -1.188783 
2542 0.505728 -1.173501 
2543 0.211882 -1.199552 
2544 0.322707 -1.182615 
2545 0.107292 -1.233040 
2546 -0.007931 -1.275642 
2547 0.245178 -1.210309 
2548 0.196600 -1.218638 
2549 0.413298 -1.179673 
2550 -0.008006 -1.296764 
2551 0.267648 -1.215355 
2552 -0.047151 -1.290800 
2553 0.226168 -1.239113 
2554 0.100597 -1.243049 
2555 0.268721 -1.185682 
2556 -0.021864 -1.300858 
2557 0.140474 -1.253084 
2558 -0.187954 -1.337729 
2559 -0.125760 -1.296963 
2560 0.206621 -1.185280 
2561 0.090898 -1.252457 
2562 0.221968 -1.253002 
2563 0.140244 -1.219509 
2564 0.088437 -1.252684 
2565 -0.044731 -1.269070 
2566 0.361898 -1.210143 
2567 0.907071 -1.103630 
2568 0.107391 -1.278644 
2569 -0.353898 -1.415844 
2570 -0.471925 -1.459407 
2571 0.091487 -1.249710 
2572 -0.012285 -1.294638 
2573 -0.264473 -1.339634 
2574 -0.109354 -1.268039 
2575 0.219002 -1.231803 
2576 0.054029 -1.289699 
2577 -0.174035 -1.317456 
2578 0.262472 -1.216362 
2579 0.127637 -1.260604 
2580 0.022896 -1.285793 
2581 0.118378 -1.232576 
2582 0.787128 -1.174093 
2583 0.242506 -1.236046 
2584 -0.118907 -1.303764 
2585 0.108357 -1.278992 
2586 -0.053942 -1.299539 
2587 0.084088 -1.240829 
2588 0.225843 -1.235483 
2589 0.198507 -1.255666 
2590 0.450298 -1.228092 
2591 0.243290 -1.231506 
2592 0.256199 -1.237422 
2593 0.003610 -1.261045 
2594 0.089169 -1.231920 
2595 0.114773 -1.226317 
2596 0.010046 -1.244996 
2597 0.017374 -1.268023 
2598 0.281314 -1.195554 
2599 0.267863 -1.204325 
2600 0.182061 -1.276420 
2601 0.063215 -1.234993 
2602 0.176570 -1.183110 
2603 0.388318 -1.156875 
2604 0.190930 -1.229531 
2605 -0.003870 -1.243154 
2606 0.055649 -1.253786 
2607 0.008435 -1.283453 
2608 0.158316 -1.262341 
2609 0.168040 -1.197918 
2610 0.209693 -1.198797 
2611 0.140539 -1.186133 
2612 0.361331 -1.128327 
2613 1.065127 -1.122659 
2614 0.092261 -1.179610 
2615 0.258618 -1.157921 
2616 0.010385 -1.228220 
2617 0.249019 -1.205106 
2618 0.169191 -1.213462 
2619 0.126571 -1.180738 
2620 0.063825 -1.198535 
2621 0.095361 -1.202111 
2622 -0.044099 -1.224382 
2623 0.146546 -1.225323 
2624 -0.138974 -1.263618 
2625 0.183277 -1.175602 
2626 -0.134337 -1.288640 
2627 0.034471 -1.227578 
2628 0.344478 -1.168679 
2629 0.367617 -1.184076 
2630 0.284305 -1.208319 
2631 0.038924 -1.246158 
2632 0.063148 -1.256473 
2633 0.242282 -1.268691 
2634 0.227060 -1.191480 
2635 0.108732 -1.209240 
2636 0.052958 -1.210805 
2637 0.567214 -1.148849 
2638 -0.048423 -1.238819 
2639 0.007588 -1.255644 
2640 0.218426 -1.181262 
2641 0.087356 -1.196739 
2642 -0.037172 -1.243337 
2643 0.316125 -1.178151 
2644 0.213314 -1.171658 
2645 0.123103 -1.205251 
2646 0.090245 -1.245234 
2647 0.111377 -1.218496 
2648 -0.080962 -1.241904 
2649 0.092455 -1.209409 
2650 0.238568 -1.164271 
2651 -0.009207 -1.218643 
2652 0.116983 -1.189496 
2653 0.032452 -1.214889 
2654 0.255527 -1.183666 
2655 0.299266 -1.164825 
2656 -0.183607 -1.327635 
2657 0.015404 -1.240513 
2658 0.158970 -1.200013 
2659 0.190711 -1.196043 
2660 0.222377 -1.202331 
2661 0.275002 -1.181557 
2662 0.202666 -1.194105 
2665 0.383484 -1.165942 
2666 0.125055 -1.218188 
2667 0.280426 -1.177941 
2668 0.010518 -1.242963 
2669 0.178615 -1.200839 
2670 0.162510 -1.187559 
2671 0.325428 -1.168199 
2672 0.302787 -1.204154 
2673 0.378807 -1.198949 
2674 0.110553 -1.245907 
2675 0.291562 -1.169318 
2676 -0.009720 -1.220926 
2677 0.155468 -1.269741 
2678 0.132223 -1.259856 
2679 -0.005346 -1.294040 
2680 0.121170 -1.221508 
2681 0.234330 -1.191179 
2682 0.141774 -1.197015 
2683 0.061803 -1.210308 
2684 0.138097 -1.209273 
2685 0.125691 -1.231640 
2686 0.072628 -1.253672 
2687 0.012866 -1.244190 
2688 0.182672 -1.203892 
2689 0.094936 -1.224793 
2690 -0.018624 -1.243644 
2691 0.226450 -1.191339 
2692 -0.185443 -1.293295 
2693 0.143612 -1.217179 
2694 0.315506 -1.176976 
2695 0.334438 -1.197784 
2696 -0.051186 -1.274697 
2697 0.079270 -1.222416 
2698 0.136345 -1.231925 
2699 0.148485 -1.188887 
2700 -0.032096 -1.229993 
2701 0.308864 -1.183771 
2702 0.258930 -1.161250 
2703 -0.022830 -1.245452 
2704 -0.121784 -1.263024 
2705 0.076357 -1.214948 
2706 -0.135364 -1.255351 
2707 -0.128117 -1.254037 
2708 0.180925 -1.179969 
2709 -0.042319 -1.242790 
2710 0.028997 -1.206304 
2711 0.201650 -1.175471 
2712 0.068172 -1.169894 
2713 0.285611 -1.166371 
2714 0.333806 -1.160865 
2715 0.312503 -1.227792 
2716 0.277152 -1.173363 
2717 -0.005534 -1.234319 
2718 0.183363 -1.212460 
2719 0.165368 -1.188697 
2720 -0.044706 -1.227039 
2721 -0.045464 -1.237167 
2722 0.046032 -1.213846 
2723 0.123069 -1.181516 
2724 0.222273 -1.159523 
2725 -0.031671 -1.232708 
2726 0.068681 -1.187352 
2727 0.006425 -1.219848 
2728 0.305820 -1.171527 
2729 -0.038194 -1.234136 
2730 0.124473 -1.215034 
2731 0.194265 -1.174999 
2732 0.156468 -1.175142 
2733 0.060411 -1.207908 
2734 0.180320 -1.188468 
2735 0.251697 -1.186862 
2736 -0.099248 -1.285311 
2737 0.252940 -1.165341 
2738 0.213862 -1.204183 
2739 0.403622 -1.137437 
2740 0.072473 -1.202638 
2741 0.218686 -1.198174 
2742 -0.313054 -1.370744 
2743 -0.079101 -1.277739 
2744 -0.060926 -1.247695 
2745 0.128004 -1.232007 
2746 0.118958 -1.213788 
2747 -0.084522 -1.277842 
2748 -0.302815 -1.337067 
2749 0.109496 -1.231261 
2750 -0.115440 -1.273923 
2751 0.162657 -1.216683 
2752 -0.014407 -1.243418 
2753 -0.107988 -1.240203 
2754 -0.133035 -1.257572 
2755 0.129844 -1.198558 
2756 -0.007447 -1.238904 
2757 -0.027066 -1.273733 
2758 -0.084195 -1.263785 
2759 -0.048403 -1.262144 
2760 0.265764 -1.166140 
2761 0.121414 -1.194492 
2762 0.137944 -1.208650 
2763 -0.122688 -1.277260 
2764 0.287637 -1.145872 
2765 0.036445 -1.215762 
2766 0.300621 -1.153958 
2767 0.113819 -1.203023 
2768 0.131122 -1.205573 
2769 0.063594 -1.205187 
2770 -0.003129 -1.230106 
2771 0.218904 -1.196652 
2772 0.113055 -1.178749 
2773 0.322509 -1.186586 
2774 -0.048692 -1.222242 
2775 -0.097946 -1.286487 
2776 0.105248 -1.210400 
2777 0.478438 -1.169639 
2778 0.288591 -1.174644 
2779 0.193114 -1.176900 
2780 0.296322 -1.170127 
2781 -0.000587 -1.220328 
2782 0.252109 -1.173938 
2783 -0.110199 -1.245866 
2784 -0.176725 -1.288520 
2785 -0.202501 -1.270657 
2786 -0.238427 -1.292409 
2787 0.005590 -1.228426 
2788 0.061546 -1.206431 
2789 -0.086683 -1.253296 
2790 -0.004786 -1.220361 
2791 -0.150742 -1.256392 
2792 -0.184965 -1.276729 
2793 0.022233 -1.226800 
2794 0.196891 -1.195857 
2795 -0.112174 -1.262101 
2796 -0.165701 -1.265306 
2797 -0.361098 -1.317979 
2798 -0.073661 -1.221955 
2799 -0.125980 -1.251552 
2800 0.150295 -1.164731 
2801 -0.503110 -1.357784 
2802 -0.321822 -1.311032 
2803 -0.140673 -1.247965 
2804 -0.147472 -1.243603 
2805 -0.075317 -1.228926 
2806 0.144959 -1.163349 
2807 -0.056879 -1.246426 
2808 -0.062853 -1.233321 
2809 0.174889 -1.201707 
2810 0.113876 -1.205688 
2811 0.193198 -1.199270 
2812 -0.293179 -1.359685 
2813 0.133793 -1.253584 
2814 0.224117 -1.201002 
2815 0.462176 -1.178165 
2816 0.210681 -1.209625 
2817 1.160415 -1.117589 
2818 0.468932 -1.187142 
2819 0.321847 -1.217059 
2820 0.145930 -1.197947 
2821 0.176325 -1.123978 
2822 0.021242 -1.082604 
2823 -0.229117 -1.180857 
