1834 2
61 -0.832374 -1.604713 
62 -0.422228 -1.433248 
63 0.222071 -1.241475 
64 0.305258 -1.195348 
65 0.208279 -1.223388 
66 -0.041326 -1.279861 
67 -0.057131 -1.259120 
68 0.152415 -1.268483 
69 0.296503 -1.202700 
70 0.627341 -1.103883 
71 0.415563 -1.150091 
72 0.282764 -1.232440 
73 0.611057 -1.139319 
74 -0.119848 -1.297929 
75 -0.084051 -1.321416 
76 0.482437 -1.172923 
77 0.416865 -1.200312 
78 -0.132398 -1.293780 
79 0.175298 -1.207641 
80 -0.398264 -1.414368 
81 0.023246 -1.294483 
82 0.353031 -1.165316 
83 0.319402 -1.242464 
84 0.997317 -1.138206 
85 0.873425 -1.160862 
86 0.605555 -1.175015 
87 -0.088509 -1.361646 
88 0.634357 -1.195425 
89 0.467697 -1.169443 
90 0.877646 -1.122381 
91 0.911782 -1.086941 
92 0.794202 -1.125363 
93 0.277588 -1.228879 
94 -0.016123 -1.290358 
95 0.667023 -1.149297 
96 0.308933 -1.217197 
97 0.660214 -1.145849 
98 0.720036 -1.135442 
99 0.803368 -1.139216 
100 0.341100 -1.193197 
101 0.279228 -1.235199 
102 0.972820 -1.137845 
103 0.769067 -1.119100 
104 0.780048 -1.143171 
105 0.539250 -1.174301 
106 0.146806 -1.231845 
107 0.575691 -1.142957 
108 0.769572 -1.107984 
109 0.041047 -1.247895 
110 0.174298 -1.208456 
111 0.450114 -1.169098 
112 0.291255 -1.181344 
113 -0.015639 -1.244239 
114 0.092560 -1.197287 
115 0.027348 -1.271010 
116 -0.216916 -1.296200 
117 0.047335 -1.225119 
118 0.390510 -1.173455 
119 0.614078 -1.099823 
120 0.058263 -1.236703 
121 0.520376 -1.119811 
122 0.127745 -1.219834 
123 0.077338 -1.193379 
124 0.041149 -1.186972 
125 0.855821 -1.154986 
126 -1.256542 -1.953940 
127 -1.296603 -1.997422 
128 -1.193184 -1.920371 
129 -1.378836 -2.103532 
130 -1.194002 -1.947199 
131 -1.216471 -1.925637 
139 -1.382971 -2.105992 
140 -1.508451 -2.314021 
141 -1.040054 -1.857977 
142 -1.041392 -1.846526 
143 -0.923420 -1.767178 
144 -1.122739 -1.851103 
145 -1.663788 -2.392704 
146 -1.763932 -2.586876 
147 -1.681813 -2.449506 
148 -1.928403 -2.939580 
149 -1.827926 -2.661566 
150 -2.038756 -3.074203 
151 -0.585618 -1.556047 
152 -0.562269 -1.537574 
153 -0.532026 -1.545520 
154 0.025297 -1.372707 
155 -0.672329 -1.562816 
156 -0.793044 -1.686994 
157 -0.595238 -1.568545 
158 -0.887457 -1.766066 
159 -0.906520 -1.714743 
160 -0.845002 -1.728394 
161 -1.269878 -2.001679 
162 -0.618278 -1.543844 
163 -0.474275 -1.447415 
164 -1.841302 -2.620898 
165 -2.048221 -2.897443 
166 -2.120530 -2.913091 
167 -1.884636 -2.613477 
168 -2.329468 -3.464919 
169 -1.995293 -2.897524 
170 -2.169920 -3.187243 
171 -2.090689 -3.084651 
172 -1.992422 -2.982322 
173 -1.710976 -2.506019 
174 -1.771134 -2.580399 
175 -1.549093 -2.225583 
176 -1.512175 -2.214245 
177 -1.234394 -1.942701 
178 -0.677448 -1.553802 
179 -1.080454 -1.787885 
180 -1.316590 -2.047780 
181 -0.869581 -1.663232 
182 -0.710177 -1.554584 
183 -0.948563 -1.661894 
184 -1.086910 -1.817136 
185 -1.068938 -1.807961 
186 0.178465 -1.230913 
187 -0.636735 -1.466841 
188 -0.686170 -1.505652 
189 -0.114248 -1.292343 
190 -0.352612 -1.366586 
191 -0.064777 -1.323569 
192 -0.349179 -1.386540 
193 -0.150457 -1.296848 
194 0.313013 -1.228079 
195 -0.317880 -1.408964 
196 -0.577738 -1.494369 
197 -0.180752 -1.357071 
198 0.287284 -1.254035 
199 -0.199078 -1.345485 
200 -0.336216 -1.423449 
201 -0.210758 -1.363891 
202 -0.339161 -1.385825 
203 -0.371224 -1.424369 
204 -0.207858 -1.344382 
205 -0.390712 -1.426990 
206 -0.187507 -1.374600 
207 -0.387450 -1.431263 
208 -0.050020 -1.285251 
209 0.405980 -1.244429 
210 -0.164654 -1.345518 
211 -0.415410 -1.415673 
212 0.083826 -1.235527 
213 -0.410246 -1.405165 
214 -0.277857 -1.355331 
215 -0.689499 -1.522528 
216 -0.362737 -1.426631 
217 0.009043 -1.262451 
218 -0.021392 -1.282595 
219 0.352494 -1.223340 
220 -0.330960 -1.405242 
221 -0.617141 -1.509658 
222 -0.076017 -1.274720 
223 -0.045650 -1.280539 
224 -0.317336 -1.425729 
225 0.010710 -1.277975 
226 0.327444 -1.220150 
227 -0.065542 -1.325421 
228 -0.343811 -1.420499 
229 -0.022645 -1.286101 
230 -0.147870 -1.315820 
231 -0.235094 -1.373875 
232 -0.271985 -1.398729 
233 0.449739 -1.190138 
234 -0.459255 -1.423383 
235 -0.229251 -1.360292 
236 0.190610 -1.229835 
237 -0.309408 -1.393902 
238 -0.317349 -1.387690 
239 0.060747 -1.270596 
240 -0.605819 -1.486021 
241 -0.586108 -1.522200 
242 -0.590813 -1.520018 
243 -0.170808 -1.326514 
244 -0.309861 -1.384481 
245 -0.585795 -1.483232 
246 -0.152050 -1.346727 
247 -0.397985 -1.432904 
248 -0.774044 -1.612506 
249 -0.200341 -1.359177 
250 0.178317 -1.248023 
251 0.454152 -1.205025 
252 0.290469 -1.222290 
253 -0.211738 -1.359535 
254 0.326946 -1.183516 
255 0.247815 -1.227808 
256 -0.080632 -1.338228 
257 0.056741 -1.286737 
258 0.551858 -1.177372 
259 0.222262 -1.282516 
260 -0.018463 -1.284065 
261 0.586929 -1.189677 
262 -0.166519 -1.345830 
263 0.215509 -1.220522 
264 0.149479 -1.234915 
265 0.908094 -1.147535 
266 1.558113 -1.166543 
267 1.762260 -1.211737 
268 1.708288 -1.191145 
269 1.817246 -1.220263 
271 1.575078 -1.154585 
272 1.461013 -1.155616 
273 1.500136 -1.158661 
274 1.314023 -1.203339 
275 1.561097 -1.180050 
276 0.655607 -1.214938 
277 0.556793 -1.214757 
278 0.845819 -1.188544 
279 1.238832 -1.160800 
280 1.052111 -1.188323 
281 0.738932 -1.206083 
282 1.084353 -1.170045 
283 1.578762 -1.145098 
284 1.298823 -1.128005 
285 1.691077 -1.178889 
286 1.410078 -1.176770 
287 1.194410 -1.160851 
288 1.045981 -1.140824 
289 1.295008 -1.119249 
290 0.620530 -1.156573 
291 0.760485 -1.152470 
292 0.417585 -1.184554 
293 1.195836 -1.149643 
294 0.931929 -1.136294 
295 0.731897 -1.162235 
296 0.982963 -1.164695 
297 0.528384 -1.212933 
298 1.336667 -1.132138 
299 1.261762 -1.121473 
300 1.177770 -1.131844 
301 0.701899 -1.176838 
302 -0.211018 -1.401278 
304 1.663298 -1.210606 
305 1.387380 -1.173526 
306 0.557520 -1.169083 
307 0.430840 -1.167665 
308 0.536197 -1.191544 
309 0.455509 -1.189556 
310 0.909338 -1.133449 
311 0.822758 -1.141814 
312 0.668001 -1.175123 
313 0.832728 -1.149712 
314 0.488067 -1.224516 
315 0.230134 -1.269174 
316 0.648110 -1.185666 
317 0.033317 -1.350955 
318 0.419759 -1.208891 
319 0.454495 -1.212714 
320 -0.113081 -1.326217 
321 0.009387 -1.300464 
322 0.794822 -1.106096 
323 0.523952 -1.210029 
324 0.335060 -1.240187 
325 0.237891 -1.234909 
326 0.559021 -1.231175 
327 0.636861 -1.167853 
328 0.372553 -1.195535 
329 0.771384 -1.129408 
330 0.399402 -1.186171 
331 0.861100 -1.121601 
332 0.132572 -1.228097 
333 -0.008949 -1.285495 
334 0.960027 -1.121113 
335 0.425471 -1.167786 
336 0.128298 -1.254882 
337 -0.103732 -1.306034 
338 -0.315666 -1.398108 
339 0.355476 -1.207988 
340 0.925854 -1.093778 
341 0.817306 -1.117071 
342 0.158635 -1.263961 
343 -0.050662 -1.303051 
344 0.256978 -1.259484 
345 -0.254609 -1.386568 
346 2.366349 -1.399217 
347 0.713234 -1.162950 
348 0.919900 -1.147697 
349 -0.364285 -1.412238 
350 -0.160083 -1.348800 
351 -0.333224 -1.434806 
352 0.359920 -1.215193 
353 1.008586 -1.113546 
354 0.560976 -1.174903 
355 0.741856 -1.213218 
356 0.525556 -1.234310 
357 0.808067 -1.170609 
358 1.025500 -1.151572 
359 0.057245 -1.295185 
360 0.355333 -1.213200 
361 0.121592 -1.245983 
362 0.963615 -1.134989 
363 0.284545 -1.216782 
364 0.064401 -1.236256 
365 -0.187348 -1.350726 
366 -0.119974 -1.337233 
367 0.292745 -1.200329 
368 0.724910 -1.155251 
369 0.683149 -1.171819 
370 0.669968 -1.201731 
371 0.437652 -1.183311 
372 0.620980 -1.148756 
373 0.635662 -1.135076 
374 0.029542 -1.268916 
375 0.385066 -1.190714 
376 0.298291 -1.217220 
377 0.001280 -1.274303 
378 0.491126 -1.199027 
379 -0.176625 -1.316686 
380 0.717613 -1.150507 
381 0.301437 -1.199646 
382 0.347705 -1.209977 
383 0.263391 -1.179782 
384 0.084800 -1.224022 
385 0.566352 -1.156579 
386 -0.456807 -1.450041 
387 -0.073855 -1.329243 
388 -0.049731 -1.292164 
389 0.688834 -1.117611 
390 0.670001 -1.126195 
391 0.525645 -1.185670 
392 0.566666 -1.150257 
393 0.050145 -1.310872 
394 -0.200928 -1.316580 
395 0.242125 -1.247194 
396 0.130391 -1.242226 
397 0.453290 -1.148888 
398 0.609899 -1.156834 
399 0.171739 -1.225711 
400 0.020356 -1.261487 
401 0.022857 -1.279486 
402 0.220330 -1.209550 
403 0.238350 -1.211773 
404 0.471226 -1.146463 
405 0.158209 -1.246701 
406 -0.088155 -1.328968 
407 -0.354774 -1.411311 
408 -0.113493 -1.324305 
409 0.077387 -1.296011 
410 0.390503 -1.209718 
411 0.514020 -1.171744 
412 0.480371 -1.182979 
413 0.595912 -1.179862 
414 0.747287 -1.154016 
415 0.725662 -1.132565 
416 0.409849 -1.183436 
417 0.738464 -1.115931 
418 0.154966 -1.247054 
419 0.436743 -1.167281 
420 0.429293 -1.182230 
421 0.620097 -1.168345 
422 0.457370 -1.196841 
423 0.636689 -1.171198 
424 1.033248 -1.128104 
425 0.223381 -1.240003 
426 0.362027 -1.241024 
427 -0.159440 -1.398391 
428 0.190529 -1.301713 
429 0.297160 -1.270971 
430 0.592167 -1.197947 
431 -0.425076 -1.459609 
432 -0.012018 -1.348363 
433 0.622704 -1.203259 
434 0.085016 -1.296533 
435 0.691774 -1.161570 
436 0.209018 -1.237226 
437 0.757594 -1.155229 
438 0.182311 -1.266376 
439 0.575128 -1.189070 
440 0.436913 -1.197369 
441 0.055402 -1.262464 
442 0.565839 -1.180349 
443 -0.057505 -1.320481 
444 0.013924 -1.283327 
445 0.794737 -1.174576 
446 0.615709 -1.158718 
447 0.281009 -1.226778 
448 0.704654 -1.180103 
449 0.595178 -1.151742 
450 0.928352 -1.109905 
451 0.792549 -1.136714 
452 0.178332 -1.248006 
453 0.628133 -1.160300 
454 -0.008541 -1.268711 
455 -0.608621 -1.465172 
456 -0.041423 -1.265535 
457 -0.333382 -1.379672 
458 -0.380226 -1.378806 
459 0.475853 -1.200261 
460 0.149708 -1.263558 
461 0.427859 -1.194908 
462 0.001442 -1.310156 
463 -0.397043 -1.476135 
464 -0.111165 -1.351540 
465 -0.524255 -1.514234 
466 -0.931936 -1.767387 
467 -0.631708 -1.617333 
468 -0.212617 -1.380852 
469 -0.628574 -1.540595 
470 -0.098310 -1.312684 
471 0.169116 -1.296328 
472 0.181796 -1.320612 
473 0.016813 -1.349945 
474 -0.422034 -1.455877 
475 -0.396969 -1.498481 
476 0.272028 -1.288478 
477 -0.262646 -1.423577 
478 -0.276574 -1.395398 
479 -0.468380 -1.431492 
480 -0.920564 -1.619941 
481 -0.914838 -1.681804 
482 -0.695387 -1.577329 
483 -0.861638 -1.614496 
484 -0.836445 -1.630146 
485 -0.875468 -1.644849 
486 -0.909117 -1.688223 
487 -0.702447 -1.559100 
488 -0.490164 -1.435268 
489 -0.624341 -1.486752 
490 -0.700013 -1.549857 
491 -0.575540 -1.493529 
492 -0.542109 -1.480367 
493 -0.163759 -1.320014 
494 -0.512101 -1.472862 
495 -0.474998 -1.441421 
496 -0.559222 -1.496266 
497 -0.021852 -1.329900 
498 0.166136 -1.304930 
499 0.104025 -1.274268 
500 0.111741 -1.285497 
501 -0.141844 -1.340806 
502 -0.602180 -1.495100 
503 0.279763 -1.216532 
504 0.045269 -1.260238 
505 -0.400768 -1.419259 
506 -0.296024 -1.356627 
507 -0.272800 -1.364920 
508 -0.247069 -1.335432 
509 -0.119968 -1.312792 
510 -0.125265 -1.325714 
511 0.172646 -1.236586 
512 -0.031945 -1.275065 
513 -0.350272 -1.388638 
514 -0.340979 -1.357531 
515 -0.447781 -1.423454 
516 0.301879 -1.209926 
517 -0.149765 -1.344557 
518 -0.053441 -1.300272 
519 -0.438454 -1.390039 
520 0.019877 -1.285277 
521 -0.338982 -1.350763 
522 0.240551 -1.198488 
523 0.348065 -1.229045 
524 0.109683 -1.263883 
525 0.403925 -1.216912 
526 0.573393 -1.190935 
527 -0.015960 -1.313436 
528 0.081606 -1.246861 
529 0.233174 -1.240122 
530 0.374007 -1.232261 
531 0.473672 -1.221383 
532 -0.120108 -1.352762 
533 0.282519 -1.237569 
534 -0.005783 -1.279948 
535 0.151209 -1.248862 
536 -0.152255 -1.349318 
537 0.049519 -1.270051 
538 -0.224330 -1.348432 
539 -0.346478 -1.377520 
540 -0.446318 -1.441898 
541 -0.057081 -1.291738 
542 -0.667457 -1.507052 
543 -0.632542 -1.490543 
544 -0.445239 -1.434043 
545 -0.452784 -1.476009 
546 -0.381655 -1.424562 
547 -0.167028 -1.326591 
548 -0.189227 -1.329427 
549 0.408430 -1.197379 
550 -0.291991 -1.396740 
551 0.025901 -1.314437 
552 -0.431081 -1.430398 
553 -0.412672 -1.430011 
554 -0.167154 -1.305031 
555 0.362341 -1.234315 
556 0.479030 -1.176738 
557 -0.034274 -1.292893 
558 0.086705 -1.282530 
559 0.411659 -1.208688 
560 0.241065 -1.247392 
561 0.349624 -1.240879 
562 0.333931 -1.204798 
563 0.432794 -1.192005 
564 0.227109 -1.225162 
565 -0.304885 -1.387468 
566 -0.353066 -1.416457 
567 -0.261719 -1.372668 
568 -0.094898 -1.325326 
569 0.086402 -1.279157 
570 0.015488 -1.278435 
571 -0.013036 -1.270236 
572 -0.433108 -1.423041 
573 -0.262383 -1.361476 
574 -0.057778 -1.304784 
575 -0.438853 -1.446623 
576 -0.095778 -1.318430 
577 -0.591064 -1.504970 
578 -0.512337 -1.466987 
579 -0.246401 -1.372011 
580 -0.503025 -1.399803 
581 -0.076102 -1.296794 
582 -0.209591 -1.349651 
583 -0.085674 -1.329337 
584 0.117598 -1.271332 
585 -0.273256 -1.393470 
586 0.032822 -1.299104 
587 -0.019539 -1.319226 
588 -0.158169 -1.368700 
589 -0.562132 -1.490605 
590 -0.503264 -1.493804 
591 -0.245737 -1.385512 
592 -0.182234 -1.341385 
593 -0.329780 -1.407637 
594 -0.205341 -1.350979 
595 -0.000062 -1.291816 
596 -0.240893 -1.389224 
597 -0.444996 -1.402120 
598 -0.236162 -1.338884 
599 0.087378 -1.251419 
600 -0.161403 -1.312096 
601 -0.244208 -1.344738 
602 -0.229858 -1.368483 
603 0.318048 -1.196445 
604 0.365283 -1.202799 
605 -0.202477 -1.335001 
606 -0.405855 -1.399052 
607 -0.819494 -1.590544 
608 -0.382550 -1.380898 
609 -0.438319 -1.416333 
610 -0.096141 -1.304350 
611 -0.232354 -1.329221 
612 0.099468 -1.257323 
613 -0.383363 -1.396057 
614 -0.235003 -1.412065 
615 -0.416818 -1.419570 
616 0.346747 -1.198927 
617 0.433566 -1.214789 
618 0.476346 -1.220705 
619 0.307741 -1.210124 
620 0.360279 -1.220773 
621 0.341503 -1.219164 
622 0.380433 -1.222793 
623 0.067582 -1.244079 
624 0.351960 -1.185122 
625 0.031125 -1.231268 
626 -0.176790 -1.313255 
627 -0.300964 -1.394822 
628 -0.442338 -1.447951 
629 -0.661775 -1.493171 
630 -0.953114 -1.648034 
631 -0.449957 -1.387926 
632 -0.331733 -1.351528 
633 -0.541887 -1.432257 
634 -0.581407 -1.483731 
635 -0.462616 -1.427451 
636 -0.144354 -1.319658 
637 -0.281634 -1.354091 
638 -0.005220 -1.260006 
639 0.066028 -1.240894 
640 -0.308046 -1.356014 
641 -0.431675 -1.443773 
642 -0.347966 -1.400521 
643 -0.596069 -1.492465 
644 -0.477362 -1.443968 
645 -0.320600 -1.381123 
646 -0.383011 -1.384883 
647 -0.332599 -1.416287 
648 -0.360727 -1.386358 
649 -0.541185 -1.489756 
650 -0.351902 -1.417259 
651 -0.284325 -1.356202 
652 -0.060244 -1.323837 
653 -0.386366 -1.415250 
654 0.529743 -1.194506 
655 -0.425746 -1.472437 
656 0.291087 -1.217511 
657 0.835831 -1.136442 
658 -0.183485 -1.364161 
659 -0.192843 -1.340587 
660 -0.439502 -1.454223 
661 -0.351409 -1.404291 
662 -0.215836 -1.364328 
663 0.033685 -1.264078 
664 -0.079892 -1.304695 
665 0.288535 -1.228121 
666 -0.173410 -1.360578 
667 -0.689140 -1.568651 
668 -0.479524 -1.490574 
669 -0.731035 -1.589977 
670 -0.861917 -1.611519 
671 -1.139448 -1.804417 
672 -0.767066 -1.588576 
673 -0.617859 -1.546675 
674 -0.758359 -1.590344 
675 -0.448878 -1.442286 
676 -0.133181 -1.332339 
677 -0.593082 -1.525919 
678 -0.531699 -1.465370 
679 -0.585285 -1.507519 
680 -0.276466 -1.382915 
681 0.358183 -1.214309 
682 0.140106 -1.299387 
683 0.067840 -1.288539 
684 0.111267 -1.248058 
685 -0.205462 -1.337877 
686 -0.349315 -1.339742 
687 -0.226142 -1.324163 
688 0.017219 -1.248430 
689 0.422002 -1.188781 
690 0.511128 -1.158527 
691 0.477987 -1.164644 
692 0.186891 -1.202474 
693 -0.335267 -1.357698 
694 -0.024598 -1.260560 
695 -0.439098 -1.403035 
696 0.071858 -1.254889 
697 0.351425 -1.174527 
698 0.655650 -1.139898 
699 -0.012870 -1.279844 
700 -0.081127 -1.321285 
701 0.266515 -1.213796 
702 0.172472 -1.238095 
703 0.673667 -1.122193 
704 1.599867 -1.084565 
705 1.601242 -1.083163 
706 1.496028 -1.084056 
707 1.222392 -1.046252 
708 0.882861 -1.114124 
709 0.429535 -1.174044 
710 1.072000 -1.089394 
711 1.621675 -1.153702 
712 1.633855 -1.150109 
713 1.732654 -1.169621 
714 1.613402 -1.152708 
715 1.193179 -1.105296 
716 0.715785 -1.144872 
717 0.805554 -1.135267 
718 0.699839 -1.153158 
719 1.205951 -1.107532 
720 0.926540 -1.144976 
721 0.377936 -1.205347 
722 -0.297451 -1.336410 
723 -0.080801 -1.295572 
724 -0.268033 -1.377842 
725 -0.471846 -1.470273 
726 -0.252403 -1.396064 
727 -0.470703 -1.492314 
728 0.096082 -1.280216 
729 0.455021 -1.183136 
730 0.155659 -1.235713 
731 0.361685 -1.215753 
732 0.678172 -1.173538 
733 0.498421 -1.221108 
734 -0.246172 -1.374804 
735 -0.273208 -1.377786 
736 0.361006 -1.194644 
737 -0.073503 -1.268931 
738 -0.328357 -1.372631 
739 -0.199108 -1.335639 
740 0.223727 -1.213601 
741 -0.130907 -1.341485 
742 -0.175085 -1.350420 
743 0.081643 -1.281030 
744 -0.253410 -1.437213 
745 -0.266902 -1.371549 
746 0.365089 -1.238060 
747 0.287574 -1.221014 
748 0.321456 -1.215976 
749 -0.228056 -1.368732 
750 0.586183 -1.180524 
751 0.921773 -1.095007 
752 0.991570 -1.107774 
753 0.729263 -1.114534 
754 0.510596 -1.114904 
755 0.634098 -1.111629 
756 1.233848 -1.178462 
757 0.809471 -1.148846 
758 0.826095 -1.088429 
759 0.837021 -1.154925 
760 0.599524 -1.141173 
761 0.157915 -1.247954 
762 1.255456 -1.097002 
763 0.625962 -1.133481 
764 0.297643 -1.191124 
765 0.717491 -1.124792 
766 0.888369 -1.133736 
767 0.580501 -1.158245 
768 -0.261009 -1.394710 
769 0.565553 -1.168441 
770 0.501432 -1.184411 
771 0.550207 -1.188645 
772 0.496067 -1.163676 
773 0.540279 -1.180130 
774 0.616708 -1.099316 
775 0.361106 -1.195567 
776 0.034984 -1.303406 
777 0.528241 -1.168378 
778 0.676986 -1.162064 
779 -0.199382 -1.302850 
780 -0.160080 -1.321379 
781 0.533831 -1.241305 
782 0.102505 -1.260400 
783 -0.495215 -1.433596 
784 -0.021010 -1.287518 
785 -0.130684 -1.329090 
786 0.616899 -1.147299 
787 0.571119 -1.174572 
788 0.734524 -1.166138 
789 1.073520 -1.116682 
790 1.258769 -1.094799 
791 1.270125 -1.093378 
792 0.561595 -1.175766 
793 0.599889 -1.175243 
794 0.736805 -1.187521 
795 0.746843 -1.116043 
796 0.380238 -1.196294 
797 0.381734 -1.222031 
798 0.712802 -1.153275 
799 0.732551 -1.144470 
800 0.626891 -1.189468 
801 0.056394 -1.247440 
802 0.440746 -1.232838 
803 0.149697 -1.246536 
804 0.751485 -1.144805 
805 0.905896 -1.130738 
806 1.568373 -1.151733 
807 0.452685 -1.190367 
808 0.612629 -1.137319 
809 0.799981 -1.155327 
810 1.292817 -1.120372 
811 1.225607 -1.107585 
812 0.932691 -1.127158 
813 1.305305 -1.103887 
814 0.406720 -1.233498 
815 0.042091 -1.263947 
816 0.324196 -1.204682 
817 1.071082 -1.142688 
818 0.609367 -1.172962 
819 1.005059 -1.124892 
820 0.048759 -1.285547 
821 0.884935 -1.120469 
822 0.240186 -1.226925 
823 0.866668 -1.090514 
824 0.101798 -1.282905 
825 1.009994 -1.119327 
826 0.355358 -1.179157 
827 -0.293755 -1.382445 
828 0.132071 -1.265846 
829 0.781138 -1.141285 
830 0.378575 -1.206914 
831 -0.097922 -1.265444 
832 0.778525 -1.127246 
833 -0.091844 -1.270649 
834 0.311090 -1.225082 
835 0.218077 -1.147464 
836 0.044290 -1.276926 
837 0.711053 -1.174207 
838 0.105582 -1.233800 
839 0.138032 -1.234427 
840 -0.054438 -1.313136 
841 0.415400 -1.205272 
842 0.457131 -1.149668 
843 -0.105126 -1.300119 
844 0.162763 -1.228696 
845 1.282849 -1.125586 
846 1.211240 -1.136544 
847 0.703309 -1.145593 
848 0.648329 -1.160174 
849 0.779336 -1.138762 
850 -0.126380 -1.338296 
851 0.056680 -1.265325 
852 -0.176869 -1.318129 
853 0.005904 -1.290549 
854 0.266906 -1.250251 
855 0.291175 -1.241628 
856 0.990578 -1.130902 
857 0.481801 -1.209756 
858 0.449935 -1.177528 
859 0.927882 -1.123622 
860 0.398311 -1.219865 
861 0.273835 -1.267559 
862 0.797654 -1.142825 
863 0.786105 -1.129569 
864 0.922873 -1.137535 
865 0.841424 -1.088608 
866 0.735674 -1.127949 
867 0.232044 -1.249187 
868 0.567548 -1.167737 
869 0.235439 -1.284597 
870 1.030069 -1.126878 
871 0.781550 -1.138165 
872 1.049792 -1.141952 
873 0.482844 -1.185570 
874 1.240184 -1.095462 
875 0.649571 -1.143774 
876 0.401474 -1.173477 
877 0.927063 -1.119632 
878 0.597627 -1.188505 
879 0.912774 -1.102582 
880 0.398853 -1.219293 
881 0.709141 -1.137028 
882 0.690407 -1.129613 
883 0.969181 -1.157907 
884 0.290370 -1.226761 
885 -0.352829 -1.403644 
886 0.631863 -1.167230 
887 0.543043 -1.164901 
888 0.369253 -1.207656 
889 -0.053964 -1.319636 
890 0.318794 -1.228745 
891 0.587013 -1.181093 
892 0.199277 -1.245168 
893 -0.197778 -1.355294 
894 -0.089668 -1.292289 
895 0.113972 -1.273768 
896 -0.079140 -1.330619 
897 0.736655 -1.152030 
898 0.277010 -1.231927 
899 0.497580 -1.185321 
900 0.786154 -1.126744 
901 0.817105 -1.131086 
902 0.823845 -1.129848 
903 0.536479 -1.168097 
904 0.489021 -1.183193 
905 0.390688 -1.204145 
906 -0.071894 -1.310070 
907 -0.056242 -1.288922 
908 0.072220 -1.256052 
909 0.292848 -1.216273 
910 -0.072234 -1.312071 
911 -0.215820 -1.338913 
912 -0.131229 -1.311116 
913 0.234981 -1.216125 
914 0.503391 -1.165516 
915 -0.025120 -1.239880 
916 0.295961 -1.193873 
917 0.742437 -1.120690 
918 0.388354 -1.180232 
919 0.374107 -1.207204 
920 0.533121 -1.171014 
921 -0.050583 -1.277751 
922 0.176908 -1.205654 
923 0.653597 -1.099761 
924 0.326890 -1.221460 
925 0.104794 -1.236204 
926 0.173873 -1.240376 
927 0.118282 -1.272566 
928 0.100596 -1.266273 
929 0.042734 -1.285689 
930 0.039947 -1.263858 
931 0.151715 -1.209484 
932 -0.103627 -1.293200 
933 -0.162032 -1.309663 
934 -0.232735 -1.330684 
935 -0.335150 -1.365154 
936 0.536470 -1.129143 
937 0.247430 -1.230070 
938 -0.306809 -1.366950 
939 0.334517 -1.190847 
940 0.263217 -1.229248 
941 -0.054191 -1.271767 
942 -0.622946 -1.516885 
943 -0.646589 -1.519301 
944 0.034148 -1.257011 
945 0.139712 -1.263182 
946 0.182252 -1.216217 
947 0.265287 -1.199512 
948 0.057370 -1.256705 
949 0.176206 -1.219969 
950 0.154770 -1.234740 
951 0.151820 -1.215251 
952 -0.096528 -1.311118 
953 0.089134 -1.236016 
954 0.762365 -1.094091 
955 0.748477 -1.123274 
956 0.830851 -1.135037 
957 0.692130 -1.137201 
958 0.896915 -1.109614 
959 0.858274 -1.120527 
960 0.379744 -1.184823 
961 0.404516 -1.183745 
962 0.031171 -1.279176 
963 0.268450 -1.219762 
964 0.468221 -1.158461 
965 0.581203 -1.161550 
966 0.480542 -1.185750 
967 0.585146 -1.169536 
968 0.043824 -1.281155 
969 0.218170 -1.242471 
970 0.371242 -1.213378 
971 0.343711 -1.198308 
972 0.572863 -1.155189 
973 0.059455 -1.260518 
974 0.191283 -1.195966 
975 0.539769 -1.175338 
976 0.870533 -1.131224 
977 0.187699 -1.223496 
978 -0.100396 -1.308690 
979 0.782691 -1.129764 
980 -0.220991 -1.380651 
981 0.881719 -1.121664 
982 0.317099 -1.201392 
983 0.305964 -1.207779 
984 0.114095 -1.243564 
985 -0.141947 -1.335674 
986 0.140894 -1.258872 
987 0.970139 -1.141037 
988 -0.124148 -1.323542 
989 0.378390 -1.234352 
990 0.016148 -1.271537 
991 -0.012288 -1.314726 
992 0.222404 -1.254303 
993 0.021487 -1.282868 
994 0.622971 -1.165171 
995 0.501033 -1.200713 
996 0.041669 -1.298845 
997 0.454225 -1.191268 
998 0.289301 -1.196182 
999 0.285628 -1.238011 
1000 -0.005024 -1.331764 
1001 0.019268 -1.300644 
1002 0.050070 -1.270226 
1003 0.449267 -1.194603 
1004 0.639821 -1.145259 
1005 0.129878 -1.272217 
1006 0.307213 -1.212401 
1007 0.290253 -1.239146 
1008 -0.058680 -1.315976 
1009 -0.155410 -1.328801 
1010 -0.083940 -1.295399 
1011 0.481024 -1.167483 
1012 0.742317 -1.168073 
1013 0.254227 -1.191619 
1014 0.555209 -1.197402 
1015 0.038418 -1.289927 
1016 -0.010260 -1.300779 
1017 0.405627 -1.189399 
1018 0.859081 -1.095368 
1019 0.727400 -1.153940 
1020 0.388393 -1.186943 
1021 0.241348 -1.265716 
1022 0.540429 -1.169303 
1023 0.718060 -1.172169 
1024 0.411067 -1.221826 
1025 -0.083665 -1.340899 
1026 0.313113 -1.252719 
1027 0.346347 -1.230846 
1028 0.515509 -1.192831 
1029 0.742132 -1.160881 
1030 -0.100624 -1.297637 
1031 0.002383 -1.282134 
1032 0.554880 -1.148257 
1033 0.745896 -1.129224 
1034 0.603742 -1.157714 
1035 0.479222 -1.192151 
1036 0.956755 -1.150692 
1037 0.160465 -1.240025 
1038 1.000519 -1.119597 
1039 0.406928 -1.189574 
1040 1.149404 -1.097873 
1041 0.738252 -1.165707 
1042 0.396445 -1.163208 
1043 1.006147 -1.102040 
1044 1.002343 -1.120895 
1045 1.015846 -1.126605 
1046 1.160821 -1.107743 
1047 0.855570 -1.117662 
1048 0.846408 -1.078427 
1049 0.802957 -1.187598 
1050 0.581196 -1.132391 
1051 0.626255 -1.157736 
1052 0.929725 -1.118543 
1053 0.459026 -1.132161 
1054 1.303667 -1.072839 
1055 0.521995 -1.141831 
1056 1.229345 -1.097206 
1057 -0.020174 -1.280192 
1058 1.519263 -1.139241 
1059 0.175977 -1.239922 
1060 0.205234 -1.226631 
1061 1.257776 -1.108975 
1062 1.230803 -1.046989 
1063 0.280806 -1.193351 
1064 0.788687 -1.160389 
1065 0.831872 -1.140837 
1066 1.524350 -1.098825 
1067 1.204421 -1.124083 
1068 1.033967 -1.148426 
1069 0.589174 -1.159667 
1070 1.032910 -1.153405 
1071 0.801109 -1.158994 
1072 0.330824 -1.198759 
1073 0.441261 -1.170368 
1074 0.712791 -1.107110 
1075 0.076842 -1.264985 
1076 -0.138062 -1.328760 
1077 0.990682 -1.109627 
1078 0.546741 -1.138179 
1079 0.663055 -1.147073 
1080 0.942764 -1.128664 
1081 0.741010 -1.108035 
1082 0.669309 -1.140111 
1083 1.032570 -1.107753 
1084 0.511237 -1.166225 
1085 0.040923 -1.246291 
1086 -0.884301 -1.658523 
1087 0.247871 -1.256300 
1088 0.559760 -1.159564 
1089 0.359198 -1.207071 
1090 0.285336 -1.220799 
1091 -0.224607 -1.367479 
1092 0.446737 -1.171586 
1093 0.968610 -1.080662 
1094 0.102475 -1.261395 
1095 0.801264 -1.120388 
1096 0.675057 -1.167995 
1097 -0.167312 -1.324257 
1098 0.541597 -1.190525 
1099 0.131762 -1.245719 
1100 0.025070 -1.278392 
1101 -0.086360 -1.297714 
1102 -0.174505 -1.307688 
1103 0.758162 -1.109123 
1104 1.027314 -1.089842 
1105 0.718401 -1.114107 
1106 -0.192861 -1.287652 
1107 0.782180 -1.137912 
1108 0.295837 -1.213648 
1109 0.806107 -1.111221 
1110 0.868572 -1.123455 
1111 0.407687 -1.205472 
1112 0.653332 -1.170193 
1113 0.344203 -1.205655 
1114 0.386527 -1.160835 
1115 0.325470 -1.191701 
1116 0.781826 -1.104661 
1117 0.287462 -1.209142 
1118 0.738194 -1.162201 
1119 0.250880 -1.264044 
1120 -0.130983 -1.314692 
1121 0.592679 -1.159206 
1122 0.622726 -1.147516 
1123 0.080814 -1.262215 
1124 -0.055000 -1.292551 
1125 0.490320 -1.176680 
1126 0.112763 -1.245555 
1127 0.610846 -1.170573 
1128 0.480372 -1.192202 
1129 0.070404 -1.259050 
1130 0.113187 -1.238169 
1131 0.114987 -1.259659 
1132 0.596500 -1.127244 
1133 0.489022 -1.188021 
1134 0.204055 -1.239246 
1135 0.278036 -1.214909 
1136 0.198605 -1.214193 
1137 0.000648 -1.293498 
1138 0.417911 -1.182479 
1139 0.208861 -1.255288 
1140 0.071838 -1.306816 
1141 0.126740 -1.289758 
1142 0.189917 -1.254430 
1143 0.131714 -1.249366 
1144 -0.289122 -1.359026 
1145 -0.150686 -1.332665 
1146 0.210672 -1.243785 
1147 0.236573 -1.215775 
1148 0.040639 -1.263071 
1149 0.156641 -1.243569 
1150 -0.027269 -1.293089 
1151 -0.157968 -1.305071 
1152 -0.136804 -1.330005 
1153 0.108148 -1.250703 
1154 0.425342 -1.173598 
1155 0.551791 -1.170968 
1156 0.410382 -1.199194 
1157 0.235419 -1.209016 
1158 0.098075 -1.228453 
1159 0.013628 -1.277134 
1160 -0.189540 -1.377797 
1161 -0.258937 -1.425605 
1162 -0.163961 -1.375983 
1163 0.464998 -1.141159 
1164 0.337320 -1.176316 
1165 0.751323 -1.084580 
1166 0.593078 -1.113611 
1167 0.122523 -1.244841 
1168 0.235865 -1.214556 
1169 0.637929 -1.122729 
1170 0.936503 -1.075942 
1171 1.018145 -1.057249 
1172 1.081703 -1.035221 
1173 0.086866 -1.241926 
1174 0.158617 -1.237471 
1175 0.061479 -1.275694 
1176 0.264584 -1.192918 
1177 -0.163884 -1.319852 
1178 1.004389 -1.143179 
1179 0.708133 -1.122523 
1180 -0.060920 -1.265269 
1181 -0.075470 -1.255202 
1182 0.050448 -1.255322 
1183 0.591521 -1.160980 
1184 -0.074639 -1.282813 
1185 0.333453 -1.207130 
1186 -0.114120 -1.328402 
1187 0.891418 -1.083304 
1188 -0.105540 -1.312877 
1189 0.021376 -1.284063 
1190 0.304351 -1.197321 
1191 0.521981 -1.149623 
1192 0.212012 -1.211660 
1193 0.050646 -1.259466 
1194 -0.355775 -1.443339 
1195 -0.053341 -1.309882 
1196 -0.165809 -1.314229 
1197 1.032716 -1.095763 
1198 0.847040 -1.133556 
1199 0.584757 -1.184874 
1200 0.655199 -1.128014 
1201 -0.056008 -1.317468 
1202 1.117130 -1.125815 
1203 -0.013748 -1.292567 
1204 -0.399390 -1.381799 
1205 0.926463 -1.133809 
1206 0.710883 -1.117601 
1207 -0.232485 -1.343362 
1208 0.527100 -1.122574 
1209 -0.115367 -1.318663 
1210 0.836875 -1.139597 
1211 0.547388 -1.178097 
1212 -0.002469 -1.341565 
1213 0.187755 -1.219398 
1214 0.190829 -1.237123 
1215 0.023848 -1.295549 
1216 -0.353184 -1.408519 
1217 0.731679 -1.177136 
1218 0.789990 -1.124059 
1219 0.194155 -1.247798 
1220 0.802545 -1.107369 
1221 0.990380 -1.079259 
1222 1.307309 -1.057923 
1223 0.079660 -1.229883 
1224 0.015664 -1.260300 
1225 0.891337 -1.098194 
1226 0.125967 -1.264423 
1227 0.034802 -1.272897 
1228 -0.060085 -1.261305 
1229 0.356783 -1.198807 
1230 0.811374 -1.072480 
1231 0.859176 -1.146066 
1232 0.350232 -1.223847 
1233 0.892830 -1.119636 
1234 0.438673 -1.172876 
1235 0.205905 -1.267676 
1236 0.066711 -1.260974 
1237 0.007891 -1.276173 
1238 0.079018 -1.293087 
1239 0.940256 -1.078895 
1240 0.624379 -1.165120 
1241 0.811899 -1.096266 
1242 -0.793794 -1.620308 
1243 0.458422 -1.197874 
1247 -0.414893 -1.415728 
1248 0.830254 -1.156470 
1249 1.137882 -1.105099 
1250 0.115833 -1.286171 
1251 0.360311 -1.182318 
1252 -0.220150 -1.359974 
1253 -0.114332 -1.332356 
1254 -0.466514 -1.410913 
1255 -0.100781 -1.285151 
1256 -0.273815 -1.320072 
1257 -0.202928 -1.317326 
1258 0.267889 -1.167822 
1259 -0.295490 -1.362516 
1260 0.152958 -1.226087 
1261 0.704389 -1.131171 
1262 -0.238073 -1.341963 
1263 0.004401 -1.258998 
1264 0.385037 -1.155681 
1265 -0.115132 -1.293098 
1266 0.592156 -1.159536 
1267 -0.091767 -1.349175 
1268 -0.008970 -1.298301 
1269 0.363018 -1.208968 
1270 0.672205 -1.145887 
1271 0.088938 -1.264565 
1272 -0.020343 -1.300229 
1273 0.066406 -1.255232 
1274 -0.028240 -1.325913 
1275 0.384613 -1.220930 
1276 0.072437 -1.254579 
1277 0.148813 -1.221176 
1278 0.626602 -1.131312 
1279 0.625744 -1.145108 
1280 0.084790 -1.221986 
1281 0.739949 -1.115184 
1282 0.646896 -1.123560 
1283 0.350567 -1.181701 
1284 0.005829 -1.258794 
1285 0.131863 -1.243053 
1286 1.009037 -1.113004 
1287 0.940884 -1.130474 
1288 0.525203 -1.146239 
1289 0.648800 -1.100062 
1290 0.115305 -1.240520 
1291 0.700682 -1.150540 
1292 0.452223 -1.165538 
1293 0.235923 -1.217524 
1294 0.223833 -1.215625 
1295 0.137096 -1.256166 
1296 0.356764 -1.174091 
1297 0.369880 -1.166352 
1298 0.838545 -1.144246 
1299 0.177383 -1.222262 
1300 0.572028 -1.158634 
1301 0.468547 -1.153171 
1302 0.868620 -1.126843 
1303 0.668223 -1.157233 
1304 0.486541 -1.181315 
1305 0.453347 -1.167196 
1306 0.460015 -1.159581 
1307 0.622375 -1.155039 
1308 0.538123 -1.163336 
1309 -0.003429 -1.256342 
1310 -0.182896 -1.334209 
1311 0.682181 -1.143618 
1312 0.165742 -1.221789 
1313 0.439401 -1.197084 
1314 0.623186 -1.169304 
1315 0.305608 -1.222497 
1316 -0.096681 -1.314154 
1317 -0.015085 -1.298080 
1318 0.085653 -1.268646 
1319 0.409345 -1.200748 
1320 0.461834 -1.191450 
1321 0.400926 -1.215730 
1322 0.513358 -1.196911 
1323 -0.066958 -1.341695 
1324 0.187806 -1.271580 
1325 0.132478 -1.283381 
1326 0.109088 -1.245332 
1327 0.746917 -1.143776 
1328 0.735381 -1.177120 
1329 0.896734 -1.127124 
1330 0.744461 -1.158048 
1331 0.921732 -1.122614 
1332 0.883726 -1.138668 
1333 1.100454 -1.087215 
1334 0.618290 -1.139875 
1335 0.751635 -1.166489 
1336 0.823599 -1.138989 
1337 0.815696 -1.136841 
1338 0.563359 -1.167991 
1339 -0.028989 -1.333055 
1340 0.286498 -1.223407 
1341 1.195998 -1.127172 
1342 0.385519 -1.237717 
1343 0.368362 -1.200959 
1344 0.550024 -1.179390 
1345 0.127999 -1.243988 
1346 1.114443 -1.134675 
1347 1.062502 -1.147924 
1348 0.124710 -1.261045 
1349 0.495763 -1.163183 
1350 0.767135 -1.147234 
1351 -0.006568 -1.247399 
1352 0.478707 -1.185025 
1353 0.590074 -1.142210 
1354 -0.220969 -1.382417 
1355 -0.048112 -1.267049 
1356 -0.011035 -1.290344 
1357 0.609515 -1.117621 
1358 0.261933 -1.186186 
1359 0.651555 -1.138536 
1360 0.309105 -1.203044 
1361 0.673091 -1.171313 
1362 0.818398 -1.097788 
1363 0.725316 -1.108330 
1364 0.794989 -1.110007 
1365 0.986520 -1.122156 
1366 0.229621 -1.209536 
1367 0.726265 -1.144804 
1368 0.417758 -1.167908 
1369 0.321320 -1.207196 
1370 0.587864 -1.175724 
1371 0.731341 -1.128204 
1372 0.309358 -1.195852 
1373 0.841704 -1.134231 
1374 0.253830 -1.187522 
1375 0.282895 -1.168054 
1376 0.126716 -1.255769 
1377 1.054234 -1.088210 
1378 -0.229872 -1.314037 
1379 0.086308 -1.208682 
1380 1.084491 -1.125243 
1381 0.467381 -1.199635 
1382 1.068589 -1.094425 
1383 1.170800 -1.085708 
1384 1.032908 -1.142839 
1385 0.696938 -1.152154 
1386 0.458206 -1.189687 
1387 0.989793 -1.103955 
1388 0.127880 -1.249535 
1389 0.546333 -1.160235 
1390 0.367005 -1.198216 
1391 -0.098024 -1.298171 
1392 0.023771 -1.276532 
1393 0.467151 -1.174910 
1394 0.747504 -1.132593 
1395 0.662029 -1.145451 
1396 0.685016 -1.162699 
1397 0.957148 -1.113432 
1398 0.918607 -1.118318 
1399 0.419824 -1.167296 
1400 -0.070453 -1.313144 
1401 -0.028854 -1.263463 
1402 0.365882 -1.203300 
1403 0.148071 -1.232915 
1404 0.437999 -1.153889 
1405 0.238107 -1.220384 
1406 0.654878 -1.178579 
1407 0.060740 -1.301654 
1408 0.863835 -1.160586 
1409 0.685791 -1.122553 
1410 0.359291 -1.181151 
1411 -0.079846 -1.317610 
1412 0.927362 -1.094591 
1413 0.803428 -1.195502 
1414 0.389195 -1.173630 
1415 0.780835 -1.176833 
1416 0.524256 -1.199966 
1417 0.420028 -1.227638 
1418 0.460219 -1.170884 
1419 0.676156 -1.151968 
1420 0.626804 -1.157824 
1421 -0.045667 -1.324676 
1422 -0.116889 -1.344826 
1423 -0.153582 -1.362269 
1424 -0.189040 -1.406190 
1425 -0.285501 -1.378224 
1426 -0.420438 -1.460020 
1427 0.022700 -1.286407 
1428 0.089521 -1.250883 
1429 0.238090 -1.235000 
1430 0.397109 -1.163335 
1431 0.129960 -1.234754 
1432 0.057960 -1.245292 
1433 0.060374 -1.282376 
1434 -0.246952 -1.332841 
1435 -0.096619 -1.337310 
1436 -0.207627 -1.359939 
1437 -0.482715 -1.448287 
1438 -0.005388 -1.309128 
1439 0.597241 -1.166098 
1440 0.422673 -1.201766 
1441 0.655150 -1.143434 
1442 0.225714 -1.249398 
1443 0.624573 -1.138014 
1444 0.158886 -1.259475 
1445 0.317865 -1.209174 
1446 0.202935 -1.208532 
1447 0.681871 -1.129725 
1448 0.590342 -1.151002 
1449 0.600183 -1.156354 
1450 0.087398 -1.249212 
1451 0.413573 -1.170137 
1452 0.136012 -1.220448 
1453 0.359545 -1.220675 
1454 0.916022 -1.139258 
1455 0.524673 -1.157994 
1456 1.086073 -1.086367 
1457 1.137133 -1.095023 
1458 0.483185 -1.163703 
1459 0.319903 -1.176863 
1460 0.567808 -1.197266 
1461 0.111736 -1.240700 
1462 0.551252 -1.181021 
1463 0.424584 -1.169072 
1464 0.864269 -1.104922 
1465 0.568840 -1.162704 
1466 0.283122 -1.208100 
1467 0.063881 -1.260856 
1468 0.384425 -1.214587 
1469 1.052805 -1.127044 
1470 0.644808 -1.141380 
1471 0.728234 -1.106616 
1472 0.328571 -1.221081 
1473 1.013671 -1.103450 
1474 0.757281 -1.121913 
1475 0.494656 -1.161246 
1476 0.318087 -1.201707 
1477 0.429222 -1.156178 
1478 0.458528 -1.172238 
1479 0.747621 -1.155772 
1480 0.325604 -1.197008 
1481 0.507960 -1.175724 
1482 0.931275 -1.100319 
1483 0.879554 -1.136982 
1484 0.742889 -1.108574 
1485 0.937522 -1.121222 
1486 0.617024 -1.142009 
1487 0.049359 -1.256774 
1488 0.047190 -1.277395 
1489 0.420023 -1.187182 
1490 0.664315 -1.133886 
1491 -0.252870 -1.299118 
1492 -0.528336 -1.444244 
1493 -0.246423 -1.352133 
1494 -0.257753 -1.331186 
1495 -0.089053 -1.304630 
1496 0.319817 -1.162889 
1497 0.182940 -1.216521 
1498 0.152923 -1.228711 
1499 0.041797 -1.234819 
1500 0.046502 -1.231553 
1501 -0.104275 -1.307674 
1502 -0.171871 -1.314768 
1503 0.417264 -1.187534 
1504 0.034661 -1.287229 
1505 -0.536084 -1.469678 
1506 0.048060 -1.296920 
1507 0.913605 -1.145913 
1508 0.596954 -1.150304 
1509 0.146156 -1.257240 
1510 -0.221780 -1.329097 
1511 -0.179249 -1.343194 
1512 -0.321446 -1.374924 
1513 -0.262876 -1.347597 
1514 -0.288673 -1.359684 
1515 -0.203245 -1.331775 
1516 -0.007247 -1.267613 
1517 0.363315 -1.188484 
1518 -0.030463 -1.298528 
1519 -0.115311 -1.342004 
1520 -0.201450 -1.344043 
1521 0.541572 -1.136216 
1522 0.800413 -1.107516 
1523 0.983752 -1.119359 
1524 0.526671 -1.203274 
1525 0.202826 -1.217074 
1526 0.496883 -1.189279 
1527 0.876177 -1.080659 
1528 0.816754 -1.118061 
1529 0.218500 -1.180582 
1530 0.408665 -1.191255 
1531 0.674198 -1.129441 
1532 1.009421 -1.074799 
1533 0.242739 -1.232740 
1534 0.062903 -1.267349 
1535 0.402170 -1.187784 
1536 0.169944 -1.221493 
1537 0.864534 -1.078263 
1538 1.163230 -1.092418 
1539 -0.378857 -1.382563 
1540 -0.046155 -1.254425 
1541 0.300749 -1.200224 
1542 0.971877 -1.061603 
1543 0.731562 -1.119424 
1544 -0.026244 -1.286914 
1545 0.803491 -1.149207 
1546 1.008986 -1.114262 
1547 0.421679 -1.202677 
1548 0.532153 -1.141827 
1549 0.348404 -1.163446 
1550 0.302810 -1.195688 
1551 0.647632 -1.155053 
1552 -0.206544 -1.359099 
1553 0.328879 -1.189090 
1554 0.673490 -1.098110 
1555 -0.064901 -1.273731 
1556 0.015299 -1.266308 
1557 0.087047 -1.273482 
1558 0.950999 -1.095571 
1559 0.556888 -1.180775 
1560 0.733777 -1.149920 
1561 0.050678 -1.215843 
1562 -0.053841 -1.291952 
1563 -0.261379 -1.361350 
1564 0.031136 -1.249854 
1565 0.300598 -1.219988 
1566 -0.121608 -1.323383 
1567 0.555415 -1.169780 
1568 0.274950 -1.221554 
1569 -0.180192 -1.367187 
1570 0.057555 -1.259881 
1571 0.337097 -1.195313 
1572 0.651898 -1.148811 
1573 -0.064324 -1.314391 
1574 0.024093 -1.278074 
1575 0.153088 -1.242309 
1576 0.012333 -1.280599 
1577 0.021592 -1.286338 
1578 0.026663 -1.254104 
1579 0.088907 -1.282975 
1580 0.203977 -1.243243 
1581 0.311118 -1.215123 
1582 -0.150017 -1.339888 
1583 0.000107 -1.287474 
1584 -0.004957 -1.242954 
1585 0.002823 -1.298868 
1586 0.289869 -1.217235 
1587 0.166532 -1.224403 
1588 0.064485 -1.267387 
1589 0.256984 -1.187179 
1590 0.412908 -1.193384 
1591 0.049078 -1.273330 
1592 -0.161940 -1.319553 
1593 0.666025 -1.145697 
1594 -0.110504 -1.331583 
1595 0.091248 -1.270740 
1596 0.535919 -1.176760 
1597 0.075367 -1.320013 
1598 0.085527 -1.292746 
1599 0.526107 -1.148188 
1600 0.076443 -1.250028 
1601 0.052549 -1.246351 
1602 0.872984 -1.139608 
1603 0.642627 -1.146580 
1604 0.097334 -1.247915 
1605 0.120310 -1.212918 
1606 -0.045172 -1.287255 
1607 0.245539 -1.201656 
1608 0.009069 -1.256074 
1609 0.315252 -1.203488 
1610 0.779368 -1.138814 
1611 1.009696 -1.080202 
1612 1.056327 -1.140718 
1613 0.571704 -1.183601 
1614 0.580379 -1.150355 
1615 0.800717 -1.116172 
1616 1.100051 -1.094138 
1617 1.093835 -1.103273 
1618 0.892127 -1.156967 
1619 0.538273 -1.166047 
1620 0.850949 -1.103332 
1621 0.437291 -1.160406 
1622 0.603346 -1.135805 
1623 0.472065 -1.152865 
1624 0.959855 -1.111915 
1625 1.129693 -1.065514 
1626 0.785641 -1.123884 
1627 0.506198 -1.169402 
1628 0.740488 -1.121514 
1629 0.715374 -1.104063 
1630 0.156901 -1.216680 
1631 0.312455 -1.220128 
1632 0.959920 -1.062464 
1633 0.635405 -1.151329 
1634 1.574478 -1.115735 
1635 1.452185 -1.075036 
1636 0.680688 -1.151070 
1637 0.969177 -1.135892 
1638 1.251080 -1.081222 
1639 0.665179 -1.125275 
1640 1.018831 -1.094469 
1641 -0.071832 -1.260434 
1642 -0.030807 -1.248662 
1643 1.391352 -1.077957 
1644 0.950144 -1.153621 
1645 1.359168 -1.125514 
1646 -0.056437 -1.275018 
1647 0.448826 -1.170671 
1648 0.261147 -1.226985 
1649 1.292369 -1.090975 
1650 0.406834 -1.155153 
1651 0.423451 -1.206295 
1652 0.849047 -1.098110 
1653 1.577972 -1.098255 
1654 0.934639 -1.035773 
1655 0.179009 -1.166880 
1656 1.003240 -1.078647 
1657 0.983397 -1.064549 
1658 0.875994 -1.084610 
1659 0.409269 -1.136369 
1660 1.333486 -1.083017 
1661 0.500088 -1.168062 
1662 1.598782 -1.103813 
1663 0.376045 -1.166506 
1664 1.083316 -1.103793 
1665 1.156044 -1.064360 
1666 1.119927 -1.075300 
1667 1.321908 -1.111381 
1668 1.187203 -1.050758 
1669 1.261596 -1.095907 
1670 0.674781 -1.124755 
1671 0.876212 -1.106590 
1672 0.499153 -1.140368 
1673 0.859397 -1.096136 
1674 1.002801 -1.099756 
1675 0.708423 -1.106901 
1676 0.504023 -1.136206 
1677 0.385292 -1.162549 
1678 0.844911 -1.083899 
1679 0.345961 -1.196537 
1680 0.588346 -1.136675 
1681 0.316682 -1.180137 
1682 0.290281 -1.193412 
1683 0.699851 -1.138379 
1684 0.328114 -1.189582 
1685 0.576786 -1.134935 
1686 0.220480 -1.209010 
1687 0.357982 -1.156578 
1688 0.388278 -1.154068 
1689 0.382719 -1.164641 
1690 0.293038 -1.174604 
1691 0.188817 -1.204989 
1692 0.548286 -1.143252 
1693 0.328265 -1.147398 
1694 0.589578 -1.120284 
1695 1.178031 -1.072556 
1696 0.871979 -1.055572 
1697 0.807418 -1.111380 
1698 0.485296 -1.136303 
1699 0.121857 -1.226237 
1700 0.023805 -1.287039 
1701 -0.040367 -1.253982 
1702 0.514511 -1.163783 
1703 0.069157 -1.234180 
1704 0.396274 -1.174931 
1705 0.275834 -1.183858 
1706 0.050348 -1.246830 
1707 0.098867 -1.245744 
1708 0.002887 -1.320152 
1709 0.359451 -1.182787 
1710 0.577697 -1.176391 
1711 0.440999 -1.196880 
1712 0.546661 -1.181170 
1713 -0.063736 -1.315577 
1714 0.858706 -1.123736 
1715 -0.077873 -1.311099 
1716 0.033365 -1.272969 
1717 -0.032927 -1.289602 
1718 0.513372 -1.149262 
1719 -0.279697 -1.356957 
1720 0.200819 -1.240355 
1721 0.378071 -1.195189 
1722 -0.176200 -1.349390 
1723 -0.031593 -1.294587 
1724 -0.404852 -1.444003 
1725 0.090366 -1.237429 
1726 -0.086183 -1.307739 
1727 -0.148874 -1.323891 
1728 -0.151439 -1.312002 
1729 -0.164148 -1.348030 
1730 0.172003 -1.251207 
1731 0.451864 -1.200076 
1732 0.152825 -1.232970 
1733 -0.049802 -1.285350 
1734 -0.296570 -1.372112 
1735 -0.150887 -1.349843 
1736 -0.162565 -1.324195 
1737 -0.038191 -1.309870 
1738 0.064760 -1.278028 
1739 0.075388 -1.254688 
1740 -0.448347 -1.484018 
1741 -0.500907 -1.458164 
1742 -0.391771 -1.381366 
1743 0.003357 -1.273191 
1744 -0.018778 -1.290249 
1745 -0.194552 -1.369814 
1746 -0.356946 -1.404762 
1747 -0.235933 -1.373984 
1748 0.274083 -1.196156 
1749 0.160296 -1.216374 
1750 -0.362559 -1.389132 
1751 0.081183 -1.234781 
1752 -0.100168 -1.303340 
1753 -0.231495 -1.348015 
1754 0.106802 -1.224275 
1755 -0.040112 -1.283727 
1756 0.025987 -1.272997 
1757 0.234633 -1.203660 
1758 0.211683 -1.215045 
1759 0.700870 -1.139956 
1760 0.469089 -1.133243 
1761 0.201021 -1.203390 
1762 0.302247 -1.167543 
1763 0.717226 -1.106900 
1764 0.813065 -1.135586 
1765 0.379422 -1.201346 
1766 0.402363 -1.174290 
1767 0.287767 -1.203120 
1768 0.126619 -1.223231 
1769 0.292645 -1.167049 
1770 0.261690 -1.198533 
1771 0.179332 -1.207434 
1772 0.007740 -1.273178 
1773 -0.249360 -1.346066 
1774 -0.013167 -1.278424 
1775 0.079518 -1.252099 
1776 0.019185 -1.262599 
1777 -0.037149 -1.258029 
1778 0.010131 -1.243459 
1779 0.808258 -1.102696 
1780 0.372267 -1.187026 
1781 0.616734 -1.144848 
1782 0.813517 -1.121365 
1783 1.066152 -1.122194 
1784 0.463557 -1.135799 
1785 0.246720 -1.188864 
1786 0.487663 -1.163341 
1787 0.661277 -1.111162 
1788 0.724491 -1.119268 
1789 0.687458 -1.141829 
1790 0.427049 -1.167741 
1791 1.091342 -1.097183 
1792 0.441560 -1.169095 
1793 0.122346 -1.228744 
1794 1.581050 -1.114369 
1795 1.362996 -1.092371 
1796 0.612881 -1.158337 
1797 1.497797 -1.122494 
1798 0.718833 -1.128290 
1799 0.843196 -1.130868 
1800 0.929207 -1.125420 
1801 0.306673 -1.225189 
1802 -0.350666 -1.376050 
1803 0.655631 -1.124762 
1804 0.225289 -1.156790 
1805 1.057765 -1.059393 
1806 1.298041 -1.071556 
1807 0.803318 -1.078439 
1808 0.378099 -1.157326 
1809 0.604391 -1.143031 
1810 1.041624 -1.075374 
1811 0.642758 -1.123829 
1812 0.670137 -1.165315 
1813 1.331147 -1.102123 
1814 1.397381 -1.058648 
1815 0.612484 -1.131186 
1816 0.256457 -1.195859 
1817 0.838857 -1.095935 
1818 0.295095 -1.187600 
1819 0.899622 -1.114950 
1820 1.040602 -1.095255 
1821 0.488650 -1.156740 
1822 0.150067 -1.246880 
1823 0.293939 -1.177101 
1824 0.302080 -1.208997 
1825 0.535477 -1.193228 
1826 0.176233 -1.190281 
1827 1.200933 -1.096198 
1828 1.103428 -1.070216 
1829 0.969359 -1.079112 
1830 0.167347 -1.178705 
1831 -0.034346 -1.260605 
1832 0.112742 -1.170370 
1833 0.987896 -1.119060 
1834 0.620663 -1.128998 
1835 0.460805 -1.116070 
1836 1.148620 -1.029356 
1837 0.547136 -1.116947 
1838 1.083653 -1.056983 
1839 1.523051 -1.026680 
1840 1.688266 -1.063894 
1841 1.783011 -1.134784 
1842 1.445923 -1.089692 
1843 1.275073 -1.063868 
1844 1.090950 -1.077439 
1845 1.618939 -1.105787 
1846 1.002143 -1.034003 
1847 1.239125 -1.087076 
1848 0.744224 -1.071481 
1849 0.937026 -1.102181 
1850 0.554174 -1.137642 
1851 1.269855 -1.087283 
1852 0.730720 -1.142817 
1853 1.237635 -1.105309 
1854 1.599316 -1.099252 
1855 0.535907 -1.175324 
1856 0.503128 -1.125263 
1857 0.827761 -1.061486 
1858 0.751732 -1.051749 
1859 1.207077 -1.025903 
1860 0.859857 -1.111960 
1861 0.411164 -1.196392 
1862 0.021061 -1.292598 
1863 0.198013 -1.146608 
1864 0.782190 -1.102782 
1865 0.223261 -1.164199 
1866 1.027951 -1.094101 
1867 1.122381 -1.050138 
1868 0.982285 -1.084153 
1869 1.324616 -1.048406 
1870 1.063910 -1.085971 
1871 1.292450 -1.101715 
1872 0.597766 -1.138460 
1873 0.987697 -1.056604 
1874 -0.154903 -1.301540 
1875 0.248416 -1.180310 
1876 0.249747 -1.203323 
1877 1.394545 -1.036086 
1878 0.241311 -1.221613 
1879 1.182541 -1.131232 
1880 0.131784 -1.229490 
1881 0.229796 -1.227012 
1882 0.869625 -1.096033 
1883 0.385175 -1.147234 
1884 0.960333 -1.127392 
1885 1.604136 -1.128109 
1886 1.349491 -1.088162 
1887 1.495519 -1.074546 
1888 0.830522 -1.109639 
1889 1.505665 -1.089028 
1890 1.299488 -1.062250 
1891 0.984556 -1.051844 
1892 0.704725 -1.077554 
1893 0.502599 -1.169382 
1894 1.164291 -1.122921 
1895 1.366587 -1.058261 
1896 1.241447 -1.074949 
1897 1.432430 -1.080164 
1898 1.515608 -1.109037 
1899 1.510089 -1.069985 
1900 0.625282 -1.145410 
1901 0.751462 -1.078598 
1902 0.903129 -1.079940 
1903 1.296706 -1.095932 
1904 1.420155 -1.075707 
1905 1.157473 -1.047423 
1906 1.000768 -1.072648 
