2376 2
61 -0.562433 -1.080768 
62 -0.384468 -0.886072 
63 -0.140163 -1.211229 
64 -0.353789 -1.224850 
65 -0.256021 -1.279254 
66 -0.469574 -1.197769 
67 -0.429080 -1.267762 
68 -0.188771 -1.258821 
69 -0.270870 -1.272100 
70 -0.020858 -1.222373 
71 -0.256623 -1.234647 
72 -0.245981 -1.256817 
73 -0.010116 -1.247280 
74 -0.499756 -1.279034 
75 -0.389836 -1.259872 
76 -0.148597 -1.285175 
77 -0.075373 -1.270903 
78 -0.353642 -1.302022 
79 -0.037654 -1.370237 
80 -0.367806 -1.320743 
81 -0.065837 -1.368996 
82 0.087888 -1.382930 
83 0.181350 -1.422622 
84 0.398993 -1.444763 
85 0.404098 -1.421042 
86 0.431873 -1.507910 
87 0.207594 -1.449612 
88 0.559720 -1.563757 
89 0.409690 -1.507561 
90 0.590533 -1.575746 
91 0.710356 -1.581720 
92 0.664941 -1.582675 
93 0.471216 -1.532178 
94 0.354423 -1.531487 
95 0.715779 -1.599645 
96 0.411529 -1.521944 
97 0.552436 -1.544970 
98 0.569296 -1.570542 
99 0.710730 -1.553895 
100 0.276445 -1.484121 
101 0.143246 -1.439275 
102 0.488149 -1.510480 
103 0.286607 -1.463786 
104 0.408733 -1.468868 
105 0.141146 -1.388015 
106 -0.063187 -1.382835 
107 0.227843 -1.422298 
108 0.384141 -1.486490 
109 -0.022875 -1.438903 
110 0.126320 -1.450130 
111 0.172955 -1.424098 
112 0.130712 -1.466744 
113 0.002823 -1.462791 
114 -0.121362 -1.435127 
115 0.026189 -1.479494 
116 -0.120838 -1.445170 
117 0.016802 -1.465955 
118 0.183650 -1.475823 
119 0.266506 -1.430647 
120 -0.172464 -1.404227 
121 0.243499 -1.374655 
122 -0.005592 -1.385475 
123 0.083684 -1.371079 
124 -0.053666 -1.351766 
125 0.214090 -1.284272 
126 -0.043724 -1.331311 
127 -0.172144 -1.295803 
128 -0.315397 -1.298376 
129 0.230591 -1.378682 
130 -0.380866 -1.248736 
131 -0.018621 -1.312697 
132 -0.133512 -1.239197 
133 -0.202762 -1.103006 
134 0.115227 -1.209911 
135 -0.026546 -1.135509 
136 -0.068121 -1.196303 
137 0.170290 -1.195467 
138 -0.240129 -1.103353 
139 0.071167 -1.179811 
140 0.097227 -1.219009 
141 0.107814 -1.100757 
142 -0.235742 -1.115602 
143 -0.351853 -1.053493 
144 0.011813 -1.046763 
145 0.107786 -1.221671 
146 0.002967 -1.164328 
147 0.029230 -1.190857 
148 0.014641 -1.191165 
149 0.085598 -1.137634 
150 0.119746 -1.172806 
151 -0.287437 -1.068315 
152 -0.180402 -1.124399 
153 -0.170088 -1.177952 
154 -0.063102 -1.140966 
155 -0.035864 -1.167005 
156 0.070587 -1.106249 
157 -0.124332 -1.239655 
158 0.041957 -1.171784 
159 -0.165127 -1.173338 
160 -0.133123 -1.162746 
161 -0.120082 -1.194046 
162 -0.099202 -1.162982 
163 -0.238803 -1.185605 
164 -0.281193 -1.170593 
165 -0.253801 -1.167655 
166 -0.085354 -1.219391 
167 0.058595 -1.194206 
168 -0.416857 -1.186188 
169 -0.143989 -1.196878 
170 -0.089521 -1.181721 
171 0.143515 -1.226462 
172 0.029227 -1.185720 
173 -0.007969 -1.172915 
174 0.095609 -1.209474 
175 0.013982 -1.174329 
176 0.015067 -1.219073 
177 -0.337329 -1.138522 
178 -0.315930 -1.159190 
179 -0.091814 -1.211105 
180 -0.346352 -1.111269 
181 -0.297675 -1.122886 
182 -0.276943 -1.107903 
183 -0.381561 -0.976365 
184 -0.144500 -1.072372 
185 -0.412351 -1.043868 
186 -0.008086 -1.125475 
187 0.075152 -1.134509 
188 -0.288952 -1.131905 
189 -0.320245 -1.144717 
190 -0.203896 -1.145742 
191 0.039049 -1.200970 
192 -0.080150 -1.198316 
193 -0.332884 -1.109810 
194 -0.068148 -1.126576 
195 -0.172898 -1.168339 
196 -0.232187 -1.120380 
197 -0.145221 -1.080386 
198 -0.282042 -1.152884 
199 -0.123990 -1.177197 
200 -0.003511 -1.125667 
201 -0.089070 -1.150038 
202 0.029384 -1.149289 
203 -0.178642 -1.150433 
204 -0.378500 -1.150876 
205 0.022808 -1.181335 
206 -0.234352 -1.203072 
207 -0.388531 -1.144417 
208 -0.184572 -1.203699 
209 -0.361406 -1.143370 
210 -0.236484 -1.236585 
211 -0.271216 -1.235425 
212 -0.008974 -1.221079 
213 -0.433170 -1.204950 
214 -0.446214 -1.150684 
215 -0.412348 -1.191078 
216 -0.212911 -1.200528 
217 -0.488407 -1.187225 
218 -0.276275 -1.156117 
219 -0.262880 -1.205507 
220 -0.170410 -1.180602 
221 -0.518142 -1.184303 
222 -0.422617 -1.185461 
223 -0.452762 -1.220294 
224 -0.591928 -1.205524 
225 -0.695068 -1.233055 
226 -0.538339 -1.244484 
227 -0.791842 -1.233165 
228 -1.214402 -1.286256 
229 -0.792678 -1.240831 
230 -1.128032 -1.291189 
231 -1.155718 -1.273248 
232 -0.980422 -1.263966 
233 -1.462924 -1.328142 
234 -1.379064 -1.332837 
235 -1.130770 -1.279524 
236 -0.832708 -1.229026 
237 -0.880338 -1.287311 
238 -1.015566 -1.289466 
239 -0.205336 -1.151573 
240 -0.317320 -1.148095 
241 -0.189201 -1.157201 
242 -0.176431 -1.218256 
243 -0.057013 -1.236295 
244 0.005295 -1.177752 
245 0.021729 -1.226878 
246 -0.238876 -1.194532 
247 -0.009055 -1.100044 
248 0.156022 -1.148597 
249 -0.178075 -1.105648 
250 0.148015 -1.160869 
251 0.018694 -1.127393 
252 0.048706 -1.087045 
253 0.037048 -1.053280 
254 0.140954 -1.092350 
255 0.151767 -1.113616 
256 0.013626 -1.092252 
257 0.249672 -1.079757 
258 0.130058 -1.134782 
259 0.105826 -1.159003 
260 0.198315 -1.171498 
261 0.152178 -1.148238 
262 0.104177 -1.104648 
263 0.268560 -1.143700 
264 0.241294 -1.144445 
265 0.177531 -1.106826 
266 -0.050825 -1.209734 
267 0.083271 -1.140717 
268 0.073813 -1.159008 
269 -0.162941 -1.128798 
270 -0.008903 -1.123535 
271 0.099214 -1.210980 
272 0.167521 -1.129393 
273 0.052888 -1.223827 
274 0.114268 -1.127460 
275 0.195012 -1.165124 
276 0.156077 -1.204438 
277 0.170499 -1.158655 
278 0.123438 -1.168234 
279 0.114974 -1.126483 
280 -0.175789 -1.120712 
281 0.218255 -1.229326 
282 0.036490 -1.149501 
283 -0.005913 -1.199180 
284 -0.220984 -1.080121 
285 0.107981 -1.146542 
286 0.029032 -1.183891 
287 0.098160 -1.165940 
288 0.066645 -1.130631 
289 -0.199651 -1.070703 
290 0.202176 -1.170298 
291 0.098360 -1.073337 
292 0.150571 -1.203035 
293 0.025368 -1.133430 
294 -0.169075 -1.159712 
295 -0.019497 -1.168044 
296 0.234418 -1.162456 
297 -0.199061 -1.051755 
298 -0.122260 -1.141293 
299 -0.068883 -1.206662 
300 -0.064118 -1.104271 
301 0.121536 -1.142383 
302 -0.044012 -1.243341 
303 -0.068908 -1.175732 
304 0.095927 -1.214858 
305 -0.122008 -1.202052 
306 -0.205832 -1.214664 
307 0.203444 -1.236346 
308 -0.297607 -1.145327 
309 -0.064701 -1.188975 
310 -0.067958 -1.212453 
311 -0.327610 -1.128515 
312 -0.337950 -1.189307 
313 0.047073 -1.262601 
314 -0.011309 -1.212759 
315 -0.206787 -1.194008 
316 -0.131475 -1.213127 
317 -0.016393 -1.191949 
318 0.012109 -1.252006 
319 -0.225364 -1.216889 
320 0.084328 -1.236358 
321 -0.014649 -1.237122 
322 -0.008924 -1.245982 
323 -0.291514 -1.162417 
324 -0.348937 -1.217423 
325 0.028591 -1.167508 
326 -0.044215 -1.111356 
327 -0.331270 -1.215541 
328 -0.279748 -1.248483 
329 -0.307663 -1.300737 
330 -0.181220 -1.238295 
331 0.115706 -1.288836 
332 0.099491 -1.281283 
333 -0.170932 -1.270218 
334 -0.185172 -1.295198 
335 -0.042178 -1.180476 
336 -0.272658 -1.263408 
337 -0.038176 -1.303666 
338 -0.064978 -1.300686 
339 -0.354278 -1.257550 
340 -0.366308 -1.214223 
341 -0.411792 -1.204394 
342 -0.474225 -1.218814 
343 -0.507346 -1.199296 
344 -0.051253 -1.259568 
345 -0.399824 -1.195589 
346 -0.102589 -1.179313 
347 -0.420095 -1.228274 
348 -0.321311 -1.248161 
349 -0.190607 -1.238043 
350 -0.394103 -1.229997 
351 -0.043642 -1.189025 
352 -0.481066 -1.250086 
353 -0.021005 -1.255507 
354 -0.420325 -1.211555 
355 -0.380862 -1.205491 
356 -0.426617 -1.237154 
357 -0.396733 -1.196191 
358 -0.153159 -1.263966 
359 -0.131745 -1.227301 
360 -0.068667 -1.217662 
361 -0.115030 -1.201912 
362 -0.057394 -1.187285 
363 -0.109028 -1.191340 
364 -0.148800 -1.176955 
365 -0.423406 -1.190975 
366 -0.159524 -1.225317 
367 -0.375560 -1.231425 
368 -0.356793 -1.210300 
369 -0.091239 -1.233210 
370 -0.442611 -1.204742 
371 -0.109873 -1.252285 
372 -0.253473 -1.206614 
373 -0.257942 -1.256422 
374 -0.298910 -1.230983 
375 -0.454055 -1.280788 
376 -0.236724 -1.269881 
377 -0.526565 -1.257864 
378 -0.521657 -1.298079 
379 -0.377953 -1.266932 
380 -0.201842 -1.276506 
381 -0.187595 -1.278364 
382 -0.360900 -1.264661 
383 -0.228313 -1.275238 
384 -0.415192 -1.223453 
385 -0.571933 -1.268912 
386 -0.359423 -1.249850 
387 -0.394252 -1.267807 
388 -0.389317 -1.250690 
389 -0.349024 -1.282628 
390 -0.348794 -1.246884 
391 -0.467439 -1.270924 
392 -0.307778 -1.248498 
393 -0.371886 -1.223496 
394 -0.336345 -1.267660 
395 -0.373033 -1.246684 
396 -0.437634 -1.231851 
397 -0.468693 -1.215714 
398 -0.642721 -1.209189 
399 -0.374782 -1.237915 
400 -0.427951 -1.207241 
401 -0.162562 -1.283601 
402 -0.057743 -1.253682 
403 -0.146582 -1.234477 
404 0.032720 -1.288102 
405 0.009978 -1.264250 
406 0.164763 -1.277818 
407 -0.098757 -1.257789 
408 0.230072 -1.305574 
409 -0.147287 -1.250857 
410 -0.057226 -1.256996 
411 -0.040006 -1.282456 
412 0.118140 -1.302029 
413 -0.095792 -1.276058 
414 0.085392 -1.278341 
415 0.257034 -1.311275 
416 -0.200557 -1.252126 
417 0.101871 -1.288726 
418 -0.085204 -1.258220 
419 -0.029094 -1.260944 
420 -0.097014 -1.256127 
421 0.109781 -1.243472 
422 -0.201878 -1.270521 
423 -0.077809 -1.251251 
424 0.049027 -1.263801 
425 0.047108 -1.289140 
426 0.247576 -1.287323 
427 -0.087416 -1.253504 
428 0.260652 -1.304627 
429 -0.142077 -1.275094 
430 0.204309 -1.259478 
431 0.092751 -1.286621 
432 -0.012489 -1.268948 
433 0.200116 -1.297675 
434 -0.242509 -1.256633 
435 -0.104045 -1.291174 
436 0.030171 -1.290149 
437 0.091063 -1.300825 
438 -0.042504 -1.335813 
439 0.012920 -1.273183 
440 0.130379 -1.319165 
441 0.169425 -1.298913 
442 0.025187 -1.309946 
443 -0.245404 -1.271287 
444 0.042085 -1.297361 
445 -0.295710 -1.252136 
446 -0.370247 -1.272065 
447 -0.102653 -1.282779 
448 -0.430195 -1.214133 
449 -0.406643 -1.261652 
450 0.001888 -1.283749 
451 -0.191132 -1.292269 
452 -0.311507 -1.286840 
453 -0.367961 -1.249526 
454 -0.671019 -1.266095 
455 -0.363514 -1.288175 
456 -0.346368 -1.283260 
457 -0.612131 -1.250843 
458 -0.337530 -1.276040 
459 -0.350483 -1.203178 
460 -0.490624 -1.178100 
461 -0.361116 -1.237516 
462 -0.250538 -1.256158 
463 -0.207595 -1.218317 
464 -0.281469 -1.262088 
465 -0.358902 -1.200139 
466 -0.581012 -1.217987 
467 -0.283483 -1.195943 
468 -0.593033 -1.206881 
469 -0.440441 -1.200226 
470 -0.597494 -1.214797 
471 -0.841662 -1.210819 
472 -0.946139 -1.240938 
473 -0.706983 -1.211348 
474 -0.659860 -1.280879 
475 -0.885190 -1.209325 
476 -0.956650 -1.274409 
477 -0.807677 -1.281670 
478 -0.776722 -1.285498 
479 -0.366471 -1.235825 
480 -0.562841 -1.292193 
481 -0.655795 -1.271971 
482 -0.482851 -1.307477 
483 -0.601632 -1.309854 
484 -0.426164 -1.286815 
485 -0.413910 -1.310386 
486 -0.513264 -1.228643 
487 -0.413912 -1.267106 
488 -0.142980 -1.267893 
489 -0.114298 -1.271434 
490 -0.205107 -1.211145 
491 -0.164512 -1.228074 
492 -0.326476 -1.248729 
493 -0.428046 -1.194841 
494 -0.033691 -1.215489 
495 -0.173774 -1.175615 
496 -0.474978 -1.188893 
497 -0.019114 -1.274237 
498 -0.394420 -1.228361 
499 -0.267658 -1.158828 
500 -0.190301 -1.271311 
501 -0.161955 -1.210402 
502 -0.071296 -1.202642 
503 -0.127686 -1.232755 
504 -0.146594 -1.300258 
505 -0.407778 -1.235164 
506 -0.297489 -1.274216 
507 -0.003694 -1.255750 
508 -0.336532 -1.199684 
509 -0.182322 -1.312264 
510 -0.085956 -1.237146 
511 -0.072161 -1.171310 
512 -0.290364 -1.249343 
513 -0.112458 -1.244991 
514 0.063664 -1.256819 
515 -0.214598 -1.218639 
516 0.007046 -1.293743 
517 0.067203 -1.269118 
518 -0.258349 -1.258634 
519 -0.282488 -1.286682 
520 -0.198758 -1.233326 
521 -0.033822 -1.220220 
522 -0.058248 -1.225792 
523 -0.345169 -1.255180 
524 -0.101451 -1.253376 
525 -0.155786 -1.237521 
526 -0.294497 -1.262160 
527 -0.423910 -1.198565 
528 -0.272471 -1.272860 
529 -0.482341 -1.242224 
530 -0.455967 -1.240702 
531 -0.492937 -1.205516 
532 -0.200396 -1.256350 
533 -0.502830 -1.244427 
534 -0.423941 -1.209730 
535 -0.147217 -1.268757 
536 -0.253809 -1.199568 
537 -0.436373 -1.224428 
538 -0.206143 -1.251780 
539 -0.429931 -1.230176 
540 0.023080 -1.233442 
541 -0.442226 -1.099267 
542 0.010528 -1.098773 
543 -0.375078 -1.165403 
544 -0.304876 -1.072628 
545 -0.128377 -1.104663 
546 -0.015324 -1.151791 
547 0.124243 -1.158085 
548 -0.252405 -1.114795 
549 -0.095347 -1.128796 
550 -0.030323 -1.183873 
551 -0.103021 -1.101366 
552 0.001411 -1.218661 
553 -0.031103 -1.174174 
554 -0.043261 -1.145253 
555 -0.043356 -1.090665 
556 -1.247406 -1.273811 
557 0.090771 -1.295429 
558 -0.291352 -1.189104 
559 -0.075529 -1.233981 
560 0.018421 -1.252128 
561 -0.126006 -1.206456 
562 -0.166195 -1.174608 
563 -0.359038 -1.146934 
564 -0.367201 -1.173179 
565 0.051839 -1.265901 
566 -0.359371 -1.114401 
567 -0.065978 -1.207306 
568 -0.353753 -1.144387 
569 -0.451167 -1.179676 
570 -0.035659 -1.210281 
571 -0.465604 -1.175635 
572 0.081061 -1.243220 
573 -0.134079 -1.224141 
574 -0.237918 -1.182568 
575 0.071611 -1.246846 
576 -0.463159 -1.218699 
577 -0.157989 -1.159929 
578 -0.084167 -1.187958 
579 -0.228984 -1.116212 
580 -0.394559 -1.150352 
581 -0.338778 -1.185131 
582 -0.206616 -1.227518 
583 -0.169689 -1.273018 
584 -0.606246 -1.312117 
585 -0.320235 -1.327553 
586 -0.069850 -1.318237 
587 -0.310716 -1.351627 
588 -0.403126 -1.355113 
589 -0.422584 -1.359054 
590 -0.279827 -1.329155 
591 -0.600897 -1.328565 
592 -0.503020 -1.348994 
593 -0.482165 -1.346661 
594 -0.161171 -1.346996 
595 -0.100650 -1.327347 
596 -0.484554 -1.317628 
597 -0.488395 -1.266666 
598 -0.497170 -1.234229 
599 -0.280267 -1.304251 
600 -0.524097 -1.291749 
601 -0.257028 -1.309766 
602 -0.506426 -1.251507 
603 -0.061269 -1.279772 
604 -0.254000 -1.210709 
605 -0.155507 -1.181662 
606 -0.177676 -1.196810 
607 0.001381 -1.198988 
608 -0.035907 -1.213232 
609 0.083139 -1.302864 
610 -0.025837 -1.245543 
611 0.025308 -1.300406 
612 -0.042918 -1.274047 
613 -0.237966 -1.235166 
614 0.026501 -1.278153 
615 -0.216352 -1.195838 
616 -0.279838 -1.271214 
617 -0.271271 -1.250197 
618 -0.327268 -1.237933 
619 -0.389882 -1.209663 
620 -0.435252 -1.201736 
621 -0.618565 -1.218393 
622 -0.357468 -1.204584 
623 -0.395242 -1.231413 
624 -0.462482 -1.211257 
625 -0.558638 -1.231078 
626 -0.456275 -1.215042 
627 -0.217391 -1.219350 
628 -0.354731 -1.215283 
629 -0.403413 -1.190057 
630 -0.239172 -1.252576 
631 -0.561227 -1.277662 
632 -0.624747 -1.288399 
633 -0.791916 -1.261654 
634 -0.691821 -1.272891 
635 -0.735236 -1.273036 
636 -0.603964 -1.261168 
637 -0.759829 -1.268415 
638 -0.619707 -1.265933 
639 -0.617458 -1.256928 
640 -0.868362 -1.276369 
641 -0.890019 -1.278906 
642 -0.617377 -1.273369 
643 -0.606587 -1.300496 
644 -0.746617 -1.261768 
645 -0.182151 -1.298887 
646 -0.547715 -1.230108 
647 -0.173947 -1.263090 
648 -0.162426 -1.251287 
649 -0.637448 -1.231133 
650 -0.323628 -1.300985 
651 -0.566958 -1.242695 
652 -0.401966 -1.210180 
653 -0.482659 -1.280360 
654 -0.259645 -1.156155 
655 -0.112272 -1.220016 
656 -0.095987 -1.245671 
657 -0.125616 -1.246192 
658 -0.242599 -1.253918 
659 -0.082069 -1.271774 
660 -0.197117 -1.258497 
661 -0.473790 -1.239330 
662 -0.536459 -1.225674 
663 -0.449891 -1.218129 
664 -0.153557 -1.251299 
665 -0.491833 -1.224750 
666 -0.242863 -1.176893 
667 0.027657 -1.240880 
668 -0.377916 -1.272246 
669 -0.362579 -1.206142 
670 -0.471559 -1.237856 
671 -0.235408 -1.242643 
672 -0.190745 -1.270260 
673 -0.314775 -1.266145 
674 -0.331346 -1.250846 
675 -0.120794 -1.260784 
676 -0.293948 -1.222987 
677 -0.336490 -1.260906 
678 -0.358875 -1.258228 
679 -0.143930 -1.216454 
680 -0.263864 -1.297406 
681 -0.016189 -1.305813 
682 -0.001935 -1.266083 
683 -0.254022 -1.280963 
684 -0.414669 -1.231796 
685 -0.077312 -1.256091 
686 -0.386438 -1.268843 
687 -0.006979 -1.265959 
688 -0.184139 -1.305785 
689 -0.092855 -1.222047 
690 -1.268102 -1.319731 
691 -1.295446 -1.396866 
692 -0.606802 -1.309081 
693 -0.465281 -1.302172 
694 -0.011033 -1.331669 
695 0.284579 -1.305224 
696 0.287352 -1.309977 
697 0.249536 -1.293160 
698 0.272531 -1.310031 
699 0.003280 -1.284404 
700 -0.076278 -1.262257 
701 0.294096 -1.250152 
702 0.072416 -1.288630 
703 0.048879 -1.260281 
704 0.194432 -1.258871 
705 0.185226 -1.322752 
706 0.186711 -1.312079 
707 -0.048875 -1.222434 
708 0.095152 -1.302380 
709 -0.177912 -1.260655 
710 0.151470 -1.283612 
711 0.110627 -1.306905 
712 -0.227554 -1.238823 
713 -0.299878 -1.201263 
714 -0.163303 -1.253633 
715 -0.301281 -1.207397 
716 -0.327795 -1.132961 
717 -0.121151 -1.158484 
718 -0.381248 -0.990461 
719 -0.063929 -1.126002 
720 0.009970 -1.170449 
721 -0.118854 -1.152480 
722 -0.076329 -1.117188 
723 -0.043708 -1.146206 
724 0.005564 -1.086304 
725 -0.384141 -1.054496 
726 -0.261513 -1.107916 
727 -0.081370 -1.084789 
728 -0.186554 -1.151205 
729 -0.323780 -1.114862 
730 -0.278050 -1.077132 
731 0.038796 -1.095107 
732 -0.231870 -1.013246 
733 -0.140539 -1.066448 
734 -0.058299 -1.178305 
735 -0.281545 -1.069574 
736 -0.301577 -1.120001 
737 -0.035626 -1.088842 
738 0.020859 -1.125938 
739 -0.010397 -1.158589 
740 -0.260295 -1.078067 
741 -0.050397 -1.171098 
742 0.138688 -1.171999 
743 0.119074 -1.132095 
744 -0.056943 -1.211402 
745 0.003021 -1.166604 
746 0.095635 -1.148541 
747 0.132537 -1.146701 
748 -0.004357 -1.148265 
749 0.099634 -1.195307 
750 -0.013510 -1.126789 
751 -0.111025 -1.107431 
752 -0.222264 -1.144288 
753 0.144611 -1.171581 
754 -0.054192 -1.143121 
755 -0.164428 -1.141544 
756 -0.089128 -1.173060 
757 0.020033 -1.161836 
758 -0.033053 -1.186731 
759 -0.230115 -1.156186 
760 -0.069805 -1.174680 
761 -0.063023 -1.128416 
762 -0.004016 -1.183397 
763 -0.130200 -1.153193 
764 -0.082103 -1.154071 
765 -0.110345 -1.195812 
766 -0.138239 -1.055884 
767 -0.300484 -1.223139 
768 -0.131698 -1.171951 
769 -0.061516 -1.192497 
770 -0.381107 -1.127751 
771 -0.355696 -1.115550 
772 -0.129037 -1.158972 
773 -0.211982 -1.191084 
774 -0.357276 -1.178756 
775 -0.213068 -1.133848 
776 -0.271488 -1.084472 
777 -0.187321 -1.077676 
778 -0.087988 -1.185073 
779 -0.027854 -1.122981 
780 -0.116826 -1.077860 
781 0.097959 -1.105979 
782 0.016755 -1.120798 
783 -0.052628 -1.170882 
784 -0.085652 -1.103240 
785 0.008901 -1.214722 
786 0.030067 -1.130008 
787 -0.107451 -1.112872 
788 -0.006216 -1.220320 
789 -0.020785 -1.183156 
790 0.069088 -1.228445 
791 0.066049 -1.203573 
792 -0.145933 -1.162504 
793 0.039321 -1.231233 
794 -0.086616 -1.239562 
795 0.144152 -1.254203 
796 0.015450 -1.237068 
797 0.191796 -1.201288 
798 -0.095586 -1.168161 
799 -0.023894 -1.254395 
800 0.053055 -1.258886 
801 0.191044 -1.249260 
802 0.256835 -1.287735 
803 0.128921 -1.232651 
804 0.146759 -1.208879 
805 0.115773 -1.296648 
806 0.023359 -1.274678 
807 -0.169803 -1.213177 
808 0.144373 -1.242494 
809 -0.200367 -1.145596 
810 0.066289 -1.192147 
811 -0.442307 -1.138969 
812 0.157285 -1.168725 
813 -0.227373 -1.028562 
814 0.068603 -1.110364 
815 -0.254283 -1.151468 
816 0.033349 -1.131460 
817 -0.086383 -1.204832 
818 -0.264965 -1.018111 
819 -0.160693 -1.231147 
820 -0.035066 -1.166591 
821 -0.114274 -1.132503 
822 -0.331649 -1.180917 
823 0.001521 -1.168050 
824 -0.369781 -1.182388 
825 -0.164925 -1.168201 
826 -0.206513 -1.197562 
827 -0.207726 -1.127727 
828 -0.023910 -1.220311 
829 -0.227965 -1.262517 
830 -0.196374 -1.179933 
831 -0.362568 -1.204394 
832 -0.096362 -1.188396 
833 -0.123055 -1.191295 
834 -0.277107 -1.147353 
835 -0.331639 -1.226736 
836 0.102982 -1.249977 
837 0.067591 -1.253181 
838 -0.110854 -1.282000 
839 -0.172432 -1.210991 
840 -0.001414 -1.162646 
841 -0.241224 -1.252958 
842 -0.302298 -1.216010 
843 -0.307451 -1.209885 
844 -0.253924 -1.227655 
845 -0.110072 -1.262134 
846 -0.110732 -1.297184 
847 0.068194 -1.260304 
848 -0.064177 -1.260095 
849 -0.047201 -1.285415 
850 0.047049 -1.244060 
851 -0.072424 -1.296565 
852 -0.197729 -1.264474 
853 0.167362 -1.301328 
854 0.219725 -1.339858 
855 0.243946 -1.332962 
856 0.201577 -1.293341 
857 0.213425 -1.339651 
858 -0.108869 -1.280450 
859 0.092438 -1.320919 
860 -0.161989 -1.261336 
861 0.237537 -1.353641 
862 0.157259 -1.332171 
863 0.330062 -1.356912 
864 0.071614 -1.338628 
865 0.434275 -1.395042 
866 0.184736 -1.312401 
867 0.107017 -1.312852 
868 0.281846 -1.268786 
869 0.131643 -1.275243 
870 0.348096 -1.306708 
871 0.105349 -1.256328 
872 0.126425 -1.258371 
873 0.179750 -1.243747 
874 0.191514 -1.238724 
875 -0.015728 -1.211893 
876 -0.101686 -1.211243 
877 0.094074 -1.174746 
878 0.108699 -1.190793 
879 0.257446 -1.252719 
880 -0.174664 -1.186926 
881 0.147310 -1.242134 
882 0.182009 -1.217241 
883 -0.054953 -1.244319 
884 -0.159203 -1.250580 
885 -0.168136 -1.242972 
886 -0.040552 -1.252882 
887 -0.258505 -1.178664 
888 0.130788 -1.274655 
889 0.109369 -1.282991 
890 0.289983 -1.259317 
891 0.331116 -1.288177 
892 0.284334 -1.245712 
893 0.240191 -1.277843 
894 0.247185 -1.248088 
895 0.257892 -1.266926 
896 0.125658 -1.242153 
897 -0.087892 -1.225632 
898 -0.091858 -1.173059 
899 -0.063028 -1.227034 
900 0.025473 -1.189947 
901 -0.213575 -1.202827 
902 -0.164140 -1.212644 
903 -0.147048 -1.211666 
904 -0.073791 -1.150806 
905 0.055008 -1.181185 
906 -0.145284 -1.232193 
907 -0.061697 -1.262066 
908 0.258579 -1.260874 
909 0.119637 -1.250921 
910 0.120538 -1.256587 
911 0.251273 -1.217060 
912 0.007640 -1.222378 
913 0.197523 -1.263456 
914 0.192131 -1.266499 
915 0.049879 -1.258550 
916 -0.228771 -1.227514 
917 -0.070967 -1.268602 
918 -0.096273 -1.297062 
919 -0.153750 -1.249283 
920 -0.097937 -1.244804 
921 -0.070405 -1.238535 
922 0.063623 -1.265409 
923 -0.288862 -1.162258 
924 -0.414672 -1.184078 
925 -0.316629 -1.214009 
926 -0.346057 -1.181232 
927 0.097363 -1.242148 
928 -0.155972 -1.158741 
929 -0.225412 -1.181094 
930 0.091751 -1.200920 
931 -0.019320 -1.151593 
932 -0.274588 -1.136814 
933 -0.312946 -1.111053 
934 -0.268057 -1.147299 
935 -0.230397 -1.082409 
936 -0.168716 -1.138416 
937 -0.213063 -1.122853 
938 -0.130308 -1.176769 
939 -0.204677 -1.173333 
940 -0.241276 -1.148636 
941 -0.212039 -1.109812 
942 -0.129101 -1.145193 
943 -0.217167 -1.121428 
944 -0.333202 -1.139299 
945 -0.067918 -1.087741 
946 0.096091 -1.143130 
947 -0.058676 -1.129470 
948 -0.158214 -1.191501 
949 0.073616 -1.200586 
950 -0.040202 -1.194946 
951 0.015196 -1.231043 
952 -0.148376 -1.171662 
953 -0.330387 -1.094274 
954 -0.136865 -1.171519 
955 -0.103872 -1.186401 
956 -0.089004 -1.211607 
957 -0.059028 -1.051985 
958 0.000742 -1.220922 
959 -0.218040 -1.161305 
960 -0.253421 -1.190598 
961 -0.200511 -1.196650 
962 -0.261754 -1.227167 
963 -0.078245 -1.182303 
964 -0.400355 -1.198908 
965 -0.274360 -1.243024 
966 -0.120452 -1.240931 
967 -0.027826 -1.195153 
968 -0.310577 -1.227600 
969 -0.377947 -1.215209 
970 -0.192410 -1.222448 
971 -0.505590 -1.184555 
972 -0.091691 -1.301690 
973 -0.389800 -1.237416 
974 -0.353312 -1.272507 
975 -0.409767 -1.235817 
976 -1.023862 -1.335186 
978 -0.737926 -1.299188 
979 -0.545188 -1.345270 
980 -0.674361 -1.264339 
981 -0.499761 -1.303566 
982 -0.779231 -1.315561 
983 -0.425922 -1.251894 
984 -0.325176 -1.119964 
985 -0.490667 -1.262525 
986 -0.194846 -1.190610 
987 -0.208758 -1.208459 
988 -0.676292 -1.257297 
989 -0.448837 -1.286209 
990 -0.571143 -1.325667 
991 -0.640083 -1.301181 
992 -0.549854 -1.293368 
993 -0.533319 -1.271468 
994 -0.583284 -1.318766 
995 -0.411505 -1.249051 
996 -0.368226 -1.268513 
997 -0.628190 -1.250123 
998 -0.492805 -1.211474 
999 -0.721197 -1.263223 
1000 -0.804407 -1.217118 
1001 -0.746589 -1.226913 
1002 -0.661291 -1.188982 
1003 -0.396956 -1.176458 
1004 -0.234169 -1.218991 
1005 -0.432260 -1.169567 
1006 -0.104026 -1.252974 
1007 -0.295336 -1.220684 
1008 -0.289806 -1.233969 
1009 -0.254461 -1.247361 
1010 0.074194 -1.194415 
1011 -0.106020 -1.219642 
1012 -0.216002 -1.221142 
1013 -0.142815 -1.246904 
1014 -0.048199 -1.164272 
1015 0.129278 -1.182687 
1016 -0.094559 -1.213349 
1017 -0.240251 -1.142549 
1018 -0.099161 -1.220986 
1019 0.038935 -1.150752 
1020 0.251611 -1.274253 
1021 0.379253 -1.270677 
1022 -0.022581 -1.270853 
1023 0.015803 -1.261789 
1024 0.226533 -1.280717 
1025 0.366394 -1.289565 
1026 0.230348 -1.264985 
1027 0.300833 -1.306487 
1028 0.490994 -1.302464 
1029 0.155227 -1.279983 
1030 0.525850 -1.283654 
1031 0.286715 -1.267415 
1032 0.691896 -1.380918 
1033 0.499167 -1.329793 
1034 0.425345 -1.284717 
1035 0.577069 -1.342114 
1036 0.537551 -1.315477 
1037 0.561100 -1.301965 
1038 0.838543 -1.420634 
1039 0.568531 -1.313425 
1040 0.946166 -1.459529 
1041 0.955381 -1.477013 
1042 0.722076 -1.398818 
1043 0.825129 -1.448905 
1044 0.746914 -1.412277 
1045 0.300940 -1.250591 
1046 0.446742 -1.245734 
1047 0.150448 -1.181874 
1048 0.435973 -1.269613 
1049 0.065255 -1.168540 
1050 0.423683 -1.274549 
1051 0.026327 -1.186426 
1052 0.120973 -1.174010 
1053 0.370025 -1.253196 
1054 0.378087 -1.194505 
1055 0.093998 -1.173105 
1056 0.182915 -1.208977 
1057 0.207926 -1.204122 
1058 0.315095 -1.223380 
1059 0.281021 -1.191908 
1060 0.277966 -1.253946 
1061 -0.005595 -1.158957 
1062 0.429707 -1.281352 
1063 0.073131 -1.183272 
1064 -0.138841 -1.177833 
1065 -0.136728 -1.241928 
1066 0.272671 -1.338830 
1067 -0.207112 -1.258339 
1068 -0.185730 -1.293637 
1069 0.211121 -1.314840 
1070 -0.033699 -1.288606 
1071 0.059901 -1.289307 
1072 0.091220 -1.322373 
1073 0.028448 -1.298058 
1074 -0.108491 -1.304131 
1075 -0.024798 -1.320058 
1076 -0.208049 -1.305916 
1077 -0.485314 -1.339702 
1078 -0.481149 -1.336831 
1079 -0.238236 -1.330410 
1080 -0.278209 -1.367558 
1081 -0.411288 -1.328931 
1082 -0.289734 -1.335449 
1083 -0.611862 -1.329241 
1084 -0.321531 -1.288021 
1085 -0.098251 -1.331806 
1086 -0.339857 -1.271662 
1087 -0.171349 -1.269594 
1088 -0.166179 -1.304657 
1089 -0.481716 -1.267235 
1090 -0.096963 -1.284765 
1091 -0.406016 -1.317458 
1092 -0.316506 -1.275038 
1093 -0.347275 -1.280928 
1094 -0.433270 -1.311576 
1095 -0.049396 -1.323730 
1096 0.091001 -1.318727 
1097 -0.090321 -1.262216 
1098 -0.486318 -1.238237 
1099 -0.008431 -1.276570 
1100 -0.202822 -1.232735 
1101 -0.147936 -1.196265 
1102 0.126962 -1.226257 
1103 -0.208190 -1.125621 
1104 -0.040940 -1.167109 
1105 -0.315577 -1.180592 
1106 -0.107451 -1.174062 
1107 -0.378950 -1.107334 
1108 0.052957 -1.101111 
1109 -0.295163 -1.090273 
1110 0.082842 -1.078955 
1111 -0.176464 -1.063053 
1112 -0.316938 -1.112631 
1113 0.082870 -1.062172 
1114 0.011345 -1.064301 
1115 -0.288113 -1.100214 
1116 -0.345845 -1.129861 
1117 -0.036733 -1.138901 
1118 -0.343541 -1.131658 
1119 0.034373 -1.145794 
1120 -0.156780 -1.154878 
1121 -0.167315 -1.154161 
1122 -0.361217 -1.189289 
1123 -0.394388 -1.143020 
1124 -0.028587 -1.194166 
1125 -0.178269 -1.176841 
1126 -0.101462 -1.246126 
1127 -0.152857 -1.210963 
1128 -0.144527 -1.195372 
1129 -0.363958 -1.181330 
1130 -0.023228 -1.201362 
1131 -0.085986 -1.216795 
1132 -0.244909 -1.183951 
1133 -0.252514 -1.188841 
1134 -0.239930 -1.172033 
1135 -0.035075 -1.176433 
1136 -0.357704 -1.173456 
1137 -0.377983 -1.176749 
1138 -0.110843 -1.208918 
1139 -0.126316 -1.186579 
1140 -0.331218 -1.211619 
1141 -0.034448 -1.202806 
1142 -0.448370 -1.174308 
1143 -0.406789 -1.156703 
1144 -0.296271 -1.123838 
1145 -0.221512 -1.183996 
1146 -0.038525 -1.243250 
1147 -0.028463 -1.195757 
1148 -0.088197 -1.255218 
1149 -0.148086 -1.212440 
1150 -0.208485 -1.208912 
1151 -0.277452 -1.226802 
1152 -0.312286 -1.240536 
1153 -0.354890 -1.228729 
1154 -0.268487 -1.207353 
1155 -0.055444 -1.236510 
1156 -0.166145 -1.256253 
1157 0.121326 -1.282082 
1158 -0.117965 -1.267985 
1159 -0.165926 -1.285351 
1160 -0.153907 -1.261265 
1161 -0.046665 -1.230762 
1162 -0.032214 -1.256889 
1163 0.005398 -1.293068 
1164 0.031748 -1.246084 
1165 -0.355556 -1.189175 
1166 -0.261362 -1.247425 
1167 -0.365353 -1.267012 
1168 -0.149675 -1.286489 
1169 -0.415063 -1.261466 
1170 -0.077968 -1.273852 
1171 -0.173184 -1.323748 
1172 -0.458128 -1.272903 
1173 -0.533957 -1.283181 
1174 -0.337448 -1.284018 
1175 -0.139028 -1.334670 
1176 -0.466355 -1.333288 
1177 -0.261863 -1.321774 
1178 -0.512404 -1.338185 
1179 0.020656 -1.372386 
1180 -0.581387 -1.336075 
1181 -0.343762 -1.329217 
1182 -0.266987 -1.320948 
1183 -0.109586 -1.348306 
1184 -0.389596 -1.308487 
1185 -0.338171 -1.282249 
1186 -0.337577 -1.300222 
1187 -0.151184 -1.310133 
1188 -0.286887 -1.272200 
1189 0.202785 -1.343971 
1190 0.134334 -1.274524 
1191 0.074260 -1.320488 
1192 0.100069 -1.327285 
1193 0.094148 -1.316371 
1194 0.427116 -1.336096 
1195 0.074400 -1.283291 
1196 -0.171556 -1.248913 
1197 0.359662 -1.305082 
1198 0.349531 -1.334730 
1199 0.040023 -1.258326 
1200 0.472424 -1.313463 
1201 0.197581 -1.257581 
1202 0.563409 -1.323569 
1203 0.504980 -1.294424 
1204 0.446842 -1.257373 
1205 0.657169 -1.289865 
1206 0.735270 -1.298179 
1207 0.959553 -1.316917 
1208 1.166579 -1.370072 
1209 3.858519 -4.092692 
1210 3.060672 -3.139996 
1211 2.366803 -2.494150 
1212 2.506970 -2.652878 
1213 2.476240 -2.622532 
1214 2.007588 -2.065094 
1215 2.048488 -2.139810 
1216 1.904971 -1.974426 
1217 2.072774 -2.168991 
1218 2.015867 -2.108859 
1219 1.661655 -1.733667 
1220 1.841420 -1.906041 
1221 2.115955 -2.154112 
1222 1.802724 -1.890799 
1223 1.949982 -2.000677 
1224 1.959998 -2.020261 
1225 1.951701 -1.971395 
1226 1.543188 -1.657019 
1227 1.910416 -1.946416 
1228 1.860529 -1.946002 
1229 1.417356 -1.586724 
1230 1.339230 -1.535177 
1231 1.485093 -1.624298 
1232 0.720040 -1.296140 
1233 0.609233 -1.278637 
1234 0.283583 -1.281937 
1235 0.119746 -1.259024 
1236 -0.451419 -1.249341 
1237 -0.145274 -1.267109 
1238 -0.139476 -1.273862 
1239 -0.406700 -1.264130 
1240 -0.294201 -1.258022 
1241 -0.584346 -1.232499 
1242 -0.326577 -1.275345 
1243 -0.705289 -1.261110 
1244 -0.453104 -1.228808 
1245 -0.741789 -1.249438 
1246 -0.722886 -1.244367 
1247 -0.310318 -1.248752 
1248 -0.761063 -1.250300 
1249 -0.592096 -1.237175 
1250 -0.289695 -1.175368 
1251 -0.536268 -1.162138 
1252 -0.433704 -1.151952 
1253 -0.195948 -1.184546 
1254 -0.564151 -1.215431 
1255 -0.153558 -1.177330 
1256 -0.483652 -1.181147 
1257 -0.479179 -1.203635 
1258 -0.094216 -1.098655 
1259 -0.161347 -1.200512 
1260 -0.497780 -1.192294 
1261 -0.436864 -1.149076 
1262 -0.030762 -1.156735 
1263 -0.318984 -1.139436 
1264 -0.004298 -1.145840 
1265 -0.285382 -1.183516 
1266 -0.175427 -1.154951 
1267 -0.092627 -1.202857 
1268 -0.034783 -1.250539 
1269 -0.357854 -1.212718 
1270 0.100165 -1.211683 
1271 -0.044768 -1.188982 
1272 -0.206469 -1.195863 
1273 -0.320664 -1.235034 
1274 -0.296289 -1.246244 
1275 0.038376 -1.253500 
1276 0.058006 -1.248923 
1277 -0.079728 -1.228403 
1278 0.015394 -1.203567 
1279 -0.215788 -1.219112 
1280 -0.043346 -1.195218 
1281 -0.091760 -1.238827 
1282 -0.258332 -1.200445 
1283 -0.250266 -1.161391 
1284 -0.384240 -1.160634 
1285 -0.132573 -1.239269 
1286 -0.242587 -1.184078 
1287 0.037336 -1.211032 
1288 -0.392620 -1.144284 
1289 -0.102496 -1.191523 
1290 -0.191646 -1.146304 
1291 0.071025 -1.241091 
1292 -0.049160 -1.180022 
1293 -0.105372 -1.150313 
1294 -0.209933 -1.192889 
1295 -0.136889 -1.160233 
1296 -0.145365 -1.190510 
1297 -0.129625 -1.141719 
1298 -0.316534 -1.143326 
1299 -0.406842 -1.163756 
1300 0.010516 -1.117323 
1301 -0.379580 -1.125166 
1302 -0.146212 -1.147004 
1303 -0.137010 -1.126478 
1304 -0.242451 -1.105618 
1305 -0.373641 -1.100349 
1306 -0.221356 -1.110711 
1307 -0.351687 -1.100126 
1308 -0.189633 -1.125960 
1309 -0.141491 -1.141237 
1310 -0.197323 -1.145257 
1311 0.018709 -1.172142 
1312 -0.364431 -1.024409 
1313 -0.193909 -1.124462 
1314 -0.304189 -1.161096 
1315 -0.110124 -1.168432 
1316 0.079591 -1.121338 
1317 0.179414 -1.151333 
1318 0.178726 -1.179836 
1319 0.240595 -1.190850 
1320 0.165012 -1.135379 
1321 0.158997 -1.142109 
1322 0.226851 -1.160290 
1323 0.072458 -1.122069 
1324 0.068710 -1.089265 
1325 0.105309 -1.195761 
1326 0.137513 -1.142274 
1327 0.008449 -1.174864 
1328 -0.162920 -1.184375 
1329 -0.091003 -1.167301 
1330 0.142552 -1.234180 
1331 -0.076188 -1.124392 
1332 -0.101559 -1.101870 
1333 0.014501 -1.241899 
1334 -0.193668 -1.216684 
1335 0.093139 -1.248884 
1336 0.107131 -1.239448 
1337 -0.344049 -1.224186 
1338 -0.189351 -1.199837 
1339 -0.144513 -1.274541 
1340 -0.359982 -1.231811 
1341 -0.246744 -1.248062 
1342 -0.099287 -1.257899 
1343 -0.518720 -1.266047 
1344 -0.307986 -1.276300 
1345 -0.411151 -1.273067 
1346 -0.002639 -1.243910 
1347 -0.340002 -1.264999 
1348 -0.064761 -1.260427 
1349 -0.242130 -1.203494 
1350 -0.081397 -1.286752 
1351 -0.071891 -1.210217 
1352 -0.074776 -1.294705 
1353 -0.151643 -1.260701 
1354 0.041249 -1.291344 
1355 -0.349917 -1.285635 
1356 0.014406 -1.336140 
1357 -0.160421 -1.294687 
1358 -0.055879 -1.310539 
1359 -0.019669 -1.313122 
1360 -0.069134 -1.284517 
1361 -0.191592 -1.303631 
1362 0.164074 -1.323746 
1363 -0.330093 -1.264123 
1364 -0.082522 -1.288528 
1365 -0.068421 -1.323967 
1366 0.366670 -1.363248 
1367 -0.070584 -1.270702 
1368 0.175667 -1.319997 
1369 0.335144 -1.341351 
1370 0.145554 -1.318780 
1371 0.431302 -1.337644 
1372 0.547691 -1.368793 
1373 0.617283 -1.398835 
1374 0.424076 -1.351962 
1375 0.180398 -1.352156 
1376 0.551224 -1.402674 
1377 0.032816 -1.315894 
1378 0.360062 -1.418448 
1379 0.153159 -1.343141 
1380 0.111072 -1.350352 
1381 0.002293 -1.427189 
1382 0.250484 -1.422288 
1383 0.253667 -1.441097 
1384 0.295723 -1.416789 
1385 0.237570 -1.440626 
1386 0.386637 -1.434697 
1387 0.347774 -1.439236 
1388 0.102504 -1.373140 
1389 -0.123023 -1.363696 
1390 -0.137413 -1.382469 
1391 0.022204 -1.400555 
1392 -0.260184 -1.373109 
1393 0.084693 -1.402071 
1394 -0.199287 -1.365285 
1395 0.115254 -1.374345 
1396 -0.238858 -1.334424 
1397 0.234989 -1.371058 
1398 0.350611 -1.397315 
1399 0.080531 -1.317715 
1400 0.013041 -1.355148 
1401 0.321142 -1.353434 
1402 0.119714 -1.308773 
1403 0.047953 -1.297606 
1404 0.073547 -1.307291 
1405 0.059550 -1.307725 
1406 -0.050308 -1.304137 
1407 0.011566 -1.314647 
1408 0.149588 -1.319974 
1409 -0.060613 -1.272634 
1410 -0.242987 -1.285323 
1411 -0.450221 -1.223300 
1412 -0.139861 -1.281318 
1413 -0.347819 -1.213485 
1414 -0.519450 -1.189356 
1415 -0.502682 -1.150505 
1416 -0.275014 -1.167279 
1417 -0.297764 -1.174579 
1418 -0.249468 -1.150084 
1419 -0.150538 -1.147954 
1420 -0.366492 -1.198160 
1421 -0.380280 -1.179710 
1422 -0.316847 -1.165241 
1423 -0.513719 -1.169241 
1424 -0.215733 -1.205201 
1425 -0.291361 -1.159897 
1426 -0.377721 -1.137025 
1427 -0.316708 -1.214861 
1428 -0.092376 -1.192999 
1429 -0.214346 -1.192863 
1430 0.000033 -1.210666 
1431 -0.216214 -1.217520 
1432 0.028124 -1.207295 
1433 -0.381129 -1.174385 
1434 -0.166649 -1.209030 
1435 -0.416139 -1.198387 
1436 0.071996 -1.224686 
1437 -0.292501 -1.222953 
1438 -0.123442 -1.200455 
1439 -0.330284 -1.188135 
1440 -0.153753 -1.157797 
1441 -0.326612 -1.197672 
1442 -0.078732 -1.181560 
1443 0.157587 -1.236452 
1444 -0.078194 -1.238772 
1445 0.176766 -1.266366 
1446 0.106962 -1.247246 
1447 0.031675 -1.224651 
1448 -0.139791 -1.238353 
1449 0.154153 -1.243209 
1450 -0.155698 -1.237154 
1451 0.064657 -1.239914 
1452 0.063985 -1.255123 
1453 0.187560 -1.258763 
1454 -0.094076 -1.260666 
1455 -0.081986 -1.256227 
1456 -0.167454 -1.259475 
1457 -0.105266 -1.268111 
1458 0.248123 -1.303576 
1459 -0.017067 -1.250017 
1460 0.210462 -1.224655 
1461 -0.286649 -1.226384 
1462 0.214704 -1.203694 
1463 0.084753 -1.081781 
1464 -0.157343 -1.115630 
1465 -0.245646 -1.184911 
1466 -0.174060 -1.188826 
1467 -0.188495 -1.146161 
1468 -0.001200 -1.244212 
1469 -0.416809 -1.173617 
1470 -0.284497 -1.155485 
1471 -0.172076 -1.182757 
1472 -0.072378 -1.141448 
1473 -0.201843 -1.198845 
1474 -0.167492 -1.201845 
1475 -0.167934 -1.226506 
1476 -0.431756 -1.220507 
1477 -0.569747 -1.224099 
1478 -0.298561 -1.221463 
1479 -0.197580 -1.221029 
1480 -0.541966 -1.186989 
1481 -0.585016 -1.192379 
1482 -0.581390 -1.233925 
1483 -0.649442 -1.237842 
1484 -0.734722 -1.262509 
1485 -0.554483 -1.291034 
1486 -0.416777 -1.294310 
1487 -0.540650 -1.279907 
1488 -0.682281 -1.245001 
1489 -0.539573 -1.280738 
1490 -0.613666 -1.214660 
1491 -0.738681 -1.247408 
1492 -0.346348 -1.254348 
1493 -0.537845 -1.269892 
1494 -0.774762 -1.246700 
1495 -0.422867 -1.270198 
1496 -0.430235 -1.280335 
1497 -0.420073 -1.261265 
1498 -0.337923 -1.233050 
1499 -0.679376 -1.256059 
1500 -0.848627 -1.291074 
1501 -0.873824 -1.267317 
1502 -0.808176 -1.245436 
1503 -0.823531 -1.277787 
1504 -0.636453 -1.245004 
1505 -0.666912 -1.274339 
1506 -0.457217 -1.278765 
1507 -0.674854 -1.250335 
1508 -0.747401 -1.249940 
1509 -0.630806 -1.237630 
1510 -0.053778 -1.264310 
1511 0.181072 -1.327438 
1512 0.214358 -1.331302 
1513 0.176541 -1.323258 
1514 -0.078582 -1.288432 
1515 0.062229 -1.299962 
1516 0.282024 -1.338762 
1517 0.371257 -1.357014 
1518 0.157377 -1.324131 
1519 0.221495 -1.352036 
1520 0.099962 -1.322084 
1521 0.208787 -1.338191 
1522 -0.023099 -1.336107 
1523 -0.217824 -1.327559 
1524 0.095442 -1.345609 
1525 0.008450 -1.373256 
1526 0.155810 -1.376342 
1527 0.245180 -1.389149 
1528 -0.282914 -1.330967 
1529 -0.114822 -1.295735 
1530 -0.018531 -1.383314 
1531 0.055333 -1.328608 
1532 0.071804 -1.376148 
1533 -0.280096 -1.336599 
1534 -0.029308 -1.355286 
1535 -0.055837 -1.356652 
1536 -0.235253 -1.393924 
1537 -0.191168 -1.370019 
1538 -0.327490 -1.386386 
1539 -0.274572 -1.398510 
1540 -0.426129 -1.373779 
1541 -0.733370 -1.382385 
1542 -0.464521 -1.364922 
1543 -0.463393 -1.383690 
1544 -0.605040 -1.349723 
1545 -0.618237 -1.354671 
1546 -0.800813 -1.404891 
1547 -0.373171 -1.412863 
1548 -0.447499 -1.395179 
1549 -0.428495 -1.416034 
1550 -0.698624 -1.435462 
1551 -0.799466 -1.460011 
1552 -0.795171 -1.441967 
1553 -0.828279 -1.455858 
1554 -0.673520 -1.424735 
1555 -0.795846 -1.451127 
1556 -0.446368 -1.444448 
1557 -0.983082 -1.416764 
1558 -1.087884 -1.403754 
1559 -0.894333 -1.430840 
1560 -0.894020 -1.402783 
1561 -0.608589 -1.428897 
1562 -1.385655 -1.448076 
1563 -1.052796 -1.403890 
1564 -1.152072 -1.423454 
1565 -1.111754 -1.375429 
1566 -1.225807 -1.358079 
1567 -1.209718 -1.359956 
1568 -1.106606 -1.348444 
1569 -1.022599 -1.300373 
1570 -1.075597 -1.342954 
1571 -1.125154 -1.299834 
1572 -1.139206 -1.328984 
1573 -1.344708 -1.355681 
1574 -1.266960 -1.332349 
1575 -1.317811 -1.362714 
1576 -1.418235 -1.352381 
1577 -1.257472 -1.331459 
1578 -1.231021 -1.349356 
1579 -1.018548 -1.311026 
1580 -1.052240 -1.275752 
1581 -1.292815 -1.333524 
1582 -0.742349 -1.259947 
1583 -1.163464 -1.309152 
1584 -0.890563 -1.274703 
1585 -0.706556 -1.262485 
1586 -0.952262 -1.300010 
1587 -0.877396 -1.276635 
1588 -0.616231 -1.284269 
1589 -1.022959 -1.272669 
1590 -1.052530 -1.280302 
1591 -0.539746 -1.275823 
1592 -0.371176 -1.203783 
1593 -0.681021 -1.247371 
1594 -0.681112 -1.215130 
1595 -0.691992 -1.251887 
1596 -0.451581 -1.228676 
1597 -0.197251 -1.255651 
1598 -0.253837 -1.208633 
1599 0.001269 -1.218229 
1600 0.122448 -1.219885 
1601 0.241103 -1.232908 
1602 0.342087 -1.285507 
1603 0.276427 -1.268177 
1604 0.388953 -1.297711 
1605 0.492270 -1.293224 
1606 0.572401 -1.310992 
1607 0.414510 -1.246117 
1608 0.263907 -1.274371 
1609 0.575802 -1.297205 
1610 0.308487 -1.257893 
1611 0.333887 -1.281535 
1612 0.163661 -1.238357 
1613 0.512424 -1.310705 
1614 0.406141 -1.261670 
1615 0.318447 -1.208399 
1616 0.068929 -1.181951 
1617 0.222669 -1.187521 
1618 0.090937 -1.116956 
1619 -0.029629 -1.167700 
1620 0.007452 -1.216928 
1621 0.331004 -1.199820 
1622 0.089150 -1.185716 
1623 0.306529 -1.190883 
1624 0.298652 -1.193503 
1625 0.061396 -1.192518 
1626 0.200946 -1.187491 
1627 0.374210 -1.227356 
1628 0.102648 -1.212238 
1629 0.423626 -1.287785 
1630 -0.086537 -1.210690 
1631 -0.041520 -1.212224 
1632 0.327318 -1.250631 
1633 0.183492 -1.192313 
1634 0.308389 -1.250425 
1635 -0.114448 -1.198816 
1636 0.091598 -1.216015 
1637 0.071401 -1.261400 
1638 0.376048 -1.286390 
1639 -0.035781 -1.199314 
1640 0.014642 -1.257066 
1641 0.284425 -1.278790 
1642 0.306735 -1.279571 
1643 0.104937 -1.223773 
1644 -0.101110 -1.191852 
1645 0.211425 -1.243409 
1646 0.230895 -1.241872 
1647 0.244242 -1.248416 
1648 -0.066976 -1.211762 
1649 0.358130 -1.257532 
1650 -0.028943 -1.251799 
1651 0.414731 -1.273774 
1652 0.050887 -1.231684 
1653 0.111685 -1.228929 
1654 0.216408 -1.249358 
1655 0.284454 -1.261952 
1656 0.308923 -1.233712 
1657 0.277342 -1.226843 
1658 0.364213 -1.246044 
1659 -0.042349 -1.158307 
1660 0.542935 -1.307180 
1661 -0.087793 -1.274706 
1662 0.158396 -1.236378 
1663 0.315533 -1.298282 
1664 0.194832 -1.245323 
1665 -0.022067 -1.225353 
1666 -0.112721 -1.254663 
1667 0.245426 -1.293348 
1668 -0.198237 -1.261954 
1669 0.023057 -1.282769 
1670 -0.139903 -1.238257 
1671 -0.101315 -1.260514 
1672 0.105814 -1.291881 
1673 -0.245063 -1.250092 
1674 -0.008102 -1.222814 
1675 -0.254515 -1.234668 
1676 -0.244393 -1.251567 
1677 -0.077307 -1.248394 
1678 -0.077825 -1.277159 
1679 0.033407 -1.245901 
1680 -0.306951 -1.291779 
1681 0.133135 -1.270905 
1682 0.010879 -1.336863 
1683 0.165673 -1.406030 
1684 0.380021 -1.401352 
1685 0.334500 -1.428932 
1686 0.228155 -1.383344 
1687 0.172282 -1.383008 
1688 0.118903 -1.406652 
1689 0.104672 -1.381444 
1690 -0.009982 -1.365295 
1691 0.183694 -1.410515 
1692 -0.019797 -1.397275 
1693 0.259132 -1.448135 
1694 -0.057990 -1.344006 
1695 -0.112841 -1.466354 
1696 -0.128401 -1.372127 
1697 -0.127468 -1.399008 
1698 0.085756 -1.400906 
1699 0.179404 -1.440642 
1700 0.037883 -1.421056 
1701 0.117202 -1.446951 
1702 -0.411078 -1.350972 
1703 0.057617 -1.417354 
1704 -0.446155 -1.413955 
1705 -0.278352 -1.400605 
1706 -0.467965 -1.439456 
1707 -0.206571 -1.436633 
1708 -0.521223 -1.440400 
1709 -0.301749 -1.437227 
1710 -0.160823 -1.424975 
1711 -0.619845 -1.405581 
1712 -0.291144 -1.418419 
1713 -0.559339 -1.430127 
1714 -0.372275 -1.439612 
1715 -0.406118 -1.355309 
1716 -0.417749 -1.450238 
1717 -0.463843 -1.402700 
1718 -0.375287 -1.398856 
1719 -0.374032 -1.390173 
1720 -0.136061 -1.402457 
1721 -0.337208 -1.386248 
1722 -0.473199 -1.408313 
1723 -0.744828 -1.423466 
1724 -0.623335 -1.456477 
1725 -0.628358 -1.433000 
1726 -0.402012 -1.398083 
1727 -0.549074 -1.366090 
1728 -0.772512 -1.362550 
1729 -0.643675 -1.303164 
1730 -0.859525 -1.329335 
1731 -0.833732 -1.348017 
1732 -0.742136 -1.337854 
1733 -0.527535 -1.326472 
1734 -0.847444 -1.314594 
1735 -0.901403 -1.337626 
1736 -0.796273 -1.350425 
1737 -0.674622 -1.342688 
1738 -0.665220 -1.284457 
1739 -0.764758 -1.234003 
1740 -0.574227 -1.262777 
1741 -0.752939 -1.247504 
1742 -0.873507 -1.264849 
1743 -0.618884 -1.208015 
1744 -0.790758 -1.256847 
1745 -0.796902 -1.263130 
1746 -0.555830 -1.292430 
1747 -0.626710 -1.297235 
1748 -0.270770 -1.283026 
1749 -0.203045 -1.318630 
1750 -0.339887 -1.342613 
1751 -0.226567 -1.290191 
1752 -0.146842 -1.336504 
1753 -0.024959 -1.320551 
1754 -0.462752 -1.294873 
1755 -0.285410 -1.286366 
1756 -0.487512 -1.316096 
1757 -0.700818 -1.270788 
1758 -0.496960 -1.295340 
1759 -0.523134 -1.267706 
1760 -0.476675 -1.308802 
1761 -0.812610 -1.287246 
1762 -0.622457 -1.299539 
1763 -0.534693 -1.284355 
1764 -0.503315 -1.291045 
1765 -0.437686 -1.294181 
1766 -0.561433 -1.271915 
1767 -0.508160 -1.276600 
1768 -0.203347 -1.296870 
1769 -0.505003 -1.308935 
1770 0.216407 -1.400271 
1771 -0.168858 -1.324685 
1772 -0.112429 -1.332261 
1773 -0.502652 -1.301005 
1774 -0.537310 -1.293349 
1775 -0.369262 -1.287888 
1776 -0.212839 -1.229727 
1777 -0.335217 -1.253180 
1778 -0.150929 -1.222008 
1779 -0.128643 -1.223499 
1780 0.226130 -1.257557 
1781 -0.048123 -1.233232 
1782 -0.153477 -1.188377 
1783 0.272443 -1.271536 
1784 0.205146 -1.242503 
1785 0.023580 -1.164886 
1786 0.217451 -1.187090 
1787 -0.033829 -1.191404 
1788 0.071489 -1.266613 
1789 0.145936 -1.245199 
1790 -0.047105 -1.215614 
1791 -0.215768 -1.187485 
1792 -0.048118 -1.192329 
1793 -0.194920 -1.178868 
1794 0.032484 -1.160420 
1795 0.173014 -1.178769 
1796 0.100629 -1.232141 
1797 -0.110346 -1.231072 
1798 0.061485 -1.230277 
1799 0.193988 -1.217644 
1800 -0.076085 -1.194261 
1801 -0.062108 -1.212985 
1802 0.278844 -1.238539 
1803 0.237473 -1.234482 
1804 0.055291 -1.233446 
1805 -0.132803 -1.185577 
1806 -0.022782 -1.155140 
1807 -0.240607 -1.154970 
1808 0.091648 -1.190663 
1809 0.045422 -1.155537 
1810 0.043887 -1.225048 
1811 -0.202049 -1.092183 
1812 -0.185371 -1.066933 
1813 -0.210509 -0.982593 
1814 -0.106327 -1.046712 
1815 -0.182703 -1.141964 
1816 0.080727 -1.101333 
1817 0.146032 -1.123744 
1818 0.097729 -1.210953 
1819 -0.227871 -1.156633 
1820 -0.236658 -1.120831 
1821 -0.155654 -1.113174 
1822 0.084607 -1.153407 
1823 -0.048278 -1.158269 
1824 -0.091606 -1.127533 
1825 0.136235 -1.216964 
1826 -0.122018 -1.093142 
1827 0.057771 -1.174849 
1828 0.115800 -1.185556 
1829 0.227570 -1.223277 
1830 0.211782 -1.211997 
1831 0.114507 -1.169245 
1832 0.147872 -1.118242 
1833 0.084538 -1.142993 
1834 0.169215 -1.111395 
1835 -0.011700 -1.093279 
1836 0.119599 -1.186361 
1837 -0.074060 -1.139610 
1838 -0.013704 -1.079725 
1839 -0.079830 -1.153237 
1840 0.120036 -1.173013 
1841 -0.017289 -1.160831 
1842 0.085246 -1.173514 
1843 0.100940 -1.126591 
1844 -0.016118 -1.156507 
1845 -0.124148 -1.162372 
1846 0.020998 -1.156094 
1847 -0.107801 -1.175174 
1848 0.099738 -1.124369 
1849 -0.088492 -1.093933 
1850 -0.177350 -1.148022 
1851 -0.048798 -1.194948 
1852 -0.302363 -1.198123 
1853 0.010402 -1.163471 
1854 -0.218784 -1.171463 
1855 -0.142290 -1.130033 
1856 0.002156 -1.128291 
1857 0.020445 -1.153764 
1858 0.088665 -1.203288 
1859 -0.012281 -1.101096 
1860 0.193978 -1.224057 
1861 -0.153617 -1.142269 
1862 0.052614 -1.187001 
1863 -0.287658 -1.146986 
1864 -0.220858 -1.121928 
1865 -0.321167 -1.164656 
1866 0.134865 -1.199017 
1867 -0.215176 -1.160123 
1868 0.074289 -1.207084 
1869 -0.116637 -1.206173 
1870 -0.175369 -1.109985 
1871 -0.000050 -1.164057 
1872 -0.130924 -1.118799 
1873 -0.067463 -1.190661 
1874 0.150516 -1.228636 
1875 0.294872 -1.261707 
1876 0.476342 -1.294038 
1877 0.113732 -1.242001 
1878 0.596341 -1.331527 
1879 0.531894 -1.304209 
1880 0.616125 -1.395059 
1881 0.574803 -1.324873 
1882 0.535244 -1.366878 
1883 0.650320 -1.364549 
1884 1.001698 -1.444916 
1885 0.813338 -1.384862 
1886 1.100287 -1.496377 
1887 1.025789 -1.453944 
1888 0.986833 -1.447537 
1889 0.405516 -1.304579 
1890 0.547365 -1.329820 
1891 0.558239 -1.346402 
1892 0.652090 -1.367313 
1893 0.599349 -1.339830 
1894 0.710459 -1.390631 
1895 0.641473 -1.432944 
1896 0.631429 -1.370760 
1897 0.746435 -1.441223 
1898 0.755522 -1.435954 
1899 0.666403 -1.378329 
1900 0.730283 -1.426693 
1901 0.376370 -1.330655 
1902 0.692304 -1.398875 
1903 0.341799 -1.347591 
1904 0.238848 -1.300578 
1905 0.543821 -1.373875 
1906 0.576411 -1.389633 
1907 0.070076 -1.233200 
1908 0.499967 -1.395723 
1909 0.470010 -1.344661 
1910 0.480379 -1.351410 
1911 0.604790 -1.376033 
1912 0.215249 -1.305072 
1913 0.511658 -1.359496 
1914 0.373849 -1.319015 
1915 0.092767 -1.258501 
1916 0.073875 -1.303681 
1917 0.352121 -1.313561 
1918 -0.164203 -1.250750 
1919 0.111397 -1.294173 
1920 -0.025664 -1.290046 
1921 0.379005 -1.335536 
1922 -0.144881 -1.254435 
1923 0.403978 -1.350527 
1924 0.474997 -1.399526 
1925 0.350759 -1.341608 
1926 0.327027 -1.339383 
1927 0.409169 -1.385588 
1928 0.496236 -1.367958 
1929 0.253401 -1.358653 
1930 0.165020 -1.366502 
1931 0.111151 -1.336445 
1932 0.085649 -1.360763 
1933 0.278626 -1.429383 
1934 0.087905 -1.357398 
1935 0.393556 -1.407149 
1936 0.485154 -1.431191 
1937 0.571001 -1.434793 
1938 0.711837 -1.475803 
1939 0.711012 -1.462592 
1940 0.885981 -1.509756 
1941 0.583540 -1.436340 
1942 0.763014 -1.487787 
1943 0.754154 -1.504583 
1944 0.658424 -1.484526 
1945 0.567748 -1.463231 
1946 0.707433 -1.504484 
1947 0.752670 -1.510525 
1948 0.632804 -1.477463 
1949 0.810355 -1.519632 
1950 0.752257 -1.523872 
1951 0.057120 -1.385542 
1952 0.517477 -1.433512 
1953 -0.012373 -1.363917 
1954 0.277958 -1.378450 
1955 0.139501 -1.369618 
1956 -0.072489 -1.383272 
1957 -0.064888 -1.381279 
1958 -0.052633 -1.352826 
1959 0.064033 -1.354777 
1960 -0.143734 -1.327579 
1961 -0.225555 -1.315122 
1962 0.185174 -1.399051 
1963 0.014721 -1.383422 
1964 0.154189 -1.409753 
1965 -0.194244 -1.392619 
1966 0.314357 -1.427095 
1967 -0.108650 -1.408023 
1968 -0.166430 -1.358632 
1969 0.088140 -1.376347 
1970 0.148681 -1.378489 
1971 0.182127 -1.362602 
1972 -0.029613 -1.345125 
1973 0.048645 -1.296105 
1974 -0.346920 -1.251648 
1975 -0.263804 -1.307886 
1976 -0.545240 -1.258087 
1977 -0.109048 -1.279183 
1978 -0.183356 -1.270605 
1979 -0.450976 -1.239134 
1980 -0.377245 -1.268391 
1981 -0.396548 -1.263129 
1982 -0.305250 -1.235597 
1983 -0.073877 -1.271040 
1984 -0.452156 -1.261867 
1985 -0.209133 -1.281220 
1986 -0.247150 -1.260431 
1987 -0.317956 -1.297206 
1988 -0.442820 -1.271311 
1989 -0.135726 -1.282767 
1990 -0.563001 -1.284640 
1991 -0.347110 -1.235093 
1992 -0.232367 -1.223095 
1993 -0.517144 -1.242687 
1994 -0.243677 -1.260898 
1995 -0.357891 -1.252491 
1996 -0.543609 -1.231672 
1997 -0.464296 -1.270459 
1998 -0.471634 -1.263652 
1999 -0.277852 -1.280653 
2000 -0.445835 -1.326974 
2001 -0.274576 -1.269608 
2002 -0.183567 -1.284234 
2003 -0.528840 -1.287586 
2004 -0.102958 -1.291426 
2005 -0.387650 -1.255201 
2006 -0.052842 -1.314978 
2007 -0.034104 -1.285575 
2008 0.222136 -1.320498 
2009 -0.010761 -1.269307 
2010 0.140128 -1.317843 
2011 0.333661 -1.322555 
2012 0.443639 -1.378164 
2013 0.256917 -1.329404 
2014 0.629800 -1.403799 
2015 0.547367 -1.401556 
2016 0.565241 -1.385124 
2017 0.740714 -1.438711 
2018 0.357692 -1.367098 
2019 0.500529 -1.436551 
2020 0.232579 -1.334118 
2021 0.409734 -1.414214 
2022 0.143608 -1.360073 
2023 0.321933 -1.371333 
2024 0.508474 -1.421628 
2025 0.030991 -1.298565 
2026 0.004714 -1.319308 
2027 0.051167 -1.320744 
2028 0.209243 -1.317322 
2029 0.328579 -1.348878 
2030 0.129679 -1.335207 
2031 0.334396 -1.348675 
2032 0.237471 -1.350907 
2033 -0.026189 -1.361480 
2034 0.361582 -1.415341 
2035 0.168840 -1.349800 
2036 0.440264 -1.437108 
2037 0.119893 -1.416306 
2038 0.170767 -1.394967 
2039 -0.394389 -1.306937 
2040 0.123588 -1.406626 
2041 -0.434055 -1.306720 
2042 -0.178971 -1.382089 
2043 -0.458942 -1.317818 
2044 -0.533405 -1.329268 
2045 -0.199105 -1.299485 
2046 -0.879176 -1.330292 
2047 -0.475313 -1.337421 
2048 -0.204537 -1.288566 
2049 -0.346361 -1.321536 
2050 -0.526425 -1.346775 
2051 -0.677911 -1.368832 
2052 -0.800252 -1.314430 
2053 -0.735586 -1.363113 
2054 -0.699409 -1.308421 
2055 -1.032986 -1.364210 
2056 -0.942746 -1.348368 
2057 -0.951156 -1.314431 
2058 -0.831406 -1.305491 
2059 -1.030159 -1.344294 
2060 -1.104993 -1.357784 
2061 -1.322602 -1.396599 
2062 -0.791590 -1.334489 
2063 -1.117973 -1.364513 
2064 -0.942525 -1.333379 
2065 -0.537224 -1.299111 
2066 -0.728422 -1.315542 
2067 -0.456290 -1.229308 
2068 -0.428157 -1.241900 
2069 -0.100451 -1.286105 
2070 -0.354734 -1.248491 
2071 -0.134848 -1.295079 
2072 -0.325425 -1.229111 
2073 -0.352904 -1.276714 
2074 -0.095866 -1.240228 
2075 -0.113373 -1.264561 
2076 -0.045265 -1.277474 
2077 -0.033233 -1.283883 
2078 0.077441 -1.297814 
2079 -0.091734 -1.258162 
2080 0.079607 -1.316896 
2081 -0.199117 -1.289703 
2082 -0.065564 -1.296013 
2083 -0.153859 -1.278639 
2084 0.161902 -1.359819 
2085 0.391318 -1.378609 
2086 0.338694 -1.348373 
2087 0.216165 -1.337319 
2088 0.246561 -1.396712 
2089 0.159118 -1.379504 
2090 0.335217 -1.371964 
2091 0.161893 -1.325729 
2092 -0.101857 -1.312752 
2093 0.065481 -1.308080 
2094 0.011194 -1.342270 
2095 0.014474 -1.311077 
2096 0.140007 -1.346606 
2097 0.128262 -1.365026 
2098 -0.124370 -1.293078 
2099 0.137989 -1.289690 
2100 0.102005 -1.363701 
2101 -0.051945 -1.319830 
2102 0.138703 -1.308260 
2103 -0.330177 -1.251574 
2104 0.279483 -1.348233 
2105 0.082200 -1.292154 
2106 -0.114670 -1.243561 
2107 -0.069518 -1.255312 
2108 -0.055219 -1.245476 
2109 -0.197409 -1.224655 
2110 0.017745 -1.302907 
2111 -0.281982 -1.218124 
2112 0.023757 -1.267220 
2113 -0.189790 -1.271101 
2114 -0.238304 -1.212231 
2115 0.216321 -1.308636 
2116 0.029452 -1.307967 
2117 0.024976 -1.283955 
2118 -0.233542 -1.293617 
2119 -0.273541 -1.254117 
2120 -0.287262 -1.244486 
2121 -0.099016 -1.258318 
2122 -0.539716 -1.235108 
2123 -0.417953 -1.251489 
2124 -0.400193 -1.260053 
2125 -0.531541 -1.225224 
2126 -0.395856 -1.234294 
2127 -0.209171 -1.244261 
2128 -0.385047 -1.250487 
2129 -0.513386 -1.223755 
2130 -0.165430 -1.263000 
2131 -0.288501 -1.244256 
2132 -0.335055 -1.257942 
2133 -0.408775 -1.244599 
2134 -0.316223 -1.241894 
2135 -0.519390 -1.225074 
2136 -0.389942 -1.249495 
2137 -0.080271 -1.261233 
2138 -0.551843 -1.238514 
2139 -0.128223 -1.229573 
2140 -0.341140 -1.250027 
2141 0.008042 -1.272822 
2142 0.038525 -1.249758 
2143 0.033702 -1.259441 
2144 0.014812 -1.249981 
2145 0.115523 -1.268903 
2146 0.002407 -1.236630 
2147 0.118661 -1.266330 
2148 0.287620 -1.285148 
2149 0.160670 -1.249444 
2150 0.353668 -1.285006 
2151 0.036659 -1.271841 
2152 0.238240 -1.270163 
2153 -0.091240 -1.260760 
2154 0.109370 -1.261202 
2155 -0.000063 -1.284464 
2156 0.115442 -1.230906 
2157 0.070067 -1.259076 
2158 0.034075 -1.276349 
2159 -0.154316 -1.216893 
2160 -0.032083 -1.277277 
2161 -0.322440 -1.245324 
2162 -0.144991 -1.250359 
2163 -0.275119 -1.257492 
2164 -0.357131 -1.218708 
2165 -0.093257 -1.295660 
2166 0.052863 -1.278240 
2167 -0.133101 -1.343448 
2168 -0.102663 -1.312384 
2169 -0.057169 -1.315099 
2170 -0.320564 -1.333017 
2171 -0.084302 -1.349293 
2172 -0.210360 -1.348779 
2173 -0.053268 -1.327843 
2174 -0.175520 -1.368986 
2175 -0.360870 -1.322123 
2176 0.070333 -1.361363 
2177 -0.342085 -1.329702 
2178 0.078575 -1.323155 
2179 0.000882 -1.310087 
2180 0.037593 -1.329666 
2181 -0.377074 -1.324098 
2182 0.065852 -1.307356 
2183 -0.236665 -1.283674 
2184 -0.031926 -1.253900 
2185 -0.454233 -1.223383 
2186 0.034545 -1.263138 
2187 -0.087533 -1.231038 
2188 -0.377554 -1.193011 
2189 0.027116 -1.288110 
2190 -0.145502 -1.239553 
2191 -0.530269 -1.206673 
2192 -0.131994 -1.177683 
2193 -0.247311 -1.186028 
2194 -0.429524 -1.217710 
2195 -0.346456 -1.211032 
2196 -0.152800 -1.234341 
2197 -0.272722 -1.174131 
2198 -0.177369 -1.224876 
2199 -0.012814 -1.183146 
2200 -0.136840 -1.224609 
2201 -0.097874 -1.194205 
2202 -0.079764 -1.244655 
2203 -0.510427 -1.225430 
2204 -0.141676 -1.202729 
2205 -0.397879 -1.267952 
2206 -0.625758 -1.176297 
2207 -0.553844 -1.229151 
2208 -0.283887 -1.217860 
2209 0.045703 -1.248622 
2210 -0.281640 -1.177850 
2211 -0.058208 -1.147114 
2212 -0.235644 -1.192519 
2213 0.130875 -1.303730 
2214 -0.237446 -1.220207 
2215 -0.146593 -1.222719 
2216 -0.001698 -1.261381 
2217 0.076978 -1.236935 
2218 -0.153710 -1.267484 
2219 -0.079420 -1.243683 
2220 0.042336 -1.242529 
2221 -0.253617 -1.198149 
2222 0.205653 -1.233655 
2223 -0.065080 -1.204224 
2224 0.185845 -1.252920 
2225 -0.137225 -1.155434 
2226 0.122300 -1.248284 
2227 -0.215371 -1.202982 
2228 -0.150418 -1.217618 
2229 -0.285140 -1.177802 
2230 0.004789 -1.165480 
2231 -0.162425 -1.159802 
2232 -0.449858 -1.101584 
2233 -0.468521 -1.161934 
2234 -0.141997 -1.123170 
2235 -0.477449 -1.197238 
2236 -0.443324 -1.134935 
2237 -0.396001 -1.197289 
2238 -0.178394 -1.137624 
2239 -0.483434 -1.207849 
2240 -0.169170 -1.182193 
2241 -0.403447 -1.210853 
2242 -0.365061 -1.204425 
2243 -0.271893 -1.148073 
2244 -0.485741 -1.230922 
2245 -0.006982 -1.237046 
2246 -0.391984 -1.202111 
2247 -0.197484 -1.230582 
2248 -0.380456 -1.189539 
2249 -0.047010 -1.251765 
2250 -0.494339 -1.210399 
2251 -0.115659 -1.252010 
2252 -0.431130 -1.224143 
2253 -0.245155 -1.225659 
2254 -0.314718 -1.231635 
2255 -0.414826 -1.256812 
2256 -0.223036 -1.260270 
2257 -0.414393 -1.219497 
2258 -0.285992 -1.255869 
2259 -0.541651 -1.255359 
2260 -0.374995 -1.245034 
2261 -0.273606 -1.313236 
2262 0.045317 -1.270572 
2263 0.009878 -1.272964 
2264 -0.208189 -1.271715 
2265 0.036345 -1.266365 
2266 -0.311026 -1.257760 
2267 0.030167 -1.277214 
2268 -0.384288 -1.256859 
2269 -0.354222 -1.263719 
2270 -0.285681 -1.299322 
2271 -0.389924 -1.264724 
2272 -0.373490 -1.306086 
2273 -0.166532 -1.284362 
2274 -0.471576 -1.284474 
2275 -0.435093 -1.270266 
2276 -0.551949 -1.338248 
2277 -0.509730 -1.302034 
2278 -0.339482 -1.299245 
2279 -0.197953 -1.342568 
2280 -0.322430 -1.281773 
2281 -0.427880 -1.261284 
2282 -0.445281 -1.296870 
2283 -0.386922 -1.286649 
2284 -0.454659 -1.306378 
2285 -0.202736 -1.226119 
2286 -0.515307 -1.295280 
2287 -0.506701 -1.215565 
2288 -0.395563 -1.274844 
2289 -0.451843 -1.281787 
2290 -0.411540 -1.318621 
2291 -0.169352 -1.319168 
2292 -0.060216 -1.308066 
2293 -0.044483 -1.312360 
2294 0.302314 -1.334663 
2295 -0.062771 -1.319312 
2296 0.349682 -1.352714 
2297 -0.041877 -1.204702 
2298 0.255979 -1.262846 
2299 0.394684 -1.384830 
2300 0.333273 -1.305452 
2301 0.587053 -1.457225 
2302 0.239193 -1.368980 
2303 0.352955 -1.425565 
2304 0.312414 -1.400862 
2305 -0.018531 -1.399836 
2306 0.162688 -1.416180 
2307 -0.023667 -1.402418 
2308 -0.192943 -1.391414 
2309 -0.477793 -1.361217 
2310 0.083506 -1.480581 
2311 -0.368830 -1.362816 
2312 -0.143536 -1.449847 
2313 -0.144032 -1.412781 
2314 -0.077034 -1.405978 
2315 -0.084615 -1.402768 
2316 0.250351 -1.415099 
2317 -0.030927 -1.328092 
2318 -0.259020 -1.310489 
2319 0.245526 -1.368217 
2320 -0.001296 -1.325002 
2321 0.019270 -1.322635 
2322 0.067884 -1.334288 
2323 -0.147280 -1.354956 
2324 -0.046297 -1.330825 
2325 -0.201508 -1.344774 
2326 -0.095484 -1.321932 
2327 0.178828 -1.383347 
2328 -0.116307 -1.329591 
2329 -0.037985 -1.331669 
2330 0.382902 -1.405186 
2331 -0.065652 -1.304116 
2332 0.210913 -1.295066 
2333 0.264240 -1.339682 
2334 0.341511 -1.362973 
2335 0.293530 -1.364059 
2336 0.083334 -1.302779 
2337 0.192958 -1.354224 
2338 0.253199 -1.343090 
2339 -0.061949 -1.324064 
2340 0.359637 -1.386900 
2341 -0.030361 -1.326508 
2342 0.130781 -1.346335 
2343 0.413897 -1.375577 
2344 0.099668 -1.382547 
2345 0.297473 -1.359246 
2346 0.130057 -1.324931 
2347 0.141228 -1.280990 
2348 0.362136 -1.323484 
2349 -0.061323 -1.289904 
2350 0.155000 -1.295905 
2351 0.131920 -1.294671 
2352 0.278186 -1.294591 
2353 0.241076 -1.296890 
2354 0.468865 -1.308042 
2355 0.768574 -1.407966 
2356 0.666801 -1.369644 
2357 0.510915 -1.340189 
2358 0.803484 -1.395215 
2359 0.645898 -1.364582 
2360 0.825673 -1.432368 
2361 0.488681 -1.326665 
2362 0.379455 -1.300472 
2363 0.539055 -1.361331 
2364 0.501577 -1.333320 
2365 0.199096 -1.293764 
2366 0.233677 -1.323355 
2367 0.272511 -1.287624 
2368 0.149189 -1.289752 
2369 -0.355536 -1.246360 
2370 -0.341304 -1.227187 
2371 -0.389061 -1.229392 
2372 -0.162380 -1.239571 
2373 -0.123726 -1.241794 
2374 -0.198352 -1.240080 
2375 -0.313300 -1.213340 
2376 -0.375988 -1.230630 
2377 -0.602872 -1.236813 
2378 -0.802591 -1.269480 
2379 -0.818358 -1.212830 
2380 -0.970730 -1.261393 
2381 -0.872309 -1.225053 
2382 -0.704378 -1.265603 
2383 -0.490366 -1.234798 
2384 -0.732807 -1.228572 
2385 -0.375842 -1.239363 
2386 -0.252034 -1.258435 
2387 -0.356726 -1.241494 
2388 -0.409003 -1.248531 
2389 -0.115147 -1.257835 
2390 -0.388650 -1.272076 
2391 -0.624134 -1.251529 
2392 -0.436278 -1.242231 
2393 -0.502143 -1.293300 
2394 -0.473481 -1.252866 
2395 -0.462113 -1.237767 
2396 -0.288591 -1.271093 
2397 -0.215424 -1.249158 
2398 -0.537999 -1.241536 
2399 -0.520275 -1.236730 
2400 -0.543975 -1.250635 
2401 -0.264961 -1.212576 
2402 -0.219439 -1.230981 
2403 -0.180322 -1.231640 
2404 -0.293956 -1.215732 
2405 -0.432490 -1.197384 
2406 -0.140087 -1.179438 
2407 -0.402809 -1.200233 
2408 -0.773787 -1.180278 
2409 -0.674309 -1.165884 
2410 -0.521295 -1.171337 
2411 -0.646030 -1.164796 
2412 -0.465159 -1.158908 
2413 -0.929011 -1.164579 
2414 -0.688466 -1.181475 
2415 -0.968004 -1.197250 
2416 -0.732043 -1.179207 
2417 -1.034795 -1.237785 
2418 -0.708272 -1.166526 
2419 -0.928150 -1.224329 
2420 -0.655242 -1.230211 
2421 -0.667645 -1.232956 
2422 -0.503106 -1.213729 
2423 -0.730650 -1.244116 
2424 -0.665040 -1.215063 
2425 -0.551065 -1.247623 
2426 -0.426798 -1.188792 
2427 -0.855325 -1.226469 
2428 -0.716246 -1.205723 
2429 -0.749974 -1.190410 
2430 -0.638511 -1.197655 
2431 -0.692671 -1.212583 
2432 -0.590059 -1.184993 
2433 -0.759601 -1.160766 
2434 -0.741110 -1.183198 
2435 -0.399287 -1.086415 
2436 -0.173910 -1.138827 
2437 -0.025544 -0.978632 
