2329 2
61 -0.377305 -1.561393 
62 -0.245296 -1.507498 
63 0.338532 -1.261139 
64 0.217863 -1.290765 
65 0.129762 -1.335233 
66 0.089032 -1.300077 
67 0.020681 -1.309948 
68 0.175654 -1.348473 
69 0.322134 -1.268260 
70 0.445612 -1.220806 
71 0.253268 -1.231425 
72 0.340396 -1.228774 
73 0.406741 -1.198771 
74 0.041118 -1.308265 
75 -0.091017 -1.372934 
76 0.188404 -1.238173 
77 0.352820 -1.189680 
78 -0.131270 -1.395513 
79 0.072675 -1.296530 
80 0.000372 -1.273225 
81 0.234168 -1.214360 
82 0.683803 -1.057305 
83 0.271740 -1.271736 
84 0.567216 -1.120990 
85 0.491015 -1.157366 
86 0.353753 -1.191703 
87 0.069364 -1.308228 
88 0.470287 -1.181934 
89 0.198313 -1.307823 
90 0.619839 -1.135910 
91 0.755207 -1.133551 
92 0.803374 -1.133117 
93 0.330077 -1.188203 
94 0.125698 -1.234967 
95 0.519719 -1.149002 
96 0.344497 -1.185713 
97 0.418231 -1.188553 
98 0.584398 -1.097810 
99 0.665134 -1.116238 
100 0.250608 -1.229273 
101 0.370395 -1.172518 
102 0.866971 -1.075576 
103 0.669954 -1.115617 
104 0.667854 -1.133155 
105 0.526979 -1.204096 
106 0.281431 -1.190890 
107 0.606611 -1.120409 
108 0.571136 -1.137775 
109 0.424149 -1.139857 
110 0.436716 -1.172712 
111 0.632537 -1.137750 
112 0.422749 -1.189428 
113 0.370186 -1.181485 
114 0.189221 -1.231144 
115 0.315499 -1.200911 
116 0.259705 -1.193164 
117 0.509160 -1.133790 
118 0.673198 -1.052336 
119 0.785716 -1.060037 
120 0.320312 -1.192216 
121 0.712137 -1.072849 
122 0.473150 -1.184071 
123 0.436428 -1.175713 
124 0.319825 -1.225817 
125 0.688259 -1.120022 
126 0.319265 -1.236155 
127 0.260303 -1.244690 
128 0.228774 -1.238090 
129 0.669725 -1.069461 
130 0.182669 -1.227338 
131 0.332474 -1.185719 
132 0.275261 -1.187011 
133 0.093284 -1.298858 
134 0.489594 -1.156287 
135 0.301033 -1.261093 
136 0.338914 -1.233272 
137 0.587249 -1.136783 
138 0.114045 -1.311553 
139 0.628712 -1.123472 
140 0.553485 -1.150293 
141 0.640784 -1.156092 
142 0.201122 -1.228891 
143 0.045606 -1.309255 
144 0.544749 -1.201235 
145 0.725290 -1.112244 
146 0.503454 -1.202911 
147 0.582542 -1.156714 
148 0.461204 -1.146676 
149 0.676498 -1.125023 
150 0.714089 -1.085696 
151 0.130657 -1.320957 
152 0.340244 -1.169976 
153 0.426903 -1.173818 
154 0.477512 -1.129398 
155 0.590822 -1.114114 
156 0.593868 -1.148544 
157 0.192479 -1.268095 
158 0.699268 -1.112629 
159 0.209922 -1.282958 
160 0.226687 -1.288254 
161 0.451500 -1.215273 
162 0.313828 -1.247144 
163 0.163653 -1.275021 
164 0.037949 -1.336829 
165 0.071630 -1.334389 
166 0.314624 -1.279424 
167 0.532511 -1.133306 
168 0.124467 -1.300696 
169 0.421814 -1.174219 
170 0.362570 -1.216661 
171 0.815570 -1.100606 
172 0.533966 -1.157691 
173 0.353285 -1.219127 
174 0.593632 -1.148515 
175 0.567517 -1.108386 
176 0.415667 -1.168859 
177 0.157637 -1.273442 
178 -0.030140 -1.352349 
179 0.193920 -1.283482 
180 0.136654 -1.249580 
181 0.025866 -1.350588 
182 0.057649 -1.280302 
183 -0.185378 -1.400225 
184 0.055417 -1.317551 
185 0.041270 -1.274841 
186 0.419236 -1.153969 
187 0.505844 -1.139469 
188 0.248835 -1.239188 
189 0.188534 -1.222882 
190 0.196906 -1.185341 
191 0.679998 -1.041810 
192 0.366331 -1.184630 
193 0.125139 -1.281195 
194 0.351831 -1.215890 
195 0.150499 -1.273326 
196 0.313179 -1.202557 
197 0.328109 -1.225196 
198 0.248228 -1.197160 
199 0.426006 -1.144722 
200 0.669485 -1.144627 
201 0.586152 -1.123596 
202 0.675042 -1.076848 
203 0.503728 -1.129154 
204 0.024823 -1.329055 
205 0.665973 -1.034348 
206 0.367805 -1.165787 
207 0.118212 -1.230279 
208 0.288483 -1.167089 
209 0.122502 -1.257028 
210 0.394364 -1.181087 
211 0.394350 -1.158238 
212 0.631119 -1.105596 
213 -0.022049 -1.392256 
214 0.167112 -1.211801 
215 0.310534 -1.164586 
216 0.559271 -1.080625 
217 0.182427 -1.231706 
218 0.321531 -1.242414 
219 0.466526 -1.122749 
220 0.661669 -1.087399 
221 0.167361 -1.238397 
224 0.289485 -1.199575 
225 0.344280 -1.179902 
226 0.216536 -1.230749 
227 0.133122 -1.253586 
228 0.663579 -1.108984 
229 0.312633 -1.230370 
230 0.267881 -1.229609 
231 0.811042 -1.079937 
232 0.411564 -1.165703 
233 0.099349 -1.277198 
234 0.578897 -1.118080 
235 -0.006842 -1.329225 
236 0.039592 -1.266759 
237 0.105915 -1.233409 
238 0.254016 -1.186845 
239 0.076792 -1.311485 
240 -0.034592 -1.413807 
241 0.425152 -1.181983 
242 0.281295 -1.207663 
243 0.332071 -1.168133 
244 0.203062 -1.247095 
245 0.517992 -1.095870 
246 0.641761 -1.074296 
247 0.451028 -1.122750 
248 0.293371 -1.168721 
249 0.508041 -1.102569 
250 0.665306 -1.087168 
251 0.413216 -1.105132 
252 0.595734 -1.043207 
253 0.430747 -1.087612 
254 0.444345 -1.107548 
255 0.275105 -1.232921 
256 0.550125 -1.123095 
257 0.612448 -1.141366 
258 0.526811 -1.169733 
259 0.678911 -1.096534 
260 0.439389 -1.195196 
261 0.380526 -1.160355 
262 0.775982 -1.122185 
263 0.589952 -1.149587 
264 0.684301 -1.124146 
265 0.921135 -1.081534 
266 0.797763 -1.081385 
267 0.807274 -1.101482 
268 0.389139 -1.228389 
269 0.647822 -1.143737 
270 0.460728 -1.205552 
271 0.135903 -1.331060 
272 0.373459 -1.258001 
273 0.483610 -1.194803 
274 0.679738 -1.146631 
275 0.479352 -1.179558 
276 0.605229 -1.148321 
277 0.714506 -1.075320 
278 0.728322 -1.104355 
279 0.643731 -1.113164 
280 0.546906 -1.135810 
281 0.735054 -1.058347 
282 0.335657 -1.181476 
283 0.784286 -1.059111 
284 0.503000 -1.136186 
285 0.399125 -1.175140 
286 0.088183 -1.281887 
287 0.621839 -1.124513 
288 0.608702 -1.064037 
289 0.647522 -1.053500 
290 0.397346 -1.247060 
291 0.162459 -1.311432 
292 0.609422 -1.174062 
293 0.732548 -1.102579 
294 0.527593 -1.160510 
295 0.436110 -1.185887 
296 0.292348 -1.180676 
297 0.322469 -1.208956 
298 0.597240 -1.161864 
299 0.157759 -1.292970 
300 0.273665 -1.216529 
301 0.317418 -1.167940 
302 0.485654 -1.143368 
303 0.601817 -1.056845 
304 0.295354 -1.232216 
305 0.350114 -1.168948 
306 0.607290 -1.048358 
307 0.272137 -1.235252 
308 0.255904 -1.247380 
309 0.597865 -1.214365 
310 0.251759 -1.256041 
311 0.421554 -1.139288 
312 0.402188 -1.159690 
313 0.017936 -1.311381 
314 0.031978 -1.260475 
315 0.370654 -1.174764 
316 0.553151 -1.082414 
317 0.269756 -1.202556 
318 0.449657 -1.149512 
319 0.612525 -1.124019 
320 0.475452 -1.159044 
321 0.220234 -1.198176 
322 0.504054 -1.168764 
323 0.466049 -1.118236 
324 0.561925 -1.133477 
325 0.039410 -1.274869 
326 0.014871 -1.312017 
327 0.555818 -1.130285 
328 0.437648 -1.162405 
329 0.328707 -1.189930 
330 -0.005400 -1.342562 
331 0.199093 -1.265844 
332 0.232805 -1.233748 
333 0.602764 -1.099956 
334 0.647398 -1.126667 
335 0.188667 -1.295180 
336 0.264169 -1.227261 
337 0.365715 -1.220518 
338 0.351641 -1.196975 
339 0.461767 -1.167433 
340 0.597032 -1.077333 
341 0.269510 -1.215893 
342 0.197249 -1.196137 
343 0.072834 -1.329965 
344 -0.032184 -1.344580 
345 0.042014 -1.326632 
346 0.743726 -1.069605 
347 0.210441 -1.215438 
348 0.423638 -1.205765 
349 0.131981 -1.250006 
350 0.277203 -1.251509 
351 0.245449 -1.264037 
352 -0.004321 -1.352157 
353 0.428537 -1.215974 
354 0.108547 -1.310777 
355 0.393041 -1.220445 
356 0.035295 -1.330095 
357 0.166286 -1.307436 
358 0.009525 -1.336441 
359 0.039493 -1.314927 
360 0.437766 -1.163131 
361 0.462798 -1.142267 
362 0.468473 -1.225540 
363 0.544614 -1.132429 
364 0.550079 -1.136133 
365 0.504557 -1.125336 
366 0.469923 -1.169734 
367 0.019428 -1.317091 
368 0.320873 -1.214910 
369 0.029519 -1.280869 
370 0.185676 -1.244471 
371 0.414044 -1.124979 
372 0.232951 -1.225195 
373 0.471495 -1.152288 
374 0.290642 -1.261497 
375 0.430862 -1.193500 
376 0.432842 -1.168935 
377 0.191521 -1.278692 
378 0.219695 -1.259577 
379 0.170579 -1.234419 
380 0.150558 -1.313390 
381 0.317862 -1.236999 
382 0.648302 -1.098890 
383 0.563659 -1.159002 
384 0.434221 -1.143420 
385 0.427253 -1.221673 
386 0.155536 -1.258994 
387 -0.216256 -1.470319 
388 0.010900 -1.378121 
389 0.190315 -1.261119 
390 0.325801 -1.235504 
391 0.302857 -1.218205 
392 0.284646 -1.234720 
393 0.069407 -1.299448 
394 0.236032 -1.265865 
395 0.211277 -1.254934 
396 0.156502 -1.301313 
397 0.196401 -1.241457 
398 0.125471 -1.302141 
399 0.032539 -1.320890 
400 0.089042 -1.257121 
401 0.146460 -1.273541 
402 0.073707 -1.366149 
403 0.342924 -1.215239 
404 0.474687 -1.150878 
405 0.429950 -1.205494 
406 0.557863 -1.149752 
407 0.581618 -1.120201 
408 0.563500 -1.135301 
409 0.322851 -1.230068 
410 0.542994 -1.137016 
411 0.255261 -1.233636 
412 0.349597 -1.204479 
413 0.370873 -1.191201 
414 0.437530 -1.141084 
415 0.380469 -1.152205 
416 0.352565 -1.196894 
417 0.731165 -1.063586 
418 0.073382 -1.278518 
419 0.491976 -1.129290 
420 0.247683 -1.239132 
421 0.515894 -1.147815 
422 0.264398 -1.213122 
423 0.607205 -1.060971 
424 -0.052383 -1.357797 
425 0.207333 -1.216264 
426 0.308501 -1.206221 
427 0.341320 -1.209200 
428 0.635469 -1.155520 
429 0.261996 -1.241957 
430 0.567847 -1.127406 
431 0.298710 -1.182498 
432 0.735459 -1.007446 
433 0.554710 -1.099871 
434 0.439468 -1.105619 
435 0.551542 -1.086605 
436 0.085673 -1.295561 
437 0.253962 -1.221952 
438 0.324300 -1.164622 
439 0.496428 -1.183840 
440 0.292223 -1.255485 
441 0.419369 -1.200225 
442 0.562554 -1.166745 
443 0.480440 -1.201468 
444 -0.022936 -1.331644 
445 -0.664319 -1.706598 
446 0.020003 -1.311567 
447 -0.267839 -1.439026 
448 -0.406983 -1.517785 
449 -0.009963 -1.323496 
450 -0.363032 -1.537231 
451 -0.189291 -1.396017 
452 0.335959 -1.200588 
453 0.308561 -1.204901 
454 0.290488 -1.221304 
455 -0.074719 -1.388729 
456 -0.132448 -1.346602 
457 -0.087159 -1.357902 
458 -0.271482 -1.449262 
459 -0.215689 -1.418287 
460 -0.064110 -1.369150 
461 -3.036292 -4.987851 
462 -1.437695 -2.705201 
463 -1.269787 -2.470004 
464 -1.009845 -2.020852 
465 -1.414083 -2.695195 
466 -1.086393 -2.271445 
467 -1.016509 -2.069871 
468 -1.005717 -2.021005 
469 -0.989191 -2.055844 
470 -0.979533 -1.965224 
471 -0.942851 -1.959974 
472 -0.126243 -1.388081 
473 -0.913348 -1.937246 
474 -0.294591 -1.475811 
475 0.123951 -1.264248 
476 0.240417 -1.259676 
477 0.062890 -1.305157 
478 -0.349629 -1.472658 
479 -0.101835 -1.382444 
480 -0.093891 -1.375596 
481 0.192661 -1.251617 
482 -0.172851 -1.370543 
483 -0.237840 -1.449607 
484 -0.939773 -1.940280 
485 -0.830589 -1.871425 
486 -0.119913 -1.369785 
487 -0.105500 -1.366885 
488 -0.069204 -1.376871 
489 -0.052660 -1.380012 
490 0.263740 -1.222186 
491 0.235955 -1.242356 
492 0.211273 -1.228549 
493 0.071384 -1.320347 
494 -0.891087 -1.907503 
495 -0.290262 -1.465160 
496 0.458196 -1.126452 
497 0.064752 -1.284966 
498 -0.941860 -1.893618 
499 0.107616 -1.238122 
500 -0.223988 -1.407335 
501 -0.854088 -1.878098 
502 0.118110 -1.278829 
503 0.264406 -1.234706 
504 0.361100 -1.155496 
505 0.357909 -1.192436 
506 0.393964 -1.175614 
507 0.081745 -1.244644 
508 0.183898 -1.235732 
509 0.582978 -1.092317 
510 -0.824898 -1.827653 
511 0.172082 -1.269331 
512 0.149864 -1.298489 
513 -0.901271 -1.905477 
514 -0.883411 -1.980870 
515 0.056830 -1.322839 
516 -0.772061 -1.778881 
517 0.265727 -1.201770 
518 0.537730 -1.151480 
519 0.646309 -1.081871 
520 0.147506 -1.258893 
521 0.290103 -1.161023 
522 0.342839 -1.167709 
523 0.364427 -1.211600 
524 0.488500 -1.148647 
525 0.165321 -1.270761 
526 0.373958 -1.236580 
527 0.346893 -1.216399 
528 0.206636 -1.256466 
529 0.039749 -1.312574 
530 0.224757 -1.261150 
531 -0.207923 -1.468206 
532 -0.093601 -1.380597 
533 -0.353675 -1.474847 
534 0.101514 -1.298767 
535 -0.016575 -1.370900 
536 -0.087425 -1.360694 
537 0.168600 -1.263092 
538 0.178640 -1.221098 
539 0.038443 -1.326183 
540 0.415310 -1.182090 
541 0.103013 -1.288614 
542 0.453981 -1.133230 
543 0.010202 -1.315962 
544 0.611292 -1.141905 
545 0.041708 -1.351836 
546 -0.048814 -1.381244 
547 0.189738 -1.277999 
548 0.640323 -1.097413 
549 0.564437 -1.183021 
550 0.249982 -1.260608 
551 0.329767 -1.200304 
552 0.463589 -1.154440 
553 0.229267 -1.214485 
554 0.556372 -1.117774 
555 0.429729 -1.165029 
556 0.496662 -1.068323 
557 0.430422 -1.115886 
558 -0.937645 -1.953385 
559 -0.062729 -1.315735 
560 0.043460 -1.276564 
561 0.249911 -1.244059 
562 0.397718 -1.173889 
563 0.284195 -1.233842 
564 0.156515 -1.227072 
565 0.013677 -1.318251 
566 -0.046589 -1.340885 
567 0.196396 -1.314408 
568 -0.002450 -1.364522 
569 0.302630 -1.214138 
570 0.078752 -1.294794 
571 -0.108640 -1.348972 
572 0.358705 -1.208336 
573 -0.046611 -1.353492 
574 0.506504 -1.141327 
575 0.449518 -1.168582 
576 0.340411 -1.202271 
577 0.369032 -1.168496 
578 0.005149 -1.316677 
579 0.267677 -1.234382 
580 0.437606 -1.137292 
581 0.066018 -1.343547 
582 -0.111557 -1.353512 
583 0.164416 -1.258978 
584 -0.869658 -1.858202 
585 0.157549 -1.275867 
586 -0.071587 -1.367635 
587 0.200695 -1.253628 
588 0.417401 -1.171742 
589 0.112986 -1.254233 
590 0.194562 -1.233938 
591 0.300149 -1.195217 
592 0.229931 -1.244983 
593 0.123381 -1.253547 
594 0.076937 -1.270610 
595 0.196769 -1.242283 
596 0.519498 -1.132084 
597 0.515718 -1.113688 
598 -0.005336 -1.320106 
599 -0.067488 -1.377163 
600 0.066126 -1.266442 
601 0.148423 -1.268507 
602 -0.018388 -1.318048 
603 0.276528 -1.190943 
604 0.183913 -1.212565 
605 0.458952 -1.147325 
606 0.120207 -1.286822 
607 0.254653 -1.193526 
608 0.302941 -1.177721 
609 0.413858 -1.207297 
610 0.443842 -1.141974 
611 0.641580 -1.104711 
612 0.518408 -1.112181 
613 0.591174 -1.088850 
614 0.453445 -1.185471 
615 0.432737 -1.185489 
616 0.687414 -1.102736 
617 0.409789 -1.186850 
618 0.266488 -1.247464 
619 0.408238 -1.162802 
620 0.254245 -1.218331 
621 0.144220 -1.276118 
622 0.066053 -1.275329 
623 -0.802808 -1.764701 
624 0.256576 -1.228252 
625 0.188704 -1.239030 
626 0.161916 -1.251667 
627 0.012046 -1.344473 
628 0.200716 -1.248567 
629 0.462136 -1.153635 
630 0.456301 -1.183617 
631 0.437503 -1.147618 
632 0.468423 -1.143072 
633 0.196925 -1.244111 
634 0.454688 -1.171102 
635 0.201428 -1.218636 
636 0.184284 -1.272280 
637 0.022994 -1.329021 
638 0.203917 -1.227397 
639 0.073206 -1.269981 
640 0.496108 -1.088435 
641 0.245827 -1.228807 
642 -0.119004 -1.357622 
643 0.098307 -1.268895 
644 0.282587 -1.181992 
645 0.237303 -1.195594 
646 0.134739 -1.264737 
647 0.637611 -1.079470 
648 0.202860 -1.229612 
649 0.555504 -1.148032 
650 0.563075 -1.122294 
651 0.235196 -1.205518 
652 0.281230 -1.228749 
653 0.103989 -1.233576 
654 0.253787 -1.208168 
655 0.085308 -1.274892 
656 0.364615 -1.147089 
657 0.483110 -1.123937 
658 0.458796 -1.157682 
659 0.408543 -1.188540 
660 0.201834 -1.221099 
661 0.449883 -1.147548 
662 0.386411 -1.179820 
663 -0.154450 -1.343859 
664 0.035302 -1.266810 
665 0.009872 -1.316206 
666 0.301695 -1.206024 
667 0.096971 -1.276973 
668 0.341353 -1.264902 
669 0.731214 -1.100965 
670 0.059742 -1.347345 
671 -0.097895 -1.402452 
672 -0.040781 -1.387550 
673 0.254329 -1.266331 
674 0.234453 -1.282317 
675 0.124031 -1.287435 
676 -0.050559 -1.360233 
677 0.491925 -1.132311 
678 0.221285 -1.228390 
679 -0.022875 -1.364194 
680 -0.004814 -1.384042 
681 0.079180 -1.320267 
682 0.248424 -1.227020 
683 0.505620 -1.155136 
684 0.597328 -1.118132 
685 0.357673 -1.190567 
686 0.200225 -1.208760 
687 0.405954 -1.140663 
688 0.100560 -1.243024 
689 0.367940 -1.170778 
690 0.376641 -1.121083 
691 0.414028 -1.140768 
692 0.174919 -1.230121 
693 0.050880 -1.310563 
694 0.294013 -1.193499 
695 0.464671 -1.183090 
696 0.270881 -1.235025 
697 0.639393 -1.124558 
698 0.726195 -1.129261 
699 0.676989 -1.125824 
700 0.658886 -1.093803 
701 0.310479 -1.204537 
702 0.270131 -1.264651 
703 0.857223 -1.037583 
704 0.596797 -1.095252 
705 0.479595 -1.160976 
706 0.853077 -1.071144 
707 0.586121 -1.208968 
708 0.561507 -1.155419 
709 0.365162 -1.195279 
710 0.409237 -1.196931 
711 0.256445 -1.238742 
712 0.768215 -1.039158 
713 0.549578 -1.141689 
714 0.029477 -1.295367 
715 0.164422 -1.219434 
716 0.157329 -1.298805 
717 -0.003425 -1.363495 
718 0.236299 -1.245402 
719 0.544899 -1.130174 
720 0.164159 -1.235983 
721 0.448422 -1.149689 
722 0.574693 -1.127329 
723 0.374591 -1.208366 
724 0.436944 -1.199031 
725 0.521881 -1.141451 
726 0.457599 -1.089696 
727 0.076622 -1.258412 
728 0.169855 -1.233538 
729 0.230195 -1.235565 
730 0.092240 -1.287134 
731 0.119871 -1.256185 
732 0.092464 -1.250772 
733 0.517816 -1.132902 
734 0.063335 -1.292036 
735 0.143730 -1.233071 
736 0.194411 -1.284174 
737 -0.004607 -1.347932 
738 0.017783 -1.334366 
739 0.499346 -1.096780 
740 0.484485 -1.163278 
741 0.466012 -1.168540 
742 -0.032163 -1.363670 
743 0.316902 -1.224559 
744 0.553699 -1.130500 
745 0.745404 -1.046723 
746 0.396868 -1.138700 
747 0.317315 -1.210037 
748 0.646730 -1.136976 
749 0.630317 -1.135718 
750 0.525998 -1.110998 
751 0.544763 -1.113886 
752 0.377416 -1.174942 
753 0.333751 -1.194303 
754 0.087958 -1.302519 
755 0.433732 -1.151753 
756 -0.735817 -1.750715 
757 0.005038 -1.320313 
758 0.307042 -1.197139 
759 0.360671 -1.176199 
760 0.288358 -1.238646 
761 0.097274 -1.277341 
762 0.263507 -1.186746 
763 0.334573 -1.178298 
764 0.275956 -1.223093 
765 0.247301 -1.179044 
766 0.315532 -1.153875 
767 0.265188 -1.205118 
768 -0.812840 -1.857080 
769 0.006212 -1.288513 
770 0.270129 -1.213385 
771 0.418588 -1.153323 
772 0.006004 -1.305927 
773 0.017739 -1.296231 
774 0.246259 -1.188652 
775 0.201782 -1.193436 
776 0.091600 -1.277154 
777 0.131160 -1.239143 
778 0.076456 -1.273945 
779 0.362037 -1.173521 
780 0.469748 -1.126667 
781 0.423553 -1.118009 
782 0.396289 -1.143905 
783 0.543757 -1.136119 
784 0.548244 -1.097296 
785 0.326988 -1.177494 
786 0.443742 -1.157536 
787 0.403682 -1.183258 
788 0.525308 -1.127851 
789 0.311770 -1.180371 
790 0.317618 -1.242659 
791 0.405058 -1.224375 
792 0.719939 -1.039364 
793 0.346885 -1.282118 
794 0.260077 -1.214250 
795 0.544627 -1.098282 
796 0.331296 -1.138626 
797 0.779382 -1.087750 
798 0.480080 -1.165574 
799 0.622123 -1.121396 
800 0.396652 -1.153371 
801 0.250994 -1.186490 
802 0.505601 -1.185924 
803 0.525686 -1.145010 
804 0.733433 -1.119560 
805 0.669171 -1.099889 
806 0.623339 -1.142670 
807 0.477120 -1.177730 
808 0.181923 -1.248105 
809 0.114706 -1.261801 
810 0.802086 -1.032132 
811 0.215793 -1.240813 
812 0.546765 -1.150019 
813 0.073192 -1.319677 
814 0.766765 -1.083412 
815 0.379899 -1.150155 
816 0.671612 -1.115440 
817 0.211509 -1.314026 
818 0.506914 -1.144798 
819 0.388369 -1.122140 
820 0.279275 -1.206570 
821 0.235020 -1.226108 
822 0.339907 -1.201984 
823 0.097841 -1.268118 
824 0.064497 -1.275373 
825 0.431691 -1.104430 
826 0.038505 -1.303941 
827 0.144567 -1.288403 
828 0.302228 -1.210277 
829 0.341521 -1.175950 
830 0.453184 -1.126918 
831 0.269085 -1.198457 
832 0.146818 -1.247383 
833 0.119605 -1.254622 
834 0.202915 -1.252245 
835 0.261747 -1.200250 
836 0.178526 -1.210691 
837 -0.009175 -1.310430 
838 0.588011 -1.133540 
839 0.417407 -1.186280 
840 0.328797 -1.200359 
841 0.242607 -1.201533 
842 0.352896 -1.196842 
843 -0.114832 -1.356527 
844 -0.831762 -1.824052 
845 -0.088756 -1.379377 
846 0.092444 -1.262826 
847 0.337314 -1.137580 
848 0.205030 -1.244271 
849 0.533552 -1.152658 
850 0.216697 -1.269981 
851 0.327363 -1.226330 
852 0.458229 -1.179571 
853 0.191300 -1.224751 
854 0.145534 -1.267290 
855 0.728031 -1.120914 
856 0.646316 -1.133924 
857 0.657230 -1.113541 
858 0.731738 -1.062534 
859 0.590534 -1.108857 
860 0.260836 -1.185956 
861 0.523344 -1.109072 
862 0.180802 -1.228102 
863 0.596373 -1.117290 
864 0.366841 -1.192547 
865 0.729804 -1.076638 
866 0.210511 -1.234669 
867 0.582279 -1.091671 
868 0.295267 -1.227532 
869 0.387354 -1.162206 
870 0.519959 -1.171960 
871 0.429944 -1.204558 
872 0.672318 -1.100927 
873 0.343296 -1.213733 
874 0.203545 -1.281869 
875 -0.817328 -1.788506 
876 -0.866383 -1.835713 
877 -0.028959 -1.371101 
878 0.048449 -1.326501 
879 0.380591 -1.176825 
880 0.382548 -1.169520 
881 0.631878 -1.058902 
882 0.261646 -1.182483 
883 0.501653 -1.129827 
884 0.579044 -1.115959 
885 0.227775 -1.248301 
886 -0.005982 -1.354140 
887 0.032972 -1.321786 
888 0.259436 -1.210745 
889 0.212060 -1.234542 
890 0.260530 -1.227243 
891 0.390221 -1.173618 
892 0.501459 -1.134957 
893 0.600330 -1.123221 
894 0.403481 -1.156786 
895 0.390777 -1.211450 
896 0.608436 -1.108377 
897 0.544257 -1.159841 
898 0.258507 -1.243457 
899 0.023582 -1.360019 
900 0.283506 -1.181223 
901 -0.842125 -1.867750 
902 0.371933 -1.177288 
903 0.021171 -1.328376 
904 -0.075944 -1.395875 
905 0.087076 -1.247703 
906 0.196694 -1.240667 
907 0.351189 -1.174636 
908 0.128429 -1.253077 
909 0.275542 -1.201952 
910 0.658211 -1.074376 
911 0.435589 -1.131204 
912 0.395659 -1.156485 
913 0.407743 -1.152371 
914 0.166069 -1.250597 
915 0.425291 -1.167926 
916 0.377278 -1.207947 
917 0.189309 -1.231433 
918 0.060226 -1.276479 
919 0.207134 -1.221323 
920 0.306691 -1.205405 
921 0.343866 -1.195483 
922 0.334581 -1.200557 
923 0.356019 -1.193524 
924 0.611620 -1.108907 
925 0.167119 -1.267109 
926 0.093206 -1.288404 
927 0.203045 -1.226608 
928 0.120660 -1.236176 
929 0.501051 -1.142621 
930 0.041242 -1.273164 
931 0.194201 -1.226722 
932 0.573481 -1.082702 
933 0.455637 -1.148585 
934 0.015136 -1.304876 
935 0.117107 -1.229601 
936 0.307002 -1.162557 
937 0.135918 -1.267107 
938 0.253084 -1.206697 
939 0.293760 -1.168844 
940 0.301166 -1.171429 
941 0.278478 -1.206702 
942 0.200729 -1.261869 
943 0.331768 -1.154334 
944 0.254380 -1.214635 
945 0.281380 -1.221311 
946 0.166434 -1.276558 
947 0.524255 -1.140677 
948 0.669562 -1.077198 
949 0.562464 -1.064620 
950 0.322147 -1.188201 
951 0.697899 -1.048644 
952 0.588190 -1.152237 
953 0.681546 -1.073881 
954 0.415454 -1.192496 
955 -0.032144 -1.308291 
956 0.182182 -1.246521 
957 0.456792 -1.152934 
958 0.482328 -1.179995 
959 0.582320 -1.067962 
960 0.742207 -1.109271 
961 0.363689 -1.169466 
962 0.237439 -1.188871 
963 0.172881 -1.269765 
964 0.292403 -1.226017 
965 0.501314 -1.180223 
966 0.047307 -1.350499 
967 0.154529 -1.258821 
968 0.598406 -1.091254 
969 0.635432 -1.096393 
970 0.257592 -1.203018 
971 0.064340 -1.286355 
972 0.456170 -1.142898 
973 0.142237 -1.250449 
974 0.444001 -1.161180 
975 0.269495 -1.196110 
976 0.247846 -1.227131 
977 0.315010 -1.197137 
978 0.190681 -1.227674 
979 0.306327 -1.187705 
980 0.582025 -1.125576 
981 0.169505 -1.241097 
982 0.409804 -1.125073 
983 0.160433 -1.292562 
984 0.334861 -1.163365 
985 0.361091 -1.156412 
986 0.215110 -1.220558 
987 0.580284 -1.120694 
988 0.444097 -1.186977 
989 0.201608 -1.233561 
990 0.421607 -1.168259 
991 0.467379 -1.143620 
992 0.346333 -1.189982 
993 0.287174 -1.199232 
994 0.321967 -1.178222 
995 0.479758 -1.084624 
996 0.663750 -1.072103 
997 0.618351 -1.104743 
998 0.188073 -1.249637 
999 0.419276 -1.093572 
1000 0.114692 -1.304163 
1001 0.015924 -1.341677 
1002 0.309619 -1.244059 
1003 0.354427 -1.227412 
1004 0.384492 -1.185515 
1005 0.588919 -1.169201 
1006 0.585783 -1.148104 
1007 0.676483 -1.144271 
1008 0.350642 -1.228043 
1009 0.241857 -1.243096 
1010 0.256429 -1.273357 
1011 0.467412 -1.223253 
1012 0.435840 -1.130278 
1013 0.264466 -1.212647 
1014 0.319817 -1.210831 
1015 0.512807 -1.199411 
1016 1.001155 -1.053810 
1017 0.513504 -1.207841 
1018 0.144966 -1.310140 
1019 0.586344 -1.174690 
1020 0.770368 -1.124385 
1021 0.729663 -1.128793 
1022 0.816554 -1.116208 
1023 0.258604 -1.248290 
1024 0.224787 -1.276112 
1025 0.611540 -1.161920 
1026 0.669690 -1.140505 
1027 0.528873 -1.161113 
1028 0.699951 -1.126713 
1029 0.650489 -1.134081 
1030 0.230132 -1.270190 
1031 0.731129 -1.138139 
1032 0.516373 -1.169840 
1033 0.806398 -1.084680 
1034 0.551231 -1.150270 
1035 0.402644 -1.203761 
1036 0.772324 -1.089763 
1037 0.660411 -1.121187 
1038 0.606731 -1.135681 
1039 0.555783 -1.152650 
1040 0.534704 -1.157280 
1041 0.576442 -1.109363 
1042 0.439540 -1.165511 
1043 0.365781 -1.169170 
1044 0.543595 -1.135965 
1045 0.529334 -1.169155 
1046 0.313968 -1.226664 
1047 0.558490 -1.167689 
1048 0.377491 -1.200924 
1049 0.589863 -1.138502 
1050 0.216259 -1.250765 
1051 -0.716598 -1.731086 
1052 0.137961 -1.273117 
1053 0.322667 -1.233982 
1054 0.508618 -1.160876 
1055 0.670383 -1.103438 
1056 0.232672 -1.263325 
1057 0.420916 -1.203747 
1058 0.488505 -1.159424 
1059 0.609232 -1.143968 
1060 0.695740 -1.149287 
1061 0.542409 -1.157310 
1062 0.349490 -1.181541 
1063 0.713547 -1.080096 
1064 0.467238 -1.185991 
1065 0.336654 -1.168826 
1066 0.299948 -1.158017 
1067 0.633703 -1.074623 
1068 0.283632 -1.186168 
1069 0.254245 -1.189682 
1070 0.677819 -1.058607 
1071 0.546072 -1.121596 
1072 0.495282 -1.200363 
1073 0.728798 -1.094031 
1074 0.547411 -1.164335 
1075 0.395643 -1.185224 
1076 0.691060 -1.078782 
1077 0.525925 -1.145578 
1078 0.398145 -1.196362 
1079 0.109676 -1.269266 
1080 0.446362 -1.163334 
1081 0.598899 -1.094475 
1082 0.448190 -1.136284 
1083 0.310103 -1.262518 
1084 0.137532 -1.248505 
1085 0.287554 -1.196226 
1086 0.394954 -1.177964 
1087 0.253753 -1.237508 
1088 0.352526 -1.197547 
1089 0.347222 -1.173701 
1090 0.019834 -1.318079 
1091 0.352438 -1.200192 
1092 -0.012893 -1.330748 
1093 0.216270 -1.250767 
1094 0.140996 -1.271500 
1095 0.101277 -1.276397 
1096 0.367069 -1.231651 
1097 -0.680348 -1.715463 
1098 0.427543 -1.165240 
1099 0.256812 -1.183414 
1100 0.535706 -1.066525 
1101 0.415620 -1.146869 
1102 0.441015 -1.150448 
1103 0.738923 -1.045934 
1104 0.547223 -1.154032 
1105 0.590866 -1.088371 
1106 0.422369 -1.111813 
1107 0.461378 -1.087584 
1108 0.297957 -1.179921 
1109 0.717246 -1.059981 
1110 0.312730 -1.196733 
1111 0.693698 -1.042674 
1112 0.310004 -1.171872 
1113 0.189107 -1.225443 
1114 0.573624 -1.109809 
1115 0.555199 -1.116950 
1116 0.203763 -1.215955 
1117 0.192905 -1.226617 
1118 0.666136 -1.091567 
1119 0.328275 -1.179782 
1120 0.739723 -1.047322 
1121 0.556928 -1.114016 
1122 0.395712 -1.144039 
1123 0.233155 -1.171617 
1124 0.231058 -1.190198 
1125 0.558095 -1.109118 
1126 0.355574 -1.161313 
1127 0.500839 -1.142895 
1128 0.266788 -1.255072 
1129 0.474097 -1.116851 
1130 0.153111 -1.262640 
1131 0.597728 -1.081453 
1132 0.434471 -1.196475 
1133 0.179884 -1.253748 
1134 0.321578 -1.210244 
1135 0.268697 -1.207818 
1136 0.541269 -1.139036 
1137 0.139689 -1.256571 
1138 0.156084 -1.245927 
1139 0.442132 -1.158397 
1140 0.446355 -1.125210 
1141 0.104810 -1.251219 
1142 0.527049 -1.178237 
1143 -0.045273 -1.318933 
1144 0.030858 -1.288610 
1145 0.154848 -1.203923 
1146 0.422815 -1.166035 
1147 0.563315 -1.165595 
1148 0.702998 -1.063979 
1149 0.651389 -1.081694 
1150 0.592162 -1.094955 
1151 0.434852 -1.106200 
1152 0.311715 -1.162094 
1153 0.114020 -1.292591 
1154 0.192502 -1.171984 
1155 0.162893 -1.219690 
1156 0.525961 -1.074061 
1157 0.465964 -1.092034 
1158 0.830961 -0.955604 
1159 0.410967 -1.061829 
1160 0.363832 -1.127817 
1161 0.410896 -1.133784 
1162 0.579618 -1.039299 
1163 0.680171 -1.094129 
1164 0.705681 -1.072889 
1165 0.571891 -1.096572 
1166 0.113318 -1.276914 
1167 0.136547 -1.240520 
1168 -0.874392 -1.861016 
1169 0.349929 -1.198108 
1170 0.046470 -1.277018 
1171 0.508534 -1.083186 
1172 0.433279 -1.159582 
1173 0.154750 -1.234983 
1174 0.084852 -1.281389 
1175 0.284986 -1.207744 
1176 0.620819 -1.118193 
1177 0.066005 -1.243251 
1178 0.327453 -1.200553 
1179 -0.112641 -1.372804 
1180 0.701302 -1.058641 
1181 0.009659 -1.278368 
1182 0.309257 -1.177248 
1183 0.486104 -1.094785 
1184 0.542346 -1.126409 
1185 0.114648 -1.283280 
1186 0.082928 -1.274805 
1187 0.119103 -1.316691 
1188 0.265870 -1.228337 
1189 0.184329 -1.212436 
1190 0.716710 -1.082305 
1191 0.569457 -1.120840 
1192 0.443212 -1.183623 
1193 0.386769 -1.172787 
1194 0.239645 -1.238212 
1195 0.439800 -1.196399 
1196 0.026219 -1.334509 
1197 0.157080 -1.242025 
1198 0.503643 -1.175504 
1199 0.396548 -1.194984 
1200 0.085643 -1.225306 
1201 0.572377 -1.093186 
1202 0.145744 -1.239049 
1203 0.548215 -1.138938 
1204 0.538444 -1.079803 
1205 0.170842 -1.316382 
1206 0.254765 -1.282172 
1207 0.130168 -1.286679 
1208 0.234320 -1.201355 
1209 0.128378 -1.204503 
1210 0.830733 -0.990062 
1211 0.480585 -1.110925 
1212 0.430720 -1.152418 
1213 0.623179 -1.032344 
1214 0.643238 -1.116565 
1215 0.619068 -1.130911 
1216 0.083591 -1.284715 
1217 0.229370 -1.243480 
1218 0.726533 -1.130126 
1219 0.270823 -1.232025 
1220 0.228225 -1.187802 
1221 0.168206 -1.230292 
1222 0.602223 -1.177871 
1223 0.560607 -1.127322 
1224 0.642045 -1.154438 
1225 0.373177 -1.274946 
1226 0.556056 -1.151218 
1227 0.439225 -1.197104 
1228 0.279064 -1.205192 
1229 0.245124 -1.250514 
1230 0.080447 -1.313160 
1231 0.118905 -1.301669 
1232 0.717070 -1.095127 
1233 0.721951 -1.121238 
1234 0.722021 -1.116266 
1235 0.175944 -1.231791 
1236 0.668922 -1.107865 
1237 0.211041 -1.311372 
1238 0.700780 -1.145793 
1239 0.539035 -1.205626 
1240 0.196194 -1.331552 
1241 0.360984 -1.271039 
1242 0.043452 -1.381245 
1243 0.211230 -1.291054 
1244 0.123969 -1.257291 
1245 0.175889 -1.269495 
1246 0.174747 -1.229154 
1247 0.214623 -1.189217 
1248 0.532973 -1.206431 
1249 0.248792 -1.214130 
1250 0.256436 -1.214138 
1251 0.610359 -1.118692 
1252 0.343920 -1.196388 
1253 0.149136 -1.301039 
1254 0.498722 -1.166783 
1255 0.196727 -1.223004 
1256 0.413456 -1.159292 
1257 0.149927 -1.280133 
1258 0.178121 -1.259004 
1259 0.579352 -1.139411 
1260 0.489341 -1.163639 
1261 0.085427 -1.301112 
1262 -0.055090 -1.394810 
1263 0.496436 -1.157249 
1264 0.086717 -1.262585 
1265 0.388119 -1.182458 
1266 -0.040277 -1.344697 
1267 -0.756754 -1.733695 
1268 0.188226 -1.229494 
1269 0.298016 -1.219274 
1270 0.197904 -1.205217 
1271 0.533776 -1.114239 
1272 0.433310 -1.141838 
1273 0.275514 -1.250926 
1274 0.030987 -1.307169 
1275 -0.857175 -1.810812 
1276 0.448722 -1.156859 
1277 0.454373 -1.164619 
1278 0.447194 -1.160332 
1279 0.470245 -1.154739 
1280 0.291915 -1.205284 
1281 0.365760 -1.225186 
1282 0.318540 -1.225786 
1283 0.187439 -1.222385 
1284 0.172654 -1.208180 
1285 -0.021605 -1.319811 
1286 0.337599 -1.189950 
1287 0.299405 -1.245262 
1288 0.503925 -1.149916 
1289 0.210664 -1.215988 
1290 0.259143 -1.216262 
1291 0.161057 -1.291730 
1292 0.483278 -1.166263 
1293 0.764646 -1.020755 
1294 0.577504 -1.100103 
1295 0.375705 -1.133014 
1296 0.413791 -1.160460 
1297 0.574051 -1.050284 
1298 0.612490 -1.103607 
1299 0.339050 -1.182710 
1300 0.123752 -1.221679 
1301 0.471413 -1.161749 
1302 -0.017235 -1.310994 
1303 0.501340 -1.124704 
1304 0.421581 -1.201972 
1305 0.246815 -1.259354 
1306 0.111851 -1.280578 
1307 0.411727 -1.112755 
1308 0.073462 -1.335168 
1309 0.708974 -1.124940 
1310 0.347806 -1.252974 
1311 -2.672774 -4.422233 
1312 1.857713 -0.970168 
1313 0.607993 -1.186165 
1314 0.550621 -1.207105 
1315 -0.879731 -2.009399 
1316 0.407504 -1.340087 
1317 4.243967 -1.605118 
1320 4.341601 -1.778771 
1321 1.642194 -1.062597 
1322 0.785389 -1.147406 
1323 0.830825 -1.196745 
1324 0.956505 -1.121269 
1325 1.145190 -1.109443 
1326 1.451640 -1.062887 
1327 0.894268 -1.102468 
1328 0.849587 -1.185759 
1329 0.974094 -1.090156 
1330 4.609407 -1.805540 
1331 -0.141278 -1.231836 
1332 0.932688 -1.109345 
1333 1.974239 -1.064441 
1334 1.287269 -1.077290 
1335 0.287348 -1.322869 
1336 1.912786 -0.998863 
1337 2.018242 -1.024503 
1338 1.024036 -1.103455 
1339 1.382663 -1.023521 
1340 2.083220 -1.091725 
1341 1.974095 -1.102971 
1342 1.291321 -1.097954 
1343 1.145982 -1.096522 
1344 1.770149 -1.054929 
1345 1.190276 -1.088029 
1346 2.042937 -1.016834 
1347 0.762069 -1.138532 
1348 0.654521 -1.164407 
1349 0.704436 -1.252758 
1350 2.430795 -1.185183 
1351 1.375529 -1.037320 
1352 0.687657 -1.126562 
1353 0.912914 -1.061780 
1354 1.011699 -1.108498 
1355 0.835757 -1.104417 
1356 1.713005 -1.007154 
1357 1.198686 -1.068164 
1358 0.497937 -1.255774 
1359 1.231660 -1.088933 
1360 0.667400 -1.222026 
1361 1.264178 -1.114376 
1362 1.365610 -1.067159 
1363 2.099684 -1.067880 
1365 1.071044 -1.158028 
1366 2.144521 -1.123460 
1367 0.673495 -1.164784 
1368 0.761384 -1.135697 
1369 0.205907 -1.346463 
1370 1.134551 -1.073706 
1371 0.539939 -1.243865 
1372 2.201766 -1.047588 
1373 1.388225 -1.031832 
1374 1.275817 -1.024033 
1375 2.521421 -1.223023 
1376 0.926296 -1.097120 
1377 1.224872 -1.094797 
1378 0.768063 -1.169609 
1379 -0.839106 -2.119766 
1380 1.983185 -1.084736 
1381 0.027410 -1.467578 
1382 2.226472 -1.095090 
1383 0.969173 -1.074289 
1384 0.428458 -1.243034 
1385 0.396774 -1.264103 
1386 0.952804 -1.104613 
1387 0.732359 -1.132313 
1388 1.225193 -1.100574 
1389 0.901088 -1.094481 
1390 1.167596 -1.019922 
1391 1.182595 -1.086957 
1392 0.825338 -1.144642 
1393 0.634862 -1.175323 
1394 0.338069 -1.287432 
1395 0.605366 -1.148841 
1396 1.942584 -1.091169 
1397 0.591437 -1.147573 
1398 0.394193 -1.223111 
1399 -0.833161 -2.016539 
1400 0.274154 -1.228760 
1401 0.876723 -1.137685 
1402 0.819002 -1.109546 
1403 0.028316 -1.414459 
1404 0.473267 -1.209060 
1405 0.870820 -1.122236 
1406 2.330405 -1.230892 
1407 1.836581 -1.041268 
1408 0.761794 -1.099110 
1409 0.558202 -1.206688 
1410 0.428347 -1.253157 
1411 0.619707 -1.110938 
1412 -0.906539 -2.030429 
1413 0.664129 -1.171047 
1414 0.509941 -1.241935 
1415 0.226780 -1.284738 
1416 0.379486 -1.209422 
1417 0.393555 -1.202954 
1418 -0.025784 -1.391947 
1419 -0.821404 -1.836761 
1420 0.359720 -1.232329 
1421 0.145974 -1.298714 
1422 0.418424 -1.177361 
1423 0.244846 -1.305556 
1424 0.246094 -1.281702 
1425 0.310218 -1.200959 
1426 0.223798 -1.279213 
1427 1.426886 -0.994419 
1428 0.340330 -1.211573 
1429 -0.764411 -1.774353 
1430 -0.014622 -1.343737 
1431 0.339562 -1.204488 
1432 0.351049 -1.190634 
1433 0.488988 -1.162836 
1434 0.551823 -1.172054 
1435 0.392172 -1.244038 
1436 0.767006 -1.115803 
1437 0.171177 -1.279716 
1438 0.575200 -1.202130 
1439 -0.948409 -2.114169 
1440 0.643756 -1.179209 
1441 -1.002688 -2.253346 
1442 0.394785 -1.237167 
1443 0.012972 -1.379822 
1444 1.962893 -1.091134 
1445 0.337018 -1.330118 
1446 1.794850 -1.029922 
1447 0.960930 -1.100984 
1448 0.657498 -1.120175 
1449 -1.070764 -2.366930 
1450 -0.304100 -1.430062 
1451 0.551374 -1.229107 
1452 0.290127 -1.371546 
1453 0.742776 -1.123669 
1454 0.319673 -1.253807 
1455 0.735927 -1.123923 
1456 1.747998 -1.029637 
1457 0.895439 -1.100016 
1458 -0.936176 -2.153244 
1459 0.227268 -1.333744 
1460 0.394620 -1.197750 
1461 0.154053 -1.364576 
1462 0.992837 -1.131600 
1463 0.522891 -1.201970 
1464 0.919070 -1.024032 
1465 0.095876 -1.314486 
1466 0.804957 -1.053674 
1467 0.635909 -1.102505 
1468 0.522698 -1.186969 
1469 0.465733 -1.169721 
1470 0.473990 -1.136337 
1471 0.426392 -1.188972 
1472 0.581091 -1.162856 
1473 0.453057 -1.166159 
1474 0.545999 -1.147919 
1475 0.498867 -1.200689 
1476 0.674121 -1.135364 
1477 -0.715852 -1.730637 
1478 0.460724 -1.211442 
1479 0.698901 -1.119479 
1480 0.380376 -1.224119 
1481 0.256395 -1.281088 
1482 0.428648 -1.134014 
1483 0.809427 -1.014451 
1484 0.229008 -1.193111 
1485 0.085514 -1.270767 
1486 0.232743 -1.272674 
1487 1.631843 -1.007136 
1488 0.258996 -1.185567 
1489 0.516109 -1.089880 
1490 0.613482 -1.101810 
1491 0.705149 -1.074759 
1492 0.493049 -1.117616 
1493 0.370216 -1.158651 
1494 0.445621 -1.135413 
1495 0.512719 -1.145800 
1496 0.664895 -1.082958 
1497 0.492917 -1.125231 
1498 0.157854 -1.255836 
1499 0.706761 -1.091609 
1500 0.945221 -1.018371 
1501 0.712443 -1.126063 
1502 0.585622 -1.106385 
1503 0.277536 -1.206128 
1504 0.347830 -1.165163 
1505 0.102470 -1.277084 
1506 0.166020 -1.228141 
1507 0.031563 -1.314215 
1508 0.322800 -1.222507 
1509 0.617129 -1.080002 
1510 0.711221 -1.084413 
1511 0.306365 -1.193085 
1512 0.094072 -1.356282 
1513 2.043526 -1.064266 
1514 0.715169 -1.093171 
1515 1.917374 -1.067179 
1516 0.875462 -1.106047 
1517 0.514693 -1.190968 
1518 0.273182 -1.247482 
1519 0.467668 -1.187604 
1520 0.680348 -1.103911 
1521 0.749826 -1.086354 
1522 0.555202 -1.149610 
1523 0.410310 -1.181420 
1524 0.395454 -1.178768 
1525 0.589773 -1.074232 
1526 0.355677 -1.216066 
1527 0.153273 -1.300721 
1528 0.415490 -1.174119 
1529 -0.016960 -1.408051 
1530 0.652354 -1.167354 
1531 0.834284 -1.075174 
1532 0.273302 -1.239678 
1533 0.366960 -1.215191 
1534 0.521173 -1.107470 
1535 0.693041 -1.079285 
1536 0.615971 -1.142275 
1537 0.288894 -1.234123 
1538 0.647448 -1.111678 
1539 0.699745 -1.037580 
1540 0.177132 -1.290040 
1541 0.541827 -1.116740 
1542 0.399338 -1.108544 
1543 0.409263 -1.167841 
1544 0.286923 -1.238480 
1545 0.173185 -1.260099 
1546 0.406079 -1.149691 
1547 0.524455 -1.144529 
1548 0.287311 -1.161442 
1549 0.400596 -1.155989 
1550 0.256859 -1.214473 
1551 1.803409 -1.045672 
1552 0.726571 -1.094021 
1553 0.596640 -1.142396 
1554 0.208082 -1.227167 
1555 0.327537 -1.273971 
1556 -0.099196 -1.439355 
1557 0.233896 -1.281922 
1558 0.391827 -1.162592 
1559 0.342828 -1.175815 
1560 0.873080 -1.068025 
1561 0.327050 -1.203243 
1562 -0.010650 -1.325268 
1563 0.242931 -1.174495 
1564 0.519825 -1.109590 
1565 0.633163 -1.095146 
1566 0.159383 -1.260233 
1567 0.340652 -1.178068 
1568 0.191828 -1.193933 
1569 0.147897 -1.273831 
1570 0.116676 -1.279000 
1571 0.287768 -1.204958 
1572 0.276282 -1.206759 
1573 0.532813 -1.061502 
1574 0.671860 -1.132543 
1575 -0.127814 -1.385001 
1576 0.247205 -1.255615 
1577 -0.120996 -1.428095 
1578 -1.059239 -2.342377 
1579 0.272569 -1.200032 
1580 0.113169 -1.276050 
1581 0.019594 -1.354837 
1582 0.507496 -1.200361 
1583 0.653087 -1.072889 
1584 0.340038 -1.203300 
1585 -0.058120 -1.380555 
1586 1.087034 -1.046269 
1587 0.039696 -1.438810 
1588 0.500716 -1.140527 
1589 0.773735 -1.096456 
1590 0.494787 -1.187569 
1591 -0.152815 -1.435151 
1592 0.784486 -1.082087 
1593 0.069441 -1.310046 
1594 0.440050 -1.200422 
1595 0.900057 -1.023590 
1596 0.431262 -1.274272 
1597 -0.926366 -2.208660 
1598 0.311612 -1.270390 
1599 0.177363 -1.310967 
1600 0.733915 -1.118260 
1601 0.082685 -1.355547 
1602 0.077008 -1.321252 
1603 0.377030 -1.231132 
1604 2.007089 -1.088255 
1605 0.686829 -1.121844 
1606 0.610821 -1.162013 
1607 0.592854 -1.182131 
1608 0.613422 -1.186517 
1609 0.856238 -1.067130 
1610 0.785843 -1.166402 
1611 0.396495 -1.243537 
1612 0.346495 -1.253021 
1613 1.866211 -1.007061 
1614 0.253865 -1.244975 
1615 0.458952 -1.150832 
1616 1.976845 -1.002405 
1617 0.763430 -1.084435 
1618 0.816619 -1.099314 
1619 0.837269 -1.086459 
1620 0.635568 -1.136399 
1621 0.450558 -1.138157 
1622 0.457853 -1.163334 
1623 0.264695 -1.223306 
1624 0.176712 -1.282230 
1625 0.619167 -1.140608 
1626 0.502842 -1.172055 
1627 0.891115 -1.035607 
1628 0.926619 -1.057122 
1629 0.375161 -1.236617 
1630 0.778157 -1.081228 
1631 0.859349 -1.058871 
1632 0.666150 -1.103023 
1633 0.731192 -1.097217 
1634 0.280209 -1.232442 
1635 0.274144 -1.215312 
1636 1.103834 -1.019454 
1637 0.708984 -1.087496 
1638 0.796291 -1.056154 
1639 0.218906 -1.203009 
1640 0.420381 -1.138315 
1641 0.473913 -1.159280 
1642 0.721349 -1.085113 
1643 0.342212 -1.200098 
1644 0.479198 -1.155850 
1645 0.483966 -1.166541 
1646 0.847700 -1.103997 
1647 0.713260 -1.050396 
1648 0.095656 -1.307081 
1649 0.639449 -1.041318 
1650 0.934306 -1.023874 
1651 1.067810 -1.032471 
1652 0.296986 -1.177881 
1653 0.918635 -1.034412 
1654 0.390361 -1.197220 
1655 0.868747 -1.076928 
1656 1.693462 -0.979249 
1657 0.703372 -1.108825 
1658 0.698314 -1.093451 
1659 0.701754 -1.092607 
1660 1.056038 -1.011965 
1661 0.810160 -1.063080 
1662 0.687165 -1.085760 
1663 0.578376 -1.178327 
1664 0.766919 -1.064201 
1665 0.501304 -1.100709 
1666 0.633515 -1.061995 
1667 0.829877 -1.008501 
1668 0.775926 -1.054090 
1669 0.718822 -1.054010 
1670 0.465288 -1.146806 
1671 0.746287 -1.091368 
1672 0.393142 -1.160106 
1673 0.691634 -1.080684 
1674 0.580158 -1.087312 
1675 0.561684 -1.129518 
1676 0.760634 -1.117362 
1677 0.437987 -1.161137 
1678 0.704735 -1.084300 
1679 0.385896 -1.175668 
1680 0.415048 -1.211500 
1681 0.391466 -1.199636 
1682 0.630790 -1.140173 
1683 0.647214 -1.101995 
1684 0.177668 -1.272514 
1685 0.625249 -1.113888 
1686 0.428067 -1.152296 
1687 0.758259 -1.109772 
1688 0.847903 -1.100401 
1689 0.644012 -1.102925 
1690 0.808738 -1.056748 
1691 0.760360 -1.090864 
1692 0.503973 -1.124118 
1693 0.434009 -1.175237 
1694 0.433904 -1.169199 
1695 0.767654 -1.080711 
1696 0.279731 -1.220936 
1697 0.570777 -1.065458 
1698 0.365730 -1.177880 
1699 0.364894 -1.231649 
1700 0.452107 -1.161006 
1701 0.296883 -1.262060 
1702 0.704850 -1.164201 
1703 0.926898 -1.042060 
1704 0.863594 -1.055611 
1705 0.689995 -1.083905 
1706 0.242293 -1.215623 
1707 0.767863 -1.035598 
1708 0.321851 -1.152161 
1709 0.420304 -1.164055 
1710 0.292987 -1.179587 
1711 0.472767 -1.141238 
1712 0.139820 -1.309300 
1713 0.545084 -1.119362 
1714 0.597128 -1.103420 
1715 0.412460 -1.197521 
1716 1.913840 -1.000256 
1717 0.074174 -1.312360 
1718 0.315869 -1.210935 
1719 0.240040 -1.252670 
1720 0.778294 -1.136123 
1721 0.386968 -1.200644 
1722 0.488701 -1.116774 
1723 0.477584 -1.219608 
1724 0.794382 -1.080106 
1725 0.697719 -1.095274 
1726 1.930793 -1.034182 
1727 0.069404 -1.321225 
1728 0.298382 -1.216692 
1729 0.272710 -1.203903 
1730 0.644459 -1.084808 
1731 0.440063 -1.190178 
1732 0.417807 -1.093596 
1733 0.047868 -1.243355 
1734 -0.073174 -1.300539 
1735 0.042157 -1.281984 
1736 -0.029892 -1.383943 
1737 0.529637 -1.181591 
1738 0.129961 -1.303279 
1739 0.032918 -1.310646 
1740 0.311071 -1.259055 
1741 0.247968 -1.290413 
1742 0.282418 -1.269490 
1743 -0.158079 -1.464028 
1744 -0.009897 -1.448340 
1745 1.856669 -1.066175 
1746 0.065279 -1.425419 
1747 0.073033 -1.353164 
1748 -1.081003 -2.327462 
1749 0.238974 -1.186611 
1750 0.144986 -1.330100 
1751 0.510709 -1.211413 
1752 0.793149 -1.152342 
1753 0.794528 -1.051825 
1754 0.724155 -1.155866 
1755 0.379191 -1.246780 
1756 0.518234 -1.159441 
1757 0.665281 -1.133242 
1758 0.120542 -1.338431 
1759 0.686569 -1.142799 
1760 0.024413 -1.425455 
1761 0.081635 -1.276778 
1762 0.414120 -1.186657 
1763 0.347106 -1.191443 
1764 0.385391 -1.255328 
1765 0.251751 -1.281546 
1766 0.136658 -1.252485 
1767 0.181020 -1.323878 
1768 0.314951 -1.247558 
1769 0.140358 -1.264526 
1770 0.094089 -1.296896 
1771 0.370222 -1.174834 
1772 0.462092 -1.286018 
1773 0.220716 -1.327643 
1774 0.665512 -1.138510 
1775 0.876039 -1.071813 
1776 1.851897 -1.035954 
1777 0.304498 -1.244185 
1778 0.301654 -1.266473 
1779 0.521518 -1.149126 
1780 0.594853 -1.127730 
1781 0.599123 -1.146155 
1782 0.506685 -1.174278 
1783 0.409636 -1.180175 
1784 0.612666 -1.137591 
1785 0.446949 -1.227839 
1786 0.214796 -1.299290 
1787 0.603548 -1.140356 
1788 0.750530 -1.110696 
1789 0.594189 -1.119152 
1790 1.938996 -0.989242 
1791 0.585083 -1.150717 
1792 1.004517 -1.105802 
1793 0.694881 -1.126088 
1794 0.635297 -1.135186 
1795 0.241030 -1.258891 
1796 0.514807 -1.168525 
1797 0.264085 -1.253340 
1798 0.505132 -1.161632 
1799 0.913199 -1.055704 
1800 0.639232 -1.076433 
1801 0.188961 -1.258411 
1802 0.507785 -1.154453 
1803 0.836325 -1.078902 
1804 0.338559 -1.219030 
1805 0.254064 -1.282064 
1806 0.749040 -1.150453 
1807 0.853254 -1.091608 
1808 0.769710 -1.118608 
1809 0.511985 -1.200137 
1810 0.680662 -1.137224 
1811 0.118680 -1.303754 
1812 0.741294 -1.077780 
1813 0.703735 -1.091447 
1814 0.439479 -1.159588 
1815 1.936194 -1.052710 
1816 0.182753 -1.295902 
1817 0.317741 -1.189634 
1818 0.398943 -1.173202 
1819 0.477058 -1.199182 
1820 0.684298 -1.091352 
1821 0.743264 -1.093810 
1822 0.598953 -1.119438 
1823 0.315693 -1.200441 
1824 0.231876 -1.198318 
1825 0.286848 -1.240012 
1826 0.695335 -1.151286 
1827 0.398663 -1.262566 
1828 0.496625 -1.135122 
1829 0.825759 -1.060658 
1830 0.568873 -1.119946 
1831 0.642060 -1.100309 
1832 0.637416 -1.123779 
1833 0.783065 -1.072236 
1834 0.836824 -1.073264 
1835 0.820888 -1.106138 
1836 0.875332 -1.010468 
1837 0.765829 -1.030922 
1838 0.884627 -1.040046 
1839 0.697372 -1.140724 
1840 0.633486 -1.162652 
1841 0.416076 -1.212108 
1842 0.567602 -1.166802 
1843 0.580756 -1.087782 
1856 0.976668 -1.083218 
1857 0.681496 -1.133030 
1858 0.657153 -1.068914 
1859 0.701150 -1.119886 
1860 0.577180 -1.127379 
1861 0.401894 -1.158492 
1862 0.425232 -1.176720 
1863 0.542058 -1.146903 
1864 0.788638 -1.064017 
1865 0.404443 -1.190214 
1866 0.343552 -1.207031 
1867 0.498091 -1.154643 
1868 0.284789 -1.165855 
1869 0.450914 -1.141083 
1870 0.335772 -1.162568 
1871 0.510802 -1.141906 
1872 0.501202 -1.147888 
1873 0.562660 -1.148951 
1874 0.645535 -1.101404 
1875 0.793191 -1.075251 
1876 0.818589 -1.056504 
1877 0.548890 -1.132700 
1878 0.656162 -1.102220 
1879 0.182227 -1.270069 
1880 0.114519 -1.340321 
1881 0.183525 -1.309492 
1882 0.698193 -1.062867 
1883 0.268384 -1.219265 
1884 0.698828 -1.118154 
1885 0.360306 -1.193428 
1886 0.389050 -1.175868 
1887 0.609328 -1.092658 
1888 0.444112 -1.191881 
1889 0.610325 -1.065046 
1890 0.749744 -1.034086 
1891 0.804418 -1.040915 
1892 0.715607 -1.108439 
1893 0.301989 -1.241700 
1894 0.621551 -1.109829 
1895 0.774534 -1.056729 
1896 0.641599 -1.107272 
1897 0.526164 -1.133505 
1898 0.450024 -1.136239 
1899 0.583520 -1.126137 
1900 0.572045 -1.184486 
1901 0.867415 -1.031985 
1902 0.893413 -1.046062 
1903 2.103549 -1.013275 
1904 0.882710 -1.068493 
1905 0.295367 -1.208603 
1906 0.465747 -1.129612 
1907 0.450319 -1.139900 
1908 0.769982 -1.108313 
1909 0.786808 -1.115542 
1910 0.707697 -1.086278 
1911 0.553822 -1.149984 
1912 0.495479 -1.208219 
1913 0.571217 -1.132244 
1914 0.572619 -1.140892 
1915 0.549617 -1.186598 
1916 0.649532 -1.088798 
1917 0.303019 -1.216340 
1918 0.614584 -1.077233 
1919 0.300452 -1.167472 
1920 0.300559 -1.215199 
1921 0.568364 -1.131435 
1922 0.716661 -1.042217 
1923 0.163028 -1.248688 
1924 0.576660 -1.139378 
1925 0.693333 -1.080696 
1926 0.497847 -1.166735 
1927 0.860720 -1.026391 
1928 0.515605 -1.103580 
1929 0.777184 -1.040024 
1930 0.725516 -1.045331 
1931 0.366193 -1.207825 
1932 0.371259 -1.198263 
1933 0.702394 -1.091668 
1934 0.188670 -1.235134 
1935 0.356278 -1.152107 
1936 0.363508 -1.149839 
1937 0.742026 -1.146954 
1938 0.319432 -1.209621 
1939 0.876154 -1.050569 
1940 0.744765 -1.061986 
1941 1.196447 -1.031794 
1942 0.636862 -1.137467 
1943 0.597211 -1.154270 
1944 0.499078 -1.130542 
1945 0.332632 -1.225107 
1946 0.188355 -1.205994 
1947 0.227400 -1.195466 
1948 -0.638080 -1.659067 
1949 0.147755 -1.264159 
1950 0.089694 -1.303342 
1951 0.235455 -1.233775 
1952 0.538411 -1.142312 
1953 0.738795 -1.081995 
1954 0.661231 -1.118325 
1955 0.742327 -1.033122 
1956 0.628520 -1.112841 
1957 0.491962 -1.139940 
1958 0.584741 -1.198086 
1959 0.633000 -1.086933 
1960 0.489963 -1.182756 
1961 0.390461 -1.187252 
1962 0.732777 -1.103590 
1963 0.681142 -1.102681 
1964 1.077873 -1.032477 
1965 0.910820 -1.083122 
1966 0.806386 -1.066076 
1967 1.680905 -0.997760 
1968 0.551789 -1.134201 
1969 0.359816 -1.231580 
1970 0.830046 -1.101234 
1971 0.518583 -1.159031 
1972 0.253072 -1.265470 
1973 0.200578 -1.304198 
1974 0.316972 -1.218144 
1975 0.755984 -1.083500 
1976 0.398303 -1.166652 
1977 0.219870 -1.227217 
1978 0.589809 -1.053321 
1979 0.759232 -1.098945 
1980 0.738690 -1.069739 
1981 0.327412 -1.176113 
1982 0.598855 -1.130116 
1983 0.257539 -1.223442 
1984 0.397837 -1.166318 
1985 0.628890 -1.104945 
1986 1.059175 -1.065182 
1987 0.704283 -1.145543 
1988 0.623540 -1.093256 
1989 0.682364 -1.089288 
1990 0.284669 -1.249935 
1991 0.054591 -1.317156 
1992 0.030543 -1.340076 
1993 0.494408 -1.161962 
1994 0.850280 -1.027522 
1995 0.212500 -1.212432 
1996 -0.029996 -1.408965 
1997 0.241323 -1.238092 
1998 0.480440 -1.147538 
1999 0.598125 -1.113708 
2000 0.141401 -1.226578 
2001 0.391941 -1.173298 
2002 0.533654 -1.104002 
2003 0.216681 -1.244668 
2004 0.004382 -1.363576 
2005 0.612959 -1.110155 
2006 0.046312 -1.288912 
2007 0.493404 -1.182403 
2008 0.423145 -1.134855 
2009 0.104936 -1.350147 
2010 0.728800 -1.106635 
2011 0.324549 -1.240313 
2012 0.040660 -1.324894 
2013 0.157596 -1.257930 
2014 0.226245 -1.240964 
2015 0.489616 -1.149719 
2016 0.298808 -1.249413 
2017 0.447657 -1.180776 
2018 0.548021 -1.168268 
2019 0.215456 -1.239458 
2020 1.943507 -1.048762 
2021 0.182842 -1.254282 
2022 0.170656 -1.238321 
2023 0.333136 -1.204890 
2024 0.531827 -1.141307 
2025 0.180419 -1.277341 
2026 0.377759 -1.251020 
2027 0.519562 -1.175589 
2028 0.564847 -1.159089 
2029 0.350061 -1.230536 
2030 0.620950 -1.144713 
2031 0.708440 -1.125859 
2032 0.860102 -1.071969 
2033 0.861648 -1.050827 
2034 0.500594 -1.146723 
2035 0.264467 -1.199111 
2036 0.651075 -1.099000 
2037 0.669887 -1.097413 
2038 1.610675 -0.979165 
2039 0.709091 -1.112239 
2040 0.768591 -1.050951 
2041 0.361604 -1.185404 
2042 0.265770 -1.201006 
2043 0.385305 -1.169325 
2044 0.970299 -1.099911 
2045 0.827733 -1.058633 
2046 0.426127 -1.144825 
2047 0.576957 -1.151148 
2048 0.430083 -1.191868 
2049 0.311611 -1.180881 
2050 0.649319 -1.127172 
2051 0.398735 -1.179581 
2052 0.682011 -1.093282 
2053 0.290444 -1.197245 
2054 0.721256 -1.062845 
2055 0.400558 -1.169421 
2056 0.647792 -1.077717 
2057 0.307015 -1.171121 
2058 0.782112 -1.028378 
2059 0.308476 -1.164439 
2060 0.272469 -1.193776 
2061 0.700343 -1.022231 
2062 0.023996 -1.306880 
2063 0.431443 -1.164806 
2064 0.978784 -1.072132 
2065 0.711723 -1.119427 
2066 0.573934 -1.131828 
2067 1.748422 -0.965492 
2068 0.105555 -1.245132 
2069 0.272321 -1.231562 
2070 0.388441 -1.214222 
2071 0.290656 -1.263348 
2072 -0.911937 -2.083469 
2073 0.138636 -1.271331 
2074 0.459827 -1.163134 
2075 0.214827 -1.254978 
2076 0.278666 -1.247348 
2077 -0.016908 -1.343203 
2078 0.442382 -1.210320 
2079 0.083684 -1.347288 
2080 0.374645 -1.190455 
2081 0.587412 -1.137971 
2082 0.235401 -1.274534 
2083 0.285965 -1.259746 
2084 0.287502 -1.247803 
2085 0.765459 -1.135759 
2086 0.664888 -1.132852 
2087 0.602090 -1.134362 
2088 0.504827 -1.129999 
2089 1.793187 -0.979839 
2090 0.524660 -1.148426 
2091 0.441296 -1.169407 
2092 0.588351 -1.124074 
2093 0.515088 -1.151835 
2094 0.591295 -1.139868 
2095 0.320838 -1.216677 
2096 0.453195 -1.169858 
2097 0.336261 -1.219662 
2098 0.283162 -1.253778 
2099 0.232123 -1.255690 
2100 0.416560 -1.220405 
2101 1.792595 -0.989724 
2102 0.748017 -1.089640 
2103 0.393359 -1.207085 
2104 0.643153 -1.115300 
2105 0.400911 -1.192426 
2106 0.685188 -1.115611 
2107 0.607569 -1.128376 
2108 0.304785 -1.227910 
2109 0.494030 -1.115620 
2110 0.342088 -1.216939 
2111 0.407389 -1.163719 
2112 0.330328 -1.226534 
2113 0.424030 -1.191230 
2114 0.103177 -1.345182 
2115 0.499104 -1.162628 
2116 0.505229 -1.117978 
2117 0.479596 -1.165954 
2118 0.405341 -1.173337 
2119 0.080711 -1.333568 
2120 1.871178 -1.051540 
2121 0.672593 -1.113685 
2122 0.516401 -1.147445 
2123 0.299493 -1.174220 
2124 0.363801 -1.239942 
2125 0.200115 -1.251760 
2126 0.399148 -1.117868 
2127 0.367408 -1.188231 
2128 0.407008 -1.217469 
2129 -0.010012 -1.344190 
2130 0.188139 -1.208255 
2131 0.932392 -0.993874 
2132 0.881137 -1.017794 
2133 0.855804 -1.011069 
2134 0.327867 -1.149317 
2135 0.311366 -1.193355 
2136 0.632667 -1.134884 
2137 1.812230 -1.035882 
2138 -0.974690 -2.186637 
2139 0.393302 -1.230831 
2140 0.296953 -1.231294 
2141 0.137381 -1.261167 
2142 0.359146 -1.128125 
2143 0.354990 -1.211995 
2144 0.442535 -1.162591 
2145 0.129246 -1.247634 
2146 0.607206 -1.134520 
2147 1.874474 -1.030690 
2148 0.410817 -1.224068 
2149 0.246177 -1.243917 
2150 0.385090 -1.191127 
2151 0.180813 -1.300819 
2152 0.280426 -1.249270 
2153 0.501550 -1.228553 
2154 0.117048 -1.275962 
2155 0.396143 -1.174412 
2156 0.226091 -1.235898 
2157 0.397516 -1.197716 
2158 0.561423 -1.123223 
2159 0.433208 -1.150175 
2160 0.701795 -1.150382 
2161 0.589545 -1.151977 
2162 0.578573 -1.086625 
2163 0.749785 -1.064844 
2164 0.845618 -1.056287 
2165 0.499534 -1.159131 
2166 0.752150 -1.085894 
2167 0.413170 -1.194556 
2168 0.557168 -1.140408 
2169 0.229712 -1.247318 
2170 0.504428 -1.132869 
2171 0.493545 -1.134978 
2172 0.756365 -1.085530 
2173 0.614403 -1.153249 
2174 1.828561 -1.030807 
2175 0.541574 -1.131221 
2176 0.671821 -1.112224 
2177 0.437318 -1.150947 
2178 0.478909 -1.167901 
2179 0.230605 -1.233727 
2180 0.240393 -1.190673 
2181 0.390128 -1.202285 
2182 0.660166 -1.146555 
2183 0.625011 -1.135253 
2184 0.421721 -1.151533 
2185 0.558033 -1.099942 
2186 0.311723 -1.175773 
2187 0.493136 -1.167711 
2188 0.371538 -1.180160 
2189 0.764319 -1.061227 
2190 0.275464 -1.244616 
2191 0.280654 -1.186484 
2192 0.649522 -1.070513 
2193 0.260291 -1.249993 
2194 0.649672 -1.095178 
2195 0.516769 -1.127795 
2196 0.474187 -1.186988 
2197 0.084156 -1.255204 
2198 0.650063 -1.157380 
2199 0.235378 -1.262602 
2200 0.457085 -1.201024 
2201 0.543226 -1.140484 
2202 0.681931 -1.090280 
2203 0.591640 -1.138691 
2204 -0.073497 -1.335351 
2205 0.821344 -1.053890 
2206 0.499352 -1.138660 
2207 0.116977 -1.260682 
2208 0.153141 -1.351432 
2209 0.623845 -1.163466 
2210 0.125940 -1.227545 
2211 0.205560 -1.232028 
2212 0.535092 -1.148350 
2213 0.324474 -1.186773 
2214 0.559584 -1.124084 
2215 0.837488 -1.119024 
2216 2.038544 -1.040328 
2217 0.951771 -1.045043 
2218 0.599838 -1.171256 
2219 0.278288 -1.215056 
2220 0.620731 -1.117161 
2221 0.320035 -1.158933 
2222 0.124880 -1.255703 
2223 0.066337 -1.342411 
2224 0.414134 -1.194870 
2225 0.781316 -1.100387 
2226 0.320585 -1.242584 
2227 1.779433 -0.990357 
2228 0.364102 -1.190963 
2229 0.712567 -1.065319 
2230 0.115334 -1.296812 
2231 0.318790 -1.243599 
2232 0.525116 -1.134108 
2233 0.897648 -1.024163 
2234 0.350746 -1.190237 
2235 0.486898 -1.156388 
2236 0.580850 -1.151671 
2237 0.117990 -1.289651 
2238 0.690308 -1.087596 
2239 0.514704 -1.164158 
2240 0.726844 -1.156633 
2241 0.367520 -1.221380 
2242 0.685313 -1.071669 
2243 0.274304 -1.228559 
2244 0.336456 -1.200696 
2245 0.256938 -1.226665 
2246 0.485289 -1.162774 
2247 0.501027 -1.150534 
2248 0.140033 -1.249690 
2249 0.034787 -1.322886 
2250 0.533678 -1.109010 
2251 0.115215 -1.290562 
2252 -0.083853 -1.392900 
2253 0.148658 -1.279956 
2254 0.277211 -1.217068 
2255 0.114642 -1.265527 
2256 0.283135 -1.195775 
2257 0.137817 -1.321574 
2258 0.179393 -1.259598 
2259 0.070849 -1.328695 
2260 0.045036 -1.307393 
2261 0.463793 -1.176451 
2262 0.285925 -1.215842 
2263 0.503460 -1.120669 
2264 0.195000 -1.208638 
2265 0.403223 -1.183716 
2266 0.166917 -1.226113 
2267 0.462836 -1.128712 
2268 0.145622 -1.275418 
2269 0.342112 -1.215369 
2270 0.164397 -1.291379 
2271 0.176500 -1.218574 
2272 0.420245 -1.170053 
2273 0.290972 -1.241803 
2274 0.362983 -1.192041 
2275 0.014281 -1.297243 
2276 -0.188123 -1.433566 
2277 0.313141 -1.232904 
2278 0.776137 -1.082107 
2279 0.668699 -1.109165 
2280 0.541335 -1.179014 
2281 0.655541 -1.127457 
2282 0.265467 -1.190747 
2283 0.373989 -1.184884 
2284 -0.210764 -1.397592 
2285 0.038647 -1.269011 
2286 0.146251 -1.236480 
2287 0.235804 -1.210369 
2288 0.405985 -1.130737 
2289 0.383176 -1.183006 
2290 0.229269 -1.247917 
2291 0.407009 -1.162056 
2292 0.215782 -1.280936 
2293 0.174359 -1.248581 
2294 0.394367 -1.163810 
2295 0.689128 -1.073093 
2296 0.309496 -1.199854 
2297 0.128316 -1.250181 
2298 0.194129 -1.223848 
2299 0.262347 -1.213885 
2300 0.165421 -1.246662 
2301 0.507214 -1.128480 
2302 0.169581 -1.212592 
2303 0.021838 -1.317770 
2304 0.269569 -1.187712 
2305 0.119559 -1.293173 
2306 0.202110 -1.212500 
2307 0.378218 -1.187901 
2308 0.183761 -1.265565 
2309 0.355604 -1.216405 
2310 0.623757 -1.099486 
2311 0.294789 -1.194503 
2312 0.754109 -1.105411 
2313 0.290608 -1.243191 
2314 1.877137 -1.041444 
2315 0.958491 -1.049107 
2316 0.719522 -1.064586 
2317 0.761481 -1.059721 
2318 0.532714 -1.136829 
2319 0.660736 -1.082079 
2320 0.783933 -1.045576 
2321 0.378571 -1.194286 
2322 0.518637 -1.201568 
2323 0.617820 -1.108863 
2324 0.056552 -1.312560 
2325 -0.163216 -1.400872 
2326 0.843131 -1.031750 
2327 0.225365 -1.187891 
2328 0.509160 -1.114975 
2329 0.497228 -1.138567 
2330 0.125744 -1.281296 
2331 0.564415 -1.063489 
2332 0.994119 -1.007100 
2333 0.513518 -1.148908 
2334 -0.021299 -1.343255 
2335 0.818483 -1.110087 
2336 0.453532 -1.206035 
2337 0.789474 -1.111833 
2338 0.639613 -1.145570 
2339 0.061640 -1.332201 
2340 0.233201 -1.245968 
2341 0.036292 -1.364667 
2342 -0.030264 -1.451064 
2343 0.836110 -1.145510 
2344 0.146800 -1.268811 
2345 0.293898 -1.247933 
2346 0.517184 -1.114999 
2347 0.113024 -1.289064 
2348 0.733019 -1.025825 
2349 0.532587 -1.115043 
2350 0.974448 -1.028140 
2351 0.802964 -1.131767 
2352 0.254221 -1.247169 
2353 0.596753 -1.149893 
2354 1.940187 -1.038562 
2355 0.240464 -1.300112 
2356 0.629719 -1.166654 
2357 0.128181 -1.254423 
2358 0.598749 -1.168452 
2359 0.776123 -1.076863 
2360 0.645552 -1.075406 
2361 0.907973 -1.033551 
2362 1.994763 -1.072043 
2363 0.555321 -1.048973 
2364 0.738282 -1.066978 
2365 0.074015 -1.288099 
2366 0.166965 -1.248729 
2367 0.278808 -1.188151 
2368 0.104354 -1.316730 
2369 0.294183 -1.215296 
2370 0.899545 -1.033358 
2371 0.810444 -1.050849 
2372 0.417217 -1.158278 
2373 -0.120494 -1.462929 
2374 0.551853 -1.242159 
2375 0.520429 -1.185660 
2376 0.709580 -1.092901 
2377 0.397197 -1.217022 
2378 0.282253 -1.192236 
2379 0.754571 -1.116901 
2380 1.060148 -0.990415 
2381 0.412360 -1.162323 
2382 0.306122 -1.253880 
2383 0.753195 -1.076837 
2384 0.708647 -1.071096 
2385 0.137540 -1.249297 
2386 0.075215 -1.322791 
2387 0.113310 -1.248527 
2388 0.376076 -1.180166 
2389 -1.037871 -2.213796 
2390 0.451517 -1.223785 
2391 0.102162 -1.339190 
2392 0.213813 -1.231720 
2393 0.067615 -1.294021 
2394 0.056642 -1.270072 
2395 0.014785 -1.250022 
2396 -0.191521 -1.389297 
2397 0.012830 -1.287445 
2398 0.605720 -1.030168 
2399 0.556991 -1.115001 
2400 0.025846 -1.299615 
2401 0.580648 -1.088529 
2402 0.691934 -1.088782 
2403 0.375061 -1.221872 
2404 0.573938 -1.138853 
2405 0.808640 -1.025040 
2406 0.611999 -1.175604 
