2316 2
88 -0.601427 0.068008 
90 -0.486776 0.012698 
120 -0.533579 0.156257 
121 -1.193599 0.542488 
122 -0.758786 0.517365 
123 -0.151594 0.118886 
126 -0.583490 0.055932 
147 -0.401811 0.212414 
149 -1.040774 4.147046 
150 -3.107818 -0.790856 
152 -2.667998 0.993133 
153 -0.878693 2.133208 
154 -1.452894 1.212981 
156 -0.810651 2.822698 
155 -1.014032 0.726780 
157 -0.936778 1.457435 
158 -3.869213 -0.897943 
166 -2.839411 0.383309 
171 -1.167800 4.161349 
170 -3.095267 8.696272 
172 -1.582074 5.341923 
163 -2.422529 0.061457 
167 -7.006319 -1.093514 
173 -1.135903 3.977352 
174 -0.962604 3.385343 
175 -1.170566 4.114562 
176 -1.097860 3.870871 
177 -1.280611 4.423293 
178 -0.823551 2.977929 
179 -0.961216 3.499310 
180 -0.852259 3.017822 
181 -0.975769 3.409812 
182 -1.031084 3.636851 
183 -1.126990 1.170052 
184 -0.811204 2.970605 
185 -0.991725 1.158861 
186 -0.867474 1.350828 
187 -0.937519 1.209702 
188 -0.956124 3.470399 
189 -0.857930 2.985629 
190 -0.945059 1.066581 
191 -0.894719 1.131383 
192 -0.907900 1.064557 
193 -0.928394 1.075840 
194 -0.899979 1.035864 
195 -1.008027 0.812908 
196 -0.934289 0.966960 
197 -0.964980 0.891450 
198 -0.966741 0.871983 
199 -1.004815 0.783942 
200 -1.003705 0.798554 
201 -1.032547 0.767251 
202 -1.000537 0.777461 
203 -1.020856 0.779391 
204 -1.030136 0.757569 
205 -1.078850 0.656695 
206 -1.091704 0.613107 
207 -1.109964 0.601113 
208 -0.967228 0.851499 
209 -1.054580 0.731881 
210 -1.031549 0.703972 
211 -1.005417 0.764493 
212 -1.047858 0.653543 
213 -1.084882 0.601622 
214 -1.023704 0.699972 
215 -0.980147 0.774075 
216 -1.108508 0.550852 
217 -1.085948 0.598382 
218 -1.030473 0.681417 
219 -1.082784 0.583075 
220 -1.050493 0.644151 
221 -1.093765 0.537294 
222 -1.066073 0.611274 
223 -1.040004 0.628000 
224 -1.103754 0.542407 
225 -1.087658 0.561637 
226 -1.021433 0.686513 
227 -1.151254 0.502963 
228 -1.129384 0.490748 
229 -1.088728 0.583745 
230 -1.054530 0.618543 
231 -1.129135 0.506244 
232 -1.107178 0.525758 
233 -1.110325 0.505024 
234 -1.085905 0.547201 
235 -1.080065 0.516869 
236 -1.113150 0.485258 
237 -1.150985 0.386591 
238 -1.089651 0.497941 
239 -1.114742 0.437962 
240 -1.184500 0.380052 
241 -1.076309 0.504595 
242 -1.142021 0.417053 
243 -1.102691 0.457036 
244 -1.081968 0.499518 
245 -1.083467 0.482592 
246 -1.166355 0.319774 
247 -1.037364 0.516583 
248 -1.126497 0.364560 
249 -1.088192 0.425117 
250 -1.169366 0.353980 
251 -1.144009 0.341241 
252 -1.112360 0.426178 
253 -1.160977 0.354932 
254 -1.063275 0.534571 
255 -1.052405 0.555563 
256 -1.025581 0.546613 
257 -1.106273 0.491137 
258 -1.107386 0.454539 
259 -1.177511 0.337373 
260 -1.071800 0.534708 
261 -1.197313 0.383580 
262 -1.245364 0.275485 
263 -1.139339 0.493633 
264 -1.308094 0.211708 
265 -1.207593 0.338907 
266 -1.247103 0.313367 
267 -1.304397 0.233337 
268 -1.287668 0.242450 
269 -1.291516 0.257112 
270 -1.246654 0.353904 
271 -1.228308 0.383385 
272 -1.269172 0.332570 
273 -1.227876 0.349816 
274 -1.256421 0.343512 
275 -1.272691 0.289935 
276 -1.117005 0.505436 
277 -1.213614 0.361105 
278 -1.310708 0.261137 
279 -1.165238 0.439859 
280 -1.199758 0.369721 
281 -1.282611 0.263219 
282 -1.183870 0.418508 
283 -1.219985 0.319577 
284 -1.184039 0.426741 
285 -1.233153 0.362442 
286 -1.189015 0.353574 
287 -1.148190 0.487793 
288 -1.141029 0.487905 
289 -1.187880 0.419044 
290 -1.114682 0.509907 
291 -1.047719 0.634094 
292 -1.118536 0.536341 
293 -1.120858 0.512223 
294 -1.133498 0.500710 
295 -1.188763 0.429426 
296 -1.176972 0.438563 
297 -1.224090 0.407050 
298 -1.074434 0.602458 
299 -1.185629 0.433244 
300 -1.125331 0.528049 
301 -1.006803 0.709819 
302 -1.198415 0.385924 
303 -1.087139 0.597781 
304 -1.138135 0.494067 
305 -1.012434 0.748450 
306 -1.202277 0.435737 
307 -1.065280 0.635189 
308 -1.162056 0.503393 
309 -1.107857 0.560251 
310 -1.173762 0.486765 
311 -1.215966 0.431434 
312 -1.176301 0.477248 
313 -1.173628 0.489965 
314 -1.222721 0.440517 
315 -1.090507 0.604744 
316 -1.106315 0.574608 
317 -1.033192 0.683318 
318 -1.023516 0.685617 
319 -1.023733 0.656197 
320 -1.177091 0.432797 
321 -0.971779 0.762922 
322 -1.076972 0.605388 
323 -1.090301 0.588374 
324 -1.068128 0.646281 
325 -1.049359 0.649930 
326 -1.073483 0.617597 
327 -1.052257 0.672421 
328 -1.069536 0.634051 
329 -1.057403 0.658957 
330 -0.994893 0.769051 
331 -1.011667 0.739343 
332 -0.937753 0.816997 
333 -1.049226 0.683787 
334 -0.954466 0.813568 
335 -1.095470 0.573365 
336 -0.982607 0.781741 
337 -1.029743 0.699980 
338 -1.020713 0.685925 
339 -0.999418 0.746253 
340 -1.078238 0.622155 
341 -1.097273 0.606067 
342 -0.967921 0.740411 
343 -0.935420 0.857416 
344 -1.039836 0.634762 
345 -0.966876 0.804724 
346 -0.853423 0.953798 
347 -1.022952 0.646865 
348 -0.942809 0.784479 
349 -0.928659 0.818942 
350 -0.919425 0.759154 
351 -0.883541 0.927720 
352 -0.911985 0.840371 
353 -0.915017 0.814546 
354 -0.879952 0.942001 
355 -1.022322 0.628656 
356 -0.955741 0.728973 
357 -0.948625 0.739213 
358 -0.897004 0.854940 
359 -0.964006 0.710295 
360 -0.994173 0.653190 
361 -0.961164 0.711972 
362 -1.006072 0.641506 
363 -0.908966 0.832904 
364 -0.923880 0.810086 
365 -0.994751 0.741687 
366 -0.942529 0.799264 
367 -0.938429 0.832737 
368 -0.991397 0.721033 
369 -1.005675 0.738140 
370 -0.919518 0.876693 
371 -0.938140 0.830921 
372 -0.969672 0.774457 
373 -1.009423 0.692981 
374 -0.981711 0.758087 
375 -0.926130 0.849659 
376 -0.978061 0.788725 
377 -0.958834 0.792137 
378 -0.976486 0.787304 
379 -0.995349 0.741094 
380 -0.967269 0.791945 
381 -0.903422 0.932846 
382 -0.872057 1.018597 
383 -1.015907 0.701226 
384 -0.886660 0.970645 
385 -0.966391 0.800367 
386 -1.143863 0.477931 
387 -0.985825 0.745075 
388 -1.010275 0.698648 
389 -1.001090 0.702952 
390 -1.097195 0.519454 
391 -1.134031 0.451117 
392 -1.082250 0.533027 
393 -1.022903 0.617148 
394 -1.146046 0.405340 
395 -1.050262 0.562450 
396 -0.984837 0.662931 
397 -1.102735 0.442070 
398 -1.074838 0.467534 
399 -1.053188 0.538822 
400 -1.199782 0.296038 
401 -0.987816 0.637604 
402 -1.035982 0.487698 
403 -0.957917 0.647088 
404 -1.026153 0.513130 
405 -0.963515 0.539779 
409 -3.847021 -1.047198 
410 -4.542922 -1.210692 
408 -7.812716 -1.756570 
411 -5.383507 -1.401627 
412 -3.769807 -1.057799 
413 -2.917484 -0.828481 
414 -3.855180 -1.036169 
415 -2.599027 -0.743380 
416 -2.385120 -0.646033 
417 -2.525026 -0.676653 
418 -3.846890 -1.035713 
419 -2.755174 -0.766209 
420 -2.402990 -0.662206 
421 -2.488180 -0.649842 
422 -3.783550 -1.065924 
423 -2.028420 -0.516030 
424 -2.080018 -0.452509 
425 -1.890495 -0.343286 
426 -1.859582 -0.302360 
427 -1.753268 -0.218455 
428 -1.803962 -0.261705 
429 -1.694749 -0.146345 
430 -1.886086 -0.296412 
431 -1.793088 -0.219221 
432 -1.688842 -0.108123 
433 -1.567796 0.016261 
434 -1.644521 -0.065424 
435 -1.429754 0.169460 
436 -1.492806 0.107655 
437 -1.475221 0.137941 
438 -1.407877 0.216948 
439 -1.365672 0.301993 
440 -1.185562 0.564626 
441 -1.299850 0.374443 
442 -1.170609 0.590431 
443 -1.328460 0.375382 
444 -1.134659 0.621798 
445 -1.253852 0.465236 
446 -1.297858 0.390585 
447 -1.242916 0.472995 
448 -1.146086 0.629708 
449 -1.208095 0.534287 
450 -1.303344 0.390694 
451 -1.162991 0.595046 
452 -1.258984 0.426291 
453 -1.306109 0.339834 
454 -1.207421 0.458485 
455 -1.185528 0.393314 
456 -1.159670 0.444398 
457 -1.173710 0.399435 
458 -1.192085 0.363386 
459 -1.073588 0.521984 
460 -1.099617 0.517670 
461 -1.147003 0.434176 
462 -1.039187 0.598255 
463 -1.148304 0.429902 
464 -1.225176 0.309539 
465 -1.080080 0.547013 
466 -1.141558 0.429205 
467 -1.113346 0.464071 
468 -1.175481 0.394435 
469 -1.231729 0.315442 
470 -1.102455 0.465411 
471 -1.151853 0.384253 
472 -1.130025 0.414052 
473 -1.134353 0.431771 
474 -1.036117 0.599680 
475 -1.167487 0.398163 
476 -1.153868 0.413007 
477 -1.207085 0.349795 
478 -1.142019 0.431949 
479 -1.181695 0.401770 
480 -1.197819 0.362561 
481 -1.111514 0.511240 
482 -1.265678 0.287215 
483 -1.249807 0.302701 
484 -1.169300 0.427288 
485 -1.233504 0.327590 
486 -1.137695 0.465949 
487 -1.253159 0.289432 
488 -1.198812 0.374318 
489 -1.254838 0.300628 
490 -1.198646 0.389877 
491 -1.158498 0.452614 
492 -1.110077 0.512132 
493 -1.115105 0.551345 
494 -1.099267 0.510545 
495 -1.158723 0.455608 
496 -1.164412 0.429340 
497 -0.976175 0.708994 
498 -1.211238 0.382696 
499 -1.179413 0.413536 
500 -1.228869 0.351274 
501 -1.191854 0.422917 
502 -1.091596 0.559943 
503 -1.224377 0.354645 
504 -1.152569 0.467405 
505 -1.095811 0.573024 
506 -1.104235 0.588055 
507 -1.189160 0.429594 
508 -1.046908 0.714549 
509 -1.160252 0.511622 
510 -1.088886 0.655870 
511 -1.184062 0.544312 
512 -1.160114 0.569405 
513 -1.146431 0.573283 
514 -1.114739 0.667028 
515 -1.045055 0.760306 
516 -1.133409 0.612793 
517 -0.994963 0.854864 
518 -1.131278 0.613867 
519 -0.950240 0.960985 
520 -1.069540 0.745428 
521 -0.977270 0.887279 
522 -1.075783 0.754375 
523 -0.940799 0.978548 
524 -1.054727 0.782970 
525 -0.926545 0.999565 
526 -1.081300 0.768412 
527 -0.954050 0.959493 
528 -0.909463 1.067449 
529 -0.896755 1.051726 
530 -0.803924 1.236667 
531 -0.708527 1.531203 
532 -0.675357 1.563852 
533 -0.627586 1.740157 
534 -0.688369 1.577219 
537 -2.200006 7.185952 
543 -1.238501 4.563456 
544 -1.163511 4.277864 
545 -1.165132 4.211345 
546 -1.097544 3.955681 
547 -0.796025 2.918564 
548 -0.750354 2.737320 
549 -1.082793 3.978807 
550 -0.939211 3.579011 
551 -0.845196 2.928893 
552 -0.893765 3.452997 
553 -0.947095 3.422209 
554 -0.987721 3.510098 
555 -1.178514 4.318298 
556 -1.059317 3.975710 
557 -0.809882 2.808010 
558 -0.637907 2.533439 
559 -0.761577 2.604121 
560 -0.636268 2.289325 
561 -0.710340 2.140496 
562 -0.655971 1.968503 
563 -0.624134 2.101189 
564 -0.682929 2.191737 
565 -0.662497 2.231634 
566 -0.632359 1.614054 
567 -0.639299 1.597843 
568 -0.631582 1.480442 
569 -0.727611 1.187961 
570 -0.764349 1.044436 
571 -0.746291 1.206074 
572 -0.708410 1.204986 
573 -0.830274 0.895475 
574 -0.909372 0.751551 
575 -1.027918 0.578333 
576 -1.061510 0.569151 
577 -0.944193 0.689422 
578 -0.971851 0.702109 
579 -0.985479 0.685749 
580 -1.048000 0.535513 
581 -1.030820 0.539593 
582 -1.044511 0.573934 
583 -1.133579 0.388936 
584 -1.172612 0.339609 
585 -1.102666 0.477774 
586 -0.979747 0.663097 
587 -1.107966 0.462618 
588 -1.025049 0.611017 
589 -1.084864 0.534909 
590 -1.152957 0.384793 
591 -1.156842 0.401957 
592 -1.100810 0.448767 
593 -1.130094 0.387861 
594 -1.122686 0.455062 
595 -1.092651 0.462500 
596 -1.183541 0.344671 
597 -1.086630 0.502658 
598 -1.114605 0.442314 
599 -1.046481 0.545905 
600 -1.136483 0.393882 
601 -1.063425 0.495722 
602 -1.169966 0.404415 
603 -1.220651 0.315367 
604 -1.187931 0.363372 
605 -1.046542 0.525755 
606 -1.059244 0.595673 
607 -1.116252 0.450016 
608 -1.086583 0.489724 
609 -1.076049 0.537726 
610 -1.143507 0.456109 
611 -1.124286 0.462422 
612 -1.103045 0.524235 
613 -1.060599 0.601592 
614 -1.053833 0.590909 
615 -0.956565 0.771631 
616 -1.092433 0.608878 
617 -1.066072 0.716601 
618 -1.034299 0.787207 
619 -1.067103 0.704996 
620 -1.119031 0.637070 
621 -1.265068 0.412590 
622 -1.135981 0.634481 
623 -1.132735 0.606775 
624 -1.250676 0.425296 
625 -1.160206 0.597926 
626 -1.178978 0.550112 
627 -1.335862 0.339922 
628 -1.334060 0.295157 
629 -1.437590 0.224150 
630 -1.393685 0.212263 
631 -1.515503 0.060957 
632 -1.910363 -0.368425 
633 -1.748834 -0.170411 
634 -1.789216 -0.186396 
635 -1.770554 -0.161536 
636 -1.815512 -0.243846 
637 -1.966554 -0.339091 
638 -1.895221 -0.342425 
639 -2.150666 -0.440272 
640 -2.012442 -0.386095 
641 -2.183754 -0.455425 
642 -2.170160 -0.496723 
643 -2.208579 -0.508161 
644 -2.007555 -0.350739 
645 -2.015446 -0.370214 
646 -2.108609 -0.464406 
647 -1.946541 -0.293492 
648 -1.673426 -0.077209 
649 -1.717337 -0.111003 
650 -1.652926 -0.061250 
651 -1.501992 0.124595 
652 -1.533432 0.087707 
653 -1.558265 0.106377 
654 -1.522280 0.140367 
655 -1.609060 0.066916 
656 -1.646135 0.022625 
657 -1.494193 0.172848 
658 -1.710507 -0.055579 
659 -1.506255 0.148347 
660 -1.362323 0.292892 
661 -1.532213 0.117830 
662 -1.564879 0.077857 
663 -1.400648 0.278775 
664 -1.507600 0.148719 
665 -1.352793 0.358952 
666 -1.432039 0.217718 
667 -1.609809 0.034049 
668 -1.411141 0.239764 
669 -1.460604 0.186209 
670 -1.458502 0.145959 
671 -1.417636 0.226236 
672 -1.468965 0.134936 
673 -1.384558 0.234126 
674 -1.491587 0.105255 
675 -1.425585 0.175077 
676 -1.558901 0.061023 
677 -1.507117 0.099845 
678 -1.590875 0.029626 
679 -1.358676 0.254826 
680 -1.408812 0.200117 
681 -1.488777 0.138185 
682 -1.497966 0.096917 
683 -1.503595 0.141169 
684 -1.382720 0.233424 
685 -1.500967 0.082998 
686 -1.519039 0.032900 
687 -1.482881 0.082002 
688 -1.445769 0.129603 
689 -1.545865 0.026030 
690 -1.749941 -0.128869 
691 -1.765142 -0.198712 
692 -1.503181 0.072422 
693 -1.655050 -0.061537 
694 -1.806662 -0.165209 
695 -1.639607 -0.080912 
696 -1.597945 -0.023083 
697 -1.462287 0.119068 
698 -1.623672 -0.045447 
699 -1.408579 0.201695 
700 -1.419106 0.211688 
701 -1.543049 0.062266 
702 -1.428735 0.162990 
703 -1.370760 0.235818 
704 -1.451996 0.156798 
705 -1.386565 0.222218 
706 -1.261589 0.380736 
707 -1.327215 0.281260 
708 -1.431869 0.129695 
709 -1.280026 0.345098 
710 -1.174825 0.426812 
711 -1.238460 0.389027 
712 -1.116613 0.578716 
713 -1.043978 0.635740 
714 -1.117198 0.498877 
715 -1.157533 0.398054 
716 -1.074342 0.579993 
717 -1.113641 0.468663 
718 -1.164566 0.400293 
719 -1.084761 0.523831 
720 -0.975886 0.624618 
721 -1.022064 0.577431 
722 -1.013396 0.552899 
723 -1.161907 0.289947 
724 -0.934872 0.614861 
725 -0.998077 0.450919 
726 -1.049851 0.437704 
727 -1.063757 0.461826 
728 -0.951317 0.614431 
729 -1.004499 0.547263 
730 -1.021979 0.541982 
731 -1.041317 0.454432 
732 -1.057813 0.485161 
733 -1.042012 0.478551 
734 -1.128035 0.374856 
735 -1.098428 0.412709 
736 -1.061278 0.428524 
737 -1.034160 0.535982 
738 -1.101680 0.399573 
739 -1.030509 0.553607 
740 -1.000401 0.580232 
741 -1.095659 0.407514 
742 -1.111114 0.424993 
743 -1.041654 0.531685 
744 -1.092158 0.468270 
745 -1.160636 0.372720 
746 -1.109923 0.427540 
747 -1.210502 0.297162 
748 -1.142904 0.396088 
749 -1.083056 0.511381 
750 -1.187002 0.333325 
751 -1.241887 0.281114 
752 -1.156221 0.397249 
753 -1.160424 0.374500 
754 -1.171497 0.359960 
755 -1.139163 0.428022 
756 -1.191769 0.309027 
757 -1.099290 0.484927 
758 -1.208272 0.330346 
759 -1.177753 0.311967 
760 -1.113212 0.435023 
761 -1.165348 0.327978 
762 -1.005180 0.595834 
763 -1.149659 0.430668 
764 -1.084627 0.488951 
765 -0.978229 0.601822 
766 -1.060458 0.513245 
767 -1.094037 0.372055 
768 -1.075866 0.471536 
769 -0.964886 0.573638 
770 -0.928863 0.639842 
771 -0.999838 0.561456 
772 -1.046022 0.466803 
773 -0.940488 0.653686 
774 -1.036126 0.453316 
775 -1.098399 0.378300 
776 -1.052171 0.448987 
777 -0.974886 0.584424 
778 -0.939224 0.669784 
779 -0.844879 0.747662 
780 -0.945442 0.630988 
781 -0.991164 0.566220 
782 -1.005885 0.553457 
783 -0.991756 0.542153 
784 -1.069469 0.460351 
785 -0.997241 0.502903 
786 -0.932649 0.631691 
787 -0.850474 0.738761 
788 -1.032497 0.468942 
789 -1.133350 0.334258 
790 -1.041310 0.492544 
791 -1.001655 0.525064 
792 -0.962973 0.611287 
793 -0.966944 0.564434 
794 -0.963130 0.606301 
795 -0.860212 0.751352 
796 -0.900280 0.707072 
797 -1.000506 0.569170 
798 -1.016972 0.495291 
799 -0.913451 0.665771 
800 -0.949354 0.601573 
801 -1.002376 0.522843 
802 -0.974966 0.555818 
803 -0.996504 0.538270 
804 -0.931677 0.651841 
805 -0.952020 0.625380 
806 -0.965878 0.563099 
807 -1.016475 0.518475 
808 -0.948309 0.593271 
809 -0.929234 0.662029 
810 -1.028740 0.526585 
811 -1.079311 0.404515 
812 -0.983139 0.642852 
813 -0.977481 0.638776 
814 -1.032090 0.538489 
815 -0.968760 0.644187 
816 -1.131085 0.396032 
817 -1.075753 0.459655 
818 -1.010831 0.597177 
819 -1.085235 0.492834 
820 -1.002479 0.628552 
821 -0.987375 0.677942 
822 -1.046830 0.614999 
823 -1.105281 0.474279 
824 -1.037141 0.630298 
825 -1.099289 0.504799 
826 -1.135793 0.502082 
827 -1.040418 0.622640 
828 -1.052190 0.593961 
829 -1.028887 0.654549 
830 -1.067027 0.559178 
831 -1.058016 0.594693 
832 -1.047239 0.602418 
833 -1.186739 0.432710 
834 -1.111697 0.533913 
835 -0.983712 0.748557 
836 -1.073150 0.635126 
837 -0.978392 0.740855 
838 -1.144897 0.492556 
839 -1.100779 0.471942 
840 -0.958533 0.765039 
841 -0.800764 0.550707 
842 -0.998100 0.514146 
843 -1.026776 0.427372 
844 0.149029 -0.238606 
845 0.196444 -0.210469 
846 0.050819 -0.220664 
847 -0.917020 0.413505 
851 -0.714299 0.654033 
852 -0.182580 0.026828 
863 -0.834305 0.295255 
871 0.024332 -0.172734 
862 -1.354085 0.161852 
874 -1.689066 -0.127831 
857 -0.633244 1.904975 
876 -0.665857 1.511455 
877 -0.799452 0.305727 
878 -1.095180 0.121700 
879 -2.723933 -0.809779 
880 -1.780916 -0.337235 
881 -1.853413 -0.407465 
882 -1.951308 -0.372675 
883 -2.627409 -0.725418 
884 -5.593029 -1.584133 
885 -4.368668 -1.193138 
872 -2.302128 -0.632024 
886 -3.921185 -1.084536 
887 -3.652746 -1.079522 
888 -4.053950 -1.103576 
889 -2.195169 -0.561925 
890 -2.278704 -0.582943 
891 -2.653163 -0.773195 
892 -2.945749 -0.855962 
893 -1.635875 -0.128752 
894 -2.253260 -0.610869 
895 -2.465814 -0.683350 
896 -1.185386 0.393774 
897 -1.225810 0.354755 
898 -0.727696 1.358903 
899 -0.688189 1.350868 
900 -0.680064 1.760906 
901 -1.008725 3.699579 
902 -0.779010 3.170706 
903 -0.607048 1.957360 
904 -0.646830 2.186536 
905 -0.695608 2.390896 
906 -0.678635 2.585274 
907 -0.800917 2.877015 
908 -0.800828 2.922552 
909 -0.642346 2.145301 
910 -0.662977 2.498962 
911 -0.711074 2.501858 
912 -0.748865 2.389659 
913 -0.694678 2.267314 
914 -0.702221 1.982497 
915 -0.682511 2.363177 
916 -0.762969 2.244510 
917 -0.671655 1.939009 
918 -0.679226 1.943611 
919 -0.657563 1.812973 
920 -0.716098 1.562259 
921 -0.615216 2.159421 
922 -0.713182 1.446300 
923 -0.743323 1.363252 
924 -0.707709 1.529571 
925 -0.760670 1.375987 
926 -0.732676 1.434547 
927 -0.792418 1.226252 
928 -0.910835 0.924154 
929 -0.881107 1.079138 
930 -0.965757 0.824035 
931 -1.146299 0.524617 
932 -1.083883 0.600846 
933 -1.185828 0.489554 
934 -1.085570 0.605791 
935 -1.195894 0.436548 
936 -1.189696 0.483910 
937 -1.176432 0.439086 
938 -1.131312 0.554196 
939 -1.147605 0.536312 
940 -1.221509 0.428194 
941 -1.155918 0.490413 
942 -1.309072 0.330089 
943 -1.203252 0.462249 
944 -1.155079 0.515556 
945 -1.273719 0.360856 
946 -1.219895 0.438758 
947 -1.340256 0.260579 
948 -1.161706 0.542010 
949 -1.118576 0.580273 
950 -1.247002 0.431875 
951 -1.254777 0.390417 
952 -1.321932 0.312489 
953 -1.238259 0.422556 
954 -1.118529 0.607435 
955 -1.147753 0.561581 
956 -1.206598 0.481857 
957 -1.105328 0.654389 
958 -1.066170 0.683864 
959 -1.043994 0.703136 
960 -1.071419 0.706025 
961 -1.159742 0.506943 
962 -1.020109 0.727822 
963 -1.171728 0.485008 
964 -0.994628 0.770591 
965 -0.996135 0.735020 
966 -1.090981 0.604289 
967 -0.993848 0.740763 
968 -1.063760 0.615645 
969 -1.037370 0.632249 
970 -1.059283 0.572482 
971 -1.064485 0.567468 
972 -1.080706 0.529900 
973 -1.007845 0.685684 
974 -1.040244 0.590811 
975 -1.059812 0.596378 
976 -0.992183 0.747702 
977 -1.106415 0.514513 
978 -1.047805 0.617907 
979 -1.061027 0.611715 
980 -1.062967 0.620582 
981 -0.992161 0.776784 
982 -1.059811 0.672440 
983 -1.029136 0.753121 
984 -1.017779 0.727341 
985 -1.057180 0.643085 
986 -1.007847 0.687463 
987 -0.957114 0.821857 
988 -0.983982 0.741633 
989 -0.914944 0.891545 
990 -0.967415 0.794691 
991 -0.982184 0.724889 
992 -0.977080 0.788828 
993 -1.105862 0.554291 
994 -0.967144 0.791656 
995 -1.098464 0.576091 
996 -0.958283 0.811998 
997 -1.034140 0.622258 
998 -1.010054 0.684348 
999 -1.079761 0.542838 
1000 -0.998048 0.651484 
1001 -0.985960 0.654382 
1002 -1.049903 0.556018 
1003 -1.099618 0.396134 
1004 -1.009247 0.555773 
1005 -1.059543 0.499066 
1006 -1.069808 0.487460 
1007 -1.033048 0.543626 
1008 -1.008007 0.618049 
1009 -1.021828 0.531898 
1010 -0.949119 0.685898 
1011 -0.959839 0.666642 
1012 -0.989675 0.640699 
1013 -1.038647 0.509175 
1014 -1.038357 0.535326 
1015 -1.168828 0.376068 
1016 -1.129730 0.433717 
1017 -1.045217 0.545640 
1018 -0.997059 0.668031 
1019 -1.180730 0.349824 
1020 -1.138283 0.441321 
1021 -1.172164 0.376294 
1022 -1.075971 0.520679 
1023 -1.086594 0.519419 
1024 -1.251357 0.258559 
1025 -1.137103 0.467297 
1026 -1.100122 0.459151 
1027 -1.239392 0.306547 
1028 -1.226677 0.346944 
1029 -1.118479 0.510089 
1030 -1.315986 0.254036 
1031 -1.261395 0.348738 
1032 -1.368675 0.218185 
1033 -1.508612 0.068000 
1034 -1.378649 0.208240 
1035 -1.434799 0.113106 
1036 -1.298707 0.285329 
1037 -1.347842 0.228743 
1038 -1.360932 0.194888 
1039 -1.143988 0.501387 
1040 -1.306885 0.233824 
1041 -1.260175 0.335453 
1042 -1.336579 0.249974 
1043 -1.402546 0.185915 
1044 -1.367029 0.214787 
1045 -1.638741 -0.040862 
1046 -1.571136 0.028106 
1047 -1.498888 0.114919 
1048 -1.490780 0.102755 
1049 -1.535089 0.081928 
1050 -1.724314 -0.109326 
1051 -1.610765 -0.009749 
1052 -1.641542 -0.028602 
1053 -1.482278 0.135359 
1054 -1.465898 0.150504 
1055 -1.343284 0.312109 
1056 -1.311959 0.323657 
1057 -1.274443 0.365846 
1058 -1.430179 0.182073 
1059 -1.448927 0.115124 
1060 -1.231948 0.388878 
1061 -1.175048 0.429885 
1062 -1.197962 0.345402 
1063 -1.003251 0.554473 
1064 -0.983880 0.569165 
1065 -0.917193 0.725233 
1066 -0.937942 0.426711 
1067 -0.947872 0.573959 
1068 -0.830179 0.764037 
1069 -0.876615 0.541980 
1080 -1.078245 0.461805 
1081 -1.364969 0.214408 
1082 -1.113343 0.544914 
1083 -1.254726 0.338590 
1084 -1.183371 0.441272 
1085 -1.186063 0.461277 
1086 -1.178502 0.530302 
1087 -1.343921 0.295215 
1088 -1.308908 0.382477 
1089 -1.401443 0.228811 
1090 -1.279312 0.398441 
1091 -1.396398 0.250688 
1092 -1.352390 0.312083 
1093 -1.354625 0.330943 
1094 -1.658197 -0.013951 
1095 -1.524405 0.132974 
1096 -1.585686 0.042878 
1097 -1.766351 -0.139641 
1098 -1.510395 0.142788 
1099 -1.421604 0.256895 
1100 -1.495142 0.178197 
1101 -1.526893 0.123731 
1102 -1.609274 0.030578 
1103 -1.533897 0.132635 
1104 -1.608024 0.050988 
1105 -1.696065 -0.012508 
1106 -1.590931 0.045811 
1107 -1.466822 0.211711 
1108 -1.401739 0.314668 
1109 -1.372007 0.351172 
1110 -1.400002 0.339472 
1111 -1.264296 0.524798 
1112 -1.240867 0.560949 
1113 -1.287707 0.521054 
1114 -1.139934 0.701616 
1115 -1.197746 0.633795 
1116 -1.009883 0.966255 
1117 -1.040993 0.881659 
1118 -0.933983 1.062664 
1119 -0.864153 1.188798 
1120 -0.964663 0.999448 
1121 -0.866071 1.208968 
1122 -0.926416 1.080060 
1123 -0.869522 1.279853 
1124 -0.925118 1.111639 
1125 -0.917946 1.194041 
1126 -0.910110 1.118265 
1127 -1.069032 0.831713 
1128 -0.936080 1.063566 
1129 -1.022063 0.856124 
1130 -0.890730 1.117116 
1131 -0.966229 0.962715 
1132 -0.980448 0.864084 
1133 -0.925047 0.961523 
1134 -0.985377 0.853413 
1135 -0.967739 0.881622 
1136 -0.999214 0.762651 
1137 -1.002195 0.745276 
1138 -0.984561 0.817918 
1139 -1.085623 0.621505 
1140 -1.071933 0.681402 
1141 -0.946832 0.876779 
1142 -1.019094 0.737893 
1143 -1.102164 0.633905 
1144 -1.066783 0.671322 
1145 -1.033076 0.719787 
1146 -1.104023 0.633463 
1147 -1.024070 0.757982 
1148 -1.100773 0.616800 
1149 -1.111118 0.597998 
1150 -1.209148 0.455626 
1151 -1.091087 0.630278 
1152 -1.094779 0.632703 
1153 -1.119045 0.598219 
1154 -1.112847 0.572762 
1155 -1.041457 0.741362 
1156 -1.151809 0.536337 
1157 -1.029134 0.736207 
1158 -1.121470 0.583857 
1159 -1.011952 0.763522 
1160 -1.160254 0.527669 
1161 -1.113271 0.588917 
1162 -1.157076 0.526125 
1163 -1.249583 0.375643 
1164 -1.123253 0.567602 
1165 -1.114737 0.610273 
1166 -1.152717 0.534692 
1167 -1.115823 0.590869 
1168 -1.160204 0.542483 
1169 -1.210917 0.470776 
1170 -1.215464 0.448376 
1171 -1.130226 0.603238 
1172 -1.257088 0.357170 
1173 -1.162074 0.561495 
1174 -1.226021 0.440225 
1175 -1.251598 0.412137 
1176 -1.251623 0.412026 
1177 -1.304829 0.326518 
1178 -1.379082 0.257948 
1179 -1.253610 0.396662 
1180 -1.316058 0.348524 
1181 -1.220714 0.448814 
1182 -1.272948 0.389140 
1183 -1.236407 0.451090 
1184 -1.310209 0.358681 
1185 -1.262293 0.421978 
1186 -1.352163 0.291542 
1187 -1.251087 0.437553 
1188 -1.274465 0.405792 
1189 -1.171000 0.558637 
1190 -1.157482 0.570917 
1191 -1.177954 0.581775 
1192 -1.153607 0.596509 
1193 -1.187291 0.559205 
1194 -1.210276 0.507145 
1195 -1.312947 0.376742 
1196 -1.272297 0.441151 
1197 -1.157316 0.653032 
1198 -1.239777 0.546598 
1199 -1.150204 0.729992 
1200 -1.186520 0.656365 
1201 -1.166303 0.698171 
1202 -1.139980 0.729100 
1203 -1.228866 0.597312 
1204 -1.147142 0.723376 
1205 -1.221098 0.597409 
1206 -1.068462 0.796031 
1207 -1.152096 0.669475 
1208 -1.108220 0.708208 
1209 -1.132486 0.704799 
1210 -1.258966 0.491569 
1211 -1.180996 0.600896 
1212 -1.141790 0.666997 
1213 -1.117578 0.693867 
1214 -1.193930 0.612401 
1215 -1.043505 0.807681 
1216 -1.089000 0.744220 
1217 -1.022619 0.829220 
1218 -1.027946 0.824020 
1219 -1.114242 0.632171 
1220 -1.052186 0.776165 
1221 -1.025131 0.786288 
1222 -1.062024 0.781446 
1223 -0.951313 0.946385 
1224 -1.025736 0.845831 
1225 -1.112844 0.676620 
1226 -1.063632 0.780838 
1227 -1.057147 0.783558 
1228 -1.076066 0.744864 
1229 -0.945714 1.029790 
1230 -1.068674 0.764256 
1231 -1.029317 0.842516 
1232 -1.027971 0.885712 
1233 -1.012064 0.871932 
1234 -0.981305 0.954246 
1235 -1.024380 0.849307 
1236 -0.966342 0.954670 
1237 -1.018680 0.841170 
1238 -0.943725 1.010941 
1239 -0.962254 0.971176 
1240 -0.973768 0.911347 
1241 -0.940851 0.946822 
1242 -0.899129 1.075669 
1243 -0.982031 0.898335 
1244 -0.950973 1.020643 
1245 -1.031834 0.841630 
1246 -0.929601 1.080991 
1247 -1.056294 0.793941 
1248 -1.019900 0.861428 
1249 -1.065531 0.765742 
1250 -1.000627 0.894921 
1251 -0.972530 0.999077 
1252 -1.040081 0.840350 
1253 -1.031474 0.856720 
1254 -0.999029 0.929790 
1255 -1.024056 0.870370 
1256 -0.999961 0.872325 
1257 -0.995410 0.925615 
1258 -0.971392 0.960530 
1259 -0.984298 0.973509 
1260 -1.016320 0.895094 
1261 -1.001757 0.917157 
1262 -0.995808 0.938904 
1263 -1.056230 0.832720 
1264 -1.115798 0.740866 
1265 -1.125079 0.714899 
1266 -1.138914 0.721077 
1267 -1.347126 0.400861 
1268 -1.196118 0.646378 
1269 -1.297320 0.481700 
1270 -1.173167 0.704278 
1271 -1.269530 0.507749 
1272 -1.191293 0.650783 
1273 -1.041744 0.862577 
1274 -0.985092 0.982523 
1275 -1.003369 0.956954 
1276 -1.060474 0.778046 
1277 -0.999183 0.966291 
1278 -1.036214 0.845578 
1279 -0.941127 1.056445 
1280 -1.043913 0.844001 
1281 -1.141165 0.696164 
1282 -1.069502 0.823520 
1283 -1.005929 0.926347 
1284 -0.878471 1.166929 
1285 -0.865673 1.180735 
1286 -0.922200 1.002139 
1287 -0.855691 1.243498 
1288 -0.845592 1.181124 
1289 -0.847127 1.225426 
1290 -0.788775 1.378436 
1291 -0.788165 1.407714 
1292 -0.873363 1.157718 
1293 -0.806704 1.396788 
1294 -0.761140 1.493110 
1295 -0.770458 1.477044 
1296 -0.812086 1.368240 
1297 -0.795373 1.438025 
1298 -0.802009 1.410291 
1299 -0.861512 1.253068 
1300 -0.809945 1.355209 
1301 -0.838204 1.298032 
1302 -0.797898 1.448503 
1303 -0.872243 1.199355 
1304 -0.837866 1.298892 
1305 -0.945364 1.055630 
1306 -0.889075 1.206486 
1307 -1.002967 0.972834 
1308 -0.942778 1.072285 
1309 -1.001273 0.945244 
1310 -0.918624 1.129153 
1311 -1.033382 0.856412 
1312 -0.914076 1.099461 
1313 -1.075519 0.808815 
1314 -0.990924 0.948189 
1315 -1.070833 0.780714 
1316 -0.960542 1.014949 
1317 -0.949018 1.025158 
1318 -1.045677 0.842080 
1319 -0.978280 0.962714 
1320 -1.061468 0.871383 
1321 -0.954566 1.020440 
1322 -1.007923 0.907770 
1323 -1.048361 0.817430 
1324 -1.034208 0.873874 
1325 -0.998399 0.911392 
1326 -1.066687 0.818939 
1327 -1.026023 0.857982 
1328 -1.050993 0.807149 
1329 -0.971660 0.952358 
1330 -1.025771 0.853038 
1331 -1.062930 0.768801 
1332 -1.070500 0.778868 
1333 -1.102662 0.695801 
1334 -1.132052 0.671634 
1335 -1.133209 0.629573 
1336 -0.974600 0.923552 
1337 -1.022815 0.802466 
1338 -1.099554 0.658363 
1339 -0.990678 0.867609 
1340 -0.984558 0.856824 
1341 -0.975666 0.890191 
1342 -1.127625 0.611361 
1343 -1.021543 0.776662 
1344 -1.029452 0.766017 
1345 -1.111228 0.620290 
1346 -1.087316 0.677451 
1347 -1.075444 0.696270 
1348 -1.007245 0.845409 
1349 -0.980414 0.869870 
1350 -1.089066 0.681742 
1351 -1.085794 0.662930 
1352 -0.983768 0.861671 
1353 -1.215124 0.455820 
1354 -1.239984 0.430182 
1355 -1.122755 0.598070 
1356 -1.158677 0.522554 
1357 -1.225756 0.443985 
1358 -1.297462 0.336879 
1359 -1.233564 0.451864 
1360 -1.171018 0.511944 
1361 -1.277957 0.356787 
1362 -1.262341 0.368823 
1363 -1.341129 0.260805 
1364 -1.282737 0.366702 
1365 -1.285494 0.337962 
1366 -1.291331 0.353199 
1367 -1.294122 0.329088 
1368 -1.390928 0.209697 
1369 -1.365212 0.214044 
1370 -1.330522 0.295957 
1371 -1.330856 0.281305 
1372 -1.336165 0.309421 
1373 -1.210160 0.487211 
1374 -1.139506 0.559367 
1375 -1.230211 0.465175 
1376 -1.284713 0.344260 
1377 -1.091321 0.608061 
1378 -1.219507 0.367127 
1379 -1.146607 0.451258 
1380 -1.139465 0.514683 
1381 -1.151112 0.449405 
1382 -1.066704 0.578202 
1383 -1.074999 0.628071 
1384 -1.089278 0.572354 
1385 -0.969209 0.780491 
1386 -0.985523 0.752905 
1387 -1.037176 0.740466 
1388 -1.001008 0.861942 
1389 -1.035950 0.754997 
1390 -1.026798 0.785860 
1391 -0.950119 0.927955 
1392 -1.002378 0.834405 
1393 -1.005639 0.844326 
1394 -0.990035 0.868881 
1395 -0.970910 0.901950 
1396 -0.976958 0.925083 
1397 -0.902070 1.087341 
1398 -0.928308 1.015119 
1399 -0.915238 1.045774 
1400 -0.940135 0.984701 
1401 -0.905562 1.059809 
1402 -0.855779 1.208429 
1403 -0.828561 1.253569 
1404 -0.793908 1.332038 
1405 -0.788808 1.358902 
1406 -0.819731 1.313959 
1407 -0.785030 1.385736 
1408 -0.799294 1.313412 
1409 -0.752188 1.488479 
1410 -0.816848 1.281174 
1411 -0.767049 1.412976 
1412 -0.833508 1.174502 
1413 -0.866046 1.094334 
1414 -0.858753 1.092186 
1415 -0.940577 0.914713 
1416 -0.851501 1.126660 
1417 -0.875872 1.014632 
1418 -0.881514 1.042325 
1419 -0.831205 1.150348 
1420 -0.909170 0.918736 
1421 -1.007684 0.739816 
1422 -0.895161 0.937194 
1423 -0.963021 0.774235 
1424 -1.037945 0.654553 
1425 -0.970704 0.760588 
1426 -1.096444 0.549257 
1427 -1.010341 0.636716 
1428 -0.976471 0.746300 
1429 -1.036065 0.619179 
1430 -1.062488 0.581088 
1431 -1.101921 0.520762 
1432 -1.051401 0.588950 
1433 -1.070271 0.577040 
1434 -1.037612 0.603229 
1435 -1.083459 0.536015 
1436 -1.016824 0.661612 
1437 -0.996231 0.701646 
1438 -0.953862 0.781076 
1439 -1.030139 0.661559 
1440 -1.087986 0.577174 
1441 -1.177235 0.422765 
1442 -1.032257 0.649662 
1443 -1.061362 0.604784 
1444 -1.071446 0.584866 
1445 -0.966048 0.781835 
1446 -0.982998 0.750127 
1447 -1.114252 0.548305 
1448 -1.048074 0.611855 
1449 -1.094450 0.562806 
1450 -1.105453 0.539522 
1451 -1.001337 0.758045 
1452 -1.033864 0.671464 
1453 -1.089366 0.584353 
1454 -1.118954 0.551549 
1455 -1.171775 0.440126 
1456 -1.188169 0.502484 
1457 -1.232090 0.416041 
1458 -1.119749 0.583963 
1459 -1.164976 0.536470 
1460 -1.312883 0.330106 
1461 -1.366762 0.276847 
1462 -1.289893 0.390733 
1463 -1.304669 0.360227 
1464 -1.299941 0.358034 
1465 -1.239973 0.462349 
1466 -1.342030 0.317845 
1467 -1.306137 0.371924 
1468 -1.301932 0.401259 
1469 -1.320171 0.328471 
1470 -1.292671 0.378478 
1471 -1.236047 0.464320 
1472 -1.239752 0.428038 
1473 -1.140543 0.593656 
1474 -1.319239 0.338390 
1475 -1.226667 0.472857 
1476 -1.308322 0.358889 
1477 -1.168217 0.516556 
1478 -1.219997 0.447305 
1479 -1.044000 0.700407 
1480 -0.938981 0.885729 
1481 -0.956180 0.773555 
1482 -0.871590 1.047598 
1483 -0.794303 1.170825 
1484 -0.786431 1.270096 
1485 -0.778239 1.217645 
1486 -0.854404 1.062313 
1487 -0.768518 1.283355 
1488 -0.808368 1.175634 
1489 -0.813031 1.152159 
1490 -0.800362 1.225244 
1491 -0.794449 1.187664 
1492 -0.795170 1.218840 
1493 -0.767102 1.329397 
1494 -0.821271 1.177823 
1495 -0.744924 1.412437 
1496 -0.768780 1.282938 
1497 -0.761362 1.364559 
1498 -0.791717 1.228304 
1499 -0.750992 1.362965 
1500 -0.778876 1.364742 
1501 -0.740656 1.532363 
1502 -0.774002 1.337350 
1503 -0.735694 1.555435 
1504 -0.776755 1.387876 
1505 -0.794441 1.325110 
1506 -0.768593 1.396334 
1507 -0.758574 1.448008 
1508 -0.753689 1.455086 
1509 -0.756926 1.446646 
1510 -0.819080 1.248004 
1511 -0.797140 1.251484 
1512 -0.847353 1.193210 
1513 -0.832970 1.207866 
1514 -0.864062 1.133844 
1515 -0.882978 1.132467 
1516 -0.898335 1.073749 
1517 -0.895070 1.070301 
1518 -0.856160 1.173911 
1519 -0.877564 1.099790 
1520 -0.915741 1.024596 
1521 -0.885250 1.060950 
1522 -0.867261 1.126368 
1523 -0.905600 0.972221 
1524 -0.864919 1.063082 
1525 -0.889399 0.986877 
1526 -1.024888 0.732246 
1527 -1.173975 0.488809 
1528 -1.149719 0.543976 
1529 -1.007117 0.762986 
1530 -1.153739 0.505588 
1531 -1.144123 0.513194 
1532 -1.142536 0.524442 
1533 -0.986424 0.760974 
1534 -1.153771 0.456430 
1535 -1.043715 0.697237 
1536 -1.063283 0.602899 
1537 -1.094570 0.585498 
1538 -1.174955 0.443413 
1539 -1.213678 0.389059 
1540 -1.098603 0.548409 
1541 -1.224864 0.387848 
1542 -1.170044 0.450683 
1543 -1.199389 0.394375 
1544 -1.109798 0.556445 
1545 -1.209101 0.369269 
1546 -1.169442 0.437303 
1547 -1.147562 0.488203 
1548 -1.198539 0.417017 
1549 -1.185113 0.423412 
1550 -1.142121 0.464832 
1551 -1.278251 0.275198 
1552 -1.157157 0.440267 
1553 -1.198730 0.340919 
1554 -1.099144 0.507599 
1555 -1.073019 0.527314 
1556 -1.174563 0.430091 
1557 -1.104818 0.472770 
1558 -1.046058 0.591419 
1559 -1.089618 0.514064 
1560 -1.228667 0.329687 
1561 -1.051895 0.576457 
1562 -1.234410 0.303248 
1563 -1.139847 0.489171 
1564 -1.197329 0.359212 
1565 -1.209371 0.357416 
1566 -1.252834 0.327323 
1567 -1.164025 0.444076 
1568 -1.299701 0.228215 
1569 -1.153517 0.448521 
1570 -1.155782 0.406039 
1571 -1.212906 0.346602 
1572 -1.111542 0.478218 
1573 -1.039545 0.598778 
1574 -1.273849 0.293222 
1575 -1.205747 0.375383 
1576 -1.108693 0.513427 
1577 -1.213563 0.379775 
1578 -1.175888 0.428122 
1579 -1.166729 0.467134 
1580 -1.018604 0.730527 
1581 -1.016696 0.721150 
1582 -1.010353 0.797626 
1583 -1.004729 0.826199 
1584 -0.989004 0.814839 
1585 -0.957911 0.896694 
1586 -0.969830 0.871004 
1587 -1.027508 0.752207 
1588 -0.981327 0.866971 
1589 -0.958676 0.882727 
1590 -0.927894 0.963440 
1591 -0.971077 0.895559 
1592 -1.041746 0.783333 
1593 -1.033791 0.764024 
1594 -1.084941 0.704059 
1595 -1.043141 0.743112 
1596 -0.910062 0.915941 
1597 -1.034131 0.687579 
1598 -0.928793 0.876460 
1599 -0.970885 0.777500 
1600 -0.864913 0.953491 
1601 -0.995836 0.695445 
1602 -0.903207 0.854907 
1603 -0.880665 0.904966 
1604 -1.023406 0.641676 
1605 -0.956183 0.753512 
1606 -0.902711 0.867406 
1607 -1.042445 0.593194 
1608 -1.046296 0.534709 
1609 -0.977052 0.690979 
1610 -0.928419 0.688606 
1611 -1.114499 0.415149 
1612 -0.873216 0.753248 
1613 -0.926159 0.727465 
1614 -1.067625 0.425226 
1615 -0.993158 0.499120 
1616 -0.932325 0.588760 
1617 -1.026222 0.474362 
1618 -1.048892 0.487591 
1619 -0.913389 0.719470 
1620 -0.988606 0.572115 
1621 -0.990056 0.503579 
1622 -1.060203 0.408178 
1623 -0.978018 0.515600 
1624 -0.959974 0.586662 
1625 -0.939878 0.603047 
1626 -0.966808 0.596748 
1627 -0.922706 0.639053 
1628 -0.994272 0.617807 
1629 -1.029720 0.478230 
1630 -1.014878 0.489196 
1631 -1.014344 0.512201 
1632 -0.996642 0.563105 
1633 -0.955275 0.635403 
1634 -1.038045 0.458067 
1635 -1.021804 0.528462 
1636 -1.005549 0.532020 
1637 -0.945867 0.567216 
1638 -0.915260 0.657724 
1639 -0.885623 0.705724 
1640 -0.879165 0.711777 
1641 -1.037862 0.462971 
1642 -0.975390 0.610777 
1643 -0.990634 0.515618 
1644 -0.957995 0.543771 
1645 -0.974091 0.585082 
1646 -1.013918 0.512790 
1647 -0.937889 0.624128 
1648 -1.017376 0.482417 
1649 -1.069316 0.436533 
1650 -1.005206 0.523751 
1651 -0.987962 0.544772 
1652 -1.006129 0.460826 
1653 -0.941962 0.565370 
1654 -0.976579 0.572342 
1655 -1.105154 0.381765 
1656 -0.975154 0.580912 
1657 -0.973101 0.599226 
1658 -0.921714 0.653258 
1659 -0.970465 0.614294 
1660 -1.003693 0.537588 
1661 -0.978007 0.575132 
1662 -0.952156 0.558135 
1663 -1.024915 0.536256 
1664 -1.025314 0.533381 
1665 -1.009940 0.532356 
1666 -1.060040 0.371495 
1667 -1.006323 0.598360 
1668 -1.089442 0.451536 
1669 -1.045679 0.492524 
1670 -0.964612 0.635527 
1671 -1.020498 0.596830 
1672 -1.058342 0.486385 
1673 -1.066130 0.444680 
1674 -1.031910 0.538109 
1675 -0.966227 0.665060 
1676 -1.057650 0.547570 
1677 -1.076783 0.490030 
1678 -1.030164 0.613153 
1679 -1.137411 0.368532 
1680 -1.154387 0.365919 
1681 -1.002604 0.580329 
1682 -1.132209 0.364066 
1683 -1.073973 0.470041 
1684 -1.028075 0.576872 
1685 -1.071154 0.504673 
1686 -1.133367 0.427213 
1687 -1.086402 0.472426 
1688 -1.028664 0.584159 
1689 -1.075256 0.531950 
1690 -1.176423 0.414174 
1691 -1.097386 0.491790 
1692 -1.166525 0.446892 
1693 -1.153577 0.428571 
1694 -1.063671 0.621980 
1695 -1.067817 0.558086 
1696 -1.020703 0.582468 
1697 -1.113619 0.498518 
1698 -1.190482 0.328488 
1699 -1.089015 0.512267 
1700 -1.082484 0.524321 
1701 -1.053460 0.534443 
1702 -1.023862 0.596380 
1703 -1.126731 0.456664 
1704 -1.117771 0.457053 
1705 -1.175094 0.359012 
1706 -1.083086 0.487043 
1707 -1.059158 0.537808 
1708 -1.076015 0.465397 
1709 -0.984650 0.666371 
1710 -1.166130 0.331879 
1711 -1.108612 0.440811 
1712 -1.010346 0.561725 
1713 -1.107264 0.369362 
1714 -1.154951 0.324805 
1715 -0.935531 0.673545 
1716 -1.049729 0.523976 
1717 -1.166526 0.359760 
1718 -0.952557 0.660673 
1719 -1.006489 0.585598 
1720 -1.041959 0.522919 
1721 -1.038307 0.491225 
1722 -1.053439 0.479736 
1723 -1.071793 0.462725 
1724 -1.066764 0.470773 
1725 -1.071540 0.483980 
1726 -1.013535 0.502148 
1727 -0.991301 0.609259 
1728 -0.995430 0.589907 
1729 -1.034719 0.515320 
1730 -0.973914 0.640143 
1731 -0.994854 0.601996 
1732 -0.968955 0.654130 
1733 -1.011313 0.574215 
1734 -1.025339 0.566337 
1735 -1.175118 0.337099 
1736 -1.018467 0.553852 
1737 -1.149169 0.408210 
1738 -1.138299 0.381525 
1739 -1.170515 0.385571 
1740 -1.108135 0.449063 
1741 -1.027199 0.590203 
1742 -1.106511 0.476285 
1743 -1.061441 0.525139 
1744 -1.161436 0.426630 
1745 -1.026130 0.621409 
1746 -1.221540 0.340098 
1747 -1.179046 0.400806 
1748 -1.142775 0.460465 
1749 -1.164990 0.462746 
1750 -1.174140 0.420119 
1751 -1.076011 0.572247 
1752 -1.123548 0.473071 
1753 -1.052588 0.570255 
1754 -1.053531 0.496476 
1755 -1.068660 0.526455 
1756 -0.969071 0.682921 
1757 -1.146103 0.336149 
1758 -1.042753 0.553837 
1759 -0.945075 0.722222 
1760 -1.041746 0.518899 
1761 -0.911753 0.686035 
1762 -1.091764 0.427021 
1763 -0.953556 0.647264 
1764 -0.959549 0.622299 
1765 -0.912479 0.609445 
1766 -0.972447 0.600930 
1767 -0.951529 0.674899 
1768 -0.901541 0.667653 
1769 -0.927870 0.622902 
1770 -0.950439 0.602084 
1771 -1.006894 0.547227 
1772 -0.877684 0.656592 
1773 -0.910054 0.613903 
1774 -0.990960 0.505385 
1775 -1.011910 0.517814 
1776 -0.903727 0.700013 
1777 -0.956724 0.603717 
1778 -0.893597 0.624589 
1779 -0.973662 0.552086 
1780 -0.888463 0.684242 
1781 -0.953052 0.534660 
1782 -0.952164 0.629023 
1783 -0.835923 0.873690 
1784 -0.991089 0.509149 
1785 -0.875571 0.754685 
1786 -0.954692 0.674091 
1787 -0.818969 0.828572 
1788 -0.917675 0.681506 
1789 -0.891506 0.775823 
1790 -0.882833 0.724006 
1791 -0.919395 0.670316 
1792 -0.946097 0.576531 
1793 -0.966781 0.592852 
1794 -0.877502 0.724386 
1795 -1.011175 0.514480 
1796 -0.888046 0.734939 
1797 -0.883512 0.759829 
1798 -0.978045 0.540012 
1799 -0.855036 0.783724 
1800 -0.964280 0.590949 
1801 -0.911113 0.719617 
1802 -0.890188 0.769863 
1803 -0.886447 0.704715 
1804 -0.942147 0.654750 
1805 -0.877836 0.782719 
1806 -0.837724 0.785700 
1807 -1.013311 0.521617 
1808 -0.899440 0.696112 
1809 -0.876169 0.699868 
1810 -0.902918 0.704047 
1811 -0.849199 0.729003 
1812 -0.919273 0.660528 
1813 -0.864297 0.775473 
1814 -0.860573 0.739976 
1815 -0.905025 0.630421 
1816 -0.988281 0.523858 
1817 -0.995925 0.440457 
1818 -0.893016 0.633551 
1819 -0.989511 0.573214 
1820 -0.900454 0.735572 
1821 -1.049643 0.433913 
1822 -0.961513 0.589941 
1823 -0.922408 0.693931 
1824 -1.000531 0.504145 
1825 -0.977683 0.552843 
1826 -0.900189 0.674988 
1827 -0.971449 0.579531 
1828 -0.876155 0.744888 
1829 -1.067188 0.505556 
1830 -0.926800 0.632867 
1831 -0.959369 0.680101 
1832 -1.014116 0.525351 
1833 -1.024075 0.571869 
1834 -0.930880 0.610551 
1835 -1.040421 0.528772 
1836 -0.892650 0.721032 
1837 -0.992784 0.591970 
1838 -1.072723 0.468229 
1839 -0.911213 0.731813 
1840 -1.006478 0.579158 
1841 -0.968743 0.635125 
1842 -0.902152 0.781745 
1843 -0.893629 0.736304 
1844 -0.935435 0.666994 
1845 -1.037934 0.520634 
1846 -0.881883 0.690891 
1847 -0.987192 0.554293 
1848 -0.956050 0.577958 
1849 -0.928017 0.691601 
1850 -1.078951 0.415024 
1851 -0.955164 0.664710 
1852 -0.913514 0.729664 
1853 -0.974489 0.549650 
1854 -1.044819 0.446044 
1855 -1.018206 0.473927 
1856 -1.011150 0.499650 
1857 -1.061210 0.441126 
1858 -0.961667 0.596527 
1859 -1.086761 0.375899 
1860 -0.867117 0.710190 
1861 -0.981587 0.524488 
1862 -0.948356 0.622886 
1863 -0.953457 0.611347 
1864 -0.944474 0.621263 
1865 -0.997305 0.470852 
1866 -1.001849 0.552397 
1867 -1.024371 0.498760 
1868 -0.930906 0.636938 
1869 -1.000135 0.594996 
1870 -1.051755 0.448715 
1871 -0.998448 0.533442 
1872 -1.106472 0.367388 
1873 -1.014251 0.481548 
1874 -1.056122 0.469466 
1875 -1.012966 0.475565 
1876 -1.062116 0.458861 
1877 -1.110090 0.312827 
1878 -1.124981 0.352481 
1879 -1.133695 0.296752 
1880 -1.011358 0.473799 
1881 -1.053237 0.400521 
1882 -1.124148 0.350110 
1883 -1.096117 0.399594 
1884 -1.089689 0.430101 
1885 -1.019631 0.522350 
1886 -1.059486 0.376710 
1887 -1.085030 0.457267 
1888 -1.192096 0.291768 
1889 -1.131562 0.381940 
1890 -1.228674 0.306402 
1891 -1.250440 0.220409 
1892 -1.345394 0.123005 
1893 -1.190137 0.343543 
1894 -1.327875 0.169899 
1895 -1.270580 0.229053 
1896 -1.358703 0.126730 
1897 -1.257480 0.248078 
1898 -1.180013 0.375878 
1899 -1.343030 0.163678 
1900 -1.346026 0.140820 
1901 -1.197014 0.352057 
1902 -1.194563 0.327649 
1903 -1.198516 0.301043 
1904 -1.128914 0.390232 
1905 -1.207699 0.292702 
1906 -1.141297 0.380601 
1907 -1.056348 0.469341 
1908 -1.120713 0.395585 
1909 -1.210643 0.282392 
1910 -1.025529 0.472064 
1911 -1.037869 0.477803 
1912 -1.104827 0.374569 
1913 -0.941439 0.596361 
1914 -1.041926 0.449304 
1915 -1.057821 0.482756 
1916 -1.055686 0.473966 
1917 -0.972471 0.634512 
1918 -1.127126 0.370033 
1919 -1.015945 0.522231 
1920 -1.064400 0.395728 
1921 -1.012898 0.547788 
1922 -0.975449 0.562420 
1923 -1.077172 0.409835 
1924 -1.091290 0.430542 
1925 -1.037782 0.524895 
1926 -0.976903 0.603675 
1927 -1.027993 0.512219 
1928 -0.962626 0.606497 
1929 -0.973920 0.577307 
1930 -0.917582 0.677466 
1931 -1.062767 0.504968 
1932 -0.960752 0.572808 
1933 -1.010535 0.482406 
1934 -1.102095 0.415524 
1935 -0.960181 0.591854 
1936 -0.914092 0.697717 
1937 -1.005638 0.489423 
1938 -1.056961 0.495401 
1939 -1.069594 0.465424 
1940 -1.065258 0.455812 
1941 -1.096723 0.404696 
1942 -1.072408 0.441692 
1943 -1.004466 0.546619 
1944 -0.904952 0.665945 
1945 -0.970735 0.526650 
1946 -0.917423 0.656477 
1947 -1.047797 0.430697 
1948 -0.959874 0.644006 
1949 -0.891262 0.739067 
1950 -1.034841 0.446555 
1951 -0.954415 0.621765 
1952 -1.040453 0.501072 
1953 -0.909679 0.702183 
1954 -0.899187 0.745382 
1955 -0.953960 0.655314 
1956 -0.895878 0.724222 
1957 -0.924508 0.689923 
1958 -0.986268 0.589865 
1959 -0.892507 0.763053 
1960 -0.938947 0.660916 
1961 -1.000918 0.566658 
1962 -0.979776 0.616251 
1963 -0.910970 0.699143 
1964 -0.915335 0.744354 
1965 -0.984027 0.614283 
1966 -0.941494 0.684681 
1967 -0.962117 0.654249 
1968 -1.031247 0.565528 
1969 -1.016164 0.554688 
1970 -0.985997 0.661196 
1971 -0.995753 0.587433 
1972 -0.986463 0.678168 
1973 -0.921527 0.771190 
1974 -0.976013 0.697394 
1975 -1.006737 0.613198 
1976 -1.060281 0.547585 
1977 -1.075110 0.494757 
1978 -1.011784 0.616494 
1979 -1.010830 0.630282 
1980 -1.037240 0.570547 
1981 -1.029948 0.614785 
1982 -0.969122 0.725067 
1983 -0.966549 0.673299 
1984 -1.016927 0.614263 
1985 -0.931582 0.785344 
1986 -1.062447 0.535897 
1987 -0.943350 0.723447 
1988 -0.991483 0.668298 
1989 -1.018277 0.648364 
1990 -1.053327 0.594323 
1991 -1.002257 0.699322 
1992 -0.897160 0.930964 
1993 -0.917861 0.855144 
1994 -0.925889 0.893488 
1995 -0.959319 0.816188 
1996 -0.921991 0.890571 
1997 -0.946362 0.815554 
1998 -0.897667 0.948881 
1999 -0.984230 0.751196 
2000 -0.906493 0.886804 
2001 -0.905097 0.894451 
2002 -0.952506 0.801884 
2003 -0.913433 0.862415 
2004 -1.032257 0.623333 
2005 -0.957802 0.748063 
2006 -0.992753 0.735762 
2007 -0.999300 0.720453 
2008 -0.970048 0.800034 
2009 -0.952511 0.845869 
2010 -0.960027 0.842233 
2011 -0.950308 0.871779 
2012 -0.996945 0.758990 
2013 -0.833918 1.105838 
2014 -0.936886 0.851329 
2015 -0.933994 0.832343 
2016 -0.989144 0.724434 
2017 -1.026358 0.686723 
2018 -0.934601 0.845617 
2019 -0.896183 0.925323 
2020 -0.907286 0.863160 
2021 -0.931065 0.818251 
2022 -0.942823 0.807168 
2023 -0.948561 0.796507 
2024 -0.962029 0.765632 
2025 -0.950149 0.770153 
2026 -0.948913 0.762198 
2027 -0.998870 0.708217 
2028 -1.021785 0.629144 
2029 -1.015450 0.616356 
2030 -0.985615 0.708276 
2031 -1.042252 0.582075 
2032 -0.999743 0.683444 
2033 -0.993801 0.663684 
2034 -1.040924 0.594740 
2035 -0.966286 0.736674 
2036 -1.022426 0.638920 
2037 -1.027763 0.625764 
2038 -1.100846 0.573870 
2039 -1.134216 0.493741 
2040 -1.032179 0.705777 
2041 -1.109184 0.550638 
2042 -1.010346 0.702149 
2043 -1.048998 0.685434 
2044 -1.006080 0.698050 
2045 -1.096811 0.550391 
2046 -0.978666 0.748126 
2047 -1.117311 0.530939 
2048 -0.915124 0.895577 
2049 -1.014752 0.683500 
2050 -0.997476 0.690247 
2051 -0.928642 0.874762 
2052 -0.914053 0.868410 
2053 -0.984772 0.728062 
2054 -0.941922 0.802624 
2055 -0.951677 0.817896 
2056 -0.963873 0.756289 
2057 -0.940663 0.866152 
2058 -0.897871 0.952030 
2059 -0.926577 0.886649 
2060 -0.887034 0.963026 
2061 -0.944999 0.858996 
2062 -0.916426 0.946545 
2063 -0.898376 0.966293 
2064 -0.858138 1.075324 
2065 -0.843052 1.078536 
2066 -0.839263 1.147333 
2067 -0.866897 1.065349 
2068 -0.905073 0.970109 
2069 -0.880822 1.073939 
2070 -0.763349 1.325356 
2071 -0.838121 1.186427 
2072 -0.749794 1.366656 
2073 -0.793752 1.265226 
2074 -0.776599 1.284471 
2075 -0.814212 1.186162 
2076 -0.736379 1.395799 
2077 -0.758953 1.302786 
2078 -0.774440 1.301009 
2079 -0.769979 1.348244 
2080 -0.936016 0.890721 
2081 -0.787823 1.235724 
2082 -0.877250 1.019705 
2083 -0.888229 1.006068 
2084 -0.998367 0.698577 
2085 -1.054698 0.610727 
2086 -0.914720 0.867326 
2087 -1.008762 0.679968 
2088 -0.949366 0.771875 
2089 -0.981842 0.726201 
2090 -0.974375 0.721300 
2091 -0.954818 0.766499 
2092 -1.022115 0.663433 
2093 -0.988094 0.687799 
2094 -0.992957 0.701304 
2095 -1.060262 0.586461 
2096 -0.970692 0.722210 
2097 -0.997529 0.668536 
2098 -1.015426 0.687248 
2099 -0.956768 0.763003 
2100 -0.915206 0.839271 
2101 -0.999636 0.679142 
2102 -0.932184 0.818945 
2103 -1.080445 0.561276 
2104 -0.872417 0.904247 
2105 -0.956756 0.786729 
2106 -1.026930 0.601189 
2107 -0.981427 0.718500 
2108 -0.972038 0.680563 
2109 -0.983772 0.727696 
2110 -0.919464 0.793251 
2111 -1.109020 0.513369 
2112 -0.962309 0.683562 
2113 -0.971990 0.713815 
2114 -1.117768 0.513925 
2115 -1.118209 0.449391 
2116 -1.004154 0.618385 
2117 -1.117970 0.376303 
2118 -0.993712 0.606284 
2119 -0.997712 0.542634 
2120 -1.154991 0.333863 
2121 -0.980688 0.584238 
2122 -1.080363 0.480401 
2123 -1.054884 0.477471 
2124 -0.965574 0.606464 
2125 -1.136505 0.355918 
2126 -0.998315 0.598618 
2127 -1.076346 0.430542 
2128 -1.046907 0.442533 
2129 -1.048938 0.530416 
2130 -1.098927 0.483212 
2131 -1.034987 0.476329 
2132 -1.007674 0.589119 
2133 -1.108956 0.405697 
2134 -1.043395 0.441301 
2135 -1.041414 0.484206 
2136 -1.048588 0.454761 
2137 -1.007989 0.488918 
2138 -0.954947 0.555261 
2139 -0.923177 0.668421 
2140 -1.039208 0.505923 
2141 -0.890911 0.664962 
2142 -0.976738 0.560975 
2143 -0.969509 0.555891 
2144 -0.984349 0.502115 
2145 -0.947841 0.640609 
2146 -0.968258 0.613277 
2147 -1.007426 0.512308 
2148 -0.939088 0.642967 
2149 -1.038499 0.470388 
2150 -0.990879 0.552558 
2151 -1.025627 0.495898 
2152 -1.008943 0.467895 
2153 -1.076986 0.452153 
2154 -1.087116 0.430512 
2155 -0.974718 0.567866 
2156 -0.897841 0.754488 
2157 -0.969443 0.613564 
2158 -0.944577 0.690436 
2159 -0.991205 0.564220 
2160 -1.001237 0.603918 
2161 -0.958131 0.618852 
2162 -1.071192 0.454688 
2163 -0.941961 0.590589 
2164 -0.954208 0.667261 
2165 -0.937121 0.602688 
2166 -0.967620 0.594735 
2167 -0.974891 0.609871 
2168 -1.085454 0.394648 
2169 -0.921402 0.665424 
2170 -1.034626 0.502623 
2171 -1.016933 0.469902 
2172 -1.006845 0.466872 
2173 -1.050641 0.488566 
2174 -1.078854 0.434638 
2175 -0.990789 0.515975 
2176 -1.006845 0.499056 
2177 -1.074297 0.453904 
2178 -1.013940 0.546333 
2179 -1.035764 0.528659 
2180 -0.981005 0.570711 
2181 -0.984806 0.618778 
2182 -0.981909 0.595114 
2183 -1.028574 0.534952 
2184 -1.066344 0.446927 
2185 -0.975415 0.601757 
2186 -1.079446 0.443618 
2187 -1.072397 0.423676 
2188 -1.033193 0.470692 
2189 -0.977802 0.559152 
2190 -1.048934 0.476993 
2191 -1.118235 0.381121 
2192 -0.945758 0.647847 
2193 -1.050087 0.465092 
2194 -1.040612 0.474412 
2195 -0.976851 0.597071 
2196 -0.837382 0.810172 
2197 -0.978366 0.549135 
2198 -0.887987 0.672690 
2199 -1.035537 0.489741 
2200 -0.935481 0.707295 
2201 -1.042963 0.477209 
2202 -0.981516 0.554719 
2203 -0.997865 0.432246 
2204 -0.975685 0.563979 
2205 -0.925689 0.539743 
2206 -1.073932 0.403121 
2207 -0.916099 0.668482 
2208 -1.050472 0.453513 
2209 -0.999202 0.530489 
2210 -1.024724 0.586348 
2211 -0.994257 0.528485 
2212 -0.890125 0.689032 
2213 -0.925626 0.659827 
2214 -0.951185 0.646866 
2215 -0.958378 0.526739 
2216 -1.006584 0.529790 
2217 -0.986178 0.527828 
2218 -0.985492 0.571109 
2219 -1.028923 0.516811 
2220 -1.033111 0.470578 
2221 -1.007357 0.577220 
2222 -1.014336 0.479341 
2223 -1.075079 0.415038 
2224 -1.061936 0.460800 
2225 -1.046588 0.469830 
2226 -0.971856 0.609391 
2227 -1.074276 0.415254 
2228 -0.979514 0.622733 
2229 -1.047408 0.456146 
2230 -1.140435 0.352530 
2231 -0.996148 0.535222 
2232 -0.955275 0.581238 
2233 -0.945230 0.591567 
2234 -1.043179 0.463808 
2235 -0.969229 0.561750 
2236 -1.093525 0.395750 
2237 -1.057178 0.467618 
2238 -1.179080 0.314549 
2239 -1.023168 0.454351 
2240 -1.023099 0.520494 
2241 -1.000968 0.555944 
2242 -0.946482 0.543255 
2243 -1.003934 0.483435 
2244 -1.066655 0.432741 
2245 -1.037037 0.498394 
2246 -0.960470 0.626972 
2247 -0.975722 0.446642 
2248 -1.029397 0.450927 
2249 -1.033939 0.411416 
2250 -1.039746 0.470086 
2251 -1.036359 0.469118 
2252 -1.092856 0.394086 
2253 -1.055218 0.416105 
2254 -0.948653 0.639191 
2255 -0.931682 0.647476 
2256 -0.972144 0.622048 
2257 -0.955139 0.660386 
2258 -0.923445 0.644144 
2259 -0.940586 0.639323 
2260 -1.046064 0.482371 
2261 -1.024598 0.505978 
2262 -1.012490 0.522288 
2263 -0.907077 0.647184 
2264 -0.967341 0.586026 
2265 -0.980874 0.577196 
2266 -0.925053 0.626239 
2267 -1.086925 0.430648 
2268 -0.971835 0.585704 
2269 -1.008709 0.504806 
2270 -0.988426 0.531403 
2271 -1.023171 0.442876 
2272 -1.023088 0.491147 
2273 -1.006848 0.475437 
2274 -0.937922 0.589750 
2275 -0.981997 0.530733 
2276 -0.995068 0.500224 
2277 -0.927924 0.607626 
2278 -0.963734 0.604351 
2279 -1.005844 0.501823 
2280 -0.986899 0.557138 
2281 -1.071994 0.413228 
2282 -0.941407 0.681330 
2283 -0.941390 0.634868 
2284 -1.029406 0.479032 
2285 -0.910261 0.603936 
2286 -0.912137 0.683528 
2287 -0.911593 0.704864 
2288 -1.010701 0.522812 
2289 -1.015590 0.536286 
2290 -0.978394 0.609969 
2291 -1.037695 0.505846 
2292 -0.973934 0.586610 
2293 -0.934455 0.681738 
2294 -0.980926 0.568053 
2295 -0.897062 0.741053 
2296 -0.925376 0.691398 
2297 -1.053206 0.502340 
2298 -0.916965 0.671779 
2299 -0.980875 0.624311 
2300 -0.936038 0.639953 
2301 -0.913694 0.730922 
2302 -1.043366 0.477942 
2303 -0.939408 0.642583 
2304 -0.964923 0.619727 
2305 -0.969276 0.632493 
2306 -0.962367 0.686570 
2307 -0.876528 0.846666 
2308 -0.965163 0.706150 
2309 -0.859395 0.897484 
2310 -0.927596 0.775394 
2311 -0.891130 0.812776 
2312 -0.974199 0.695731 
2313 -0.819337 0.945944 
2314 -0.995825 0.644896 
2315 -0.917357 0.779308 
2316 -0.877273 0.839737 
2317 -1.026146 0.562953 
2318 -0.986234 0.662240 
2319 -1.034607 0.555221 
2320 -1.048525 0.496354 
2321 -1.066592 0.496673 
2322 -0.966399 0.658388 
2323 -1.009821 0.600283 
2324 -1.054790 0.501178 
2325 -1.022264 0.603492 
2326 -0.938227 0.687897 
2327 -1.019081 0.555666 
2328 -1.025160 0.589869 
2329 -0.985908 0.651808 
2330 -1.087974 0.499773 
2331 -1.048934 0.605180 
2332 -1.093104 0.545997 
2333 -1.067561 0.567386 
2334 -1.050669 0.632130 
2335 -1.063445 0.564241 
2336 -1.010015 0.683989 
2337 -1.105056 0.568911 
2338 -1.088319 0.593405 
2339 -1.144531 0.525261 
2340 -1.068832 0.661222 
2341 -1.135434 0.609704 
2342 -1.200249 0.459350 
2343 -1.085899 0.650305 
2344 -1.102332 0.593177 
2345 -1.072708 0.663206 
2346 -1.063753 0.704824 
2347 -1.095045 0.625014 
2348 -1.187386 0.486839 
2349 -1.067625 0.650640 
2350 -1.267196 0.354527 
2351 -1.093843 0.607872 
2352 -1.290665 0.325034 
2353 -1.086224 0.632529 
2354 -1.176863 0.469321 
2355 -1.223102 0.425440 
2356 -1.178279 0.520620 
2357 -1.100775 0.596367 
2358 -1.164206 0.537274 
2359 -1.306004 0.330455 
2360 -1.271221 0.358207 
2361 -1.235273 0.426240 
2362 -1.236091 0.427566 
2363 -1.248281 0.385200 
2364 -1.275331 0.363742 
2365 -1.210354 0.463083 
2366 -1.202949 0.480064 
2367 -1.192861 0.480773 
2368 -1.395592 0.225169 
2369 -1.275631 0.389484 
2370 -1.396603 0.229100 
2371 -1.301675 0.347889 
2372 -1.231048 0.476469 
2373 -1.293805 0.375820 
2374 -1.072114 0.755115 
2375 -1.275837 0.391599 
2376 -1.176089 0.556689 
2377 -1.168408 0.588707 
2378 -1.149817 0.574606 
2379 -1.223009 0.503151 
2380 -1.195965 0.532226 
2381 -1.305742 0.355922 
2382 -1.188037 0.588038 
2383 -1.221763 0.481273 
2384 -1.186708 0.540151 
2385 -1.202772 0.497381 
2386 -1.188654 0.511102 
2387 -1.148629 0.515534 
2388 -1.102245 0.624909 
2389 -1.129188 0.481487 
2390 -1.054873 0.631235 
2391 -1.027670 0.650894 
2392 -1.103021 0.535736 
2393 -0.978913 0.696793 
2394 -1.054680 0.642876 
2395 -1.060099 0.625801 
2396 -1.170290 0.418754 
2397 -1.068175 0.584387 
2398 -1.069675 0.540517 
2399 -1.095835 0.519515 
2400 -1.113883 0.474849 
2401 -1.126552 0.469020 
2402 -1.041901 0.590424 
2403 -1.147956 0.462960 
2404 -1.089107 0.560128 
2405 -1.171829 0.420825 
2406 -1.048294 0.577766 
2407 -1.182901 0.424105 
2408 -1.240275 0.319192 
2409 -1.186464 0.458357 
2410 -1.136609 0.547413 
2411 -1.144170 0.555695 
2412 -1.086710 0.671771 
2413 -1.241488 0.413382 
2414 -1.236206 0.434404 
2415 -1.145238 0.598556 
2416 -1.283343 0.366197 
2417 -1.195683 0.489361 
2418 -1.163479 0.517969 
2419 -1.049535 0.647218 
2420 -1.180715 0.474209 
2421 -1.020794 0.727534 
2422 -1.101167 0.634630 
2423 -1.116068 0.643613 
2424 -1.187121 0.517027 
2425 -1.154736 0.587085 
2426 -1.127327 0.662911 
2427 -1.217251 0.502115 
2428 -1.187701 0.591153 
2429 -1.345921 0.372472 
2430 -1.218145 0.550536 
2431 -1.329983 0.382425 
2432 -1.399740 0.286413 
2433 -1.343782 0.359091 
2434 -1.357402 0.337175 
2435 -1.365285 0.339126 
2436 -1.339509 0.357930 
2437 -1.367547 0.313347 
2438 -1.402610 0.288550 
2439 -1.299571 0.418515 
2440 -1.299884 0.452177 
2441 -1.365723 0.341729 
2442 -1.354341 0.310326 
2443 -1.348300 0.358794 
2444 -1.374650 0.289002 
2445 -1.469616 0.169726 
2446 -1.400470 0.245612 
2447 -1.434165 0.202102 
2448 -1.453477 0.186472 
2449 -1.464492 0.150078 
2450 -1.389297 0.233503 
2451 -1.378447 0.269457 
2452 -1.368370 0.255247 
2453 -1.348378 0.251878 
2454 -1.339854 0.272804 
2455 -1.343110 0.234529 
2456 -1.323394 0.278485 
2457 -1.393991 0.172382 
2458 -1.310329 0.292398 
2459 -1.311089 0.307864 
2460 -1.344652 0.248127 
2461 -1.292477 0.301722 
2462 -1.251652 0.395140 
2463 -1.429346 0.141983 
2464 -1.383301 0.175206 
2465 -1.333727 0.255800 
2466 -1.445644 0.125365 
2467 -1.322036 0.233675 
2468 -1.156720 0.447816 
2469 -1.252929 0.335351 
2470 -1.120538 0.467312 
2471 -1.082345 0.496231 
2472 -1.104617 0.507023 
2473 -1.162241 0.383164 
2474 -1.055659 0.620416 
2475 -1.062766 0.525714 
2476 -1.103438 0.490255 
2477 -1.075967 0.479018 
2478 -1.049380 0.533679 
2479 -1.079063 0.516837 
2480 -1.124584 0.439153 
2481 -0.968129 0.686991 
2482 -1.025059 0.558677 
2483 -1.048514 0.560319 
2484 -1.004915 0.630825 
2485 -0.990614 0.662868 
2486 -0.995389 0.647424 
2487 -0.930550 0.730640 
2488 -1.064206 0.525492 
2489 -0.969211 0.666615 
2490 -1.122187 0.442205 
2491 -0.890183 0.824048 
2492 -1.154238 0.385323 
2493 -1.085857 0.488135 
2494 -0.948865 0.698720 
2495 -1.029377 0.571008 
2496 -1.033061 0.549335 
2497 -1.113714 0.428141 
2498 -1.174570 0.314194 
2499 -0.988797 0.588662 
2500 -1.031465 0.516385 
2501 -1.043980 0.506942 
2502 -0.993981 0.498021 
2503 -1.029405 0.485900 
2504 -0.805698 0.581983 
