3129 2
61 -0.731667 1.014780 
62 -0.787636 0.820069 
63 -0.318530 1.354441 
64 -0.623200 1.054314 
65 -0.444119 1.221033 
66 -0.748964 0.889018 
67 -0.701455 1.054183 
68 -0.435452 0.973837 
69 -0.389375 1.236901 
70 -0.146917 1.234148 
71 -0.462731 0.955765 
72 -0.581890 0.939464 
73 -0.353114 1.120788 
74 -0.804298 0.985805 
75 -0.838239 0.923922 
76 -0.546607 1.097395 
77 -0.443596 1.106566 
78 -0.939176 0.831727 
79 -0.423017 1.212481 
80 -0.652991 1.086511 
81 -0.431656 1.142375 
82 -0.361888 1.039962 
83 -0.356046 1.158676 
84 -0.242035 1.023647 
85 -0.362155 1.056929 
86 -0.370382 1.136375 
87 -0.626291 1.136777 
88 -0.428931 0.977985 
89 -0.515188 1.137631 
90 -0.402285 1.084004 
91 -0.157926 1.207387 
92 -0.244245 1.034927 
93 -0.743632 0.971243 
94 -0.767126 0.940856 
95 -0.394675 1.059351 
96 -0.573019 1.008909 
97 -0.409833 1.090311 
98 -0.287006 1.195697 
99 -0.257884 1.005700 
100 -0.549464 1.028623 
101 -0.644624 0.966666 
102 -0.212726 1.055073 
103 -0.258663 1.152917 
104 -0.372847 1.063089 
105 -0.414611 1.024301 
106 -0.664341 0.949679 
107 -0.382251 1.159165 
108 -0.194259 1.267612 
109 -0.701419 1.012457 
110 -0.474609 1.021191 
111 -0.322606 1.064830 
112 -0.479615 0.953105 
113 -0.724776 0.955054 
114 -0.659064 0.833482 
115 -0.567719 1.113364 
116 -0.656976 0.969579 
117 -0.530085 0.893192 
118 -0.210970 1.124218 
119 -0.157528 1.183655 
120 -0.639786 1.143015 
121 -0.307346 1.054551 
122 -0.443064 1.138572 
123 -0.588394 0.992060 
124 -0.484523 1.246906 
125 -0.044348 1.318301 
126 -0.389796 1.160917 
127 -0.699014 0.995638 
128 -0.801161 0.866373 
129 -0.228486 1.158600 
130 -0.828321 0.956414 
131 -0.637956 1.052743 
132 -0.556091 1.097244 
133 -0.642014 1.107712 
134 -0.146199 1.216273 
135 -0.575021 1.028554 
136 -0.546034 1.053454 
137 -0.179477 1.284730 
138 -0.729189 0.945504 
139 -0.261095 1.201127 
140 -0.391576 1.040341 
141 -0.245871 1.188722 
142 -0.822071 0.858912 
143 -0.795388 0.984193 
144 -0.328836 1.078041 
145 -0.070673 1.344419 
146 -0.416926 1.109706 
147 -0.194921 1.366690 
148 -0.281510 1.259720 
149 -0.097063 1.292502 
150 -0.264585 0.961612 
151 -0.553162 1.181279 
152 -0.563856 1.246303 
153 -0.641594 0.948089 
154 -0.558217 0.956158 
155 -0.478015 1.077118 
156 -0.349472 1.043332 
157 -0.564222 1.043293 
158 -0.190081 1.187455 
159 -0.571983 1.141433 
160 -0.577011 1.174573 
161 -0.507038 1.075450 
162 -0.474805 1.118155 
163 -0.631131 1.024883 
164 -0.780778 0.879317 
165 -0.776721 0.890835 
166 -0.332465 1.243532 
167 -0.304858 1.163845 
168 -0.668566 1.112490 
169 -0.550763 1.080554 
170 -0.412799 1.304428 
171 -0.108596 1.368743 
172 -0.358972 1.053355 
173 -0.412472 1.158182 
174 -0.276027 1.087451 
175 -0.334603 1.175369 
176 -0.318093 1.191383 
177 -0.554679 1.099834 
178 -0.577090 1.227991 
179 -0.344467 1.178060 
180 -0.604727 1.029857 
181 -0.762112 1.043280 
182 -0.567202 1.133328 
183 -0.747647 1.114097 
184 -0.569496 1.190737 
185 -0.716977 0.993049 
186 -0.380042 1.093352 
187 -0.193222 1.224446 
188 -0.639914 1.083753 
189 -0.641985 1.113834 
190 -0.589535 1.129903 
191 -0.299140 1.111631 
192 -0.290751 1.288586 
193 -0.645513 1.110883 
194 -0.298206 1.161723 
195 -0.567894 1.034422 
196 -0.528661 1.066414 
197 -0.424193 1.217708 
198 -0.735426 0.985524 
199 -0.545773 0.982707 
200 -0.196680 1.253111 
201 -0.312601 1.177340 
202 -0.176768 1.148094 
203 -0.454387 1.073593 
204 -0.600104 1.138448 
205 -0.269553 1.026813 
206 -0.465311 1.135159 
207 -0.647014 1.127392 
208 -0.476605 1.136857 
209 -0.669520 0.845666 
210 -0.462806 1.105614 
211 -0.476756 1.030676 
212 -0.274908 1.153074 
213 -0.746339 0.926343 
214 -0.700051 1.090993 
215 -0.617315 1.085338 
216 -0.399746 1.034695 
217 -0.771398 1.005991 
218 -0.282333 1.242218 
219 -0.468127 1.114279 
220 -0.154555 1.263764 
221 -0.756626 0.980002 
222 -0.630858 0.941210 
223 -0.713389 1.082655 
224 -0.666558 1.005190 
225 -0.759670 1.061232 
226 -0.160519 1.275381 
227 -0.543134 1.096952 
228 -0.744575 0.978892 
229 -0.195276 1.187081 
230 -0.484587 1.171982 
231 -0.985549 0.896063 
232 -0.187248 1.117152 
233 -0.814028 0.997409 
234 -0.792259 1.019391 
235 -0.782383 1.007435 
236 -0.807820 0.912620 
237 -0.741376 0.902551 
238 -0.795564 0.973830 
239 -0.334825 1.134004 
240 -0.513565 0.949267 
241 -0.534103 1.114048 
242 -0.398002 1.269515 
243 -0.227394 1.093653 
244 -0.187827 1.166328 
245 -0.437977 0.991626 
246 -0.692141 1.095111 
247 -0.310178 1.211878 
248 -0.101782 1.308040 
249 -0.590992 1.164260 
250 -0.176347 1.300800 
251 -0.421331 1.218959 
252 -0.582874 0.969026 
253 -0.370499 1.129877 
254 -0.391703 1.126823 
255 -0.385722 0.997469 
256 -0.455099 0.974235 
257 -0.261714 1.154243 
258 -0.423583 0.998772 
259 -0.546102 1.053437 
260 -0.190132 1.286834 
261 -0.261640 1.105077 
262 -0.328965 1.089088 
263 -0.095562 1.382926 
264 -0.117325 1.181149 
265 -0.082525 1.302402 
266 -0.622284 1.069005 
267 -0.367757 1.080383 
268 -0.422298 1.174428 
269 -0.820358 0.984554 
270 -0.513341 0.989058 
271 -0.429095 1.072942 
272 -0.210919 1.212347 
273 -0.517729 0.981526 
274 -0.245292 1.269783 
275 -0.205890 1.229872 
276 -0.105842 1.382690 
277 -0.161122 1.283265 
278 -0.379356 1.137295 
279 -0.228479 1.278742 
280 -0.668435 1.176311 
281 -0.298082 1.042945 
282 -0.372543 1.283444 
283 -0.419243 1.211414 
284 -0.771843 0.948838 
285 -0.286458 1.226254 
286 -0.572201 1.045244 
287 -0.442574 1.051439 
288 -0.314335 1.197999 
289 -0.671224 0.921332 
290 -0.283035 1.139277 
291 -0.251544 1.141302 
292 -0.135397 1.343473 
293 -0.406360 1.156792 
294 -0.730628 0.980747 
295 -0.373745 1.317689 
296 -0.221673 1.207712 
297 -0.603873 1.189493 
298 -0.394816 1.230994 
299 -0.456642 1.142625 
300 -0.373156 1.130124 
301 -0.030692 1.357825 
302 -0.454551 1.003536 
303 -0.380084 1.160669 
304 -0.201871 1.280600 
305 -0.398134 1.182696 
306 -0.564612 0.896826 
307 -0.183376 1.122129 
308 -0.797038 1.111028 
309 -0.397210 1.264978 
310 -0.401822 1.301900 
311 -0.799555 1.118117 
312 -0.913923 0.925873 
313 -0.213118 1.181571 
314 -0.477928 1.349915 
315 -0.640175 1.206807 
316 -0.528065 1.225588 
317 -0.292314 1.184748 
318 -0.284168 1.327209 
319 -0.563712 1.174138 
320 -0.301904 1.145519 
321 -0.338263 1.268186 
322 -0.204775 1.332858 
323 -0.709855 1.096840 
324 -0.761215 0.983967 
325 -0.292512 1.231279 
326 -0.478750 1.041753 
327 -0.686245 1.075387 
328 -0.729124 1.074981 
329 -0.689359 1.072226 
330 -0.612013 0.986937 
331 -0.201538 1.027058 
332 -0.141514 1.257023 
333 -0.464430 1.172833 
334 -0.667565 1.104210 
335 -0.440696 1.107416 
336 -0.585604 1.183225 
337 -0.332055 1.046668 
338 -0.238208 1.213024 
339 -0.603852 1.143476 
340 -0.612982 0.869672 
341 -0.797336 0.860762 
342 -0.932150 0.936533 
343 -0.635458 1.129498 
344 -0.007355 1.327442 
345 -0.681857 0.939823 
346 -0.258732 1.163311 
347 -0.699265 1.121367 
348 -0.487147 1.131540 
349 -0.375680 1.193645 
350 -0.637363 1.182514 
351 -0.266566 1.094688 
352 -0.672301 1.176395 
353 -0.064060 1.221729 
354 -0.528659 1.142587 
355 -0.567234 1.152890 
356 -0.656636 1.146731 
357 -0.497763 1.247528 
358 -0.264762 1.239931 
359 -0.216868 1.219343 
360 -0.207182 1.274590 
361 -0.221848 1.333663 
362 -0.273796 1.221847 
363 -0.224864 1.323206 
364 -0.390823 1.091042 
365 -0.721217 1.119064 
366 -0.385837 1.117471 
367 -0.571249 1.164341 
368 -0.572309 0.986274 
369 -0.278091 1.193872 
370 -0.702989 1.033637 
371 -0.243016 1.233400 
372 -0.525087 1.003771 
373 -0.418807 1.196737 
374 -0.465972 1.054695 
375 -0.595926 1.172402 
376 -0.284309 1.216035 
377 -0.759811 0.973897 
378 -0.660125 1.081666 
379 -0.536422 1.123981 
380 -0.305618 1.140347 
381 -0.261845 1.169867 
382 -0.472567 1.138467 
383 -0.364708 1.093699 
384 -0.502088 1.146672 
385 -0.711845 1.057804 
386 -0.492704 1.002735 
387 -0.623834 1.127956 
388 -0.463191 1.309686 
389 -0.421490 1.201296 
390 -0.547008 1.057248 
391 -0.607641 1.019921 
392 -0.579456 1.042743 
393 -0.699218 0.979674 
394 -0.589731 0.976171 
395 -0.453034 1.150421 
396 -0.561144 0.995014 
397 -0.683806 0.935957 
398 -0.691756 1.039271 
399 -0.497799 1.065985 
400 -0.624123 1.158085 
401 -0.410964 1.144087 
402 -0.353040 1.153306 
403 -0.520494 0.940214 
404 -0.324560 1.132816 
405 -0.269776 1.169248 
406 -0.180207 1.221120 
407 -0.417534 1.230630 
408 -0.165702 1.287777 
409 -0.563406 1.002074 
410 -0.437369 1.132247 
411 -0.363664 1.245469 
412 -0.398019 0.984930 
413 -0.536872 1.106126 
414 -0.285444 1.260953 
415 -0.147256 1.185153 
416 -0.672145 0.980482 
417 -0.383872 1.136647 
418 -0.642338 1.083939 
419 -0.317833 1.187451 
420 -0.368110 1.173454 
421 -0.242698 1.164109 
422 -0.835678 0.986567 
423 -0.687457 0.964745 
424 -0.443568 1.043663 
425 -0.489296 1.067074 
426 -0.249471 1.176608 
427 -0.624367 1.048610 
428 -0.232562 1.143245 
429 -0.702788 1.013541 
430 -0.282378 1.117340 
431 -0.259699 1.210475 
432 -0.413218 1.118802 
433 -0.303344 1.130877 
434 -0.730985 0.975575 
435 -0.702911 1.030896 
436 -0.234447 1.232539 
437 -0.400257 1.043925 
438 -0.572318 0.972740 
439 -0.488192 0.982272 
440 -0.399247 1.012882 
441 -0.270696 1.116538 
442 -0.250352 1.198188 
443 -0.566977 1.052581 
444 -0.218078 1.271868 
445 -0.529634 1.087465 
446 -0.816355 0.898291 
447 -0.360545 1.254396 
448 -0.869361 0.872941 
449 -0.702804 0.902047 
450 -0.153928 1.227687 
451 -0.252547 1.125286 
452 -0.244107 1.351811 
453 -0.548343 1.224398 
454 -0.788081 0.950988 
455 -0.506836 1.117579 
456 -0.391520 1.298390 
457 -0.631417 1.104978 
458 -0.473015 1.225384 
459 -0.608131 1.011589 
460 -0.752934 0.944480 
461 -0.557766 1.120434 
462 -0.424574 1.059250 
463 -0.350551 1.200124 
464 -0.405630 1.053444 
465 -0.431532 1.264739 
466 -0.558812 1.117240 
467 -0.319571 1.148653 
468 -0.434457 1.170266 
469 -0.488599 1.050966 
470 -0.574707 1.047668 
471 -0.834423 0.944801 
472 -0.712964 1.100306 
473 -0.627840 1.064607 
474 -0.325221 1.055821 
475 -0.710420 1.018421 
476 -0.833326 1.006545 
477 -0.822319 0.988657 
478 -0.675960 1.095328 
479 -0.337661 1.106320 
480 -0.685520 0.976750 
481 -0.725970 1.118773 
482 -0.491314 1.156484 
483 -0.634435 0.934541 
484 -0.441862 1.213372 
485 -0.516615 0.939103 
486 -0.844730 0.915986 
487 -0.543192 1.238532 
488 -0.288123 1.134745 
489 -0.388101 1.070365 
490 -0.503749 1.057812 
491 -0.322499 1.278573 
492 -0.655314 1.065906 
493 -0.704583 1.070287 
494 -0.292358 1.040192 
495 -0.418807 1.098284 
496 -0.827077 1.181501 
497 -0.259856 1.321599 
498 -0.793624 1.170578 
499 -0.843871 0.986495 
500 -0.570813 1.015094 
501 -0.407517 1.224625 
502 -0.285827 1.078554 
503 -0.388395 1.109620 
504 -0.409089 1.128670 
505 -0.778773 1.063863 
506 -0.834850 0.863315 
507 -0.169012 1.289266 
508 -0.776091 0.970530 
509 -0.728007 0.926636 
510 -0.366305 1.162020 
511 -0.398339 1.231299 
512 -0.793816 0.938770 
513 -0.550264 1.061049 
514 -0.349325 1.035420 
515 -0.573677 0.992097 
516 -0.244409 1.196008 
517 -0.117331 1.256695 
518 -0.570298 1.167988 
519 -0.766135 0.930882 
520 -0.586372 0.990921 
521 -0.253580 1.185445 
522 -0.271005 1.167776 
523 -0.672114 1.133879 
524 -0.329377 1.316266 
525 -0.352852 1.074446 
526 -0.527292 1.055140 
527 -0.680902 1.075771 
528 -0.474456 1.065947 
529 -0.786731 1.128329 
530 -0.761577 1.055677 
531 -0.815272 1.035458 
532 -0.438765 1.229283 
533 -0.829311 0.974902 
534 -0.749957 0.944933 
535 -0.493850 1.115455 
536 -0.453433 1.078361 
537 -0.878449 0.852018 
538 -0.336316 1.193510 
539 -0.539913 1.055490 
540 -0.379871 1.109427 
541 -0.623460 1.098548 
542 -0.230415 1.250659 
543 -0.697226 1.003698 
544 -0.670123 1.076820 
545 -0.473061 1.057804 
546 -0.294134 1.248983 
547 -0.157603 1.206102 
548 -0.591059 1.033242 
549 -0.436063 1.092830 
550 -0.289551 1.080052 
551 -0.420970 1.220357 
552 -0.212821 1.351228 
553 -0.242637 1.316184 
554 -0.214259 1.248240 
555 -0.332098 1.174450 
556 -0.684287 1.126032 
557 -0.673690 0.943505 
558 -0.623070 1.109942 
559 -0.346754 1.157535 
560 -0.297929 1.175785 
561 -0.444992 0.987227 
562 -0.459894 1.222292 
563 -0.730601 1.057915 
564 -0.779232 0.986061 
565 -0.383524 1.179746 
566 -0.605467 1.169340 
567 -0.181512 1.312058 
568 -0.596995 1.082663 
569 -0.751676 0.984747 
570 -0.432624 1.121726 
571 -0.725080 0.969316 
572 -0.177724 1.269451 
573 -0.440503 1.142221 
574 -0.412337 1.066371 
575 -0.283402 1.070534 
576 -0.793749 0.984330 
577 -0.413450 1.371737 
578 -0.301372 1.276546 
579 -0.525721 1.029950 
580 -0.869187 0.994842 
581 -0.431831 1.146468 
582 -0.479895 1.153260 
583 -0.233039 1.315519 
584 -0.630189 1.116647 
585 -0.415878 1.335582 
586 -0.230020 1.165787 
587 -0.513602 1.076898 
588 -0.511010 1.175965 
589 -0.601892 0.904810 
590 -0.416838 0.991560 
591 -0.698807 0.910980 
592 -0.624311 1.184023 
593 -0.594162 0.909447 
594 -0.196491 1.199831 
595 -0.171506 1.303195 
596 -0.553177 1.102510 
597 -0.698587 1.066974 
598 -0.808908 0.922555 
599 -0.386798 1.160533 
600 -0.672153 1.049922 
601 -0.526299 1.007460 
602 -0.834413 0.971503 
603 -0.204253 1.298223 
604 -0.637790 0.977231 
605 -0.641850 0.999805 
606 -0.579683 1.132684 
607 -0.372306 1.120493 
608 -0.506287 1.126886 
609 -0.182226 1.262547 
610 -0.366437 1.079028 
611 -0.304845 1.194751 
612 -0.402301 1.150040 
613 -0.458018 1.149449 
614 -0.188045 1.307502 
615 -0.398659 1.105901 
616 -0.578511 1.053918 
617 -0.419715 1.282605 
618 -0.475131 1.168368 
619 -0.607336 1.004973 
620 -0.554393 1.126176 
621 -0.715071 0.988941 
622 -0.511469 1.047206 
623 -0.534080 1.157433 
624 -0.713597 1.027072 
625 -0.783028 1.030923 
626 -0.655305 1.170460 
627 -0.419051 1.112052 
628 -0.366420 1.189563 
629 -0.429320 1.105844 
630 -0.387008 1.058105 
631 -0.698831 1.035266 
632 -0.505137 1.127064 
633 -0.791379 0.995511 
634 -0.597821 1.054927 
635 -0.867405 0.965592 
636 -0.490201 1.031342 
637 -0.709552 0.909840 
638 -0.413126 0.972693 
639 -0.472120 1.091989 
640 -0.885349 1.057590 
641 -0.690012 1.028085 
642 -0.471608 1.078199 
643 -0.565228 1.116997 
644 -0.673715 1.028248 
645 -0.235896 1.189628 
646 -0.733965 0.903757 
647 -0.283233 1.224237 
648 -0.221756 1.225661 
649 -0.613913 1.148763 
650 -0.345772 1.193888 
651 -0.616693 1.121264 
652 -0.593804 1.133043 
653 -0.650760 1.048273 
654 -0.548757 0.955694 
655 -0.208548 1.211428 
656 -0.362501 1.088920 
657 -0.352113 1.110182 
658 -0.626464 0.946308 
659 -0.217380 1.210461 
660 -0.504613 1.067005 
661 -0.762302 1.134137 
662 -0.714272 1.137347 
663 -0.800057 0.986999 
664 -0.359079 1.142426 
665 -0.630351 1.073803 
666 -0.512652 0.998787 
667 -0.261767 1.009428 
668 -0.608780 1.121923 
669 -0.626915 1.141428 
670 -0.793178 0.971688 
671 -0.220528 1.344103 
672 -0.332286 1.321285 
673 -0.545123 1.035614 
674 -0.621659 0.971020 
675 -0.383012 1.103540 
676 -0.595214 1.000817 
677 -0.730996 0.982679 
678 -0.520700 1.102187 
679 -0.399607 1.145562 
680 -0.405395 1.113066 
681 -0.336434 1.135869 
682 -0.214473 1.153055 
683 -0.444904 1.029826 
684 -0.747702 1.069049 
685 -0.391273 1.203670 
686 -0.567941 1.142090 
687 -0.218778 1.297769 
688 -0.448300 1.092899 
689 -0.194357 1.200084 
690 -0.598032 1.162891 
691 -0.660593 1.087669 
692 -0.416496 1.181292 
693 -0.591084 0.989892 
694 -0.481046 1.094217 
695 -0.007415 1.353586 
696 -0.083153 1.222197 
697 -0.137244 1.257740 
698 -0.258717 1.260467 
699 -0.530597 1.208060 
700 -0.687458 1.010387 
701 -0.115204 1.285086 
702 -0.411529 1.045454 
703 -0.517363 1.070598 
704 -0.209742 1.186225 
705 -0.379061 1.090056 
706 -0.256875 1.207782 
707 -0.518382 1.015900 
708 -0.431282 1.053372 
709 -0.587953 1.076172 
710 -0.159617 1.237423 
711 -0.253157 1.092852 
712 -0.725673 0.986584 
713 -0.829949 0.995348 
714 -0.655595 0.895847 
715 -0.734457 1.029613 
716 -0.792176 1.067333 
717 -0.491222 1.143209 
718 -0.860451 1.085297 
719 -0.489559 1.089957 
720 -0.204439 1.188877 
721 -0.487791 1.026240 
722 -0.387291 1.093081 
723 -0.397385 1.178191 
724 -0.491235 1.133867 
725 -0.847411 0.912796 
726 -0.643494 1.094685 
727 -0.437255 1.074454 
728 -0.670320 1.050265 
729 -0.711621 1.078553 
730 -0.653752 0.978160 
731 -0.305834 1.091688 
732 -0.761788 0.958343 
733 -0.594306 1.057779 
734 -0.441157 1.224920 
735 -0.686006 1.091997 
736 -0.781186 1.078189 
737 -0.371871 1.247539 
738 -0.391559 1.063664 
739 -0.431163 1.002758 
740 -0.705661 1.064684 
741 -0.455231 0.970296 
742 -0.251647 1.085162 
743 -0.211531 1.242479 
744 -0.412818 1.158343 
745 -0.466562 1.011765 
746 -0.277420 1.171614 
747 -0.149376 1.181777 
748 -0.339538 1.190063 
749 -0.399049 1.027563 
750 -0.399571 1.081713 
751 -0.518361 1.005385 
752 -0.637655 1.088309 
753 -0.105946 1.269521 
754 -0.355729 1.182647 
755 -0.505976 1.123228 
756 -0.418811 1.080760 
757 -0.415978 1.099034 
758 -0.349715 1.289120 
759 -0.668149 1.129337 
760 -0.421694 1.002920 
761 -0.305975 1.211968 
762 -0.388809 1.110136 
763 -0.544102 0.993788 
764 -0.618386 1.025386 
765 -0.515002 1.054659 
766 -0.577967 1.140774 
767 -0.709820 1.008236 
768 -0.462774 1.142444 
769 -0.549648 0.855503 
770 -0.805375 0.865300 
771 -0.790236 0.934148 
772 -0.508031 0.970472 
773 -0.691710 0.966393 
774 -0.777154 1.029142 
775 -0.624347 1.115055 
776 -0.797430 0.903964 
777 -0.555240 1.144825 
778 -0.420527 1.132373 
779 -0.422863 1.112163 
780 -0.459299 0.968159 
781 -0.213493 1.179978 
782 -0.319624 1.055871 
783 -0.440095 1.151897 
784 -0.548699 1.066897 
785 -0.384927 0.973388 
786 -0.296095 1.151953 
787 -0.598881 1.116394 
788 -0.491416 1.137325 
789 -0.495866 1.233719 
790 -0.274339 1.211441 
791 -0.404069 1.247848 
792 -0.585108 1.050819 
793 -0.419289 1.119233 
794 -0.672822 1.028045 
795 -0.364577 1.206491 
796 -0.508937 0.971342 
797 -0.292784 1.053653 
798 -0.735184 0.914307 
799 -0.609456 0.988308 
800 -0.422997 1.127633 
801 -0.357730 1.068186 
802 -0.301749 1.096639 
803 -0.387736 1.051371 
804 -0.203556 1.247709 
805 -0.514110 0.972612 
806 -0.659516 1.050831 
807 -0.742375 0.951037 
808 -0.286432 1.047591 
809 -0.600233 0.946171 
810 -0.399110 1.166831 
811 -0.750800 0.921502 
812 -0.211843 1.123835 
813 -0.605305 0.988347 
814 -0.289006 1.183120 
815 -0.576218 1.232042 
816 -0.289681 1.111502 
817 -0.524073 1.124254 
818 -0.690112 1.103055 
819 -0.614362 1.041887 
820 -0.406345 1.152959 
821 -0.560094 0.951755 
822 -0.668621 1.062588 
823 -0.352274 1.240670 
824 -0.730862 1.004431 
825 -0.518103 1.130389 
826 -0.605848 1.140584 
827 -0.678692 1.114084 
828 -0.354176 1.133144 
829 -0.618000 1.032150 
830 -0.624092 1.002939 
831 -0.647151 1.051816 
832 -0.424412 1.017894 
833 -0.523207 1.075615 
834 -0.590989 1.019625 
835 -0.676943 1.001556 
836 -0.176743 1.178332 
837 -0.268048 1.096759 
838 -0.441874 1.007213 
839 -0.568982 1.149904 
840 -0.372728 1.057937 
841 -0.739541 1.023562 
842 -0.632788 1.103000 
843 -0.800011 0.927089 
844 -0.622295 1.136712 
845 -0.433024 1.208878 
846 -0.447404 1.175497 
847 -0.176941 1.223129 
848 -0.503417 1.114102 
849 -0.534856 1.140586 
850 -0.398571 1.055650 
851 -0.610511 1.011829 
852 -0.728023 1.038469 
853 -0.273826 1.103757 
854 -0.233658 1.045989 
855 -0.129682 1.225237 
856 -0.177361 1.235228 
857 -0.339875 1.130693 
858 -0.573990 1.072349 
859 -0.423414 1.066627 
860 -0.635439 1.031353 
861 -0.238451 1.271294 
862 -0.369496 1.224821 
863 -0.208736 1.248259 
864 -0.486142 1.203360 
865 -0.132508 1.232272 
866 -0.498260 1.106821 
867 -0.415614 1.108513 
868 -0.139459 1.272203 
869 -0.361678 1.276790 
870 -0.164492 1.151913 
871 -0.516090 0.997895 
872 -0.345270 1.264153 
873 -0.232329 1.338947 
874 -0.158575 1.319677 
875 -0.617052 0.967905 
876 -0.880695 0.931011 
877 -0.309586 1.208691 
878 -0.318419 1.144912 
879 -0.079882 1.363391 
880 -0.849447 0.877309 
881 -0.336898 1.136894 
882 -0.196455 1.252578 
883 -0.649010 0.864404 
884 -0.869696 0.949529 
885 -0.684126 1.203791 
886 -0.664233 0.994157 
887 -0.700084 1.070241 
888 -0.401382 1.154377 
889 -0.419565 1.121636 
890 -0.225255 1.295810 
891 -0.187687 1.140972 
892 -0.244582 1.121693 
893 -0.436347 1.074308 
894 -0.242877 1.112882 
895 -0.171132 1.190920 
896 -0.516367 0.960778 
897 -0.865771 0.917272 
898 -0.460176 1.132027 
899 -0.442703 1.138669 
900 -0.357457 1.106862 
901 -0.630325 1.137999 
902 -0.722792 1.146100 
903 -0.719694 1.013523 
904 -0.594233 0.941889 
905 -0.247345 1.277983 
906 -0.831332 0.971786 
907 -0.488614 0.981899 
908 -0.077296 1.245538 
909 -0.436119 1.034039 
910 -0.319509 1.170217 
911 -0.199985 1.211409 
912 -0.604191 0.959463 
913 -0.302711 1.135536 
914 -0.342242 1.103107 
915 -0.573896 1.064232 
916 -0.757875 0.999522 
917 -0.398588 1.168848 
918 -0.667427 0.915853 
919 -0.472315 1.089104 
920 -0.525740 1.126233 
921 -0.229726 1.251418 
922 -0.149082 1.317609 
923 -0.557087 1.130472 
924 -0.704243 0.974017 
925 -0.649379 1.041741 
926 -0.773382 0.928702 
927 -0.129135 1.298277 
928 -0.497104 1.153257 
929 -0.695818 0.922463 
930 -0.128978 1.242482 
931 -0.378944 1.045334 
932 -0.785430 0.947664 
933 -0.729028 1.015055 
934 -0.796498 0.883086 
935 -0.729362 0.934397 
936 -0.501705 0.990982 
937 -0.569808 1.000924 
938 -0.497575 0.978190 
939 -0.494286 0.986618 
940 -0.635965 1.035970 
941 -0.652048 0.971571 
942 -0.546609 0.965262 
943 -0.488856 1.039128 
944 -0.672494 1.065697 
945 -0.408924 1.034755 
946 -0.093435 1.216335 
947 -0.439302 1.049002 
948 -0.412100 1.153397 
949 -0.288482 1.190023 
950 -0.360025 1.053181 
951 -0.391597 1.022590 
952 -0.659654 0.959070 
953 -0.929852 0.929191 
954 -0.592828 0.965098 
955 -0.471342 1.009434 
956 -0.354182 1.135257 
957 -0.301500 1.172183 
958 -0.379709 1.055763 
959 -0.624050 0.911239 
960 -0.547978 1.108218 
961 -0.517870 1.116755 
962 -0.596785 0.968045 
963 -0.292734 1.144036 
964 -0.853038 0.966986 
965 -0.666185 1.008841 
966 -0.339093 1.225183 
967 -0.220713 1.126779 
968 -0.726807 0.907983 
969 -0.843718 0.885566 
970 -0.433857 1.000331 
971 -0.937047 0.855946 
972 -0.162352 1.139174 
973 -0.583343 1.002127 
974 -0.526340 0.976604 
975 -0.614838 0.946731 
976 -0.562517 1.213152 
977 -0.663265 0.882903 
978 -0.252646 1.120770 
979 -0.795243 0.951387 
980 -0.397578 1.175000 
981 -0.762549 1.030722 
982 -0.668470 0.902638 
983 -0.740686 0.940738 
984 -0.712258 0.995148 
985 -0.361233 1.151901 
986 -0.405888 1.084313 
987 -0.693260 1.150516 
988 -0.360126 1.148051 
989 -0.312256 1.213200 
990 -0.654969 1.061423 
991 -0.504357 1.230690 
992 -0.678196 0.942195 
993 -0.527789 1.055910 
994 -0.275739 1.196748 
995 -0.201670 1.233009 
996 -0.682390 0.973450 
997 -0.505201 1.089252 
998 -0.585161 1.086897 
999 -0.817468 0.969106 
1000 -0.761019 0.866420 
1001 -0.741592 0.943364 
1002 -0.436068 1.076809 
1003 -0.236683 1.236212 
1004 -0.593157 1.034170 
1005 -0.282844 1.202474 
1006 -0.728801 0.961200 
1007 -0.703441 1.120871 
1008 -0.470210 1.171916 
1009 -0.390491 1.086881 
1010 -0.362765 1.109433 
1011 -0.594804 0.915145 
1012 -0.462194 1.218315 
1013 -0.297841 1.300436 
1014 -0.201357 1.214034 
1015 -0.522012 1.146645 
1016 -0.742678 1.019154 
1017 -0.536369 1.022777 
1018 -0.336414 1.203265 
1019 -0.366694 1.183420 
1020 -0.334799 1.125123 
1021 -0.696318 1.067747 
1022 -0.649057 1.102204 
1023 -0.322846 1.182626 
1024 -0.319194 1.094440 
1025 -0.347810 1.193467 
1026 -0.371392 1.141349 
1027 -0.308613 1.037323 
1028 -0.720723 0.947243 
1029 -0.270832 1.065491 
1030 -0.600755 1.019375 
1031 -0.128572 1.326387 
1032 -0.355855 1.266828 
1033 -0.540282 1.163493 
1034 -0.386010 1.063606 
1035 -0.433605 1.104164 
1036 -0.324457 1.012111 
1037 -0.236222 1.212252 
1038 -0.209018 1.338159 
1039 -0.330983 1.123334 
1040 -0.255955 1.234621 
1041 -0.499132 1.171328 
1042 -0.463684 1.086169 
1043 -0.386744 1.079454 
1044 -0.482279 1.090889 
1045 -0.310645 1.109230 
1046 -0.448977 1.086121 
1047 -0.229489 1.152492 
1048 -0.624663 1.027185 
1049 -0.244477 1.083250 
1050 -0.619819 1.085098 
1051 -0.418825 1.218765 
1052 -0.227165 1.226456 
1053 -0.122531 1.311000 
1054 -0.591786 0.994468 
1055 -0.386301 1.148324 
1056 -0.395907 1.107883 
1057 -0.199574 1.271237 
1058 -0.152803 1.225046 
1059 -0.350339 1.221332 
1060 -0.608575 1.105516 
1061 -0.199155 1.165987 
1062 -0.375582 1.131750 
1063 -0.715597 0.939368 
1064 -0.660944 0.977659 
1065 -0.274851 1.216089 
1066 -0.619908 1.059663 
1067 -0.698198 1.096372 
1068 -0.285163 1.201469 
1069 -0.394743 1.075867 
1070 -0.408512 1.125430 
1071 -0.356490 1.143566 
1072 -0.308132 1.310686 
1073 -0.539437 1.045322 
1074 -0.254470 1.195682 
1075 -0.372401 1.111057 
1076 -0.734908 0.915709 
1077 -0.785410 1.011930 
1078 -0.322546 1.230248 
1079 -0.366069 1.210175 
1080 -0.494971 1.220145 
1081 -0.374401 1.296678 
1082 -0.707714 1.084609 
1083 -0.545055 1.127669 
1084 -0.288259 1.217741 
1085 -0.537650 1.138303 
1086 -0.484403 1.072840 
1087 -0.448172 1.045034 
1088 -0.833914 1.038685 
1089 -0.236832 1.236453 
1090 -0.587268 1.056812 
1091 -0.561881 1.070863 
1092 -0.706418 0.983362 
1093 -0.641819 1.125706 
1094 -0.173772 1.288264 
1095 -0.267313 1.168009 
1096 -0.429860 1.089013 
1097 -0.748940 0.949847 
1098 -0.465425 1.002727 
1099 -0.463377 1.132244 
1100 -0.482859 1.042306 
1101 -0.157832 1.294123 
1102 -0.472088 1.195171 
1103 -0.316494 1.174701 
1104 -0.726439 0.914534 
1105 -0.377283 1.028591 
1106 -0.717789 0.983483 
1107 -0.178061 1.222000 
1108 -0.677333 1.023758 
1109 -0.162773 1.120390 
1110 -0.407628 1.143625 
1111 -0.674665 1.183857 
1112 -0.203596 1.101540 
1113 -0.221474 1.085258 
1114 -0.785736 0.953646 
1115 -0.831021 0.884914 
1116 -0.201550 1.315770 
1117 -0.691949 1.092918 
1118 -0.140765 1.296604 
1119 -0.229211 1.242663 
1120 -0.399594 1.179560 
1121 -0.767768 1.062666 
1122 -0.800396 1.013138 
1123 -0.287679 1.184547 
1124 -0.492900 1.181283 
1125 -0.287187 1.097895 
1126 -0.602944 0.928374 
1127 -0.544395 1.007955 
1128 -0.776922 0.915575 
1129 -0.129810 1.365631 
1130 -0.245656 1.223781 
1131 -0.557686 1.222118 
1132 -0.459538 1.112218 
1133 -0.440962 1.124396 
1134 -0.302077 1.196249 
1135 -0.657468 1.117910 
1136 -0.640306 1.108181 
1137 -0.417761 1.013252 
1138 -0.300905 1.200028 
1139 -0.684907 1.009323 
1140 -0.146393 1.323006 
1141 -0.796791 0.960173 
1142 -0.685114 1.107951 
1143 -0.687089 0.926082 
1144 -0.644375 0.950043 
1145 -0.229744 1.246713 
1146 -0.325270 1.145977 
1147 -0.298936 1.223601 
1148 -0.477923 1.102517 
1149 -0.550457 1.149859 
1150 -0.572499 1.141044 
1151 -0.721709 0.926405 
1152 -0.846956 0.968495 
1153 -0.602727 1.129315 
1154 -0.486154 1.096866 
1155 -0.532010 1.040405 
1156 -0.326559 1.047486 
1157 -0.499188 0.996617 
1158 -0.586584 1.111417 
1159 -0.463340 1.224476 
1160 -0.394927 1.213231 
1161 -0.215813 1.261885 
1162 -0.402355 1.054165 
1163 -0.187745 1.276935 
1164 -0.489040 1.169022 
1165 -0.674169 1.077253 
1166 -0.733927 1.037169 
1167 -0.404771 1.185034 
1168 -0.593341 1.047039 
1169 -0.088381 1.327476 
1170 -0.402656 1.044151 
1171 -0.654893 1.099799 
1172 -0.588251 1.142602 
1173 -0.542969 0.970288 
1174 -0.362563 0.968062 
1175 -0.653801 0.983920 
1176 -0.564951 1.040366 
1177 -0.671409 1.094437 
1178 -0.333951 1.168552 
1179 -0.754731 0.947694 
1180 -0.589702 1.025039 
1181 -0.519702 0.884247 
1182 -0.355006 1.054649 
1183 -0.549837 1.092214 
1184 -0.714244 0.951557 
1185 -0.547312 1.141185 
1186 -0.677251 0.958436 
1187 -0.730985 0.915898 
1188 -0.217962 1.075521 
1189 -0.341278 1.080529 
1190 -0.467250 0.994456 
1191 -0.310977 1.269124 
1192 -0.600204 0.956292 
1193 -0.211313 1.078525 
1194 -0.673159 0.950613 
1195 -0.697909 0.928985 
1196 -0.332839 1.034191 
1197 -0.333827 1.088154 
1198 -0.726543 1.063586 
1199 -0.372510 1.106976 
1200 -0.702782 1.074878 
1201 -0.233924 1.166480 
1202 -0.508017 1.061413 
1203 -0.660139 0.979727 
1204 -0.533769 1.088119 
1205 -0.623087 1.145848 
1206 -0.635944 1.051538 
1207 -0.781916 1.069310 
1208 -0.342103 1.019103 
1209 -0.390085 1.137745 
1210 -0.519824 0.915451 
1211 -0.355551 1.079508 
1212 -0.320562 1.057410 
1213 -0.319215 1.011195 
1214 -0.815757 0.940025 
1215 -0.464942 1.235974 
1216 -0.107128 1.339336 
1217 -0.513489 1.130028 
1218 -0.546686 1.033203 
1219 -0.688219 1.216413 
1220 -0.353757 1.166482 
1221 -0.439567 1.067194 
1222 -0.233912 1.141373 
1223 -0.391472 1.139987 
1224 -0.310472 1.238995 
1225 -0.332332 1.183738 
1226 -0.467659 1.109807 
1227 -0.583844 0.921788 
1228 -0.525132 1.141199 
1229 -0.634771 1.079597 
1230 -0.261579 1.071370 
1231 -0.493003 0.990348 
1232 -0.269574 1.175680 
1233 -0.771317 0.972417 
1234 -0.338955 0.975970 
1235 -0.749910 0.942729 
1236 -0.568092 1.007774 
1237 -0.172712 1.269229 
1238 -0.583191 1.143020 
1239 -0.419653 1.182384 
1240 -0.696491 1.122735 
1241 -0.443531 1.196776 
1242 -0.639858 1.041814 
1243 -0.734712 0.976093 
1244 -0.682251 1.099025 
1245 -0.791058 0.961848 
1246 -0.447682 1.034443 
1247 -0.733085 0.946043 
1248 -0.507121 1.110050 
1249 -0.182019 1.237637 
1250 -0.738385 0.903223 
1251 -0.659938 1.155599 
1252 -0.459017 1.023134 
1253 -0.810255 1.033089 
1254 -0.207449 1.165588 
1255 -0.726849 1.179206 
1256 -0.740859 1.060774 
1257 -0.300397 1.281596 
1258 -0.286044 1.142678 
1259 -0.817871 1.171374 
1260 -0.839790 0.919516 
1261 -0.356199 1.157892 
1262 -0.780350 0.932945 
1263 -0.315372 1.215588 
1264 -0.674504 0.913268 
1265 -0.681686 0.973177 
1266 -0.430642 1.144057 
1267 -0.425102 1.086899 
1268 -0.640657 0.947317 
1269 -0.202266 1.229325 
1270 -0.409034 1.082188 
1271 -0.569325 1.161490 
1272 -0.735979 1.088201 
1273 -0.690506 1.056504 
1274 -0.189179 1.251490 
1275 -0.270131 1.169703 
1276 -0.337230 1.009737 
1277 -0.345319 1.150786 
1278 -0.617946 1.046057 
1279 -0.358268 1.054335 
1280 -0.420265 1.145342 
1281 -0.685694 0.985700 
1282 -0.720897 0.965922 
1283 -0.892240 0.929340 
1284 -0.584614 0.972401 
1285 -0.527537 1.106766 
1286 -0.239851 1.172100 
1287 -0.820973 1.255740 
1288 -0.672201 1.066061 
1289 -0.625757 1.092301 
1290 -0.309231 1.414053 
1291 -0.291690 1.213712 
1292 -0.368236 1.228933 
1293 -0.616961 1.026612 
1294 -0.369041 1.157777 
1295 -0.496241 1.087848 
1296 -0.447614 1.131277 
1297 -0.717347 0.969710 
1298 -0.878895 0.973036 
1299 -0.239546 1.201645 
1300 -0.591426 1.165030 
1301 -0.482031 1.147856 
1302 -0.548771 1.018201 
1303 -0.639062 1.002891 
1304 -0.733450 1.027436 
1305 -0.447306 1.177488 
1306 -0.695247 1.001940 
1307 -0.476883 0.969158 
1308 -0.541348 1.041266 
1309 -0.559348 0.968279 
1310 -0.334832 1.102157 
1311 -0.871356 0.928130 
1312 -0.725055 0.977360 
1313 -0.694164 1.188886 
1314 -0.583319 1.205263 
1315 -0.367453 1.160908 
1316 -0.174270 1.291110 
1317 -0.188233 1.164109 
1318 -0.149370 1.264671 
1319 -0.277459 1.088718 
1320 -0.274814 1.143982 
1321 -0.256956 1.117795 
1322 -0.406254 1.181619 
1323 -0.416652 1.174298 
1324 -0.408464 1.179856 
1325 -0.268573 1.208183 
1326 -0.599207 0.972962 
1327 -0.722095 0.964967 
1328 -0.473414 1.006226 
1329 -0.278612 1.119491 
1330 -0.541936 1.020005 
1331 -0.606739 0.942276 
1332 -0.512547 1.062650 
1333 -0.556013 1.111654 
1334 -0.317358 1.089146 
1335 -0.294092 1.069882 
1336 -0.720731 0.891076 
1337 -0.487878 1.109793 
1338 -0.377610 1.028058 
1339 -0.607679 0.973203 
1340 -0.614208 0.982567 
1341 -0.336796 1.223580 
1342 -0.818378 1.022928 
1343 -0.677586 0.947938 
1344 -0.677691 1.056703 
1345 -0.243942 1.271597 
1346 -0.574375 1.129303 
1347 -0.359355 1.117813 
1348 -0.599699 1.078637 
1349 -0.218531 1.159153 
1350 -0.377763 1.113583 
1351 -0.417948 1.218267 
1352 -0.366392 1.188244 
1353 -0.256210 1.193043 
1354 -0.662209 1.089545 
1355 -0.377122 1.187735 
1356 -0.615350 1.048601 
1357 -0.392611 1.196562 
1358 -0.462877 1.211681 
1359 -0.460392 1.162974 
1360 -0.464753 1.200741 
1361 -0.338283 1.133511 
1362 -0.683914 1.010895 
1363 -0.537143 1.214606 
1364 -0.617418 0.958730 
1365 -0.305388 1.102982 
1366 -0.696509 1.117290 
1367 -0.458026 1.120306 
1368 -0.250281 1.198604 
1369 -0.435086 1.156692 
1370 -0.173857 1.144692 
1371 -0.042875 1.277922 
1372 -0.045289 1.284369 
1373 -0.299749 1.125986 
1374 -0.283616 1.314271 
1375 -0.133950 1.293455 
1376 -0.587992 1.013589 
1377 -0.366315 1.157582 
1378 -0.398171 1.047193 
1379 -0.648341 0.984156 
1380 -0.595515 0.965282 
1381 -0.348596 1.193936 
1382 -0.428771 1.081224 
1383 -0.367949 1.032805 
1384 -0.322555 1.118807 
1385 -0.203880 1.115028 
1386 -0.310788 0.987039 
1387 -0.441859 1.077634 
1388 -0.661244 1.071574 
1389 -0.790278 0.992602 
1390 -0.539847 1.033909 
1391 -0.664796 1.057783 
1392 -0.446593 1.181433 
1393 -0.512496 1.189327 
1394 -0.313491 1.105600 
1395 -0.694335 1.081702 
1396 -0.239472 1.220946 
1397 -0.266100 1.087580 
1398 -0.614369 0.979123 
1399 -0.586867 1.040284 
1400 -0.276526 1.186102 
1401 -0.443945 1.017838 
1402 -0.453784 1.150969 
1403 -0.398518 1.045425 
1404 -0.382058 1.204993 
1405 -0.386033 1.171173 
1406 -0.388018 1.017719 
1407 -0.287430 1.062458 
1408 -0.322898 1.117407 
1409 -0.722776 0.912967 
1410 -0.787268 1.113977 
1411 -0.518989 1.011508 
1412 -0.540802 1.195655 
1413 -0.757088 0.951732 
1414 -0.748204 0.955240 
1415 -0.399148 1.147611 
1416 -0.492567 1.184295 
1417 -0.404296 0.988427 
1418 -0.446478 0.970713 
1419 -0.642025 1.015038 
1420 -0.625858 0.969342 
1421 -0.587153 0.995303 
1422 -0.686788 0.945774 
1423 -0.440959 1.024618 
1424 -0.622068 0.978684 
1425 -0.687534 1.152123 
1426 -0.620264 1.066377 
1427 -0.528141 1.077938 
1428 -0.510002 1.191239 
1429 -0.319173 1.088013 
1430 -0.382795 1.149949 
1431 -0.257844 1.163137 
1432 -0.804307 1.053033 
1433 -0.425034 1.233065 
1434 -0.735403 0.966250 
1435 -0.225409 1.078858 
1436 -0.406970 1.351284 
1437 -0.340005 1.166370 
1438 -0.751377 0.953309 
1439 -0.468103 1.146303 
1440 -0.853853 0.908294 
1441 -0.474444 1.314312 
1442 -0.261811 1.204727 
1443 -0.462834 1.093180 
1444 -0.205129 1.211276 
1445 -0.117158 1.219802 
1446 -0.454092 1.265595 
1447 -0.584495 1.125664 
1448 -0.336295 1.079708 
1449 -0.550944 1.185813 
1450 -0.288422 1.231033 
1451 -0.412120 0.967712 
1452 -0.125673 1.293088 
1453 -0.503619 1.147897 
1454 -0.626211 1.154549 
1455 -0.792798 0.947859 
1456 -0.575193 1.133026 
1457 -0.158902 1.225925 
1458 -0.457068 1.103889 
1459 -0.303667 1.074117 
1460 -0.771005 1.017448 
1461 0.015878 1.312465 
1462 -0.141476 1.189389 
1463 -0.456943 1.180861 
1464 -0.680435 0.928395 
1465 -0.396723 1.167723 
1466 -0.574644 0.940218 
1467 -0.289221 1.055106 
1468 -0.713932 1.008619 
1469 -0.486355 1.100407 
1470 -0.236678 1.182503 
1471 -0.208314 1.322307 
1472 -0.424161 1.031908 
1473 -0.332306 1.136351 
1474 -0.318836 1.194394 
1475 -0.691902 0.985752 
1476 -0.623896 0.951869 
1477 -0.288435 1.156923 
1478 -0.088635 1.290226 
1479 -0.756294 0.926001 
1480 -0.761833 1.028316 
1481 -0.677058 1.121209 
1482 -0.750953 1.170341 
1483 -0.808600 0.946958 
1484 -0.308535 1.131374 
1485 -0.271292 1.279499 
1486 -0.474197 1.140093 
1487 -0.548262 1.158110 
1488 -0.574399 0.992408 
1489 -0.610360 1.174978 
1490 -0.835311 0.951980 
1491 -0.357178 1.044008 
1492 -0.539598 0.984679 
1493 -0.715323 1.082565 
1494 -0.344858 1.245155 
1495 -0.232626 1.145468 
1496 -0.319517 1.062304 
1497 -0.439853 1.156695 
1498 -0.596620 1.241730 
1499 -0.632652 1.165077 
1500 -0.832193 1.123461 
1501 -0.837206 0.949874 
1502 -0.797500 1.022395 
1503 -0.614134 1.110160 
1504 -0.525026 0.953695 
1505 -0.202049 1.105146 
1506 -0.594349 1.076830 
1507 -0.888876 0.953657 
1508 -0.812824 0.886454 
1509 -0.282625 1.219500 
1510 -0.219270 1.222583 
1511 -0.275528 1.251364 
1512 -0.462016 1.088937 
1513 -0.737783 0.967175 
1514 -0.393778 1.061196 
1515 -0.297576 1.200278 
1516 -0.255568 1.072331 
1517 -0.411641 1.021278 
1518 -0.457619 0.877409 
1519 -0.597094 0.934365 
1520 -0.255908 1.252645 
1521 -0.558774 1.148657 
1522 -0.869595 0.880101 
1523 -0.563084 0.977695 
1524 -0.620152 1.023340 
1525 -0.274441 1.098825 
1526 -0.322050 0.994406 
1527 -0.824536 1.036399 
1528 -0.712388 0.883845 
1529 -0.722571 1.003966 
1530 -0.199844 1.035099 
1531 -0.248598 1.170169 
1532 -0.678216 0.927466 
1533 -0.255724 1.196524 
1534 -0.238816 1.263756 
1535 -0.593088 1.048775 
1536 -0.457534 1.155485 
1537 -0.531736 1.180534 
1538 -0.479390 1.006956 
1539 -0.607360 1.014972 
1540 -0.809477 0.974200 
1541 -0.570510 1.002419 
1542 -0.291493 1.154597 
1543 -0.555000 1.149630 
1544 -0.588217 1.126280 
1545 -0.665218 1.194228 
1546 -0.285984 1.298838 
1547 -0.328865 1.079879 
1548 -0.339104 1.134401 
1549 -0.764713 0.914716 
1550 -0.717748 1.110614 
1551 -0.833833 0.877153 
1552 -0.626878 1.003083 
1553 -0.406272 1.115244 
1554 -0.735915 1.047528 
1555 -0.229811 1.225034 
1556 -0.718611 0.995874 
1557 -0.891254 0.841490 
1558 -0.836813 0.918644 
1559 -0.469594 1.029682 
1560 -0.278661 1.123041 
1561 -0.810391 1.003028 
1562 -0.670610 1.057301 
1563 -0.617130 1.167956 
1564 -0.548020 1.123601 
1565 -0.675070 0.859786 
1566 -0.609511 1.083651 
1567 -0.525721 1.215798 
1568 -0.317277 1.297589 
1569 -0.529449 0.943186 
1570 -0.731313 1.138855 
1571 -0.600661 0.908059 
1572 -0.819929 0.945780 
1573 -0.605971 1.048136 
1574 -0.565365 1.116185 
1575 -0.635000 1.082222 
1576 -0.663025 0.968824 
1577 -0.528023 1.125899 
1578 -0.420386 1.193427 
1579 -0.645051 1.096251 
1580 -0.787106 1.004880 
1581 -0.253321 1.343721 
1582 -0.689893 1.089198 
1583 -0.636742 0.951234 
1584 -0.143373 1.254983 
1585 -0.539368 1.088411 
1586 -0.799493 0.992954 
1587 -0.178208 1.208498 
1588 -0.782601 1.022369 
1589 -0.843715 0.963064 
1590 -0.347845 1.067963 
1591 -0.266813 1.183823 
1592 -0.729092 1.083004 
1593 -0.668446 1.114412 
1594 -0.666103 1.016068 
1595 -0.603870 1.115899 
1596 -0.572460 1.144957 
1597 -0.567200 1.133038 
1598 -0.527324 1.034901 
1599 -0.197640 1.227096 
1600 -0.136361 1.274815 
1601 -0.503030 0.984905 
1602 -0.335059 1.229897 
1603 -0.165116 1.312224 
1604 -0.128700 1.376131 
1605 -0.037953 1.299780 
1606 -0.175417 1.229825 
1607 -0.677415 0.951544 
1608 -0.063201 1.297810 
1609 -0.688226 0.998597 
1610 -0.587977 1.258764 
1611 -0.446543 1.172264 
1612 -0.299343 1.069663 
1613 -0.214760 1.208899 
1614 -0.261124 1.144224 
1615 -0.514055 1.107265 
1616 -0.388569 1.124680 
1617 -0.424120 1.088169 
1618 -0.670779 1.091041 
1619 -0.589107 1.054662 
1620 -0.252969 1.221392 
1621 -0.365742 1.194310 
1622 -0.236454 1.166542 
1623 -0.285663 1.161111 
1624 -0.593647 1.018966 
1625 -0.350827 1.073953 
1626 -0.070475 1.321312 
1627 -0.372253 1.220219 
1628 -0.241843 1.080372 
1629 -0.725046 1.225985 
1630 -0.585388 1.234297 
1631 -0.074558 1.257567 
1632 -0.363572 1.193986 
1633 -0.215989 1.242163 
1634 -0.677443 1.055028 
1635 -0.408431 1.183350 
1636 -0.590243 0.962025 
1637 -0.109151 1.361880 
1638 -0.575807 1.077982 
1639 -0.622944 0.914685 
1640 -0.496054 1.009545 
1641 -0.245773 1.206612 
1642 -0.386605 1.214751 
1643 -0.625016 1.176472 
1644 -0.324699 1.104836 
1645 -0.313783 1.207482 
1646 -0.283603 1.173869 
1647 -0.771317 1.082163 
1648 -0.310899 1.057926 
1649 -0.655423 0.975779 
1650 -0.196142 1.115295 
1651 -0.527305 1.215885 
1652 -0.506938 1.179787 
1653 -0.249181 1.224079 
1654 -0.227343 1.293307 
1655 -0.089186 1.287971 
1656 -0.224568 1.239299 
1657 -0.210111 1.230656 
1658 -0.487315 1.183700 
1659 -0.215501 1.262576 
1660 -0.573255 1.121659 
1661 -0.432070 1.167415 
1662 -0.175174 1.323476 
1663 -0.375055 1.256431 
1664 -0.462423 1.214021 
1665 -0.631259 1.054711 
1666 -0.316905 1.092131 
1667 -0.721605 0.883058 
1668 -0.465306 1.123508 
1669 -0.591100 1.001504 
1670 -0.611294 1.006768 
1671 -0.392295 1.188193 
1672 -0.610537 1.161933 
1673 -0.334677 1.159672 
1674 -0.511324 1.060012 
1675 -0.455297 1.086931 
1676 -0.412314 1.230492 
1677 -0.410822 1.177834 
1678 -0.324360 1.168586 
1679 -0.600328 1.213416 
1680 -0.309279 1.177079 
1681 -0.476005 1.189523 
1682 -0.392945 1.145249 
1683 -0.125767 1.266806 
1684 -0.209260 1.308691 
1685 -0.225557 1.170905 
1686 -0.213715 1.250593 
1687 -0.486880 0.981472 
1688 -0.500883 1.120652 
1689 -0.631481 0.973081 
1690 -0.449909 1.078771 
1691 -0.671710 0.876546 
1692 -0.327097 1.172024 
1693 -0.483319 1.167126 
1694 -0.614991 1.113271 
1695 -0.471953 1.227503 
1696 -0.477349 1.208772 
1697 -0.340232 1.147489 
1698 -0.217926 1.204938 
1699 -0.258043 1.301186 
1700 -0.162510 1.282551 
1701 -0.694947 1.043454 
1702 -0.209854 1.336227 
1703 -0.736112 1.086320 
1704 -0.623393 1.101932 
1705 -0.701659 0.990296 
1706 -0.381643 1.118134 
1707 -0.748545 0.996224 
1708 -0.451658 1.071963 
1709 -0.214840 1.212531 
1710 -0.711377 1.118845 
1711 -0.353529 1.153779 
1712 -0.726725 0.984746 
1713 -0.490829 1.149633 
1714 -0.540588 1.069034 
1715 -0.475992 1.077803 
1716 -0.675088 1.013229 
1717 -0.534064 1.160302 
1718 -0.423889 1.148977 
1719 -0.298049 1.072410 
1720 -0.422692 1.013168 
1721 -0.423339 1.139956 
1722 -0.748765 1.080542 
1723 -0.562621 1.205251 
1724 -0.512703 1.160829 
1725 -0.422645 1.196719 
1726 -0.496113 1.048063 
1727 -0.577094 1.089602 
1728 -0.537380 1.151251 
1729 -0.748557 1.061181 
1730 -0.794924 1.116753 
1731 -0.589565 1.150028 
1732 -0.402476 1.135361 
1733 -0.706712 1.035525 
1734 -0.746623 0.960852 
1735 -0.569916 1.156536 
1736 -0.436243 1.199255 
1737 -0.588027 1.216658 
1738 -0.767025 1.072463 
1739 -0.597911 1.011896 
1740 -0.618353 1.196050 
1741 -0.881657 1.050558 
1742 -0.497043 1.175171 
1743 -0.807662 1.101123 
1744 -0.683300 1.193928 
1745 -0.564602 1.021664 
1746 -0.630834 1.082647 
1747 -0.310427 1.312437 
1748 -0.274942 1.121255 
1749 -0.638659 1.198021 
1750 -0.621671 1.100561 
1751 -0.256229 1.337516 
1752 -0.133796 1.277572 
1753 -0.469218 1.285772 
1754 -0.448435 1.082581 
1755 -0.399292 1.187237 
1756 -0.704980 1.070966 
1757 -0.603343 1.030023 
1758 -0.554130 1.097145 
1759 -0.442499 0.940563 
1760 -0.843812 0.929888 
1761 -0.738168 0.993854 
1762 -0.656502 1.128626 
1763 -0.524511 1.211340 
1764 -0.560793 1.139606 
1765 -0.604936 1.054714 
1766 -0.636437 1.091328 
1767 -0.350578 1.010278 
1768 -0.610877 0.915549 
1769 -0.292330 1.073532 
1770 -0.217963 1.234330 
1771 -0.117159 1.314108 
1772 -0.449651 1.186662 
1773 -0.607924 1.144951 
1774 -0.466528 1.126429 
1775 -0.353287 1.146902 
1776 -0.483118 1.215722 
1777 -0.606705 1.010321 
1778 -0.642243 1.055412 
1779 -0.221685 1.187964 
1780 -0.584319 1.010207 
1781 -0.648831 1.119605 
1782 -0.071692 1.307505 
1783 -0.199808 1.057223 
1784 -0.426981 1.030840 
1785 -0.168485 1.071644 
1786 -0.496594 0.980789 
1787 -0.346015 1.179503 
1788 -0.154582 1.197403 
1789 -0.412441 1.216756 
1790 -0.765340 0.953235 
1791 -0.381099 1.199054 
1792 -0.553040 1.184513 
1793 -0.289019 1.194560 
1794 -0.198798 1.199439 
1795 -0.281649 1.223570 
1796 -0.673766 0.935619 
1797 -0.530425 0.932711 
1798 -0.332404 1.118102 
1799 -0.615732 0.971449 
1800 -0.536117 1.095769 
1801 -0.193474 1.213961 
1802 -0.082136 1.322842 
1803 -0.275933 1.301736 
1804 -0.516836 1.118803 
1805 -0.413066 1.176239 
1806 -0.656154 1.185350 
1807 -0.294643 1.196951 
1808 -0.371930 1.168919 
1809 -0.342918 1.263427 
1810 -0.634429 1.018333 
1811 -0.669653 0.962317 
1812 -0.574100 1.065084 
1813 -0.639016 1.028458 
1814 -0.603513 1.197851 
1815 -0.310825 1.199108 
1816 -0.251924 1.142096 
1817 -0.356332 1.078891 
1818 -0.696552 1.039066 
1819 -0.762640 1.112517 
1820 -0.696467 0.967741 
1821 -0.308532 0.993126 
1822 -0.396746 1.062257 
1823 -0.598956 1.035561 
1824 -0.296658 1.162410 
1825 -0.551255 1.097058 
1826 -0.425539 1.154388 
1827 -0.304082 1.031843 
1828 -0.043662 1.374149 
1829 -0.164928 1.230660 
1830 -0.127732 1.397409 
1831 -0.181900 1.194771 
1832 -0.431751 1.042809 
1833 -0.108318 1.237843 
1834 -0.373859 1.200273 
1835 -0.163572 1.291282 
1836 -0.580570 1.080220 
1837 -0.263619 1.331570 
1838 -0.548045 1.009836 
1839 -0.233368 1.195120 
1840 -0.500993 1.036435 
1841 -0.421141 1.118071 
1842 -0.650904 1.238690 
1843 -0.648064 1.103935 
1844 -0.695926 0.958845 
1845 -0.391686 1.147029 
1846 -0.418408 1.224515 
1847 -0.348497 1.120304 
1848 -0.606235 1.013241 
1849 -0.481010 1.184683 
1850 -0.426136 1.190419 
1851 -0.782881 1.062045 
1852 -0.328359 1.131655 
1853 -0.842649 0.946674 
1854 -0.334926 1.177989 
1855 -0.344615 1.300185 
1856 -0.360140 1.247157 
1857 -0.339225 1.104769 
1858 -0.364767 1.142429 
1859 -0.231281 1.068027 
1860 -0.565307 1.185036 
1861 -0.312225 1.132076 
1862 -0.791963 0.935204 
1863 -0.722813 1.214292 
1864 -0.705790 1.050095 
1865 -0.297206 1.142513 
1866 -0.708849 0.988964 
1867 -0.341909 1.171589 
1868 -0.584729 1.130834 
1869 -0.512912 1.000543 
1870 -0.282179 1.221218 
1871 -0.645572 1.244885 
1872 -0.470226 1.155197 
1873 -0.278801 1.180974 
1874 -0.354447 1.139238 
1875 0.223600 1.731715 
1876 -0.179645 1.562919 
1877 -0.140973 1.556230 
1878 0.184974 1.700496 
1879 -0.394627 1.324010 
1880 -0.326643 1.355258 
1881 -0.529067 1.319939 
1882 -0.277207 1.442154 
1883 0.037874 1.530557 
1884 -0.198156 1.347113 
1885 -0.078914 1.262257 
1886 -0.031751 1.320141 
1887 -0.075427 1.347022 
1888 -0.707272 0.997667 
1889 -0.512010 1.172032 
1890 -0.393585 1.216253 
1891 -0.134509 1.340114 
1892 -0.090992 1.346718 
1893 -0.279424 1.181795 
1894 -0.416293 1.173767 
1895 -0.485105 1.071813 
1896 -0.323734 1.165613 
1897 -0.301647 1.168256 
1898 -0.363361 1.042579 
1899 -0.293524 1.121748 
1900 -0.583241 1.016371 
1901 -0.331577 1.268889 
1902 -0.651673 1.129091 
1903 -0.598513 1.150091 
1904 -0.181713 1.199097 
1905 -0.038429 1.290336 
1906 -0.715540 1.046407 
1907 -0.536663 1.068646 
1908 -0.281309 1.044804 
1909 -0.268107 1.188049 
1910 -0.262444 1.049790 
1911 -0.394423 1.198265 
1912 -0.097332 1.294569 
1913 -0.172432 1.245787 
1914 -0.670895 0.974507 
1915 -0.601307 1.044875 
1916 -0.350645 1.080253 
1917 -0.654861 1.139085 
1918 -0.541824 1.095277 
1919 -0.671912 0.990388 
1920 -0.291750 1.162035 
1921 -0.750890 0.814181 
1922 -0.138458 1.025420 
1923 -0.090291 1.254747 
1924 0.270924 1.682921 
1925 -0.111607 1.306331 
1926 -0.147508 1.187159 
1927 -0.060829 1.316704 
1928 -0.481328 1.112108 
1929 -0.637346 1.079193 
1930 -0.515253 1.073895 
1931 -0.716961 0.981944 
1932 -0.653949 1.014629 
1933 -0.623549 1.175435 
1934 -0.593418 1.098068 
1935 -0.565847 0.993869 
1936 -0.139791 1.223800 
1937 -0.282817 1.131754 
1938 -0.178752 1.128655 
1939 -0.333897 1.010903 
1940 -0.479622 0.976474 
1941 -0.329234 1.083198 
1942 -0.234640 1.259858 
1943 -0.424050 1.216896 
1944 -0.456282 1.234775 
1945 -0.393685 1.229451 
1946 -0.364888 1.174450 
1947 -0.349138 1.135569 
1948 -0.220608 1.253158 
1949 -0.350166 1.098881 
1950 -0.601927 1.201080 
1951 -0.264215 1.189948 
1952 -0.683606 0.996570 
1953 -0.272572 1.047312 
1954 -0.436926 1.115328 
1955 -0.577157 1.152790 
1956 -0.688764 1.065088 
1957 -0.528653 1.093887 
1958 -0.472291 1.083308 
1959 -0.576419 1.181121 
1960 -0.670510 1.038542 
1961 -0.328444 1.156522 
1962 -0.553312 1.049812 
1963 -0.437465 1.161914 
1964 -0.781322 0.925390 
1965 -0.282798 1.058902 
1966 -0.690079 1.384147 
1968 -0.798791 1.077358 
1969 -0.388762 1.353691 
1970 -0.407790 1.356903 
1971 -0.210245 1.328666 
1972 -0.336586 1.352110 
1973 -0.309803 1.238609 
1974 -0.692691 1.091045 
1975 -0.743084 1.125224 
1976 -0.838841 0.936558 
1977 -0.290399 1.194584 
1978 -0.416901 1.139841 
1979 -0.648769 1.008577 
1980 -0.424650 1.170916 
1981 -0.689520 0.977630 
1982 -0.304693 1.289251 
1983 -0.231126 1.206707 
1984 -0.744414 1.104882 
1985 -0.573499 1.096839 
1986 -0.500536 1.109512 
1987 -0.573182 1.125607 
1988 -0.838975 0.939835 
1989 -0.338484 1.316627 
1990 -0.836698 0.973697 
1991 -0.516032 1.137294 
1992 -0.513685 1.069574 
1993 -0.662900 1.185618 
1994 -0.542209 1.155518 
1995 -0.624842 1.160109 
1996 -0.567140 1.212209 
1997 -0.777589 1.162631 
1998 -0.646008 0.943262 
1999 -0.391811 1.292913 
2000 -0.526367 1.029286 
2001 -0.340587 1.294193 
2002 -0.193610 1.383766 
2003 -0.692420 1.177817 
2004 -0.419091 1.123183 
2005 -0.683229 1.122740 
2006 -0.590958 1.187350 
2007 -0.438279 1.119388 
2008 -0.211206 1.251695 
2009 -0.548059 1.114447 
2010 -0.473761 1.107865 
2011 -0.271274 1.176688 
2012 -0.311575 1.086144 
2013 -0.627169 1.060168 
2014 -0.351514 1.091750 
2015 -0.247949 1.247529 
2016 -0.174385 1.279264 
2017 -0.239031 1.075923 
2018 -0.421122 1.141168 
2019 -0.658665 1.005465 
2020 -0.425491 1.150825 
2021 -0.415034 1.133906 
2022 -0.483499 1.242114 
2023 -0.376172 1.002200 
2024 -0.151129 1.293982 
2025 -0.631354 1.022826 
2026 -0.616598 1.146138 
2027 -0.626519 1.065403 
2028 -0.323972 1.171520 
2029 -0.312659 1.159322 
2030 -0.503477 1.151790 
2031 -0.295942 1.310912 
2032 -0.340266 1.211671 
2033 -0.700073 0.991278 
2034 -0.420020 1.071020 
2035 -0.490533 1.213745 
2036 -0.249615 1.068816 
2037 -0.537287 1.249857 
2038 -0.417326 1.032970 
2039 -0.669237 1.156074 
2040 -0.318777 1.075372 
2041 -0.582030 1.178954 
2042 -0.363030 1.201043 
2043 -0.681262 1.027869 
2044 -0.657353 1.046724 
2045 -0.225391 1.297311 
2046 -0.681983 1.132409 
2047 -0.385146 1.170489 
2048 -0.224358 1.197965 
2049 -0.229347 1.176469 
2050 -0.457312 1.096368 
2051 -0.596187 1.067731 
2052 -0.797327 1.033190 
2053 -0.538439 1.087179 
2054 -0.351402 1.293491 
2055 -0.839460 1.031650 
2056 -0.876064 0.944467 
2057 -0.668066 1.113394 
2058 -0.410738 1.146463 
2059 -0.526016 1.143936 
2060 -0.672133 1.127354 
2061 -0.676852 1.079202 
2062 -0.369112 1.221103 
2063 -0.805393 1.016634 
2064 -0.666216 1.068840 
2065 -0.223260 1.257346 
2066 -0.477748 1.176762 
2067 -0.542196 1.190784 
2068 -0.642572 1.062094 
2069 -0.336373 1.256774 
2070 -0.402538 1.226972 
2071 -0.409879 1.160691 
2072 -0.492410 1.141679 
2073 -0.731671 0.895643 
2074 -0.554677 0.995665 
2075 -0.509718 0.920296 
2076 -0.383440 1.021082 
2077 -0.266547 1.144276 
2078 -0.284908 1.086399 
2079 -0.533441 1.075937 
2080 -0.340912 1.081178 
2081 -0.648725 1.087899 
2082 -0.511613 1.208065 
2083 -0.731942 1.080283 
2084 -0.554862 0.959357 
2085 -0.373141 1.103478 
2086 -0.258433 1.107577 
2087 -0.364479 1.126946 
2088 -0.366637 1.212600 
2089 -0.342827 1.295653 
2090 -0.206044 1.173690 
2091 -0.363459 1.107730 
2092 -0.587350 0.994869 
2093 -0.430014 1.177657 
2094 -0.502910 1.055473 
2095 -0.437022 1.087029 
2096 -0.470417 1.065370 
2097 -0.384621 1.087733 
2098 -0.735113 0.915206 
2099 -0.291305 1.209828 
2100 -0.506726 1.024470 
2101 -0.521236 1.115051 
2102 -0.299601 1.302078 
2103 -0.782696 0.910140 
2104 -0.150174 1.350751 
2105 -0.180311 1.212960 
2106 -0.486533 1.004365 
2107 -0.590371 1.027101 
2108 -0.532034 1.014934 
2109 -0.691652 1.113787 
2110 -0.454910 1.052856 
2111 -0.715952 0.962834 
2112 -0.382583 1.283762 
2113 -0.698797 1.081581 
2114 -0.562720 1.149514 
2115 -0.374174 1.034028 
2116 -0.338071 1.072331 
2117 -0.388995 1.011258 
2118 -0.601068 1.030436 
2119 -0.609371 1.133439 
2120 -0.332979 1.233061 
2121 -0.266845 1.268350 
2122 -0.460863 1.261658 
2123 -0.491237 1.002307 
2124 -0.537414 1.100874 
2125 -0.762664 0.896574 
2126 -0.696046 0.974839 
2127 -0.411214 0.992311 
2128 -0.538016 1.070238 
2129 -0.684691 1.055497 
2130 -0.315136 1.084743 
2131 -0.240594 1.278109 
2132 -0.421577 1.218813 
2133 -0.522385 1.186596 
2134 -0.560577 1.043380 
2135 -0.822796 1.046791 
2136 -0.598019 0.997164 
2137 -0.364140 1.064493 
2138 -0.844001 0.959693 
2139 -0.560508 1.021964 
2140 -0.733573 1.107493 
2141 -0.355488 1.247407 
2142 -0.287584 1.220210 
2143 -0.513083 1.025359 
2144 -0.392097 1.082362 
2145 -0.333038 1.160542 
2146 -0.412048 1.196687 
2147 -0.378108 1.072110 
2148 -0.268372 1.079147 
2149 -0.244482 1.219296 
2150 -0.049885 1.329128 
2151 -0.524816 1.192592 
2152 -0.332766 1.342003 
2153 -0.568635 1.123359 
2154 -0.341421 1.111336 
2155 -0.450988 1.213036 
2156 -0.250571 1.218977 
2157 -0.230886 1.230166 
2158 -0.145939 1.357535 
2159 -0.474943 1.108320 
2160 -0.301812 1.164085 
2161 -0.608364 1.071693 
2162 -0.564470 0.990339 
2163 -0.680815 1.060650 
2164 -0.786119 1.140144 
2165 -0.423750 1.160342 
2166 -0.190904 1.324415 
2167 -0.647455 1.023794 
2168 -0.537891 0.969567 
2169 -0.417880 1.052419 
2170 -0.574793 1.099140 
2171 -0.443503 1.100291 
2172 -0.519381 1.034092 
2173 -0.309823 1.117370 
2174 -0.485989 1.123563 
2175 -0.655934 1.087771 
2176 -0.410702 1.049001 
2177 -0.827975 0.896898 
2178 -0.220505 1.178135 
2179 -0.153977 1.247831 
2180 -0.293439 1.048452 
2181 -0.612804 1.214539 
2182 -0.284573 1.150408 
2183 -0.551297 1.038616 
2184 -0.295460 1.204889 
2185 -0.461186 1.234636 
2186 -0.218076 1.215378 
2187 -0.315632 1.170958 
2188 -0.677801 1.085903 
2189 -0.280292 1.053328 
2190 -0.408127 1.158117 
2191 -0.776191 0.829210 
2192 -0.385938 1.251432 
2193 -0.486663 0.999790 
2194 -0.623806 1.094306 
2195 -0.535151 1.146392 
2196 -0.283481 1.098509 
2197 -0.534825 1.105377 
2198 -0.320121 1.163766 
2199 -0.318641 1.069461 
2200 -0.225307 1.305883 
2201 -0.203865 1.268740 
2202 -0.312643 1.136152 
2203 -0.743827 0.887416 
2204 -0.453877 0.980286 
2205 -0.568024 1.238838 
2206 -0.752629 1.109836 
2207 -0.760125 1.013280 
2208 -0.597038 1.096128 
2209 -0.297997 1.044250 
2210 -0.731824 1.078418 
2211 -0.493958 1.075260 
2212 -0.523526 1.084239 
2213 -0.279705 1.044477 
2214 -0.688979 1.064759 
2215 -0.552221 1.157282 
2216 -0.316761 1.239113 
2217 -0.153213 1.368538 
2218 -0.588827 1.001987 
2219 -0.334911 1.101751 
2220 -0.217097 1.264624 
2221 -0.712500 0.992692 
2222 -0.212230 1.046710 
2223 -0.499922 1.019367 
2224 -0.083965 1.383449 
2225 -0.523507 1.259952 
2226 -0.225373 1.302813 
2227 -0.620591 1.003229 
2228 -0.459622 1.058762 
2229 -0.616606 1.105389 
2230 -0.215603 1.144781 
2231 -0.429092 1.095877 
2232 -0.830703 0.889877 
2233 -0.878668 0.909662 
2234 -0.379259 1.074536 
2235 -0.791630 1.042025 
2236 -0.755074 0.976909 
2237 -0.638256 1.029777 
2238 -0.503702 0.924055 
2239 -0.907736 0.867303 
2240 -0.483110 0.960817 
2241 -0.699031 1.001778 
2242 -0.613902 1.139714 
2243 -0.745077 0.885421 
2244 -0.891651 0.720767 
2245 -0.219806 1.218495 
2246 -0.606635 1.165916 
2247 -0.470751 1.105329 
2248 -0.729489 0.963111 
2249 -0.210113 1.167666 
2250 -0.767421 1.181744 
2251 -0.399220 1.045104 
2252 -0.733309 0.965598 
2253 -0.529129 0.987634 
2254 -0.756047 0.959062 
2255 -0.804061 1.098134 
2256 -0.314390 1.149822 
2257 -0.605820 1.053102 
2258 -0.521140 0.975997 
2259 -0.887013 0.991103 
2260 -0.609753 1.047753 
2261 -0.492064 0.911242 
2262 -0.046333 1.363261 
2265 -0.064871 1.213994 
2266 -0.339920 1.264773 
2267 -0.263515 1.178600 
2268 -0.578656 1.068546 
2269 -0.299373 1.214927 
2270 -0.959849 0.927085 
2271 -0.760982 0.992485 
2272 -0.700742 1.120387 
2273 -0.618598 1.220161 
2274 -0.494322 0.932377 
2275 -0.334349 1.069113 
2276 -0.643583 1.096892 
2277 -0.527408 1.085367 
2278 -0.823453 0.893932 
2279 -0.673200 1.138097 
2280 -0.394329 1.139056 
2281 -0.344972 1.150102 
2282 -0.391451 1.252026 
2283 -0.805675 0.928804 
2284 -0.880904 0.878092 
2285 -0.654589 0.992774 
2286 -0.882814 1.212341 
2287 -0.358960 1.241686 
2288 -0.850504 1.022429 
2289 -0.851872 1.010374 
2290 -0.635195 1.120645 
2291 -0.657016 0.981596 
2292 -0.698850 0.948956 
2293 -0.543861 1.027880 
2294 -0.579467 1.118404 
2295 -0.657020 1.063244 
2296 -0.224343 1.262227 
2297 -0.587025 1.139908 
2298 -0.239994 1.163107 
2299 -0.585439 1.120687 
2300 -0.288629 1.251541 
2301 -0.321262 1.174658 
2302 -0.238135 1.281800 
2303 -0.015946 1.466144 
2304 -0.526916 1.101714 
2305 -0.316964 1.257794 
2306 -0.279811 1.197134 
2307 -0.628058 1.015466 
2308 -0.463348 1.045013 
2309 -0.587718 1.072538 
2310 -0.813165 0.927471 
2311 -0.869198 1.015965 
2312 -0.552640 1.081914 
2313 -0.614211 1.167242 
2314 -0.533531 1.086034 
2315 -0.518759 1.087702 
2316 -0.636062 1.126302 
2317 -0.502960 1.014569 
2318 -0.273763 1.039758 
2319 -0.391337 1.216919 
2320 -0.671185 1.086898 
2321 -0.188793 1.279589 
2322 -0.382781 1.261503 
2323 -0.488925 1.116999 
2324 -0.435832 1.140852 
2325 -0.784675 0.985651 
2326 -0.542410 1.103102 
2327 -0.742288 1.070759 
2328 -0.585436 1.043628 
2329 -0.227264 1.261702 
2330 -0.686149 0.972258 
2331 -0.521568 1.171119 
2332 -0.254926 1.233938 
2333 -0.648229 1.062366 
2334 -0.338135 1.086723 
2335 -0.258575 1.154097 
2336 -0.180814 1.183756 
2337 -0.319004 1.109039 
2338 -0.600368 1.097050 
2339 -0.504969 1.022378 
2340 -0.438227 1.057675 
2341 -0.597109 1.134228 
2342 -0.355631 1.161772 
2343 -0.753728 0.897566 
2344 -0.449073 1.097486 
2345 -0.376146 1.126211 
2346 -0.703383 0.861314 
2347 -0.361224 1.190665 
2348 -0.552939 1.009386 
2349 -0.365580 1.226410 
2350 -0.180869 1.258252 
2351 -0.731853 0.986449 
2352 -0.436168 1.017460 
2353 -0.517610 1.138373 
2354 -0.546280 1.111824 
2355 -0.540710 1.056903 
2356 -0.269081 1.045637 
2357 -0.247059 1.081360 
2358 -0.371519 1.236752 
2359 -0.703755 0.955795 
2360 -0.237463 1.331906 
2361 -0.375179 1.285990 
2362 -0.056573 1.357557 
2363 -0.355796 1.189326 
2364 -0.459582 1.116940 
2365 -0.254649 1.262475 
2366 -0.291882 1.017339 
2367 -0.596475 1.025954 
2368 -0.679125 0.993501 
2369 -0.273759 1.093238 
2370 -0.352712 1.103345 
2371 -0.815079 0.991699 
2372 -0.877514 0.848983 
2373 -0.592141 1.107062 
2374 -0.246836 1.248691 
2375 -0.401830 1.055813 
2376 -0.329893 1.113469 
2377 -0.707421 0.974820 
2378 -0.541186 1.238548 
2379 -0.547963 1.181438 
2380 -0.648130 1.108819 
2381 -0.747442 1.065986 
2382 -0.714561 1.130220 
2383 -0.663143 1.092312 
2384 -0.334882 1.222480 
2385 -0.420913 0.978120 
2386 -0.710444 1.053773 
2387 -0.512064 1.057779 
2388 -0.166093 1.319908 
2389 -0.358730 1.207600 
2390 -0.459411 1.119427 
2391 -0.167230 1.229668 
2392 -0.487128 1.095163 
2393 -0.618511 1.147737 
2394 -0.508227 1.143257 
2395 -0.698854 0.967293 
2396 -0.527096 1.170544 
2397 -0.595743 1.185020 
2398 -0.148063 1.311172 
2399 -0.068962 1.187976 
2400 -0.608185 1.187398 
2401 -0.711789 1.177869 
2402 -0.950046 0.890804 
2403 -0.426383 1.115351 
2404 -0.383154 1.234125 
2405 -0.375949 1.179563 
2406 -0.492828 1.075003 
2407 -0.529543 1.174943 
2408 -0.332985 1.066040 
2409 -0.222544 1.005966 
2410 -0.835429 0.912727 
2411 -0.723269 1.026026 
2412 -0.209076 1.144071 
2413 -0.540213 1.033309 
2414 -0.257043 1.066984 
2415 -0.841969 0.912904 
2416 -0.517757 1.010180 
2417 -0.714418 0.979470 
2418 -0.658003 0.969043 
2419 -0.808543 1.001566 
2420 -0.703212 1.060461 
2421 -0.778683 1.088454 
2422 -0.365016 1.265811 
2423 -0.515863 1.174002 
2424 -0.349199 1.331336 
2425 -0.633571 1.156046 
2426 -0.553655 1.138273 
2427 -0.413383 1.126897 
2428 -0.467838 1.054567 
2429 -0.649897 1.137327 
2430 -0.742550 1.030209 
2431 -0.649541 1.160289 
2432 -0.470909 1.074440 
2433 -0.422571 1.160899 
2434 -0.591134 1.109108 
2435 -0.632148 1.166279 
2436 -0.767473 0.964808 
2437 -0.574914 1.224112 
2438 -0.306948 1.140664 
2439 -0.292664 1.102631 
2440 -0.516278 1.171117 
2441 -0.334392 1.233195 
2442 -0.704458 1.027065 
2443 -0.638132 1.104966 
2444 -0.549670 1.152583 
2445 -0.260627 1.316581 
2446 -0.690821 0.877456 
2447 -0.498007 0.999913 
2448 -0.390012 1.124981 
2449 -0.409586 1.015198 
2450 -0.404301 1.115597 
2451 -0.385480 1.167834 
2452 -0.242723 1.224344 
2453 -0.305167 1.200429 
2454 -0.388611 1.163467 
2455 -0.539912 1.118775 
2456 -0.261035 1.240806 
2457 -0.619061 1.086426 
2458 -0.694335 0.943861 
2459 -0.469036 1.045625 
2460 -0.423408 1.126844 
2461 -0.429926 1.024174 
2462 -0.450914 1.120811 
2463 -0.662948 1.078133 
2464 -0.282148 1.196919 
2465 -0.741862 0.923497 
2466 -0.578741 1.103825 
2467 -0.805783 1.082573 
2468 -0.738658 1.048878 
2469 -0.781624 0.918673 
2470 -0.852931 0.923023 
2471 -0.272425 1.310262 
2472 -0.707165 0.928199 
2473 -0.694880 1.074518 
2474 -0.242849 1.182973 
2475 -0.805152 0.856870 
2476 -0.726461 1.145703 
2477 -0.652081 0.968129 
2478 -0.687146 1.066668 
2479 -0.589337 1.211355 
2480 -0.630400 1.140390 
2481 -0.707480 1.028634 
2482 -0.519961 0.960993 
2483 -0.769598 1.090366 
2484 -0.095103 1.400593 
2485 -0.192282 1.135023 
2486 -0.199676 1.246952 
2487 -0.434461 1.158699 
2488 -0.530857 1.061347 
2489 -0.716429 0.961084 
2490 -0.470875 1.014069 
2491 -0.825701 1.092121 
2492 -0.642340 1.247631 
2493 -0.322939 1.331335 
2494 -0.679626 1.094235 
2495 -0.782245 1.171954 
2496 -0.878471 1.159243 
2497 -0.752351 1.022356 
2498 -0.859387 1.011128 
2499 -0.624299 1.177771 
2500 -0.220400 1.195425 
2501 -0.275124 1.225418 
2502 -0.695056 0.981003 
2503 -0.628577 1.144659 
2504 -0.561478 1.211573 
2505 -0.764536 0.938249 
2506 -0.476368 1.019843 
2507 -0.357161 1.093018 
2508 -0.872900 0.869573 
2509 -0.268520 1.163406 
2510 -0.688853 1.078036 
2511 -0.827463 0.968734 
2512 -0.277595 1.139710 
2513 -0.710701 1.041217 
2514 -0.253495 1.371359 
2515 -0.691029 1.088362 
2516 -0.749779 1.042184 
2517 -0.289348 1.104290 
2518 -0.330749 1.218749 
2519 -0.739329 1.078046 
2520 -0.457212 1.234470 
2521 -0.149231 1.241290 
2522 -0.273598 1.132266 
2523 -0.283632 1.236810 
2524 -0.568862 1.103960 
2525 -0.676865 1.064326 
2526 -0.578105 1.021821 
2527 -0.634260 1.063549 
2528 -0.235858 1.224929 
2529 -0.681592 1.176727 
2530 -0.386656 1.084385 
2531 -0.297196 1.196275 
2532 -0.679565 1.133698 
2533 -0.391444 1.183935 
2534 -0.377087 1.199622 
2535 -0.186101 1.339423 
2536 -0.747659 0.971896 
2537 -0.421961 1.094524 
2538 -0.738119 1.024118 
2539 -0.625697 1.042969 
2540 -0.483786 1.180583 
2541 -0.650615 1.077147 
2542 -0.406780 1.193683 
2543 -0.629933 1.142611 
2544 -0.564224 1.125642 
2545 -0.614700 0.992052 
2546 -0.407487 1.116257 
2547 -0.361573 1.056046 
2548 -0.345984 1.165274 
2549 -0.279660 1.173427 
2550 -0.814826 0.884791 
2551 -0.276842 1.140047 
2552 -0.477804 1.140026 
2553 -0.549887 1.089768 
2554 -0.495665 1.071750 
2555 -0.502239 0.947692 
2556 -0.522556 1.095091 
2557 -0.384453 1.249778 
2558 -0.620481 1.020670 
2559 -0.468302 1.118523 
2560 -0.158104 1.199909 
2561 -0.269955 1.165356 
2562 -0.445313 1.015697 
2563 -0.636034 1.022152 
2564 -0.357367 0.976753 
2565 -0.858107 0.930699 
2566 -0.331676 1.211939 
2567 -0.303790 1.188616 
2568 -0.232550 1.249940 
2569 -0.568537 1.188928 
2570 -0.934197 0.943417 
2571 -0.750953 1.142132 
2572 -0.522580 1.155712 
2573 -0.427619 1.074295 
2574 -0.727815 1.162129 
2575 -0.247853 1.274533 
2576 -0.414549 1.113563 
2577 -0.861436 0.945067 
2578 -0.434187 1.124246 
2579 -0.256796 1.289480 
2580 -0.519872 1.049968 
2581 -0.133662 1.323009 
2582 -0.380780 1.090093 
2583 -0.429579 1.086168 
2584 -0.308776 1.233179 
2585 -0.740218 0.985696 
2586 -0.531354 1.145633 
2587 -0.475354 1.115206 
2588 -0.123254 1.307852 
2589 -0.587737 1.011121 
2590 -0.633522 1.158117 
2591 -0.587676 1.098341 
2592 -0.620763 1.099148 
2593 -0.220582 1.279211 
2594 -0.437865 1.085309 
2595 -0.603320 1.111718 
2596 -0.455832 1.243647 
2597 -0.228506 1.181347 
2598 -0.803959 0.984008 
2599 -0.418949 1.225034 
2600 -0.388079 1.083760 
2601 -0.561060 1.039871 
2602 -0.644233 0.930590 
2603 -0.735981 1.040164 
2604 -0.528773 1.113317 
2605 -0.143862 1.338693 
2606 -0.528452 1.172895 
2607 -0.481749 1.182725 
2608 -0.397343 1.258238 
2609 -0.742761 1.004638 
2610 -0.506721 1.203960 
2611 -0.085593 1.283195 
2612 -0.152090 1.181864 
2613 -0.461707 1.065618 
2614 -0.284584 1.186162 
2615 -0.464490 1.129505 
2616 -0.675702 1.084391 
2617 -0.607206 1.078416 
2618 -0.236450 1.280840 
2619 -0.331955 1.111046 
2620 -0.735161 1.123480 
2621 -0.733169 1.062241 
2622 -0.806211 1.163843 
2623 -0.287540 1.143155 
2624 -0.782815 1.002181 
2625 -0.484148 1.184982 
2626 -0.265633 1.268249 
2627 -0.609100 1.152383 
2628 -0.543057 1.215885 
2629 -0.495337 1.147713 
2630 -0.646965 1.071134 
2631 -0.222563 1.160604 
2632 -0.519223 1.139039 
2633 -0.417136 1.032364 
2634 -0.548498 1.136305 
2635 -0.389663 1.179194 
2636 -0.259535 1.113737 
2637 -0.346242 1.201706 
2638 -0.373097 1.187688 
2639 -0.397425 1.216434 
2640 -0.225424 1.297039 
2641 -0.386240 1.185290 
2642 -0.446651 1.264958 
2643 -0.690410 1.096349 
2644 -0.342550 1.137782 
2645 -0.600040 1.130339 
2646 -0.303850 1.089615 
2647 -0.447970 1.154138 
2648 -0.229500 1.269453 
2649 -0.394226 1.119688 
2650 -0.578202 1.193372 
2651 -0.215668 1.268095 
2652 -0.624196 1.252906 
2653 -0.437080 1.163341 
2654 -0.458619 1.213863 
2655 -0.522279 1.093881 
2656 -0.433480 1.179805 
2657 -0.259935 1.347258 
2658 -0.306527 1.314835 
2659 -0.331981 1.192091 
2660 -0.652338 1.110773 
2661 -0.327750 1.248571 
2662 -0.452713 1.068444 
2663 -0.313812 1.154396 
2664 -0.603047 1.044113 
2665 -0.674625 1.124353 
2666 -0.499088 1.081520 
2667 -0.500713 1.195494 
2668 -0.254026 1.201975 
2669 -0.668900 0.921431 
2670 -0.345120 1.180584 
2671 -0.624277 1.091649 
2672 -0.272626 1.146746 
2673 -0.333600 1.239848 
2674 -0.738601 0.979701 
2675 -0.405100 1.269516 
2676 -0.072638 1.321654 
2677 -0.380836 1.085711 
2678 -0.667123 0.981002 
2679 -0.408076 1.107026 
2680 -0.534986 1.034483 
2681 -0.836620 0.953727 
2682 -0.681142 1.035387 
2683 -0.834877 0.930187 
2684 -0.584660 1.192227 
2685 -0.853050 0.950011 
2686 -0.709738 1.091155 
2687 -0.179631 1.287285 
2688 -0.554978 1.144332 
2689 -0.372289 1.249193 
2690 -0.325575 1.044002 
2691 -0.685986 1.120152 
2692 -0.803360 1.050757 
2693 -0.329311 1.277513 
2694 -0.507300 1.074429 
2695 -0.755333 1.023316 
2696 -0.601090 1.166743 
2697 -0.612411 1.126856 
2698 -0.457435 1.189620 
2699 -0.643089 1.104974 
2700 -0.573759 1.034142 
2701 -0.420321 1.109681 
2702 -0.268212 1.128793 
2703 -0.502501 1.079978 
2704 -0.580267 1.068274 
2705 -0.446583 1.144829 
2706 -0.400403 1.132886 
2707 -0.593501 1.146554 
2708 -0.578979 1.069090 
2709 -0.263979 1.199791 
2710 -0.773049 0.942400 
2711 -0.588646 1.051909 
2712 -0.569746 1.054862 
2713 -0.693243 1.193805 
2714 -0.442542 1.235129 
2715 -0.717053 1.183237 
2716 -0.715701 1.072216 
2717 -0.770684 0.935555 
2718 -0.456358 1.164555 
2719 -0.454893 1.121525 
2720 -0.341294 1.223256 
2721 -0.368433 1.331805 
2722 -0.301302 1.254306 
2723 -0.535029 1.165468 
2724 -0.542954 1.051761 
2725 -0.145137 1.273654 
2726 -0.693941 1.014003 
2727 -0.743386 1.057241 
2728 -0.623972 1.190493 
2729 -0.731697 1.112677 
2730 -0.416990 1.194160 
2731 -0.804027 1.002256 
2732 -0.679352 1.126283 
2733 -0.377289 1.208946 
2734 -0.371838 1.136908 
2735 -0.506362 1.164004 
2736 -0.207213 1.125812 
2737 -0.522702 1.164153 
2738 -0.527802 0.886069 
2739 -0.779096 0.967551 
2740 -0.578901 1.137533 
2741 -0.455595 0.994482 
2742 -0.470273 1.110370 
2743 -0.279564 1.144659 
2744 -0.510680 1.268769 
2745 -0.285386 1.142612 
2746 -0.777274 0.915144 
2747 -0.341369 1.126512 
2748 -0.661918 1.003470 
2749 -0.188060 1.174392 
2750 -0.564831 1.140244 
2751 -0.288705 1.174057 
2752 -0.633728 0.964369 
2753 -0.400989 1.053617 
2754 -0.659716 0.970642 
2755 -0.619879 0.964957 
2756 -0.529710 1.093036 
2757 -0.665958 1.114227 
2758 -0.468571 1.135686 
2759 -0.645067 1.033974 
2760 -0.674911 0.923883 
2761 -0.553993 1.077415 
2762 -0.235339 1.120363 
2763 -0.250898 1.217256 
2764 -0.155531 1.207064 
2765 -0.228624 1.288605 
2766 -0.738345 1.054086 
2767 -0.343966 1.072338 
2768 -0.533375 0.973753 
2769 -0.403535 1.060837 
2770 -0.726300 0.959423 
2771 -0.686375 0.993150 
2772 -0.374381 1.146087 
2773 -0.717257 1.002487 
2774 -0.288310 1.208160 
2775 -0.404901 1.198982 
2776 -0.179866 1.272844 
2777 -0.263565 1.138892 
2778 -0.503654 1.184436 
2779 -0.385652 1.092572 
2780 -0.774082 1.057147 
2781 -0.486273 1.026685 
2782 -0.278610 1.108391 
2783 -0.499187 1.047857 
2784 -0.219289 1.160953 
2785 -0.551996 0.959967 
2786 -0.225778 1.187950 
2787 -0.580438 1.086271 
2788 -0.264133 1.278004 
2789 -0.393873 1.136524 
2790 -0.449207 1.141222 
2791 -0.737360 0.946819 
2792 -0.750531 0.895227 
2793 -0.413109 1.075090 
2794 -0.483341 1.084810 
2795 -0.472417 1.040644 
2796 -0.639849 1.031736 
2797 -0.776228 1.066667 
2798 -0.579118 1.085002 
2799 -0.293397 1.245257 
2800 -0.212906 1.214976 
2801 -0.422527 1.070763 
2802 -0.314113 1.214008 
2803 -0.264020 1.174541 
2804 -0.739708 0.992141 
2805 -0.799971 0.993281 
2806 -0.632647 0.952630 
2807 -0.361309 1.089717 
2808 -0.704465 1.106587 
2809 -0.409773 1.002092 
2810 -0.473123 0.955572 
2811 -0.601050 1.078870 
2812 -0.696898 0.946797 
2813 -0.666941 1.080029 
2814 -0.728367 1.016369 
2815 -0.395012 1.003368 
2816 -0.636013 1.070167 
2817 -0.717029 1.066570 
2818 -0.390717 1.165667 
2819 -0.665533 1.026763 
2820 -0.561397 1.165305 
2821 -0.768931 0.982475 
2822 -0.727250 0.948689 
2823 -0.764865 0.963944 
2824 -0.684255 1.036993 
2825 -0.774541 1.024803 
2826 -0.509511 1.025877 
2827 -0.233450 1.183841 
2828 -0.405037 1.129439 
2829 -0.478910 1.135274 
2830 -0.552169 1.174142 
2831 -0.666616 0.935866 
2832 -0.645349 1.026199 
2833 -0.590111 1.201686 
2834 -0.347808 1.274982 
2835 -0.443855 1.154480 
2836 -0.173519 1.240333 
2837 -0.453327 1.134382 
2838 -0.225932 1.191813 
2839 -0.308866 1.175455 
2840 -0.244946 1.213360 
2841 -0.604828 1.054954 
2842 -0.702195 1.188547 
2843 -0.522232 1.116307 
2844 -0.351587 1.202760 
2845 -0.527698 1.111863 
2846 -0.257037 1.134613 
2847 -0.180685 1.192055 
2848 -0.415842 1.084619 
2849 -0.231130 1.109429 
2850 -0.128929 1.288982 
2851 -0.173183 1.342961 
2852 -0.083385 1.413726 
2853 -0.793661 0.983469 
2854 -0.588580 1.106704 
2855 -0.736285 0.993622 
2856 -0.584140 1.163795 
2857 -0.634743 1.002301 
2858 -0.696672 1.008376 
2859 -0.503340 1.172084 
2860 -0.709390 1.031905 
2861 -0.770882 1.057527 
2862 -0.671331 1.047425 
2863 -0.992384 0.976165 
2864 -0.769287 1.033927 
2865 -0.404418 1.107890 
2866 -0.657854 1.029499 
2867 -0.617685 1.205379 
2868 -0.789098 0.970443 
2869 -0.351424 1.255007 
2870 -0.432433 1.220734 
2871 -0.563028 1.197371 
2872 -0.498711 1.154852 
2873 -0.494049 1.175908 
2874 -0.325644 1.222406 
2875 -0.353694 1.305951 
2876 -0.677436 1.157120 
2877 -0.705137 1.083211 
2878 -0.325400 1.192577 
2879 -0.613650 1.138100 
2880 -0.422256 1.129227 
2881 -0.202646 1.266024 
2882 -0.372021 1.203038 
2883 -0.654343 1.116321 
2884 -0.332011 1.247905 
2885 -0.722995 1.031371 
2886 -0.298263 1.147888 
2887 -0.319685 1.034107 
2888 -0.715351 0.983756 
2889 -0.361137 1.268354 
2890 -0.437411 1.212093 
2891 -0.837882 0.931545 
2892 -0.526699 1.090799 
2893 -0.625698 1.062844 
2894 -0.438715 1.158791 
2895 -0.707124 1.119755 
2896 -0.604150 1.164685 
2897 -0.786895 1.031790 
2898 -0.794227 0.970239 
2899 -0.512840 1.075514 
2900 -0.347509 1.227855 
2901 -0.483968 1.181446 
2902 -0.643841 0.947918 
2903 -0.664595 0.981282 
2904 -0.449293 1.120180 
2905 -0.258076 1.328438 
2906 -0.576756 1.043981 
2907 -0.690134 0.969460 
2908 -0.490546 1.099279 
2909 -0.568593 1.138842 
2910 -0.371408 1.153733 
2911 -0.727257 1.031445 
2912 -0.650675 1.094037 
2913 -0.482759 1.144626 
2914 -0.855245 1.007039 
2915 -0.717856 1.178625 
2916 -0.665077 1.198904 
2917 -0.850961 1.026529 
2918 -0.572664 1.187616 
2919 -0.760767 1.116808 
2920 -0.365702 1.100122 
2921 -0.239676 1.184543 
2922 -0.590435 1.152253 
2923 -0.399263 1.163356 
2924 -0.560442 1.099627 
2925 -0.607434 1.131390 
2926 -0.602448 1.045301 
2927 -0.370533 1.076337 
2928 -0.747749 0.938449 
2929 -0.701887 0.934758 
2930 -0.509134 1.052024 
2931 -0.631815 1.098521 
2932 -0.706298 1.127499 
2933 -0.358317 1.119525 
2934 -0.204804 1.306892 
2935 -0.376734 1.151058 
2936 -0.655659 1.174491 
2937 -0.233070 1.276625 
2938 -0.726709 0.946377 
2939 -0.788822 0.924173 
2940 -0.174316 1.350271 
2941 -0.173809 1.264121 
2942 -0.233057 1.333527 
2943 -0.307593 1.228486 
2944 -0.747191 1.036001 
2945 -0.270096 0.988615 
2946 -0.527907 1.062971 
2947 -0.735091 1.107365 
2948 -0.557040 1.191923 
2949 -0.349054 1.057610 
2950 -0.637940 0.994697 
2951 -0.440255 1.173762 
2952 -0.496494 1.196068 
2953 -0.409286 1.229731 
2954 -0.267109 1.302468 
2955 -0.746157 1.133828 
2956 -0.848659 0.982960 
2957 -0.747321 0.930833 
2958 -0.193842 1.290840 
2959 -0.364907 1.267634 
2960 -0.170026 1.302006 
2961 -0.168600 1.257908 
2962 -0.597883 0.925224 
2963 -0.466732 1.019642 
2964 -0.367523 1.315433 
2965 -0.511241 0.994999 
2966 -0.810294 1.019703 
2967 -0.681257 1.089955 
2968 -0.668718 1.126379 
2969 -0.590598 0.968638 
2970 -0.183315 1.253421 
2971 -0.734783 0.925690 
2972 -0.816459 1.014085 
2973 -0.481435 1.157065 
2974 -0.581092 1.066357 
2975 -0.718739 0.986594 
2976 -0.509477 1.128908 
2977 -0.491324 1.187825 
2978 -0.488824 1.177373 
2979 -0.491298 1.180796 
2980 -0.564765 1.226862 
2981 -0.543343 1.104310 
2982 -0.617799 1.006029 
2983 -0.298617 1.187719 
2984 -0.470581 1.064140 
2985 -0.576498 1.106233 
2986 -0.445063 1.113904 
2987 -0.513673 0.985997 
2988 -0.759356 0.917076 
2989 -0.597996 1.063230 
2990 -0.490557 1.184648 
2991 -0.372022 1.218983 
2992 -0.308990 1.295774 
2993 -0.492939 1.075509 
2994 -0.192720 1.141208 
2995 -0.758759 0.924064 
2996 -0.629240 1.220317 
2997 -0.545251 1.070796 
2998 -0.364155 1.255146 
2999 -0.234200 1.124882 
3000 -0.124173 1.250953 
3001 -0.436508 1.167385 
3002 -0.215594 1.266263 
3003 -0.393515 1.067774 
3004 -0.466511 1.104564 
3005 -0.774624 1.016430 
3006 -0.603674 1.167657 
3007 -0.330732 1.138033 
3008 -0.211995 1.238064 
3009 -0.711509 1.065881 
3010 -0.740375 1.129218 
3011 -0.883665 0.905884 
3012 -0.679142 1.061967 
3013 -0.360429 1.092306 
3014 -0.552525 1.161974 
3015 -0.461363 1.224029 
3016 -0.284838 1.130052 
3017 -0.416708 1.137865 
3018 -0.547505 1.149344 
3019 -0.746220 0.993823 
3020 -0.451069 0.974576 
3021 -0.474216 1.119949 
3022 -0.703480 1.145786 
3023 -0.672309 1.200898 
3024 -0.648403 1.170312 
3025 -0.247302 1.296689 
3026 -0.443065 1.129125 
3027 -0.429811 1.176060 
3028 -0.411273 1.234907 
3029 -0.748006 0.980787 
3030 -0.423375 1.108338 
3031 -0.446984 1.253560 
3032 -0.782917 1.025021 
3033 -0.211265 1.187242 
3034 -0.101818 1.383279 
3035 -0.433223 1.136912 
3036 -0.315148 1.295010 
3037 -0.631262 1.106877 
3038 -0.676894 1.162260 
3039 -0.527419 1.133524 
3040 -0.574223 1.143347 
3041 -0.360908 1.186950 
3042 -0.288756 1.195195 
3043 -0.582233 0.997283 
3044 -0.669416 1.007647 
3045 -0.187336 1.274078 
3046 -0.541880 1.153790 
3047 -0.642022 1.095625 
3048 -0.286208 1.231326 
3049 -0.353150 1.097980 
3050 -0.244939 1.270438 
3051 -0.330727 1.274325 
3052 -0.610886 1.144195 
3053 -0.494211 1.123943 
3054 -0.786777 1.028363 
3055 -0.568921 1.138985 
3056 -0.154947 1.384718 
3057 -0.475940 1.151855 
3058 -0.362637 1.089352 
3059 -0.728110 1.169235 
3060 -0.728800 1.190809 
3061 -0.459134 1.138626 
3062 -0.635376 1.040232 
3063 -0.591540 1.124521 
3064 -0.882577 1.018582 
3065 -1.018872 0.957201 
3066 -0.775511 0.882955 
3067 -0.866404 1.033787 
3068 -0.680532 1.027694 
3069 -0.233631 1.262918 
3070 -0.593187 1.153525 
3071 -0.750387 0.927159 
3072 -0.893052 0.933402 
3073 -0.594214 1.073375 
3074 -0.587211 0.996376 
3075 -0.302621 1.091451 
3076 -0.272515 1.190254 
3077 -0.652016 0.951054 
3078 -0.529104 0.950261 
3079 -0.623930 1.013870 
3080 -0.282801 1.205420 
3081 -0.347525 1.190104 
3082 -0.471600 1.067751 
3083 -0.535824 1.078924 
3084 -0.750610 0.992674 
3085 -0.593902 1.165356 
3086 -0.285195 1.227917 
3087 -0.824714 1.048300 
3088 -0.603847 1.244934 
3089 -0.400063 1.244903 
3090 -0.683049 1.078238 
3091 -0.508630 1.083744 
3092 -0.695878 0.975058 
3093 -0.552856 1.054905 
3094 -0.649224 0.946835 
3095 -0.440227 0.996061 
3096 -0.267250 1.191637 
3097 -0.461695 0.946081 
3098 -0.867158 0.915051 
3099 -0.706643 0.949657 
3100 -0.408498 1.171760 
3101 -0.255523 1.253325 
3102 -0.574825 1.087014 
3103 -0.324994 1.132537 
3104 -0.155181 1.139705 
3105 -0.245953 1.274556 
3106 -0.168265 1.198951 
3107 -0.618244 1.143431 
3108 -0.471690 1.104019 
3109 -0.171398 1.175509 
3110 -0.045262 1.427814 
3111 -0.236810 1.339482 
3112 -0.327872 1.175482 
3113 -0.702679 1.040123 
3114 -0.470530 1.026809 
3115 -0.430093 1.018512 
3116 -0.243006 1.073267 
3117 -0.560253 1.176929 
3118 -0.490005 1.181700 
3119 -0.493584 1.155562 
3120 -0.710877 0.953405 
3121 -0.675397 0.951783 
3122 -0.275630 1.150091 
3123 -0.669326 1.132477 
3124 -0.563552 1.063088 
3125 -0.317487 1.169888 
3126 -0.064098 1.303929 
3127 -0.416745 1.154018 
3128 -0.821360 0.958049 
3129 -0.793538 1.109354 
3130 -0.214319 1.200930 
3131 -0.475201 1.186522 
3132 -0.538451 1.149431 
3133 -0.606907 1.005223 
3134 -0.482214 1.115819 
3135 -0.412067 1.059886 
3136 -0.803137 1.105814 
3137 -0.413605 1.261618 
3138 -0.531787 1.215038 
3139 -0.590221 0.962990 
3140 -0.327642 1.275995 
3141 -0.465407 1.161051 
3142 -0.544214 1.049491 
3143 -0.687851 1.039327 
3144 -0.358245 1.276259 
3145 -0.285306 1.200232 
3146 -0.650328 1.050076 
3147 -0.693412 1.039995 
3148 -0.585336 1.193441 
3149 -0.250632 1.296103 
3150 -0.092590 1.376901 
3151 -0.583706 1.166221 
3152 -0.580823 1.146040 
3153 -0.747973 1.067534 
3154 -0.360218 1.270002 
3155 -0.221855 1.243805 
3156 -0.414932 1.093952 
3157 -0.651387 1.057128 
3158 -0.187030 1.283480 
3159 -0.033333 1.345739 
3160 -0.153484 1.232453 
3161 -0.278829 1.191393 
3162 -0.748102 0.931112 
3163 -0.170763 1.201189 
3164 -0.673710 0.997713 
3165 -0.161068 1.069883 
3166 -0.438752 0.989656 
3167 -0.578922 1.022053 
3168 -0.136626 1.260200 
3169 -0.655763 0.948699 
3170 -0.460031 1.136220 
3171 -0.498534 0.924979 
3172 -0.663333 0.936443 
3173 -0.781161 1.128838 
3174 -0.462883 1.058003 
3175 -0.757051 0.930023 
3176 -0.640424 1.008862 
3177 -0.128917 1.227259 
3178 -0.649185 1.077131 
3179 -0.586762 0.934602 
3180 -0.630611 1.066713 
3181 -0.557741 1.050983 
3182 -0.427541 1.127227 
3183 -0.278328 1.192113 
3184 -0.602314 1.103700 
3185 -0.397821 1.039627 
3186 -0.800247 0.953790 
3187 -0.506831 1.028407 
3188 -0.155508 1.186174 
3189 -0.298952 1.195247 
3190 -0.185800 1.171875 
3191 -0.335123 1.097717 
3192 -0.298024 1.248435 
