2722 2
61 -3.429866 0.079726 
62 -2.762414 0.306326 
63 -2.990601 0.364914 
64 -3.584152 0.437143 
65 -2.662140 0.337065 
66 -1.925450 0.454839 
67 -1.853672 0.444026 
68 -1.639015 0.551017 
69 -2.093817 0.411059 
70 -1.800579 0.495773 
71 -1.460152 0.594632 
72 -1.989967 0.386783 
73 -0.807298 0.874204 
74 -0.994597 0.805630 
75 -1.117925 0.802037 
76 -1.071270 0.861131 
77 -0.396308 1.503840 
78 -2.297249 0.432613 
79 -1.350318 0.747888 
80 -1.238265 0.812406 
81 -1.025010 0.868502 
82 -0.839709 1.003229 
83 -1.020569 0.879611 
84 -0.804232 1.044873 
85 -0.923056 0.937562 
86 -1.350416 0.659593 
87 -1.356827 0.656650 
88 -1.159627 0.795030 
89 -1.574902 0.570591 
90 -1.151610 0.791498 
91 -1.202525 0.736016 
92 -0.965100 0.843289 
93 -0.917995 0.901484 
94 -1.485502 0.600045 
95 -0.969954 0.865369 
96 -1.099272 0.767317 
97 -1.583544 0.545324 
98 -1.549528 0.564470 
99 -1.263943 0.705357 
100 -1.024030 0.691970 
101 -1.234553 0.676865 
102 -0.606425 1.077026 
103 -0.703224 0.956197 
104 -0.855445 0.898832 
105 -1.173810 0.702898 
106 -1.073477 0.735877 
107 -0.791465 0.830984 
108 -1.063936 0.725607 
109 -1.154438 0.754478 
110 -0.892753 0.857015 
111 -0.678671 1.101547 
112 -1.291325 0.693265 
113 -1.232363 0.759310 
114 -0.857417 0.931044 
115 -0.895713 0.917304 
116 -1.039427 0.732618 
117 -0.962732 0.823661 
118 -0.737395 0.937260 
119 -0.686635 1.024437 
120 -1.132599 0.711886 
121 -0.525257 1.218081 
122 -0.746023 1.072095 
123 -1.106690 0.767884 
124 -1.451225 0.621895 
125 -1.001625 0.825557 
126 -0.639534 1.018836 
127 -0.772720 0.965484 
128 -1.096630 0.688735 
129 -0.724594 0.919412 
130 -0.990513 0.701670 
131 -0.786216 0.833202 
132 -0.871454 0.777082 
133 -0.909779 0.731569 
134 -0.732139 0.919806 
135 -0.768278 0.838336 
136 -0.910579 0.737098 
137 -0.750113 0.853500 
138 -0.972071 0.734223 
139 -0.720022 0.871280 
140 -1.051613 0.753347 
141 -0.844903 0.776657 
142 -1.000215 0.719549 
143 -1.067907 0.686304 
144 -0.672835 1.020181 
145 -0.641445 1.003733 
146 -0.761992 0.949182 
147 -0.825061 0.993379 
148 -0.601944 1.194285 
149 0.577800 3.298807 
150 -0.273541 1.640270 
151 -1.113672 0.850140 
152 -4.602908 0.302946 
153 -0.258011 1.719448 
178 -1.165366 0.567497 
180 -1.286578 0.720476 
181 0.691743 4.974112 
182 -0.942915 0.970139 
192 -0.425507 1.419261 
193 -1.736266 0.467123 
194 -0.959176 0.902692 
195 -0.590209 1.220302 
196 -0.753112 1.101576 
197 -0.204890 1.710024 
199 -1.441873 0.679260 
211 -0.829993 1.028677 
212 -0.893115 0.969463 
213 -0.318631 1.575352 
214 -0.532168 1.426831 
215 -0.713959 1.242084 
216 -0.849156 1.042839 
217 -0.408566 1.593745 
218 -0.242419 1.764874 
219 -1.066058 0.853494 
220 -1.301155 0.849641 
221 -0.427810 1.596835 
222 -0.695126 1.169938 
223 -1.023074 0.836924 
224 -1.407717 0.643030 
225 -0.177292 1.760650 
226 -0.386398 1.570810 
227 -1.298103 0.724370 
228 -0.994709 0.832248 
229 -1.075763 0.803094 
230 -1.103384 0.797259 
231 -1.023099 0.883239 
232 -1.227315 0.730670 
233 -1.051549 0.925389 
234 -1.085776 0.888339 
235 -1.521904 0.650474 
236 -1.218355 0.734785 
237 -0.754062 0.928930 
238 -0.942344 0.923354 
240 -0.413823 1.425732 
241 -0.986202 0.911493 
242 -1.109739 0.833400 
243 -0.708436 1.120412 
244 -1.036801 0.990272 
245 -0.912091 1.042389 
246 -0.873974 1.098605 
247 -0.751115 1.091801 
248 -0.920164 1.111011 
249 -0.688013 1.213158 
250 -0.898836 1.042335 
251 -0.873137 1.072175 
252 -0.956713 1.016600 
253 -0.842431 0.971276 
254 -2.279866 0.180190 
255 -0.292698 1.683688 
256 -0.452618 1.466578 
257 -0.815739 1.019232 
258 -1.049727 0.792001 
259 -0.955790 0.906761 
260 -0.966420 0.833908 
261 -0.431271 1.533075 
262 -0.789944 1.065303 
263 -0.742547 1.162346 
264 -0.973525 0.817664 
265 -0.950631 0.901314 
266 -0.933008 0.861915 
267 -0.758618 1.014072 
268 -1.047565 0.892012 
269 -1.350808 0.673674 
270 -2.354543 0.134350 
271 -0.973240 0.841850 
272 -1.037802 0.839023 
273 -0.449962 1.494467 
274 -0.767234 0.933605 
275 -0.219896 1.699317 
276 -0.763663 1.040166 
277 -1.059429 0.791318 
278 -1.124128 0.777439 
279 -0.939545 0.882455 
280 -0.969136 0.850782 
281 -2.983151 0.158305 
282 -0.932459 0.857949 
283 -0.786677 0.950764 
284 -0.821616 0.914630 
285 -0.294386 1.654951 
286 -0.619571 1.009544 
287 -0.775173 1.043561 
288 -1.116999 0.784160 
289 -0.905143 0.869839 
290 -0.747222 0.954992 
291 -0.884900 1.028896 
292 -0.655240 1.145972 
293 -0.944986 0.862482 
294 -0.835820 0.953820 
295 -0.180483 1.799724 
296 -1.354373 0.675615 
297 -0.705207 1.058851 
298 -0.911509 0.941383 
299 -0.939983 0.939408 
300 -2.462110 0.192013 
301 -0.857000 0.895162 
302 -0.671630 1.032522 
303 -0.188356 1.761871 
304 -0.780483 1.023021 
305 -0.683561 1.047162 
306 -0.878675 1.072210 
307 -0.706139 1.068933 
308 -0.626413 1.222406 
309 -0.719354 1.116073 
310 -0.814678 1.000579 
311 -0.658299 1.152274 
312 -0.630735 1.149084 
313 -1.289745 0.734574 
314 -0.788611 1.032011 
315 -0.812348 1.042312 
318 -0.844650 1.031791 
319 -0.871920 0.962897 
320 -0.853341 1.006629 
321 -0.649946 1.137215 
322 -1.053154 0.870421 
323 -0.731543 1.123792 
324 -0.596138 1.256575 
325 -0.828317 1.080770 
326 -0.701870 1.096063 
327 -0.787234 1.151280 
328 -0.432498 1.533148 
329 -1.031121 0.835672 
330 -0.784412 1.095122 
331 -1.214091 0.883596 
332 -0.808433 1.024576 
333 -1.013451 0.803691 
334 -1.009022 0.884311 
335 -0.868739 0.864306 
336 -0.800511 0.907266 
337 -0.802729 1.033314 
338 -0.868162 0.912634 
339 -0.736424 1.012938 
340 -0.538983 1.134238 
341 -0.573799 1.042318 
342 -0.727531 1.023147 
343 -1.053955 0.748016 
344 -0.805302 0.942881 
345 -0.726214 0.980033 
346 -1.013615 0.764101 
347 -1.003575 0.793610 
348 -1.165514 0.690304 
349 -0.937594 0.923523 
350 -0.695585 1.045862 
351 -1.011716 0.895080 
352 -0.719658 1.196098 
353 -0.823524 0.959031 
354 -0.914286 0.895118 
355 -0.761568 0.964700 
356 -0.681788 1.051347 
357 -0.754070 0.970566 
358 -0.605778 1.204402 
359 -0.655115 1.045803 
360 -0.885710 0.973792 
361 -1.097331 0.789680 
362 -0.837672 1.038225 
363 -0.513120 1.292968 
364 -0.987559 1.050499 
365 -1.082487 1.027251 
366 -0.584084 1.447892 
367 -0.562066 1.450205 
368 -0.944456 1.090945 
369 -0.639848 1.341752 
370 -0.841076 1.123097 
371 -0.584563 1.367442 
372 -0.954908 0.993356 
373 -0.972593 1.035951 
374 -0.639449 1.252619 
375 -0.745378 1.006137 
376 -0.930441 0.941689 
377 -0.967634 0.836274 
378 -1.010705 0.801421 
379 -0.860395 1.017434 
380 -0.781827 1.188552 
381 -0.566502 1.128789 
382 -0.785343 1.060946 
383 -1.002323 0.892852 
384 -0.881830 0.891032 
385 -1.078932 0.938948 
386 -0.776208 1.036495 
387 -0.849948 1.001738 
388 -0.949659 0.869525 
389 -1.237918 0.735481 
390 -1.353404 0.657634 
391 -1.183550 0.670600 
392 -1.344104 0.661245 
393 -0.739639 1.028604 
394 -0.978308 0.809020 
395 -0.874586 0.835041 
396 -1.010450 0.659458 
397 -0.868777 0.824564 
398 -0.804584 0.907718 
399 -0.893692 0.921564 
400 -0.714651 1.021916 
401 -0.903718 0.793854 
402 -0.700679 0.996205 
403 -0.988851 0.805572 
404 -0.862292 0.936424 
405 -0.916462 0.979133 
406 -0.895487 0.902648 
407 -0.987018 0.825272 
408 -0.831095 0.873109 
409 -0.848275 0.982254 
410 -0.661897 1.053677 
411 -0.861442 0.876189 
412 -0.947977 1.007816 
413 -0.684638 1.124588 
414 -1.081446 0.803180 
432 -0.661685 1.169919 
433 -1.058633 0.917196 
435 -1.180754 0.867436 
438 -0.784795 1.049668 
439 -1.216473 0.767385 
441 -0.295978 1.612149 
445 0.732633 4.735499 
472 -0.942368 0.909738 
473 -0.574076 1.286458 
479 -0.295765 1.555656 
482 -0.509667 1.281396 
483 0.211673 2.389235 
484 -0.393442 1.546081 
485 -0.697886 1.215528 
486 -0.576077 1.284932 
487 0.164681 2.313775 
488 -0.758678 1.025164 
489 -0.718074 1.132217 
490 -0.790316 1.030362 
491 -1.121118 0.775620 
492 -0.846162 1.066425 
493 -0.856422 0.965394 
494 -0.874890 0.915325 
495 -0.855942 0.996446 
496 -0.470950 1.498957 
497 -0.987731 0.965606 
498 -1.238027 0.708051 
499 -0.850049 1.004715 
500 -0.794750 0.990427 
501 -0.933410 1.111090 
502 -0.856055 0.896340 
503 -0.829996 0.965930 
504 -1.069876 0.772072 
505 -1.009243 0.812765 
506 -0.892285 0.880548 
507 -0.921982 0.966442 
508 -0.786041 0.963502 
509 -0.875912 0.858651 
510 -0.873032 0.937375 
511 -0.676656 1.051787 
512 -0.594730 1.240708 
513 -0.904419 0.854720 
514 -1.092686 0.769246 
515 -0.988274 0.747204 
516 -0.777663 0.926585 
517 -0.863194 0.812126 
518 -0.822219 0.867271 
519 -0.851143 0.855707 
520 -0.781497 0.879503 
521 -0.548384 1.089397 
522 -0.964199 0.896200 
523 -0.737437 0.885715 
524 -0.878740 0.774782 
525 -0.811039 0.845658 
526 -0.793071 0.895049 
527 -0.887912 0.871475 
528 -1.027452 0.734262 
529 -1.174063 0.682144 
530 -0.837823 0.911782 
531 -2.258138 0.188010 
532 -0.982299 0.821674 
533 -1.031978 0.843370 
534 -0.733568 0.927579 
535 -0.827907 1.014553 
536 -0.638701 1.097027 
537 -0.741469 1.012962 
538 -0.856049 0.873434 
539 -0.678575 1.068542 
540 -0.888958 0.896950 
541 -0.798042 0.941658 
542 -0.682382 1.045736 
543 -0.966467 0.894099 
544 -0.740771 1.002623 
545 -0.668058 1.041032 
546 -0.295087 1.621127 
547 -0.655182 1.043382 
548 -1.024386 0.771716 
549 -0.856207 0.962319 
550 -0.778743 1.002016 
551 -0.897496 0.919831 
552 -1.044249 0.820096 
553 -0.909658 0.888623 
554 -1.263987 0.678517 
555 -0.910102 0.904190 
556 0.223439 2.331050 
557 -0.728559 0.998841 
558 -0.667053 1.086869 
559 -0.981043 0.818689 
560 -1.022922 0.769418 
561 -0.935186 0.800640 
562 -0.965299 0.902857 
563 -0.953425 0.778719 
564 -0.733713 1.003753 
565 -0.810028 0.884700 
566 -1.163506 0.698475 
567 -0.876671 0.818671 
568 -0.769126 0.971274 
569 -0.669476 1.020490 
570 -0.731286 0.955750 
571 -0.913076 0.909221 
572 -0.773696 0.942658 
573 -0.691445 0.989675 
574 -0.798436 0.862026 
575 -0.723978 0.862392 
576 -0.764974 0.990815 
577 -0.994542 0.735997 
578 -0.881034 0.886116 
579 -0.910115 0.843246 
580 -0.694444 0.989383 
581 -1.116270 0.639838 
582 -1.070584 0.726036 
583 -0.984814 0.808874 
584 -1.173007 0.726783 
585 -0.978210 0.814308 
586 -0.876841 0.874038 
587 -1.028628 0.772203 
588 -0.971104 0.743696 
589 -0.922374 0.773714 
590 -0.795282 0.874717 
591 -0.889984 0.817935 
592 -0.723312 1.022183 
593 0.225192 2.239040 
594 -0.535879 1.183242 
595 -0.716209 0.922404 
596 -0.750537 0.907923 
597 -0.831557 0.845941 
598 -0.928974 0.762578 
599 -0.900566 0.782576 
600 -0.667535 1.024523 
601 -0.959007 0.766270 
602 -1.009437 0.782925 
603 -0.741465 0.916535 
604 -2.292289 0.177199 
605 -1.031517 0.742044 
606 -1.023369 0.664374 
607 -0.959149 0.836502 
608 -0.775872 0.998466 
609 -0.664103 0.965625 
610 -0.199282 1.737409 
611 -0.819650 0.978269 
612 -0.871300 0.847145 
613 0.220830 2.236405 
614 -0.895318 0.823705 
615 -0.834969 0.860092 
616 -0.635723 1.054310 
617 -1.156474 0.675595 
618 -0.938289 0.779470 
619 -0.838426 0.873547 
620 -0.634610 0.984866 
621 -0.657438 0.966859 
622 -0.704244 0.906257 
623 -0.600987 1.200078 
624 -0.820112 0.827489 
625 -0.931916 0.799361 
626 -0.754505 0.871005 
627 -0.829145 0.838118 
628 -1.050537 0.763485 
629 -0.917158 0.803470 
630 -0.820992 0.894102 
631 -0.804681 0.923562 
632 -0.802101 0.856434 
633 -0.812684 0.924989 
634 -0.889267 0.862721 
635 -1.108420 0.809992 
636 -1.103669 0.723577 
637 -0.875393 0.839078 
638 -0.822005 1.009658 
639 -0.926902 0.826875 
640 -1.063878 0.802822 
641 -0.868018 0.858406 
642 -0.684048 1.098026 
643 -0.993216 0.817703 
644 -0.722904 0.936624 
645 -1.017872 0.924273 
646 0.241841 2.291901 
647 -0.808514 0.962410 
648 -0.775697 0.950787 
649 -1.032699 0.824234 
650 -0.826932 1.087843 
651 -0.763041 1.107440 
652 0.424923 2.960726 
653 -0.714651 0.939168 
654 -0.346582 1.516149 
655 -1.075144 0.814205 
656 -0.975069 0.936935 
657 -0.996724 0.934447 
658 -0.815919 1.102384 
659 -0.780006 1.063009 
660 0.155584 2.359864 
661 -0.770430 1.073086 
662 -0.589123 1.437003 
663 -0.933397 1.088159 
664 -0.828078 1.017466 
665 -0.746978 1.111378 
666 -0.972099 0.968986 
667 -0.674926 1.202371 
668 -0.643140 1.191192 
678 -1.105574 0.840874 
679 -0.974044 0.946003 
680 -0.815251 1.080538 
681 -0.977622 1.156039 
682 -0.747048 1.305433 
683 -1.135726 0.826251 
684 -1.256620 0.876062 
685 -0.964841 1.184850 
686 -0.891114 1.286507 
687 -1.217826 1.005611 
688 -0.994507 1.116674 
689 -0.981110 1.173500 
690 -0.933370 1.231076 
691 -0.825387 1.315216 
692 -0.499952 1.532756 
693 -0.939267 1.079324 
694 -0.853164 1.029588 
695 -1.102203 0.902333 
696 -0.816087 1.234707 
697 -0.963351 1.003971 
698 -0.789522 1.030454 
699 -1.372207 0.757910 
700 -0.936321 0.952626 
701 -0.682752 1.064685 
702 -1.177715 0.749959 
703 -0.872217 0.913699 
704 -0.800287 1.032011 
705 -0.756406 1.116581 
706 -0.818927 1.103685 
707 -1.056602 0.846163 
708 -0.961205 0.888497 
709 -0.762294 1.037667 
710 -0.978618 1.144698 
711 -0.872075 0.959221 
712 -1.023392 0.913033 
713 -1.057411 0.820491 
714 -0.808154 1.020454 
715 -0.836589 0.964006 
716 -0.751967 0.989135 
717 -1.007307 0.894466 
718 -0.767433 1.112481 
719 -1.024057 0.900966 
720 -1.073186 0.863600 
721 -0.799737 1.114472 
722 -0.627578 1.113640 
723 -0.644950 1.043324 
724 -0.694544 1.014895 
725 -0.788391 0.956179 
726 -0.617017 1.170791 
727 -0.873910 0.905750 
728 -0.907554 0.970143 
729 -0.900310 1.017973 
730 -0.713108 1.179413 
731 -1.320542 0.710504 
732 -1.111824 0.858097 
733 -0.818338 1.116897 
734 -0.952534 0.940651 
735 -0.316912 1.748223 
736 -1.011578 0.855844 
737 -1.393692 0.860930 
738 -0.823549 1.148281 
739 -0.974100 0.913560 
740 -0.921148 1.021330 
741 -1.200874 0.811916 
742 -0.717661 1.285441 
743 -0.463138 1.502219 
744 -0.885616 0.994455 
745 -0.863541 1.167124 
746 -1.118365 0.995018 
747 -0.856555 1.136080 
748 -0.942163 1.036325 
749 -1.039424 1.007918 
750 -1.347767 0.862553 
751 -0.460415 1.556271 
752 0.250159 2.420731 
753 -0.735087 1.368905 
754 -0.812594 1.137200 
755 -0.686378 1.373789 
756 -0.322861 1.711495 
757 -0.743132 1.104123 
758 -1.102001 0.920488 
759 -1.182712 0.910332 
760 -0.754625 1.043646 
761 -1.031284 1.053973 
762 -1.004057 0.950512 
763 -0.533064 1.342833 
764 -0.941464 1.016187 
765 -0.680911 1.416537 
766 -0.861131 1.297174 
767 -0.885459 1.067437 
768 -0.790885 1.222396 
769 -0.817169 0.996622 
770 -0.847408 1.214808 
771 -0.901243 1.148318 
772 -0.624165 1.124419 
773 -0.824622 1.092673 
774 -0.808901 1.043854 
775 -0.738419 1.187187 
776 -1.030674 0.851335 
777 -1.114916 0.759562 
778 -0.936191 0.816632 
779 -0.816673 1.026226 
780 -1.048433 0.754236 
781 -0.850291 0.914036 
782 -0.619071 1.039042 
783 -0.906198 1.169936 
784 -0.995606 0.792498 
785 -0.781975 1.135644 
786 -0.688673 1.090907 
787 -0.533621 1.224809 
928 -0.035858 1.977805 
929 -0.688791 1.145526 
930 -0.475331 1.329941 
931 -0.152345 1.947114 
932 -0.740769 1.058270 
933 -0.888103 1.013236 
934 -0.830490 1.048244 
935 -1.003119 0.905131 
936 -0.648646 1.094080 
937 -0.590489 1.233255 
938 -0.724382 1.024592 
939 -0.932088 0.919691 
940 -0.988187 0.836496 
941 -0.890279 0.881523 
942 -0.727152 1.009651 
943 -0.916396 1.083423 
944 -0.595883 1.160997 
945 -0.738448 0.948406 
946 -0.871544 0.877521 
947 -0.823927 0.956033 
948 -0.870876 0.869750 
949 -0.785159 1.067805 
950 -0.759313 1.226157 
951 -0.649398 1.069623 
952 -0.690697 1.010916 
953 -0.329347 1.681500 
954 -0.674654 1.099479 
955 -0.833458 1.005845 
956 -0.703018 0.953379 
957 -0.635042 1.160732 
958 -0.816627 0.929378 
959 -0.508606 1.411065 
960 -0.552627 1.297337 
961 -0.606962 1.052104 
962 -0.785732 1.024802 
963 -0.691667 1.026967 
964 -0.839561 1.125684 
965 -0.538936 1.343063 
966 -0.599568 1.061829 
967 -1.292260 0.776917 
968 -1.063483 0.761763 
969 -0.856483 0.933966 
970 -1.032790 0.837884 
971 -0.919940 0.936748 
972 -0.766997 0.977909 
973 -0.997673 0.813318 
974 -0.901961 0.847246 
975 -0.719651 1.041602 
976 -0.841633 1.017057 
977 -0.752613 1.058881 
978 -0.852778 1.111930 
979 -0.994275 0.959917 
980 -1.084709 0.890063 
981 -1.011697 0.874201 
982 -0.765145 1.084214 
983 -0.567862 1.284450 
984 -0.761341 1.083363 
985 -1.001662 0.825025 
986 -0.812544 1.052724 
987 0.187806 2.357737 
988 -0.274716 1.711641 
989 -0.661634 1.200044 
990 -0.942375 0.844645 
991 -0.915582 0.973406 
992 -0.874507 0.954963 
993 -1.093235 0.857965 
994 -0.673656 1.433463 
995 -0.794640 1.000483 
996 -0.817715 1.060771 
997 -0.658978 1.297157 
998 -0.703116 1.216076 
999 -0.642713 1.173926 
1000 -0.627856 1.303088 
1001 -0.631582 1.117653 
1002 -0.677660 1.084157 
1003 -1.069114 0.953852 
1004 -0.782066 1.021199 
1005 -0.701055 1.101499 
1006 -0.784860 0.996948 
1007 -0.937587 0.887930 
1008 -0.434116 1.515161 
1009 -0.707779 1.177707 
1010 -0.792374 1.251156 
1011 -0.592540 1.314450 
1012 -0.592885 1.183521 
1013 -0.772492 1.097016 
1014 -0.771963 1.104616 
1015 -0.762679 1.028101 
1016 -0.539374 1.311342 
1017 -0.665146 1.185452 
1018 -0.627483 1.139990 
1019 -0.617722 1.214326 
1020 -0.627185 1.086656 
1021 -0.882255 1.166644 
1022 -0.847852 1.016604 
1023 -0.748572 1.041717 
1024 -0.705646 1.053577 
1025 -1.231268 0.741818 
1026 -1.096997 0.752155 
1027 -0.792744 0.937999 
1028 -0.536617 1.296572 
1029 -0.928710 0.865793 
1030 -1.007194 0.800840 
1031 -0.771708 1.019944 
1032 -0.851466 0.875007 
1033 -0.738822 1.053207 
1034 -0.638371 1.188641 
1035 -0.753234 0.974197 
1036 -0.682814 0.962906 
1037 -0.736781 1.024179 
1038 -0.684991 0.976384 
1039 -0.825836 0.864902 
1040 -0.622954 1.037919 
1041 -0.721459 0.958554 
1042 -0.730097 0.951041 
1043 -0.715376 1.002993 
1044 -0.738445 0.904283 
1045 -0.703265 0.960388 
1046 -0.717013 1.001948 
1047 -0.863783 0.858642 
1048 -0.873951 0.904389 
1049 -0.787936 0.922103 
1050 -0.571212 1.083794 
1051 -0.609548 1.022461 
1052 -0.644383 1.008139 
1053 -0.854231 0.851397 
1054 -0.789416 0.843864 
1055 -0.853205 0.789640 
1056 -0.732409 0.883029 
1057 -0.622294 0.992551 
1058 -0.737740 0.880468 
1059 -0.672744 0.950256 
1060 -0.729052 0.949677 
1061 -0.817423 0.906447 
1062 -0.741492 0.929707 
1063 -0.662117 0.942080 
1064 -0.903389 0.884463 
1065 -0.794052 0.857369 
1066 -0.971677 0.759709 
1067 -0.551853 1.263986 
1068 -0.841000 0.888128 
1069 -0.666192 1.063721 
1070 -0.841250 0.917969 
1071 -0.729812 0.898820 
1072 -0.755520 0.954754 
1073 -0.925609 0.911417 
1074 -1.182054 0.755756 
1075 -0.782902 0.818959 
1076 -0.772928 0.901039 
1077 -0.927502 0.790317 
1078 -0.827199 0.903403 
1079 -0.979357 0.722546 
1080 -0.935999 0.748798 
1081 -1.235705 0.681740 
1082 -0.910610 0.817807 
1083 -0.769621 0.874363 
1084 -1.104012 0.708277 
1085 -0.996381 0.729521 
1086 -1.040825 0.702501 
1087 -0.861137 0.781336 
1088 -0.928079 0.786252 
1089 -0.948545 0.740122 
1090 -1.169954 0.668114 
1091 -0.953886 0.928090 
1092 -0.812202 0.891595 
1093 -1.252676 0.675594 
1094 -0.854587 0.870516 
1095 -1.013810 0.853648 
1096 -1.530977 0.518682 
1097 -7.690852 0.966405 
1098 -2.486949 0.253732 
1100 -3.224127 0.289282 
1101 -3.402330 0.295929 
1102 -2.723146 0.203121 
1104 -2.756838 0.203225 
1105 -3.295120 0.287951 
1106 -2.699830 0.266972 
1107 -2.839577 0.290122 
1108 -1.216450 0.707171 
1109 -1.193340 0.721055 
1110 -1.180074 0.674962 
1111 -0.879039 0.927529 
1112 -2.718170 0.217467 
1113 -1.096411 0.696962 
1114 -0.983013 0.813042 
1115 -2.555365 0.241096 
1116 -3.268152 0.279995 
1117 -1.247097 0.741833 
1118 -2.611605 0.216306 
1119 -1.170600 0.702922 
1120 -0.606245 1.177566 
1121 -0.978432 0.793366 
1122 -0.772574 1.036662 
1123 -1.035022 0.797789 
1124 -1.096955 0.684919 
1125 -0.844069 0.881211 
1126 -1.003431 0.888291 
1127 -0.944161 0.873974 
1128 -1.072669 0.808628 
1129 -0.820923 0.960059 
1130 -0.931555 0.899534 
1131 -1.018463 0.837470 
1132 -0.848553 0.986930 
1133 -1.150382 0.846050 
1134 -0.761061 0.989880 
1135 -0.881458 0.910003 
1136 -0.812571 0.945804 
1137 -2.688516 0.216582 
1138 -1.018743 0.733847 
1139 -0.756372 0.924233 
1140 -1.106070 0.836348 
1141 -1.308584 0.628358 
1142 -3.188400 0.288493 
1143 -1.035006 0.722535 
1144 -1.206752 0.707782 
1145 -0.696629 1.069488 
1146 -0.481640 1.531570 
1147 -0.767926 1.000075 
1148 0.254362 2.388286 
1149 -0.976577 0.857572 
1150 -0.810761 1.014202 
1151 -0.644498 1.212737 
1152 -0.799426 1.022845 
1153 -0.927392 0.857109 
1154 -1.084979 1.029574 
1155 -0.919737 1.027717 
1156 -0.911805 0.867379 
1157 -0.848738 0.883776 
1158 -1.105774 0.724939 
1159 -2.698826 0.271023 
1160 -0.844955 0.937862 
1161 -0.796680 1.050162 
1162 -0.549083 1.078376 
1163 -0.964225 0.906873 
1164 -0.201561 1.788678 
1165 -0.504470 1.313844 
1166 -0.886228 1.015253 
1167 -0.815646 0.953206 
1168 -0.518572 1.326093 
1169 -0.629736 1.114623 
1170 -0.562886 1.263379 
1171 -0.702316 1.049211 
1172 -0.968953 0.803044 
1173 -1.104382 0.833142 
1174 -0.870234 1.021626 
1175 -0.811686 1.008599 
1176 -0.837286 0.842822 
1177 -1.063824 1.009899 
1178 -0.990488 0.782847 
1179 -0.701372 0.960137 
1180 -0.887638 0.890584 
1181 -0.970075 0.876534 
1182 -0.890304 0.889844 
1183 -1.198834 0.747081 
1184 -0.902523 0.976843 
1185 -0.844536 0.945267 
1186 -0.924086 0.845444 
1187 -0.777685 0.954819 
1188 -0.840248 1.003299 
1189 -1.178326 0.842902 
1190 -0.970161 0.833396 
1191 -0.895758 0.968973 
1192 -0.926115 0.732854 
1193 -0.711129 1.057677 
1194 -0.737778 1.056924 
1195 -0.854639 0.878266 
1196 -0.796897 1.007099 
1197 -0.985512 0.804756 
1198 -0.996257 0.757424 
1199 -2.657884 0.241098 
1200 -2.678354 0.206340 
1201 -1.067643 0.752060 
1202 -0.635837 1.121984 
1203 -0.744808 1.061261 
1204 -1.075092 0.826468 
1205 -0.698985 1.009351 
1206 -0.262892 1.825086 
1207 -0.667357 1.127952 
1208 -0.536764 1.159181 
1209 -0.993936 0.874927 
1210 -0.916777 0.912891 
1211 -0.551124 1.163451 
1212 -0.835788 0.924017 
1213 -0.686514 1.064597 
1214 -0.744506 0.987031 
1215 -0.700306 1.054823 
1216 -0.977496 0.945557 
1217 -0.851739 1.009055 
1218 -0.650933 1.025822 
1219 -0.847587 0.934702 
1220 -0.705163 1.012769 
1221 -1.262644 0.755276 
1222 -0.811812 0.936425 
1223 -0.647982 1.145604 
1224 -0.605198 1.290769 
1225 -0.277410 1.613136 
1226 -2.641257 0.212989 
1227 -0.835425 0.865956 
1228 -1.197068 0.731087 
1229 -0.790456 1.014942 
1230 -0.766222 1.004102 
1231 -0.815864 1.273449 
1232 -0.997300 1.007738 
1233 -0.548707 1.282132 
1234 -0.933178 0.948820 
1235 -0.884622 0.975152 
1236 -0.927676 0.931365 
1237 -0.967184 1.005379 
1238 -0.998976 0.850292 
1239 -0.850463 1.115042 
1240 -0.807328 0.967403 
1241 -0.824560 0.985796 
1242 -0.652125 1.176154 
1243 -0.868150 0.912811 
1244 -0.958550 0.803498 
1245 -0.720444 1.034563 
1246 -0.841794 0.906700 
1247 -2.592352 0.206265 
1248 -0.903755 1.077549 
1249 -0.748065 1.027931 
1250 -0.898675 0.855540 
1251 -0.804272 0.975950 
1252 -0.605104 1.124952 
1253 -1.037433 0.755957 
1254 -0.956414 0.818089 
1255 -1.081669 0.865583 
1256 -0.873803 0.932745 
1257 -1.002996 0.705066 
1258 -0.881570 1.009563 
1259 -0.845180 1.010882 
1260 -0.658632 1.077093 
1261 -0.607424 1.381172 
1262 -0.945619 0.858511 
1263 -0.852881 0.939708 
1264 -1.218349 0.822347 
1265 -0.989252 0.765273 
1266 -0.913969 0.878315 
1267 -0.827729 0.933006 
1268 -1.086751 0.743604 
1269 -1.043034 0.709137 
1270 -2.556807 0.207925 
1271 -0.869160 0.937331 
1272 -1.085748 0.807910 
1273 -2.629239 0.196709 
1274 -0.968891 0.840800 
1275 -0.858123 0.948104 
1276 -0.791555 0.943557 
1277 -0.594340 1.108497 
1278 -0.783235 0.916494 
1279 -0.959897 0.754683 
1280 -0.950891 0.932021 
1281 -0.742495 1.167401 
1282 -0.838902 1.060068 
1283 -0.812289 0.908080 
1284 -0.456617 1.207678 
1285 -1.126866 0.729722 
1286 -0.617302 1.081865 
1287 -0.856030 0.919541 
1288 -0.703372 1.098715 
1289 -0.807867 0.932394 
1290 -0.713006 1.243046 
1291 -0.708589 0.949931 
1292 -0.628843 1.042714 
1293 -0.763371 1.066213 
1294 -0.818978 1.021477 
1295 -0.756299 1.022026 
1296 -0.658860 1.087620 
1297 -0.982726 0.785812 
1298 -1.130507 0.791697 
1299 -0.538423 1.391074 
1300 -0.697151 1.033817 
1301 -0.980144 0.822356 
1302 -0.768214 1.044612 
1303 -0.697867 1.097522 
1304 -0.599235 1.391116 
1305 -0.798282 0.963147 
1306 -0.457963 1.486940 
1307 -0.921805 0.819541 
1308 -0.725241 0.900952 
1309 -0.647508 1.056872 
1310 -0.677270 1.172547 
1311 -0.842387 0.986491 
1312 -0.871627 0.916099 
1313 -0.733941 1.081768 
1314 -0.552562 1.102594 
1315 -0.472678 1.231438 
1316 -0.586181 1.204565 
1317 -0.883225 1.218850 
1318 -0.703126 0.960593 
1319 -0.553478 1.115657 
1320 -1.030885 0.823934 
1321 -0.883614 1.018132 
1322 -0.675323 0.969430 
1323 -0.784576 1.014972 
1324 -0.946366 0.832121 
1325 -0.351538 1.480651 
1326 -0.667099 1.188946 
1327 -0.738230 0.977182 
1328 -0.692596 1.023553 
1329 -0.614889 1.088165 
1330 -0.948509 0.823504 
1331 -0.756871 0.918225 
1332 -0.640861 1.066463 
1333 -0.836602 1.019571 
1338 -1.146595 0.654302 
1339 -0.713305 1.124977 
1342 -0.678346 1.068501 
1343 -0.856354 0.837771 
1344 -0.782129 0.949786 
1345 -0.922097 0.839557 
1346 -0.776809 0.940915 
1347 -0.547355 1.127282 
1348 -0.144724 1.492067 
1350 0.719350 6.101610 
1351 0.028880 1.892286 
1352 0.447100 3.480293 
1353 -0.401066 1.284714 
1355 0.681664 5.202171 
1356 0.279443 2.570531 
1357 0.401956 2.990945 
1358 -0.097573 1.624843 
1359 0.440926 4.349160 
1360 0.371340 3.062708 
1361 -0.335023 1.466108 
1362 0.227102 2.323032 
1363 -0.425664 1.291874 
1364 -0.610395 1.041346 
1365 -0.297018 1.521187 
1366 -0.611265 1.216954 
1367 0.242170 2.359802 
1368 -0.703050 0.909829 
1369 -0.654566 1.037184 
1370 -0.541606 1.173233 
1371 -0.672787 1.114994 
1372 -0.660237 1.110787 
1373 -0.533253 1.283550 
1374 0.282317 2.415986 
1375 0.382186 2.574572 
1376 -0.839830 1.167358 
1377 -0.426730 1.598227 
1378 0.271094 2.431912 
1379 -0.750257 0.962190 
1380 -0.883044 0.970522 
1381 -0.443572 1.189360 
1382 -0.096579 1.986553 
1383 -0.635818 1.167667 
1384 0.298977 2.923397 
1385 -0.576635 1.232095 
1386 -0.531731 1.179179 
1387 0.251459 2.509884 
1388 0.428000 3.117330 
1389 -0.335894 1.422882 
1390 0.334723 3.152919 
1391 0.370131 3.254767 
1392 0.316529 2.603405 
1393 -0.877311 1.032537 
1394 -0.577701 1.311826 
1395 -0.827349 1.023288 
1396 -0.816424 0.983932 
1397 -0.960048 0.867800 
1398 -0.230435 1.578871 
1399 -0.572631 1.173142 
1400 0.214938 2.173195 
1401 -0.771944 0.998694 
1402 -0.477085 1.287173 
1403 -0.765784 1.131826 
1404 0.277383 2.451133 
1405 -0.585353 1.142559 
1406 -0.731286 1.137406 
1407 -0.893372 1.001569 
1408 -0.719047 1.047105 
1409 -0.723547 1.052420 
1410 -0.713101 0.992458 
1411 -0.813464 0.944106 
1412 -0.761206 1.100143 
1413 -0.864443 0.962341 
1414 -0.759295 0.913075 
1415 -0.841333 0.928288 
1416 -0.747232 1.036480 
1417 -0.944557 0.799836 
1418 -0.930621 1.105194 
1419 -0.680263 1.041586 
1420 -0.636387 1.283540 
1421 0.194905 2.233877 
1422 -0.722928 0.969649 
1423 -0.909985 0.794162 
1424 -0.992011 0.836707 
1425 -0.589296 1.078516 
1426 -0.610461 1.115518 
1427 -0.680268 1.029765 
1428 -0.693622 1.057400 
1429 -1.025019 0.813009 
1430 -0.801936 0.918679 
1431 -0.869019 0.890917 
1432 -0.858519 0.876016 
1433 -0.787981 0.975262 
1434 -0.625024 1.093682 
1435 -0.651909 1.249532 
1436 -0.931004 0.856878 
1437 -0.623982 1.307608 
1438 0.219566 2.170932 
1439 -0.700958 1.023291 
1440 -0.737108 1.060192 
1441 -0.873355 0.902848 
1442 -0.883830 0.928138 
1443 -0.754005 1.111889 
1444 0.148765 2.172382 
1445 -0.846965 1.011344 
1446 -0.805268 1.047735 
1447 -0.132008 1.787615 
1448 0.183507 2.240940 
1449 -0.788792 1.069290 
1450 0.206462 2.304305 
1451 -0.794684 0.945888 
1452 -0.808197 1.187335 
1453 -0.582933 1.169283 
1454 -0.731692 1.089007 
1455 -0.635762 1.096473 
1456 0.264326 2.409586 
1457 -0.842563 0.964871 
1458 0.276336 2.361232 
1459 -0.775639 0.998433 
1460 -0.813432 0.945894 
1461 -0.570237 1.184493 
1462 -0.437888 1.397546 
1463 -0.447638 1.431526 
1464 -0.583538 1.104655 
1465 -0.838600 0.864188 
1466 -0.726945 0.907090 
1467 -0.677718 1.023869 
1468 -0.895036 0.824841 
1469 -0.909516 0.849230 
1470 -0.839439 0.894398 
1471 -0.880305 0.838233 
1472 -0.875048 0.855604 
1473 -0.599682 1.079214 
1474 -0.679751 1.010076 
1475 -0.805357 0.914868 
1476 0.222954 2.242009 
1477 -0.796607 0.892354 
1478 -0.692030 1.046909 
1479 -0.845050 0.848267 
1480 -0.585940 1.170877 
1481 -0.622288 1.046776 
1482 -0.732520 1.097657 
1483 -0.921636 0.868792 
1484 -0.878051 0.872529 
1485 -0.813922 0.933187 
1486 -0.660636 1.017843 
1487 -0.572112 1.109871 
1488 -0.840591 0.851749 
1489 -0.650962 1.048945 
1490 -0.571444 1.148434 
1491 -1.086412 0.767483 
1492 -0.789453 0.978399 
1493 -0.860823 0.894534 
1494 -0.387506 1.471118 
1495 -0.606620 1.085211 
1496 -0.691703 0.984185 
1497 0.255181 2.379752 
1498 -0.869076 1.065114 
1499 -0.680447 1.021592 
1500 -0.908975 0.934312 
1501 -0.709869 0.986329 
1502 -0.732924 0.972804 
1503 -0.717163 1.024139 
1504 -0.703724 1.129500 
1505 -0.973802 0.809758 
1506 -0.853397 0.899013 
1507 -0.944821 0.852616 
1508 -0.852323 0.890347 
1509 -0.925064 0.800046 
1510 -0.977824 0.818031 
1511 -0.805951 1.041001 
1512 -0.891184 0.959108 
1513 -0.756733 0.982559 
1514 -0.463849 1.252025 
1515 -0.386984 1.640313 
1516 -0.931539 1.043643 
1517 -0.802535 1.119847 
1518 -0.853861 1.112561 
1519 -0.701325 1.114462 
1520 -1.024188 0.878581 
1521 -0.997305 1.003238 
1522 0.228955 2.315919 
1523 -0.724348 1.025488 
1524 -0.951846 0.863836 
1525 -1.028808 0.820794 
1526 -2.335516 0.125482 
1349 0.381408 3.044357 
1354 0.591301 4.976324 
1527 -0.912772 0.815111 
1528 -0.398767 1.482811 
1529 -0.712256 1.002759 
1530 -0.180656 1.843483 
1531 -0.743264 0.988680 
1532 -0.485289 1.177308 
1533 -0.651622 1.103774 
1534 -0.874131 1.114928 
1535 -0.860233 0.990934 
1536 -0.941936 0.779050 
1537 0.260955 2.377469 
1538 -0.473511 1.306768 
1539 -0.660251 1.026259 
1540 -0.608466 1.070326 
1541 -0.885820 0.983308 
1542 -0.743868 1.163276 
1543 -0.509196 1.165918 
1544 -0.829578 0.921355 
1545 -1.033526 0.851497 
1546 -0.822324 0.896018 
1547 -0.725213 1.006058 
1548 -0.718462 1.052200 
1549 -0.622371 1.179504 
1550 -1.035648 0.870610 
1551 -0.732980 0.989001 
1552 -0.727189 1.139291 
1553 -0.772676 1.047831 
1554 -0.724619 1.019134 
1555 -0.745260 1.118425 
1556 -0.477482 1.265030 
1557 -0.971542 0.827813 
1558 -0.744955 1.034283 
1559 -0.696048 1.118402 
1560 -0.736298 1.027299 
1561 -1.159617 0.900651 
1562 -0.672670 1.088242 
1563 -0.932295 0.873762 
1564 -0.580308 1.257049 
1565 -0.690016 1.011844 
1566 -0.973020 0.949951 
1567 -1.007925 0.817397 
1568 -0.746656 1.003749 
1569 -0.870858 0.954989 
1570 -0.814790 0.962783 
1571 -0.600502 1.178392 
1572 -0.739949 1.098271 
1573 -2.586989 0.177465 
1574 -0.990193 0.820514 
1575 -0.806888 1.198960 
1576 -0.683295 1.037293 
1577 -0.879385 0.858285 
1578 -0.636986 1.167995 
1579 -0.645322 1.087315 
1580 0.362197 2.511592 
1581 -0.481545 1.280431 
1582 -0.780925 0.879865 
1583 -0.725931 1.064783 
1584 0.224667 2.334665 
1585 -0.788065 0.993450 
1586 -0.803288 1.012233 
1587 -0.714310 1.118511 
1588 -0.883658 0.897580 
1589 -0.705075 1.026401 
1590 -0.867472 0.941763 
1591 -0.589842 1.111654 
1592 -0.607219 1.110631 
1593 -0.736896 0.973598 
1594 -0.941774 0.826064 
1595 -0.825502 0.944875 
1596 -0.970694 0.795310 
1597 -0.573140 1.100853 
1598 -0.639722 1.090143 
1599 -0.973080 0.775905 
1600 -0.736953 0.958312 
1601 -0.886616 0.794912 
1602 -0.945824 0.863292 
1603 -0.844147 0.893148 
1604 -0.876948 0.973441 
1605 -1.058394 0.789822 
1606 -1.094535 0.740310 
1607 -0.923420 0.844805 
1608 -0.778905 0.879425 
1609 -0.920131 0.850250 
1610 -0.853289 0.953531 
1611 -0.918513 0.818418 
1612 -0.830834 0.894010 
1613 -0.661277 1.115984 
1614 -0.744267 0.979375 
1615 -0.722352 1.021179 
1616 -0.684205 1.007975 
1617 -1.008482 0.744077 
1618 -0.688623 1.024559 
1619 -0.911484 0.852494 
1620 -0.824229 0.855181 
1621 -0.726361 0.951774 
1622 0.259040 2.144357 
1623 -0.909334 0.828771 
1624 -0.862992 1.056526 
1625 -1.055218 0.813300 
1626 -0.943675 0.807927 
1627 -2.527569 0.195856 
1628 -0.877583 0.855604 
1629 -1.188841 0.787308 
1630 -0.755813 0.941676 
1631 0.166814 2.131718 
1632 -0.844967 0.903011 
1633 -0.583496 1.113863 
1634 -0.700465 0.974972 
1635 -0.739474 1.008752 
1636 -0.643314 0.968009 
1637 -0.885069 0.855862 
1638 -0.803413 0.894312 
1639 -0.756942 1.175026 
1640 -0.821464 0.910805 
1641 -0.900214 0.819794 
1642 -0.872982 0.852163 
1643 -1.129705 0.784421 
1644 -0.858281 0.867893 
1645 -0.667029 1.111708 
1646 -0.686759 1.032488 
1647 -0.884534 0.974287 
1648 -0.713524 0.965295 
1649 -0.744760 0.955040 
1650 -0.773206 1.026864 
1651 -0.864277 0.865334 
1652 -1.011880 0.757670 
1653 -0.929923 0.809451 
1654 -0.938798 0.830686 
1655 -0.777895 0.938515 
1656 -1.323098 0.657953 
1657 -0.775867 0.924975 
1658 -1.317250 0.630725 
1659 -0.745371 1.055799 
1660 -0.968572 0.903125 
1661 -0.883202 0.910080 
1662 -0.999482 0.768815 
1663 0.210307 2.159865 
1664 -0.627073 1.017545 
1665 -0.183230 1.725523 
1666 -0.772566 0.882850 
1667 -0.732923 0.925306 
1668 -0.898341 0.837801 
1669 -0.683814 1.252620 
1670 -0.712350 0.919256 
1671 -0.890807 0.930381 
1672 -1.021657 0.775291 
1673 -0.995829 0.890743 
1674 -0.816378 0.861308 
1675 -0.861849 0.887349 
1676 -2.393641 0.167022 
1677 -0.924146 0.810251 
1678 -0.937131 0.895451 
1679 -0.989175 0.754312 
1680 -0.910683 0.884224 
1681 -0.596139 1.214774 
1682 -0.767919 1.006296 
1683 -0.436781 1.344011 
1684 -0.789475 0.883223 
1685 -0.896555 0.875429 
1686 -0.772293 0.944301 
1687 -0.823602 0.806346 
1688 -0.895749 0.882286 
1689 -0.829731 0.898054 
1690 -0.788116 0.908644 
1691 -0.703647 0.995435 
1692 -0.593998 1.053992 
1693 -0.451847 1.362512 
1694 -0.632608 1.058560 
1695 -0.928232 0.899873 
1696 -0.782986 0.921858 
1697 -0.954712 0.804081 
1698 -0.656904 1.022957 
1699 -0.825844 0.925504 
1700 -0.712472 1.237571 
1701 -0.807596 1.047410 
1702 -0.685116 1.035260 
1703 -0.965283 0.798400 
1704 -0.963380 0.798648 
1705 -0.912817 0.899487 
1706 -0.947114 0.788492 
1707 -0.634775 1.054064 
1708 -0.569707 1.109501 
1709 -0.872181 0.879365 
1710 -0.599004 1.402687 
1711 -0.730379 1.104787 
1712 -0.859317 0.899228 
1713 -0.805893 0.905690 
1714 -0.865216 1.026357 
1715 -0.806824 0.930527 
1716 -1.041482 0.831770 
1717 -0.867219 0.834252 
1718 -1.048805 0.730999 
1719 -0.940812 0.790374 
1720 -0.521366 1.214776 
1721 -0.565782 1.123802 
1722 -0.461404 1.397778 
1723 -0.778697 0.925074 
1724 -0.669847 1.003107 
1725 -0.671067 1.033809 
1726 -0.780822 0.957199 
1727 -1.091379 0.784635 
1728 -0.787325 0.920035 
1729 -0.757625 0.942539 
1730 -0.608961 1.036577 
1731 -0.881861 0.792969 
1732 -0.773302 0.877281 
1733 -0.823379 0.830148 
1734 -0.730834 0.876650 
1735 -0.690625 0.924987 
1736 -0.652569 0.939782 
1737 -0.727881 1.006332 
1738 -0.426977 1.246199 
1739 -0.807583 0.904992 
1740 -0.678606 1.048296 
1741 -0.603233 0.997423 
1742 -0.768354 0.972970 
1743 -0.926238 0.831327 
1744 -0.768757 1.143096 
1745 -0.851149 0.825279 
1746 -0.936822 0.806792 
1747 -1.138778 0.707907 
1748 -0.681447 1.018314 
1749 -0.793660 0.908676 
1750 -0.715155 0.941955 
1751 -0.683386 0.988811 
1752 -0.756892 0.926921 
1753 -0.588681 1.193185 
1754 -0.560086 1.056975 
1755 -0.772699 0.910769 
1756 -0.875382 0.802837 
1757 -0.717595 0.953048 
1758 -0.657657 0.986595 
1759 -0.535203 1.073437 
1760 -0.735385 0.928392 
1761 -0.881719 0.895656 
1762 -0.473119 1.360201 
1763 -0.926053 0.873515 
1764 -0.851325 0.932058 
1765 -1.045355 0.728133 
1766 -1.282645 0.624462 
1767 -0.857198 0.841760 
1768 -0.779593 0.801363 
1769 -0.890197 0.812074 
1770 -1.008836 0.724872 
1771 -0.865908 0.933001 
1772 -0.615047 1.065724 
1773 -0.623419 0.958618 
1774 -0.697107 0.923665 
1775 -0.728317 0.946490 
1776 -1.051237 0.760914 
1777 -0.817968 0.859865 
1778 -0.669580 0.947292 
1779 -0.717809 0.934502 
1780 -0.665751 1.014140 
1781 -0.668354 1.038898 
1782 -0.747125 0.843952 
1783 -0.738002 0.992006 
1784 -0.925723 0.801425 
1785 -0.956453 0.800456 
1786 -0.732752 1.082443 
1787 -0.718699 1.011348 
1788 -0.661590 1.043482 
1789 -0.632471 1.132502 
1790 -0.897828 0.926159 
1791 -0.905453 0.826058 
1792 -0.810536 0.902887 
1793 -0.742859 0.954821 
1794 -0.663437 1.000351 
1795 -0.756453 0.936381 
1796 -0.777066 0.867198 
1797 -0.744491 0.845507 
1798 -0.923742 0.801894 
1799 -0.714252 1.004665 
1800 -0.972496 0.937927 
1801 -0.753707 1.010466 
1802 -0.767501 0.940080 
1803 -0.947565 0.834704 
1804 -0.892719 0.785953 
1805 -0.737794 0.960850 
1806 -0.883381 0.828650 
1807 -1.028257 0.670227 
1808 -2.612892 0.197673 
1809 -1.011521 0.757793 
1810 -0.738553 0.978478 
1811 -0.759383 0.886439 
1812 -0.814989 0.920343 
1813 -0.931359 0.868200 
1814 -1.071840 0.672724 
1815 -0.762608 0.959859 
1816 -0.776071 0.972359 
1817 -0.823317 0.903132 
1818 -0.811645 0.841590 
1819 -0.870255 0.876099 
1820 -0.922529 0.799048 
1821 -1.042104 0.728888 
1822 -0.892500 0.827755 
1823 -0.700688 1.072311 
1824 -1.073225 0.708717 
1825 -0.823947 0.842858 
1826 -1.074508 0.717612 
1827 -0.987331 0.777307 
1828 -1.046000 0.776764 
1829 -0.804159 0.956657 
1830 -0.821935 0.912418 
1831 -0.771667 0.908847 
1832 -0.799913 0.871707 
1833 -0.803473 0.968988 
1834 -0.794022 0.923168 
1835 -0.969425 0.805216 
1836 -0.735757 0.966071 
1837 -0.743541 1.003660 
1838 -0.822240 0.920881 
1839 -0.796903 0.975328 
1840 -0.944504 0.874504 
1841 -0.628962 1.018227 
1842 -0.768059 0.987832 
1843 -1.110106 0.673090 
1844 -0.711178 0.915868 
1845 -0.870682 0.814472 
1846 -0.904295 0.963765 
1847 -0.434473 1.199244 
1848 0.236775 2.235106 
1849 -0.967413 0.785988 
1850 -0.537020 1.066176 
1851 -0.987550 0.825617 
1852 -0.824573 0.861181 
1853 -0.478775 1.215627 
1854 -0.769797 1.244344 
1855 -0.798519 0.905543 
1856 -0.992744 0.763420 
1857 -0.923643 1.005076 
1858 -0.940784 0.868001 
1859 -0.824346 0.890046 
1860 -0.662732 1.117851 
1861 -0.742622 1.113818 
1862 -0.769625 0.985033 
1863 -0.684242 0.963066 
1864 -0.666766 1.034581 
1865 -0.894523 0.988200 
1866 -0.641376 1.055131 
1867 -0.622585 1.015995 
1868 -0.554201 1.076972 
1869 -0.519253 1.174433 
1870 -0.817453 0.893076 
1871 -0.560522 1.072974 
1872 -0.840530 0.844186 
1873 -0.927924 0.855634 
1874 -0.680736 0.995998 
1875 -0.566202 1.128695 
1876 -0.626127 1.306700 
1877 -0.639469 1.081872 
1878 -0.790422 0.931279 
1879 -0.817126 0.938201 
1880 -0.956353 0.761105 
1881 -1.040621 0.824262 
1882 -1.369486 0.581859 
1883 -0.753770 0.893923 
1884 -0.748075 0.929014 
1885 -0.163899 1.593758 
1886 -0.057914 1.911369 
1887 -0.487002 1.415672 
1888 0.234920 2.416173 
1889 -0.322702 1.324135 
1890 -0.631977 1.039474 
1891 -0.642484 0.979903 
1892 -0.910632 0.783831 
1893 -0.776435 0.926502 
1894 -0.585957 1.076565 
1895 -0.680875 1.009028 
1896 -0.615151 1.085716 
1897 -1.016853 0.754706 
1898 -0.768851 0.975017 
1899 -0.744030 0.972413 
1900 -0.733322 0.877233 
1901 -0.901219 0.791169 
1902 -0.882235 0.928431 
1903 -0.823770 0.877104 
1904 -0.750437 0.996009 
1905 -0.767928 0.892807 
1906 -0.914029 0.816419 
1907 -0.640601 1.020294 
1908 -0.682557 1.017557 
1909 -0.714269 0.987968 
1910 -0.860676 0.863201 
1911 -0.535951 1.179410 
1912 -0.846051 0.917766 
1913 -0.773172 0.965211 
1914 -0.842014 0.967499 
1915 -0.834010 0.814790 
1916 -0.760162 0.899678 
1917 -0.694547 0.915278 
1918 -0.582416 1.028653 
1919 -0.617427 1.005053 
1920 -0.725373 0.886936 
1921 -0.848859 0.922502 
1922 -0.786426 0.889775 
1923 -0.915256 0.824167 
1924 -0.748328 0.980259 
1925 -0.517178 1.147452 
1926 -0.689224 0.941676 
1927 -0.854056 0.963705 
1928 -0.880662 0.871920 
1929 -0.549264 1.152390 
1930 -0.901247 0.911851 
1931 -0.771348 0.901520 
1932 -0.881136 0.792387 
1933 -0.793711 0.863084 
1934 -0.810668 0.852008 
1935 -1.003352 0.733051 
1936 -0.788806 0.847742 
1937 -0.922568 0.783729 
1938 -0.725115 0.941238 
1939 -0.752494 0.911834 
1940 -0.884401 0.794657 
1941 -0.626481 0.991285 
1942 -0.861862 0.821828 
1943 -0.646831 0.981167 
1944 -0.790299 0.881829 
1945 -0.901001 0.936048 
1946 -0.690545 0.921279 
1947 -0.691660 0.866543 
1948 -0.664150 0.953134 
1949 -0.688718 0.922391 
1950 -0.797275 0.878434 
1951 -0.841626 0.853033 
1952 -1.006595 0.716888 
1953 -0.822687 0.811736 
1954 -0.888312 0.796378 
1955 -0.687301 0.941236 
1956 -0.895343 0.780464 
1957 -0.802918 0.906884 
1958 -1.007950 0.714031 
1959 -0.975731 0.741401 
1960 -0.783848 0.886324 
1961 -0.608763 1.010125 
1962 -0.561445 1.191619 
1963 0.238277 2.247238 
1964 -0.788962 0.901767 
1965 -0.731943 0.883742 
1966 -1.042115 0.749328 
1967 -0.983864 0.758269 
1968 -1.036890 0.758341 
1969 -0.717819 1.019094 
1970 -0.765279 0.942617 
1971 -0.388420 1.438830 
1972 -0.778700 0.880853 
1973 -1.070459 0.657943 
1974 -0.918647 0.995130 
1975 -0.855470 0.895216 
1976 -0.826818 0.859843 
1977 -1.060355 0.745426 
1978 -0.991344 0.790756 
1979 -0.899508 0.750734 
1980 -0.723892 0.930488 
1981 -0.817652 0.765022 
1982 -0.704136 0.979962 
1983 -0.673245 1.064140 
1984 -0.695318 1.026103 
1985 -0.903107 0.831127 
1986 -0.670226 1.001227 
1987 -0.836424 0.896543 
1988 -0.661837 1.037739 
1989 -0.835408 0.883261 
1990 -0.754799 0.948831 
1991 -0.817132 0.865006 
1992 -0.905246 0.848031 
1993 -0.890502 0.828942 
1994 -0.764062 0.935568 
1995 -0.682102 0.949266 
1996 -1.023596 0.786004 
1997 -1.074317 0.749219 
1998 -0.776869 1.137809 
1999 -0.945929 0.774308 
2000 -2.555806 0.177607 
2001 -1.087847 0.691372 
2002 -0.924721 0.792965 
2003 -0.818526 0.893618 
2004 -1.093526 0.728510 
2005 -0.953934 0.759983 
2006 -0.970092 0.767834 
2007 -0.865728 0.864585 
2008 -0.831591 0.919360 
2009 -0.900025 0.902853 
2010 -0.693865 0.994013 
2011 -0.567045 1.148417 
2012 -0.866637 0.907213 
2013 -1.015548 0.769598 
2014 -0.742814 0.974975 
2015 -0.564008 1.109367 
2016 -0.698828 1.017644 
2017 -0.770639 0.952311 
2018 -0.832111 0.901040 
2019 -0.951503 0.853256 
2020 -0.789409 0.903072 
2021 -0.729431 0.997357 
2022 -0.663836 0.999893 
2023 -1.016332 0.806804 
2024 -0.862481 0.965377 
2025 -1.047638 0.842300 
2026 -0.988138 0.783863 
2027 -0.771155 0.940227 
2028 -0.829884 0.963745 
2029 -1.141655 0.805670 
2030 -0.619323 1.088086 
2031 -0.907586 0.806037 
2032 -0.646729 1.015188 
2033 -0.674137 1.003414 
2034 -0.685585 0.981988 
2035 -1.015000 0.880681 
2036 -0.826051 0.912376 
2037 -0.577904 1.012924 
2038 -0.680600 1.055941 
2039 -0.726640 0.965864 
2040 -0.691137 0.971643 
2041 -0.541985 1.304600 
2042 -0.661085 1.038427 
2043 -0.936049 0.843629 
2044 -0.912838 0.975820 
2045 -0.459191 1.191388 
2046 -0.599781 0.944624 
2047 -0.666684 0.980145 
2048 -0.712958 1.000223 
2049 -0.960703 0.727833 
2050 -2.232922 0.133189 
2051 -2.596112 0.208619 
2052 0.211155 2.199436 
2053 -1.007884 0.771241 
2054 -0.752659 0.973815 
2055 -0.884178 0.838202 
2056 -0.929440 0.803999 
2057 -0.614399 1.059367 
2058 -0.664228 1.087854 
2059 -1.147523 0.772250 
2060 -0.872959 0.849786 
2061 -0.630143 1.043555 
2062 -0.833810 0.896733 
2063 -0.751691 1.003597 
2064 -0.417685 1.316525 
2065 -0.638507 1.021037 
2066 -0.715160 0.981247 
2067 0.217793 2.231873 
2068 -0.778332 0.945686 
2069 -0.899221 0.919614 
2070 -0.803212 1.045981 
2071 -0.784686 0.880983 
2072 -0.648374 1.111454 
2073 -0.963343 0.846106 
2074 -0.717777 0.955033 
2075 -0.762366 0.958975 
2076 -0.818233 0.907553 
2077 -0.884925 0.863742 
2078 -0.695516 1.053816 
2079 -0.775396 0.939621 
2080 -0.728034 0.993052 
2081 -1.074533 0.742336 
2082 -0.860941 0.871962 
2083 -0.997468 0.766239 
2084 -0.733347 0.905278 
2085 -0.737920 0.942044 
2086 -0.701438 0.978227 
2087 -0.675982 0.927682 
2088 -0.865833 0.798172 
2089 -0.746877 0.937294 
2090 -0.811431 0.901049 
2091 -0.752472 1.026415 
2092 -0.694956 0.989971 
2093 -0.683475 0.954349 
2094 -0.695896 0.921174 
2095 -0.655556 0.995163 
2096 -0.679671 0.979527 
2097 -0.903247 0.797707 
2098 -0.641477 1.023078 
2099 -0.825712 0.793864 
2100 -0.688284 0.979765 
2101 -0.803815 0.894327 
2102 -0.612650 1.032679 
2103 -0.598258 1.156942 
2104 -0.687143 1.009488 
2105 -0.747208 0.951047 
2106 -0.642649 1.053314 
2107 -0.740214 0.972689 
2108 -0.703034 0.962119 
2109 -0.698772 0.983050 
2110 -0.846260 0.875782 
2111 -0.753110 0.988195 
2112 -0.941610 0.822002 
2113 -0.765167 0.958465 
2114 -1.058947 0.792070 
2115 -0.691868 1.099361 
2116 -0.860686 0.900762 
2117 -0.641636 1.060050 
2118 -0.677229 0.941327 
2119 -0.587461 1.047144 
2120 -0.599771 1.054764 
2121 -0.825728 0.885621 
2122 -0.468313 1.210816 
2123 -0.796767 0.879866 
2124 -0.509078 1.108445 
2125 -0.989881 0.781330 
2126 -0.855898 0.862594 
2127 -0.902236 0.888609 
2128 -0.694352 0.965500 
2129 -0.880548 0.780242 
2130 -0.676943 0.990307 
2131 -0.778537 0.918575 
2132 -0.831398 0.850699 
2133 -0.580463 1.055394 
2134 -0.827899 0.868808 
2135 -0.669416 1.043341 
2136 -0.778840 0.934739 
2137 -0.656445 1.036197 
2138 -0.691113 0.955282 
2139 -0.860870 0.874854 
2140 -0.635457 1.081120 
2141 -0.449972 0.246382 
2142 -0.791465 0.901510 
2143 -0.368178 1.493856 
2144 -0.748843 0.931469 
2145 -0.742951 0.875063 
2146 -0.614192 0.964488 
2147 -0.614201 0.990075 
2148 -0.464499 1.233934 
2149 -0.631364 0.942140 
2150 -0.555066 1.042903 
2151 -0.727356 0.942438 
2152 -0.735998 0.908613 
2153 -0.867365 0.829202 
2154 -0.594700 1.057168 
2155 -0.578123 1.052781 
2156 -0.624768 1.004640 
2157 -0.663357 0.963382 
2158 -0.704728 1.079403 
2159 -0.656323 1.024849 
2160 -0.988683 0.795665 
2161 -0.777234 0.940753 
2162 -0.685759 0.939482 
2163 -0.752919 0.925116 
2164 -0.307059 1.370922 
2165 -0.821308 0.875340 
2166 -0.919852 0.717971 
2167 -0.714542 1.075789 
2168 -0.646975 1.094108 
2169 -0.864393 0.870830 
2170 -0.795788 0.915028 
2171 -0.716606 0.956858 
2172 -0.690115 0.937387 
2173 -0.530848 1.087009 
2174 -0.739313 0.852830 
2175 -0.620437 0.991230 
2176 -0.574498 1.084657 
2177 0.195301 2.145490 
2178 -0.836995 0.841874 
2179 -0.546520 1.106367 
2180 -0.778252 0.949258 
2181 -0.763551 0.938517 
2182 -0.854395 0.904569 
2183 -0.728421 0.940130 
2184 -0.771087 0.906078 
2185 -0.592760 1.089709 
2186 0.195638 2.094200 
2187 -0.615347 1.019865 
2188 -0.814347 0.915585 
2189 -0.780089 0.910701 
2190 -0.564279 1.105877 
2191 -0.720994 0.994618 
2192 -0.955451 0.784888 
2193 -0.851383 0.799995 
2194 -0.946141 0.797858 
2195 -0.914042 0.777321 
2196 -1.103375 0.696806 
2197 -0.753607 0.910388 
2198 -0.868649 0.836415 
2199 -1.067821 0.754983 
2200 -0.681606 0.942273 
2201 -0.410294 1.457951 
2202 -0.708577 0.930823 
2203 -0.745150 0.981088 
2204 -0.565521 1.005626 
2205 -0.783086 0.922664 
2206 -0.797041 0.847433 
2207 -0.370161 1.561414 
2208 -0.738622 0.958261 
2209 -0.730312 0.857128 
2210 -0.713505 0.883491 
2211 -0.606097 1.027326 
2212 -0.640391 1.029367 
2213 -0.787296 0.942170 
2214 -0.674713 1.002924 
2215 -0.656688 1.084646 
2216 -0.511149 1.128969 
2217 -0.800288 0.928693 
2218 -0.862975 0.871253 
2219 -0.975322 0.749573 
2220 -0.722560 0.919026 
2221 -0.931595 0.794045 
2222 -0.842495 0.828247 
2223 -0.887106 0.921175 
2224 -0.754777 0.974194 
2225 -0.691484 0.968217 
2226 -0.759564 0.860939 
2227 -0.914208 0.715866 
2228 -0.791011 0.867143 
2229 -0.980161 0.796827 
2230 -0.945490 0.813606 
2231 -0.768384 0.906541 
2232 -0.641146 0.998980 
2233 -0.530305 1.061098 
2234 -0.650795 0.947634 
2235 -0.793479 0.813826 
2236 -0.978225 0.819005 
2237 -0.756987 0.979016 
2238 -0.795671 1.004685 
2239 -0.770731 0.865202 
2240 -0.585645 1.090385 
2241 -0.927332 0.797306 
2242 -0.779233 0.927564 
2243 -0.924907 0.755745 
2244 -0.700073 0.973219 
2245 -0.663249 0.991963 
2246 -0.949150 0.757465 
2247 -0.653044 0.993218 
2248 -0.698366 0.934967 
2249 -0.781972 0.951899 
2250 -0.973571 0.750142 
2251 -0.641549 1.117876 
2252 -0.839163 0.912859 
2253 0.200258 2.081685 
2254 -0.604686 1.077261 
2255 -0.856867 0.920889 
2256 -0.867336 0.847213 
2257 -0.812214 0.881421 
2258 -1.000612 0.782636 
2259 -0.912744 0.886404 
2260 -1.049419 0.784656 
2265 -0.542139 1.178500 
2268 -0.602702 1.085486 
2269 -0.564670 1.133119 
2270 -0.694709 1.013710 
2271 -0.592347 1.116818 
2272 -0.537657 1.129028 
2273 -0.727938 0.997908 
2274 -0.901153 0.879444 
2275 -0.768549 0.936541 
2276 -0.577475 1.130933 
2277 -0.696010 0.955749 
2278 -0.717612 1.036069 
2279 -0.659584 1.045465 
2280 -0.597747 1.134131 
2281 -0.782189 0.985532 
2282 -0.652210 1.011826 
2283 -0.692350 1.027387 
2284 -0.586762 1.093007 
2285 -0.612449 1.019392 
2286 -0.664537 1.072155 
2287 -0.718254 1.202066 
2288 -0.843300 0.822676 
2289 -0.732622 0.971520 
2290 -0.740160 0.984230 
2291 -0.682206 0.880910 
2292 -0.591462 1.069505 
2293 -0.762351 0.952109 
2294 -0.847923 0.899518 
2295 -0.833743 0.862384 
2296 -0.723159 0.937008 
2297 -0.632727 1.054035 
2298 -0.887031 0.863098 
2299 -0.741416 0.915962 
2300 -0.775754 0.885299 
2301 -0.897844 0.808173 
2302 -0.612311 1.110351 
2303 -0.668037 0.985595 
2304 -0.656188 0.886261 
2305 -0.642855 1.097789 
2306 -0.566573 1.124433 
2307 -0.820355 0.922426 
2308 -0.751843 0.884752 
2309 -0.754426 0.886976 
2310 -0.682415 0.978916 
2311 -0.790258 1.099205 
2312 -0.981542 0.706151 
2313 -0.496680 1.164200 
2314 -0.884814 0.942465 
2315 -0.875813 0.766205 
2316 -0.606109 1.103914 
2317 -0.609939 1.033792 
2318 -0.762716 0.983806 
2319 -0.875089 0.942554 
2320 -1.033854 0.793707 
2321 -0.685510 1.003001 
2322 -0.748558 0.970232 
2323 -0.939864 0.965333 
2324 -1.008439 0.849086 
2325 -0.876646 0.856580 
2326 -0.797377 0.868802 
2327 -0.726152 0.977330 
2328 -0.849651 0.882808 
2329 -0.845099 0.995456 
2330 -0.689054 1.058079 
2331 -0.770693 0.958957 
2332 -0.785643 0.967314 
2333 -0.697387 0.999525 
2334 -0.809335 0.930631 
2335 -0.835814 0.872570 
2336 -0.864963 0.837018 
2337 -0.631547 1.020044 
2338 -0.714213 1.018019 
2339 -0.660599 1.084073 
2340 -0.735114 0.954052 
2341 -0.883596 0.837793 
2342 -0.834446 0.817469 
2343 -0.869202 0.763496 
2344 -0.775285 0.906939 
2345 -0.828191 0.850605 
2346 -0.768213 0.916745 
2347 -0.851247 0.827836 
2348 -0.651112 0.998590 
2349 -0.893089 0.768385 
2350 -0.848240 0.855633 
2351 -0.965029 0.679970 
2352 -0.718462 0.959316 
2353 -0.620387 0.998058 
2354 -0.475684 1.108822 
2355 -0.610738 1.056834 
2356 -0.757928 0.897684 
2357 -0.690214 0.945607 
2358 -0.607772 1.031701 
2359 -0.640461 0.956050 
2360 -0.764608 0.926616 
2361 -0.687542 0.933927 
2362 -0.689596 0.960597 
2363 -0.816917 0.833877 
2364 -0.763865 0.883675 
2365 -0.838336 0.836336 
2366 -0.968496 0.811357 
2367 -0.828868 0.827901 
2368 -0.727782 0.913754 
2369 -0.683219 1.035176 
2370 -0.701065 0.890034 
2371 -0.758285 0.931445 
2372 -0.550443 1.117666 
2373 -0.398656 1.395653 
2374 -0.750250 0.867907 
2375 -0.752453 0.944148 
2376 -1.030446 0.774153 
2377 -0.858347 0.838508 
2378 -0.656782 1.072254 
2379 -0.880561 0.858621 
2380 -0.875356 0.823671 
2381 -0.990845 0.779118 
2382 -0.862886 0.869474 
2383 -0.658687 0.918766 
2384 -0.719476 0.937961 
2385 -0.566443 1.076108 
2386 -0.773054 0.935937 
2387 -0.857283 0.942666 
2388 -0.691481 0.978885 
2389 -0.649382 1.020814 
2390 -0.855760 0.838112 
2391 -0.782816 0.878500 
2392 -0.877983 0.783148 
2393 -0.893830 0.901821 
2394 -0.767422 0.915275 
2395 -0.765798 0.883170 
2396 -0.813775 0.854588 
2397 -0.884795 0.883424 
2398 -0.727910 1.031244 
2399 -0.634762 1.026856 
2400 -0.688552 0.974690 
2401 -0.773481 0.941608 
2402 -0.816676 0.895279 
2403 -0.989870 0.781179 
2404 -0.767622 0.993119 
2405 -0.655273 0.986477 
2406 -0.942670 0.809934 
2407 -0.764244 0.908330 
2408 -1.022924 0.793020 
2409 -0.781992 0.857074 
2410 -0.845471 0.848050 
2411 -0.753249 0.943990 
2412 -0.637170 0.976545 
2413 -0.642230 0.970637 
2414 -0.739340 0.892891 
2415 -0.688014 0.914094 
2416 -0.590918 1.066144 
2417 -0.704536 0.957339 
2418 -0.479631 1.175165 
2419 -0.779552 0.893347 
2420 -0.617739 1.168753 
2421 -0.954243 0.798783 
2422 -0.849822 0.827222 
2423 -0.756602 0.927201 
2424 -0.760013 0.988266 
2425 -0.586146 1.146004 
2426 -0.733377 0.936508 
2427 -0.650785 1.035441 
2428 -0.596664 1.068564 
2429 -0.731299 0.912508 
2430 -0.841333 0.867254 
2431 -0.744404 0.919486 
2432 -0.861315 0.900641 
2433 -0.852476 0.768659 
2434 -0.714817 0.965238 
2435 -0.882188 0.768492 
2436 -0.811621 0.884490 
2437 -0.769166 0.932893 
2438 -0.783678 0.962959 
2439 -0.707456 1.112355 
2440 -0.786225 0.930014 
2441 -0.704460 0.979997 
2442 -0.665208 1.059988 
2443 -0.938864 0.846773 
2444 -0.810241 0.918904 
2445 -0.966442 0.748053 
2446 -0.641161 1.018642 
2447 -0.584925 1.086974 
2448 -0.632207 1.074318 
2449 -0.836117 0.880003 
2450 -0.633842 0.963710 
2451 -0.871196 0.866645 
2452 -0.675180 1.013010 
2453 -0.943702 0.759746 
2454 -0.746494 0.923705 
2455 -0.622446 1.035614 
2456 -0.984910 0.768704 
2457 -0.742860 0.981508 
2458 -0.597979 1.153679 
2459 -1.080664 0.691306 
2460 -0.938122 0.779828 
2461 -0.727304 0.926891 
2462 -1.079595 0.654867 
2463 -0.752927 0.963264 
2464 -0.752967 0.966193 
2465 -0.731765 1.009753 
2466 -0.707499 0.956206 
2467 -0.575292 1.167894 
2468 0.227724 2.175763 
2469 -0.548746 1.132843 
2470 -0.754547 0.934476 
2471 -0.880696 0.847958 
2472 -0.883858 0.841554 
2473 -0.942331 0.763980 
2474 -0.911486 0.843994 
2475 -0.933204 0.795707 
2476 -0.675957 1.107742 
2477 -0.652077 0.996954 
2478 -0.810502 0.959667 
2479 -0.570944 1.222219 
2480 0.223238 2.189203 
2481 -0.614024 1.022961 
2482 -0.752688 0.972676 
2483 -0.783075 0.965998 
2484 -0.717010 1.018574 
2485 -0.515390 1.143203 
2486 -0.669758 0.981290 
2487 0.260308 2.322474 
2488 -0.639268 0.985013 
2489 -0.955178 0.828348 
2490 -0.538647 1.131017 
2491 -0.732323 0.936457 
2492 -0.631015 1.066503 
2493 -0.787810 0.912107 
2494 0.192964 2.102947 
2495 -0.681502 1.040427 
2496 -0.722089 0.918034 
2497 -0.953298 0.756375 
2498 -0.691501 0.993055 
2499 -0.806713 0.902479 
2500 -1.385608 0.569417 
2501 -0.859057 0.847149 
2502 -0.701583 0.955266 
2503 -0.938540 0.793120 
2504 -0.835790 0.957748 
2505 -0.815516 0.912433 
2506 -0.666244 1.046228 
2507 -0.934441 0.755790 
2508 -0.930756 0.837012 
2509 -0.828349 0.904559 
2510 -0.878354 0.865850 
2511 -0.758297 0.961810 
2512 -0.918195 0.798938 
2513 -0.619998 1.013164 
2514 -0.951718 0.750064 
2515 -0.725500 0.955507 
2516 -0.911045 0.843270 
2517 -0.658988 0.984867 
2518 -1.026491 0.718782 
2519 -0.741708 0.949784 
2520 -0.947332 0.771676 
2521 -0.760482 0.946330 
2522 -0.585180 1.270925 
2523 -0.881710 0.857322 
2524 -0.747327 0.890399 
2525 -0.705796 0.973647 
2526 -0.646938 1.076520 
2527 -0.484075 1.377250 
2528 -0.718284 0.946312 
2529 -0.848942 0.838089 
2530 -0.501196 1.151908 
2531 -0.575836 1.132953 
2532 -0.656277 1.047889 
2533 -0.667627 0.985240 
2534 -0.853640 0.920965 
2535 -0.822917 0.907723 
2536 -0.882191 0.937792 
2537 -0.902845 0.825069 
2538 -1.178334 0.668487 
2539 -0.834624 0.916971 
2540 -0.836342 0.906402 
2541 -0.741418 0.883250 
2542 -0.960869 0.792438 
2543 -0.794107 0.970477 
2544 -0.843205 0.861904 
2545 -0.870181 0.918018 
2546 -0.772493 1.119124 
2547 -0.624810 0.960826 
2548 -0.779770 0.857617 
2549 -0.951725 0.734038 
2550 -1.110180 0.670742 
2551 -0.735969 0.985334 
2552 -0.908580 1.009251 
2553 -0.694964 1.001637 
2554 -0.907985 0.801023 
2555 -0.955700 0.759277 
2556 -0.981864 0.807138 
2557 -0.985836 0.786540 
2558 -0.923016 0.821404 
2559 -0.796771 0.905950 
2560 -0.911961 0.835172 
2561 -0.799612 0.951174 
2562 -0.601386 1.059787 
2563 -0.857864 0.880211 
2564 -0.703254 0.952309 
2565 -0.780094 0.883009 
2566 -0.614742 1.037617 
2567 -0.684662 1.030138 
2568 -0.639384 1.142984 
2569 -0.703478 0.911080 
2570 -0.853198 0.866924 
2571 -0.717425 0.956197 
2572 -0.606046 1.055341 
2573 -0.933244 0.821163 
2574 -0.790170 0.822431 
2575 -0.975680 0.902568 
2576 -0.938828 0.779629 
2577 -0.889794 0.901958 
2578 -0.817430 0.870724 
2579 -0.817430 0.892083 
2580 -0.753987 0.877308 
2581 -0.709359 0.974081 
2582 -0.893396 0.798978 
2583 -1.002691 0.758463 
2584 -0.908410 0.804309 
2585 -2.524984 0.145813 
2586 -1.169282 0.629180 
2587 -0.676827 0.945067 
2588 -0.713968 0.970639 
2589 -0.650254 1.014227 
2590 -0.922785 0.756949 
2591 -0.981925 0.782376 
2592 -0.896904 0.802482 
2593 -0.829591 0.894599 
2594 -0.749775 0.962202 
2595 -0.673953 1.063384 
2596 -0.844297 0.859932 
2597 -0.816410 0.870363 
2598 -0.715262 0.948982 
2599 -0.798405 0.984680 
2600 -0.642996 1.067448 
2601 -0.720784 0.904796 
2602 -0.771271 0.918040 
2603 -0.693514 0.937178 
2604 -0.761227 0.874822 
2605 -0.739735 0.902925 
2606 -0.713283 0.914561 
2607 -0.959069 0.852402 
2608 -0.777615 0.866986 
2609 -0.825727 0.923247 
2610 -0.744104 0.888931 
2611 -0.826272 0.893641 
2612 -0.705481 0.956375 
2613 -0.729262 0.923873 
2614 -0.847966 0.850917 
2615 -0.893405 0.780412 
2616 -0.691028 0.925243 
2617 -0.871736 0.761951 
2618 -0.661380 1.000071 
2619 -0.879554 0.834201 
2620 -0.707379 0.987523 
2621 -0.740296 0.954518 
2622 -0.725863 0.874425 
2623 -0.694323 1.017862 
2624 -0.783015 0.900531 
2625 -0.912584 0.768585 
2626 -0.619471 1.096736 
2627 -0.687628 0.999141 
2628 -0.678226 0.968405 
2629 -0.857330 0.844154 
2630 -0.869379 0.825888 
2631 -0.751223 1.057146 
2632 -0.610631 1.315704 
2633 -0.787979 0.881251 
2634 -0.869613 0.799112 
2635 -0.564538 1.071261 
2636 -0.662258 0.957447 
2637 -0.917589 0.808892 
2638 -0.994079 0.665351 
2639 -0.898754 0.778633 
2640 -0.808940 0.865394 
2641 -0.785217 0.879840 
2642 -0.734041 1.001749 
2643 -2.675223 0.178011 
2644 -0.790711 0.882383 
2645 -0.965470 0.771849 
2646 -0.952520 0.894972 
2647 -0.862825 0.856747 
2648 -0.929667 0.801104 
2649 -0.891088 0.837118 
2650 -0.825206 0.858176 
2651 -0.849224 0.836682 
2652 -1.009491 0.752305 
2653 -0.806865 0.823704 
2654 -0.646077 0.958743 
2655 -0.675425 0.951318 
2656 -0.929409 0.753962 
2657 -0.589557 1.041258 
2658 -0.725854 0.894688 
2659 -0.857183 0.830071 
2660 -0.989979 0.680421 
2661 -0.931674 0.761313 
2662 -1.011914 0.810314 
2663 -0.971887 0.710650 
2664 -0.839348 0.863401 
2665 -2.416703 0.207714 
2666 -0.783535 0.881082 
2667 -0.956986 0.788255 
2668 -0.803596 0.931717 
2669 -0.806351 0.837408 
2670 -0.729527 0.827760 
2671 -0.734149 0.901945 
2672 -0.747582 0.869759 
2673 -0.887575 0.733192 
2674 -0.555581 1.042276 
2675 -0.678593 0.969011 
2676 -0.759239 0.972858 
2677 -0.990577 0.866137 
2678 -0.698680 0.930486 
2679 -0.804296 0.839179 
2680 -0.689776 0.955381 
2681 -0.853414 0.846422 
2682 -0.752212 0.911201 
2683 -0.817175 0.893997 
2684 -0.907083 0.772138 
2685 -0.933085 0.808551 
2686 -0.971269 0.749134 
2687 -1.008478 0.705821 
2688 -0.831590 0.804574 
2689 -0.955643 0.734237 
2690 -0.602318 1.031170 
2691 -0.991640 0.778018 
2692 -0.814385 0.823032 
2693 -0.789522 0.849328 
2694 -0.759684 0.842244 
2695 -0.883391 0.805054 
2696 -0.789490 0.763674 
2697 -0.851104 0.781881 
2698 -0.822150 0.753239 
2699 -0.712938 0.932658 
2700 -0.856306 0.847633 
2701 -0.869235 0.839889 
2702 -0.931757 0.754450 
2703 0.238165 2.288864 
2704 -0.520507 1.120728 
2705 -0.523357 1.119571 
2706 -0.699773 0.971854 
2707 -0.489945 1.178347 
2708 -0.747639 0.914681 
2709 -0.894391 0.788235 
2710 -0.817241 0.880321 
2711 -0.747193 0.881094 
2712 -0.817262 0.870339 
2713 -0.784114 0.874158 
2714 -0.672566 0.932686 
2715 -0.786992 0.892261 
2716 -0.684365 0.914821 
2717 -0.818132 0.878082 
2718 -0.692097 0.976527 
2719 -0.560289 1.079879 
2720 -0.814238 0.886464 
2721 -0.829613 1.005317 
2722 -0.669402 0.992317 
2723 -0.929529 0.844525 
2724 -0.933871 0.846148 
2725 -0.809744 0.827641 
2726 -0.711307 0.978554 
2727 -0.842465 0.870144 
2728 -0.365185 1.335135 
2729 -0.739418 1.010860 
2730 -0.821228 0.848735 
2731 -1.131962 0.641508 
2732 -0.879391 0.808857 
2733 -0.914125 0.833541 
2734 -0.871400 0.876107 
2735 -1.000282 0.752818 
2736 -0.871241 0.840335 
2737 -0.723178 0.970473 
2738 -0.939876 0.816156 
2739 -0.955308 0.777935 
2740 -0.662012 0.973987 
2741 -0.918356 0.861395 
2742 -0.917342 0.839209 
2743 -0.900346 0.808247 
2744 -0.932184 0.752690 
2745 -0.937092 0.791227 
2746 -0.994178 0.755600 
2747 -0.866084 0.861545 
2748 -0.999987 0.739142 
2749 -1.077591 0.688102 
2750 -0.759232 0.962916 
2751 -0.760526 0.899338 
2752 -0.739295 1.001502 
2753 -0.864391 0.823871 
2754 -0.943202 0.765388 
2755 -0.957608 0.749273 
2756 -0.787585 0.876322 
2757 -0.892293 0.856708 
2758 -0.880071 0.840635 
2759 -0.861081 0.795196 
2760 -1.111768 0.736060 
2761 -0.968686 0.785016 
2762 -0.926961 0.813035 
2763 -0.924175 0.844098 
2764 -0.877726 0.956561 
2765 -0.915044 0.809547 
2766 -0.743613 0.990836 
2767 -0.647608 1.012552 
2768 -0.874243 0.869404 
2769 -0.899116 0.823410 
2770 -0.833035 0.856093 
2771 -0.941667 0.683782 
2772 0.194058 2.201324 
2773 -0.896084 0.826526 
2774 -0.907309 0.858373 
2775 -0.770543 0.845567 
2776 -0.835919 0.844110 
2777 -0.892818 0.904736 
2778 -0.799644 0.887845 
2779 -0.857188 0.914867 
2780 -0.653350 0.944137 
2781 -1.009867 0.700933 
2782 -0.945580 0.816894 
2783 -0.749035 0.852611 
2784 -0.796992 0.865354 
2785 -1.017972 0.684458 
2786 -0.827827 0.822913 
2787 -0.589207 1.005696 
2788 -0.703488 0.949963 
2789 -0.654309 1.051745 
2790 -0.921640 0.796591 
2791 -1.125012 0.712496 
2792 -0.910377 0.785892 
2793 -0.909020 0.797752 
2794 -0.728626 0.945748 
2795 -0.937174 0.907636 
2796 -0.740920 1.000898 
2797 -0.542683 1.090181 
2798 -0.940667 0.798145 
2799 -0.779701 0.859519 
2800 -0.702393 0.905577 
2801 -0.679628 0.903233 
2802 -0.974323 0.776685 
2803 -0.952107 0.843650 
2804 -0.891869 0.829933 
2805 -0.855603 0.847916 
2806 -1.084936 0.809364 
2807 -0.878405 0.922554 
2808 -0.814226 0.957736 
2809 -0.959785 0.814269 
2810 -0.775764 0.913335 
2811 -0.795897 0.934246 
2812 -0.894971 0.871259 
2813 -0.843375 0.821369 
2814 -0.843967 0.858590 
2815 -0.634689 0.968304 
2816 -0.891714 0.812921 
2817 -0.811879 0.958615 
2818 -0.962618 0.728092 
2819 -0.844633 0.853441 
2820 -0.918567 0.818316 
2821 -0.705385 0.967676 
2822 -0.888857 0.833199 
2823 -0.726614 0.847049 
2824 -0.856276 0.843995 
2825 -0.732079 0.987431 
2826 -0.524150 1.067292 
2827 -0.579350 1.041608 
2828 -0.662037 1.072694 
2829 -0.747133 0.916659 
2830 -0.509249 1.112336 
2831 -0.934417 0.836402 
2832 -0.630289 1.100296 
2833 -0.620009 1.020595 
2834 -0.624113 0.917824 
2835 -0.917698 0.957672 
2836 -0.985198 0.841126 
2837 -1.084436 0.697193 
2838 -0.847661 0.902354 
2839 -0.654905 1.063826 
2840 -0.500045 1.362285 
2841 -0.515321 1.162140 
2842 -0.793099 0.836462 
2843 -1.000671 0.745310 
2844 -0.856010 0.800830 
2845 -0.629004 1.046459 
2846 -0.809205 0.947463 
2847 -0.638898 1.021921 
2848 -0.569450 1.052274 
2849 -0.646378 1.102357 
2850 -0.433707 1.400803 
2851 -1.008857 0.772299 
2852 -0.892352 0.830667 
2853 -0.794766 0.913803 
2854 -0.633234 1.059114 
2855 -0.974559 0.789318 
2856 -0.816300 0.937522 
2857 -1.239784 0.678729 
2858 -0.963593 0.798576 
2859 -0.683733 0.994246 
2860 -0.639536 1.059629 
2861 -0.834973 0.888858 
2862 -0.757819 0.914636 
2863 -0.660784 0.989200 
2864 -1.001258 0.750357 
2865 -0.796709 0.879296 
2866 -0.771016 0.838023 
2867 -0.739052 0.926466 
2868 -0.876800 0.804649 
2869 -0.760575 0.906009 
2870 -0.789030 0.920483 
2871 -0.593197 1.062950 
2872 -0.787993 0.922862 
2873 -0.754012 0.987250 
2874 -0.785194 0.885111 
2875 -0.821155 0.898719 
2876 -0.795260 0.913692 
2877 -0.641254 1.062317 
2878 -0.691442 0.949028 
2879 -0.823788 0.832865 
2880 -0.588541 1.108207 
2881 -0.732239 0.981805 
2882 -1.120748 0.703014 
2883 -0.927330 0.757408 
2884 -0.715461 0.902532 
2885 -0.697799 0.963577 
2886 -0.954727 0.773074 
2887 -0.840091 0.922700 
2888 -0.917896 0.837518 
2889 -0.650193 1.049575 
2890 -0.862315 0.878316 
2891 -0.683264 0.936004 
2892 -0.578403 1.077300 
2893 -0.920572 0.783923 
2894 -0.791495 0.907451 
2895 -0.811119 0.888970 
2896 -0.917514 0.790668 
2897 -0.774813 0.891780 
2898 -0.904619 0.775448 
2899 -0.715687 1.005100 
2900 -0.712274 0.984234 
2901 -0.757150 0.939912 
2902 -0.672154 0.929009 
2903 -0.728015 0.927038 
2904 -0.744095 0.962380 
2905 -0.800079 0.868733 
2906 -0.760780 0.865616 
2907 -0.883418 0.757772 
2908 -0.843985 0.765524 
2909 -0.959698 0.760368 
2910 -0.778244 0.885115 
2911 -0.915210 0.768744 
2912 -0.726207 0.950512 
2913 -0.831801 0.877762 
2914 -0.894702 0.784860 
2915 -0.804653 0.770828 
2916 -1.096416 0.626515 
2917 -2.489089 0.167069 
2918 -1.046266 0.627224 
2919 -0.948965 0.809051 
2920 -0.915383 0.787336 
2921 -0.835453 0.855607 
2922 -0.566358 1.264267 
2923 -0.741043 0.912514 
2924 -0.789221 0.879052 
2925 -0.628320 0.987814 
2926 -1.054706 0.756082 
2927 -0.841178 0.837652 
2928 -0.777172 0.859534 
2929 -0.717108 0.938542 
2930 -0.956938 0.831757 
2931 -0.856384 0.821201 
2932 -0.731635 0.948426 
2933 -0.890442 0.763742 
2934 -0.650239 0.968062 
2935 -0.888980 0.848232 
2936 -0.726612 0.875883 
2937 -0.906990 0.713780 
2938 -0.802039 0.880729 
2939 -0.967982 0.824211 
2940 -0.996547 0.737029 
2941 -0.826599 0.915561 
2942 -0.679169 0.952739 
2943 -0.782148 0.866083 
2944 -0.956867 0.780952 
2945 -0.635728 1.026932 
2946 -0.749247 0.870356 
2947 -1.067149 0.686446 
2948 -0.954958 0.695237 
2949 -0.955145 0.787010 
2950 -0.867088 0.784887 
2951 -1.066476 0.659117 
2952 -0.951578 0.820027 
2953 -0.655411 0.924614 
2954 -0.849420 0.844017 
2955 -0.690332 0.972943 
2956 -0.803651 0.855913 
2957 -1.093632 0.639304 
2958 -1.056324 0.753333 
2959 -0.651273 0.989366 
2960 -0.726779 0.936820 
2961 -0.967146 0.776249 
2962 -0.837263 0.851016 
2963 -0.848397 0.833498 
2964 -0.853880 0.823799 
2965 -0.897903 0.823884 
2966 -0.925424 0.825160 
2967 -0.729883 0.965193 
2968 -0.699214 0.987611 
2969 -0.708798 0.952135 
2970 -0.749662 0.910181 
2971 -0.770602 0.866934 
2972 -0.678370 0.939159 
2973 -0.765651 0.926418 
2974 -0.808489 0.849607 
2975 -0.609646 1.049220 
2976 -0.785914 0.970291 
2977 -0.923306 0.783447 
2978 -0.876679 0.869111 
2979 -0.896522 0.810028 
2980 -0.818355 0.883658 
2981 -0.883633 0.770980 
2982 -1.007618 0.783305 
2983 -1.000658 0.761233 
2984 -0.815182 0.898693 
2985 -0.732526 0.861576 
2986 -0.607744 1.002445 
2987 -0.652516 0.981172 
2988 -0.788898 0.881092 
2989 -1.097631 0.688954 
2990 -0.892620 0.776938 
2991 -0.848883 0.836038 
2992 -0.869132 0.818615 
2993 -0.867111 0.840251 
2994 -0.839136 0.859549 
2995 -0.797223 0.897398 
2996 -0.819115 0.833890 
2997 -0.920807 0.724174 
2998 -1.033421 0.706275 
2999 -0.760855 0.925195 
3000 -0.757498 0.866121 
3001 -0.890360 0.781837 
3002 -0.565000 1.070342 
3003 -1.161533 0.677871 
3004 -0.764928 0.939838 
3005 -0.871958 0.883922 
3006 -0.863105 0.852698 
3007 -0.804771 0.805833 
3008 -0.793621 0.844690 
3009 -0.670528 1.008026 
3010 -0.823679 0.900247 
3011 -0.669507 0.976223 
3012 -0.984111 0.741648 
3013 -0.709773 0.939156 
3014 -0.765501 0.945367 
3015 -0.915058 0.845455 
3016 -0.970743 0.743812 
3017 -0.572299 1.024845 
3018 -0.834063 0.873249 
3019 -0.772201 0.863361 
3020 -0.869968 0.859727 
3021 -0.852646 0.816088 
3022 -0.694842 0.938164 
3023 -0.862792 0.855734 
3024 -0.868723 0.791462 
3025 -0.946854 0.821944 
3026 -0.720378 0.976229 
3027 -0.296318 1.598448 
3028 -0.646793 0.998138 
3029 -0.666377 0.927071 
3030 -0.658936 0.918447 
3031 -0.527712 1.103822 
3032 -0.927500 0.797488 
3033 -0.517862 1.107689 
3034 -0.473335 1.268951 
3035 -0.516251 1.144959 
3036 -0.860543 0.965308 
3037 -0.852464 0.890508 
3038 -0.633107 1.048581 
3039 -1.040700 0.666076 
3040 -0.786296 0.838523 
3041 -0.840166 0.834030 
3042 -0.787593 0.838756 
3043 -0.817231 0.827581 
3044 -0.864526 0.788570 
3045 -0.866475 0.795127 
3046 -0.902715 0.861652 
3047 -0.872396 0.819179 
3048 -0.677368 0.952363 
3049 -0.883962 0.842840 
3050 -0.740889 0.860375 
3051 -0.652913 0.983023 
