2498 2
62 -3.221456 -0.951634 
63 -2.537997 -0.995676 
64 -2.197543 -0.890061 
65 -1.828322 -0.882574 
66 -1.971174 -0.881970 
67 -2.084154 -0.878257 
68 -1.847336 -0.856023 
69 -1.507794 -0.901329 
70 -1.426822 -0.934457 
71 -1.025232 -1.026477 
72 -1.188039 -0.975069 
73 -1.433442 -0.953766 
74 -1.144626 -1.003302 
75 -1.164491 -0.972097 
76 -1.058857 -1.003144 
77 -0.801911 -1.112093 
78 -0.953508 -1.047070 
79 -0.961970 -1.028359 
80 -0.864904 -1.080498 
81 -0.989722 -1.003114 
82 -0.647356 -1.138996 
83 -0.543673 -1.214565 
84 -0.582192 -1.192348 
85 -0.304696 -1.319045 
86 -0.371760 -1.266156 
87 -0.486150 -1.240345 
88 -0.627308 -1.160030 
89 -0.368789 -1.272689 
90 -0.472223 -1.218890 
91 -0.304769 -1.294552 
92 -0.336910 -1.235996 
93 -0.381374 -1.187000 
94 -0.581307 -1.073568 
95 -0.629688 -1.078685 
96 -0.361037 -1.156389 
97 -0.508403 -1.065035 
98 -0.372807 -1.178504 
99 -0.274937 -1.149351 
100 -0.239812 -1.135278 
101 -0.373498 -1.152056 
102 -0.514578 -1.071730 
103 -0.188631 -1.232056 
104 -0.292588 -1.183274 
105 -0.309897 -1.079904 
106 -0.325065 -1.162434 
107 -0.581649 -1.063397 
108 -0.354662 -1.110229 
109 -0.257005 -1.148007 
110 -0.518774 -1.047877 
111 -0.515745 -1.015962 
112 -0.377633 -1.096286 
113 -0.447542 -1.090119 
114 -0.561454 -1.001674 
115 -0.489468 -1.035884 
116 -0.493129 -1.088526 
117 -0.512991 -1.068485 
118 -0.477315 -1.034687 
119 -0.330081 -1.084980 
120 -0.207992 -1.235873 
121 -0.557989 -1.016019 
122 -0.189075 -1.247985 
123 -0.500394 -1.130244 
124 -0.386420 -1.131433 
125 -0.523522 -1.093692 
126 -0.338610 -1.152835 
127 -0.395765 -1.096777 
128 -0.446628 -1.143670 
129 -0.586693 -1.049334 
130 -0.224400 -1.188286 
131 -0.733495 -1.027590 
132 -0.391395 -1.168820 
133 -0.477815 -1.049764 
134 -0.569533 -1.060738 
135 -0.198489 -1.178982 
136 -0.431825 -1.058084 
137 -0.415104 -1.113371 
138 -0.306850 -1.139419 
139 -0.578561 -1.062663 
140 -0.363445 -1.100437 
141 -0.371017 -1.147360 
142 -0.312662 -1.182744 
143 -0.475537 -1.122810 
144 -0.631021 -1.038815 
145 -0.329277 -1.135834 
146 -0.374407 -1.122283 
147 -0.391167 -1.109139 
148 -0.374185 -1.131290 
149 -0.378892 -1.077810 
150 -0.223838 -1.237762 
151 -0.387715 -1.100774 
152 -0.477063 -1.113394 
153 -0.529906 -1.063611 
154 -0.491085 -1.099083 
155 -0.438619 -1.124784 
156 -0.391947 -1.156220 
157 -0.382281 -1.143188 
158 -0.452640 -1.114565 
159 -0.328101 -1.177986 
160 -0.493934 -1.114712 
161 -0.565674 -1.102921 
162 -0.443314 -1.146941 
163 -0.559205 -1.104660 
164 -0.537407 -1.119392 
165 -0.579622 -1.150296 
166 -0.594152 -1.112202 
167 -0.483298 -1.177228 
168 -0.413861 -1.141503 
169 -0.583838 -1.147071 
170 -0.514287 -1.138139 
171 -0.462917 -1.195156 
172 -0.427916 -1.179875 
173 -0.352267 -1.218089 
174 -0.416032 -1.206268 
175 -0.353398 -1.219074 
176 -0.542174 -1.080699 
177 -0.423877 -1.132088 
178 -0.597706 -1.102228 
179 -0.612840 -1.001033 
180 -0.425172 -1.146007 
181 -0.566219 -1.125645 
182 -0.566873 -1.063841 
183 -0.600503 -1.049674 
184 -0.627190 -1.071614 
185 -0.478925 -1.130902 
186 -0.565648 -1.099385 
187 -0.443711 -1.072358 
188 -0.303371 -1.203286 
189 -0.653216 -1.060343 
190 -0.630191 -1.040820 
191 -0.506587 -1.083403 
192 -0.320540 -1.204796 
193 -0.473097 -1.073499 
194 -0.623903 -1.048173 
195 -0.410898 -1.147229 
196 -0.507906 -1.107464 
197 -0.501674 -1.125824 
198 -0.511800 -1.134845 
199 -0.564130 -1.130878 
200 -0.515296 -1.135519 
201 -0.431938 -1.137488 
202 -0.590227 -1.115059 
203 -0.347589 -1.179605 
204 -0.479617 -1.194727 
205 -0.714888 -1.087687 
206 -0.449805 -1.178825 
207 -0.612513 -1.149441 
208 -0.737394 -1.123574 
209 -0.765716 -1.113019 
210 -0.818846 -1.114877 
211 -0.751154 -1.139162 
212 -0.902847 -1.097291 
213 -0.629218 -1.207777 
214 -0.971789 -1.069405 
215 -0.831100 -1.126804 
216 -0.864191 -1.092497 
217 -0.781143 -1.152269 
218 -0.989798 -1.053807 
219 -0.751155 -1.144886 
220 -0.822385 -1.118981 
221 -0.750675 -1.127185 
222 -0.987979 -1.072983 
223 -0.794653 -1.137455 
224 -0.899315 -1.084941 
225 -1.050766 -1.050346 
226 -1.020787 -1.067177 
227 -0.688770 -1.168805 
228 -0.943308 -1.101523 
229 -1.051062 -1.074524 
230 -0.887580 -1.091244 
231 -0.872132 -1.110271 
232 -1.051225 -1.055744 
233 -0.705010 -1.155046 
234 -0.932648 -1.059669 
235 -0.775701 -1.125862 
236 -0.910341 -1.013800 
237 -0.616792 -1.156708 
238 -0.617180 -1.151888 
239 -0.599282 -1.160216 
240 -0.203534 -1.324051 
241 -0.345612 -1.249139 
242 -0.386083 -1.214579 
243 -0.368977 -1.215698 
244 -0.148620 -1.300325 
245 -0.248883 -1.260146 
246 -0.074940 -1.328968 
247 -0.320484 -1.226922 
248 -0.174390 -1.305230 
249 -0.157167 -1.284073 
250 -0.226923 -1.297614 
251 -0.186633 -1.288650 
252 -0.130342 -1.360512 
253 -0.178283 -1.320823 
254 -0.021284 -1.395753 
255 -0.065203 -1.355754 
256 -0.066887 -1.326619 
257 -0.058039 -1.357934 
258 0.048240 -1.405696 
259 -0.062521 -1.313558 
260 0.006679 -1.391949 
261 0.093844 -1.399258 
262 0.040392 -1.375934 
263 0.030684 -1.371727 
264 0.164713 -1.444005 
265 0.107856 -1.437142 
266 0.176000 -1.471923 
267 -0.096882 -1.317360 
268 -0.009528 -1.358718 
269 -0.034108 -1.375276 
270 -0.165815 -1.293204 
271 0.006914 -1.389177 
272 -0.085024 -1.340890 
273 0.059062 -1.375887 
274 -0.208234 -1.250235 
275 -0.094258 -1.287619 
276 0.047192 -1.408836 
277 -0.103093 -1.286668 
278 0.127248 -1.458841 
279 -0.050885 -1.345935 
280 0.074446 -1.430831 
281 -0.325726 -1.193197 
282 -0.071289 -1.300842 
283 -0.150849 -1.312759 
284 -0.251491 -1.192160 
285 -0.423554 -1.148860 
286 -0.198882 -1.225683 
287 -0.244520 -1.255574 
288 -0.164262 -1.264585 
289 -0.191723 -1.233031 
290 -0.359601 -1.155528 
291 -0.120844 -1.267805 
292 -0.065710 -1.306535 
293 -0.162345 -1.239353 
294 -0.219029 -1.204233 
295 -0.437723 -1.108975 
296 -0.321030 -1.156870 
297 -0.037295 -1.352597 
298 -0.366952 -1.159308 
299 -0.348323 -1.165238 
300 -0.415208 -1.080033 
301 -0.284702 -1.168595 
302 -0.261079 -1.140581 
303 -0.399151 -1.083823 
304 -0.308385 -1.097862 
305 -0.270221 -1.114465 
306 -0.406823 -1.052767 
307 -0.550578 -0.975299 
308 -0.195502 -1.133037 
309 -0.538794 -0.971147 
310 -0.376048 -1.012181 
311 -0.359987 -1.031006 
312 -0.578710 -0.973441 
313 -0.633324 -0.985834 
314 -0.267602 -1.149296 
315 -0.410672 -1.030271 
316 -0.453824 -1.099772 
317 -0.414473 -1.161623 
318 -0.444724 -1.075813 
319 -0.345386 -1.185436 
320 -0.528565 -1.041081 
321 -0.299423 -1.168790 
322 -0.401159 -1.122356 
323 -0.342150 -1.112174 
324 -0.579718 -1.072183 
325 -0.534788 -1.097043 
326 -0.405615 -1.123588 
327 -0.516013 -1.044625 
328 -0.600843 -1.038609 
329 -0.554954 -1.049286 
330 -0.623376 -1.031543 
331 -0.524241 -1.091752 
332 -0.322349 -1.150477 
333 -0.309211 -1.164662 
334 -0.549788 -1.068782 
335 -0.553812 -1.032135 
336 -0.496929 -1.027904 
337 -0.597785 -1.013370 
338 -0.491009 -1.062510 
339 -0.446432 -1.042239 
340 -0.599495 -1.001812 
341 -0.594523 -1.038183 
342 -0.512788 -1.086219 
343 -0.724767 -1.022255 
344 -0.647690 -0.981753 
345 -0.308947 -1.191099 
346 -0.654198 -0.982567 
347 -0.411738 -1.070364 
348 -0.666671 -1.020532 
349 -0.608032 -0.995923 
350 -0.512919 -1.054408 
351 -0.644331 -1.017935 
352 -0.376723 -1.107353 
353 -0.566555 -1.105284 
354 -0.204306 -1.232489 
355 -0.494597 -1.119328 
356 -0.517383 -1.142305 
357 -0.530685 -1.087537 
358 -0.504688 -1.144131 
359 -0.398768 -1.097970 
360 -0.316538 -1.218128 
361 -0.259247 -1.275664 
362 -0.352530 -1.241251 
363 -0.299683 -1.252663 
364 -0.332604 -1.261018 
365 -0.339591 -1.206400 
366 -0.588323 -1.131017 
367 -0.272101 -1.305223 
368 -0.492635 -1.190911 
369 -0.484396 -1.144546 
370 -0.360802 -1.205814 
371 -0.553623 -1.135800 
372 -0.372350 -1.194457 
373 -0.453710 -1.187863 
374 -0.499721 -1.121723 
375 -0.487906 -1.155569 
376 -0.528846 -1.116153 
377 -0.387823 -1.198582 
378 -0.655404 -1.077253 
379 -0.527184 -1.154566 
380 -0.486148 -1.121639 
381 -0.416677 -1.090605 
382 -0.349956 -1.115319 
383 -0.487918 -1.119468 
384 -0.427070 -1.137194 
385 -0.571123 -1.070261 
386 -0.674116 -0.962136 
387 -0.539833 -1.109218 
388 -0.494271 -1.056093 
389 -0.488959 -1.064258 
390 -0.485188 -1.004164 
391 -0.446222 -1.133082 
392 -0.569650 -0.947862 
393 -0.507076 -1.109213 
394 -0.469985 -0.822407 
395 -0.572479 -1.241000 
396 -0.570692 -1.305830 
398 -0.665917 -1.660781 
399 -2.136370 -0.939964 
400 -2.796681 -1.089979 
401 -1.940627 -0.834488 
441 -0.020795 -1.350624 
442 0.084115 -1.431254 
443 0.186525 -1.321337 
444 0.177623 -1.227768 
445 0.304719 -1.426871 
446 0.572447 -1.814031 
447 1.183137 -3.157836 
448 1.340107 -3.564498 
449 1.202451 -2.992576 
450 1.011818 -2.637898 
452 1.671857 -4.420739 
453 1.317197 -3.320307 
454 1.285232 -3.365022 
456 2.311207 -6.736914 
457 1.709349 -4.587156 
458 1.805894 -4.905659 
459 1.692079 -4.635526 
460 1.308539 -3.269726 
461 1.475528 -3.884813 
462 1.372008 -3.507086 
463 1.387009 -3.621959 
464 1.398775 -3.614814 
465 1.116120 -2.768121 
466 1.180667 -2.916471 
467 0.789712 -2.295016 
468 0.973180 -2.481321 
469 0.793317 -2.251125 
470 1.084853 -2.583426 
471 0.995930 -2.668142 
472 0.580728 -2.037318 
473 0.729244 -2.172355 
474 1.160218 -2.813090 
475 0.594980 -2.000067 
476 0.680054 -2.043360 
477 0.367944 -1.781665 
478 0.495205 -1.899681 
479 0.374551 -1.765896 
480 0.382781 -1.735328 
481 0.300283 -1.723122 
482 0.207544 -1.605992 
483 0.200845 -1.614789 
484 0.272175 -1.649401 
485 0.135981 -1.530129 
486 -0.016885 -1.457639 
487 -0.114567 -1.313540 
488 -0.393094 -1.198085 
489 -0.535371 -1.170116 
490 -0.500624 -1.125886 
491 -0.706679 -1.059122 
492 -0.673234 -1.101966 
493 -0.339126 -1.198919 
494 -0.549646 -1.163397 
495 -0.538890 -1.164448 
496 -0.643671 -1.117045 
497 -0.757896 -1.103307 
498 -0.522553 -1.193124 
499 -0.596904 -1.147462 
500 -0.862265 -1.035637 
501 -0.669493 -1.131480 
502 -0.824159 -1.065798 
503 -0.906820 -1.048603 
504 -0.711255 -1.122502 
505 -0.704537 -1.086116 
506 -0.618367 -1.143792 
507 -0.671796 -1.108984 
508 -0.596577 -1.161125 
509 -0.772225 -1.096311 
510 -0.559968 -1.185628 
511 -0.807424 -1.097774 
512 -0.714233 -1.091318 
513 -0.855162 -1.084346 
514 -1.081597 -1.022979 
515 -1.069222 -1.011862 
516 -0.968019 -1.074499 
517 -0.825141 -1.099601 
518 -1.171597 -0.993577 
519 -1.388851 -0.954796 
520 -1.349218 -0.934051 
521 -1.430706 -0.935496 
522 -1.277912 -0.964320 
523 -1.513657 -0.922384 
524 -1.553938 -0.929590 
525 -1.354066 -0.946108 
526 -1.380286 -0.972070 
527 -1.340002 -0.960873 
528 -1.086004 -1.011927 
529 -1.059284 -1.035181 
530 -0.907060 -1.088653 
531 -0.725530 -1.139553 
532 -0.802758 -1.103591 
533 -0.841308 -1.077416 
534 -0.906453 -1.098282 
535 -0.970109 -1.064681 
536 -1.074972 -1.002852 
537 -0.667034 -1.161153 
538 -0.706568 -1.130195 
539 -1.006756 -1.020125 
540 -0.546556 -1.181432 
541 -1.061552 -0.974946 
542 -0.899019 -1.043705 
543 -0.695082 -1.139293 
544 -0.699142 -1.142738 
545 -0.552830 -1.199598 
546 -0.658167 -1.172840 
547 -0.485886 -1.264007 
548 -0.679027 -1.199398 
549 -0.710146 -1.179503 
550 -0.431368 -1.282520 
551 -0.574731 -1.241786 
552 -0.482474 -1.286392 
553 -0.404607 -1.322256 
554 -0.437786 -1.273571 
555 -0.596336 -1.222411 
556 -0.358433 -1.338628 
557 -0.254910 -1.378766 
558 -0.556078 -1.241007 
559 -0.279938 -1.368460 
560 -0.277245 -1.377290 
561 -0.381783 -1.318225 
562 -0.407164 -1.323416 
563 -0.397639 -1.326267 
564 -0.219267 -1.379149 
565 -0.077283 -1.472515 
566 -0.378114 -1.287987 
567 -0.260173 -1.302057 
568 -0.280334 -1.295872 
569 -0.471207 -1.091044 
570 -0.593452 -1.075337 
571 -0.395701 -1.147941 
572 -0.662798 -0.982551 
573 -0.631408 -0.958091 
574 -0.603359 -1.039141 
575 -0.593473 -1.010718 
576 -0.757487 -0.993811 
577 -0.604081 -0.970504 
578 -0.497909 -1.048060 
579 -0.505418 -1.085170 
580 -0.672712 -1.043738 
581 -0.424098 -1.056539 
582 -0.512467 -1.066585 
583 -0.342855 -1.092723 
584 -0.742367 -0.965481 
585 -0.325034 -1.119315 
586 -0.709733 -1.046921 
587 -0.691772 -0.970142 
588 -0.419672 -1.120556 
589 -0.323918 -1.165975 
590 -0.351163 -1.083707 
591 -0.609921 -0.967978 
592 -0.566706 -1.050542 
593 -0.448044 -1.123966 
594 -0.478815 -1.103349 
595 -0.384732 -1.113055 
596 -0.339779 -1.180040 
597 -0.423454 -1.135769 
598 -0.439748 -1.100906 
599 -0.675992 -1.018120 
600 -0.577505 -1.038106 
601 -0.538929 -1.122304 
602 -0.345202 -1.153069 
603 -0.430611 -1.133008 
604 -0.400656 -1.093307 
605 -0.518551 -1.078697 
606 -0.510584 -1.105114 
607 -0.511264 -1.116527 
608 -0.347844 -1.146346 
609 -0.541593 -1.086036 
610 -0.325398 -1.129592 
611 -0.642269 -0.915908 
612 -0.607853 -1.048381 
613 -0.368216 -1.114387 
614 -0.568254 -1.104183 
615 -0.292137 -1.168622 
616 -0.462519 -1.136152 
617 -0.468809 -1.128646 
618 -0.363773 -1.159937 
619 -0.666891 -1.044341 
620 -0.494466 -1.101140 
621 -0.394639 -1.144076 
622 -0.517065 -1.072598 
623 -0.640246 -1.053312 
624 -0.601278 -1.087134 
625 -0.487350 -1.127106 
626 -0.387455 -1.189908 
627 -0.652980 -1.089280 
628 -0.590223 -1.084786 
629 -0.331331 -1.171959 
630 -0.510252 -1.124067 
631 -0.564784 -1.088777 
632 -0.493632 -1.124690 
633 -0.449420 -1.130644 
634 -0.542422 -1.093184 
635 -0.634045 -1.042582 
636 -0.531037 -1.084666 
637 -0.368836 -1.134049 
638 -0.400762 -1.105366 
639 -0.654578 -1.036703 
640 -0.688576 -1.032150 
641 -0.667539 -1.068918 
642 -0.579254 -1.067841 
643 -0.751270 -1.011543 
644 -0.586658 -1.055030 
645 -0.802331 -0.967996 
646 -0.451290 -1.014163 
647 -0.598134 -1.037183 
648 -0.597863 -0.972433 
649 -0.543095 -1.061208 
650 -0.381274 -1.062839 
651 -0.486927 -1.023562 
652 -0.390355 -1.062683 
653 -0.377864 -1.116639 
654 -0.341386 -1.089006 
655 -0.319419 -1.164218 
656 -0.562871 -0.991224 
657 -0.332658 -1.107218 
658 -0.459530 -1.062517 
659 -0.582389 -1.023141 
660 -0.406636 -1.070957 
661 -0.613878 -1.021999 
662 -0.560700 -1.032831 
663 -0.597152 -1.056359 
664 -0.769781 -0.918505 
665 -0.516196 -1.091784 
666 -0.522596 -1.040491 
667 -0.666796 -1.001878 
668 -0.750925 -0.951798 
669 -0.685197 -1.021760 
670 -0.393020 -1.151588 
671 -0.474551 -1.143828 
672 -0.546327 -1.051518 
673 -0.432120 -1.133784 
674 -0.643904 -1.064085 
675 -0.511959 -1.081891 
676 -0.599640 -1.062076 
677 -0.613093 -1.012477 
678 -0.726998 -1.048547 
679 -0.638204 -1.056289 
680 -0.658536 -1.092450 
681 -0.514760 -1.119789 
682 -0.632578 -1.093030 
683 -0.806201 -1.029176 
684 -0.766538 -1.042713 
685 -0.570495 -1.107386 
686 -0.664893 -1.070518 
687 -0.878825 -1.036265 
688 -0.498952 -1.199236 
689 -0.866153 -1.067285 
690 -0.590651 -1.178152 
691 -0.632030 -1.120885 
692 -0.920235 -1.000132 
693 -0.637102 -1.154469 
694 -0.898149 -1.048269 
695 -0.777634 -1.114895 
696 -0.832747 -1.053985 
697 -0.834310 -1.082846 
698 -0.705265 -1.118867 
699 -0.643628 -1.173120 
700 -0.647242 -1.124836 
701 -0.797098 -1.103165 
702 -0.655611 -1.130809 
703 -0.700077 -1.140730 
704 -0.885812 -1.069383 
705 -0.920578 -1.064781 
706 -0.860653 -1.075084 
707 -0.642964 -1.119047 
708 -0.966409 -1.009454 
709 -0.739075 -1.094677 
710 -0.626038 -1.133054 
711 -0.901238 -1.068822 
712 -0.964680 -1.057312 
713 -1.146550 -0.966982 
714 -0.824567 -1.118044 
715 -0.710465 -1.149640 
716 -0.851044 -1.097025 
717 -0.921078 -1.069233 
718 -0.749048 -1.135597 
719 -0.709951 -1.123286 
720 -0.610020 -1.172500 
721 -0.634250 -1.163972 
722 -0.410504 -1.261585 
723 -0.550796 -1.188337 
724 -0.409988 -1.259943 
725 -0.359607 -1.270331 
726 -0.383243 -1.263892 
727 -0.599730 -1.161758 
728 -0.284788 -1.297832 
729 -0.517253 -1.198305 
730 -0.269933 -1.307827 
731 -0.196248 -1.364928 
732 0.038413 -1.506146 
733 -0.223493 -1.351294 
734 -0.251921 -1.349932 
735 -0.162786 -1.350404 
736 0.068684 -1.503862 
737 -0.063972 -1.403197 
738 0.132871 -1.507575 
739 0.326177 -1.670154 
740 0.347879 -1.659384 
741 0.193518 -1.567806 
742 0.134213 -1.548023 
743 0.044804 -1.490775 
744 0.322055 -1.646410 
745 0.243634 -1.637305 
746 0.114241 -1.513743 
747 0.057391 -1.437640 
748 -0.152653 -1.267583 
749 0.021739 -1.411064 
750 -0.246944 -1.213420 
751 -0.241362 -1.168396 
752 -0.356957 -1.177670 
753 -0.254815 -1.160143 
754 -0.308496 -1.030728 
755 -0.548995 -1.041637 
756 -0.592042 -0.952051 
757 -0.498249 -0.983912 
758 -0.524873 -1.058679 
759 -0.560839 -1.081230 
760 -0.456750 -1.021309 
761 -0.624023 -0.930454 
762 -0.367290 -1.120277 
763 -0.310028 -1.049863 
764 -0.435938 -1.066705 
765 -0.345607 -1.042871 
766 -0.297648 -1.066359 
767 -0.246700 -1.197230 
768 -0.615017 -1.048448 
769 -0.508323 -1.100419 
770 -0.373286 -1.100530 
771 -0.485744 -1.030963 
772 -0.655382 -0.945841 
773 -0.568909 -1.090913 
774 -0.312115 -1.154739 
775 -0.494743 -1.073199 
776 -0.401274 -1.138948 
777 -0.446751 -1.035061 
778 -0.510728 -1.077502 
779 -0.613272 -1.049137 
780 -0.366482 -1.167231 
781 -0.292100 -1.076806 
782 -0.450606 -1.038709 
783 -0.523463 -1.072923 
784 -0.305090 -1.060017 
785 -0.214230 -1.170618 
786 -0.211678 -1.193809 
787 -0.363295 -1.114180 
788 -0.301711 -1.179250 
789 -0.297491 -1.207493 
790 -0.151610 -1.182391 
791 -0.296084 -1.160324 
792 -0.311448 -1.176528 
793 -0.387895 -1.109889 
794 -0.409940 -1.080048 
795 -0.460035 -1.114731 
796 -0.278869 -1.168356 
797 -0.355623 -1.135038 
798 -0.551713 -1.031304 
799 -0.431006 -1.098764 
800 -0.376219 -1.130103 
801 -0.339908 -1.170184 
802 -0.457782 -1.145840 
803 -0.304850 -1.245808 
804 -0.370767 -1.151439 
805 -0.352491 -1.268936 
806 -0.363973 -1.192935 
807 -0.388030 -1.199393 
808 -0.492893 -1.126087 
809 -0.448805 -1.171896 
810 -0.602966 -1.064777 
811 -0.504885 -1.111614 
812 -0.434307 -1.159226 
813 -0.710485 -1.021633 
814 -0.643679 -1.109223 
815 -0.621815 -1.082081 
816 -0.500835 -1.140259 
817 -0.628176 -1.072341 
818 -0.591056 -1.047525 
819 -0.670674 -0.994368 
820 -0.506713 -1.104740 
821 -0.480419 -1.111277 
822 -0.420065 -1.123702 
823 -0.463995 -1.091720 
824 -0.249512 -1.230562 
825 -0.340113 -1.201977 
826 -0.333453 -1.207262 
827 -0.252912 -1.278541 
828 -0.254150 -1.271726 
829 -0.296035 -1.227753 
830 -0.290408 -1.264113 
831 -0.322926 -1.243556 
832 -0.349940 -1.216984 
833 -0.274918 -1.228819 
834 -0.342484 -1.228193 
835 -0.406817 -1.169102 
836 -0.337807 -1.148450 
837 -0.474517 -1.107770 
838 -0.224032 -1.242743 
839 -0.280319 -1.216370 
840 -0.245891 -1.231672 
841 -0.442691 -1.168736 
842 -0.455274 -1.126671 
843 -0.292969 -1.218453 
844 -0.373114 -1.137736 
845 -0.314913 -1.186690 
846 -0.287472 -1.170969 
847 -0.339716 -1.187855 
848 -0.314751 -1.190042 
849 -0.534370 -1.105842 
850 -0.559757 -1.074442 
851 -0.332368 -1.127742 
852 -0.526983 -1.057141 
853 -0.470703 -1.040324 
854 -0.695151 -0.954541 
855 -0.309685 -1.095237 
856 -0.689840 -0.989963 
857 -0.379791 -1.036380 
858 -0.659218 -1.013030 
859 -0.360736 -1.092611 
860 -0.463341 -1.039081 
861 -0.664418 -0.995982 
862 -0.520700 -1.004082 
863 -0.395422 -1.048179 
864 -0.608821 -1.066337 
865 -0.649269 -0.972860 
866 -0.458602 -1.059400 
867 -0.720372 -0.960668 
868 -0.539067 -0.959606 
869 -0.599982 -1.030281 
870 -0.619512 -1.046925 
871 -0.422017 -1.025780 
872 -0.547324 -1.071245 
873 -0.552901 -1.113880 
874 -0.769729 -0.935324 
875 -0.504921 -1.007946 
876 -0.538608 -1.071681 
877 -0.602745 -1.072377 
878 -0.662082 -1.001730 
879 -0.384667 -1.131163 
880 -0.425813 -1.126657 
881 -0.517855 -1.034051 
882 -0.608259 -1.065079 
883 -0.337779 -1.146201 
884 -0.695780 -1.063251 
885 -0.668938 -1.046467 
886 -0.679845 -1.058530 
887 -0.628432 -1.074399 
888 -0.483376 -1.078228 
889 -0.524033 -1.066809 
890 -0.319490 -1.180633 
891 -0.468964 -1.085474 
892 -0.470008 -1.028339 
893 -0.325505 -1.140162 
894 -0.476054 -1.004553 
895 -0.491237 -1.074832 
896 -0.269468 -1.205186 
897 -0.237123 -1.186098 
898 -0.267723 -1.173786 
899 -0.279966 -1.101017 
900 -0.310402 -1.135764 
901 -0.462960 -1.051405 
902 -0.290989 -1.145110 
903 -0.483530 -1.061827 
904 -0.293765 -1.163984 
905 -0.277756 -1.187752 
906 -0.217476 -1.166905 
907 -0.446661 -1.116144 
908 -0.231830 -1.201315 
909 -0.362425 -1.148171 
910 -0.299733 -1.173027 
911 -0.147432 -1.284800 
912 -0.319677 -1.185430 
913 -0.163976 -1.245280 
914 -0.366304 -1.098851 
915 -0.290112 -1.186776 
916 -0.293825 -1.141901 
917 -0.204730 -1.191653 
918 -0.386766 -1.097952 
919 -0.450204 -1.142511 
920 -0.351693 -1.088212 
921 -0.322412 -1.190848 
922 -0.276405 -1.162421 
923 -0.608696 -0.987951 
924 -0.344913 -1.026807 
925 -0.251996 -1.111003 
926 -0.393448 -1.151299 
927 -0.581631 -0.969804 
928 -0.448616 -1.117669 
929 -0.412093 -1.108072 
930 -0.477681 -1.104863 
931 -0.292596 -1.224753 
932 -0.231337 -1.230939 
933 -0.166235 -1.238918 
934 -0.248987 -1.172203 
935 -0.273057 -1.208686 
936 -0.322182 -1.203040 
937 -0.320416 -1.136191 
938 -0.311933 -1.243026 
939 -0.548614 -1.130298 
940 -0.589896 -1.093391 
941 -0.529695 -1.128693 
942 -0.619787 -1.140330 
943 -0.439521 -1.193008 
944 -0.694938 -1.157231 
945 -0.747960 -1.083713 
946 -0.681934 -1.144748 
947 -0.471280 -1.213538 
948 -0.481755 -1.199166 
949 -0.545835 -1.162955 
950 -0.568789 -1.129915 
951 -0.375179 -1.232192 
952 -0.424216 -1.232058 
953 -0.440169 -1.229536 
954 -0.419962 -1.252289 
955 -0.512829 -1.243392 
956 -0.386282 -1.299926 
957 -0.494749 -1.246993 
958 -0.427392 -1.285560 
959 -0.724227 -1.151716 
960 -0.409731 -1.292392 
961 -0.482208 -1.264050 
962 -0.567201 -1.167845 
963 -0.579990 -1.135831 
964 -0.476876 -1.160095 
965 -0.418232 -1.173140 
966 -0.734611 -1.076146 
967 -0.695306 -1.064099 
968 -0.619584 -1.140147 
969 -0.856570 -1.022981 
970 -0.371032 -1.244313 
971 -0.615395 -1.003155 
972 -0.769609 -1.007025 
973 -0.474878 -1.130425 
974 -0.463395 -1.130845 
975 -0.823777 -0.984882 
976 -0.713047 -1.058702 
977 -0.630708 -1.012245 
978 -0.652800 -1.010944 
979 -0.551633 -1.034490 
980 -0.525220 -1.134346 
981 -0.501688 -1.084138 
982 -0.454000 -1.113019 
983 -0.613365 -1.007212 
984 -0.581400 -1.028164 
985 -0.404151 -1.117916 
986 -0.369774 -1.144760 
987 -0.513562 -1.047254 
988 -0.286410 -1.158893 
989 -0.304997 -1.108886 
990 -0.297765 -1.129436 
991 -0.518246 -1.066221 
992 -0.304571 -1.122097 
993 -0.325917 -1.135350 
994 -0.331217 -1.094520 
995 -0.507118 -1.056903 
996 -0.650914 -0.965727 
997 -0.460763 -1.068089 
998 -0.327949 -1.126338 
999 -0.416256 -1.035747 
1000 -0.253731 -1.118209 
1001 -0.301016 -1.088457 
1002 -0.512093 -1.048609 
1003 -0.564459 -1.000518 
1004 -0.485736 -1.067533 
1005 -0.552011 -1.050818 
1006 -0.481275 -1.033732 
1007 -0.678737 -0.953849 
1008 -0.538691 -1.009241 
1009 -0.469303 -1.092080 
1010 -0.408501 -1.049592 
1011 -0.556119 -1.007431 
1012 -0.678881 -0.944004 
1013 -0.452984 -1.079263 
1014 -0.668582 -0.992390 
1015 -0.351075 -1.101224 
1016 -0.526602 -1.038622 
1017 -0.546053 -0.982127 
1018 -0.601407 -0.910492 
1019 -0.587460 -1.003764 
1020 -0.639502 -0.967456 
1021 -0.455284 -0.970553 
1022 -0.655784 -0.906044 
1023 -0.484337 -0.979895 
1024 -0.727246 -0.899767 
1025 -0.465063 -1.016130 
1026 -0.634650 -0.921489 
1027 -0.723561 -0.948960 
1028 -0.468066 -0.977810 
1029 -0.504788 -0.959599 
1030 -0.748576 -0.872603 
1031 -0.456171 -0.966323 
1032 -0.528649 -0.973735 
1033 -0.644135 -0.906946 
1034 -0.548758 -0.977924 
1035 -0.640644 -0.959351 
1036 -0.487597 -1.017633 
1037 -0.476160 -0.952555 
1038 -0.304551 -1.087435 
1039 -0.628401 -0.978903 
1040 -0.506934 -0.971585 
1041 -0.576170 -0.923914 
1042 -0.624534 -1.036117 
1043 -0.686385 -0.968079 
1044 -0.591790 -0.950769 
1045 -0.431533 -0.936079 
1046 -0.298287 -1.142914 
1047 -0.519859 -1.004478 
1048 -0.287551 -1.126856 
1049 -0.528979 -0.968742 
1050 -0.591540 -0.934068 
1051 -0.475586 -1.067961 
1052 -0.310400 -0.968762 
1053 -0.377329 -1.050133 
1054 -0.490184 -0.995169 
1055 -0.489205 -1.021205 
1056 -0.428276 -1.078760 
1057 -0.293575 -1.120779 
1058 -0.553795 -0.972518 
1059 -0.574430 -0.999662 
1060 -0.456867 -1.077760 
1061 -0.440495 -1.014839 
1062 -0.403035 -1.038130 
1063 -0.367371 -1.084915 
1064 -0.531646 -1.033093 
1065 -0.584388 -1.023414 
1066 -0.330166 -1.095544 
1067 -0.301886 -1.181229 
1068 -0.316568 -1.161064 
1069 -0.360568 -0.990444 
1070 -0.228009 -1.223218 
1071 -0.522958 -1.094001 
1072 -0.295633 -1.097467 
1073 -0.589083 -1.069865 
1074 -0.222808 -1.140054 
1075 -0.355713 -1.113536 
1076 -0.486452 -1.088367 
1077 -0.266282 -1.199952 
1078 -0.329144 -1.176857 
1079 -0.282454 -1.125102 
1080 -0.266639 -1.168883 
1081 -0.326485 -1.055856 
1082 -0.272302 -1.113875 
1083 -0.300197 -1.141939 
1084 -0.416401 -1.102954 
1085 -0.387741 -1.116672 
1086 -0.223091 -1.207449 
1087 -0.412418 -1.132984 
1088 -0.163646 -1.117744 
1089 -0.287840 -1.204952 
1090 -0.156333 -1.248406 
1091 -0.344867 -1.158047 
1092 -0.105772 -1.246087 
1093 -0.502033 -1.089027 
1094 -0.363977 -1.170873 
1095 -0.271634 -1.169826 
1096 -0.181091 -1.177632 
1097 -0.321739 -1.171725 
1098 -0.349405 -1.107942 
1099 -0.279726 -1.193521 
1100 -0.190155 -1.259997 
1101 -0.168033 -1.197511 
1102 -0.150320 -1.223093 
1103 -0.380691 -1.152964 
1104 -0.123901 -1.272848 
1105 -0.350648 -1.133813 
1106 -0.505569 -1.041621 
1107 -0.387129 -1.094090 
1108 -0.109644 -1.200436 
1109 -0.502076 -1.081473 
1110 -0.519569 -1.044090 
1111 -0.176867 -1.268200 
1112 -0.217044 -1.256288 
1113 -0.286138 -1.213404 
1114 -0.154505 -1.255804 
1115 -0.234684 -1.200278 
1116 -0.430962 -1.143343 
1117 -0.265694 -1.193466 
1118 -0.351125 -1.163767 
1119 -0.579401 -0.993360 
1120 -0.568052 -1.104767 
1121 -0.359752 -1.095793 
1122 -0.227188 -1.186147 
1123 -0.375995 -1.147244 
1124 -0.416219 -1.076813 
1159 -0.704352 -0.981035 
1160 -0.573798 -0.958490 
1161 -0.366422 -1.057704 
1162 -0.534905 -1.047689 
1163 -0.388300 -1.053219 
1164 -0.519871 -1.025846 
1165 -0.645666 -0.950386 
1166 -0.356450 -0.999153 
1167 -0.550956 -1.032643 
1168 -0.518046 -1.113242 
1169 -0.585944 -1.003049 
1170 -0.633521 -1.021065 
1171 -0.381350 -1.117611 
1172 -0.278011 -1.186219 
1173 -0.503857 -1.046838 
1174 -0.606326 -1.008659 
1175 -0.402845 -1.078997 
1176 -0.568489 -1.016917 
1177 -0.355991 -1.123631 
1178 -0.402214 -1.160967 
1179 -0.490271 -1.112396 
1180 -0.422080 -1.136802 
1181 -0.595739 -1.073280 
1182 -0.472214 -1.114439 
1183 -0.596870 -1.079915 
1184 -0.303860 -1.198851 
1185 -0.606778 -1.056680 
1186 -0.347939 -1.169111 
1187 -0.450934 -1.180541 
1188 -0.564510 -1.148244 
1189 -0.398557 -1.151364 
1190 -0.341081 -1.161790 
1191 -0.493359 -1.148848 
1192 -0.655199 -1.078545 
1193 -0.364424 -1.206610 
1194 -0.609827 -1.098112 
1195 -0.397599 -1.192082 
1196 -0.477874 -1.160827 
1197 -0.460006 -1.179764 
1198 -0.610812 -1.126865 
1199 -0.703507 -1.098622 
1200 -0.391294 -1.220686 
1201 -0.608241 -1.125030 
1202 -0.440540 -1.176014 
1203 -0.548109 -1.130757 
1204 -0.577429 -1.069558 
1205 -0.763117 -1.025435 
1206 -0.469817 -1.167230 
1207 -0.341681 -1.153730 
1208 -0.539027 -1.069017 
1209 -0.559592 -1.024693 
1210 -0.525024 -1.038562 
1211 -0.315903 -1.182128 
1212 -0.565643 -0.873510 
1213 -0.695821 -0.954123 
1214 -0.329433 -1.191810 
1215 -0.431320 -1.085508 
1216 -0.515246 -1.015923 
1217 -0.312945 -1.082795 
1218 -0.739397 -0.879172 
1219 -0.705868 -0.959613 
1220 -0.619373 -1.028338 
1221 -0.563635 -1.088453 
1222 -0.295424 -1.111805 
1223 -0.318511 -1.155913 
1224 -0.400757 -1.077907 
1225 -0.513506 -1.027199 
1226 -0.564129 -0.994377 
1227 -0.537044 -1.103774 
1228 -0.548474 -1.106130 
1229 -0.555293 -1.020760 
1230 -0.645543 -1.056524 
1231 -0.443233 -1.166259 
1232 -0.550495 -1.054263 
1233 -0.406538 -1.121508 
1234 -0.438196 -1.114143 
1235 -0.625707 -1.074709 
1236 -0.508423 -1.119132 
1237 -0.485764 -1.070985 
1238 -0.383759 -1.160615 
1239 -0.401084 -1.119537 
1240 -0.416985 -1.104935 
1241 -0.640993 -1.005251 
1242 -0.532102 -1.044501 
1243 -0.632140 -1.056897 
1244 -0.569027 -1.080248 
1245 -0.637990 -1.031333 
1246 -0.483043 -1.063851 
1247 -0.570222 -1.063459 
1248 -0.734911 -1.066585 
1249 -0.750665 -1.011032 
1250 -0.674102 -1.021359 
1251 -0.485916 -1.043362 
1252 -0.738555 -0.954947 
1253 -0.555175 -1.033003 
1254 -0.859750 -0.938324 
1255 -0.528292 -0.996133 
1256 -0.762532 -0.995894 
1257 -0.812166 -0.913208 
1258 -0.654948 -1.039049 
1259 -0.552100 -1.052479 
1260 -0.936657 -0.948287 
1261 -0.941371 -0.903520 
1262 -1.059014 -0.918416 
1263 -0.966961 -0.946228 
1264 -1.056077 -0.900059 
1265 -0.623579 -1.042734 
1266 -0.814487 -0.983781 
1267 -0.951690 -0.973815 
1268 -0.940574 -0.946293 
1269 -0.974252 -0.969766 
1270 -0.905984 -0.982526 
1271 -1.182074 -0.916059 
1272 -1.182030 -0.909631 
1273 -1.065170 -0.964990 
1274 -1.005494 -0.958915 
1275 -1.302734 -0.882780 
1276 -0.985764 -0.988811 
1277 -1.260779 -0.908014 
1278 -0.960796 -0.978325 
1279 -0.974383 -0.996465 
1280 -1.177707 -0.933869 
1281 -0.993156 -0.970088 
1282 -0.860243 -0.986355 
1283 -0.724156 -1.052678 
1284 -0.861600 -0.985547 
1285 -0.543039 -1.005714 
1286 -0.605776 -0.997427 
1287 -0.621021 -1.008584 
1288 -0.530077 -1.058845 
1289 -0.374728 -1.007795 
1290 -0.312738 -1.025842 
1291 -0.655807 -0.903519 
1292 -0.561215 -0.915511 
1293 -0.328029 -0.926046 
1294 -0.506101 -1.045702 
1295 -0.497632 -1.066942 
1296 -0.663088 -0.938508 
1297 -0.359368 -1.172675 
1298 -0.352979 -1.207193 
1299 -0.400172 -1.132940 
1300 -0.506747 -1.015936 
1301 -0.277407 -1.178087 
1302 -0.418841 -1.005060 
1303 -0.537795 -1.057883 
1304 -0.550241 -1.019049 
1305 -0.546048 -1.038897 
1306 -0.508810 -1.076460 
1307 -0.405228 -1.053222 
1308 -0.399208 -1.104256 
1309 -0.337945 -1.165823 
1310 -0.576833 -1.083693 
1311 -0.439796 -1.030236 
1312 -0.499052 -1.149028 
1313 -0.403841 -1.116337 
1314 -0.476930 -1.082862 
1315 -0.539717 -1.053184 
1316 -0.458046 -1.075972 
1317 -0.738493 -0.960901 
1318 -0.501802 -1.135150 
1319 -0.632660 -0.949737 
1320 -0.575242 -1.034360 
1321 -0.706800 -0.944158 
1322 -0.682169 -1.013954 
1323 -0.406963 -1.117421 
1324 -0.624167 -1.031984 
1325 -0.547735 -0.923545 
1326 -0.361142 -1.110527 
1327 -0.585428 -1.098011 
1328 -0.690313 -0.986005 
1329 -0.349331 -1.104210 
1330 -0.630498 -1.047459 
1331 -0.458733 -1.113939 
1332 -0.626792 -1.036835 
1333 -0.621490 -1.020444 
1334 -0.455072 -1.088947 
1335 -0.333853 -1.117776 
1336 -0.711437 -0.949381 
1337 -0.610420 -1.062186 
1338 -0.346963 -1.157828 
1339 -0.628404 -1.015021 
1340 -0.419564 -1.146072 
1341 -0.546329 -1.103273 
1342 -0.546947 -1.098962 
1343 -0.433677 -1.121447 
1344 -0.400520 -1.153285 
1345 -0.566802 -1.088214 
1346 -0.162058 -1.213049 
1347 -0.309137 -1.188231 
1348 -0.516058 -1.128240 
1349 -0.554291 -1.058884 
1350 -0.560650 -1.116597 
1351 -0.316742 -1.152108 
1352 -0.269074 -1.141059 
1353 -0.401903 -1.121669 
1354 -0.256092 -1.174598 
1355 -0.626911 -1.004658 
1356 -0.390636 -1.048386 
1357 -0.540750 -1.046001 
1358 -0.694541 -1.002336 
1359 -0.681414 -0.993879 
1360 -0.683633 -1.027755 
1361 -0.548588 -1.119281 
1362 -0.514983 -1.121018 
1363 -0.466119 -1.124707 
1364 -0.647991 -1.087971 
1365 -0.477621 -1.105787 
1366 -0.544945 -1.113865 
1367 -0.487217 -1.131985 
1368 -0.456185 -1.145911 
1369 -0.661102 -1.082502 
1370 -0.706840 -1.004318 
1371 -0.516057 -1.110991 
1372 -0.561251 -1.092542 
1373 -0.560718 -1.029275 
1374 -0.698158 -1.059786 
1375 -0.693942 -1.038589 
1376 -0.419899 -1.160182 
1377 -0.786618 -1.010732 
1378 -0.484258 -1.138711 
1379 -0.588742 -1.044569 
1380 -0.726465 -1.056206 
1381 -0.643298 -1.080226 
1382 -0.514437 -1.095738 
1383 -0.627208 -1.052612 
1384 -0.405883 -1.155297 
1385 -0.462920 -1.150011 
1386 -0.561668 -1.064743 
1387 -0.430871 -1.135195 
1388 -0.695376 -1.036271 
1389 -0.459150 -1.148215 
1390 -0.568219 -1.092350 
1391 -0.523280 -1.084608 
1392 -0.340171 -1.134981 
1393 -0.350015 -1.127094 
1394 -0.343562 -1.104673 
1395 -0.310359 -1.147320 
1396 -0.255706 -1.207844 
1397 -0.262388 -1.185162 
1398 -0.247795 -1.173391 
1399 -0.373959 -1.185629 
1400 -0.399514 -1.166908 
1401 -0.258414 -1.252847 
1402 -0.305962 -1.194719 
1403 -0.399790 -1.141896 
1404 -0.381761 -1.163161 
1405 -0.452612 -1.136950 
1406 -0.237447 -1.207088 
1407 -0.379059 -1.187145 
1408 -0.378022 -1.211454 
1409 -0.329738 -1.257265 
1410 -0.417948 -1.244135 
1411 -0.129773 -1.410313 
1412 -0.141320 -1.416749 
1413 -0.346874 -1.327325 
1414 -0.277312 -1.331978 
1415 -0.097791 -1.444472 
1416 -0.291652 -1.328973 
1417 -0.258863 -1.357174 
1418 -0.215548 -1.351223 
1419 -0.516738 -1.215379 
1420 -0.365359 -1.255723 
1421 -0.511923 -1.203187 
1422 -0.235361 -1.326836 
1423 -0.479110 -1.218055 
1424 -0.347293 -1.288095 
1425 -0.464704 -1.237377 
1426 -0.330232 -1.314229 
1427 -0.297448 -1.315300 
1428 -0.341190 -1.305862 
1429 -0.291185 -1.340210 
1430 -0.140633 -1.423599 
1431 -0.586183 -1.212994 
1432 -0.300794 -1.301998 
1433 -0.319060 -1.328364 
1434 -0.483201 -1.202284 
1435 -0.286213 -1.330701 
1436 -0.286496 -1.314161 
1437 -0.440107 -1.174580 
1438 -0.051088 -1.411638 
1439 -0.336139 -1.197298 
1440 0.117036 -1.658098 
1441 0.867814 -2.360664 
1442 0.670508 -2.182227 
1443 0.638872 -2.070173 
1444 0.504550 -1.934792 
1445 0.519238 -1.969472 
1446 0.289288 -1.776456 
1447 0.414175 -1.854847 
1448 0.491026 -1.930131 
1449 0.456735 -1.939777 
1450 0.359017 -1.817995 
1451 0.120393 -1.648074 
1452 0.391996 -1.831543 
1453 0.173757 -1.695719 
1454 0.369003 -1.796971 
1455 0.179366 -1.675274 
1456 -0.175210 -1.407533 
1457 -0.124660 -1.464473 
1458 -0.075282 -1.480416 
1459 -0.194257 -1.418274 
1460 -0.137474 -1.448413 
1461 -0.348156 -1.346047 
1462 -0.277346 -1.355119 
1463 -0.500433 -1.306361 
1464 -0.726594 -1.193411 
1465 -0.941656 -1.140657 
1466 -1.071135 -1.090959 
1467 -0.977063 -1.129218 
1468 -1.191891 -1.022397 
1469 -1.125655 -1.057107 
1470 -1.175318 -1.029200 
1471 -0.942008 -1.015410 
1472 -1.429856 -1.013956 
1473 -1.644174 -0.995699 
1474 -1.888968 -0.922493 
1475 -2.937431 -1.083214 
1476 -2.760760 -1.046786 
1477 -2.111875 -0.972055 
1478 -2.069430 -0.987299 
1479 -2.109903 -0.998792 
1480 -1.823466 -0.962184 
1481 -1.711887 -1.012893 
1482 -1.621915 -1.008231 
1483 -1.567376 -1.020918 
1484 -1.452429 -1.027706 
1485 -1.618664 -0.989325 
1486 -1.925628 -0.898330 
1487 -3.505059 -1.195238 
1488 -2.964712 -1.086485 
1489 -2.842629 -1.051896 
1490 -2.691990 -1.004935 
1491 -2.876680 -1.062122 
1492 -2.319360 -0.931755 
1493 -2.497036 -0.970561 
1494 -2.367576 -0.932981 
1495 -2.185000 -0.906670 
1496 -2.100327 -0.878065 
1497 -2.192811 -0.892975 
1498 -2.201678 -0.899490 
1499 -1.999947 -0.866270 
1500 -1.583549 -0.884235 
1501 -1.493432 -0.885334 
1502 -1.332181 -0.922378 
1503 -1.070352 -0.933021 
1504 -0.707807 -1.121741 
1505 -0.728100 -1.124370 
1506 -0.651903 -1.090540 
1507 -0.530594 -1.086258 
1508 -0.244676 -1.190352 
1509 -0.625351 -1.057130 
1510 -0.466092 -1.048709 
1511 -0.498006 -1.114797 
1512 -0.295230 -1.039138 
1513 -0.399013 -1.130447 
1514 -0.335288 -1.112657 
1515 -0.574251 -1.090403 
1516 -0.443915 -1.104322 
1517 -0.559585 -1.068364 
1518 -0.451973 -0.998486 
1519 -0.212455 -1.116237 
1520 -0.419011 -1.046438 
1521 -0.207851 -1.193698 
1522 -0.250558 -1.174351 
1523 -0.448589 -1.058463 
1524 -0.525283 -1.063005 
1525 -0.274326 -1.128173 
1526 -0.555642 -1.021072 
1527 -0.252026 -1.180508 
1528 -0.338680 -1.106475 
1529 -0.230633 -1.139091 
1530 -0.477717 -1.088780 
1531 -0.555623 -1.008223 
1532 -0.465402 -1.097185 
1533 -0.526795 -1.033947 
1534 -0.313667 -1.149362 
1535 -0.329790 -1.144594 
1536 -0.333522 -1.089140 
1537 -0.550070 -1.047269 
1538 -0.238020 -1.186451 
1539 -0.343644 -1.110547 
1540 -0.424574 -1.115695 
1541 -0.450667 -1.147162 
1542 -0.438937 -1.078547 
1543 -0.456100 -1.095377 
1544 -0.345219 -1.160049 
1545 -0.451978 -1.133395 
1546 -0.402722 -1.159133 
1547 -0.392864 -1.164816 
1548 -0.289053 -1.202922 
1549 -0.414870 -1.119841 
1550 -0.444882 -1.098390 
1551 -0.362140 -1.176541 
1552 -0.607019 -1.032682 
1553 -0.680537 -0.999092 
1554 -0.531261 -1.026582 
1555 -0.435737 -1.095018 
1556 -0.665468 -0.981194 
1557 -0.709490 -0.979546 
1558 -0.640042 -1.010896 
1559 -0.555092 -1.053246 
1560 -0.693147 -0.970203 
1561 -0.426727 -1.086871 
1562 -0.377179 -1.044022 
1563 -0.523165 -0.975493 
1564 -0.620835 -0.960409 
1565 -0.514336 -1.080912 
1566 -0.570487 -0.991426 
1567 -0.631640 -0.999979 
1568 -0.447207 -1.010350 
1569 -0.529388 -0.997152 
1570 -0.672312 -0.921880 
1571 -0.408517 -0.968494 
1572 -0.400456 -1.071078 
1573 -0.429340 -1.043263 
1574 -0.389329 -1.118394 
1575 -0.613128 -0.927028 
1576 -0.661584 -0.986509 
1577 -0.727275 -0.992727 
1578 -0.643106 -1.031073 
1579 -0.664343 -1.018349 
1580 -0.608246 -1.053111 
1581 -0.539883 -1.049347 
1582 -0.320903 -1.162193 
1583 -0.584942 -1.058834 
1584 -0.635312 -1.051978 
1585 -0.665442 -0.990223 
1586 -0.350459 -1.117800 
1587 -0.365525 -1.113911 
1588 -0.258428 -1.188329 
1589 -0.465062 -1.081733 
1590 -0.598268 -1.013209 
1591 -0.375715 -1.155074 
1592 -0.310786 -1.197709 
1593 -0.374645 -1.140713 
1594 -0.383907 -1.142050 
1595 -0.442284 -1.097630 
1596 -0.462980 -1.116526 
1597 -0.417527 -1.116160 
1598 -0.619105 -1.055050 
1599 -0.588399 -1.063423 
1600 -0.443772 -1.089409 
1601 -0.506121 -1.081535 
1602 -0.386339 -1.143780 
1603 -0.428090 -1.129938 
1604 -0.671778 -1.068908 
1605 -0.579526 -1.069492 
1606 -0.618827 -1.051831 
1607 -0.449032 -1.100056 
1608 -0.452586 -1.108683 
1609 -0.777399 -0.976284 
1610 -0.567212 -1.077817 
1611 -0.511353 -1.117483 
1612 -0.696555 -1.072359 
1613 -0.698781 -1.024376 
1614 -0.737761 -1.047340 
1615 -0.743107 -1.050243 
1616 -1.005302 -0.972551 
1617 -0.963422 -0.978517 
1618 -0.923000 -0.994155 
1619 -0.838303 -1.016737 
1620 -0.866769 -1.015023 
1621 -0.897779 -1.029275 
1622 -0.972777 -1.014287 
1623 -0.747138 -1.060465 
1624 -0.905914 -1.013058 
1625 -1.008973 -0.991827 
1626 -0.978729 -0.998825 
1627 -1.120973 -0.946408 
1628 -1.186368 -0.927403 
1629 -1.122775 -0.955341 
1630 -1.038875 -0.978083 
1631 -1.169456 -0.946278 
1632 -1.032696 -0.981212 
1633 -1.058085 -0.985873 
1634 -1.170773 -0.981499 
1635 -1.134151 -0.953628 
1636 -1.034858 -1.020477 
1637 -0.723301 -1.107668 
1638 -1.169712 -0.962740 
1639 -0.874626 -1.083838 
1640 -0.911320 -1.064649 
1641 -0.974360 -1.033290 
1642 -0.939945 -1.062976 
1643 -0.921399 -1.056271 
1644 -0.692387 -1.157828 
1645 -0.521587 -1.181942 
1646 -0.503918 -1.270062 
1647 -0.767653 -1.143891 
1648 -0.585848 -1.171991 
1649 -0.674862 -1.158709 
1650 -0.449939 -1.243817 
1651 -0.533886 -1.209636 
1652 -0.775925 -1.098241 
1653 -0.637380 -1.163645 
1654 -0.588073 -1.132020 
1655 -0.474237 -1.215381 
1656 -0.705432 -1.085704 
1657 -0.786112 -1.085421 
1658 -0.363987 -1.273091 
1659 -0.639347 -1.158326 
1660 -0.598251 -1.158073 
1661 -0.305973 -1.319141 
1662 -0.521532 -1.191356 
1663 -0.546624 -1.234276 
1664 -0.226279 -1.316437 
1665 -0.595416 -1.196605 
1666 -0.503193 -1.213470 
1667 -0.283857 -1.309134 
1668 -0.312515 -1.275898 
1669 -0.497808 -1.133334 
1670 -0.529730 -1.206031 
1671 -0.345246 -1.266458 
1672 -0.188618 -1.309821 
1673 -0.121248 -1.388429 
1674 -0.207249 -1.325243 
1675 0.034149 -1.453228 
1676 0.139461 -1.518239 
1677 0.268660 -1.602250 
1678 0.273612 -1.616340 
1679 0.263296 -1.599772 
1680 0.275772 -1.654783 
1681 0.312818 -1.682705 
1682 0.333380 -1.661519 
1683 0.361232 -1.706824 
1684 0.153564 -1.561837 
1685 0.334327 -1.690642 
1686 0.278668 -1.640890 
1687 0.438544 -1.770005 
1688 0.109373 -1.525354 
1689 0.198491 -1.594993 
1690 0.251560 -1.650119 
1691 0.230396 -1.623914 
1692 0.138684 -1.545554 
1693 0.118688 -1.549638 
1694 0.011217 -1.436342 
1695 -0.123209 -1.385448 
1696 -0.055961 -1.417171 
1697 0.098283 -1.524217 
1698 0.182025 -1.591276 
1699 0.079945 -1.492254 
1700 0.192858 -1.576206 
1701 -0.109303 -1.398282 
1702 0.037262 -1.462625 
1703 0.014694 -1.484645 
1704 -0.066076 -1.429362 
1705 0.126016 -1.559928 
1706 -0.093828 -1.436065 
1707 -0.024880 -1.489336 
1708 0.333515 -1.714785 
1709 0.190882 -1.655814 
1710 0.162391 -1.583582 
1711 -0.198274 -1.399917 
1712 0.113591 -1.581867 
1713 0.077831 -1.551717 
1714 0.136595 -1.594704 
1715 -0.037217 -1.496762 
1716 0.010826 -1.514474 
1717 0.085981 -1.552544 
1718 0.146159 -1.577847 
1719 0.139084 -1.583833 
1720 -0.141093 -1.406682 
1721 0.092839 -1.540072 
1722 0.142556 -1.580657 
1723 0.165121 -1.605427 
1724 -0.058435 -1.469955 
1725 0.393724 -1.779372 
1726 -0.076316 -1.454194 
1727 0.312608 -1.694832 
1728 0.028823 -1.508537 
1729 0.329638 -1.732494 
1730 0.208904 -1.623956 
1731 0.334291 -1.738268 
1732 0.391020 -1.747278 
1733 0.217559 -1.640780 
1734 0.349345 -1.736043 
1735 0.204082 -1.694123 
1736 0.295681 -1.689326 
1737 0.107974 -1.594595 
1738 0.233205 -1.647148 
1739 0.047031 -1.523009 
1740 -0.103424 -1.438304 
1741 -0.097482 -1.474533 
1742 -0.040692 -1.505741 
1743 0.044105 -1.548895 
1744 -0.236953 -1.400117 
1745 -0.098689 -1.452823 
1746 -0.307357 -1.323784 
1747 -0.262627 -1.375379 
1748 -0.176688 -1.396190 
1749 -0.436838 -1.295999 
1750 -0.170895 -1.407338 
1751 -0.387265 -1.292492 
1752 -0.326401 -1.327628 
1753 -0.328857 -1.310665 
1754 -0.331250 -1.259758 
1755 -0.301232 -1.289754 
1756 -0.496004 -1.216756 
1757 -0.151822 -1.374880 
1758 -0.376194 -1.219579 
1759 -0.434026 -1.215244 
1760 -0.225549 -1.329862 
1761 -0.396842 -1.243423 
1762 -0.288895 -1.272659 
1763 -0.442640 -1.238255 
1764 -0.581227 -1.166137 
1765 -0.679257 -1.139025 
1766 -0.743456 -1.110162 
1767 -0.642912 -1.150924 
1768 -0.858293 -1.060811 
1769 -0.619205 -1.177718 
1770 -0.847429 -1.062026 
1771 -0.742201 -1.130859 
1772 -0.778530 -1.124098 
1773 -0.751058 -1.096641 
1774 -0.567885 -1.182579 
1775 -0.592531 -1.171463 
1776 -0.560397 -1.156706 
1777 -0.579948 -1.164591 
1778 -0.845291 -1.077967 
1779 -0.476900 -1.210896 
1780 -0.949530 -1.049060 
1781 -0.770209 -1.105419 
1782 -0.876224 -1.083190 
1783 -0.639911 -1.149165 
1784 -0.910648 -1.037392 
1785 -0.710693 -1.110584 
1786 -0.583029 -1.119145 
1787 -1.012248 -1.013205 
1788 -0.709914 -1.079551 
1789 -0.977331 -1.031080 
1790 -0.774102 -1.048584 
1791 -0.887559 -1.027835 
1792 -0.699268 -1.057501 
1793 -0.809471 -1.047479 
1794 -0.728906 -1.080484 
1795 -0.772448 -1.054455 
1796 -0.620753 -1.113108 
1797 -0.769360 -1.037981 
1798 -0.762617 -1.062226 
1799 -0.899519 -0.981377 
1800 -0.924218 -1.002961 
1801 -0.915564 -1.028025 
1802 -0.823940 -1.035714 
1803 -1.001739 -1.029478 
1804 -1.041658 -1.020213 
1805 -1.142661 -0.961511 
1806 -1.116002 -1.003434 
1807 -1.147375 -0.970078 
1808 -1.023952 -1.017710 
1809 -0.942732 -1.002359 
1810 -1.152503 -0.972614 
1811 -1.094501 -0.984138 
1812 -1.014593 -0.996442 
1813 -0.924204 -1.005699 
1814 -0.929497 -1.039773 
1815 -1.185810 -0.920082 
1816 -1.070354 -0.968052 
1817 -1.055816 -0.972852 
1818 -1.323695 -0.876408 
1819 -1.068595 -0.960379 
1820 -0.941036 -1.004664 
1821 -1.001606 -0.989600 
1822 -0.915874 -1.011622 
1823 -0.993332 -1.014323 
1824 -0.770688 -1.025384 
1825 -0.740853 -1.031439 
1826 -0.804609 -1.018223 
1827 -0.693363 -1.013640 
1828 -0.521115 -1.110655 
1829 -0.370994 -1.171357 
1830 -0.654464 -1.057078 
1831 -0.519983 -1.110008 
1832 -0.534997 -1.089492 
1833 -0.766108 -0.996898 
1834 -0.523595 -1.136137 
1835 -0.507566 -1.099517 
1836 -0.459470 -1.146994 
1837 -0.780046 -0.998944 
1838 -0.670456 -1.006163 
1839 -0.722216 -1.028323 
1840 -0.615180 -1.059965 
1841 -0.570799 -1.088187 
1842 -0.604444 -1.091540 
1843 -0.646556 -1.060580 
1844 -0.419682 -1.163638 
1845 -0.530680 -1.133905 
1846 -0.368617 -1.173088 
1847 -0.265640 -1.232336 
1848 -0.313343 -1.183877 
1849 -0.416902 -1.199035 
1850 -0.508876 -1.105635 
1851 -0.272869 -1.243058 
1852 -0.210278 -1.295638 
1853 -0.415098 -1.167985 
1854 -0.339872 -1.198007 
1855 -0.386737 -1.185160 
1856 -0.178533 -1.292084 
1857 -0.395879 -1.180471 
1858 -0.533071 -1.115222 
1859 -0.124917 -1.322195 
1860 -0.120115 -1.329384 
1861 -0.385952 -1.199949 
1862 -0.150275 -1.290984 
1863 -0.369584 -1.195421 
1864 -0.252362 -1.281444 
1865 -0.225716 -1.285376 
1866 -0.369454 -1.184692 
1867 -0.604283 -1.087250 
1868 -0.399848 -1.127515 
1869 -0.584162 -1.062443 
1870 -0.299868 -1.172761 
1871 -0.284036 -1.187651 
1872 -0.478751 -1.116864 
1873 -0.441860 -1.145877 
1874 -0.422449 -1.149550 
1875 -0.349197 -1.155904 
1876 -0.526391 -1.087410 
1877 -0.623512 -1.042544 
1878 -0.282148 -1.204365 
1879 -0.294987 -1.179904 
1880 -0.418816 -1.099595 
1881 -0.472147 -1.146765 
1882 -0.411348 -1.173120 
1883 -0.603886 -1.073012 
1884 -0.365810 -1.165612 
1885 -0.443617 -1.115568 
1886 -0.374141 -1.142461 
1887 -0.509950 -1.127627 
1888 -0.540994 -1.050075 
1889 -0.449625 -1.144433 
1890 -0.467136 -1.147368 
1891 -0.499418 -1.091127 
1892 -0.276394 -1.225989 
1893 -0.302222 -1.150221 
1894 -0.285223 -1.192178 
1895 -0.505444 -1.133600 
1896 -0.487098 -1.132921 
1897 -0.468410 -1.096516 
1898 -0.189617 -1.249620 
1899 -0.367452 -1.130614 
1900 -0.330818 -1.203800 
1901 -0.163378 -1.266720 
1902 -0.359200 -1.149859 
1903 -0.268637 -1.208536 
1904 -0.257114 -1.218741 
1905 -0.131181 -1.232634 
1906 -0.178477 -1.208444 
1907 -0.166270 -1.225517 
1908 -0.263466 -1.184921 
1909 -0.247878 -1.105550 
1910 -0.151995 -1.259479 
1911 -0.223028 -1.247252 
1912 -0.287752 -1.185727 
1913 -0.388535 -1.175430 
1914 -0.294186 -1.167256 
1915 -0.427368 -1.146962 
1916 -0.204491 -1.307981 
1917 -0.322673 -1.210524 
1918 -0.263871 -1.259997 
1919 -0.183802 -1.287835 
1920 -0.368087 -1.206204 
1921 -0.520321 -1.136128 
1922 -0.376959 -1.212730 
1923 -0.678557 -1.102600 
1924 -0.512950 -1.159666 
1925 -0.662490 -1.110126 
1926 -0.634241 -1.108557 
1927 -0.658781 -1.096421 
1928 -0.882230 -1.028277 
1929 -0.441099 -1.208412 
1930 -0.739208 -1.087495 
1931 -0.573013 -1.142514 
1932 -0.534887 -1.176656 
1933 -0.481520 -1.203385 
1934 -0.412908 -1.211498 
1935 -0.473525 -1.219622 
1936 -0.373561 -1.261440 
1937 -0.777858 -1.151164 
1938 -0.415694 -1.288920 
1939 -0.928291 -1.131948 
1940 -0.694147 -1.172321 
1941 -0.780494 -1.191228 
1942 -0.374772 -1.315795 
1943 -0.670886 -1.218858 
1944 -0.419132 -1.313180 
1945 -0.608057 -1.233468 
1946 -0.677526 -1.229916 
1947 -0.359286 -1.313563 
1948 -0.366266 -1.300891 
1949 -0.158856 -1.412049 
1950 -0.049976 -1.441317 
1951 0.294836 -1.655412 
1952 0.122844 -1.529595 
1953 -0.054925 -1.455385 
1954 0.123635 -1.528326 
1955 0.124248 -1.535064 
1956 0.056475 -1.461962 
1957 0.268360 -1.591834 
1958 0.228287 -1.579003 
1959 -0.025741 -1.373689 
1960 0.309257 -1.626402 
1961 0.030855 -1.398714 
1962 0.120410 -1.451053 
1963 0.114712 -1.455768 
1964 0.042133 -1.366885 
1965 -0.175490 -1.306287 
1966 -0.138744 -1.288044 
1967 -0.201455 -1.272303 
1968 0.084561 -1.414872 
1969 -0.146224 -1.266277 
1970 -0.123296 -1.259224 
1971 -0.364671 -1.027434 
1972 -0.317446 -1.203161 
1973 -0.218369 -1.172525 
1974 -0.309282 -1.103805 
1975 -0.202889 -1.188872 
1976 -0.250933 -1.183206 
1977 -0.490636 -1.079791 
1978 -0.262661 -1.161534 
1979 -0.523074 -1.088133 
1980 -0.497055 -1.093888 
1981 -0.270074 -1.035077 
1982 -0.248326 -1.085639 
1983 -0.531586 -0.970780 
1984 -0.367376 -1.055187 
1985 -0.287310 -1.128871 
1986 -0.347760 -1.093628 
1987 -0.246863 -1.159795 
1988 -0.445919 -1.088769 
1989 -0.162057 -1.211754 
1990 -0.226592 -1.206564 
1991 -0.388558 -1.189785 
1992 -0.481694 -1.112585 
1993 -0.312844 -1.162301 
1994 -0.509669 -1.093229 
1995 -0.544363 -1.047508 
1996 -0.488717 -1.141605 
1997 -0.235787 -1.172356 
1998 -0.542124 -1.103474 
1999 -0.220877 -1.156237 
2000 -0.356916 -1.099477 
2001 -0.264271 -1.175946 
2002 -0.421011 -1.062645 
2003 -0.261836 -1.195115 
2004 -0.157460 -1.211271 
2005 -0.349541 -1.169596 
2006 -0.456828 -1.055672 
2007 -0.407734 -1.049880 
2008 -0.565285 -0.921552 
2009 -0.463209 -1.075786 
2010 -0.502094 -1.113577 
2011 -0.472066 -1.063183 
2012 -0.461499 -1.110782 
2013 -0.280234 -1.071648 
2014 -0.179776 -1.153206 
2015 -0.151939 -1.202002 
2016 -0.261466 -1.152838 
2017 -0.337324 -1.161164 
2018 -0.229357 -1.177108 
2019 -0.256872 -1.150656 
2020 -0.345974 -1.100210 
2021 -0.442074 -1.020633 
2022 -0.425860 -1.027851 
2023 -0.348261 -1.115905 
2024 -0.364019 -1.104309 
2025 -0.210440 -1.174008 
2026 -0.380497 -1.064944 
2027 -0.469417 -1.082079 
2028 -0.325083 -1.131268 
2029 -0.560206 -1.058262 
2030 -0.290465 -1.086693 
2031 -0.398854 -1.056952 
2032 -0.489776 -1.074279 
2033 -0.525207 -0.968978 
2034 -0.395203 -1.151199 
2035 -0.343408 -1.158655 
2036 -0.507143 -1.115429 
2037 -0.530157 -1.049364 
2038 -0.303550 -1.163565 
2039 -0.354573 -1.221733 
2040 -0.283054 -1.178269 
2041 -0.610560 -1.011837 
2042 -0.217695 -1.214718 
2043 -0.425970 -1.090325 
2044 -0.499151 -1.100273 
2045 -0.355612 -1.074260 
2046 -0.389316 -1.080161 
2047 -0.289485 -1.127230 
2048 -0.275397 -1.162969 
2049 -0.384146 -1.047480 
2050 -0.546601 -0.985912 
2051 -0.469797 -1.119899 
2052 -0.647340 -0.962363 
2053 -0.329427 -1.066462 
2054 -0.420528 -1.090644 
2055 -0.535307 -1.073068 
2056 -0.509499 -1.060164 
2057 -0.585320 -1.048283 
2058 -0.368209 -1.109942 
2059 -0.339214 -1.111944 
2060 -0.670607 -1.018359 
2061 -0.416228 -1.055541 
2062 -0.467884 -1.042067 
2063 -0.562756 -1.027050 
2064 -0.612020 -1.059782 
2065 -0.464690 -1.058681 
2066 -0.725299 -0.983003 
2067 -0.494386 -1.063179 
2068 -0.523619 -0.963829 
2069 -0.604500 -0.993317 
2070 -0.424275 -1.079078 
2071 -0.576483 -0.992650 
2072 -0.637615 -1.011385 
2073 -0.549861 -1.021683 
2074 -0.585956 -1.022651 
2075 -0.418909 -1.017119 
2076 -0.568409 -0.946139 
2077 -0.528102 -1.046651 
2078 -0.370170 -1.085989 
2079 -0.689093 -0.975328 
2080 -0.490966 -1.030709 
2081 -0.582558 -1.054996 
2082 -0.646754 -0.932901 
2083 -0.577342 -0.984052 
2084 -0.309211 -1.082024 
2085 -0.552516 -0.979872 
2086 -0.483783 -1.074893 
2087 -0.236115 -1.154555 
2088 -0.307371 -1.072294 
2089 -0.576955 -0.963787 
2090 -0.298519 -1.133830 
2091 -0.345799 -1.118641 
2092 -0.315909 -1.126420 
2093 -0.281827 -1.138180 
2094 -0.363294 -1.134002 
2095 -0.488170 -1.086394 
2096 -0.424726 -1.073820 
2097 -0.288519 -1.138487 
2098 -0.404446 -1.062459 
2099 -0.311837 -1.130635 
2100 -0.211409 -1.154562 
2101 -0.491047 -1.055033 
2102 -0.539912 -1.034053 
2103 -0.516087 -1.063622 
2104 -0.296587 -1.155331 
2105 -0.249903 -1.125916 
2106 -0.471817 -1.085325 
2107 -0.295877 -1.163880 
2108 -0.473355 -1.069126 
2109 -0.526915 -1.075179 
2110 -0.428950 -1.131287 
2111 -0.462394 -1.140695 
2112 -0.304933 -1.170946 
2113 -0.596460 -1.067995 
2114 -0.370972 -1.167636 
2115 -0.551194 -1.108797 
2116 -0.389855 -1.170309 
2117 -0.559479 -1.110783 
2118 -0.469955 -1.112166 
2119 -0.609469 -1.103499 
2120 -0.678318 -1.067078 
2121 -0.363358 -1.189059 
2122 -0.685541 -1.111655 
2123 -0.585263 -1.101277 
2124 -0.479780 -1.135697 
2125 -0.480024 -1.164198 
2126 -0.538890 -1.167706 
2127 -0.623453 -1.115236 
2128 -0.796014 -1.070125 
2129 -0.547402 -1.156904 
2130 -0.567852 -1.129402 
2131 -0.767871 -1.067842 
2132 -0.844403 -1.063041 
2133 -0.928378 -1.059085 
2134 -0.791291 -1.092862 
2135 -0.857149 -1.097750 
2136 -0.963250 -1.038602 
2137 -0.971322 -1.024898 
2138 -0.685576 -1.148173 
2139 -1.008773 -1.022712 
2140 -0.838162 -1.080002 
2141 -0.704901 -1.087958 
2142 -0.828491 -1.094619 
2143 -0.759889 -1.113280 
2144 -0.772711 -1.092640 
2145 -0.421529 -1.197601 
2146 -0.547814 -1.151345 
2147 -0.522933 -1.135894 
2148 -0.524408 -1.184980 
2149 -0.822085 -1.033135 
2150 -0.591272 -1.162482 
2151 -0.560592 -1.157518 
2152 -0.519379 -1.209629 
2153 -0.461917 -1.225098 
2154 -0.532088 -1.224457 
2155 -0.583022 -1.195866 
2156 -0.427909 -1.245857 
2157 -0.686696 -1.164070 
2158 -0.529384 -1.202983 
2159 -0.446183 -1.243562 
2160 -0.407090 -1.270269 
2161 -0.134340 -1.404762 
2162 -0.134468 -1.407399 
2163 -0.000456 -1.476611 
2164 -0.148567 -1.402940 
2165 -0.103225 -1.427571 
2166 -0.055645 -1.449240 
2167 -0.072684 -1.438394 
2168 -0.220360 -1.381151 
2169 -0.215540 -1.373783 
2170 -0.202190 -1.364236 
2171 -0.266729 -1.307341 
2172 -0.267155 -1.344601 
2173 -0.439480 -1.235506 
2174 -0.642520 -1.167782 
2175 -0.456864 -1.234911 
2176 -0.555632 -1.189389 
2177 -0.785453 -1.095492 
2178 -0.578206 -1.182116 
2179 -0.955989 -1.041864 
2180 -0.495106 -1.205790 
2181 -0.568075 -1.211244 
2182 -0.764936 -1.136250 
2183 -0.710133 -1.160791 
2184 -0.642734 -1.185193 
2185 -1.039092 -1.015811 
2186 -0.886017 -1.057446 
2187 -1.098340 -1.019611 
2188 -0.781241 -1.106757 
2189 -1.155712 -0.983997 
2190 -1.050666 -1.003767 
2191 -0.549961 -1.209651 
2192 -0.727717 -1.100326 
2193 -0.701361 -1.119092 
2194 -0.726222 -1.109637 
2195 -0.822459 -1.067089 
2196 -0.534740 -1.208308 
2197 -0.643359 -1.125357 
2198 -0.656188 -1.134074 
2199 -0.661927 -1.125090 
2200 -0.759219 -1.085576 
2201 -0.928577 -1.017785 
2202 -0.768305 -1.066955 
2203 -0.557779 -1.133703 
2204 -0.522873 -1.134034 
2205 -0.641772 -1.091955 
2206 -0.456534 -1.118133 
2207 -0.477344 -1.138806 
2208 -0.566785 -1.123702 
2209 -0.497354 -1.164733 
2210 -0.457219 -1.193633 
2211 -0.699984 -1.056038 
2212 -0.514352 -1.182290 
2213 -0.390474 -1.186668 
2214 -0.672738 -1.112752 
2215 -0.395973 -1.227526 
2216 -0.587072 -1.138665 
2217 -0.406562 -1.205007 
2218 -0.415364 -1.184991 
2219 -0.473199 -1.187516 
2220 -0.484115 -1.178772 
2221 -0.370036 -1.245993 
2222 -0.404806 -1.244917 
2223 -0.418304 -1.225542 
2224 -0.200197 -1.322964 
2225 -0.396702 -1.232642 
2226 -0.194120 -1.344230 
2227 -0.481145 -1.198205 
2228 -0.407314 -1.223530 
2229 -0.539597 -1.192435 
2230 -0.353113 -1.273088 
2231 -0.479549 -1.216002 
2232 -0.396587 -1.241666 
2233 -0.379204 -1.265641 
2234 -0.252944 -1.305895 
2235 -0.522845 -1.185247 
2236 -0.214533 -1.342069 
2237 -0.579021 -1.163213 
2238 -0.435763 -1.255233 
2239 -0.607225 -1.164855 
2240 -0.638372 -1.158031 
2241 -0.471430 -1.216877 
2242 -0.359855 -1.249987 
2243 -0.580979 -1.173448 
2244 -0.432887 -1.201053 
2245 -0.492026 -1.197307 
2246 -0.585701 -1.192513 
2247 -0.423885 -1.266906 
2248 -0.655392 -1.189080 
2249 -0.405098 -1.281116 
2250 -0.568555 -1.217014 
2251 -0.842440 -1.134279 
2252 -0.428195 -1.264242 
2253 -0.628443 -1.195725 
2254 -0.351988 -1.334065 
2255 -0.263079 -1.383714 
2256 -0.300732 -1.347788 
2257 -0.489783 -1.288263 
2258 -0.223753 -1.389868 
2259 -0.467432 -1.281831 
2260 -0.250540 -1.385238 
2261 -0.552770 -1.270036 
2262 -0.361602 -1.320471 
2263 -0.417168 -1.311157 
2264 -0.654523 -1.198145 
2265 -0.415294 -1.312658 
2266 -0.529632 -1.255997 
2267 -0.812537 -1.136326 
2268 -0.713100 -1.158483 
2269 -0.587994 -1.203052 
2270 -0.919218 -1.096975 
2271 -0.795528 -1.111482 
2272 -0.704822 -1.167163 
2273 -0.591664 -1.228286 
2274 -0.490127 -1.264380 
2275 -0.418480 -1.290300 
2276 -0.507650 -1.229392 
2277 -0.258453 -1.368978 
2278 -0.495615 -1.242791 
2279 -0.580357 -1.198077 
2280 -0.434555 -1.274123 
2281 -0.587436 -1.179270 
2282 -0.743870 -1.134960 
2283 -0.696658 -1.118803 
2284 -0.501568 -1.218993 
2285 -0.385492 -1.217350 
2286 -0.628614 -1.095629 
2287 -0.368330 -1.211159 
2288 -0.597661 -1.130591 
2289 -0.368993 -1.193714 
2290 -0.677919 -1.056506 
2291 -0.499008 -1.159023 
2292 -0.513970 -0.964438 
2293 -0.356929 -1.007116 
2294 -0.468148 -1.088771 
2295 -0.399429 -1.083114 
2296 -0.356536 -1.117692 
2297 -0.606014 -1.084458 
2298 -0.248758 -1.088621 
2299 -0.523813 -0.985179 
2300 -0.318277 -1.106467 
2301 -0.663002 -1.015734 
2302 -0.319768 -1.142857 
2303 -0.637754 -1.029816 
2304 -0.511898 -1.011631 
2305 -0.724462 -1.014835 
2306 -0.436928 -1.141068 
2307 -0.340703 -1.096776 
2308 -0.771869 -0.962139 
2309 -0.658500 -1.087586 
2310 -0.508609 -1.080039 
2311 -0.695626 -1.027110 
2312 -0.792149 -1.016308 
2313 -0.700581 -1.029065 
2314 -0.570241 -1.060887 
2315 -0.646963 -1.086691 
2316 -0.521797 -1.120119 
2317 -0.540145 -1.101999 
2318 -0.726945 -1.015335 
2319 -0.661054 -1.024495 
2320 -0.723055 -1.024595 
2321 -0.355263 -1.164687 
2322 -0.738533 -0.987026 
2323 -0.504779 -1.117984 
2324 -0.720482 -1.076506 
2325 -0.433896 -1.145225 
2326 -0.757286 -1.015507 
2327 -0.501766 -1.098573 
2328 -0.619534 -1.045493 
2329 -0.574422 -1.066839 
2330 -0.579855 -1.100376 
2331 -0.655204 -1.063170 
2332 -0.547726 -1.111944 
2333 -0.730812 -1.037912 
2334 -0.602246 -1.064649 
2335 -0.816987 -0.974796 
2336 -0.621028 -1.071390 
2337 -0.571951 -1.008141 
2338 -0.476298 -1.118766 
2339 -0.461126 -1.101538 
2340 -0.627366 -1.100290 
2341 -0.484156 -1.103445 
2342 -0.769566 -1.006656 
2343 -0.551757 -1.095377 
2344 -0.728745 -1.006581 
2345 -0.835313 -0.966994 
2346 -0.804306 -1.000243 
2347 -0.753743 -1.029675 
2348 -0.618060 -1.070834 
2349 -0.485921 -1.106896 
2350 -0.805205 -1.000779 
2351 -0.740786 -0.974667 
2352 -0.791329 -1.000803 
2353 -0.837099 -0.991212 
2354 -0.635468 -1.036076 
2355 -0.621909 -1.081864 
2356 -0.680657 -1.050716 
2357 -0.740518 -1.024793 
2358 -0.764475 -1.026877 
2359 -0.802156 -0.979024 
2360 -0.832513 -0.986209 
2361 -0.664061 -1.033202 
2362 -0.872925 -0.945670 
2363 -0.897055 -0.935431 
2364 -0.825557 -0.977374 
2365 -0.783643 -1.007912 
2366 -0.827767 -0.960592 
2367 -0.588525 -1.059965 
2368 -0.703823 -1.009234 
2369 -0.722753 -1.006634 
2370 -0.492009 -1.078322 
2371 -0.764064 -1.005484 
2372 -0.492654 -1.084267 
2373 -0.683994 -1.032035 
2374 -0.484735 -1.121002 
2375 -0.447376 -1.125052 
2376 -0.557718 -1.082552 
2377 -0.437322 -1.110316 
2378 -0.645689 -1.057849 
2379 -0.556675 -1.084774 
2380 -0.779242 -1.020326 
2381 -1.043455 -0.952621 
2382 -0.926323 -1.005924 
2383 -0.997786 -0.966769 
2384 -1.128515 -0.906375 
2385 -1.019559 -0.923539 
2386 -0.794195 -1.022748 
2387 -1.025778 -0.915845 
2388 -0.891092 -0.993851 
2389 -0.876217 -1.000325 
2390 -0.981610 -0.971781 
2391 -0.888555 -1.001642 
2392 -0.772530 -1.053134 
2393 -0.817792 -1.062448 
2394 -1.180072 -0.936146 
2395 -0.719827 -1.096173 
2396 -0.841430 -1.029027 
2397 -0.751689 -1.100039 
2398 -0.831760 -1.058727 
2399 -0.914715 -1.039083 
2400 -1.105447 -0.970676 
2401 -0.965635 -0.976658 
2402 -0.846307 -1.039203 
2403 -0.612831 -1.041488 
2404 -0.836164 -0.956950 
2405 -0.567176 -1.032876 
2406 -0.422508 -1.108204 
2407 -0.667658 -1.023367 
2408 -0.470697 -1.100610 
2409 -0.435068 -1.076125 
2410 -0.411847 -1.090683 
2411 -0.313820 -1.086770 
2412 -0.480526 -1.048237 
2413 -0.433871 -1.111437 
2414 -0.383652 -1.142865 
2415 -0.619016 -1.028028 
2416 -0.310601 -1.169107 
2417 -0.647185 -1.019168 
2418 -0.441681 -1.118102 
2419 -0.377222 -1.097260 
2420 -0.512367 -1.105245 
2421 -0.402513 -1.144535 
2422 -0.396150 -1.138678 
2423 -0.426734 -1.127434 
2424 -0.230957 -1.241724 
2425 -0.619658 -1.047205 
2426 -0.438826 -1.123951 
2427 -0.533083 -1.091278 
2428 -0.420344 -1.160506 
2429 -0.425330 -1.106958 
2430 -0.340910 -1.118416 
2431 -0.300235 -1.135707 
2432 -0.450111 -1.095035 
2433 -0.515737 -1.092191 
2434 -0.299214 -1.180493 
2435 -0.350545 -1.185412 
2436 -0.270611 -1.202771 
2437 -0.347947 -1.195789 
2438 -0.424530 -1.173786 
2439 -0.368253 -1.251135 
2440 -0.318266 -1.227792 
2441 -0.431771 -1.221008 
2442 -0.516411 -1.185836 
2443 -0.328667 -1.270705 
2444 -0.557931 -1.160089 
2445 -0.876867 -1.079488 
2446 -0.821129 -1.089805 
2447 -0.912361 -1.066430 
2448 -0.694016 -1.144585 
2449 -0.802822 -1.103652 
2450 -0.952030 -1.053608 
2451 -1.126882 -0.995737 
2452 -1.214568 -0.969183 
2453 -1.180169 -0.998540 
2454 -1.304070 -0.947427 
2455 -1.548864 -0.897555 
2456 -1.554200 -0.872296 
2457 -1.664264 -0.861798 
2458 -1.266085 -0.932616 
2459 -1.391503 -0.895622 
2460 -1.514355 -0.865282 
2461 -1.436584 -0.888763 
2462 -1.189369 -0.960337 
2463 -1.379296 -0.893421 
2464 -1.088088 -0.987956 
2465 -0.694996 -1.122602 
2466 -0.817347 -1.076244 
2467 -1.166956 -1.013305 
2468 -1.045355 -1.031872 
2469 -0.997404 -1.049734 
2470 -1.161275 -0.997757 
2471 -1.247355 -0.973783 
2472 -0.974087 -1.053750 
2473 -1.007606 -1.064904 
2474 -1.326019 -0.976725 
2475 -1.207619 -1.014253 
2476 -1.254639 -1.003724 
2477 -0.997966 -1.055767 
2478 -1.047228 -1.046586 
2479 -1.131329 -1.013361 
2480 -1.077451 -1.025367 
2481 -1.311898 -0.974846 
2482 -1.181913 -1.018388 
2483 -0.986563 -1.096430 
2484 -1.375510 -0.969972 
2485 -1.221181 -1.047476 
2486 -0.993832 -1.092160 
2487 -1.180637 -1.013424 
2488 -0.911193 -1.129816 
2489 -1.422322 -0.961877 
2490 -1.346955 -0.993938 
2491 -1.450288 -0.973213 
2492 -1.500813 -1.008147 
2493 -1.538712 -0.935097 
2494 -1.347613 -1.003248 
2495 -1.551618 -0.951459 
2496 -1.500566 -0.973368 
2497 -1.492369 -0.957226 
2498 -1.249839 -1.024859 
2499 -1.485529 -0.935366 
2500 -1.424653 -0.968977 
2501 -1.362648 -0.979782 
2502 -1.226097 -1.021690 
2503 -1.495444 -0.959743 
2504 -1.300850 -1.023887 
2505 -1.280816 -1.026489 
2506 -1.158096 -1.064173 
2507 -1.099287 -1.073696 
2508 -1.325773 -0.991920 
2509 -1.111824 -1.050925 
2510 -1.303861 -1.007164 
2511 -1.010357 -1.052502 
2512 -0.850128 -1.149845 
2513 -0.821153 -1.128399 
2514 -0.965112 -1.073817 
2515 -0.560898 -1.212475 
2516 -0.874152 -1.108687 
2517 -0.783117 -1.119706 
2518 -0.596268 -1.197912 
2519 -0.274659 -1.338191 
2520 -0.471532 -1.223023 
2521 -0.087889 -1.397480 
2522 -0.008341 -1.295655 
2523 1.282367 -3.054393 
2524 1.037567 -2.731553 
2525 0.674010 -2.053251 
2526 0.905174 -2.367026 
2527 0.665066 -2.066288 
2528 0.437905 -1.811397 
2529 0.279775 -1.705504 
2530 0.199430 -1.652649 
2531 -0.120236 -1.500306 
2532 -0.305698 -1.403650 
2533 -0.492696 -1.325870 
2534 -0.415573 -1.346107 
2535 -0.350717 -1.400226 
2536 -0.498556 -1.327321 
2537 -0.335911 -1.382775 
2538 -0.248981 -1.424064 
2539 -0.802274 -1.187751 
2540 -0.818885 -1.162437 
2541 -1.185068 -1.047166 
2542 -0.992639 -1.094231 
2543 -1.239915 -1.035764 
2544 -1.188787 -1.041606 
2545 -1.021591 -1.094700 
2546 -1.155690 -1.069666 
2547 -1.141851 -1.016978 
2548 -1.095415 -1.061876 
2549 -1.387290 -0.956726 
2550 -1.346651 -0.986669 
2551 -1.126148 -1.008810 
2552 -1.516079 -0.912953 
2553 -1.565916 -0.918918 
2554 -1.782934 -0.865777 
2555 -1.677289 -0.875602 
2556 -1.410518 -0.917416 
2557 -1.941514 -0.850792 
2558 -1.359309 -0.931315 
2559 -1.485550 -0.908008 
2560 -1.353157 -0.921646 
2561 -1.490716 -0.913742 
2562 -1.785682 -0.857847 
2563 -1.751474 -0.876734 
2564 -1.580548 -0.898260 
2565 -1.618860 -0.893286 
2566 -1.608321 -0.884543 
2567 -1.413136 -0.927933 
2568 -1.896513 -0.850953 
2569 -1.648774 -0.867914 
2570 -1.530242 -0.897496 
2571 -1.413358 -0.890184 
2572 -1.313705 -0.905239 
2573 -1.215819 -0.935769 
2574 -0.920729 -1.015961 
2575 -0.992806 -1.011580 
2576 -1.293445 -0.957528 
2577 -1.177393 -0.977061 
2578 -1.155002 -0.973987 
2579 -1.297020 -0.939305 
2580 -1.154607 -0.997550 
2581 -1.358972 -0.944731 
2582 -1.475589 -0.948512 
2583 -1.360651 -0.927647 
2584 -1.449455 -0.922091 
2585 -1.613317 -0.855211 
2586 -1.284000 -0.972019 
2587 -1.426903 -0.910326 
2588 -1.352398 -0.959716 
2589 -1.408030 -0.940024 
2590 -1.311178 -0.945375 
2591 -0.719155 -1.106325 
2592 -0.698927 -1.134580 
2593 -0.948163 -1.000034 
2594 -0.859528 -1.063817 
2595 -0.590898 -1.160663 
2596 -0.507675 -1.208982 
2597 -0.576539 -1.172811 
2598 -0.805941 -1.117283 
2599 -0.821284 -1.112499 
2600 -0.760827 -1.127202 
2601 -0.826911 -1.110032 
2602 -0.522338 -1.215234 
2603 -0.839227 -1.105976 
2604 -0.534554 -1.221042 
2605 -0.539723 -1.215834 
2606 -0.758957 -1.137449 
2607 -0.594987 -1.210592 
2608 -0.630693 -1.182261 
2609 -0.549505 -1.218791 
2610 -0.930644 -1.094794 
2611 -0.637037 -1.180188 
2612 -0.855397 -1.114785 
2613 -0.779380 -1.128837 
2614 -0.737856 -1.143279 
2615 -0.751647 -1.130734 
2616 -0.603939 -1.193061 
2617 -0.789706 -1.128500 
2618 -0.697560 -1.155967 
2619 -0.615016 -1.184276 
2620 -0.592353 -1.168548 
2621 -0.603296 -1.186713 
2622 -0.274308 -1.298704 
2623 -0.321380 -1.264218 
2624 -0.702339 -1.127288 
2625 -0.276418 -1.241311 
2626 -0.536209 -1.063033 
2627 -0.460944 -1.056801 
2628 -0.473622 -1.099318 
2629 -0.328673 -1.130623 
2630 -0.444924 -1.126779 
2631 -0.465745 -1.084211 
2632 -0.520216 -1.002660 
2633 -0.438700 -1.041820 
2634 -0.196978 -1.210374 
2635 -0.249964 -0.967075 
