2329 2
1382 -4.656452 -4.791472
1404 -4.188883 -4.291222
2354 -3.546894 -3.584160
1360 -4.186586 -4.284608
1359 -4.138676 -4.260433
1367 -4.354093 -4.467659
1286 -4.627298 -4.686581
1383 -4.591714 -4.716430
1418 -3.342968 -3.433402
1289 -4.467503 -4.540922
1288 -4.582089 -4.644954
1381 -4.533094 -4.630188
2371 -3.823300 -3.881278
1363 -4.224771 -4.317131
1278 -4.566882 -4.639993
1271 -4.678902 -4.738450
1397 -4.397389 -4.508900
1361 -4.118120 -4.212823
189 -2.792722 -3.166387
92 -4.169141 -4.468097
1370 -4.503341 -4.602659
1391 -4.537014 -4.650745
1293 -4.550952 -4.630781
2369 -3.847894 -3.904863
1396 -4.391333 -4.497379
1291 -4.611452 -4.669672
1422 -3.027516 -3.128717
1603 0.666343 -0.998217
1380 -4.665884 -4.773794
1393 -4.537421 -4.664326
1395 -4.458535 -4.553860
1409 -3.975927 -4.067092
1399 -4.360072 -4.476331
1259 -4.425577 -4.505852
1260 -4.461475 -4.531374
2361 -3.622592 -3.678452
1403 -4.188691 -4.275457
1423 -3.075051 -3.177939
1389 -4.680941 -4.787417
556 2.756823 -2.134482
1371 -4.578666 -4.698040
1730 -0.223898 -0.949026
254 -0.866099 -1.456202
1377 -4.555214 -4.660152
1274 -4.601104 -4.641706
1290 -4.601243 -4.661032
1292 -4.578419 -4.647278
1284 -4.511157 -4.574511
1373 -4.410217 -4.509729
2133 0.937261 -1.036492
1144 -1.325677 -1.688507
1387 -4.550261 -4.665092
1390 -4.628428 -4.737273
1258 -4.428566 -4.521758
1400 -4.342652 -4.442751
1881 -1.277683 -1.835132
390 1.035814 -1.124929
1246 -4.273954 -4.368349
1276 -4.657639 -4.735632
2222 0.439199 -0.776632
1277 -4.696102 -4.743483
2358 -3.533554 -3.594585
1262 -4.495586 -4.574677
1819 -1.426606 -1.892475
1264 -4.487906 -4.558297
1350 -4.008055 -4.128861
944 4.546751 -3.105732
1287 -4.496578 -4.550479
1593 0.689456 -0.975675
2378 -4.066816 -4.109802
403 1.094977 -1.157339
2380 -4.214996 -4.262319
951 4.458609 -3.073680
1799 -1.129149 -1.593431
82 -4.371910 -4.680191
1980 -0.100178 -1.013717
1223 -4.002132 -4.170913
1266 -4.466765 -4.529141
90 -4.110378 -4.416140
539 2.446527 -1.966116
2155 1.242364 -1.149597
128 -3.910462 -4.246253
1366 -4.248017 -4.340107
1285 -4.556640 -4.628324
1386 -4.604269 -4.715747
423 1.177951 -1.250603
1823 -1.534914 -1.997705
1935 -0.378714 -1.103161
1919 -0.505447 -1.172057
1189 -3.172253 -3.355695
91 -4.077125 -4.357022
1379 -4.606045 -4.717873
1265 -4.488275 -4.548352
1279 -4.560714 -4.589321
616 4.804343 -3.411911
1876 -1.373688 -1.943550
2349 -3.338216 -3.363315
2071 0.313625 -0.910658
1970 -0.139045 -1.046124
1275 -4.632143 -4.681664
1228 -4.094113 -4.235523
1209 -3.801875 -3.964835
1214 -3.928573 -4.067032
2339 -3.229281 -3.269581
572 3.197258 -2.385142
1280 -4.652894 -4.716091
1282 -4.550004 -4.614995
249 -0.971828 -1.540586
1357 -4.050255 -4.158869
2023 0.040612 -0.972654
307 0.085968 -0.887396
289 -0.158447 -0.945914
2318 -2.089570 -2.210717
2231 0.257268 -0.742122
1734 -0.241357 -0.982118
1398 -4.331129 -4.440895
1401 -4.267051 -4.359500
1358 -4.212444 -4.313446
720 5.060717 -3.533216
1369 -4.334823 -4.448421
1197 -3.422039 -3.574111
1245 -4.202765 -4.305218
395 1.073283 -1.132243
1210 -3.750734 -3.916223
188 -2.811823 -3.171222
886 4.796473 -3.290565
1885 -1.142007 -1.717055
88 -4.144143 -4.437873
2254 -0.175455 -0.824428
161 -3.558086 -3.905347
1239 -4.242825 -4.367655
1272 -4.592274 -4.652755
1229 -4.116706 -4.263969
2097 0.501570 -0.916955
1417 -3.393717 -3.507242
115 -3.967944 -4.271077
2302 -1.300709 -1.499189
1394 -4.432176 -4.535680
1492 -0.266707 -0.942322
147 -3.731507 -4.060364
1216 -3.914346 -4.092084
789 5.221831 -3.659359
1739 -0.323149 -1.023022
1612 0.648141 -0.993505
1891 -0.999292 -1.566792
85 -4.240344 -4.533125
272 -0.462677 -1.139567
1226 -4.101831 -4.236341
1816 -1.379449 -1.840762
1812 -1.286867 -1.768191
146 -3.740819 -4.089336
145 -3.714604 -4.028919
2157 1.266364 -1.192066
1356 -4.059961 -4.146751
2351 -3.507212 -3.539672
1084 0.000735 -0.928168
1745 -0.434877 -1.083879
1160 -1.972329 -2.258371
1365 -4.209951 -4.312500
412 1.142379 -1.200406
1384 -4.617657 -4.736460
1218 -3.945917 -4.100041
2356 -3.530858 -3.577715
83 -4.259538 -4.568892
2060 0.246553 -0.922601
1283 -4.592549 -4.665104
2372 -3.776286 -3.843496
871 4.872006 -3.342501
897 4.721600 -3.204462
1793 -1.009264 -1.491232
269 -0.506153 -1.156458
384 0.961084 -1.074132
1811 -1.272166 -1.746218
808 5.225679 -3.628363
158 -3.614001 -3.951841
2151 1.153527 -1.078379
2230 0.237917 -0.742875
842 5.167408 -3.566979
744 5.268688 -3.683211
1435 -2.200871 -2.326591
1513 0.053121 -0.880791
1790 -0.998065 -1.467107
408 1.111548 -1.168948
1786 -0.926438 -1.410203
163 -3.497521 -3.834254
538 2.368134 -1.921262
141 -3.800331 -4.146911
1738 -0.314621 -1.021342
1904 -0.784116 -1.384704
1406 -4.128926 -4.223501
692 5.200747 -3.606817
941 4.486207 -3.084441
87 -4.180996 -4.469975
248 -1.056882 -1.589867
2227 0.259703 -0.772842
835 5.081608 -3.520420
1412 -3.736158 -3.818496
1416 -3.401139 -3.509660
713 5.084476 -3.531785
261 -0.682251 -1.305804
1368 -4.339340 -4.459512
275 -0.455436 -1.110239
1281 -4.528773 -4.581915
385 0.985772 -1.078666
1121 -0.641653 -1.164646
1961 -0.229895 -1.071775
898 4.684212 -3.187785
1882 -1.180927 -1.750511
2255 -0.187347 -0.849350
118 -3.991307 -4.298482
1818 -1.420056 -1.892688
1159 -2.012881 -2.293413
1235 -4.078622 -4.192261
1217 -3.879237 -4.033115
193 -2.667955 -3.054657
1455 -1.208832 -1.484376
1471 -0.668047 -1.148436
771 5.351107 -3.762921
1269 -4.586944 -4.659641
1252 -4.369092 -4.476007
1060 0.465503 -0.877422
1244 -4.199979 -4.309155
2121 0.761701 -0.964456
1442 -1.800075 -1.997028
1296 -4.484704 -4.546803
1199 -3.550100 -3.743538
1779 -0.841499 -1.334958
1944 -0.329263 -1.065913
435 1.271255 -1.337258
2239 0.093881 -0.750267
2235 0.188674 -0.730255
2091 0.436545 -0.923152
1820 -1.442583 -1.906585
252 -0.933116 -1.481097
2383 -4.240363 -4.283461
1798 -1.114119 -1.591997
2373 -3.848536 -3.889288
1249 -4.320344 -4.411071
714 5.160535 -3.586807
1888 -1.043940 -1.594724
1185 -3.083857 -3.280750
2202 0.884328 -0.958281
1153 -1.673917 -1.992931
933 4.539372 -3.121378
1203 -3.592037 -3.757185
711 5.090633 -3.556050
1241 -4.201217 -4.324187
888 4.757436 -3.240896
2366 -3.776158 -3.824873
2036 0.098417 -0.951066
1446 -1.586340 -1.791743
1388 -4.668849 -4.781879
294 -0.089076 -0.943164
1756 -0.568480 -1.163457
1374 -4.473276 -4.581253
391 1.026312 -1.108572
1605 0.660193 -0.991855
812 5.203382 -3.625238
827 5.214157 -3.613154
2384 -4.289416 -4.333789
76 -4.403445 -4.717752
1788 -0.974375 -1.458137
1413 -3.571440 -3.662858
1255 -4.375434 -4.473460
2342 -3.163357 -3.227320
137 -3.892593 -4.226614
1430 -2.533541 -2.627148
1295 -4.639632 -4.708868
1768 -0.696741 -1.244772
698 5.024855 -3.512735
544 2.479639 -1.960989
256 -0.855961 -1.429365
2188 1.177061 -1.126229
144 -3.857558 -4.203340
1724 -0.196807 -0.940544
467 1.466448 -1.482025
485 1.603983 -1.526016
1475 -0.579762 -1.066803
1301 -4.480761 -4.556848
2110 0.587837 -0.918102
608 4.513937 -3.223253
2030 0.054635 -0.967787
1414 -3.529017 -3.633068
1267 -4.594349 -4.680509
122 -3.855739 -4.171643
575 3.315912 -2.446069
281 -0.312765 -1.040985
1631 0.603824 -1.045248
1982 -0.097025 -1.002232
1740 -0.339439 -1.022169
1761 -0.620074 -1.199759
811 5.162063 -3.601743
2229 0.324679 -0.757891
1135 -1.052686 -1.478597
1824 -1.584464 -2.073309
831 5.125339 -3.548462
1987 -0.071666 -1.010001
1200 -3.626122 -3.784651
199 -2.444025 -2.838402
1903 -0.775400 -1.349087
186 -2.908133 -3.281760
1268 -4.666639 -4.743342
2322 -2.309609 -2.414265
2132 0.910139 -1.021614
1069 0.252097 -0.886897
594 4.094032 -2.939710
709 5.077909 -3.528737
455 1.393329 -1.419226
119 -3.846066 -4.149975
724 5.025942 -3.523761
167 -3.390955 -3.724241
1813 -1.329870 -1.797603
1771 -0.729231 -1.273892
815 5.162018 -3.591432
829 5.216219 -3.621111
1138 -1.160621 -1.528277
2238 0.108304 -0.739834
1986 -0.087163 -1.007643
1594 0.675833 -0.977481
850 5.093924 -3.523285
853 4.998058 -3.430199
2360 -3.573902 -3.597905
1614 0.646049 -1.008959
1405 -4.108865 -4.210228
588 3.901409 -2.819934
1432 -2.424906 -2.526643
2061 0.214256 -0.918094
1420 -3.135871 -3.240672
1425 -2.767783 -2.883213
1428 -2.646216 -2.783937
2321 -2.237556 -2.336150
1186 -3.110747 -3.289554
1749 -0.475092 -1.111899
721 5.178982 -3.619491
1713 -0.007681 -0.920539
1751 -0.492167 -1.123995
247 -1.053558 -1.590910
177 -3.117818 -3.481256
1385 -4.619360 -4.726586
1814 -1.334221 -1.790103
1770 -0.699768 -1.252927
1551 0.550563 -0.941750
1392 -4.512589 -4.618541
1940 -0.382820 -1.088881
2221 0.479954 -0.786831
1718 -0.064841 -0.918662
486 1.612667 -1.522129
2385 -4.254915 -4.278592
84 -4.321168 -4.629242
120 -3.867567 -4.184403
2319 -2.093448 -2.195162
1198 -3.484397 -3.663371
626 4.911515 -3.484957
1760 -0.607883 -1.190795
813 5.174510 -3.603496
426 1.204818 -1.275576
2084 0.413821 -0.915197
1270 -4.495741 -4.558488
2092 0.461235 -0.911442
253 -0.910161 -1.477955
1586 0.716111 -0.981670
1108 -0.384606 -1.045493
1731 -0.215811 -0.961688
1597 0.677103 -0.964998
901 4.658143 -3.188579
79 -4.413083 -4.724328
1354 -4.032264 -4.147112
1134 -1.015228 -1.446026
578 3.548430 -2.593504
2328 -2.529798 -2.593809
1115 -0.537125 -1.109929
1181 -3.002919 -3.186292
342 0.479354 -1.017753
2264 -0.369507 -0.955998
2049 0.149113 -0.940637
1146 -1.373809 -1.737042
1784 -0.891716 -1.381822
1553 0.552249 -0.949809
533 2.307366 -1.882855
428 1.198908 -1.266925
230 -1.478797 -1.959561
928 4.601761 -3.165009
206 -2.313792 -2.706546
1821 -1.495039 -1.949714
837 5.237256 -3.614157
1117 -0.604491 -1.123565
1877 -1.330055 -1.900887
1042 1.153032 -1.149344
1407 -3.941357 -4.038422
583 3.672661 -2.685311
1434 -2.279561 -2.410452
1743 -0.388705 -1.047652
296 -0.074801 -0.932482
100 -4.057995 -4.355030
1627 0.613157 -1.041729
1759 -0.604001 -1.193317
1179 -2.742083 -2.956872
1372 -4.567968 -4.690223
1763 -0.633873 -1.210699
691 5.145385 -3.582040
160 -3.584556 -3.944643
1557 0.585025 -0.964559
1806 -1.208035 -1.680929
1993 -0.041053 -1.000100
1499 -0.136246 -0.917701
1959 -0.247648 -1.062525
822 5.142440 -3.573978
1588 0.694895 -0.978824
1212 -3.811264 -3.990686
2379 -3.998625 -4.043860
2377 -3.992544 -4.035348
974 4.120974 -2.863922
180 -3.159422 -3.532869
2367 -3.803134 -3.847756
891 4.687094 -3.204457
892 4.715257 -3.205833
896 4.694648 -3.214466
2350 -3.386548 -3.423545
1408 -3.918730 -4.010913
2343 -3.165470 -3.206677
1883 -1.197749 -1.744035
1026 1.869261 -1.569247
287 -0.198756 -0.963059
565 2.929991 -2.206898
103 -4.001649 -4.309018
101 -4.026644 -4.327744
1997 -0.024847 -0.983321
553 2.589104 -1.992421
1969 -0.176391 -1.042195
543 2.461300 -1.967027
1817 -1.413855 -1.902101
1609 0.657962 -1.005380
1491 -0.267376 -0.944839
1128 -0.835267 -1.292561
1950 -0.293305 -1.075796
1583 0.707420 -0.974846
1205 -3.673701 -3.847924
851 5.056599 -3.462168
496 1.741181 -1.602843
2346 -3.339759 -3.379995
2125 0.810104 -0.978374
2334 -2.814558 -2.883677
999 3.116321 -2.252432
722 5.220128 -3.638338
1294 -4.587789 -4.643635
347 0.537090 -1.004491
274 -0.424072 -1.114377
98 -3.966910 -4.284278
174 -3.214929 -3.572263
169 -3.252449 -3.591550
1808 -1.217659 -1.680652
1943 -0.342081 -1.094873
1129 -0.880856 -1.305602
1000 3.065255 -2.247680
1204 -3.606097 -3.765934
903 4.735277 -3.241182
1419 -3.259951 -3.346488
1644 0.559105 -1.055750
1646 0.553745 -1.071515
1632 0.588177 -1.048172
2317 -1.925182 -2.029975
2266 -0.379592 -0.944849
557 2.675403 -2.051454
1375 -4.519814 -4.648281
373 0.841661 -1.043331
1775 -0.778416 -1.302774
152 -3.655805 -3.999915
1488 -0.303832 -0.951018
2236 0.124303 -0.741232
2175 1.350442 -1.201659
1112 -0.492218 -1.102656
184 -3.000201 -3.363215
1963 -0.219223 -1.061098
1075 0.153464 -0.899826
958 4.330377 -2.972771
1089 -0.060689 -0.934620
2345 -3.255189 -3.322087
80 -4.289261 -4.592481
1655 0.514404 -1.078616
1437 -2.133699 -2.261498
2331 -2.765225 -2.826251
993 3.299643 -2.389498
2073 0.327144 -0.919401
567 3.011608 -2.249266
725 5.100350 -3.568290
1781 -0.865008 -1.356014
1575 0.709620 -0.985692
1376 -4.537179 -4.648389
176 -3.174445 -3.547655
546 2.479633 -1.962734
545 2.561405 -2.025760
1555 0.585903 -0.952296
2210 0.671423 -0.858507
151 -3.674125 -3.996927
143 -3.768193 -4.101959
2153 1.222193 -1.142644
195 -2.620939 -2.991655
2388 -4.295490 -4.337243
1906 -0.715960 -1.316843
610 4.477224 -3.208239
1273 -4.592821 -4.664980
402 1.106831 -1.156956
895 4.774777 -3.257066
1411 -3.720422 -3.820728
2348 -3.350957 -3.398011
135 -3.814161 -4.138827
86 -4.308886 -4.620298
2330 -2.626883 -2.709576
267 -0.572562 -1.213676
1741 -0.363538 -1.053424
1166 -2.254526 -2.504008
1201 -3.509346 -3.687202
2041 0.116670 -0.941990
1621 0.635675 -1.031310
552 2.585145 -2.014471
452 1.399776 -1.442807
697 4.931545 -3.430233
547 2.548888 -2.000190
2208 0.664277 -0.897898
1807 -1.180862 -1.652834
1805 -1.187102 -1.665092
1809 -1.218023 -1.703387
1485 -0.338489 -0.992171
2099 0.497810 -0.906243
1723 -0.153667 -0.926492
2173 1.316874 -1.194179
500 1.779092 -1.610079
905 4.665430 -3.188718
1511 0.034938 -0.918858
970 4.309286 -3.005555
2032 0.053164 -0.952374
1247 -4.282269 -4.411208
1410 -3.927729 -4.009487
303 0.042749 -0.914564
2353 -3.467681 -3.536231
916 4.783147 -3.266090
1402 -4.244946 -4.359223
1886 -1.117349 -1.652997
1884 -1.159817 -1.720128
1457 -1.116769 -1.427174
2014 0.026080 -0.986410
81 -4.324417 -4.634377
581 3.594068 -2.647124
1647 0.540508 -1.043724
2253 -0.159581 -0.822825
2077 0.333963 -0.911824
1566 0.650952 -0.971819
1714 -0.045675 -0.922579
1193 -3.275244 -3.444516
1240 -4.226994 -4.354306
244 -1.118214 -1.672214
246 -1.082985 -1.620392
2057 0.224677 -0.930462
1962 -0.213201 -1.062306
366 0.763195 -1.024730
1976 -0.126258 -1.033290
1102 -0.298733 -1.011171
2186 1.232374 -1.141914
1802 -1.126351 -1.580463
1801 -1.147648 -1.591963
1947 -0.326514 -1.077877
527 2.241368 -1.859553
433 1.264183 -1.328329
2220 0.488469 -0.830460
1227 -4.136108 -4.296945
2098 0.514447 -0.920958
1822 -1.509461 -1.987445
1454 -1.180683 -1.443524
856 5.007720 -3.447953
187 -2.827713 -3.208772
887 4.602551 -3.143682
1097 -0.228017 -0.983578
1066 0.350451 -0.876388
418 1.166735 -1.232601
1348 -4.087038 -4.218473
2241 0.052651 -0.756857
1424 -2.849260 -2.948703
1426 -2.731313 -2.837425
284 -0.263862 -0.989363
111 -3.931761 -4.237688
1710 0.029477 -0.922842
555 2.670825 -2.066281
2301 -1.250933 -1.456344
1975 -0.128515 -1.022888
542 2.399727 -1.906105
413 1.170045 -1.212283
537 2.350145 -1.893793
159 -3.677817 -4.034969
1125 -0.769192 -1.268466
1230 -4.185967 -4.314095
438 1.261864 -1.338205
149 -3.703654 -4.058205
1727 -0.153121 -0.939514
1038 1.409892 -1.286975
847 5.178931 -3.562347
1599 0.663250 -0.982877
1211 -3.849447 -4.028439
776 5.292943 -3.713408
2363 -3.743217 -3.785418
764 5.349886 -3.777925
2131 0.899618 -0.989249
710 4.993826 -3.484687
443 1.325033 -1.358894
2344 -3.372623 -3.421716
1887 -1.098882 -1.659467
89 -4.114658 -4.405580
1742 -0.365337 -1.057947
734 5.066846 -3.549707
1510 -0.019736 -0.883754
1563 0.668671 -0.970332
982 3.788512 -2.642814
564 2.931117 -2.208489
729 5.051134 -3.537330
343 0.492477 -1.016967
279 -0.331180 -1.035719
108 -3.796227 -4.084752
1191 -3.271664 -3.459254
1196 -3.349086 -3.513385
1752 -0.506181 -1.142559
1177 -2.723137 -2.950407
1175 -2.694521 -2.925570
1170 -2.462479 -2.706444
409 1.140698 -1.205248
1345 -3.982956 -4.089943
2271 -0.492605 -0.970816
1504 -0.074304 -0.913200
1765 -0.690997 -1.236220
549 2.567179 -2.021369
383 0.959892 -1.085936
1558 0.596731 -0.961080
1236 -4.177013 -4.291874
239 -1.270608 -1.775451
1487 -0.359322 -0.971298
1213 -3.777104 -3.939781
1592 0.696614 -0.969330
1879 -1.270690 -1.841043
183 -3.033002 -3.411006
1463 -0.885830 -1.244419
315 0.210859 -0.911815
870 4.786536 -3.269691
1671 0.366452 -1.032300
597 4.193150 -3.004454
138 -3.706333 -4.044877
701 5.065544 -3.533313
584 3.508921 -2.562353
121 -3.830219 -4.140231
2064 0.255426 -0.901235
574 3.252981 -2.409641
733 5.105354 -3.576979
2320 -2.217559 -2.362607
1444 -1.610704 -1.838513
1988 -0.085301 -1.004146
97 -3.932835 -4.222554
179 -3.112541 -3.483661
2206 0.763512 -0.906330
532 2.345167 -1.915255
628 5.127994 -3.626573
1534 0.355282 -0.907476
786 5.271472 -3.685065
1587 0.710977 -0.989778
1104 -0.310422 -0.996306
757 5.304635 -3.733426
1119 -0.607896 -1.138974
196 -2.633502 -3.018571
1915 -0.567239 -1.217019
520 2.134862 -1.791976
961 4.305545 -2.960514
591 4.010199 -2.888473
2347 -3.288446 -3.346985
131 -3.840394 -4.169670
2018 0.005742 -0.971882
323 0.303041 -0.965865
2336 -3.024342 -3.109440
2246 -0.074847 -0.795897
129 -3.888708 -4.222017
1641 0.569381 -1.049442
730 5.040434 -3.552561
726 5.058540 -3.545595
1748 -0.431645 -1.079370
1747 -0.420787 -1.076880
2048 0.141411 -0.940094
1573 0.675861 -0.969901
1542 0.445316 -0.925203
805 5.089190 -3.557962
1772 -0.759420 -1.295626
1157 -1.946001 -2.223775
2212 0.613049 -0.842025
2219 0.467240 -0.794608
1250 -4.225801 -4.321283
1251 -4.376346 -4.460495
2223 0.390879 -0.778924
1955 -0.267782 -1.073500
1131 -0.919810 -1.347217
830 5.106523 -3.535301
834 5.025458 -3.466069
194 -2.723347 -3.115420
190 -2.799168 -3.178935
2374 -3.925144 -3.971154
1878 -1.325058 -1.895870
1080 0.076467 -0.918627
779 5.203460 -3.650158
965 4.235046 -2.930799
401 1.088089 -1.147253
265 -0.592574 -1.239557
763 5.303328 -3.739370
330 0.359576 -0.978402
723 5.043975 -3.520138
2327 -2.484935 -2.589880
566 2.954099 -2.211510
1712 -0.014474 -0.918334
276 -0.377708 -1.095788
278 -0.357341 -1.069027
2260 -0.305755 -0.910470
2047 0.144763 -0.940157
95 -4.021711 -4.314773
96 -4.021365 -4.329095
1624 0.626841 -1.037359
1750 -0.463103 -1.109808
687 5.070738 -3.516020
873 4.847177 -3.317526
171 -3.363797 -3.724484
2054 0.177945 -0.914470
1618 0.631655 -1.032878
1544 0.503346 -0.932573
541 2.395401 -1.935929
259 -0.755781 -1.356035
251 -0.947533 -1.516114
1156 -1.815734 -2.092566
1150 -1.572058 -1.910433
1490 -0.263180 -0.951060
1122 -0.663728 -1.177513
1137 -1.130738 -1.512507
1584 0.713409 -0.984465
1939 -0.372663 -1.109191
732 5.039124 -3.525669
904 4.633421 -3.176141
880 4.723090 -3.229534
1047 1.072974 -1.118896
966 4.189471 -2.904775
1560 0.635252 -0.967166
679 4.988014 -3.463390
2008 -0.008534 -0.979295
719 5.025043 -3.491072
718 4.984610 -3.489418
704 4.943983 -3.446482
2249 -0.089184 -0.805681
2066 0.284586 -0.919035
1421 -2.989618 -3.097537
731 4.970006 -3.480972
288 -0.178926 -0.963167
2043 0.122923 -0.940165
559 2.758184 -2.087380
1195 -3.425680 -3.604541
1501 -0.096245 -0.891407
801 5.012950 -3.467493
818 5.049477 -3.517697
431 1.238902 -1.309439
237 -1.356950 -1.880371
931 4.527191 -3.087915
821 5.115554 -3.563371
1480 -0.456129 -1.000790
922 4.555426 -3.117937
832 5.098990 -3.530189
1726 -0.160891 -0.926794
1581 0.710304 -0.979389
637 5.245920 -3.718223
783 5.243191 -3.688435
1596 0.679222 -0.981094
902 4.616592 -3.149476
906 4.586686 -3.139258
746 5.237015 -3.678290
1698 0.130645 -0.951893
868 4.828796 -3.307578
2024 0.032349 -0.976252
2022 0.024923 -0.963713
882 4.696518 -3.210843
2297 -1.112049 -1.375577
1248 -4.414500 -4.511447
422 1.165126 -1.234615
769 5.422447 -3.805790
1678 0.334020 -1.021395
716 4.961236 -3.474074
649 5.354206 -3.734059
132 -3.913256 -4.246328
451 1.357957 -1.405145
1505 -0.051040 -0.903776
1508 -0.036337 -0.895291
2335 -3.026242 -3.103557
2243 0.042120 -0.748702
1643 0.560247 -1.042199
1649 0.510989 -1.055008
576 3.285638 -2.412704
1717 -0.053720 -0.915296
349 0.555657 -1.010610
2267 -0.411555 -0.962698
1439 -1.948520 -2.123990
513 2.029472 -1.739006
1577 0.716533 -0.991721
396 1.058316 -1.135529
360 0.712598 -1.016030
2201 0.900148 -0.980402
221 -1.779946 -2.238713
1625 0.631911 -1.044612
1709 0.021999 -0.926237
2158 1.288990 -1.167974
471 1.474192 -1.481172
1825 -1.544240 -2.023870
2143 1.085496 -1.069611
212 -2.111021 -2.532266
2176 1.311276 -1.184944
756 5.178442 -3.651185
1037 1.437105 -1.277807
634 5.093891 -3.617054
907 4.603968 -3.142197
1467 -0.725731 -1.151799
1897 -0.869292 -1.449725
1062 0.497013 -0.910217
1547 0.503773 -0.957175
1352 -3.944379 -4.047428
130 -3.924646 -4.250198
1433 -2.351296 -2.474775
945 4.480456 -3.070036
2042 0.106766 -0.939455
1999 -0.021425 -0.990729
1194 -3.294834 -3.485404
2305 -1.471087 -1.658020
1978 -0.110870 -1.030415
157 -3.660343 -4.014681
1234 -4.271357 -4.406840
1238 -4.290179 -4.413395
924 4.621963 -3.160014
1932 -0.409499 -1.118565
845 4.923934 -3.393785
1206 -3.664657 -3.844677
1219 -4.028004 -4.174005
1567 0.666736 -0.983910
197 -2.685125 -3.072759
191 -2.729741 -3.109654
745 5.060684 -3.545679
749 5.156174 -3.628926
1914 -0.587243 -1.202240
2294 -1.000652 -1.268047
2355 -3.601856 -3.662080
1895 -0.890245 -1.435635
2004 0.002430 -0.986317
590 3.807861 -2.757037
706 4.954662 -3.449456
2333 -2.895922 -2.980542
991 3.410060 -2.431147
1564 0.671925 -0.978543
2310 -1.662068 -1.804513
292 -0.163242 -0.945963
1994 -0.037839 -0.986570
551 2.530680 -1.981890
1176 -2.685451 -2.880594
1974 -0.128077 -1.021930
699 5.003387 -3.485183
540 2.457435 -1.958336
1606 0.645821 -0.997299
1778 -0.834419 -1.323543
2218 0.492104 -0.819427
1256 -4.387811 -4.494596
1945 -0.338646 -1.094687
1493 -0.232824 -0.956549
2228 0.313719 -0.760890
930 4.494908 -3.061226
208 -2.230843 -2.620254
682 5.068249 -3.504889
1105 -0.328362 -1.027928
219 -1.840852 -2.293240
2171 1.343605 -1.198261
910 4.576603 -3.095062
913 4.676255 -3.202707
1930 -0.435240 -1.112083
488 1.635351 -1.543488
858 4.968375 -3.404610
1910 -0.619863 -1.233516
1913 -0.619365 -1.229886
1789 -0.980014 -1.463105
766 5.246944 -3.691587
1415 -3.529226 -3.620447
1254 -4.541279 -4.637290
336 0.441594 -1.007311
1431 -2.419760 -2.551043
1341 -3.969744 -4.083036
2067 0.285290 -0.907419
1515 0.086883 -0.887968
985 3.681131 -2.585904
112 -3.896821 -4.208205
1630 0.624784 -1.051572
1184 -3.033941 -3.223582
109 -3.998410 -4.303267
1754 -0.497669 -1.137455
1576 0.721189 -0.982756
398 1.061130 -1.131036
2053 0.185486 -0.924554
1762 -0.661142 -1.227364
693 5.087820 -3.519292
1549 0.533374 -0.936036
363 0.728543 -1.026264
1602 0.655708 -0.971677
1552 0.567676 -0.937341
2181 1.272344 -1.166686
220 -1.814370 -2.233976
430 1.248126 -1.315541
1489 -0.304307 -0.968393
519 2.145320 -1.807135
781 5.207885 -3.654095
1106 -0.370822 -1.032494
2174 1.336644 -1.207755
1733 -0.246469 -0.982755
1113 -0.510374 -1.084661
1440 -1.898444 -2.075458
2387 -4.369576 -4.428992
1056 0.637360 -0.951589
2026 0.058590 -0.965879
885 4.624883 -3.169546
405 1.113659 -1.179850
960 4.113740 -2.845080
2103 0.549724 -0.924624
1068 0.266244 -0.921907
946 4.496816 -3.083705
326 0.328434 -0.965824
573 3.176158 -2.362065
2159 1.324918 -1.192523
2256 -0.248995 -0.867527
2070 0.308890 -0.916467
1796 -1.068488 -1.532238
728 4.974987 -3.468699
2316 -1.984832 -2.108856
2315 -1.910340 -2.035856
270 -0.475430 -1.109643
277 -0.331188 -1.032734
2269 -0.443646 -0.979241
99 -4.045355 -4.356931
94 -4.071388 -4.355333
623 4.980955 -3.532338
1221 -4.064655 -4.216351
372 0.824021 -1.057633
1600 0.671190 -0.976161
367 0.741068 -1.029074
1495 -0.214999 -0.949401
1237 -4.043045 -4.158082
231 -1.455685 -1.954901
2226 0.333940 -0.762694
613 4.691546 -3.340040
476 1.518265 -1.489159
512 1.984022 -1.710261
209 -2.136357 -2.533012
685 5.165636 -3.581233
1925 -0.470236 -1.159409
1729 -0.201169 -0.948925
1735 -0.262309 -0.973968
900 4.630182 -3.173448
1875 -1.394197 -1.975585
1048 0.946744 -1.046969
2324 -2.408159 -2.518631
2365 -3.707881 -3.744538
2364 -3.774895 -3.816540
890 4.686266 -3.197523
677 5.077253 -3.553329
1896 -0.897172 -1.463839
942 4.495042 -3.088796
700 5.009698 -3.492585
580 3.375103 -2.480522
1340 -3.973513 -4.100155
1441 -1.891118 -2.037062
268 -0.564322 -1.216096
1797 -1.095168 -1.564295
2079 0.341459 -0.915937
346 0.546968 -1.000995
2314 -1.843942 -1.978935
392 1.046608 -1.135316
2273 -0.500476 -1.009366
2278 -0.587860 -1.058921
2059 0.234949 -0.925258
389 0.985478 -1.103747
1810 -1.241203 -1.701391
1601 0.659022 -1.005747
155 -3.658034 -4.015677
1494 -0.253593 -0.937440
427 1.211319 -1.272786
1127 -0.836934 -1.268596
2081 0.373238 -0.910107
1535 0.374017 -0.923546
688 4.944791 -3.428603
1929 -0.446318 -1.136554
468 1.494747 -1.498195
1907 -0.670428 -1.267191
1055 0.732755 -0.984880
2119 0.748747 -0.953826
185 -2.965965 -3.350614
774 5.232121 -3.677684
2035 0.086750 -0.957061
595 4.121606 -2.970747
2019 0.014973 -0.979426
1436 -2.148005 -2.269447
947 4.449003 -3.046915
2244 0.026066 -0.749250
2245 -0.045096 -0.769535
996 3.286036 -2.355202
2069 0.270236 -0.916956
600 4.151336 -2.985891
2193 1.067856 -1.064344
1983 -0.086488 -1.008101
1568 0.662333 -0.995369
1298 -4.526671 -4.597286
345 0.523652 -1.007505
2312 -1.776698 -1.922383
1992 -0.035660 -0.998499
1998 -0.023131 -0.990951
558 2.702981 -2.075058
397 1.061469 -1.148442
170 -3.443017 -3.801934
2051 0.160434 -0.928018
1616 0.635138 -1.001769
690 5.043952 -3.499825
1550 0.523822 -0.955844
1952 -0.284382 -1.072308
1958 -0.250537 -1.072508
1008 2.654201 -2.010966
1002 2.871050 -2.119114
684 4.931373 -3.430329
2233 0.172863 -0.750160
1450 -1.364759 -1.632967
1109 -0.430847 -1.036070
914 4.573397 -3.123570
1933 -0.416248 -1.123905
1936 -0.388647 -1.097625
755 5.313593 -3.736210
1028 1.769177 -1.502692
1118 -0.614663 -1.144966
192 -2.686952 -3.071032
1692 0.197844 -0.960055
1087 -0.072155 -0.937424
884 4.590422 -3.128616
1011 2.507544 -1.910739
2368 -3.798873 -3.843040
1674 0.361116 -1.036445
676 5.033339 -3.488532
2006 -0.017043 -0.967904
660 5.191810 -3.648492
708 5.049851 -3.510350
1651 0.531849 -1.056620
280 -0.331487 -1.054200
358 0.670418 -1.020611
2259 -0.260704 -0.885002
980 3.940766 -2.762513
110 -3.922594 -4.234581
1638 0.576198 -1.066838
475 1.523219 -1.496910
473 1.518222 -1.492056
554 2.647483 -2.060405
550 2.482188 -1.967350
515 2.055763 -1.754877
2272 -0.505893 -0.995210
2050 0.143689 -0.938488
1503 -0.082832 -0.897532
1619 0.621728 -1.030153
1145 -1.357464 -1.708802
416 1.185532 -1.232828
411 1.150481 -1.196805
2209 0.719313 -0.890551
1152 -1.771778 -2.073465
2214 0.567163 -0.849770
1702 0.084169 -0.955419
1017 2.198555 -1.735518
140 -3.741005 -4.089435
2083 0.390500 -0.908784
935 4.491757 -3.081393
1484 -0.367016 -1.007273
1133 -0.960619 -1.378787
1829 -1.645218 -2.117006
1721 -0.130047 -0.919900
1722 -0.135165 -0.914773
681 4.998834 -3.491211
210 -2.164822 -2.553241
1934 -0.408309 -1.116692
1732 -0.226260 -0.959929
602 4.238738 -3.046157
852 4.979046 -3.430244
181 -3.165487 -3.538671
317 0.239261 -0.935008
2107 0.591596 -0.938077
878 4.711353 -3.212501
2037 0.077514 -0.947888
2134 0.924500 -1.025490
1666 0.439236 -1.038587
2118 0.713407 -0.970104
2123 0.770723 -0.964389
587 3.772788 -2.732001
1082 0.052956 -0.915106
994 3.334925 -2.365879
466 1.472114 -1.480458
2326 -2.520246 -2.584928
984 3.688730 -2.600487
2262 -0.316567 -0.920830
689 5.183600 -3.596634
1570 0.660269 -0.983124
393 1.057771 -1.143287
2308 -1.517156 -1.704040
1147 -1.473516 -1.827231
803 5.060394 -3.538231
2182 1.280609 -1.180420
2213 0.588806 -0.835278
1496 -0.179801 -0.931312
2088 0.405503 -0.919040
1957 -0.246717 -1.070501
793 5.211612 -3.639987
929 4.551685 -3.117754
683 4.849669 -3.351455
1926 -0.456444 -1.141954
1720 -0.095293 -0.913887
1101 -0.236895 -0.986699
1458 -1.086143 -1.412062
2179 1.333008 -1.210156
911 4.686758 -3.210672
1022 2.111519 -1.695606
1215 -3.800963 -3.971332
2386 -4.225007 -4.280322
1791 -1.003844 -1.501804
492 1.681717 -1.571812
1085 -0.020923 -0.911733
864 4.931953 -3.373823
1469 -0.703396 -1.148348
2291 -0.917534 -1.248690
964 4.151950 -2.884703
894 4.722413 -3.239994
2138 0.995374 -1.022520
2000 -0.017182 -0.982773
1537 0.392572 -0.929057
2129 0.856078 -0.983789
450 1.365866 -1.416553
2332 -2.877542 -2.927239
2248 -0.035502 -0.766050
570 3.071485 -2.282885
465 1.456478 -1.460327
937 4.420433 -3.025095
1519 0.158244 -0.874616
2325 -2.474804 -2.548098
1445 -1.636392 -1.863422
282 -0.278889 -1.039564
2251 -0.125842 -0.817798
2056 0.199083 -0.931758
568 2.969385 -2.230406
1182 -2.947003 -3.174329
295 -0.084541 -0.927253
2261 -0.284591 -0.907364
243 -1.131436 -1.678026
242 -1.119393 -1.672413
414 1.158412 -1.198118
381 0.945253 -1.095924
2216 0.537583 -0.826365
1126 -0.809743 -1.286998
232 -1.451457 -1.937964
2150 1.158809 -1.114424
1222 -4.198888 -4.377400
1922 -0.496027 -1.167805
1589 0.694881 -1.000920
1039 1.406904 -1.285925
217 -1.932351 -2.372599
1207 -3.719508 -3.884588
2382 -4.096767 -4.163669
2160 1.301801 -1.177161
1901 -0.845294 -1.415659
748 5.133417 -3.618614
490 1.647279 -1.540492
2288 -0.826057 -1.145124
1261 -4.594934 -4.674681
2362 -3.767207 -3.795110
2105 0.564424 -0.923981
761 5.222997 -3.670399
674 5.000447 -3.487406
1893 -0.963437 -1.517169
665 5.144526 -3.580559
918 4.700993 -3.215982
1243 -4.307308 -4.425765
1538 0.413738 -0.928471
338 0.456318 -1.011490
133 -3.861480 -4.187220
2012 0.024674 -0.968828
702 5.030849 -3.501832
327 0.343542 -0.966165
939 4.499713 -3.101588
735 5.102609 -3.572805
563 2.819835 -2.140528
1562 0.646845 -0.971827
1711 0.011668 -0.920975
371 0.824461 -1.044773
2274 -0.509209 -1.011088
1967 -0.171181 -1.054122
1151 -1.661495 -1.978039
2215 0.536269 -0.852237
1948 -0.297062 -1.065001
1257 -4.491626 -4.561036
1942 -0.348074 -1.083172
1232 -4.101022 -4.240748
798 5.099545 -3.547447
1139 -1.149750 -1.525335
2237 0.110677 -0.755423
920 4.833463 -3.302280
839 5.115304 -3.533143
1031 1.715982 -1.457938
1114 -0.504578 -1.064770
742 5.140213 -3.602827
1474 -0.585060 -1.069894
1043 1.189922 -1.165796
666 5.254273 -3.672161
421 1.181709 -1.256642
319 0.259061 -0.940993
876 4.736548 -3.239936
2031 0.055602 -0.968986
1964 -0.241016 -1.046102
2139 0.981234 -1.019282
2005 -0.018248 -0.977757
1795 -1.033720 -1.523391
446 1.321562 -1.375427
2341 -3.248121 -3.286403
1658 0.482457 -1.069008
329 0.365222 -0.991690
463 1.439121 -1.460749
1517 0.126500 -0.901826
1516 0.141148 -0.876183
562 2.756510 -2.091668
727 5.097503 -3.553134
1744 -0.403334 -1.073986
348 0.511658 -1.001688
271 -0.461133 -1.144200
394 1.063205 -1.136600
1613 0.648858 -1.018456
2200 0.909459 -0.991654
1774 -0.785288 -1.310951
1158 -1.985739 -2.291048
2185 1.205799 -1.131375
238 -1.312719 -1.842559
518 2.148098 -1.805549
509 1.945133 -1.709431
912 4.723762 -3.231561
841 5.105391 -3.521685
606 4.426626 -3.163190
2161 1.302707 -1.176138
854 4.958498 -3.396056
1691 0.222104 -0.991336
1472 -0.647337 -1.113986
1303 -4.444039 -4.509120
498 1.756470 -1.585889
977 3.863570 -2.699116
1911 -0.621161 -1.265066
770 5.201717 -3.664006
2359 -3.637980 -3.674914
593 4.070282 -2.924433
1531 0.306534 -0.911260
332 0.404946 -0.980648
589 3.850505 -2.776201
650 5.202991 -3.653939
2338 -3.202415 -3.243720
2240 0.003730 -0.771250
1427 -2.707921 -2.830130
736 5.187013 -3.636957
2257 -0.215450 -0.844122
981 3.855977 -2.684104
1565 0.650407 -0.960929
1715 -0.034948 -0.905192
290 -0.171279 -0.965230
105 -4.071985 -4.386881
1507 -0.025543 -0.909998
1611 0.629194 -1.002044
1764 -0.627960 -1.225085
694 4.930427 -3.428106
387 1.002776 -1.098410
164 -3.573555 -3.917184
909 4.640276 -3.177998
1607 0.647621 -0.995085
1803 -1.167449 -1.642462
816 5.019556 -3.486145
926 4.629571 -3.161851
510 1.981598 -1.715544
2141 1.016303 -1.028199
505 1.834724 -1.643951
1021 2.092931 -1.699195
2381 -4.184851 -4.244436
182 -3.107524 -3.469714
1916 -0.550414 -1.199383
1462 -0.884953 -1.245960
1242 -4.290013 -4.401972
2001 -0.021819 -0.982579
324 0.329505 -0.990723
2337 -2.979366 -3.056552
521 2.097136 -1.774110
571 3.109832 -2.333453
737 5.008696 -3.511878
1033 1.602337 -1.378173
264 -0.629070 -1.273821
114 -3.847883 -4.136842
2078 0.366862 -0.905190
1639 0.568911 -1.059852
102 -4.084071 -4.399867
1174 -2.663749 -2.931703
370 0.813012 -1.060897
2309 -1.592517 -1.773867
241 -1.181416 -1.719129
173 -3.253585 -3.617549
1140 -1.196947 -1.585387
1141 -1.285092 -1.647926
2184 1.248540 -1.152242
1497 -0.188901 -0.903276
1120 -0.655006 -1.189787
828 5.090594 -3.547475
229 -1.553660 -2.012667
407 1.116295 -1.178775
1035 1.449184 -1.330752
1459 -1.007264 -1.347554
915 4.645199 -3.149392
516 2.119894 -1.796214
1023 1.979308 -1.597633
857 5.026167 -3.450206
740 5.196945 -3.637842
491 1.652467 -1.558108
2286 -0.824308 -1.164088
1681 0.284722 -1.014528
1688 0.237739 -1.008074
1468 -0.728124 -1.156490
311 0.146509 -0.914524
1093 -0.118133 -0.953234
306 0.080138 -0.900986
2136 0.956295 -1.016903
1067 0.334893 -0.889861
598 4.042750 -2.903196
648 5.183659 -3.657580
124 -3.879538 -4.198318
739 5.138960 -3.626127
340 0.474640 -1.006503
1753 -0.486958 -1.129651
1579 0.717083 -0.990559
1572 0.693755 -0.975081
380 0.929267 -1.094427
1815 -1.343741 -1.835960
802 5.052588 -3.516758
1704 0.071120 -0.936512
142 -3.844203 -4.181784
2087 0.405745 -0.896976
1009 2.627375 -1.980767
686 5.068918 -3.529732
2232 0.191901 -0.760263
680 5.111390 -3.548288
2165 1.348878 -1.217211
1696 0.155766 -0.966957
866 4.859313 -3.315634
883 4.635377 -3.164247
314 0.175509 -0.922239
1076 0.125552 -0.904543
675 5.018738 -3.477683
950 4.356511 -2.986089
1540 0.447787 -0.936303
1263 -4.532950 -4.606288
652 5.222985 -3.676461
2247 -0.088379 -0.779708
299 -0.033945 -0.913445
2268 -0.433376 -0.951229
1755 -0.570492 -1.162213
1220 -4.090987 -4.252898
399 1.085038 -1.151567
1548 0.514945 -0.963263
1773 -0.782923 -1.286844
1554 0.544468 -0.954429
2217 0.530614 -0.830797
1706 0.059813 -0.932537
525 2.259804 -1.861727
526 2.199007 -1.823267
204 -2.357199 -2.737901
1030 1.659177 -1.429161
2172 1.337502 -1.209377
2178 1.318416 -1.190705
1931 -0.381411 -1.106164
1202 -3.545123 -3.719606
489 1.625888 -1.542519
612 4.536175 -3.228593
1476 -0.530122 -1.040010
2114 0.650977 -0.930577
867 4.773154 -3.271855
1502 -0.101792 -0.915608
632 5.011679 -3.544690
877 4.627884 -3.171963
308 0.112694 -0.908157
448 1.343253 -1.386102
1889 -1.066596 -1.619788
2128 0.846655 -0.985139
134 -3.803773 -4.142972
705 4.928464 -3.436843
707 4.902389 -3.416906
1984 -0.084104 -1.011195
655 5.166539 -3.628847
1297 -4.531903 -4.584203
1167 -2.381806 -2.628373
1344 -3.978144 -4.093944
2276 -0.592412 -1.046026
1767 -0.677042 -1.238701
1149 -1.622198 -1.939504
417 1.168489 -1.238141
2195 1.062047 -1.052727
2196 1.027680 -1.022583
1777 -0.798634 -1.318406
1155 -1.762912 -2.068779
535 2.375783 -1.924400
1708 0.025327 -0.921198
1124 -0.766028 -1.216524
1014 2.442893 -1.872302
235 -1.327483 -1.839091
123 -3.813248 -4.128698
1826 -1.565318 -2.032100
2148 1.114915 -1.089397
780 5.255597 -3.674807
1025 1.910693 -1.591482
1208 -3.794242 -3.966643
1443 -1.757162 -1.959373
1449 -1.376801 -1.626976
480 1.545292 -1.504288
1695 0.177996 -0.964356
617 4.694318 -3.334725
1912 -0.616949 -1.247354
863 4.902001 -3.376505
1049 0.924459 -1.032591
1780 -0.874731 -1.359230
672 5.161138 -3.590419
304 0.069165 -0.907363
2340 -3.146796 -3.202593
2126 0.838684 -0.992386
703 5.053819 -3.522488
325 0.337944 -0.961309
126 -3.818005 -4.142707
2063 0.260172 -0.912855
1429 -2.587306 -2.724015
560 2.724785 -2.104750
1168 -2.368865 -2.607997
273 -0.447722 -1.114661
1757 -0.551616 -1.168383
1007 2.670132 -2.030466
2307 -1.544655 -1.724444
1604 0.672856 -0.989032
1769 -0.729137 -1.279225
250 -0.979732 -1.533039
1776 -0.821658 -1.325089
534 2.348649 -1.907839
529 2.271905 -1.865615
1231 -4.205379 -4.358411
1482 -0.431687 -1.020660
201 -2.402618 -2.791670
2142 1.073431 -1.057307
925 4.511121 -3.090553
1923 -0.502621 -1.162655
406 1.128822 -1.176175
1034 1.555218 -1.388562
630 4.970100 -3.514746
635 5.234747 -3.703231
840 5.003460 -3.461026
605 4.323205 -3.088022
2164 1.321785 -1.199072
741 5.233702 -3.677752
1083 0.020534 -0.902908
869 4.793207 -3.283720
1782 -0.888607 -1.378030
1077 0.118570 -0.895891
1890 -1.036971 -1.587055
717 4.995667 -3.483819
712 5.018748 -3.485845
1664 0.436230 -1.051345
657 5.282564 -3.705769
1648 0.543976 -1.057353
353 0.607084 -1.033209
2252 -0.146346 -0.824446
1746 -0.418443 -1.090129
1169 -2.385151 -2.626187
1299 -4.508730 -4.573915
2263 -0.361009 -0.934888
1171 -2.604917 -2.830432
1574 0.692709 -0.997547
375 0.860651 -1.061640
1617 0.621339 -1.014147
760 5.247570 -3.700442
2191 1.089939 -1.070094
1700 0.114033 -0.947654
1233 -4.171002 -4.318631
1481 -0.468839 -1.015416
2234 0.162497 -0.749653
921 4.679057 -3.195104
1921 -0.522288 -1.167973
1532 0.339344 -0.900235
2170 1.348430 -1.201563
1591 0.679735 -0.966235
743 5.201430 -3.642379
1794 -1.044231 -1.522873
1478 -0.476563 -1.031642
889 4.552439 -3.122973
440 1.276023 -1.339647
640 5.199497 -3.662871
948 4.451271 -3.056244
569 2.984350 -2.226726
293 -0.078701 -0.924836
104 -4.061580 -4.368779
1142 -1.295259 -1.672699
361 0.713687 -1.029806
386 0.959061 -1.085956
1949 -0.298457 -1.078083
524 2.158480 -1.783916
1015 2.265827 -1.772991
234 -1.389312 -1.901210
2224 0.338022 -0.754165
2225 0.315714 -0.751401
2154 1.231713 -1.161705
826 4.974068 -3.428895
795 5.233078 -3.649688
2090 0.431280 -0.917974
1725 -0.157270 -0.924148
1937 -0.375587 -1.102386
1736 -0.304468 -1.008666
1027 1.842318 -1.537552
1355 -4.039945 -4.158396
1902 -0.790071 -1.360938
1694 0.148009 -0.952618
1699 0.116085 -0.943955
1473 -0.577972 -1.087708
495 1.674205 -1.547717
2112 0.608512 -0.939708
862 4.904186 -3.361444
881 4.619870 -3.169302
313 0.172427 -0.915443
447 1.343373 -1.377268
962 4.176055 -2.878483
872 4.805525 -3.301031
504 1.821576 -1.621148
1661 0.460253 -1.057722
1880 -1.261609 -1.813858
2010 -0.000266 -0.973783
1659 0.499091 -1.062481
949 4.433179 -3.035441
631 4.951355 -3.510299
2062 0.244198 -0.913046
579 3.395232 -2.506954
354 0.610132 -1.029379
2203 0.824034 -0.939490
1098 -0.209467 -0.988276
1608 0.639602 -1.001415
814 5.074826 -3.554488
1013 2.411661 -1.858066
439 1.261571 -1.341846
2095 0.457135 -0.933381
211 -2.173413 -2.591907
1737 -0.317580 -1.012096
2166 1.329953 -1.204973
855 4.824543 -3.302958
860 4.935376 -3.388051
865 5.011140 -3.432368
2299 -1.225690 -1.450510
2102 0.521016 -0.913421
1071 0.293769 -0.883991
305 0.014180 -0.908871
2003 -0.019514 -0.975895
1533 0.345465 -0.912374
1353 -4.204560 -4.324942
456 1.394640 -1.431396
1642 0.567826 -1.062849
355 0.624203 -1.031967
350 0.559722 -1.016204
1161 -2.030252 -2.311668
2311 -1.740642 -1.895595
297 -0.021458 -0.904965
378 0.906337 -1.067121
175 -3.198665 -3.560722
2192 1.069302 -1.047613
2198 0.934057 -1.001813
437 1.251454 -1.318938
932 4.479210 -3.059349
799 5.103559 -3.556979
1130 -0.908006 -1.366486
2144 1.063924 -1.069717
2149 1.174526 -1.114257
959 4.313482 -2.960927
1451 -1.336633 -1.600322
2169 1.361587 -1.218343
1479 -0.430498 -1.000911
971 4.063705 -2.816913
2117 0.716863 -0.950128
1917 -0.517581 -1.184169
318 0.228733 -0.926448
404 1.104550 -1.164224
400 1.078475 -1.147546
1676 0.347092 -1.041828
1092 -0.098726 -0.945660
671 5.102840 -3.542814
117 -3.842837 -4.155068
1899 -0.870052 -1.469900
1894 -0.939293 -1.502562
919 4.674553 -3.193864
1660 0.490669 -1.049928
339 0.489680 -1.006850
943 4.420170 -3.041317
2016 0.014660 -0.982195
659 5.342036 -3.739352
125 -4.012327 -4.331371
357 0.637963 -1.006193
1792 -1.020009 -1.500100
1164 -2.222128 -2.487905
1716 -0.041499 -0.921743
298 -0.021884 -0.910806
879 4.571009 -3.127946
1968 -0.182514 -1.050191
1766 -0.651869 -1.227725
1148 -1.545776 -1.867664
1154 -1.780822 -2.100394
1559 0.641999 -0.976716
150 -3.764732 -4.087895
1498 -0.166777 -0.943858
205 -2.378881 -2.772451
1924 -0.481384 -1.157107
619 4.571608 -3.245278
615 4.598931 -3.269280
976 3.947841 -2.727054
662 5.234094 -3.651591
678 5.024784 -3.474658
715 5.039285 -3.536840
599 4.185965 -2.999074
695 4.919552 -3.429447
2015 0.007571 -0.973856
1637 0.575644 -1.044634
322 0.306813 -0.946909
995 3.263655 -2.333496
1512 0.047980 -0.873879
1187 -3.165778 -3.348918
2265 -0.357634 -0.947027
1190 -3.237884 -3.419707
1541 0.435607 -0.935148
548 2.490321 -1.976677
415 1.158911 -1.211049
2204 0.789628 -0.908019
908 4.602269 -3.144340
432 1.250566 -1.331092
936 4.507551 -3.108975
820 4.990736 -3.471601
2146 1.074323 -1.049175
923 4.606745 -3.142205
1107 -0.366011 -1.032725
1452 -1.279766 -1.531481
1029 1.703244 -1.466265
501 1.835862 -1.646734
481 1.555419 -1.512655
2281 -0.665356 -1.091583
979 3.807138 -2.669391
2113 0.647100 -0.942667
2029 0.054467 -0.965482
2298 -1.182225 -1.429258
2100 0.517024 -0.918048
1079 0.050909 -0.908131
309 0.135362 -0.912816
301 -0.012616 -0.915187
2135 0.963699 -1.015628
1653 0.519926 -1.064359
1634 0.581675 -1.051110
656 5.346235 -3.731895
1351 -4.005210 -4.123467
1518 0.160770 -0.891716
352 0.613490 -1.019794
1447 -1.514218 -1.731230
988 3.610406 -2.528500
989 3.622564 -2.567457
2072 0.332619 -0.920569
1981 -0.097837 -1.026765
561 2.787906 -2.130555
1163 -2.168253 -2.444791
93 -4.105157 -4.422060
2277 -0.614276 -1.051387
2052 0.179329 -0.934291
1143 -1.330871 -1.677043
165 -3.479531 -3.819302
1099 -0.282571 -0.990098
1941 -0.363509 -1.082405
1019 2.085195 -1.655453
523 2.182920 -1.824652
436 1.269059 -1.325504
2094 0.435636 -0.890599
1928 -0.445128 -1.116775
838 5.102803 -3.524611
1582 0.723120 -0.991911
633 5.094104 -3.613364
846 4.966534 -3.415629
1110 -0.471206 -1.066822
747 5.215831 -3.662066
2370 -3.891262 -3.923098
663 5.327138 -3.713107
1520 0.168728 -0.894918
445 1.324892 -1.374734
1679 0.324471 -1.028665
1522 0.227347 -0.884021
2352 -3.487057 -3.535179
2007 -0.001905 -0.971418
1545 0.508519 -0.941541
1543 0.480954 -0.951854
2329 -2.684344 -2.741493
1628 0.628171 -1.054643
1178 -2.818816 -3.039451
2156 1.283316 -1.167709
2055 0.192573 -0.929834
1500 -0.130372 -0.910303
1977 -0.112788 -1.037755
1546 0.508735 -0.950310
1090 -0.114117 -0.948214
810 5.046057 -3.503011
424 1.176587 -1.246120
522 2.164124 -1.815592
434 1.257261 -1.321351
148 -3.691560 -4.021685
2089 0.419148 -0.907810
1953 -0.252482 -1.060469
1486 -0.351870 -0.980561
1719 -0.084809 -0.920479
1032 1.620048 -1.397341
639 5.139098 -3.635500
848 5.041477 -3.462401
758 5.390810 -3.789250
603 4.320086 -3.090747
482 1.557317 -1.518681
859 4.984670 -3.425601
2020 0.027356 -0.971810
2290 -0.871136 -1.205158
875 4.734518 -3.239859
645 5.247111 -3.694006
1528 0.267587 -0.903843
917 4.555666 -3.112302
2120 0.724258 -0.939561
940 4.429890 -3.039434
582 3.554691 -2.576938
359 0.687525 -1.035944
113 -3.911526 -4.213025
1188 -3.173551 -3.358268
1180 -2.920976 -3.164938
106 -3.933348 -4.231135
2045 0.145733 -0.929551
514 2.063673 -1.753208
379 0.926115 -1.075039
2058 0.214466 -0.926209
1506 -0.049640 -0.905153
1966 -0.176270 -1.067338
166 -3.536124 -3.891135
804 5.042259 -3.522722
2183 1.254436 -1.151813
1804 -1.126115 -1.613785
1946 -0.333099 -1.079925
819 5.037052 -3.491404
2086 0.410075 -0.912662
2085 0.359847 -0.914780
1831 -1.669896 -2.149184
1951 -0.302488 -1.087407
2096 0.466384 -0.909613
1456 -1.150235 -1.435637
2163 1.304189 -1.183449
1054 0.736874 -0.965746
1046 1.054952 -1.079845
1684 0.291761 -0.997191
1615 0.602540 -1.006941
1065 0.331844 -0.896455
696 5.005989 -3.479858
2124 0.819728 -0.966697
328 0.359946 -0.964850
1995 -0.025241 -0.989173
266 -0.585221 -1.207929
286 -0.228170 -0.963495
983 3.758708 -2.653246
1758 -0.572850 -1.186456
2300 -1.256096 -1.498334
365 0.747899 -1.046973
2190 1.148564 -1.103261
806 5.075046 -3.546391
2211 0.629720 -0.867330
1991 -0.045999 -0.992691
1996 -0.023242 -0.974863
1954 -0.265296 -1.082549
1571 0.670308 -0.977515
787 5.078327 -3.572005
957 4.285705 -2.939121
2167 1.322085 -1.183366
1057 0.661405 -0.905292
78 -4.343562 -4.646934
1045 1.143124 -1.135048
664 5.236849 -3.658092
1466 -0.785451 -1.190180
1460 -0.975246 -1.329087
2292 -0.935132 -1.233797
893 4.559953 -3.112652
667 5.119884 -3.550217
2122 0.779243 -0.954590
136 -3.762534 -4.088134
1633 0.598871 -1.063837
1438 -1.929264 -2.123955
604 4.202074 -3.012819
356 0.632941 -1.002424
260 -0.728361 -1.337406
2040 0.084814 -0.944706
1623 0.611673 -1.032624
2306 -1.545358 -1.726432
530 2.315724 -1.877317
1956 -0.230051 -1.070682
794 4.960887 -3.459841
207 -2.349860 -2.748888
782 5.201983 -3.647978
214 -1.967260 -2.399459
1938 -0.354552 -1.080918
844 5.027190 -3.459627
1595 0.689366 -0.990950
484 1.575994 -1.506420
483 1.578853 -1.531113
198 -2.523377 -2.906744
2168 1.341388 -1.189913
1058 0.527524 -0.905855
2280 -0.662142 -1.047562
1040 1.204880 -1.184982
444 1.318059 -1.363820
2106 0.572719 -0.942056
767 5.239055 -3.681941
506 1.869947 -1.649225
592 3.971661 -2.870265
586 3.667011 -2.675418
585 3.639579 -2.626909
653 5.282670 -3.705429
2250 -0.096262 -0.790835
1162 -2.148780 -2.438730
107 -3.889276 -4.186134
376 0.860405 -1.062607
765 5.214611 -3.658278
168 -3.390928 -3.751113
536 2.356352 -1.904349
2180 1.308735 -1.185006
1010 2.497999 -1.876677
624 4.913635 -3.493608
1828 -1.572686 -2.051785
2137 0.977329 -1.043388
2391 -4.236301 -4.280615
1900 -0.825582 -1.413403
1052 0.766898 -0.982917
1470 -0.647057 -1.107320
1872 -1.435909 -2.029437
1873 -1.362804 -1.965665
1465 -0.813481 -1.199124
1095 -0.165843 -0.983127
2130 0.905657 -1.027085
139 -3.766395 -4.094515
762 5.274088 -3.717119
419 1.174132 -1.252400
2242 0.010096 -0.754129
998 3.047921 -2.244517
1514 0.051969 -0.894885
1183 -2.981213 -3.169953
470 1.478250 -1.465128
738 5.037718 -3.536931
1253 -4.258404 -4.351528
2205 0.813157 -0.929492
809 5.009330 -3.491525
531 2.283224 -1.863075
420 1.149913 -1.228923
1527 0.270559 -0.890917
1626 0.613950 -1.047734
833 4.947673 -3.435467
609 4.348274 -3.114564
1111 -0.427317 -1.053306
1909 -0.657154 -1.271459
1477 -0.502017 -1.014399
1308 -4.474287 -4.552069
2289 -0.870807 -1.188774
2284 -0.704349 -1.110337
2115 0.666733 -0.945408
2028 0.040725 -0.972817
772 5.267387 -3.697447
1041 1.257542 -1.200574
1096 -0.203458 -0.958025
1523 0.198162 -0.874711
1663 0.462619 -1.051766
990 3.450437 -2.471149
1561 0.621846 -0.968739
1172 -2.526277 -2.748479
1378 -4.529061 -4.637889
382 0.933927 -1.091433
807 5.058192 -3.515877
1701 0.092218 -0.949152
2082 0.390767 -0.907830
1132 -0.947732 -1.377783
1580 0.729583 -0.993858
956 4.236335 -2.890424
1024 1.974201 -1.597037
1908 -0.661366 -1.267477
1050 0.872113 -1.023840
1307 -4.317383 -4.388759
2375 -3.805330 -3.854086
668 5.247136 -3.655200
312 0.169910 -0.911916
1072 0.167510 -0.876051
1070 0.229573 -0.870805
300 -0.024219 -0.911205
2002 -0.011643 -0.988000
577 3.508636 -2.572621
2323 -2.330492 -2.434022
1116 -0.558706 -1.120339
472 1.515245 -1.504041
1004 2.888397 -2.128230
374 0.857860 -1.054772
410 1.119534 -1.185308
1972 -0.147010 -1.039174
843 5.045538 -3.464145
754 5.146924 -3.616184
2376 -3.938781 -3.984843
972 3.992737 -2.756882
777 5.224609 -3.656047
1044 1.178966 -1.171210
1461 -0.946657 -1.292747
2296 -1.037059 -1.348175
968 4.169519 -2.874941
768 5.118998 -3.601039
1675 0.339657 -1.019802
1677 0.312817 -1.031206
1064 0.394346 -0.886138
1464 -0.835721 -1.208526
2017 0.017698 -0.972919
2013 0.011516 -0.973055
1652 0.520687 -1.063327
1654 0.515391 -1.058903
654 5.348576 -3.754322
320 0.252627 -0.947997
351 0.570873 -1.000813
1985 -0.087604 -1.009415
2034 0.061668 -0.962542
1973 -0.145431 -1.037925
162 -3.504282 -3.844396
800 4.857393 -3.393344
227 -1.618252 -2.081465
153 -3.727319 -4.069166
1003 2.791006 -2.087733
788 5.177851 -3.637543
927 4.758847 -3.261493
218 -1.851835 -2.277972
751 5.155869 -3.651185
1020 2.125775 -1.685396
1306 -4.509603 -4.551735
493 1.693010 -1.570592
2116 0.670845 -0.957926
773 5.185889 -3.644774
2293 -0.979723 -1.275633
874 4.825330 -3.288105
1898 -0.889035 -1.445589
596 4.034984 -2.913153
1526 0.241335 -0.889584
2075 0.350982 -0.908997
1173 -2.619670 -2.832953
1971 -0.153238 -1.036745
1483 -0.426471 -0.989290
796 5.005971 -3.503629
425 1.183646 -1.266172
1051 0.794769 -0.997336
2027 0.044186 -0.968608
77 -4.324110 -4.623839
1689 0.234845 -0.987712
528 2.307305 -1.887925
441 1.306137 -1.368612
2108 0.607500 -0.937783
1892 -1.026017 -1.595693
1539 0.429004 -0.916800
462 1.442674 -1.446396
1989 -0.082009 -0.984661
1569 0.678326 -0.981125
344 0.490424 -1.000462
1578 0.700545 -0.986857
1979 -0.104859 -1.013180
429 1.229772 -1.306358
792 5.071310 -3.537908
1827 -1.581164 -2.071739
849 4.886651 -3.367119
1598 0.664739 -0.989658
1905 -0.719436 -1.330586
1053 0.686759 -0.944864
1693 0.215544 -0.967972
2285 -0.751527 -1.118323
2025 0.035973 -0.965137
1685 0.282457 -0.998636
1078 0.103079 -0.892222
997 3.170790 -2.289507
2068 0.286384 -0.919466
469 1.486434 -1.479866
283 -0.261019 -1.009920
258 -0.778082 -1.388679
644 5.138673 -3.622057
2279 -0.632357 -1.028784
1556 0.594795 -0.965521
154 -3.590072 -3.943848
1800 -1.132259 -1.605071
1012 2.450339 -1.868268
2080 0.369562 -0.912956
784 5.305268 -3.722975
636 5.153508 -3.633142
1728 -0.178500 -0.947259
614 4.531157 -3.239915
1918 -0.545598 -1.184194
899 4.583642 -3.120908
302 0.004631 -0.902403
1509 0.025312 -0.908145
321 0.274624 -0.958359
986 3.646376 -2.572379
2313 -1.845241 -1.975084
1192 -3.179731 -3.344546
377 0.876587 -1.054821
240 -1.189327 -1.693926
1785 -0.916958 -1.408010
388 0.985090 -1.113951
1123 -0.744231 -1.219412
825 5.076907 -3.526212
823 5.006618 -3.464502
2093 0.441165 -0.922791
508 1.937214 -1.682106
752 5.212625 -3.655061
499 1.777556 -1.592682
1705 0.062585 -0.928392
2282 -0.713042 -1.124309
1874 -1.416466 -1.991398
1610 0.645860 -0.996158
1620 0.625402 -1.019093
335 0.440707 -1.005724
337 0.453899 -0.994513
331 0.403426 -0.980065
954 4.304523 -2.972783
474 1.508098 -1.487296
2046 0.127195 -0.944291
517 2.092959 -1.769879
225 -1.683436 -2.127866
368 0.756306 -1.032008
236 -1.374893 -1.858214
824 4.982442 -3.456047
622 4.792366 -3.402942
1225 -4.018635 -4.158305
1453 -1.264766 -1.570662
978 3.842534 -2.674642
861 5.007788 -3.437937
673 5.049170 -3.511024
1061 0.493097 -0.905429
1667 0.403083 -1.059883
2011 0.019723 -0.966812
1081 0.017941 -0.906341
992 3.379889 -2.415046
178 -3.070166 -3.429246
1703 0.092250 -0.934088
1018 2.140992 -1.692752
1136 -1.050103 -1.482588
2177 1.294652 -1.177970
459 1.427463 -1.445951
1590 0.699105 -0.980136
2109 0.599959 -0.905440
2033 0.064047 -0.957497
2357 -3.512259 -3.551951
1665 0.451514 -1.043534
1662 0.458225 -1.062320
1536 0.423892 -0.937241
1640 0.554090 -1.063195
2258 -0.256412 -0.876316
1783 -0.873651 -1.361351
364 0.726291 -1.035345
2197 1.017641 -1.030340
2189 1.184317 -1.127015
817 5.016684 -3.468357
1224 -4.038019 -4.175825
203 -2.386044 -2.781769
1920 -0.509104 -1.188172
1100 -0.248617 -0.996909
2287 -0.836250 -1.156128
442 1.327587 -1.381001
955 4.341178 -2.990119
601 4.071452 -2.919737
1636 0.581642 -1.057821
369 0.776739 -1.059500
255 -0.880379 -1.479396
2187 1.216840 -1.127500
934 4.508361 -3.071560
511 2.027676 -1.742819
200 -2.430421 -2.823168
2390 -4.286505 -4.358424
1305 -4.352069 -4.433206
1302 -4.449952 -4.518901
1086 -0.009394 -0.938508
1682 0.270119 -0.987431
2104 0.537119 -0.925528
952 4.338026 -2.997511
1656 0.543152 -1.073310
627 4.958881 -3.504218
2304 -1.469770 -1.657252
2199 0.901217 -0.988833
938 4.535657 -3.118590
753 5.185493 -3.645098
1448 -1.418821 -1.695394
2162 1.319996 -1.175695
1521 0.218299 -0.893879
1088 -0.085866 -0.948739
646 5.283069 -3.712456
1645 0.570413 -1.050123
291 -0.107437 -0.921838
1960 -0.249510 -1.084472
362 0.705748 -1.048369
257 -0.865735 -1.453141
226 -1.610327 -2.074187
1001 2.960397 -2.192410
202 -2.372070 -2.756282
785 5.117380 -3.594558
507 1.886426 -1.653526
1697 0.129782 -0.957556
969 4.101845 -2.838944
1787 -0.931951 -1.395322
1673 0.363862 -1.032745
953 4.336550 -2.984505
453 1.386984 -1.422763
2065 0.283264 -0.915670
1629 0.611159 -1.043277
621 4.716952 -3.341330
1343 -3.884195 -3.980929
172 -3.254426 -3.610334
1832 -1.636484 -2.131117
2152 1.182070 -1.113828
1927 -0.430241 -1.129020
216 -1.987441 -2.396274
2392 -4.278874 -4.320854
2393 -4.389893 -4.428815
2389 -4.349231 -4.398706
669 5.153785 -3.577017
316 0.234966 -0.919954
2295 -1.011556 -1.291852
661 5.198987 -3.636569
1063 0.434473 -0.898691
2275 -0.531061 -1.012496
750 5.164297 -3.624089
607 4.442139 -3.164486
70 -4.368186 -4.670982
1687 0.259247 -1.016237
1073 0.204662 -0.890066
1525 0.245083 -0.900528
333 0.409871 -0.997758
1347 -3.936131 -4.038450
791 5.083575 -3.565606
625 4.828374 -3.431735
836 5.083510 -3.514457
494 1.700673 -1.581528
775 5.217340 -3.671466
1074 0.148364 -0.890188
1670 0.381275 -1.042977
1672 0.381964 -1.038169
503 1.796333 -1.619274
1036 1.482351 -1.314737
2283 -0.675827 -1.093803
310 0.145303 -0.899110
2039 0.092913 -0.941745
1530 0.307061 -0.902144
647 5.209463 -3.661072
1635 0.610997 -1.070993
285 -0.236217 -0.974339
1006 2.704866 -1.982260
2303 -1.380796 -1.604768
2207 0.736000 -0.930911
1091 -0.157141 -0.950816
2147 1.111635 -1.097097
213 -2.012457 -2.414648
1871 -1.415965 -2.003135
778 5.031817 -3.533216
642 5.271354 -3.716898
478 1.531718 -1.503176
1622 0.620953 -1.032515
2270 -0.404799 -0.972835
658 5.226322 -3.657185
2074 0.336156 -0.913575
1165 -2.231601 -2.480175
759 5.218832 -3.682610
643 5.237565 -3.680394
2194 1.053314 -1.074378
2145 1.076810 -1.074524
487 1.643556 -1.538950
2021 0.035883 -0.966418
963 4.217886 -2.920217
2009 0.003654 -0.972155
127 -3.906009 -4.220672
2076 0.318446 -0.904607
1346 -3.838783 -3.956886
651 5.276463 -3.689348
1016 2.332303 -1.792329
2140 1.012987 -1.044433
334 0.409851 -0.983243
790 5.120859 -3.588341
75 -4.442609 -4.760146
1686 0.261858 -0.994834
464 1.461069 -1.467064
460 1.438171 -1.459393
341 0.475613 -1.006461
245 -1.124698 -1.645544
156 -3.480108 -3.820861
1990 -0.051805 -1.000866
1103 -0.311582 -1.020546
1870 -1.492737 -2.077438
2111 0.592293 -0.915057
454 1.382649 -1.414804
224 -1.690087 -2.142371
618 4.715497 -3.361181
973 4.014732 -2.794726
1683 0.284388 -0.992740
641 5.180865 -3.671067
1524 0.217606 -0.877312
1669 0.426502 -1.044270
449 1.341415 -1.396153
1094 -0.206352 -0.959873
1529 0.278684 -0.895677
1349 -3.959333 -4.081581
479 1.545081 -1.498311
638 5.204447 -3.671983
2101 0.532367 -0.922122
263 -0.654690 -1.277044
457 1.396523 -1.429438
1690 0.215693 -0.983080
967 4.111357 -2.833270
1657 0.486174 -1.057557
620 4.613641 -3.285870
611 4.404122 -3.144369
1059 0.510257 -0.915116
1309 -4.268409 -4.315882
1965 -0.192240 -1.051551
1300 -4.503645 -4.580532
2038 0.098064 -0.950800
2127 0.859285 -0.989426
987 3.628623 -2.552263
497 1.694830 -1.583434
1005 2.662822 -1.986855
215 -1.992293 -2.411330
1680 0.296119 -1.022935
1707 0.043935 -0.925331
1830 -1.611108 -2.091171
228 -1.569697 -2.013810
502 1.820012 -1.636000
1650 0.541103 -1.055382
73 -4.333468 -4.646687
1585 0.707911 -0.975093
458 1.411283 -1.447285
975 3.996476 -2.778352
1869 -1.509935 -2.090242
1334 -3.772505 -3.901124
1842 -1.823983 -2.347263
2044 0.129608 -0.941498
233 -1.415457 -1.896241
1668 0.408925 -1.046829
2395 -4.226621 -4.289083
1304 -4.409165 -4.464024
1342 -3.888577 -4.024741
629 5.086990 -3.600940
74 -4.464633 -4.785396
1865 -1.597305 -2.189324
1857 -1.804395 -2.378032
1861 -1.731264 -2.323741
1867 -1.534561 -2.125222
2394 -4.265059 -4.303058
1868 -1.531777 -2.143520
1837 -1.682797 -2.180314
262 -0.710517 -1.323280
116 -3.789700 -4.093937
477 1.549557 -1.500629
2399 -4.210142 -4.270622
72 -4.201181 -4.499814
71 -4.258301 -4.550731
1864 -1.557038 -2.158252
1834 -1.646953 -2.138518
1838 -1.763973 -2.260795
1843 -1.852133 -2.362214
1833 -1.649152 -2.141203
1856 -1.816377 -2.404183
1840 -1.750653 -2.250842
1835 -1.685157 -2.167867
2398 -4.288776 -4.328489
1836 -1.716985 -2.214214
1858 -1.725795 -2.316399
1859 -1.774301 -2.364490
670 4.957403 -3.450409
1839 -1.720545 -2.242511
1866 -1.543883 -2.145094
1841 -1.770526 -2.287258
1860 -1.788314 -2.381269
1862 -1.740810 -2.353222
797 4.906456 -3.422775
2396 -4.331812 -4.394665
2397 -4.375056 -4.431725
2400 -4.370586 -4.399180
1863 -1.612487 -2.211318
69 -4.260082 -4.553807
67 -4.196334 -4.496274
2401 -4.336777 -4.389353
1310 -4.193384 -4.252733
68 -4.227177 -4.534937
1331 -3.698267 -3.792614
65 -4.439049 -4.754716
66 -4.332506 -4.651716
2404 -4.348933 -4.398037
2403 -4.492658 -4.551690
2402 -4.356159 -4.436381
64 -4.414661 -4.709219
1338 -3.763086 -3.870759
62 -4.370849 -4.684141
1328 -3.842938 -3.929462
1335 -3.644910 -3.754629
1362 -4.232703 -4.317255
2405 -4.258235 -4.320005
63 -4.117004 -4.412591
2406 -4.414266 -4.487509
61 -4.225088 -4.519258
1314 -4.016651 -4.072093
461 1.435609 -1.447985
1337 -3.808693 -3.916442
1322 -3.816975 -3.903710
1324 -3.736412 -3.830258
1313 -4.093236 -4.171048
1327 -3.825959 -3.921130
1329 -3.563890 -3.678676
1312 -3.926699 -3.985715
1311 -4.025465 -4.078614
1323 -3.675359 -3.776680
1315 -3.823701 -3.861267
1339 -3.311820 -3.422146
1316 -3.638972 -3.709056
1332 -3.560895 -3.654834
1325 -3.436552 -3.549799
1336 -3.153397 -3.217123
1330 -3.222606 -3.331199
1321 -3.395547 -3.451501
1326 -2.916250 -3.015448
1333 -2.825758 -2.941411
1320 -3.004615 -3.033602
1317 -2.759859 -2.810039
