1834 2
103 3.223501 5.579923
101 3.083857 5.360665
967 -0.183598 0.936946
92 3.206120 5.563751
87 3.238255 5.626102
84 3.240156 5.625741
107 3.019775 5.250234
1307 0.105492 1.091071
80 3.231050 5.614915
90 3.139918 5.451196
1884 2.883432 4.979364
89 3.180056 5.518649
86 3.197984 5.566247
213 2.915667 5.130572
1818 2.700340 4.886799
83 3.226687 5.608593
100 3.154504 5.500186
934 -0.139143 1.043974
201 2.933853 5.144095
1059 -1.820795 0.920238
88 3.085033 5.348278
1802 2.553175 4.692849
93 3.225515 5.632926
1807 2.610049 4.787251
202 2.903601 5.101709
1826 2.769167 4.954430
197 2.933487 5.152249
82 3.234016 5.635636
288 0.899392 2.061656
1485 -5.481843 2.027119
1332 -0.130651 0.768388
1072 -2.372771 1.057410
85 3.242217 5.628137
1786 2.581013 4.788157
81 3.194821 5.567217
927 -0.133765 1.052984
212 2.906080 5.073653
1326 -0.076113 0.816748
1279 0.118336 1.089698
188 2.863053 5.045202
955 -0.161911 0.984715
110 3.010478 5.219844
94 3.165606 5.508525
951 -0.148921 1.003529
460 -4.729029 1.774092
105 3.076929 5.371382
442 -4.408567 1.708481
104 3.110810 5.417931
1873 2.881868 5.001240
996 -0.373904 0.821673
109 3.037936 5.301765
106 3.050106 5.289980
956 -0.156476 0.974179
91 3.245131 5.628049
96 3.173491 5.532255
713 -0.430986 0.929601
983 -0.261532 0.862051
1178 -2.090292 1.017386
1313 0.070110 1.005737
1863 2.766984 4.805636
709 -0.455357 0.931479
108 2.999034 5.218952
1285 0.139817 1.111880
916 -0.132725 1.051276
1087 -3.197337 1.289293
1780 2.465334 4.607621
236 2.685416 4.771122
1318 0.043125 0.976857
1866 2.772109 4.819624
1325 -0.019551 0.855799
305 0.579993 1.626765
1635 0.618757 1.727940
1844 2.754980 4.845058
1310 0.110219 1.071162
304 0.601507 1.660358
336 0.135628 1.069450
1885 2.982009 5.173989
99 3.122129 5.416354
699 -0.546061 0.919928
1804 2.625952 4.846827
1801 2.550325 4.700524
1700 1.697476 3.469354
1320 0.012596 0.915568
1648 0.876810 2.125103
467 -4.861151 1.812275
254 1.999826 3.681535
162 2.860617 5.026806
238 2.623641 4.667462
1727 2.186750 4.221709
195 2.958665 5.214327
1676 1.344437 2.863292
306 0.591738 1.648436
980 -0.264568 0.877922
172 2.861696 5.056578
235 2.746996 4.847727
1305 0.115242 1.076093
663 -0.931962 0.911803
960 -0.151934 0.961076
1328 -0.076236 0.789848
991 -0.315890 0.841076
1165 -2.631937 1.146646
1007 -0.492913 0.800791
207 2.923020 5.148116
602 -2.974686 1.280379
1065 -1.970280 0.960217
1345 -0.411783 0.621152
323 0.322076 1.296408
329 0.267892 1.235603
1640 0.724535 1.886984
1298 0.145534 1.111574
1280 0.131592 1.100083
1578 -0.443227 0.681096
1221 -0.846570 0.774221
161 2.848454 5.015899
921 -0.137836 1.050496
1871 2.804448 4.864985
1861 2.789283 4.868928
1864 2.729645 4.740167
1321 0.007730 0.932397
1790 2.470147 4.617782
599 -3.178587 1.351366
949 -0.147859 0.996230
640 -1.289253 0.886636
932 -0.128644 1.036380
750 -0.413188 0.954458
1301 0.132500 1.094756
954 -0.167508 0.982910
942 -0.140174 1.030569
97 3.222328 5.624282
1757 2.448214 4.578918
1808 2.645575 4.819457
523 -5.803464 2.105118
219 2.869072 5.051294
635 -1.390591 0.889652
1271 0.072503 1.058199
75 3.258872 5.694565
1658 1.034461 2.355217
1347 -0.571799 0.663740
1793 2.434950 4.513969
1297 0.145432 1.103068
1761 2.480443 4.651401
1840 2.810719 4.942904
1815 2.645515 4.792253
933 -0.147756 1.051745
957 -0.168881 0.971325
943 -0.138403 1.011818
324 0.354030 1.318292
1743 2.467112 4.653814
730 -0.409232 0.945964
112 3.027462 5.248627
1184 -1.793462 0.945270
277 1.198632 2.501391
95 3.186128 5.555394
160 2.827912 5.013381
228 2.793425 4.929743
1278 0.133129 1.108977
762 -0.445850 0.954846
592 -3.594243 1.468324
692 -0.556840 0.918481
534 -5.697575 2.085432
1803 2.548001 4.686638
1481 -5.693524 2.099667
1046 -1.365707 0.828723
348 -0.093366 0.789458
642 -1.235192 0.872276
1629 0.532601 1.598977
1616 0.281899 1.298032
1767 2.510107 4.693568
1608 0.120876 1.099732
1771 2.411949 4.529984
936 -0.143896 1.036986
204 2.916631 5.126191
1582 -0.330303 0.735995
638 -1.307940 0.895772
198 2.888960 5.110267
317 0.421080 1.433210
459 -4.744285 1.788288
1774 2.458625 4.592891
231 2.786070 4.887788
1585 -0.223945 0.764599
196 2.957256 5.208438
1846 2.793971 4.910493
860 -0.493036 0.882816
1323 -0.015711 0.868383
1668 1.195496 2.641895
1368 -1.523369 0.853653
1179 -1.965072 0.983368
1576 -0.481774 0.669879
1785 2.486138 4.620960
1823 2.721609 4.889627
1847 2.781698 4.870767
1878 2.897655 4.978301
1879 2.893137 5.016498
971 -0.199044 0.906974
78 3.272570 5.685712
1315 0.061220 0.993901
676 -0.734541 0.921261
1339 -0.238284 0.628568
1266 0.060317 1.035420
990 -0.316097 0.837627
111 3.016133 5.237973
1796 2.505589 4.639557
627 -1.671310 0.927636
170 2.851384 5.038153
253 2.057726 3.780361
226 2.969911 5.209555
225 2.854112 4.987382
155 2.824582 4.991978
937 -0.141391 1.036342
631 -1.546692 0.923453
1303 0.129308 1.099413
974 -0.206953 0.892491
312 0.489541 1.502111
965 -0.176798 0.948770
765 -0.449555 0.965971
958 -0.163280 0.962665
714 -0.427200 0.937960
941 -0.145763 1.019966
458 -4.836269 1.811626
320 0.398389 1.388239
982 -0.245399 0.883476
1167 -2.543931 1.134199
242 2.447117 4.360003
526 -5.732088 2.089038
239 2.491855 4.437874
1838 2.744761 4.846911
935 -0.150532 1.024327
1829 2.696843 4.810015
838 -0.627277 0.914434
1580 -0.340917 0.712926
1586 -0.257779 0.770036
1875 2.747614 4.776865
1886 2.882237 4.994906
1292 0.146028 1.126596
1200 -1.375282 0.870174
1156 -3.285778 1.345890
1293 0.153230 1.134237
237 2.592962 4.573967
1821 2.689812 4.871614
1822 2.736218 4.903535
924 -0.133387 1.046222
639 -1.289137 0.892102
1450 -5.807521 2.118832
1039 -1.212325 0.844987
853 -0.537680 0.896158
1880 2.811075 4.857760
600 -3.164850 1.343409
1639 0.720594 1.870138
1181 -1.943782 0.955606
515 -5.725842 2.086516
1770 2.382686 4.463345
1857 2.793308 4.888702
181 2.826475 4.986977
443 -4.241055 1.637308
964 -0.177803 0.956341
718 -0.410686 0.946798
332 0.199388 1.129423
707 -0.464997 0.925674
589 -3.856295 1.549038
452 -4.613892 1.747065
115 3.032624 5.279688
1182 -1.897714 0.959413
643 -1.205700 0.901185
398 -1.964684 1.001704
1386 -2.480360 1.108636
625 -1.719849 0.939342
601 -3.040752 1.292336
1057 -1.685290 0.893481
77 3.256726 5.644810
650 -1.090591 0.884506
307 0.556611 1.608358
947 -0.144897 1.008714
992 -0.327026 0.839345
731 -0.396000 0.959565
1296 0.148719 1.120840
985 -0.286130 0.874862
1813 2.652043 4.812879
209 2.818840 4.983857
1845 2.814337 4.939536
1691 1.500126 3.143747
1302 0.150847 1.115762
593 -3.566505 1.451483
1346 -0.407665 0.600332
604 -2.876800 1.251740
1817 2.691874 4.857520
220 2.774153 4.890663
1014 -0.613528 0.801799
518 -5.773776 2.113720
216 2.839050 5.002474
210 2.860253 5.028832
754 -0.418445 0.973975
1877 2.848848 4.941700
1314 0.057141 0.992567
1860 2.758377 4.805813
969 -0.192847 0.909291
444 -4.472669 1.724295
1641 0.741336 1.936782
1711 1.903267 3.778303
1195 -1.494213 0.886433
1284 0.149115 1.126401
457 -4.525067 1.692020
243 2.502738 4.444989
383 -1.319955 0.812196
258 1.841751 3.437181
255 2.042013 3.693732
223 2.830142 4.972334
822 -0.606266 0.955435
200 2.864434 5.037859
834 -0.627242 0.934964
1795 2.431048 4.502930
1309 0.098523 1.051006
1688 1.523403 3.176948
598 -3.196892 1.339205
1336 -0.143525 0.661998
995 -0.351003 0.827041
461 -4.555317 1.717316
116 2.994102 5.237312
1623 0.452604 1.479955
241 2.581625 4.590368
240 2.595862 4.595537
178 2.770977 4.886953
542 -5.646918 2.067014
1384 -2.352537 1.072501
229 2.738082 4.826323
1725 2.149164 4.136440
1854 2.729915 4.783502
1733 2.294104 4.402946
1304 0.128165 1.091941
1876 2.769050 4.815379
970 -0.203809 0.924512
897 -0.152038 0.986644
1327 -0.077082 0.821812
706 -0.492929 0.928420
981 -0.257221 0.887044
1745 2.415825 4.562169
175 2.841709 5.030001
168 2.796924 4.966209
1571 -0.614534 0.664755
501 -5.737082 2.076322
214 2.853746 5.038789
607 -2.657809 1.186294
1205 -1.316290 0.848631
1308 0.091419 1.049546
966 -0.190903 0.935426
1520 -3.704006 1.442810
1882 2.823712 4.877807
700 -0.524197 0.940498
652 -1.077923 0.881391
1115 -4.660979 1.787287
290 0.844185 1.998288
1577 -0.469714 0.697170
1373 -1.805244 0.921118
385 -1.359958 0.835055
157 2.797230 4.963257
1489 -5.326302 1.955787
844 -0.593975 0.899027
1590 -0.171824 0.809460
1023 -0.840223 0.796218
1872 2.873837 4.975042
76 3.260647 5.670715
1868 2.838217 4.892925
286 0.922140 2.092080
504 -5.715258 2.080779
715 -0.429729 0.945020
445 -4.323092 1.680132
330 0.233142 1.169682
1650 0.914636 2.185374
1295 0.149066 1.116691
343 -0.012827 0.863175
98 3.208139 5.563666
1172 -2.328372 1.056344
1171 -2.301268 1.033810
397 -1.902850 0.971271
1610 0.166304 1.123717
169 2.779669 4.929500
524 -5.765987 2.106509
233 2.723723 4.787067
1036 -1.129225 0.840926
746 -0.375268 0.970717
1300 0.146939 1.114835
446 -4.351971 1.681044
963 -0.157154 0.952614
1079 -2.635489 1.092383
1678 1.352804 2.889392
1322 -0.012762 0.898450
953 -0.149088 0.996678
952 -0.147363 1.008504
1798 2.507925 4.618754
1069 -2.203549 1.010754
696 -0.530367 0.921333
325 0.314122 1.285512
997 -0.341839 0.840648
1294 0.154403 1.127825
478 -5.328515 1.971328
1177 -2.048742 1.011745
171 2.822530 4.983442
659 -0.978293 0.883266
543 -5.465626 2.007624
1601 0.028192 1.002581
222 2.781351 4.883365
1839 2.714381 4.780468
1718 1.972706 3.879040
681 -0.702416 0.926969
1853 2.737811 4.787638
606 -2.711521 1.209119
1206 -1.268561 0.849295
1356 -0.978083 0.708955
425 -3.314008 1.377016
1056 -1.700200 0.917068
1275 0.121177 1.082166
1680 1.342584 2.878423
1316 0.053357 0.981340
1666 1.120077 2.515313
1088 -3.247448 1.289730
587 -4.060959 1.598012
1432 -5.310887 1.945040
723 -0.407068 0.954497
350 -0.122303 0.749600
988 -0.287749 0.850728
720 -0.400104 0.952163
474 -5.001427 1.861942
342 -0.016787 0.910240
1626 0.471791 1.523267
1286 0.132843 1.114051
1225 -0.717262 0.754363
1787 2.440385 4.540680
256 1.984431 3.622178
1775 2.412122 4.493624
1015 -0.592877 0.791045
1830 2.690090 4.779288
828 -0.618988 0.939307
1488 -5.394127 1.990345
519 -5.673223 2.049844
628 -1.607027 0.933997
847 -0.587066 0.885132
1592 -0.174336 0.829450
1203 -1.340111 0.855514
193 2.850849 5.022204
180 2.822102 4.991208
1049 -1.425088 0.844847
1681 1.390243 2.970067
1092 -3.476006 1.374755
1329 -0.082884 0.803874
1799 2.523343 4.653770
1081 -2.891137 1.194480
645 -1.173854 0.856281
940 -0.135886 1.017083
113 3.095843 5.356848
1290 0.149288 1.118879
291 0.856260 2.003930
1624 0.447804 1.448710
1759 2.414381 4.529547
688 -0.606048 0.933218
369 -0.767943 0.701301
1777 2.455764 4.573324
1154 -3.397768 1.380756
1706 1.786409 3.609488
1134 -4.412329 1.727300
1003 -0.419832 0.819031
1535 -2.694002 1.152598
1575 -0.513438 0.694220
1724 2.117873 4.107276
748 -0.388653 0.963201
493 -5.655425 2.069009
187 2.833661 5.018618
717 -0.416486 0.949349
1060 -1.801166 0.925958
702 -0.502895 0.933259
703 -0.501290 0.937197
353 -0.249973 0.721810
1441 -5.538018 2.011870
721 -0.404509 0.959769
1744 2.414731 4.580453
1365 -1.430157 0.808170
1170 -2.433057 1.088173
248 2.225715 4.036763
176 2.794437 4.937048
414 -2.710670 1.182320
1091 -3.406137 1.354581
533 -5.579195 2.041950
1809 2.660501 4.802770
1494 -5.061059 1.873239
922 -0.131730 1.041728
835 -0.638059 0.935142
1723 2.144549 4.168218
1031 -1.012464 0.829943
637 -1.333234 0.897383
1858 2.755111 4.811436
1210 -1.165469 0.836199
199 2.909339 5.102300
1843 2.749034 4.842386
1697 1.612710 3.317163
977 -0.226725 0.890291
776 -0.487260 0.962288
1319 0.029239 0.944811
310 0.500587 1.531436
1867 2.776085 4.829546
716 -0.423779 0.945600
1663 1.133502 2.532161
1083 -2.952407 1.223238
451 -4.489423 1.709739
736 -0.401620 0.959226
1355 -0.883581 0.702792
1633 0.605289 1.739930
1186 -1.757286 0.944547
1169 -2.461245 1.095872
278 1.106925 2.361770
1213 -1.147843 0.831245
1342 -0.326847 0.645316
409 -2.522184 1.143865
698 -0.528376 0.929518
1606 0.081292 1.070237
1806 2.557267 4.699076
423 -3.421316 1.425531
438 -4.152361 1.621463
1836 2.716355 4.805042
1000 -0.396337 0.806450
1859 2.790551 4.853205
1855 2.805957 4.903665
633 -1.449331 0.888439
1048 -1.444238 0.866516
1687 1.472720 3.087853
710 -0.440927 0.948958
1066 -2.023112 0.941810
646 -1.178679 0.869279
1354 -0.823648 0.656680
658 -0.991863 0.900327
1642 0.741672 1.922067
269 1.436184 2.826373
1634 0.668738 1.776664
1185 -1.744511 0.920614
475 -4.968048 1.841480
1627 0.529952 1.573540
687 -0.643629 0.917715
1501 -4.770432 1.772471
1615 0.268744 1.236618
416 -2.872851 1.231194
1811 2.605060 4.737675
931 -0.147004 1.045423
217 2.846967 5.023664
753 -0.414532 0.963639
757 -0.436190 0.955602
1473 -5.647947 2.087439
184 2.828559 4.970932
889 -0.199195 0.957212
1689 1.500293 3.127199
661 -0.956898 0.878158
647 -1.174260 0.900200
308 0.566366 1.590694
1404 -3.656513 1.431191
333 0.161852 1.108936
655 -1.030248 0.881021
120 3.057233 5.308360
1645 0.822805 2.039845
1421 -4.845708 1.782994
1189 -1.683835 0.911235
1187 -1.740119 0.933978
102 3.188834 5.527286
1283 0.139965 1.110648
454 -4.565955 1.724414
1506 -4.543681 1.712915
1611 0.174791 1.165428
415 -2.773386 1.208446
529 -5.589993 2.034321
234 2.671199 4.727495
1837 2.741560 4.846354
1455 -5.893886 2.148607
911 -0.143884 1.034429
852 -0.579721 0.892599
770 -0.460147 0.967507
1415 -4.289113 1.617075
1324 -0.016929 0.872311
1063 -1.892457 0.928016
1428 -5.074770 1.867976
1566 -0.855850 0.669063
1180 -1.927709 0.969890
726 -0.394507 0.950190
476 -4.883544 1.792457
1753 2.440219 4.571035
455 -4.632865 1.750398
174 2.889562 5.094537
1382 -2.222805 1.018044
800 -0.580724 0.985324
1155 -3.332353 1.376247
426 -3.546689 1.440381
1491 -5.176805 1.919057
1016 -0.648542 0.774268
439 -4.159918 1.620082
430 -3.671615 1.469409
1835 2.711140 4.809639
1008 -0.488581 0.788498
403 -2.228923 1.063509
1117 -4.725633 1.821086
1449 -5.743120 2.094708
1357 -1.043816 0.711303
1794 2.387611 4.441222
973 -0.209215 0.895997
869 -0.410569 0.887094
1071 -2.169704 0.966947
719 -0.407374 0.955117
1068 -2.151582 1.000082
1064 -2.002637 0.961573
644 -1.191911 0.888980
708 -0.491673 0.939662
520 -5.689207 2.073754
1423 -4.785606 1.787661
1740 2.331957 4.430796
1504 -4.544989 1.702888
1783 2.394240 4.469429
388 -1.504654 0.857350
818 -0.606625 0.976686
230 2.787863 4.913269
1832 2.751274 4.883337
206 2.874281 5.055607
1824 2.748612 4.939353
636 -1.370432 0.880462
1734 2.364041 4.498770
1207 -1.267802 0.871592
487 -5.459142 1.993395
906 -0.153587 1.023636
904 -0.141877 1.015411
1696 1.605894 3.319868
185 2.903043 5.135625
660 -0.970955 0.891696
1467 -5.801079 2.122672
1312 0.110639 1.050449
1311 0.084494 1.030680
672 -0.833163 0.905285
506 -5.700861 2.079839
596 -3.441213 1.418482
691 -0.571162 0.914432
948 -0.145646 1.008120
1161 -2.904522 1.233738
1163 -2.846381 1.214398
1379 -2.059174 0.972039
1849 2.758487 4.804686
1841 2.723929 4.839509
539 -5.512054 2.022237
1009 -0.525539 0.797541
1100 -3.931715 1.527563
211 2.908564 5.114139
1022 -0.784477 0.822032
1306 0.119788 1.084135
183 2.801016 4.924624
777 -0.480681 0.957861
316 0.448751 1.451337
1331 -0.134979 0.756181
944 -0.138942 1.019741
1637 0.679795 1.820887
470 -4.841372 1.785607
1176 -2.147344 1.009516
685 -0.650936 0.920925
177 2.845682 5.022567
420 -3.174981 1.352018
1805 2.542796 4.672894
141 2.826581 4.992034
1574 -0.560997 0.666010
1828 2.701816 4.834124
831 -0.625745 0.932880
846 -0.609529 0.896894
751 -0.403476 0.975033
190 2.849851 5.033691
1471 -5.743311 2.105099
972 -0.198170 0.908562
978 -0.233180 0.891965
866 -0.436906 0.883055
1466 -5.823305 2.156104
873 -0.346911 0.888773
870 -0.371858 0.875784
896 -0.145258 1.004694
767 -0.463136 0.959270
1679 1.341835 2.883921
300 0.692582 1.769729
1335 -0.175367 0.683464
1358 -1.061336 0.709743
1364 -1.309105 0.797026
341 0.030457 0.914320
299 0.700385 1.766187
453 -4.621207 1.727615
391 -1.647865 0.884182
246 2.328994 4.199406
259 1.864765 3.440961
250 2.245816 4.014000
1814 2.620646 4.745591
1603 0.060514 1.027092
803 -0.575888 0.972398
227 2.789387 4.899997
1277 0.126332 1.102565
837 -0.655596 0.917498
839 -0.620727 0.916753
1454 -5.997823 2.209882
779 -0.510728 0.961363
1268 0.057014 1.031986
950 -0.152272 0.995886
1656 1.020188 2.354510
1654 0.981557 2.270618
1343 -0.420125 0.625453
260 1.812547 3.365179
1291 0.152747 1.123085
1367 -1.453854 0.818416
792 -0.534760 0.966124
292 0.847199 2.003191
1622 0.413977 1.465352
1628 0.487778 1.558884
1192 -1.599395 0.889528
1174 -2.229193 1.041840
1600 -0.021923 0.964203
224 2.821260 4.963450
1390 -2.695335 1.154836
431 -4.007035 1.606696
621 -1.859047 0.961240
205 2.799863 4.941304
785 -0.514678 0.968294
915 -0.128125 1.049779
845 -0.602484 0.886636
849 -0.565173 0.894013
1591 -0.124869 0.849195
1842 2.732367 4.802333
1276 0.141484 1.114014
615 -2.188065 1.036075
1044 -1.332521 0.841168
664 -0.902736 0.888941
440 -4.229348 1.647519
1675 1.335090 2.841804
1405 -3.630281 1.436709
331 0.213521 1.148544
1647 0.839777 2.070822
355 -0.271271 0.704919
1741 2.386314 4.504812
1287 0.143033 1.089074
1619 0.316118 1.306620
693 -0.577530 0.912745
167 2.788024 4.911689
1399 -3.256650 1.317792
1524 -3.444323 1.376458
1129 -4.674001 1.803837
527 -5.693630 2.073812
610 -2.426964 1.136022
917 -0.125986 1.059647
1587 -0.255794 0.768301
1111 -4.569250 1.760075
851 -0.565181 0.885957
1051 -1.515859 0.901725
1791 2.505474 4.656290
619 -1.929724 0.970001
494 -5.722650 2.098815
496 -5.697316 2.067658
1317 0.060086 0.984224
1672 1.288378 2.788012
1410 -4.060394 1.562470
301 0.693913 1.751284
1888 2.854731 4.940157
1340 -0.244882 0.643759
121 3.034969 5.300413
1209 -1.210458 0.860960
567 -5.034029 1.901740
1749 2.465778 4.633652
247 2.299086 4.125305
540 -5.788111 2.115929
1385 -2.333266 1.067432
1159 -3.157243 1.291429
1557 -1.278431 0.755243
156 2.844676 5.027717
159 2.858954 5.093966
1701 1.708371 3.477757
434 -3.911783 1.565700
203 2.808309 4.967167
1827 2.722581 4.844656
919 -0.139192 1.040980
1214 -1.101338 0.824675
192 2.855240 5.056412
1870 2.834760 4.926347
883 -0.235544 0.938926
884 -0.226058 0.944716
1683 1.441995 3.041426
318 0.412711 1.435434
879 -0.281103 0.917455
872 -0.366383 0.889857
1677 1.355797 2.907460
1669 1.214324 2.659931
334 0.170594 1.092630
1887 2.906679 5.042839
946 -0.136000 1.018561
1429 -5.057460 1.865395
1747 2.433505 4.605770
594 -3.517630 1.435937
1199 -1.449837 0.888081
1196 -1.524715 0.901830
1617 0.306898 1.297375
1612 0.207017 1.228669
1760 2.457884 4.596763
547 -5.458103 2.024465
410 -2.572355 1.162146
1496 -4.876941 1.807226
1220 -0.868344 0.748343
208 2.864614 5.030108
926 -0.137927 1.048928
836 -0.620285 0.918066
1212 -1.196344 0.838057
1440 -5.487000 2.000050
855 -0.530855 0.884085
858 -0.517908 0.884211
1698 1.618914 3.324978
490 -5.487317 2.001993
881 -0.257803 0.932000
778 -0.497236 0.959444
962 -0.183519 0.963718
878 -0.275961 0.918967
1788 2.427362 4.541879
768 -0.447287 0.966655
1073 -2.287930 1.034596
302 0.629473 1.704390
1084 -2.972964 1.208126
1402 -3.415772 1.388071
1538 -2.381615 1.039243
1651 0.901544 2.164909
584 -4.134207 1.615515
1360 -1.142386 0.732764
555 -5.405295 1.998541
1758 2.494054 4.676851
511 -5.652398 2.068172
1375 -1.861661 0.938121
1147 -3.916543 1.563180
417 -2.965054 1.267786
1812 2.670226 4.836154
1772 2.428221 4.548364
531 -5.582322 2.037424
221 2.767170 4.869984
433 -4.007930 1.592240
930 -0.136619 1.051172
612 -2.385632 1.116349
1139 -4.237429 1.671452
1131 -4.532122 1.748674
609 -2.471418 1.129039
1350 -0.666793 0.643475
1453 -5.832686 2.126096
774 -0.491082 0.970216
319 0.389943 1.374461
471 -4.975892 1.855991
1661 1.094281 2.467222
450 -4.536997 1.728310
281 1.071727 2.298815
1114 -4.493079 1.727407
1567 -0.761256 0.662051
1160 -2.864998 1.212853
294 0.782020 1.881811
1197 -1.449208 0.875954
1289 0.147432 1.115489
683 -0.681952 0.903796
1387 -2.520591 1.121112
1392 -2.927553 1.227035
1497 -4.834991 1.808072
1123 -4.609198 1.779480
436 -4.060107 1.606156
435 -3.880892 1.539953
1834 2.709693 4.844875
823 -0.621024 0.958463
1715 1.946465 3.831326
611 -2.416334 1.119200
1224 -0.748344 0.771518
783 -0.517159 0.953434
1856 2.746167 4.777985
914 -0.132522 1.045522
909 -0.135066 1.048613
745 -0.391013 0.962001
1692 1.551333 3.224563
882 -0.251509 0.929635
891 -0.191411 0.968332
675 -0.781447 0.922696
1411 -4.189623 1.592002
507 -5.757773 2.109323
572 -4.869030 1.845397
472 -4.886224 1.801637
293 0.801416 1.907741
1191 -1.636501 0.917603
1750 2.356972 4.434692
408 -2.412641 1.092691
1500 -4.820068 1.782323
1362 -1.229349 0.755862
694 -0.590962 0.912745
1848 2.784434 4.870556
1499 -4.734811 1.766698
1487 -5.234143 1.942832
1721 2.050401 3.993607
1103 -4.049700 1.574919
191 2.832909 4.978093
743 -0.390769 0.959375
975 -0.208331 0.895155
400 -2.021718 1.001651
1784 2.392767 4.483725
674 -0.781773 0.897639
1259 0.009619 0.991561
959 -0.161818 0.975143
1660 1.054090 2.414643
591 -3.765359 1.509101
441 -4.259876 1.656201
1653 0.984241 2.275362
1341 -0.284671 0.641339
722 -0.408867 0.950383
1359 -1.121518 0.731309
1565 -0.860830 0.685543
1717 1.942324 3.838749
295 0.761047 1.862914
275 1.188062 2.459316
682 -0.650077 0.919625
620 -1.944053 0.974359
456 -4.602473 1.731687
179 2.855936 5.044060
608 -2.663178 1.197339
530 -5.625032 2.056761
232 2.658020 4.686524
1831 2.706402 4.806220
784 -0.511781 0.957424
1030 -0.951369 0.804404
910 -0.144048 1.022228
1736 2.283924 4.379068
603 -2.994748 1.314115
1118 -4.633984 1.788346
854 -0.566021 0.889740
1270 0.082061 1.031762
867 -0.410950 0.893583
662 -0.944405 0.929728
1462 -5.806503 2.114866
894 -0.152350 0.998025
1074 -2.279368 1.037549
679 -0.709688 0.914916
1547 -1.851442 0.891013
447 -4.341475 1.672291
1646 0.835804 2.054925
1643 0.793988 1.994367
735 -0.384492 0.974652
468 -4.858257 1.812083
261 1.677726 3.175763
1194 -1.560382 0.910071
245 2.364555 4.251552
1766 2.468858 4.618978
1764 2.450410 4.574349
544 -5.428639 2.001862
412 -2.707851 1.199801
437 -4.059577 1.603053
1001 -0.417892 0.812893
1722 2.068137 4.027520
1584 -0.341247 0.708992
632 -1.478917 0.903583
1219 -0.867992 0.754325
1104 -4.177365 1.609069
218 2.895636 5.091106
1730 2.223285 4.263693
1021 -0.750924 0.816939
617 -2.083083 1.038641
498 -5.702933 2.083989
79 3.205006 5.598348
1011 -0.549388 0.782358
898 -0.160620 1.002339
1076 -2.464332 1.085457
1099 -3.888649 1.520548
1067 -2.074529 0.985600
1085 -2.999239 1.216996
1401 -3.389200 1.380291
1655 0.981370 2.285271
763 -0.461917 0.951392
358 -0.397254 0.677237
1792 2.449060 4.541378
1562 -0.988027 0.686420
1330 -0.103014 0.775385
1299 0.143774 1.126365
296 0.744711 1.840192
1621 0.373864 1.385525
1175 -2.202124 1.014307
399 -1.948648 0.971262
173 2.837347 5.007945
366 -0.605861 0.676458
428 -3.577763 1.449071
810 -0.601457 0.970605
509 -5.654390 2.060879
918 -0.133636 1.052143
1112 -4.504519 1.735653
194 2.884080 5.097269
976 -0.224148 0.888791
182 2.883787 5.082505
186 2.859681 5.044602
865 -0.437764 0.884338
315 0.459523 1.443966
654 -1.036105 0.889671
322 0.350771 1.329941
994 -0.333140 0.824944
1649 0.926711 2.192553
1366 -1.437306 0.837691
1381 -2.128103 1.012160
1217 -1.031346 0.824584
1614 0.252383 1.280312
411 -2.580528 1.162654
1383 -2.191297 1.007650
252 2.188451 3.960446
816 -0.598824 0.959922
1013 -0.577873 0.798949
939 -0.152798 1.012689
614 -2.313468 1.104962
1595 -0.074127 0.898665
1695 1.607704 3.309074
1682 1.427983 3.049916
760 -0.445048 0.949883
1094 -3.651093 1.431085
1664 1.121212 2.500960
449 -4.407925 1.693976
1334 -0.144054 0.730925
338 0.069178 0.959571
337 0.095365 1.004676
1883 2.879855 4.981810
945 -0.146960 1.012718
705 -0.488109 0.920494
657 -1.025741 0.873953
579 -4.474886 1.736139
733 -0.392103 0.958123
1510 -4.293405 1.622969
986 -0.285809 0.849984
1288 0.158123 1.116722
363 -0.597681 0.719042
1816 2.679260 4.864086
1819 2.766195 4.981230
1604 0.080724 1.068704
1554 -1.386189 0.792611
535 -5.465416 2.010921
817 -0.608434 0.953199
1017 -0.676115 0.809469
629 -1.557486 0.931112
833 -0.632629 0.927142
1458 -5.875178 2.160954
1593 -0.140111 0.845196
742 -0.391824 0.971778
744 -0.412717 0.955672
1694 1.597912 3.306662
1043 -1.305275 0.842861
1047 -1.382159 0.849421
1070 -2.170112 0.985295
1673 1.292295 2.765104
1267 0.055216 1.012504
711 -0.470794 0.929035
1665 1.145335 2.541713
1082 -2.794739 1.167160
335 0.147605 1.055560
993 -0.356143 0.827858
122 2.971074 5.216563
576 -4.590094 1.739731
1427 -5.065466 1.853188
1274 0.100990 1.061132
1033 -1.058867 0.809285
1638 0.718498 1.886115
724 -0.398428 0.960814
1363 -1.257349 0.773449
1002 -0.436825 0.824120
370 -0.815545 0.683999
257 1.930508 3.539590
1158 -3.057031 1.281985
1126 -4.607019 1.795455
825 -0.614262 0.945905
821 -0.611207 0.941751
1716 2.001642 3.931627
1589 -0.191491 0.799843
1737 2.353987 4.485179
488 -5.411318 1.981654
1451 -5.784363 2.103154
1452 -5.832459 2.130020
749 -0.414893 0.959289
595 -3.337432 1.390589
773 -0.485423 0.965217
968 -0.173037 0.935975
877 -0.279730 0.920739
597 -3.184421 1.350200
761 -0.448047 0.962134
1077 -2.610232 1.139536
1265 0.052330 1.024927
1407 -3.851818 1.510089
1437 -5.600359 2.050533
1435 -5.379370 1.983093
1252 -0.065510 0.924025
469 -4.912349 1.845734
582 -4.054386 1.587374
352 -0.201874 0.712571
1447 -5.622786 2.054530
268 1.482908 2.869371
273 1.297025 2.629563
1282 0.140589 1.115900
548 -5.481069 2.020575
1776 2.424631 4.529572
429 -3.664341 1.499941
1393 -2.910565 1.243972
158 2.851673 5.044714
1492 -5.034258 1.877810
1482 -5.359495 1.988528
512 -5.707389 2.092664
1223 -0.811419 0.785817
508 -5.767200 2.102987
1211 -1.150653 0.824891
1351 -0.751529 0.653555
491 -5.594346 2.032262
979 -0.236005 0.893284
1865 2.858389 4.971291
1540 -2.380643 1.046812
581 -4.280136 1.664989
1502 -4.635369 1.739646
129 2.948080 5.144937
570 -4.983027 1.878167
574 -4.798564 1.833288
1516 -3.964697 1.530141
354 -0.223857 0.740336
118 3.006814 5.247669
1630 0.552603 1.662949
560 -5.233436 1.945230
1563 -0.915560 0.696091
1579 -0.393137 0.699728
1149 -3.734619 1.504081
545 -5.512409 2.013067
413 -2.620168 1.171167
1779 2.350192 4.379315
1162 -2.806297 1.228271
813 -0.606765 0.949520
815 -0.599357 0.957772
938 -0.145198 1.024246
1135 -4.507603 1.754892
1820 2.675220 4.815933
1034 -1.073257 0.814961
1109 -4.317983 1.670497
759 -0.419976 0.967099
1597 -0.025183 0.917127
505 -5.609827 2.049676
907 -0.155165 1.032544
850 -0.591247 0.884240
859 -0.496016 0.880711
495 -5.759643 2.095891
861 -0.485725 0.873281
887 -0.220153 0.954038
888 -0.196298 0.961802
528 -5.388370 1.964020
641 -1.262808 0.878293
649 -1.097292 0.862260
1062 -1.801144 0.908509
1430 -5.270409 1.956215
285 0.935025 2.131322
114 3.018759 5.241165
117 2.999127 5.211727
1164 -2.689990 1.167023
1620 0.386906 1.385748
1751 2.448004 4.625758
372 -0.878203 0.727553
396 -1.878529 0.971322
1503 -4.624670 1.725683
541 -5.440450 1.986908
1552 -1.557675 0.797783
1391 -2.755899 1.184126
1128 -4.597386 1.795310
1833 2.708426 4.833279
1480 -5.427159 2.001502
755 -0.436621 0.948459
758 -0.436226 0.944707
1594 -0.130723 0.859141
1598 -0.023032 0.966854
1020 -0.783904 0.820782
1204 -1.305010 0.885671
484 -5.396791 1.985291
1472 -5.694691 2.083818
1080 -2.706209 1.122467
864 -0.450241 0.883113
1686 1.450115 3.051123
1333 -0.127335 0.744018
402 -2.154717 1.043682
1521 -3.649347 1.423313
1422 -4.704808 1.752963
282 1.002345 2.220924
1116 -4.725414 1.814808
1710 1.859104 3.672101
473 -4.922070 1.827444
344 -0.054673 0.843166
1005 -0.469636 0.795602
623 -1.717395 0.955972
1768 2.436046 4.567335
1142 -4.200734 1.650895
1148 -3.819834 1.528877
766 -0.459171 0.950663
367 -0.694084 0.682475
1810 2.565400 4.690989
1609 0.131759 1.088617
150 2.847738 5.037226
148 2.825847 5.011823
1484 -5.382381 1.969931
513 -5.756935 2.097775
634 -1.425013 0.895748
782 -0.507203 0.964727
1457 -5.816195 2.128243
1850 2.745139 4.775771
840 -0.599107 0.934048
616 -2.123014 1.032174
1475 -5.529769 2.033991
1685 1.466937 3.081322
1262 0.004264 0.990214
1465 -5.743804 2.115278
1869 2.788205 4.838664
1338 -0.190289 0.671198
690 -0.580128 0.934260
648 -1.121652 0.874339
1652 0.943761 2.227983
1138 -4.322795 1.697785
357 -0.307341 0.687193
1168 -2.489764 1.088792
347 -0.111116 0.773389
298 0.733783 1.817621
1190 -1.664308 0.918199
622 -1.788175 0.945343
1145 -3.947048 1.573627
1704 1.766921 3.591841
1707 1.817346 3.647458
1124 -4.625036 1.795955
1133 -4.459268 1.731428
503 -5.830998 2.108717
401 -2.123221 1.019959
1599 -0.041982 0.933357
857 -0.525982 0.886932
1055 -1.618426 0.911592
1045 -1.296130 0.845207
1269 0.087945 1.047180
1781 2.428985 4.516762
1527 -3.186735 1.326558
1439 -5.448437 1.998263
728 -0.383874 0.960272
578 -4.567360 1.749594
577 -4.505650 1.737377
1426 -4.904190 1.819343
1636 0.672145 1.800021
373 -0.914401 0.734430
1146 -3.821105 1.532296
1150 -3.768521 1.517165
1702 1.729583 3.495404
1708 1.832739 3.649621
826 -0.634405 0.949245
920 -0.125688 1.051172
830 -0.623335 0.931802
781 -0.492434 0.975702
1588 -0.228254 0.778858
1108 -4.357834 1.675995
215 2.862017 5.026009
848 -0.582815 0.909386
1731 2.267678 4.362577
1105 -4.223891 1.649216
740 -0.398999 0.962865
1041 -1.253107 0.837750
1684 1.455832 3.047603
669 -0.830899 0.898463
314 0.455409 1.477521
892 -0.170994 0.974073
1670 1.237162 2.698693
1247 -0.137015 0.868467
1889 2.903964 5.018898
1349 -0.656573 0.642331
1508 -4.421687 1.664660
1644 0.807887 2.031119
1425 -5.064726 1.868809
351 -0.174160 0.716439
1110 -4.419568 1.710582
1143 -4.238836 1.685328
364 -0.640124 0.700858
380 -1.249967 0.813320
1607 0.114427 1.078333
1153 -3.455848 1.405115
421 -3.137499 1.311661
1394 -2.917009 1.222435
1136 -4.434495 1.744420
680 -0.676840 0.916301
929 -0.156481 1.050490
1581 -0.336849 0.717295
1851 2.803411 4.896933
913 -0.146035 1.042013
1596 -0.052262 0.935002
1202 -1.385572 0.874317
483 -5.425706 1.977209
1102 -4.054204 1.565524
747 -0.389726 0.970534
1058 -1.758387 0.883856
1476 -5.579246 2.055024
1479 -5.472191 2.008254
862 -0.475538 0.882985
886 -0.200449 0.960974
1337 -0.239938 0.667500
1862 2.788481 4.852694
893 -0.174312 0.985535
769 -0.465032 0.960963
764 -0.453754 0.953506
1075 -2.427402 1.052749
1093 -3.598992 1.408993
1418 -4.495060 1.672992
1263 0.035800 0.995093
328 0.253181 1.212192
1420 -4.646247 1.746357
356 -0.285250 0.691888
564 -5.341916 2.009043
1166 -2.608642 1.142122
797 -0.564622 0.983991
340 0.054726 0.955673
553 -5.392646 2.002354
1572 -0.641439 0.680105
624 -1.713526 0.954796
394 -1.690857 0.896261
656 -1.045704 0.885754
1140 -4.195241 1.652184
819 -0.614051 0.960393
1523 -3.472958 1.367101
1495 -4.952765 1.839152
794 -0.541903 0.991920
1215 -1.057767 0.802020
1054 -1.683831 0.905116
1690 1.524145 3.169869
1699 1.691201 3.448375
189 2.880089 5.059835
772 -0.479433 0.956963
1464 -5.848522 2.142296
1671 1.257362 2.755284
1086 -3.134542 1.274459
1409 -4.093730 1.575527
695 -0.541472 0.919696
1396 -3.136911 1.289944
571 -5.006442 1.898534
1353 -0.805019 0.646782
1564 -0.899255 0.713123
1193 -1.591155 0.895708
377 -1.055295 0.746413
360 -0.459544 0.685107
671 -0.803199 0.912695
1800 2.466632 4.551981
1703 1.696145 3.458296
432 -3.871272 1.539658
1719 2.008644 3.953849
787 -0.534274 0.978735
1852 2.735127 4.802671
1732 2.273234 4.365574
741 -0.396865 0.963267
667 -0.860006 0.907752
890 -0.173480 0.965140
1789 2.427845 4.508749
1095 -3.825347 1.514371
673 -0.781398 0.922808
339 0.042482 0.942375
1659 1.066049 2.417676
1438 -5.548947 2.048071
262 1.694767 3.151989
729 -0.388855 0.964797
272 1.336287 2.691194
550 -5.459583 2.016273
1370 -1.716304 0.888342
1144 -4.157838 1.641545
808 -0.596246 0.967228
1556 -1.332722 0.765410
537 -5.537536 2.028515
1493 -5.063105 1.883586
820 -0.614054 0.966573
928 -0.148577 1.042764
1027 -0.940038 0.819696
1442 -5.649521 2.066242
901 -0.135034 1.020933
856 -0.515849 0.893152
1272 0.101315 1.055223
1273 0.094647 1.073487
775 -0.490102 0.969282
771 -0.471433 0.961753
311 0.485989 1.518180
1413 -4.182882 1.575688
712 -0.464207 0.938393
448 -4.462965 1.727301
1249 -0.057372 0.903332
1431 -5.147478 1.877725
727 -0.380650 0.959446
1752 2.491462 4.661885
1549 -1.727295 0.890723
1782 2.447264 4.554108
361 -0.467159 0.689845
163 2.852980 5.030648
1605 0.090845 1.044293
1498 -4.716534 1.769195
1130 -4.671701 1.813907
1735 2.319289 4.401227
1106 -4.193678 1.628518
885 -0.227895 0.953623
875 -0.343332 0.886930
1662 1.081127 2.438372
139 2.884047 5.076381
586 -4.145255 1.597072
1509 -4.312388 1.639805
327 0.290361 1.227670
280 1.101141 2.324607
562 -5.210896 1.969889
1748 2.493966 4.676211
274 1.223131 2.480462
1006 -0.469015 0.798324
395 -1.790974 0.943088
1551 -1.614747 0.815590
1019 -0.701978 0.790461
923 -0.151173 1.042373
1726 2.162353 4.169592
1583 -0.335386 0.731258
1113 -4.737202 1.813915
1693 1.652966 3.385029
863 -0.448770 0.887365
71 3.218894 5.600916
1040 -1.233928 0.835525
1460 -5.920067 2.154871
1674 1.264332 2.751646
1097 -3.769510 1.485442
1419 -4.504739 1.693424
1061 -1.911199 0.958412
697 -0.513660 0.926467
999 -0.395118 0.809419
738 -0.378348 0.954494
287 0.878456 2.034041
1631 0.571957 1.666295
556 -5.338381 1.982200
1222 -0.899053 0.798732
651 -1.086052 0.871670
1765 2.456411 4.587818
1253 -0.048430 0.948938
1550 -1.586662 0.821790
538 -5.463887 1.999047
1127 -4.666880 1.807143
522 -5.775876 2.106499
1010 -0.533431 0.798093
1236 -0.430968 0.749785
1107 -4.226631 1.628766
1052 -1.518314 0.867516
499 -5.760190 2.098130
1468 -5.686818 2.092965
321 0.354803 1.332824
124 2.992052 5.225364
297 0.718752 1.814011
1374 -1.802691 0.910216
1618 0.339903 1.323242
419 -2.943275 1.256875
1125 -4.761914 1.855849
832 -0.613104 0.930606
1372 -1.702817 0.889918
1032 -1.035195 0.812899
1738 2.369906 4.499130
756 -0.431511 0.959425
1024 -0.837936 0.778691
1078 -2.612751 1.123245
678 -0.715958 0.920456
1893 2.901496 4.992372
1089 -3.289384 1.324219
1434 -5.325716 1.940201
326 0.299838 1.311802
1519 -3.786870 1.490947
568 -5.056492 1.893895
1569 -0.707142 0.645196
1561 -1.106619 0.716980
345 -0.068106 0.851895
689 -0.612633 0.925372
368 -0.714227 0.708785
386 -1.397424 0.856210
387 -1.498995 0.856560
166 2.867457 5.038598
1012 -0.581286 0.784703
824 -0.632785 0.940784
799 -0.565682 0.980276
630 -1.474610 0.894479
605 -2.853960 1.251352
482 -5.357578 1.962131
902 -0.136576 1.025226
1478 -5.586335 2.068033
1874 2.746858 4.769443
961 -0.163082 0.968543
874 -0.329509 0.876503
899 -0.161627 0.990712
1248 -0.174627 0.866927
1667 1.191319 2.621012
1657 1.031952 2.344345
1344 -0.411071 0.621664
1515 -4.125897 1.565328
987 -0.305065 0.837603
1560 -1.136877 0.741113
244 2.452912 4.378341
249 2.324125 4.174967
1380 -2.115201 1.001367
382 -1.265815 0.809151
532 -5.632406 2.079127
1522 -3.527040 1.377832
1729 2.252502 4.347986
406 -2.313327 1.074315
313 0.474593 1.489748
704 -0.515343 0.931385
517 -5.732114 2.093045
1513 -4.182148 1.593446
119 2.955947 5.155949
1369 -1.620736 0.876359
279 1.104443 2.352620
559 -5.316561 1.985797
407 -2.472204 1.119693
393 -1.754715 0.920849
251 2.230809 4.004395
1090 -3.352751 1.356121
1490 -5.142449 1.910715
1237 -0.384238 0.780613
1233 -0.478705 0.745432
1483 -5.447539 2.010135
1486 -5.381156 1.988833
1137 -4.388381 1.715437
1037 -1.140374 0.838817
1208 -1.243578 0.863869
908 -0.158930 1.035346
1477 -5.485333 2.013058
1474 -5.814686 2.132161
74 3.271505 5.703248
876 -0.301407 0.900965
516 -5.733122 2.101756
989 -0.307058 0.848740
1188 -1.736492 0.944731
1746 2.435048 4.627480
1568 -0.765674 0.668139
1004 -0.452036 0.801359
378 -1.077208 0.769010
392 -1.681179 0.893366
389 -1.553338 0.854463
1555 -1.418014 0.774737
1720 2.056300 4.015648
912 -0.130844 1.039748
752 -0.404544 0.965482
1053 -1.560736 0.874251
618 -2.026943 1.025192
1511 -4.264177 1.607149
880 -0.249027 0.930848
998 -0.381104 0.821280
732 -0.387757 0.959732
737 -0.382317 0.953955
1352 -0.732936 0.668709
1388 -2.483569 1.098579
1201 -1.393000 0.881343
790 -0.540914 0.982602
1198 -1.453639 0.884919
1173 -2.310555 1.049241
1376 -1.922299 0.942875
1378 -2.002028 0.955218
1507 -4.370675 1.657445
546 -5.433372 2.008368
362 -0.447534 0.719725
1257 -0.024262 0.986560
1132 -4.507166 1.744818
780 -0.497808 0.955057
842 -0.602690 0.911813
841 -0.631514 0.908207
500 -5.753214 2.109519
1469 -5.674953 2.079386
1256 -0.045751 0.935295
1400 -3.412305 1.365288
585 -4.056471 1.593762
1260 0.012138 0.989349
1625 0.448308 1.488673
1756 2.442291 4.603515
686 -0.620150 0.926845
1377 -1.926119 0.949290
670 -0.827401 0.914085
814 -0.612394 0.960488
123 2.954876 5.144480
1573 -0.572060 0.675917
788 -0.542933 0.976117
1025 -0.823209 0.791965
1443 -5.560662 2.020780
1461 -5.898223 2.169910
1528 -3.236637 1.317583
1408 -3.849175 1.479166
796 -0.541977 0.975774
801 -0.558521 0.968122
1705 1.745853 3.514665
1712 1.940142 3.854117
626 -1.649342 0.934299
1825 2.766442 4.934712
925 -0.143399 1.057284
405 -2.330344 1.071155
492 -5.790643 2.115658
590 -3.791361 1.501698
73 3.239729 5.670308
422 -3.094828 1.311094
1098 -3.924181 1.509611
1416 -4.456133 1.654263
1251 -0.079424 0.904413
1243 -0.223938 0.807644
791 -0.545567 0.966371
1754 2.455807 4.591239
404 -2.185475 1.036626
164 2.777769 4.933794
1151 -3.629781 1.458780
684 -0.677170 0.932986
786 -0.530445 0.978507
1739 2.383721 4.535212
1537 -2.417933 1.068037
1403 -3.452769 1.390378
1881 2.867789 4.947697
701 -0.494757 0.927684
1397 -3.150431 1.287367
359 -0.450353 0.678624
263 1.700744 3.186789
271 1.325906 2.667275
549 -5.381363 1.985211
1395 -2.964373 1.261801
140 2.863643 5.037695
514 -5.706844 2.091768
1228 -0.621388 0.741792
1119 -4.680894 1.804108
1530 -2.880718 1.184426
309 0.516695 1.537628
1241 -0.255664 0.810737
563 -5.202099 1.944824
349 -0.140153 0.766676
1769 2.461140 4.608497
804 -0.567314 0.975788
1728 2.248667 4.303725
489 -5.660817 2.083315
1470 -5.783631 2.110852
668 -0.858832 0.909996
1261 0.032032 0.998760
1891 2.972085 5.162657
1406 -3.788816 1.475911
583 -4.184350 1.638830
588 -3.930936 1.560049
739 -0.380614 0.968173
1517 -3.948130 1.523263
1755 2.520841 4.713310
1613 0.222828 1.206351
1141 -4.248213 1.672582
805 -0.595346 0.974468
1558 -1.133836 0.722844
1235 -0.404885 0.736200
613 -2.324710 1.107522
265 1.591859 3.020522
1525 -3.396364 1.359569
1546 -1.844734 0.903086
580 -4.334821 1.670893
1444 -5.721632 2.091765
558 -5.425923 2.021088
829 -0.628767 0.935595
1570 -0.699676 0.661542
1038 -1.192158 0.829577
868 -0.380117 0.891263
1890 2.817501 4.883816
1436 -5.370977 1.971630
1026 -0.866692 0.811091
1742 2.435570 4.620604
557 -5.336376 2.001701
1281 0.120121 1.100975
379 -1.105866 0.793945
390 -1.620394 0.894764
806 -0.589778 0.965721
1553 -1.514490 0.778606
525 -5.661416 2.066779
462 -4.451807 1.670186
1028 -0.964844 0.820617
871 -0.366530 0.898584
1762 2.430872 4.552023
1542 -2.181958 0.984250
536 -5.469508 1.992434
1536 -2.609179 1.104024
1229 -0.634025 0.759726
1448 -5.510779 1.999392
481 -5.327218 1.957792
1456 -5.784561 2.117723
1463 -5.714231 2.099383
1534 -2.724630 1.145195
677 -0.751685 0.896520
1414 -4.319423 1.627538
1254 -0.058239 0.929839
1539 -2.373637 1.045540
575 -4.723782 1.792559
569 -4.935862 1.863162
384 -1.331514 0.826305
573 -4.652464 1.772062
381 -1.291114 0.821234
1157 -3.095048 1.275094
1101 -3.912593 1.540363
1216 -0.950851 0.802821
485 -5.431998 1.990463
1050 -1.493238 0.875964
1417 -4.360429 1.619849
1505 -4.551277 1.706874
1389 -2.709268 1.163394
566 -5.055613 1.899224
554 -5.407997 2.000580
1544 -2.091280 0.971994
1239 -0.275956 0.801316
827 -0.638782 0.943653
1713 1.880347 3.715683
1096 -3.744568 1.467368
1797 2.487750 4.605031
734 -0.413171 0.959525
289 0.858370 2.008758
984 -0.270916 0.849555
479 -5.321289 1.960498
1763 2.442285 4.552458
809 -0.593897 0.980654
812 -0.613449 0.964308
1446 -5.715890 2.096979
72 3.321928 5.784979
1529 -3.147039 1.280572
666 -0.885843 0.884692
1518 -3.797272 1.448355
1445 -5.645014 2.062681
1602 0.055405 1.033299
802 -0.586240 0.979107
149 2.819390 5.001803
1714 1.891832 3.759066
510 -5.828923 2.121019
1348 -0.585068 0.628817
1632 0.602999 1.722087
561 -5.197780 1.931847
375 -0.990451 0.755435
1543 -2.016575 0.949495
1559 -1.085727 0.706113
1232 -0.534197 0.772182
1238 -0.355821 0.746128
798 -0.564317 0.974639
521 -5.670656 2.076021
1035 -1.092608 0.811922
480 -5.134479 1.887036
1258 -0.002732 1.006345
477 -4.919746 1.823329
1121 -4.645813 1.798603
793 -0.556944 0.977327
502 -5.784505 2.091820
905 -0.120566 1.039003
653 -1.039813 0.895451
1778 2.406211 4.493036
1526 -3.338375 1.336090
811 -0.586944 0.958898
1122 -4.744214 1.846626
1218 -1.015301 0.803442
1459 -5.815465 2.128656
1042 -1.239191 0.837556
1424 -4.868773 1.803707
1541 -2.264910 1.041768
807 -0.585032 0.994775
1709 1.848131 3.701661
1532 -2.873142 1.209654
418 -3.017281 1.284490
264 1.636011 3.105649
565 -5.170490 1.942496
1183 -1.868654 0.951890
365 -0.645552 0.674563
424 -3.317404 1.361004
1371 -1.610130 0.850393
486 -5.515216 2.027524
900 -0.141958 1.011789
1361 -1.107753 0.737228
551 -5.407392 1.982970
1152 -3.649942 1.473037
1018 -0.665446 0.787592
843 -0.634707 0.908750
1029 -0.945835 0.824671
1250 -0.110954 0.889018
466 -4.712330 1.762734
1120 -4.661204 1.795385
1892 2.995228 5.182603
374 -0.947645 0.744666
1533 -2.746379 1.169867
1512 -4.297695 1.630885
1231 -0.565341 0.756459
895 -0.161385 0.989339
1240 -0.299284 0.790619
1255 -0.045207 0.932824
1412 -4.087061 1.568866
1264 0.045844 1.027604
1773 2.474650 4.598723
147 2.822351 4.991254
903 -0.166190 1.023004
127 2.854011 4.983912
1514 -4.158983 1.597325
552 -5.417808 1.978588
1226 -0.757349 0.797567
69 3.171484 5.542029
665 -0.935319 0.915680
266 1.674603 3.159178
142 2.860202 5.022244
371 -0.846699 0.749918
1230 -0.649722 0.756540
1548 -1.805075 0.867264
1234 -0.491060 0.751360
1227 -0.700813 0.782206
1531 -2.937668 1.235780
1545 -1.985058 0.927128
497 -5.729587 2.080758
1895 2.913719 5.030250
464 -4.772932 1.788928
725 -0.389055 0.947955
1398 -3.288517 1.316232
153 2.708651 4.804081
789 -0.533128 0.973515
125 2.967072 5.168989
463 -4.752127 1.774724
427 -3.566724 1.442169
1894 2.915242 5.049150
284 0.891522 2.061857
130 2.894272 5.049241
376 -1.051858 0.795006
67 3.210806 5.592850
795 -0.540330 0.981672
1433 -5.243959 1.934098
68 3.156350 5.435054
154 2.757224 4.845392
283 0.961349 2.155624
66 3.172376 5.492548
128 2.854611 4.959804
70 3.106528 5.400426
1896 2.895525 5.027280
1898 2.804255 4.852404
1899 2.792264 4.831968
267 1.527245 2.958683
276 1.169386 2.466081
1900 2.880135 4.984769
131 2.828931 4.975938
1897 2.857628 4.918473
144 2.749146 4.861370
126 2.850695 4.951605
143 2.774069 4.878958
151 2.744304 4.845553
1242 -0.261308 0.818819
65 3.114150 5.411642
152 2.703091 4.792539
165 2.755275 4.856483
64 3.068081 5.337187
1903 2.900677 5.006843
146 2.791754 4.919897
1901 2.835434 4.895542
1902 2.865853 4.932891
63 3.020626 5.219822
145 2.674447 4.692751
1904 2.848354 4.917147
465 -4.604803 1.719310
62 3.037578 5.296203
61 2.958699 5.121504
1905 2.861402 4.920296
1906 2.861413 4.948265
346 -0.109032 0.834802
