2010 2
386 0.309112 0.921466
2022 -2.268531 6.396081
81 -2.431365 6.742588
87 -2.335947 6.461452
89 -2.337972 6.463422
433 0.530590 0.775781
2029 -2.249596 6.367860
1035 -1.181275 3.675913
1028 -0.977454 3.132111
1132 -1.948343 5.567807
2050 -2.388270 6.803203
769 0.412772 0.705351
166 -1.602931 4.799950
86 -2.370987 6.489279
2042 -2.337450 6.631880
2048 -2.433492 6.919647
249 -0.046144 1.324469
1779 6.030587 1.204963
88 -2.338138 6.447705
2036 -2.363694 6.716809
1916 -0.068074 1.119969
2040 -2.359020 6.653146
1032 -1.078987 3.454157
2033 -2.350589 6.673520
2030 -2.295174 6.462170
1257 -0.208687 1.612182
303 0.528057 0.870251
1544 5.100083 1.035919
1945 -0.695586 2.572677
1123 -2.008991 5.674944
1469 2.046331 0.690118
1752 6.127869 1.198329
694 0.097316 1.151077
411 0.384204 0.873816
168 -1.584342 4.835450
778 0.550597 0.650125
440 0.570388 0.744135
1141 -1.895594 5.459836
774 0.466046 0.660553
134 -1.969704 5.613012
1142 -1.835064 5.291807
385 0.318386 0.909497
1138 -1.898046 5.449105
1133 -1.925052 5.511459
780 0.610605 0.622813
704 0.079486 1.224633
105 -2.135386 5.934413
1704 6.275971 1.144975
825 1.719850 0.561155
406 0.368350 0.883393
80 -2.366981 6.551388
99 -2.208788 6.147972
252 0.023095 1.204361
181 -1.227804 3.957828
1764 5.891009 1.161512
1930 -0.352303 1.756873
402 0.339130 0.889136
1778 5.980163 1.188051
106 -2.089695 5.795959
96 -2.216361 6.151509
1139 -1.828635 5.280449
785 0.673760 0.573513
1304 0.275956 0.892312
2035 -2.291812 6.469057
83 -2.312712 6.413393
1015 -0.710769 2.503069
1238 -0.421020 2.055491
1952 -0.921365 3.037471
186 -1.087199 3.608133
2028 -2.221895 6.257822
772 0.460801 0.683034
640 0.257735 0.809664
621 0.487674 0.635973
396 0.319675 0.911575
1124 -1.920423 5.505425
1456 1.791484 0.692285
857 3.048239 0.615984
1246 -0.335318 1.847755
589 1.038452 0.504403
1273 -0.019518 1.256652
622 0.467559 0.657128
390 0.311735 0.929374
394 0.315665 0.919819
161 -1.674326 4.929087
231 -0.287460 1.787916
1723 6.178363 1.141687
744 0.121430 1.058542
1475 2.263997 0.726038
1019 -0.752865 2.648191
2016 -2.174115 6.158744
991 -0.179802 1.330036
986 -0.084054 1.148037
2041 -2.401394 6.805386
376 0.291789 0.921408
398 0.308170 0.892777
2053 -2.346099 6.667177
1145 -1.753158 5.088569
822 1.627856 0.576964
1728 6.102475 1.150443
746 0.137417 1.017037
1047 -1.404584 4.173790
110 -2.087917 5.823078
1624 6.191812 1.121484
828 1.803733 0.564275
788 0.772276 0.587103
1931 -0.352825 1.767814
422 0.471910 0.809449
1116 -1.919597 5.415756
97 -2.236095 6.174261
250 -0.031292 1.324784
1498 2.987929 0.748775
798 0.985858 0.568148
207 -0.608741 2.511771
1738 6.073789 1.160958
1843 2.651114 0.641882
597 0.802059 0.539705
1790 5.857803 1.170532
706 0.074581 1.204163
126 -1.972140 5.589311
2049 -2.431146 6.913120
244 -0.109286 1.461728
760 0.277602 0.833733
1480 2.340565 0.699169
593 0.908783 0.496034
1910 0.077329 0.930871
442 0.608518 0.729355
1797 5.553572 1.111368
2043 -2.320558 6.601474
95 -2.178850 6.036009
1942 -0.628313 2.403619
1466 1.973557 0.692266
766 0.373335 0.738712
1524 4.201002 0.915588
1083 -1.850249 5.283535
1464 1.938870 0.702627
1117 -1.920323 5.490039
261 0.114815 1.057660
264 0.155399 1.037339
1638 6.187732 1.108766
1161 -1.644380 4.819848
174 -1.392216 4.289256
170 -1.500079 4.540681
387 0.314533 0.912987
152 -1.799086 5.200912
238 -0.196452 1.578104
794 0.923855 0.568091
628 0.401321 0.674416
208 -0.600271 2.481694
750 0.198712 0.962734
757 0.256916 0.833309
420 0.434403 0.827415
1242 -0.356207 1.895424
2039 -2.302119 6.530669
1882 0.815976 0.573763
1511 3.637725 0.840795
345 0.377738 0.933476
100 -2.184282 6.037726
1768 5.870683 1.164859
1144 -1.790582 5.185498
1549 5.352563 1.077718
389 0.313094 0.912354
1391 1.029002 0.680479
841 2.297657 0.584449
1900 0.289307 0.707575
79 -2.349581 6.502840
1468 2.018020 0.688443
2003 -1.959016 5.533540
1447 1.623080 0.684423
108 -2.088616 5.824575
1377 0.905721 0.678435
1147 -1.806489 5.211788
802 1.102247 0.555786
1706 6.204350 1.139704
239 -0.161453 1.564695
682 0.149081 1.091159
1919 -0.106771 1.242950
1460 1.821874 0.679592
767 0.439590 0.696437
1891 0.555270 0.605513
712 0.058733 1.224519
1404 1.147661 0.658249
1562 5.878431 1.138583
270 0.206489 0.961144
98 -2.209164 6.115618
371 0.290222 0.920313
1099 -1.899099 5.446553
428 0.463423 0.800007
1570 6.304297 1.197178
1925 -0.230980 1.444807
1722 6.096957 1.124904
1308 0.316978 0.834562
777 0.536768 0.655098
1328 0.522678 0.728267
1791 5.690998 1.127123
418 0.425803 0.839290
732 0.054343 1.162641
392 0.312069 0.921279
162 -1.693781 4.986699
2014 -2.125999 5.960768
2011 -2.130778 5.990177
451 0.714093 0.690091
468 0.990162 0.603708
114 -2.070978 5.791567
1289 0.157716 1.004824
179 -1.248693 3.972988
531 2.677955 0.640413
230 -0.286573 1.805726
1936 -0.479906 2.011201
848 2.624885 0.596515
1020 -0.804526 2.763017
1054 -1.513117 4.452266
1306 0.286111 0.890443
2021 -2.191502 6.174895
1313 0.330329 0.826164
701 0.083024 1.205417
1438 1.460901 0.669234
1115 -1.964734 5.602594
569 1.631276 0.540387
413 0.391196 0.858142
1253 -0.240044 1.682000
803 1.118942 0.561879
532 2.551304 0.614355
1716 6.198655 1.148124
1000 -0.383956 1.785046
1532 4.668266 0.985910
1476 2.289268 0.704801
1688 6.259544 1.137753
2032 -2.252279 6.405500
598 0.836749 0.542897
1518 3.902994 0.869242
104 -2.112549 5.838328
1572 6.140366 1.174852
1975 -1.541868 4.511607
259 0.102960 1.075347
421 0.450818 0.806832
1129 -1.908719 5.475693
1827 3.762985 0.791957
1458 1.795439 0.691404
1027 -1.003218 3.191177
775 0.462003 0.668489
648 0.224086 0.846412
82 -2.354460 6.487070
1033 -1.088245 3.432847
984 -0.009222 1.039467
2044 -2.292887 6.481322
373 0.299169 0.923876
2054 -2.371355 6.749552
419 0.414545 0.839535
1771 5.970896 1.184984
1555 5.694956 1.105175
1922 -0.172859 1.314444
759 0.250946 0.856129
1034 -1.146567 3.543279
197 -0.818528 2.936951
1100 -1.911919 5.405939
1795 5.719848 1.124149
768 0.441730 0.689872
763 0.321391 0.757402
1414 1.211647 0.667128
1350 0.702243 0.698673
726 0.046341 1.215701
1296 0.230517 0.958444
592 0.981406 0.516569
1004 -0.441889 1.961870
177 -1.314495 4.112811
1787 5.755370 1.134221
435 0.547612 0.750666
684 0.153138 1.103505
782 0.675096 0.599059
1023 -0.871062 2.929493
1448 1.642153 0.676896
1849 2.167862 0.582903
1050 -1.466203 4.341758
1697 6.284703 1.141989
1272 -0.045137 1.307449
1048 -1.457940 4.358717
1522 4.102698 0.894303
1531 4.566368 0.957524
92 -2.243012 6.168985
397 0.347305 0.905779
698 0.100319 1.174567
1156 -1.686489 4.885331
1395 1.086280 0.688960
810 1.318252 0.539518
1127 -1.951887 5.585611
1824 4.078187 0.859123
1720 6.219726 1.150412
845 2.469675 0.578608
741 0.092396 1.097395
1301 0.248212 0.927295
182 -1.186933 3.821533
1685 6.322671 1.141593
313 0.536918 0.883559
1077 -1.800245 5.160668
441 0.613350 0.727300
2015 -2.143275 6.024059
998 -0.310761 1.593241
111 -2.077276 5.757033
566 1.686334 0.518137
1181 -1.307561 3.970942
346 0.378380 0.920352
1993 -1.887808 5.355597
1286 0.137357 1.049433
1760 5.831774 1.140128
1761 5.915815 1.172104
1542 5.070683 1.032126
540 2.540529 0.610898
1948 -0.772609 2.710060
1122 -1.903449 5.472610
528 2.687294 0.640906
434 0.528737 0.763398
432 0.513264 0.769861
1711 6.267884 1.141653
1106 -1.924850 5.466586
742 0.124820 1.068838
1040 -1.276564 3.925257
1786 5.816668 1.158652
713 0.047162 1.238489
85 -2.300999 6.374836
1652 6.609925 1.193333
1656 6.657969 1.207171
124 -1.975494 5.550055
127 -1.991657 5.591491
733 0.064964 1.157991
1519 3.964200 0.870309
1360 0.773481 0.697217
1199 -0.999435 3.278047
1755 6.003961 1.184111
1005 -0.494915 2.049847
399 0.339802 0.897073
247 -0.060606 1.360055
544 2.408480 0.601189
1841 2.655599 0.649127
437 0.557243 0.748505
1009 -0.547593 2.186449
625 0.419051 0.683517
837 2.167818 0.540390
838 2.176419 0.572278
637 0.320996 0.735241
783 0.699426 0.593113
840 2.302218 0.573012
1024 -0.934555 3.060840
1021 -0.819241 2.774354
1911 0.079324 0.890001
1044 -1.373032 4.111038
2038 -2.233503 6.347211
761 0.298803 0.803133
1096 -1.890778 5.378581
644 0.242923 0.829281
1517 3.827358 0.854087
112 -2.059363 5.725482
2034 -2.244411 6.362971
453 0.751946 0.686617
248 -0.030604 1.335116
169 -1.529875 4.686140
1620 6.197360 1.128610
1701 6.317424 1.160808
1120 -1.933626 5.483007
821 1.625902 0.549030
1929 -0.326961 1.685433
1109 -1.941816 5.538517
217 -0.481542 2.201771
842 2.273109 0.545130
1118 -1.924390 5.454861
1309 0.305264 0.840535
2020 -2.159976 6.099298
1041 -1.282663 3.861692
1264 -0.139457 1.469414
1011 -0.584013 2.257697
445 0.635358 0.742921
642 0.267901 0.798263
450 0.732619 0.687249
579 1.331367 0.504750
350 0.346038 0.930587
792 0.862103 0.575200
90 -2.297334 6.294175
1759 5.868254 1.152578
2051 -2.405556 6.845014
1609 6.176500 1.124146
1772 5.782119 1.146885
1153 -1.760093 5.032949
1321 0.448093 0.754175
1807 5.289494 1.052352
1947 -0.750156 2.668077
813 1.374498 0.560460
1128 -1.894010 5.377532
520 2.586203 0.638369
1008 -0.514865 2.088567
834 2.033646 0.560933
213 -0.549892 2.346189
671 0.149946 1.041913
1326 0.478053 0.746862
1528 4.414189 0.933161
1249 -0.284650 1.779447
941 1.090100 0.448539
131 -2.017536 5.692094
588 1.039026 0.511935
1347 0.677061 0.710324
282 0.380786 0.858442
791 0.844407 0.575876
1574 6.089448 1.154525
367 0.310642 0.920236
426 0.460569 0.803330
1626 6.304699 1.136111
829 1.831909 0.556630
1489 2.684052 0.718918
1927 -0.295007 1.630574
1939 -0.575337 2.257292
1026 -0.907645 2.974180
1053 -1.517788 4.416109
978 0.086806 0.886721
185 -1.133946 3.700436
869 3.569475 0.671985
77 -2.403062 6.592436
668 0.163761 1.009991
1560 5.846607 1.121269
1895 0.410419 0.649457
1267 -0.080078 1.366101
1462 1.847110 0.699891
600 0.801259 0.528356
1510 3.475839 0.804575
286 0.413578 0.863936
263 0.132468 1.026355
728 0.038524 1.211966
1563 5.796362 1.130741
559 1.970277 0.548859
452 0.733093 0.709387
1606 6.099936 1.103088
1762 5.815570 1.145311
1388 1.015695 0.693057
382 0.301669 0.924419
165 -1.618520 4.835280
163 -1.652158 4.922257
1551 5.500942 1.093215
221 -0.415875 2.111755
1956 -0.995374 3.218128
1001 -0.384659 1.819773
1924 -0.213758 1.452951
752 0.204781 0.940831
850 2.619798 0.585282
1694 6.134774 1.124108
976 0.161273 0.795591
881 3.584605 0.655436
776 0.549480 0.646195
876 3.553022 0.657360
1259 -0.188492 1.547625
304 0.543886 0.858846
1401 1.132503 0.655383
576 1.400215 0.505093
1516 3.846736 0.846068
1295 0.212192 0.969666
1637 6.321995 1.122141
1989 -1.754684 5.003416
1746 5.927557 1.137861
271 0.242371 0.931142
380 0.295827 0.920545
1155 -1.689188 4.908774
198 -0.803089 2.928015
749 0.170193 0.995327
1680 6.485519 1.175433
1676 6.627357 1.181522
2019 -2.109256 5.921111
459 0.860385 0.637820
327 0.495570 0.905158
463 0.893939 0.624627
1512 3.513409 0.824273
281 0.339688 0.875607
1735 5.976635 1.130913
356 0.351507 0.922055
268 0.236646 0.945994
724 0.032466 1.217848
1565 6.076933 1.159884
796 0.956856 0.542355
793 0.926055 0.579199
456 0.782206 0.661541
1977 -1.574694 4.591730
1385 1.009738 0.681050
256 0.042724 1.154655
1810 5.008681 1.015229
1777 5.983649 1.184464
1126 -1.949092 5.555591
519 2.595304 0.623294
839 2.140298 0.557815
1029 -1.021527 3.255898
1918 -0.099766 1.217755
875 3.514965 0.634391
1789 5.722988 1.145257
1780 5.738946 1.140105
1320 0.388614 0.786583
1262 -0.151091 1.449044
1502 3.158206 0.784736
578 1.370948 0.528331
91 -2.288702 6.299071
551 2.210528 0.576400
1175 -1.435788 4.253703
1610 6.183449 1.123877
1550 5.425646 1.077810
1553 5.669697 1.106634
811 1.356854 0.555029
814 1.402615 0.580282
1581 6.238589 1.171530
1938 -0.541772 2.167296
1025 -0.928368 3.028748
748 0.150834 0.988646
1300 0.261951 0.917789
2025 -2.174441 6.120707
2027 -2.196895 6.205483
649 0.224271 0.841580
2002 -2.027278 5.689165
138 -1.901762 5.417403
2013 -2.150122 6.055429
93 -2.232228 6.129783
1374 0.894693 0.694857
414 0.417707 0.859151
369 0.307674 0.927075
362 0.330247 0.929036
361 0.347502 0.924084
255 0.051778 1.206935
1813 4.801977 0.978001
1159 -1.683107 4.914995
1157 -1.693854 4.921396
1552 5.395437 1.062768
224 -0.386362 1.959391
1125 -1.933074 5.511234
934 1.424415 0.438105
1954 -0.907758 3.006145
1134 -1.881744 5.409484
1828 3.597072 0.784350
1111 -1.904302 5.425503
1113 -1.900016 5.387552
1443 1.525502 0.680299
1449 1.647469 0.680585
180 -1.219113 3.880732
1266 -0.133398 1.434121
891 3.400603 0.623900
1888 0.621409 0.585693
707 0.083965 1.207533
1634 6.336592 1.158411
567 1.615202 0.488002
1568 6.133997 1.170244
1201 -0.983010 3.242971
1547 5.159360 1.040667
1607 6.163147 1.133172
1158 -1.704551 4.952349
1806 5.347479 1.069192
1256 -0.207817 1.599559
1944 -0.677390 2.503898
1707 6.131909 1.106609
1717 6.092817 1.118298
1821 4.236300 0.883030
1823 4.079500 0.844293
1218 -0.678134 2.575820
758 0.259657 0.844430
606 0.676295 0.551907
1107 -1.926085 5.493237
1903 0.189779 0.769949
1278 0.011879 1.181268
882 3.537803 0.660207
770 0.474511 0.681311
1049 -1.411216 4.190043
446 0.662640 0.707054
1862 1.482383 0.525454
896 3.205772 0.597522
2009 -2.050289 5.787924
1799 5.448318 1.087132
1084 -1.808004 5.173992
545 2.386360 0.583314
351 0.353505 0.927296
1566 5.988253 1.144064
1985 -1.736550 4.958204
561 1.888116 0.541453
107 -2.118274 5.864641
2045 -2.296849 6.510799
400 0.341478 0.891700
1143 -1.836494 5.294926
1387 1.000303 0.676280
384 0.303634 0.917734
1817 4.531318 0.922802
1773 5.891555 1.167709
157 -1.728905 5.090143
1121 -1.955325 5.590422
1830 3.584966 0.766023
1955 -0.957022 3.141546
1485 2.530783 0.712889
629 0.404127 0.680537
201 -0.723750 2.738656
403 0.347142 0.888985
1108 -1.971447 5.583095
849 2.603874 0.577205
1451 1.679271 0.680506
1840 2.857097 0.679720
1270 -0.019341 1.273000
617 0.529911 0.600481
1914 -0.000038 1.058753
2026 -2.220781 6.261921
889 3.501397 0.621342
1018 -0.729443 2.572195
635 0.302597 0.758406
265 0.181712 1.011324
1410 1.203250 0.660006
1625 6.174212 1.113408
1069 -1.705478 4.887762
1082 -1.816021 5.185971
443 0.631153 0.726680
334 0.453283 0.920332
705 0.061880 1.234924
587 1.108178 0.504526
584 1.204811 0.505133
1507 3.364592 0.794226
299 0.506497 0.853478
101 -2.162769 5.996945
558 1.985769 0.546142
408 0.354539 0.884557
1247 -0.318764 1.813620
178 -1.305384 4.063656
1140 -1.837012 5.323021
699 0.074262 1.211835
537 2.582631 0.603536
220 -0.440486 2.096172
1837 3.048565 0.714657
1928 -0.318124 1.665140
1372 0.869913 0.699381
1452 1.705125 0.689315
844 2.324131 0.559122
1036 -1.198398 3.699441
1110 -1.919491 5.470945
1102 -1.940084 5.517115
745 0.135784 1.045725
618 0.521310 0.592951
1332 0.528900 0.713765
1073 -1.714819 4.899161
1090 -1.873401 5.361377
1412 1.226551 0.662507
1255 -0.230427 1.663501
1068 -1.662814 4.777319
1344 0.645915 0.714446
357 0.346854 0.920068
354 0.376005 0.921727
352 0.352002 0.918343
285 0.373306 0.870332
988 -0.120237 1.214817
118 -2.037906 5.710493
1294 0.213744 0.984732
276 0.291202 0.911754
94 -2.215164 6.092837
1439 1.488436 0.685689
370 0.286725 0.930302
2052 -2.378183 6.762940
383 0.291441 0.928705
1776 5.769629 1.149795
1150 -1.762133 5.112435
159 -1.719937 5.068036
1800 5.633328 1.119652
1525 4.229315 0.918151
1250 -0.278846 1.785161
1705 6.256795 1.138736
1709 6.019520 1.101528
1137 -1.831599 5.274245
925 1.756782 0.448585
1114 -1.889197 5.389456
1453 1.711760 0.688614
1302 0.268590 0.897174
1046 -1.396741 4.131901
1687 6.269331 1.138505
1261 -0.150018 1.448744
1243 -0.337881 1.912664
1060 -1.594526 4.631888
1063 -1.658214 4.834109
1067 -1.675690 4.811582
590 1.020791 0.508355
1400 1.118293 0.666178
139 -1.968835 5.637793
997 -0.299524 1.586542
1429 1.376271 0.670699
731 0.063339 1.188454
1632 6.227117 1.123374
1561 5.889045 1.124575
1567 5.986833 1.141772
1710 6.167742 1.110445
1007 -0.518545 2.117931
688 0.135856 1.127880
377 0.284641 0.919330
388 0.303130 0.916199
258 0.077233 1.129832
539 2.518238 0.610963
1399 1.117815 0.674018
436 0.556958 0.758850
1714 6.142005 1.121043
200 -0.780817 2.878716
1729 6.089800 1.142633
218 -0.450546 2.109286
1932 -0.399288 1.836239
858 2.984971 0.604469
1279 0.045123 1.195545
1461 1.871777 0.692982
765 0.334376 0.759007
1413 1.235103 0.655613
307 0.527051 0.875811
1381 0.954453 0.682997
995 -0.284587 1.523289
1426 1.321096 0.666541
1445 1.560421 0.694263
1793 5.749106 1.147069
981 0.027116 0.950350
115 -2.034476 5.708606
560 1.915220 0.545697
348 0.365927 0.919810
349 0.347625 0.925602
1192 -1.171027 3.714860
1370 0.876036 0.693712
409 0.381114 0.867115
412 0.395708 0.865401
253 0.026458 1.212392
251 0.001160 1.244298
167 -1.584221 4.729101
160 -1.631238 4.857639
807 1.183628 0.547202
1558 5.611753 1.086502
423 0.435931 0.825388
823 1.671383 0.541150
610 0.617995 0.563163
1229 -0.480165 2.162359
830 1.886059 0.578369
1376 0.903095 0.692902
880 3.545698 0.646417
1683 6.250430 1.138997
1315 0.375464 0.797130
1336 0.581657 0.721180
1861 1.525247 0.523582
878 3.588903 0.647162
895 3.333118 0.602128
1966 -1.268189 3.860887
1094 -1.887649 5.374872
711 0.059069 1.242896
1402 1.155793 0.666423
449 0.715824 0.697477
646 0.228288 0.821913
133 -1.993331 5.637189
136 -1.890897 5.417533
1641 6.381795 1.132141
1446 1.560211 0.670448
1291 0.153385 1.007495
1744 5.902630 1.128736
797 0.974403 0.571318
790 0.843806 0.559533
1280 0.079020 1.142549
379 0.292498 0.919556
1608 6.279365 1.138745
150 -1.817333 5.293678
1718 5.988043 1.116734
1038 -1.213941 3.765726
1592 6.279323 1.158539
1052 -1.455748 4.308742
1478 2.337838 0.714922
977 0.100813 0.857939
1915 -0.038681 1.129550
1868 1.280816 0.527778
1078 -1.766539 5.080146
1418 1.255205 0.654469
1523 4.063648 0.880858
1899 0.298791 0.709743
1896 0.405036 0.646610
1339 0.605268 0.708260
1545 5.235602 1.056970
84 -2.278889 6.313259
582 1.242827 0.495033
1341 0.621137 0.726497
575 1.432605 0.522070
1514 3.657845 0.826651
280 0.382504 0.864829
283 0.403038 0.852273
266 0.230712 0.966876
1361 0.787037 0.708121
1284 0.134340 1.063369
1375 0.885654 0.695305
2055 -2.361312 6.725805
257 0.047760 1.137838
1396 1.072579 0.680753
1013 -0.653750 2.372329
1831 3.393719 0.734859
820 1.560562 0.566447
1457 1.777758 0.675634
853 2.762317 0.593882
1471 2.115173 0.680625
1877 0.941043 0.539620
971 0.213217 0.733917
2024 -2.138161 6.055719
657 0.204620 0.893633
1045 -1.384663 4.130236
1860 1.595174 0.529056
893 3.309309 0.611932
1070 -1.746663 4.986302
1323 0.481711 0.738058
1064 -1.642756 4.784112
1664 6.532158 1.167354
1889 0.539650 0.615071
577 1.383005 0.521246
608 0.648549 0.564897
119 -1.970258 5.513880
1189 -1.210493 3.764070
1740 6.119661 1.172356
2047 -2.379583 6.778932
1990 -1.844510 5.263456
1994 -1.905346 5.386720
1003 -0.412416 1.833747
242 -0.128834 1.454140
171 -1.463109 4.482247
1602 6.242589 1.141801
1600 6.333831 1.157241
1770 5.975132 1.186397
427 0.476914 0.807197
237 -0.207597 1.629885
1953 -0.926664 3.070530
1131 -1.895257 5.467451
1130 -1.939986 5.581293
204 -0.683321 2.667138
1826 3.966819 0.850786
756 0.199457 0.893812
1872 1.114455 0.525752
974 0.147173 0.778470
863 3.253887 0.623987
643 0.257207 0.795775
1538 4.778612 0.985475
1509 3.454156 0.815543
990 -0.130875 1.230199
121 -1.975367 5.526163
1649 6.635777 1.186098
267 0.207645 0.959474
983 -0.010320 0.937300
725 0.043478 1.226204
1998 -1.969030 5.550469
689 0.129814 1.119947
1976 -1.569438 4.584865
1766 5.748226 1.140081
229 -0.286756 1.775199
1957 -1.023334 3.280519
685 0.153437 1.104531
631 0.372436 0.701010
199 -0.796328 2.900739
1056 -1.538121 4.523180
1695 6.110155 1.109139
1479 2.335317 0.713844
1467 1.993131 0.696995
316 0.535094 0.892379
961 0.484326 0.590087
962 0.406020 0.560372
2031 -2.300949 6.503890
1091 -1.833186 5.207544
1087 -1.835995 5.163948
1089 -1.808977 5.131401
1409 1.201697 0.663053
1493 2.838990 0.753309
329 0.467769 0.915510
570 1.569530 0.516213
1030 -1.056126 3.378278
985 -0.076092 1.124409
721 0.055254 1.235934
340 0.401973 0.930092
557 2.008169 0.543782
1221 -0.611774 2.420132
457 0.845945 0.661228
378 0.307579 0.921114
245 -0.090712 1.418699
173 -1.378698 4.232414
1783 5.687761 1.134899
365 0.317172 0.933777
804 1.198816 0.569740
153 -1.752090 5.142303
1949 -0.827112 2.802377
1940 -0.599977 2.288626
819 1.529395 0.569530
1016 -0.701387 2.553635
1712 6.120465 1.139968
512 2.450732 0.606648
407 0.343137 0.887238
405 0.349885 0.866943
1584 6.256196 1.171217
636 0.322436 0.733384
1039 -1.250811 3.855303
195 -0.865527 3.086048
196 -0.870605 3.128480
903 2.985286 0.566108
901 2.984187 0.569885
1908 0.088326 0.891117
855 2.902260 0.588376
1043 -1.347907 4.024981
963 0.407449 0.595037
897 3.150570 0.594657
1616 6.108898 1.105439
1074 -1.718122 4.923090
305 0.532660 0.862343
1080 -1.771754 5.079600
1505 3.225982 0.782246
1748 6.090683 1.193527
1742 6.018548 1.159665
1297 0.262425 0.937247
116 -2.086580 5.863352
1980 -1.649433 4.750127
568 1.629927 0.515015
1365 0.786562 0.716895
550 2.275370 0.572027
1287 0.148190 1.049465
404 0.339605 0.877246
393 0.325433 0.915910
1618 6.216696 1.129077
1146 -1.794375 5.143306
1149 -1.765620 5.088247
691 0.112498 1.140264
415 0.407888 0.852005
679 0.136734 1.070957
1818 4.494965 0.914114
535 2.613484 0.615801
236 -0.225388 1.651466
1958 -1.049594 3.362475
1484 2.509731 0.724120
1715 6.147044 1.122914
1719 6.036654 1.127940
1136 -1.932193 5.517393
1216 -0.676947 2.606565
1455 1.740054 0.693492
212 -0.576144 2.403774
910 2.585733 0.528453
1215 -0.714458 2.672200
1440 1.485216 0.674553
1119 -1.955860 5.572650
194 -0.876573 3.104633
192 -0.935336 3.241973
1305 0.304505 0.849142
1873 1.100805 0.541965
861 3.206113 0.640617
2023 -2.152274 6.044478
669 0.171031 1.001713
1265 -0.111824 1.403928
1079 -1.751821 5.043745
1679 6.415444 1.169926
1095 -1.893434 5.416200
1092 -1.859866 5.294828
471 1.090287 0.552450
1892 0.533904 0.613719
2000 -1.969429 5.544436
1260 -0.175416 1.540383
1537 4.855040 0.992615
573 1.499522 0.530936
1423 1.310408 0.666866
1444 1.517426 0.664719
117 -2.003348 5.598281
729 0.051537 1.191743
1362 0.780646 0.709859
1198 -1.024554 3.355710
683 0.142405 1.083254
372 0.334403 0.920755
360 0.340337 0.913532
381 0.301873 0.916454
1978 -1.590079 4.645723
1974 -1.508439 4.414011
1556 5.646673 1.096346
1805 5.439425 1.087101
1235 -0.446112 2.114049
1832 3.477722 0.746386
1951 -0.838711 2.917368
1483 2.458012 0.702355
1226 -0.519873 2.316053
1926 -0.261332 1.538003
1859 1.660115 0.541699
1734 6.023077 1.134318
634 0.347736 0.699892
852 2.771784 0.590621
1696 6.158267 1.132973
619 0.475531 0.637381
656 0.187276 0.927164
1314 0.351005 0.813300
464 0.905180 0.641646
1782 5.816251 1.162473
2001 -1.994361 5.613834
580 1.340234 0.528136
1431 1.396516 0.680916
325 0.491971 0.910629
358 0.336930 0.921101
1031 -1.079008 3.417780
987 -0.114978 1.204908
1166 -1.555952 4.601568
1299 0.259053 0.912592
1364 0.794203 0.704762
1991 -1.843792 5.207635
555 2.088969 0.535517
552 2.233562 0.583084
1378 0.933767 0.692683
240 -0.156542 1.559536
176 -1.346641 4.241340
2057 -2.414031 6.888655
1386 0.954736 0.686924
1848 2.270509 0.581046
1601 6.167305 1.126945
806 1.229190 0.556938
222 -0.405787 2.003341
815 1.465411 0.559469
430 0.508640 0.774245
146 -1.841530 5.326223
824 1.717482 0.565411
1481 2.395179 0.695702
1271 -0.057212 1.308116
1829 3.635257 0.775612
1935 -0.504311 2.072540
1934 -0.432570 1.967219
1846 2.432951 0.631240
868 3.441550 0.645220
1316 0.363987 0.793777
310 0.549903 0.877092
2037 -2.280027 6.506939
1788 5.688227 1.138331
1065 -1.669608 4.814888
690 0.131639 1.145981
708 0.069914 1.235705
1349 0.667720 0.712227
1345 0.661782 0.703739
1503 3.226697 0.784807
1504 3.216332 0.776108
321 0.514326 0.898164
120 -2.025716 5.679946
571 1.522988 0.517024
574 1.454006 0.522632
1427 1.331730 0.663522
1185 -1.248694 3.800044
1165 -1.606694 4.666595
1367 0.837442 0.701783
2046 -2.351404 6.697003
554 2.130227 0.571077
1197 -1.016743 3.289608
624 0.445301 0.662877
1615 6.121548 1.115304
549 2.235302 0.580332
416 0.392186 0.858603
1384 0.987399 0.678863
1162 -1.617924 4.694981
1809 5.189331 1.040701
1495 2.872124 0.767362
931 1.560473 0.440067
680 0.144563 1.073024
835 2.033445 0.569228
916 2.217236 0.487168
843 2.293367 0.567487
1597 6.335046 1.160347
1875 1.007869 0.555056
979 0.053011 0.874039
1465 1.902141 0.709104
1318 0.387665 0.782042
1864 1.451508 0.511594
1240 -0.384602 1.979557
1415 1.245325 0.653914
1254 -0.218455 1.611619
1258 -0.196835 1.573981
1890 0.620045 0.629871
718 0.054005 1.223031
1061 -1.599307 4.644013
1062 -1.639342 4.738791
1066 -1.633404 4.711860
447 0.689858 0.692748
1886 0.643735 0.582812
1430 1.377600 0.665100
128 -2.010025 5.693388
572 1.556865 0.521525
738 0.092843 1.129579
465 0.970132 0.630657
1745 5.885910 1.138728
1992 -1.867123 5.334058
686 0.149865 1.115195
1373 0.863681 0.703250
1500 3.057369 0.756503
1383 0.973211 0.673652
1814 4.746893 0.960263
1554 5.461153 1.071723
1398 1.073191 0.666430
1941 -0.641302 2.356534
234 -0.255342 1.734451
1950 -0.843762 2.857942
826 1.771636 0.547498
1486 2.492328 0.690536
513 2.513226 0.633697
1534 4.708975 0.983375
632 0.373536 0.707600
1587 6.335778 1.177709
1214 -0.736065 2.732655
908 2.714355 0.563196
425 0.475613 0.820300
1699 6.053344 1.097524
1472 2.154592 0.689909
410 0.383624 0.866935
1879 0.928508 0.576618
886 3.566649 0.646297
1681 6.281701 1.133618
1419 1.278752 0.665129
1329 0.536560 0.729325
308 0.541360 0.873371
692 0.138230 1.127468
696 0.087020 1.185376
1533 4.674451 0.967685
1539 4.879220 1.008269
1885 0.689376 0.574577
1883 0.764951 0.548794
700 0.093860 1.206397
1506 3.402510 0.809259
999 -0.364863 1.715280
269 0.192747 0.964332
1290 0.177935 1.002756
1182 -1.310997 3.997325
278 0.316478 0.886590
109 -2.071272 5.749139
1603 6.180579 1.136249
1151 -1.753347 5.078279
156 -1.721254 5.056961
1622 6.114774 1.102037
525 2.658522 0.631579
523 2.638851 0.640621
438 0.552944 0.762486
1961 -1.125347 3.511003
1101 -1.936612 5.553678
915 2.297066 0.499464
1937 -0.505197 2.143980
1739 5.903624 1.129192
1731 6.195695 1.170006
605 0.726065 0.541542
607 0.667479 0.566674
1274 0.028830 1.228049
740 0.092203 1.081754
1276 -0.007236 1.219200
1474 2.185493 0.692333
973 0.153758 0.808526
596 0.887196 0.525466
183 -1.153060 3.736942
1310 0.303410 0.849333
1521 4.088923 0.894136
309 0.554765 0.867950
300 0.491888 0.860360
2006 -2.063784 5.808624
1794 5.507741 1.093668
1663 6.421048 1.165989
599 0.821071 0.521918
1248 -0.283778 1.785311
1435 1.435830 0.677051
993 -0.198713 1.405555
737 0.074175 1.127931
260 0.130984 1.085500
1184 -1.285810 3.955776
277 0.314124 0.881926
1195 -1.067698 3.466111
1174 -1.417678 4.261436
1285 0.126169 1.063958
175 -1.371290 4.246181
1605 6.270887 1.153021
808 1.286141 0.561828
800 1.036147 0.573422
154 -1.826262 5.301656
1390 1.016960 0.675189
1234 -0.458336 2.128531
1232 -0.465537 2.166996
1277 0.018480 1.199152
1002 -0.434167 1.925073
681 0.142452 1.082758
929 1.552601 0.462981
784 0.715200 0.601826
1582 6.287974 1.167333
462 0.917604 0.629637
917 2.219877 0.491997
911 2.508835 0.512959
1022 -0.841240 2.750500
1902 0.256166 0.740233
1876 1.005645 0.562675
1870 1.191988 0.523358
864 3.295439 0.652251
773 0.485182 0.669191
1686 6.195901 1.115156
677 0.165096 1.057655
1416 1.239176 0.669098
301 0.512471 0.868812
717 0.048283 1.239511
1408 1.186170 0.664160
693 0.099935 1.172663
581 1.228894 0.503955
1252 -0.270550 1.701995
602 0.758212 0.552026
287 0.396432 0.849680
113 -2.040433 5.673432
1330 0.548731 0.720663
1983 -1.731448 4.940600
1988 -1.783177 5.092876
1180 -1.352262 4.114661
391 0.307006 0.920329
652 0.206490 0.880012
1785 5.875574 1.166914
764 0.360086 0.744981
1811 5.072136 1.023563
145 -1.898758 5.459019
1487 2.585695 0.708344
1726 6.198072 1.137621
1721 6.126427 1.142133
1454 1.686358 0.680595
914 2.356040 0.479622
846 2.524511 0.580776
1203 -0.923718 3.086252
1112 -1.939570 5.556997
1219 -0.661284 2.547868
1355 0.756717 0.721575
487 1.621339 0.561896
483 1.451717 0.557375
191 -0.971493 3.278077
904 2.962475 0.562595
1842 2.687900 0.658814
1845 2.571763 0.632218
779 0.591083 0.634754
1322 0.446873 0.758747
1338 0.595899 0.704903
996 -0.294731 1.610065
992 -0.197542 1.408721
730 0.051405 1.182041
466 0.956672 0.597307
1982 -1.738806 4.985009
795 0.903193 0.566779
594 0.885530 0.517065
290 0.454558 0.853304
879 3.607877 0.664362
374 0.295873 0.922670
651 0.217234 0.866975
1969 -1.397883 4.084384
900 3.036291 0.575530
1816 4.629014 0.926694
151 -1.817465 5.207324
1803 5.571315 1.096179
1946 -0.717430 2.616001
1236 -0.435999 2.077558
1231 -0.496850 2.205805
142 -1.901187 5.473998
148 -1.859431 5.386305
149 -1.853398 5.389677
214 -0.485920 2.232811
1594 6.213268 1.141614
461 0.884610 0.615239
972 0.181645 0.737883
1333 0.554893 0.714680
1965 -1.228246 3.770735
477 1.261370 0.548442
1631 6.123106 1.105030
2018 -2.145609 6.002740
1433 1.411039 0.654760
1743 5.774514 1.106260
604 0.708757 0.549429
736 0.072589 1.125293
1357 0.769138 0.702860
284 0.391062 0.869411
989 -0.138964 1.263576
1747 5.967163 1.162417
1753 5.841836 1.131548
1750 6.016425 1.173755
1971 -1.385972 4.107395
1380 0.921915 0.688258
368 0.305179 0.933881
164 -1.638129 4.866384
429 0.501330 0.778901
158 -1.711388 5.009326
526 2.659803 0.632405
1225 -0.556100 2.354017
1921 -0.154147 1.348227
1923 -0.191681 1.405041
1103 -1.962562 5.547414
1737 6.014289 1.147745
1037 -1.201712 3.732194
710 0.059871 1.231293
1473 2.181310 0.678859
1470 2.143145 0.712886
1303 0.282743 0.895653
1463 1.868545 0.681704
1319 0.416722 0.759087
1327 0.478951 0.742975
1325 0.469980 0.736620
1893 0.483308 0.643165
956 0.575472 0.526505
2017 -2.176906 6.158071
129 -1.932189 5.428187
1749 5.967493 1.160990
1640 6.355958 1.126353
1167 -1.546972 4.545372
474 1.119178 0.574356
1996 -1.950473 5.503553
1179 -1.368212 4.118067
1006 -0.490639 2.025180
1571 6.112692 1.165658
1765 5.863940 1.161209
1784 5.917121 1.172223
1557 5.761231 1.129486
424 0.452282 0.818083
1808 5.223717 1.060464
1943 -0.676605 2.506492
816 1.498737 0.566046
1012 -0.611933 2.318528
927 1.651162 0.458645
753 0.189036 0.955582
609 0.632031 0.548193
968 0.258505 0.666912
870 3.504077 0.650402
1075 -1.760232 5.054122
673 0.174391 1.016159
2008 -2.067290 5.828724
1085 -1.809022 5.152410
762 0.292762 0.803313
1645 6.429876 1.155591
1796 5.659058 1.118004
1639 6.240504 1.116619
473 1.103736 0.565123
1569 5.989666 1.141566
1292 0.178933 1.020719
347 0.367739 0.923470
297 0.505978 0.853112
275 0.252359 0.922417
1573 6.117516 1.152205
172 -1.436122 4.411883
1619 6.052878 1.082523
1769 5.711138 1.132726
1546 5.176649 1.042216
1979 -1.606450 4.659595
1393 1.047485 0.679840
228 -0.325879 1.849131
812 1.347046 0.551304
1623 6.155318 1.113624
1700 6.167961 1.117694
1237 -0.406673 2.017864
147 -1.882143 5.423512
141 -1.892362 5.472407
1224 -0.559810 2.309773
203 -0.699607 2.691413
1727 6.039251 1.119639
1850 2.146555 0.588612
1853 1.918084 0.546586
1590 6.124043 1.138956
1907 0.150690 0.837131
851 2.698709 0.582706
1057 -1.617887 4.674251
1691 6.207237 1.132572
1491 2.705435 0.725047
975 0.116831 0.840486
1917 -0.108479 1.227183
887 3.426615 0.616502
1682 6.389672 1.146651
1337 0.616859 0.715837
1962 -1.125932 3.523554
1673 6.420473 1.156057
714 0.043803 1.251030
1662 6.510050 1.165779
1660 6.505978 1.172532
1088 -1.825896 5.198344
1244 -0.350388 1.889567
2010 -2.089931 5.876795
326 0.491568 0.904349
123 -2.025644 5.657137
1644 6.285720 1.132892
739 0.081166 1.112087
1987 -1.797178 5.103024
720 0.059738 1.241264
1741 5.973978 1.159845
1369 0.831714 0.698870
342 0.403287 0.929368
279 0.338990 0.871340
1757 5.876463 1.156942
243 -0.098907 1.434618
1763 5.767142 1.140536
1490 2.745252 0.727670
233 -0.255345 1.729160
1713 6.100564 1.122170
626 0.413729 0.665046
1575 6.177436 1.174158
215 -0.513163 2.253099
1591 6.371288 1.164463
1217 -0.683691 2.613248
906 2.758058 0.524633
1051 -1.443368 4.318335
771 0.437543 0.690062
1010 -0.591291 2.288399
1867 1.343525 0.532669
1097 -1.886959 5.403295
665 0.164703 0.982219
716 0.055831 1.240497
695 0.111701 1.160236
586 1.091510 0.509721
1984 -1.747705 4.981225
654 0.200407 0.905413
323 0.512491 0.892646
1999 -1.986232 5.603185
873 3.591831 0.658807
1245 -0.341547 1.881736
241 -0.156839 1.534631
655 0.204352 0.904947
541 2.491189 0.593303
805 1.203066 0.548328
1801 5.508744 1.104895
1251 -0.270589 1.726716
1496 2.904032 0.742418
143 -1.933939 5.520260
1833 3.255801 0.713980
1724 6.082504 1.137200
1588 6.168634 1.132580
1580 6.182673 1.151130
1530 4.457099 0.924248
1593 6.302709 1.166800
1905 0.121792 0.845977
1678 6.312382 1.136576
1674 6.359021 1.156563
1529 4.267547 0.903762
1432 1.369053 0.676650
328 0.479783 0.914056
1340 0.624781 0.727255
1646 6.407847 1.127830
355 0.362560 0.921033
359 0.310035 0.926068
1379 0.928132 0.695246
375 0.302525 0.927577
1775 5.917325 1.170650
1492 2.770375 0.738155
1233 -0.458001 2.148427
439 0.600557 0.744371
1959 -1.111001 3.469552
209 -0.594765 2.436985
787 0.747969 0.581099
1213 -0.756268 2.748370
401 0.359912 0.891812
1733 6.072522 1.137296
755 0.206169 0.909425
1211 -0.766089 2.805428
1441 1.509508 0.679886
1104 -1.941336 5.551344
905 2.832704 0.563647
877 3.617958 0.661866
1963 -1.174853 3.629797
1411 1.216405 0.654647
1324 0.433596 0.764647
1405 1.172279 0.660830
1881 0.893632 0.568289
994 -0.227988 1.433798
460 0.862308 0.616266
982 0.022267 0.957498
102 -2.157163 6.014090
1548 4.997269 1.016186
364 0.318115 0.922011
1970 -1.380806 4.032184
1774 5.761245 1.148525
1559 5.809728 1.133009
538 2.541020 0.610171
155 -1.784095 5.237565
1802 5.489877 1.097021
1239 -0.410239 2.025074
431 0.503127 0.767889
1835 3.035783 0.686300
612 0.607498 0.567792
1135 -1.896310 5.445437
206 -0.678370 2.608987
1212 -0.768103 2.773692
210 -0.571422 2.398100
1698 6.107027 1.106006
960 0.444853 0.615448
1677 6.433768 1.150096
1520 3.930806 0.870689
1898 0.331286 0.729911
957 0.546109 0.543900
2007 -2.046058 5.763618
2004 -2.025325 5.686206
1540 4.854704 0.992135
130 -1.991307 5.657363
1653 6.513521 1.166183
1981 -1.664967 4.781176
1346 0.653171 0.708045
469 1.046964 0.570185
1564 5.809997 1.122695
1163 -1.653349 4.830499
553 2.074405 0.531511
1178 -1.359536 4.107115
1282 0.094017 1.120273
1972 -1.477234 4.383145
543 2.432355 0.590278
533 2.614525 0.628397
1392 1.057266 0.694524
1017 -0.758020 2.636537
786 0.737775 0.587051
1589 6.305560 1.178413
500 2.254157 0.613969
1450 1.657732 0.677710
1459 1.846887 0.699516
1599 6.088493 1.115855
603 0.744037 0.538280
1690 6.313255 1.140713
1477 2.251268 0.682785
498 2.127632 0.609424
1241 -0.376086 1.967018
507 2.362128 0.635238
1342 0.623676 0.714386
1359 0.781719 0.706149
514 2.581415 0.644256
1579 6.031162 1.127745
1371 0.883931 0.677532
546 2.347219 0.594319
801 1.117923 0.560309
1293 0.175667 0.984841
1397 1.104785 0.677831
938 1.191513 0.473061
1535 4.613562 0.954108
211 -0.558388 2.415135
1851 2.087343 0.564517
1857 1.710564 0.539938
1933 -0.442423 1.942397
856 2.998683 0.632854
859 3.151792 0.619187
1798 5.489403 1.091327
1086 -1.844616 5.268720
867 3.434852 0.659428
666 0.182179 0.986712
965 0.320216 0.603663
969 0.224042 0.735758
1675 6.351950 1.142671
949 0.869566 0.515018
703 0.076732 1.204656
516 2.548256 0.645223
1358 0.757409 0.719580
556 2.044373 0.561511
246 -0.074439 1.374646
1964 -1.227757 3.719379
1148 -1.767849 5.103999
548 2.364442 0.579176
363 0.317623 0.934036
1604 5.937925 1.091095
809 1.257930 0.550267
1152 -1.719148 4.982311
223 -0.373720 1.963783
818 1.545790 0.582872
140 -1.909440 5.406796
932 1.476030 0.457384
633 0.365730 0.698693
662 0.180359 0.956576
1878 0.957043 0.540129
187 -1.064798 3.566172
184 -1.114724 3.656620
1334 0.586502 0.721758
1865 1.427197 0.543055
898 3.230663 0.601317
675 0.168354 1.051229
955 0.645377 0.517428
1436 1.431694 0.672438
734 0.066573 1.152816
1515 3.739282 0.842511
980 0.050100 0.895802
1190 -1.172315 3.719434
1751 5.986018 1.163160
395 0.300128 0.919309
1708 6.073589 1.112959
232 -0.259470 1.742645
511 2.377811 0.625732
836 2.082445 0.535738
789 0.809401 0.575343
912 2.492346 0.524415
1730 6.096189 1.131722
1205 -0.883283 3.017207
1906 0.134800 0.856143
1058 -1.591886 4.599786
865 3.314688 0.645469
1672 6.539245 1.174129
1665 6.422029 1.151548
448 0.666076 0.687304
444 0.633277 0.718971
339 0.425453 0.918035
1655 6.339339 1.136418
1422 1.297547 0.659327
1428 1.379099 0.674052
563 1.842007 0.532584
272 0.220769 0.943952
623 0.442911 0.640977
1617 6.070152 1.091182
1767 5.864215 1.155156
1781 5.813480 1.159521
417 0.410419 0.837009
235 -0.213365 1.665728
935 1.348811 0.445003
193 -0.903725 3.156999
591 0.987192 0.524914
1312 0.323614 0.833614
506 2.302686 0.631453
660 0.176945 0.934655
132 -1.984657 5.595974
562 1.905222 0.539439
565 1.739865 0.509021
1200 -1.005507 3.267187
1754 5.891446 1.148583
454 0.765110 0.661788
650 0.214059 0.858107
1815 4.851795 0.976186
1482 2.344366 0.685530
921 2.049775 0.479742
1725 6.076053 1.137082
639 0.282482 0.761315
1210 -0.793858 2.861885
1055 -1.543704 4.503716
1269 -0.090635 1.410122
1967 -1.356196 4.087843
1076 -1.793230 5.106956
1666 6.489192 1.167653
948 0.870705 0.486600
945 0.987521 0.485995
583 1.191526 0.519299
1437 1.450169 0.671906
1501 3.103914 0.761325
1642 6.162114 1.098302
564 1.758785 0.532971
1196 -1.044359 3.370932
1756 5.947453 1.172230
1577 6.321617 1.197752
455 0.801785 0.658744
2056 -2.351773 6.723268
534 2.621488 0.626606
1839 2.863440 0.667953
1825 3.999367 0.830857
1856 1.711362 0.545976
902 2.992169 0.583012
747 0.148887 1.009227
611 0.605526 0.574156
495 1.965674 0.597851
595 0.869507 0.497242
1042 -1.297858 3.861111
1670 6.431838 1.152826
1093 -1.875821 5.342641
1667 6.332638 1.140072
1403 1.158591 0.648142
1880 0.855149 0.537363
135 -1.947944 5.541677
709 0.061475 1.239108
517 2.560770 0.617535
1209 -0.786032 2.852498
1169 -1.508830 4.496590
1298 0.253146 0.920600
1366 0.818233 0.703463
1172 -1.491085 4.434150
1576 5.985269 1.126526
1222 -0.606381 2.429575
542 2.424706 0.581801
1804 5.497291 1.105203
1820 4.290177 0.873407
1583 6.202633 1.154679
1736 5.996962 1.120543
1202 -0.957766 3.173216
1844 2.445794 0.601815
854 2.881135 0.602175
1317 0.383151 0.784530
1863 1.442106 0.539613
672 0.163658 1.028424
1417 1.267015 0.661943
1669 6.303331 1.125478
331 0.477517 0.907470
1659 6.482418 1.160741
585 1.141643 0.519856
122 -1.990342 5.640070
353 0.361621 0.919064
722 0.055919 1.219811
1160 -1.622279 4.735343
298 0.500599 0.863772
291 0.466763 0.852605
1283 0.070082 1.132306
1541 4.793579 0.988327
1154 -1.697349 4.932076
817 1.534350 0.577596
527 2.624803 0.627503
205 -0.692431 2.690513
1920 -0.153331 1.324445
1852 2.026858 0.574108
715 0.051499 1.227403
615 0.527545 0.606863
189 -1.022200 3.453066
78 -2.406937 6.641265
664 0.187849 0.954265
1866 1.330914 0.535401
661 0.183518 0.962414
1536 4.842112 0.987039
1353 0.716166 0.700901
1651 6.479374 1.159492
1421 1.299701 0.663709
1628 6.067484 1.084325
1194 -1.069811 3.453742
936 1.262345 0.468077
476 1.179253 0.572032
1585 6.071518 1.139668
1105 -1.966179 5.578663
1855 1.834871 0.535019
1595 6.101090 1.123625
601 0.767255 0.539569
1692 6.074648 1.095931
616 0.545814 0.594623
1307 0.320291 0.838309
860 3.124040 0.626085
1424 1.344671 0.659964
295 0.486108 0.851218
293 0.476115 0.847906
1193 -1.157183 3.648568
1968 -1.339954 4.024076
366 0.323966 0.915543
678 0.160399 1.064964
1819 4.506737 0.924579
1494 2.811090 0.745181
928 1.597063 0.464599
503 2.207053 0.605196
216 -0.511425 2.256585
630 0.407603 0.688861
1206 -0.853552 2.922794
1909 0.027931 0.934664
743 0.122221 1.069784
1263 -0.124408 1.457401
1869 1.171871 0.532236
967 0.277581 0.636957
1897 0.393352 0.674002
951 0.767886 0.530354
1887 0.662670 0.599058
137 -1.937489 5.500530
320 0.520843 0.896523
296 0.480037 0.855957
923 1.971296 0.466837
919 2.111732 0.489300
190 -0.999379 3.409335
188 -1.054566 3.482318
1311 0.320169 0.846827
1331 0.532533 0.726102
2005 -2.062222 5.829319
330 0.467301 0.894412
946 0.937377 0.483337
1168 -1.546626 4.570846
1281 0.063327 1.139651
659 0.189697 0.947338
1703 6.191637 1.122796
202 -0.722696 2.750011
926 1.627259 0.445917
638 0.304631 0.734225
219 -0.442644 2.110323
1732 6.192442 1.155225
1356 0.760595 0.702948
1912 0.026156 1.015591
874 3.503862 0.658648
645 0.255396 0.817284
894 3.292226 0.608609
1406 1.177322 0.668410
1636 6.202299 1.107271
1647 6.334131 1.128184
1643 6.282845 1.120201
1425 1.344066 0.668091
289 0.448639 0.853278
1997 -1.953281 5.497907
1960 -1.099803 3.471203
227 -0.335570 1.898769
1497 2.906771 0.736953
1014 -0.696019 2.489979
614 0.543869 0.611196
1227 -0.508124 2.206934
751 0.168387 0.959847
899 3.109151 0.567194
697 0.083587 1.169431
1164 -1.560691 4.610872
479 1.354892 0.566755
344 0.392556 0.933624
254 0.030888 1.186212
530 2.625685 0.615816
522 2.630896 0.656902
518 2.588981 0.634042
924 1.727852 0.442931
1059 -1.656395 4.808264
1913 0.010622 1.031715
866 3.414551 0.654304
1268 -0.081636 1.402713
663 0.168615 0.992191
1612 6.224736 1.131695
872 3.560609 0.672767
1072 -1.752606 5.041902
1671 6.350487 1.138628
1633 6.018517 1.066531
458 0.825616 0.625940
324 0.498197 0.902208
1629 6.045022 1.090364
225 -0.339061 1.880539
1499 3.110636 0.759712
827 1.759143 0.579177
1220 -0.655048 2.490024
918 2.269346 0.488810
1596 6.188569 1.135034
490 1.709494 0.592680
1871 1.164943 0.521241
318 0.526152 0.881988
302 0.530137 0.859273
338 0.437076 0.918412
337 0.425854 0.918666
947 0.882001 0.475843
1658 6.517320 1.163578
1635 6.060714 1.077130
467 0.969120 0.593712
472 1.105386 0.569628
341 0.421099 0.916857
273 0.260352 0.918649
1173 -1.474333 4.378762
1614 5.868978 1.064592
1527 4.220832 0.888901
1621 6.145741 1.115454
799 1.025289 0.563532
515 2.560233 0.654058
831 1.893132 0.555697
306 0.526828 0.861370
470 1.052878 0.601465
1668 6.336948 1.132192
944 0.906032 0.457652
1995 -1.926388 5.481883
1389 1.024276 0.690702
274 0.316184 0.888919
103 -2.098560 5.800826
1578 6.111064 1.155995
547 2.329286 0.582077
1812 4.876669 0.988827
536 2.558236 0.617599
521 2.627600 0.624699
862 3.187385 0.619216
676 0.160807 1.051047
1098 -1.910075 5.394011
1442 1.536425 0.682971
262 0.144675 1.034260
1792 5.599347 1.114543
954 0.576414 0.533584
294 0.467845 0.846298
1170 -1.540942 4.561878
1223 -0.586299 2.387915
670 0.166473 1.028356
1836 3.084908 0.698878
1228 -0.505233 2.215469
1986 -1.760414 5.008843
1904 0.166779 0.820416
314 0.553041 0.891339
871 3.583652 0.658557
2012 -2.058985 5.802145
322 0.520072 0.895119
475 1.150267 0.601282
1543 4.885469 0.979503
524 2.706510 0.633083
1834 3.290688 0.728256
1838 2.862427 0.682854
832 1.915871 0.556906
885 3.495567 0.633464
884 3.604971 0.653642
76 -2.346226 6.445264
647 0.246453 0.826326
1894 0.449277 0.630892
950 0.794317 0.505520
667 0.162727 1.014964
1661 6.491385 1.169209
125 -1.928239 5.435349
727 0.042304 1.228328
1363 0.793901 0.701122
343 0.398243 0.914723
226 -0.338820 1.869717
1822 4.241385 0.882568
1204 -0.883860 3.038161
485 1.555194 0.574318
481 1.396625 0.568327
883 3.546712 0.636471
892 3.348147 0.624132
1071 -1.725941 4.973173
1884 0.771501 0.581349
1343 0.650906 0.708755
1288 0.126702 1.067103
1230 -0.518681 2.230319
509 2.454379 0.637944
1847 2.263763 0.596044
970 0.259392 0.651049
702 0.085461 1.214940
1171 -1.493732 4.455137
1488 2.604476 0.714584
687 0.136685 1.104257
847 2.532031 0.577729
486 1.648735 0.578444
1693 6.223314 1.114475
496 1.964984 0.605328
1874 1.058581 0.538062
319 0.524042 0.891670
317 0.529347 0.897591
1348 0.685490 0.715312
937 1.258543 0.453798
888 3.501875 0.638419
1684 6.231164 1.116546
315 0.540434 0.891958
966 0.355174 0.611538
723 0.044236 1.214151
1758 6.003376 1.168061
922 1.890879 0.441427
1586 5.988014 1.139120
502 2.214187 0.607309
1858 1.711188 0.556426
913 2.446727 0.509853
1689 6.175847 1.113457
958 0.543025 0.535168
1188 -1.196492 3.735274
939 1.164431 0.417071
833 1.979089 0.580594
508 2.474640 0.630422
674 0.164204 1.034528
953 0.686571 0.491488
1526 4.263623 0.921312
942 1.073811 0.484590
1657 6.555344 1.165286
1434 1.434455 0.679320
1508 3.401092 0.790321
1382 0.950620 0.688565
1702 6.038740 1.097610
719 0.036771 1.219014
1183 -1.300427 3.952830
930 1.557956 0.464863
613 0.572542 0.586921
491 1.826404 0.597510
952 0.724406 0.499066
335 0.440963 0.907365
909 2.541064 0.518473
529 2.565775 0.613654
144 -1.863835 5.374424
505 2.346840 0.626723
482 1.415684 0.575384
480 1.299403 0.584875
1901 0.269156 0.725425
74 -2.360822 6.541168
641 0.278379 0.793471
890 3.521379 0.646041
943 1.007060 0.464217
1648 6.602825 1.182330
1351 0.715862 0.707684
489 1.731385 0.585560
907 2.679419 0.541922
497 2.072934 0.601636
959 0.447348 0.580615
1275 -0.024567 1.261818
1611 6.095152 1.109197
781 0.583901 0.630624
499 2.161037 0.624762
1081 -1.817286 5.181199
1513 3.664459 0.847178
288 0.429718 0.843349
1854 1.887293 0.555763
754 0.188380 0.936386
311 0.553226 0.872500
332 0.463065 0.907180
1368 0.828247 0.705443
653 0.216015 0.866200
501 2.254447 0.625697
735 0.064685 1.152504
1352 0.706766 0.709447
1394 1.053447 0.679362
488 1.601249 0.554136
493 1.859396 0.576521
1191 -1.192267 3.720705
1973 -1.496501 4.393262
312 0.531612 0.888688
1335 0.562631 0.730353
1354 0.746281 0.712535
510 2.454885 0.640108
1598 6.181223 1.136522
1650 6.294979 1.130807
1630 6.183492 1.108476
620 0.478115 0.638674
1613 6.153661 1.122749
75 -2.354360 6.474969
1420 1.285984 0.664890
1176 -1.441212 4.259666
933 1.449000 0.465866
1177 -1.377426 4.160517
964 0.428104 0.557516
333 0.464458 0.924207
1186 -1.226663 3.807644
1207 -0.821337 2.902200
73 -2.356000 6.502708
336 0.464633 0.905131
658 0.185749 0.915217
478 1.244099 0.567550
627 0.416876 0.661678
1407 1.189365 0.670919
1654 6.449388 1.155239
484 1.527930 0.569461
494 1.884563 0.580793
72 -2.371629 6.585234
292 0.473183 0.848618
2059 -2.353422 6.757372
1627 6.124995 1.110255
504 2.332700 0.640569
940 1.120540 0.436436
2060 -2.349005 6.698506
1208 -0.820557 2.936104
71 -2.350304 6.445769
2063 -2.309053 6.619200
2058 -2.370601 6.743852
920 2.120532 0.473884
1187 -1.261613 3.909038
492 1.844342 0.581722
2062 -2.407082 6.854310
68 -2.332670 6.479403
2061 -2.306381 6.595098
70 -2.376498 6.522948
69 -2.349250 6.486445
67 -2.365393 6.529280
2065 -2.311161 6.595464
2064 -2.287817 6.570186
66 -2.352985 6.445534
2069 -2.310491 6.592836
65 -2.367435 6.466340
2066 -2.313098 6.617845
2068 -2.289627 6.556729
2067 -2.262210 6.474489
63 -2.337368 6.408977
64 -2.334164 6.418898
62 -2.262955 6.230440
2070 -2.283513 6.490833
61 -2.218632 6.095851
