3129 2
87 6.490992 -0.026438
85 6.583336 -0.039434
94 6.173835 -0.034085
1849 5.298433 -0.027841
81 6.766152 -0.048094
82 6.658535 -0.029292
119 4.935427 -0.010530
3113 5.609179 0.100640
106 5.695130 -0.021781
93 6.258426 -0.039768
1864 4.902651 0.003136
95 6.241567 -0.038861
1867 4.919122 -0.009320
88 6.459195 -0.030724
858 0.557588 0.615612
1079 5.154094 0.094690
100 5.980725 -0.030314
97 6.134487 -0.025752
1771 5.933652 0.018806
84 6.596464 -0.035813
1447 0.075445 1.426265
2727 -1.046540 6.151031
485 2.072188 0.242620
98 6.048875 -0.035429
1072 5.364391 0.085920
699 -0.544244 4.420661
3163 6.835339 0.092631
116 5.054142 -0.011379
3158 6.658766 0.092181
1067 5.588470 0.073443
2989 0.574983 0.679558
2703 -1.079169 6.295289
495 1.634279 0.288529
107 5.600968 -0.028418
1045 5.807935 0.064537
1850 5.223820 -0.011608
108 5.573354 -0.030763
103 5.749321 -0.035214
101 5.909374 -0.015309
2566 -1.107895 6.756719
512 1.151904 0.374358
2315 0.452129 0.925338
2141 -0.051895 1.601387
1856 5.117691 -0.008037
1064 5.709151 0.079534
3147 6.541458 0.100078
1464 0.202015 1.112723
370 3.200368 0.205724
2307 0.464067 0.875844
1828 5.690229 -0.012365
862 0.615741 0.576245
1062 5.706032 0.066812
339 1.815326 0.281461
123 4.695166 -0.014649
90 6.407101 -0.038021
2293 0.496105 0.836217
105 5.742698 -0.017086
3167 6.923556 0.094391
99 6.076717 -0.039313
1843 5.419324 -0.034058
3126 5.925074 0.097192
3127 6.164387 0.091094
3143 6.520106 0.096343
89 6.393796 -0.037659
104 5.933733 -0.035746
553 0.566283 0.663987
2507 -1.079893 6.601219
1484 0.387008 0.917521
513 1.123064 0.373697
2745 -1.018195 5.978402
321 1.492431 0.307981
1835 5.581899 -0.027691
1929 1.257951 0.270715
2967 0.448923 0.816784
1082 4.976449 0.081307
2063 -0.412989 2.610131
2059 -0.369902 2.428401
2556 -1.070355 6.503501
3166 6.949977 0.105964
1938 1.064660 0.311994
1873 4.404147 0.009339
1070 5.397025 0.083663
3146 6.472983 0.091397
113 5.264519 -0.035943
1806 5.744086 -0.011233
3142 6.429920 0.091609
1636 1.339132 0.353479
1081 4.931502 0.089994
2076 -0.468068 2.710730
92 6.319288 -0.035553
1392 -0.505892 3.242218
1489 0.404155 0.907647
2318 0.457799 0.922416
1752 5.895236 0.054530
2200 0.267128 1.176728
2504 -1.130712 6.764857
1626 1.295970 0.372208
1839 5.352280 -0.023867
1483 0.369496 0.920121
1480 0.358135 0.952352
1047 5.793546 0.063836
3097 4.558151 0.114272
1069 5.597785 0.067826
649 -0.243791 2.679245
2730 -1.025320 6.030341
1391 -0.521536 3.328384
151 3.193929 0.078454
1728 5.016253 0.097808
1052 5.900400 0.081386
498 1.531756 0.277914
2370 0.006149 1.817923
1331 -0.444657 3.188187
1060 5.696854 0.057007
325 1.594205 0.315516
1639 1.346582 0.374354
535 0.748352 0.538378
1852 5.370416 -0.010718
843 0.387143 0.724295
2760 -0.960970 5.783386
1692 3.243587 0.194254
1468 0.282437 1.026090
305 1.393826 0.315340
2139 -0.044578 1.598671
1068 5.539660 0.086032
1345 -0.612891 3.749436
2166 0.099703 1.418758
1832 5.568374 -0.030004
2552 -1.089036 6.644836
847 0.426448 0.702750
1845 5.292759 -0.012861
1053 5.851120 0.057184
112 5.443671 -0.033054
2480 -1.026200 6.325297
2927 0.329487 1.079223
531 0.854105 0.508002
1498 0.446014 0.862555
3014 0.696735 0.583083
620 0.004883 1.681600
1851 5.224434 -0.016382
1847 5.321611 -0.007233
853 0.504283 0.656903
318 1.500266 0.317515
302 1.375057 0.339588
579 0.347208 0.943088
2073 -0.465848 2.707317
592 0.241399 1.089251
2736 -1.056257 6.167554
2171 0.125540 1.352267
1848 5.388690 -0.009858
3117 5.637215 0.089086
3043 1.253604 0.367300
1076 5.251899 0.082720
673 -0.440560 3.750634
3026 0.868873 0.487847
597 0.186262 1.199096
1406 -0.357348 2.744512
135 4.075468 0.010771
582 0.314444 0.957303
3083 3.371834 0.136615
1837 5.409192 -0.010132
1003 5.023343 0.090365
2178 0.158951 1.329975
489 1.880862 0.238221
3119 5.823735 0.099242
492 1.723304 0.277924
864 0.619893 0.583456
308 1.384296 0.317579
80 6.631464 -0.039986
129 4.185581 0.000861
2490 -1.064944 6.383290
298 1.333435 0.357455
157 2.943861 0.124213
1836 5.514205 -0.011479
1481 0.352673 0.955422
2140 -0.042657 1.606575
639 -0.161817 2.300822
1459 0.192339 1.157770
842 0.369622 0.759134
1733 5.269256 0.099823
757 -0.548192 4.470718
850 0.471093 0.673201
2943 0.338283 0.997490
499 1.467436 0.317196
83 6.607648 -0.042355
3159 6.694629 0.085612
3169 7.098276 0.099656
3109 5.280499 0.091594
260 1.252144 0.431975
2314 0.462856 0.916893
2737 -1.044350 6.107555
2719 -1.035849 6.135885
1831 5.655635 -0.022625
2394 -0.311702 2.923582
849 0.437077 0.696459
1050 5.777854 0.068843
491 1.788324 0.253425
975 4.429723 0.131862
1085 4.688170 0.105129
2954 0.388053 0.903801
1648 1.488717 0.330932
2479 -1.034808 6.267867
2075 -0.479244 2.715739
1371 -0.649986 3.930191
2058 -0.387411 2.483772
2695 -1.055477 6.186191
3033 1.029138 0.435623
2465 -1.020708 6.159272
2235 0.431519 0.882203
1075 5.439077 0.093060
79 6.745797 -0.036541
2498 -1.101338 6.568493
118 4.923937 -0.019307
3174 7.057524 0.095608
2032 -0.104444 1.677582
2085 -0.460947 2.694797
510 1.158177 0.379958
2882 0.184582 1.432070
2707 -1.042161 6.135698
1824 5.626695 -0.027270
3057 1.767208 0.312216
764 -0.482315 4.073543
78 6.794068 -0.034574
3151 6.576098 0.079163
575 0.348551 0.929096
115 5.122397 -0.021595
1749 5.667356 0.061606
1363 -0.692020 4.142467
96 6.234498 -0.035356
1502 0.506550 0.824921
1756 5.821579 0.045945
544 0.638829 0.609102
548 0.618080 0.633004
2185 0.212763 1.295204
2500 -1.057622 6.351941
2224 0.406808 0.947481
2536 -1.094570 6.655545
2712 -1.079450 6.334607
1713 4.269547 0.133030
3003 0.656462 0.634573
3078 3.184186 0.175288
990 4.720416 0.113937
1469 0.265943 1.034638
1784 5.848744 0.007869
1078 5.203303 0.088400
300 1.362613 0.344229
3140 6.476479 0.094188
2837 -0.137934 2.571959
939 3.000717 0.237112
3170 6.993217 0.104157
344 1.965996 0.283394
2448 -0.997486 6.020134
1398 -0.454958 3.014446
2726 -1.060854 6.160614
555 0.528447 0.701554
2083 -0.448820 2.691364
2086 -0.448204 2.708335
1537 0.719898 0.661451
1838 5.425615 -0.020675
1711 4.190164 0.149524
3072 2.564064 0.214552
1693 3.267023 0.196534
490 1.805859 0.238938
2287 0.513574 0.816181
75 6.684838 -0.042288
312 1.428878 0.331334
2964 0.405051 0.866455
1453 0.135508 1.303436
2860 0.051614 1.869704
1005 5.198308 0.096273
2874 0.153864 1.578182
1942 0.995968 0.369218
3145 6.671257 0.096547
1057 5.715613 0.068390
1912 1.992108 0.159482
860 0.596956 0.594729
1333 -0.466614 3.176693
2743 -1.038665 6.057841
1097 4.036115 0.118939
1405 -0.381085 2.773794
1882 3.927887 0.027529
3156 6.619304 0.091830
1598 1.122145 0.437769
122 4.731697 -0.011887
573 0.389382 0.870390
1742 5.523329 0.059102
349 2.109004 0.287674
102 5.878828 -0.044877
1384 -0.602317 3.674546
2426 -0.852521 5.364510
1802 5.723167 -0.013732
2158 0.051922 1.465562
2742 -0.993827 5.919430
2525 -1.098786 6.556218
1908 2.268137 0.142864
1907 2.358344 0.125893
2942 0.358013 0.970552
1476 0.326498 0.980870
3120 5.933724 0.091499
316 1.469078 0.316460
2369 -0.001536 1.813773
306 1.401026 0.325794
136 3.883133 0.030167
585 0.287521 1.035791
1503 0.495357 0.827240
2489 -1.046946 6.277339
121 4.629405 -0.014397
1641 1.384865 0.349199
2802 -0.590322 4.353426
2326 0.412352 0.969391
261 1.264465 0.446515
2783 -0.829274 5.235903
2788 -0.777942 5.026603
954 3.655567 0.171357
566 0.440655 0.793270
2049 -0.311379 2.198020
559 0.525306 0.713232
2867 0.084794 1.740968
543 0.668995 0.588779
2191 0.224936 1.233023
2211 0.316966 1.092297
1013 5.060915 0.086087
2956 0.387625 0.892992
483 2.211195 0.208012
2547 -1.051125 6.421684
1100 3.929923 0.155023
749 -0.581897 4.649060
1058 5.696587 0.076012
978 4.521381 0.123191
2753 -0.986570 5.812413
2022 -0.036901 1.400653
3044 1.281653 0.370186
1400 -0.400030 2.962018
3099 4.755076 0.117959
948 3.467443 0.196157
3150 6.542426 0.093918
2933 0.334121 1.024264
1621 1.269885 0.386662
1758 5.869095 0.051521
1750 5.929197 0.067385
1779 5.784008 0.020741
534 0.773789 0.536183
538 0.757208 0.551528
154 3.073344 0.108358
527 0.859761 0.483016
1487 0.388498 0.905557
2884 0.206203 1.390447
1925 1.420395 0.259197
1101 3.728909 0.128050
218 1.470777 0.384365
2957 0.395070 0.892943
1865 4.723210 -0.005646
1419 -0.193817 2.252879
1328 -0.407072 2.946484
1991 0.393292 0.792120
704 -0.556713 4.521275
949 3.474791 0.196958
479 2.384081 0.192132
2319 0.456889 0.942119
1170 1.265357 0.457530
2850 -0.018394 2.144240
2982 0.513151 0.745824
1018 5.438244 0.086238
926 2.499058 0.239260
2709 -1.051257 6.147760
2705 -1.040082 6.148516
3008 0.662080 0.605384
1937 1.092798 0.337262
753 -0.580362 4.661674
609 0.110977 1.412619
484 2.141003 0.227417
1102 3.799631 0.151337
1846 5.290028 -0.020829
1696 3.368946 0.203454
1277 0.197784 1.274821
3116 5.646493 0.099032
1466 0.259915 1.080948
1092 4.336415 0.120810
3023 0.825536 0.520575
1088 4.586061 0.109768
2011 0.140510 1.100310
1507 0.529935 0.805038
264 1.261416 0.433809
1744 5.709454 0.068404
1740 5.493622 0.081136
1560 0.868460 0.559408
1360 -0.694576 4.098652
2312 0.455764 0.897863
91 6.386361 -0.043655
2423 -0.827554 5.179212
2996 0.571849 0.687246
2723 -1.055978 6.195480
1491 0.432391 0.885775
145 3.518415 0.083957
509 1.240485 0.362400
505 1.359996 0.340149
1853 5.295727 -0.022151
1854 5.084912 -0.009285
2384 -0.165202 2.386396
2028 -0.041618 1.516103
657 -0.309790 3.035172
1461 0.238360 1.117129
1317 -0.230909 2.387838
309 1.399472 0.332838
2335 0.356802 1.030472
1644 1.438847 0.351818
1510 0.531512 0.789417
2072 -0.463881 2.679431
2046 -0.263135 2.128454
1759 5.996932 0.041140
2451 -0.970728 5.940962
1611 1.225522 0.413251
1766 5.899446 0.032709
629 -0.050628 1.875670
786 -0.245267 2.933696
1721 4.727697 0.118708
1586 1.039543 0.487465
210 1.611828 0.362060
3164 6.819568 0.093637
1020 5.476254 0.086731
481 2.258286 0.209076
2161 0.071602 1.458730
2615 -1.095517 6.705329
2117 -0.234969 2.021886
1686 2.852842 0.237420
3045 1.275281 0.367601
1521 0.613855 0.723088
2001 0.253065 0.941771
1089 4.510333 0.113605
1403 -0.390530 2.804855
942 3.201394 0.224763
2016 0.123048 1.261533
574 0.396843 0.862850
3173 7.149087 0.113486
726 -0.644098 4.971297
1743 5.538771 0.075846
2445 -0.948125 5.884859
2687 -1.033418 6.106154
2878 0.165534 1.507872
254 1.255479 0.445738
1772 5.825684 0.036311
3030 0.902448 0.464881
1702 3.742409 0.171310
995 4.949598 0.112115
2532 -1.067640 6.479195
502 1.443490 0.327958
636 -0.106596 2.123827
854 0.525308 0.647425
3062 2.036486 0.280073
3149 6.572057 0.101273
521 0.984519 0.450521
1094 4.161713 0.124972
2976 0.482087 0.782188
648 -0.241446 2.639238
330 1.698022 0.296012
2487 -1.039970 6.296430
1433 -0.053652 1.812430
2129 -0.128665 1.757939
120 4.853709 -0.005950
2866 0.099868 1.751125
2694 -1.041849 6.097311
547 0.619161 0.625761
2515 -1.077425 6.527531
1557 0.859686 0.567473
1393 -0.479566 3.213915
1256 0.392413 0.928470
2229 0.416081 0.910739
2530 -1.112346 6.741755
2880 0.173964 1.482140
2147 0.000158 1.546128
2148 0.014539 1.512745
2606 -1.078305 6.567482
855 0.498590 0.648071
2946 0.373073 0.947436
1051 5.793083 0.068447
493 1.684815 0.258977
2599 -1.097562 6.640502
2759 -0.968605 5.749967
662 -0.334309 3.119512
1264 0.311240 1.049237
2983 0.511514 0.734922
1869 4.649894 -0.003150
2101 -0.383282 2.409022
876 0.792057 0.511444
1095 4.317571 0.143324
304 1.400627 0.323948
235 1.300035 0.432926
2121 -0.210340 1.855551
130 4.329924 0.003818
134 4.117874 0.024877
3153 6.719985 0.095248
1434 -0.049514 1.810230
1343 -0.574371 3.611024
2486 -1.071319 6.361154
2012 0.123051 1.199899
1647 1.481750 0.329386
1421 -0.195754 2.202795
465 3.557759 0.139037
2676 -1.046188 6.181171
2810 -0.450841 3.872529
1167 1.262338 0.455624
2444 -0.949591 5.773725
1623 1.290720 0.380428
1624 1.268884 0.387223
2404 -0.509788 3.729841
2458 -0.957217 5.974577
1509 0.520209 0.790689
1760 5.991555 0.052915
542 0.667724 0.591623
2196 0.239369 1.179959
2721 -1.071055 6.248764
3075 2.869488 0.191696
1718 4.582921 0.122197
1227 0.718784 0.706193
2528 -1.100308 6.634014
839 0.351976 0.803635
507 1.290672 0.366392
2393 -0.311864 2.916951
846 0.439716 0.700130
1021 5.527772 0.070582
1203 0.935026 0.602850
1440 0.010898 1.619816
3004 0.645575 0.629082
2381 -0.099527 2.243644
612 0.049818 1.495704
497 1.569716 0.310098
2376 -0.071686 2.095622
1315 -0.203357 2.370823
2292 0.507887 0.829064
2744 -1.014988 5.997123
1071 5.502251 0.083468
1098 4.101009 0.145926
2136 -0.070184 1.642093
590 0.246602 1.070529
2019 0.060517 1.292355
1653 1.628547 0.329943
323 1.565618 0.298481
2483 -1.051856 6.341208
2668 -1.050644 6.225700
2939 0.337978 0.994373
469 3.117557 0.176623
359 2.618712 0.268676
2785 -0.771315 5.068117
2675 -1.056409 6.251643
473 2.842869 0.158664
2425 -0.832961 5.260655
1198 0.990858 0.580206
1197 0.998827 0.564614
1378 -0.605357 3.679507
374 3.449845 0.171514
1969 0.636423 0.584359
1091 4.438763 0.112872
2849 -0.032880 2.181094
1946 0.892904 0.431454
1127 2.449024 0.219293
1236 0.617179 0.750871
2081 -0.471051 2.718194
1136 2.063868 0.267934
2093 -0.423368 2.563055
506 1.308378 0.345419
500 1.449078 0.287019
3100 4.753907 0.105763
859 0.595519 0.580500
1911 2.066717 0.156492
2023 -0.006268 1.453298
3122 5.971818 0.104617
1311 -0.158573 2.235948
2024 -0.012048 1.466811
1334 -0.471229 3.287092
3040 1.186133 0.393120
1084 4.785579 0.095113
2829 -0.241155 2.913651
338 1.845767 0.298805
3035 1.059871 0.428196
2936 0.329778 1.014875
350 2.173858 0.275287
1116 3.048559 0.191776
2497 -1.072753 6.465442
2311 0.464497 0.894942
376 3.491095 0.174119
247 1.257295 0.442853
1389 -0.526280 3.379742
363 2.723979 0.230427
2722 -1.023355 5.998360
2539 -1.106639 6.637733
615 0.038190 1.547147
3017 0.753672 0.570144
1000 5.092060 0.113433
1211 0.885448 0.614673
634 -0.119386 2.134086
2396 -0.349290 3.139224
2173 0.147805 1.341870
840 0.377550 0.755993
1902 2.560918 0.101223
3067 2.348095 0.231661
2941 0.335046 0.980867
1083 4.870710 0.083888
976 4.527063 0.124098
889 0.987812 0.416004
2026 -0.050098 1.494570
2563 -1.081640 6.487289
960 3.876085 0.173427
3137 6.413323 0.101768
1411 -0.273549 2.466731
117 5.089437 -0.016902
2645 -1.074152 6.412021
2003 0.206622 1.004002
2007 0.209827 1.015143
1063 5.795633 0.082951
1409 -0.284996 2.530262
2793 -0.687821 4.740245
572 0.399931 0.850942
1355 -0.676861 4.062521
2322 0.436789 0.944480
2079 -0.476575 2.753532
1748 5.840516 0.062907
591 0.247741 1.072011
1620 1.271958 0.382391
626 -0.041507 1.860674
2030 -0.083751 1.651774
3088 3.853016 0.151938
1253 0.445448 0.876681
2518 -1.115597 6.687618
2216 0.337840 1.032837
1943 0.976451 0.390797
2087 -0.465413 2.714032
2084 -0.469749 2.731734
2533 -1.105693 6.667692
823 0.160291 1.142532
1133 2.223902 0.240961
3000 0.606899 0.645787
1215 0.810310 0.645154
2177 0.158789 1.331249
600 0.168690 1.249523
1039 5.557997 0.070502
2765 -0.948136 5.716434
3118 5.755969 0.089630
2119 -0.226319 1.910185
1685 2.919031 0.220590
3046 1.342964 0.343035
3134 6.297204 0.098946
3141 6.409190 0.089700
1884 3.740602 0.016469
2125 -0.172085 1.845333
124 4.644794 -0.000051
2795 -0.674533 4.671821
1640 1.381659 0.355726
937 2.912122 0.238211
987 4.878294 0.112580
111 5.395976 -0.023586
560 0.486595 0.741853
2442 -0.947238 5.804773
1006 5.117017 0.108662
541 0.689351 0.552629
2516 -1.120270 6.723454
524 0.948491 0.463301
2088 -0.449597 2.602003
2710 -1.042573 6.104445
2150 0.008050 1.503062
1956 0.760680 0.497539
476 2.691857 0.187105
2143 -0.033154 1.572860
631 -0.064607 1.983636
3071 2.590678 0.213629
2772 -0.884482 5.371637
2170 0.129695 1.389996
1027 5.706242 0.056660
1112 3.263841 0.176654
2541 -1.082297 6.507501
2162 0.087419 1.442189
1478 0.353978 0.956182
1306 -0.098226 2.005803
1049 5.926017 0.069283
3128 6.372191 0.084341
2749 -0.977017 5.810974
3047 1.418310 0.359273
3139 6.550117 0.088715
716 -0.580764 4.645617
1065 5.499554 0.084212
1634 1.342418 0.364735
133 4.134111 0.018982
2060 -0.377666 2.467657
736 -0.656548 5.054323
1209 0.882384 0.616107
1361 -0.679531 4.039767
340 1.928543 0.283787
2047 -0.259340 2.145160
2681 -1.082125 6.341473
551 0.566761 0.660383
552 0.558143 0.684851
398 5.236818 0.107591
2273 0.522421 0.808617
2056 -0.374133 2.411131
251 1.248898 0.449970
2506 -1.097925 6.586347
1949 0.879804 0.441111
1622 1.306128 0.384221
3028 0.876688 0.475937
2948 0.347435 0.950824
2082 -0.466357 2.717631
2155 0.068461 1.477682
1482 0.361763 0.938102
1486 0.394322 0.928845
613 0.057042 1.565536
1822 5.736993 -0.017410
1927 1.385472 0.273401
833 0.261090 0.962158
2439 -0.953988 5.783635
1932 1.182704 0.320577
1357 -0.675533 4.067544
1697 3.500846 0.183903
1516 0.614894 0.743838
2583 -1.100080 6.595812
963 4.049529 0.146934
893 1.145533 0.391710
894 1.224001 0.377082
2966 0.428607 0.839706
1670 2.136099 0.263492
3131 6.143715 0.108375
1324 -0.348598 2.780886
1541 0.759544 0.643275
3084 3.586404 0.143681
578 0.369081 0.885815
356 2.409425 0.260355
2477 -1.027287 6.257457
2677 -1.056744 6.244364
564 0.469929 0.769522
2188 0.219612 1.265053
1293 0.058579 1.571717
644 -0.192585 2.460227
2748 -0.998443 5.909724
2274 0.530824 0.817296
651 -0.268671 2.847018
1601 1.154531 0.421589
1776 5.796226 0.023325
532 0.819389 0.519991
539 0.708657 0.559946
1840 5.496232 -0.015319
2219 0.367509 0.989157
2430 -0.868413 5.436016
1940 1.024061 0.369711
1704 3.735396 0.162735
1717 4.667792 0.133775
1570 0.938468 0.537383
2094 -0.429231 2.567137
2708 -1.056563 6.183258
780 -0.305961 3.144199
2553 -1.065191 6.457461
1857 4.914269 -0.023546
3077 2.990306 0.172359
3102 4.969450 0.097757
487 1.954296 0.220726
1059 5.863539 0.071567
186 2.061739 0.298624
770 -0.399895 3.676592
3129 6.328407 0.114604
877 0.824386 0.470888
114 5.346680 -0.011926
2133 -0.081712 1.684003
1407 -0.332375 2.640698
569 0.436037 0.813955
2333 0.397650 1.027044
1642 1.408302 0.367574
1358 -0.687298 4.097067
2321 0.425498 0.959103
258 1.231226 0.445602
2671 -1.035735 6.234437
2928 0.327506 1.064036
793 -0.174244 2.525696
1549 0.789688 0.618213
3031 0.952001 0.472825
2995 0.562734 0.685531
2187 0.193263 1.276711
2212 0.334011 1.075890
2434 -0.898445 5.485644
1951 0.834329 0.456963
1134 2.185562 0.266409
2777 -0.862657 5.341105
844 0.398521 0.740253
1732 5.171043 0.087297
2953 0.373537 0.916447
2766 -0.932537 5.681326
2575 -1.076744 6.494596
2378 -0.067189 2.067308
319 1.493595 0.320947
2105 -0.354001 2.308124
2632 -1.078291 6.551944
2002 0.252628 0.941370
642 -0.183760 2.420940
1455 0.147856 1.223083
586 0.291310 1.015266
3085 3.662636 0.132609
2332 0.364473 1.048328
1645 1.449719 0.344513
2400 -0.458162 3.494003
2401 -0.438503 3.409602
1515 0.587768 0.758354
1637 1.319538 0.376351
1444 0.024818 1.535647
2679 -1.041170 6.195138
3002 0.623727 0.639044
2317 0.447893 0.916790
688 -0.507022 4.160038
1220 0.773450 0.675755
396 5.184758 0.090698
177 2.261465 0.236651
1761 5.969649 0.047983
545 0.627200 0.620096
360 2.576171 0.222193
2513 -1.097916 6.630940
1808 5.678136 -0.016687
141 3.589029 0.052190
1573 0.944092 0.519077
2526 -1.139112 6.815632
216 1.530056 0.389727
1734 5.275202 0.096443
603 0.140139 1.303659
3106 5.159699 0.116092
2544 -1.073680 6.473655
2611 -1.068104 6.619306
617 0.038892 1.556546
1471 0.280531 1.027654
496 1.594391 0.289239
3024 0.843765 0.508842
1674 2.286824 0.251840
301 1.373067 0.334924
2350 0.217717 1.262245
2357 0.141861 1.506316
950 3.500666 0.201512
1401 -0.393260 2.825986
336 1.770847 0.292028
1350 -0.642667 3.889890
1883 3.988867 0.028330
132 4.103858 0.012997
138 3.763002 0.027993
1349 -0.643428 3.884920
322 1.546207 0.313636
128 4.336470 0.021038
2069 -0.456598 2.704835
3168 6.961568 0.098498
2806 -0.548480 4.258832
353 2.340491 0.271901
2328 0.417904 1.005845
2811 -0.473663 3.923818
341 1.860974 0.286652
2688 -1.051702 6.151990
2683 -1.046981 6.201073
2871 0.128094 1.625524
695 -0.522497 4.239065
2181 0.181361 1.300831
224 1.421682 0.406403
1496 0.447724 0.864648
3021 0.749193 0.546168
523 0.948969 0.439964
2711 -1.047475 6.108348
2714 -1.033161 6.059256
933 2.750421 0.237530
829 0.246912 1.018434
3013 0.698354 0.585961
2701 -1.050031 6.184385
787 -0.215183 2.727034
215 1.527506 0.382301
1931 1.218109 0.295685
845 0.430511 0.697559
1217 0.819976 0.643874
2543 -1.070058 6.441756
2613 -1.084335 6.591753
616 0.042765 1.591853
2115 -0.277523 2.040681
867 0.668926 0.557671
3148 6.532808 0.081803
2021 -0.003959 1.376872
2587 -1.072670 6.538082
871 0.716655 0.537723
1247 0.526581 0.819992
1797 5.938294 0.006466
1454 0.158216 1.253315
2346 0.269486 1.187536
131 4.209084 0.025738
2015 0.102433 1.203084
2903 0.292002 1.219582
580 0.337768 0.954617
354 2.323986 0.262053
2320 0.433552 0.944173
289 1.343138 0.369358
2678 -1.065071 6.293509
2926 0.331001 1.084489
1531 0.691256 0.681958
3171 7.143645 0.110209
1747 5.812691 0.044756
1298 -0.018112 1.739220
2441 -0.925240 5.703701
2682 -1.062365 6.236921
2300 0.501058 0.849807
240 1.261451 0.440948
248 1.247836 0.444207
3087 3.696003 0.146763
1785 5.994643 0.021695
2739 -1.030959 5.957348
1232 0.652131 0.735543
1630 1.296510 0.374237
1958 0.794476 0.491502
1485 0.370929 0.934868
2234 0.427112 0.893532
2410 -0.642527 4.293411
1584 1.036323 0.485572
2896 0.238827 1.276520
1859 5.008716 -0.024783
1351 -0.636158 3.879057
2548 -1.070157 6.446665
2160 0.064240 1.456548
2379 -0.088910 2.122479
2754 -0.984661 5.760918
77 6.628222 -0.043173
1316 -0.222750 2.414077
2295 0.502809 0.829619
2567 -1.089328 6.626392
962 3.990097 0.155896
969 4.244066 0.148293
2103 -0.364083 2.378793
2747 -1.007134 5.891067
1074 5.404546 0.096320
1099 3.967544 0.143586
2977 0.473568 0.779515
2356 0.172713 1.434887
2008 0.133357 1.131330
1268 0.262270 1.122470
1791 5.837115 0.010140
598 0.174515 1.203619
1547 0.780339 0.611235
1244 0.531678 0.812182
2123 -0.179057 1.900384
2126 -0.153379 1.773772
2905 0.304473 1.247333
86 6.451021 -0.036154
3157 6.684524 0.088437
2127 -0.138821 1.792246
2062 -0.395083 2.500522
2663 -1.074881 6.303984
2669 -1.064316 6.299795
576 0.348060 0.896802
3172 7.003313 0.087548
2034 -0.140739 1.676775
1366 -0.678875 3.998051
593 0.222748 1.125196
1628 1.328838 0.386199
1007 4.999557 0.097980
2305 0.471644 0.871326
2304 0.480611 0.855603
1619 1.279155 0.391302
2870 0.102409 1.687580
1768 5.742472 0.028012
546 0.642951 0.603075
2199 0.258124 1.183218
2201 0.258596 1.165586
160 2.813155 0.123063
2511 -1.086377 6.526875
2846 -0.051434 2.259793
530 0.859072 0.500193
2728 -1.045342 6.090172
3161 6.694861 0.085349
2538 -1.084568 6.564158
822 0.163961 1.239702
627 -0.040856 1.840402
785 -0.244822 2.886621
3005 0.638877 0.628892
1452 0.140777 1.276300
2609 -1.084904 6.557082
1739 5.456645 0.069815
3070 2.492474 0.237096
1207 0.935620 0.591388
744 -0.610872 4.716760
3060 1.920264 0.272370
3064 2.141119 0.242194
3114 5.554506 0.093514
2570 -1.071328 6.485758
2372 -0.016969 1.930486
970 4.134653 0.135014
1916 1.819080 0.195042
2750 -0.999013 5.857940
3056 1.789482 0.315080
1463 0.224523 1.109158
1332 -0.434914 3.067629
1863 4.903160 -0.009289
1963 0.698467 0.545593
1675 2.333524 0.257027
2135 -0.080408 1.667035
1402 -0.382427 2.886731
335 1.807231 0.301898
333 1.740580 0.281938
584 0.301254 0.985918
3082 3.253370 0.169328
1597 1.143544 0.418222
2805 -0.538412 4.218833
2406 -0.532628 3.787906
737 -0.649507 4.970367
357 2.496563 0.242460
1113 3.151361 0.166989
110 5.334318 -0.021732
2925 0.333661 1.072592
563 0.450347 0.782049
1741 5.478859 0.071063
1789 5.664912 0.008160
2919 0.326373 1.125064
2189 0.213593 1.253109
2302 0.495724 0.847344
2276 0.534157 0.800788
2877 0.165203 1.521711
3042 1.266925 0.380065
369 3.009643 0.221214
2517 -1.078878 6.474619
1608 1.201679 0.429922
809 0.000083 1.713417
1154 1.520186 0.386489
1554 0.843798 0.585755
2997 0.607394 0.666114
2186 0.190933 1.277815
2505 -1.079619 6.442671
811 0.052215 1.634311
813 0.064808 1.548341
1705 3.831379 0.165190
3022 0.814423 0.533489
3020 0.765190 0.555170
526 0.883337 0.453454
2949 0.357080 0.957214
2716 -1.068438 6.199481
2159 0.073305 1.457638
828 0.245269 1.018087
622 -0.005693 1.744535
624 -0.040104 1.801055
2098 -0.410561 2.471082
834 0.278895 0.918161
1726 4.974708 0.119398
1593 1.082312 0.456716
1219 0.787652 0.661708
2066 -0.430930 2.597829
1900 2.742432 0.098221
2912 0.316490 1.157808
1690 3.122652 0.212206
618 0.022853 1.604689
494 1.679182 0.269230
1870 4.481087 0.007228
1041 5.698945 0.072118
1682 2.694525 0.243462
1687 2.903230 0.225576
528 0.868462 0.489092
2740 -1.026874 6.011091
1096 4.004615 0.125933
1668 2.016200 0.272773
596 0.192943 1.181483
2822 -0.307326 3.182254
646 -0.218411 2.543901
2065 -0.432344 2.612760
2650 -1.043511 6.281723
2018 0.050896 1.281959
1657 1.692230 0.321389
3080 3.228212 0.169512
945 3.242929 0.211102
2818 -0.340428 3.357909
1446 0.081745 1.438319
2492 -1.046900 6.338960
2496 -1.026647 6.212808
2929 0.324047 1.066481
709 -0.559700 4.468001
562 0.493760 0.739654
343 1.876762 0.285011
291 1.333131 0.363226
1627 1.294276 0.374442
2862 0.074943 1.803492
556 0.550527 0.674850
550 0.593806 0.653766
1379 -0.604094 3.774373
454 4.655709 0.083028
173 2.414888 0.213433
654 -0.297296 2.922638
2699 -1.047299 6.163288
540 0.729050 0.563440
2731 -1.032803 6.006618
1397 -0.439065 3.010626
1494 0.441261 0.885154
2534 -1.109306 6.654801
2718 -1.034298 6.051993
2154 0.032460 1.499440
2157 0.056799 1.465073
932 2.711489 0.236524
2092 -0.430389 2.537754
1920 1.611811 0.216296
635 -0.102260 2.110457
1107 3.500583 0.149819
1105 3.533718 0.153654
2773 -0.866816 5.366131
1736 5.342169 0.091926
480 2.296365 0.210273
3063 2.098026 0.269330
3061 2.030572 0.268028
711 -0.555024 4.459303
2113 -0.303332 2.112476
2628 -1.065308 6.558807
1913 1.954682 0.168917
1042 5.691992 0.045402
2569 -1.059807 6.410575
1031 5.599118 0.062624
1259 0.374617 0.951935
3059 1.916157 0.274884
2359 0.111401 1.506442
2134 -0.081815 1.642466
599 0.188271 1.224834
3094 4.198249 0.117304
1881 4.017190 0.021952
705 -0.531686 4.342105
324 1.544507 0.304655
2330 0.420009 0.997738
2242 0.480949 0.837604
125 4.545623 -0.012501
126 4.379033 -0.003769
2938 0.332833 1.017140
2804 -0.550806 4.221818
352 2.258205 0.256410
1294 0.058156 1.605043
1165 1.290225 0.424309
1168 1.290243 0.431225
1568 0.903923 0.550819
295 1.323914 0.347014
1281 0.174754 1.315611
2301 0.498562 0.844759
2306 0.477243 0.874654
1762 5.862774 0.039898
1767 5.765435 0.019299
1548 0.790489 0.615272
250 1.256882 0.434143
167 2.617968 0.176705
2519 -1.108280 6.645331
2510 -1.103115 6.583171
2734 -1.026859 5.950631
2994 0.585189 0.661480
3036 1.052546 0.406584
2503 -1.091352 6.538266
1497 0.461454 0.856114
2715 -1.051111 6.089144
2153 0.024110 1.487015
2415 -0.669559 4.494132
2097 -0.394556 2.490822
956 3.686091 0.182791
2390 -0.254264 2.706964
2951 0.369552 0.915106
1037 5.628097 0.070844
1213 0.840679 0.635251
1204 0.920833 0.599331
1115 3.105913 0.171525
1456 0.155165 1.260963
2761 -0.937846 5.546157
1300 -0.008343 1.758134
2110 -0.301527 2.193809
880 0.884250 0.464283
74 6.807960 -0.026448
1314 -0.169038 2.321253
2027 -0.037382 1.509868
2102 -0.363843 2.403713
3041 1.251312 0.396998
1077 5.100227 0.089797
1533 0.697924 0.672480
1258 0.395170 0.943214
1796 5.803974 -0.004278
2821 -0.338393 3.308380
2013 0.127647 1.156096
1643 1.423807 0.355074
1425 -0.142045 2.043255
1424 -0.158801 2.095547
2405 -0.543664 3.934016
936 2.980814 0.228315
269 1.265970 0.418984
1187 1.069358 0.506096
794 -0.152708 2.452599
1365 -0.654546 3.886684
294 1.334560 0.363001
2684 -1.018896 6.035907
1372 -0.656733 3.910155
378 3.606371 0.156097
1618 1.267165 0.378656
1147 1.717071 0.296017
769 -0.421966 3.762077
366 2.920963 0.222352
2202 0.261712 1.167709
2735 -1.006543 5.932271
803 -0.048108 1.975432
1777 5.926360 0.031944
1770 5.794786 0.037422
537 0.736288 0.553221
1399 -0.409258 2.928091
1420 -0.171736 2.183851
2214 0.322233 1.058707
817 0.091775 1.366335
2851 -0.014196 2.106117
1129 2.339414 0.227825
3027 0.876152 0.495707
2151 0.021785 1.498648
2417 -0.713714 4.574431
3011 0.701856 0.584892
2145 -0.009137 1.566832
638 -0.148704 2.249970
2898 0.290409 1.248748
2137 -0.057370 1.616169
2559 -1.047738 6.330916
2392 -0.292667 2.850254
1730 5.060218 0.093458
1036 5.626300 0.062586
633 -0.097846 2.045475
2387 -0.231426 2.563916
2768 -0.897768 5.523942
1470 0.302387 1.007196
2286 0.499497 0.827395
2597 -1.079586 6.608847
1080 4.877789 0.098753
865 0.647192 0.575415
2364 0.066638 1.605933
2104 -0.368752 2.334051
714 -0.568730 4.544092
1061 5.661719 0.079754
595 0.221445 1.170565
1889 3.362411 0.063842
137 3.835715 0.036983
3034 0.971968 0.433832
1654 1.559613 0.312609
1033 5.519638 0.070215
2325 0.433085 0.990666
2471 -1.004732 6.080148
981 4.529008 0.126656
2310 0.468734 0.884856
2146 -0.000172 1.536282
109 5.441278 -0.023844
395 4.862844 0.103833
1971 0.611047 0.580348
1763 5.841918 0.041061
368 3.022694 0.210458
2205 0.278966 1.134012
2732 -1.004843 5.946823
1816 5.636622 -0.015213
1093 4.143323 0.114648
2435 -0.894695 5.537845
1499 0.469519 0.843426
1709 4.051077 0.170525
1996 0.308172 0.874350
558 0.514142 0.731221
2080 -0.478451 2.721843
2142 -0.020729 1.569370
2411 -0.629779 4.281968
1928 1.355778 0.287060
835 0.322455 0.845056
508 1.247141 0.358107
3108 5.220186 0.104711
1449 0.107803 1.342749
1844 5.437789 -0.028685
740 -0.609323 4.842919
1473 0.305049 0.983975
2029 -0.086522 1.609178
2974 0.482311 0.778678
1040 5.686181 0.060722
2984 0.519161 0.719277
2360 0.108875 1.549555
965 4.051916 0.154547
870 0.711412 0.525043
891 1.107174 0.402422
1248 0.497878 0.819085
2960 0.409180 0.892132
2978 0.504879 0.765195
3054 1.708543 0.300618
2130 -0.108913 1.742959
2915 0.331519 1.142261
1662 1.833698 0.300536
1545 0.758975 0.632678
3098 4.700572 0.119154
183 2.183306 0.266413
1430 -0.083225 1.877025
1506 0.511577 0.819603
2334 0.361220 1.019629
1995 0.347654 0.845276
2662 -1.017100 6.071150
1396 -0.472974 3.117171
283 1.358249 0.381089
2495 -1.034077 6.326048
2470 -1.010534 6.110793
721 -0.612200 4.778487
640 -0.187211 2.384625
797 -0.134195 2.312030
1201 0.947936 0.591728
1362 -0.688569 3.970813
293 1.332393 0.347715
1625 1.293416 0.378701
1629 1.319589 0.377583
2863 0.062239 1.794881
1172 1.228446 0.468264
1242 0.575246 0.781372
399 5.208286 0.089134
2450 -0.946739 5.775251
2875 0.154711 1.565374
1140 1.906698 0.289782
690 -0.512481 4.063521
2429 -0.846627 5.255954
2331 0.406780 1.003115
2184 0.208776 1.278850
2210 0.293110 1.119866
2437 -0.895107 5.541168
2508 -1.061952 6.459589
1952 0.837492 0.450565
3019 0.782715 0.537491
2886 0.213238 1.367065
929 2.564415 0.242793
2520 -1.071913 6.528831
2706 -1.012765 5.949218
1737 5.228389 0.086083
754 -0.561063 4.466120
758 -0.506971 4.227392
1445 0.054036 1.485690
2540 -1.086445 6.554775
2389 -0.244292 2.597946
743 -0.619853 4.864515
2947 0.354675 0.957604
1698 3.532296 0.187982
2285 0.495724 0.820253
2577 -1.056894 6.408749
971 4.328855 0.132981
2623 -1.049537 6.415458
1684 2.757603 0.231099
529 0.857981 0.487669
2294 0.487813 0.832163
2366 0.052080 1.656687
2106 -0.338481 2.282628
896 1.256907 0.346006
765 -0.450805 3.923217
1672 2.218381 0.266491
3133 6.352751 0.094386
1539 0.731021 0.657689
2067 -0.446976 2.628876
1260 0.366489 0.977925
326 1.633492 0.314140
2937 0.344795 0.981937
729 -0.618930 4.857862
2323 0.421533 0.957094
2499 -1.076079 6.498665
2074 -0.441676 2.639177
1388 -0.522291 3.389971
2922 0.331901 1.106941
1980 0.506886 0.704329
2814 -0.399437 3.585569
3178 7.233051 0.097502
1183 1.086226 0.529442
472 2.924388 0.204146
515 1.071375 0.407985
1373 -0.670210 3.906357
400 5.252862 0.097649
390 4.447662 0.110334
2454 -0.985808 6.024724
170 2.496271 0.216665
2697 -1.056415 6.209784
1968 0.654867 0.580212
1769 5.665726 0.028195
696 -0.513513 4.191223
380 3.966727 0.140391
168 2.519344 0.203156
1607 1.199189 0.424772
1152 1.564976 0.356327
812 0.058366 1.564312
1120 2.805115 0.197134
434 6.045032 0.079680
471 3.004722 0.171252
1950 0.876758 0.463535
2419 -0.775105 4.971175
2418 -0.747559 4.829143
2529 -1.098314 6.702159
2414 -0.652385 4.488877
1588 1.033776 0.473791
1577 0.985063 0.495003
911 1.801011 0.313483
1022 5.276865 0.067145
463 3.712880 0.144985
1567 0.888780 0.563740
902 1.405116 0.320145
2165 0.095546 1.406028
2618 -1.076064 6.526689
1054 5.820803 0.064077
885 0.933860 0.434282
888 1.032255 0.420732
317 1.473137 0.321883
630 -0.064083 1.950999
1861 4.899270 0.003481
964 4.085387 0.144585
890 1.096856 0.388382
3132 6.275147 0.094312
2979 0.510376 0.758927
988 4.669341 0.110717
2646 -1.057809 6.360207
2004 0.224620 0.968318
1408 -0.322517 2.588261
1462 0.239340 1.112222
2122 -0.178131 1.848292
2654 -1.028080 6.164696
1501 0.501944 0.813923
327 1.625777 0.300532
2068 -0.465919 2.685309
728 -0.641177 5.002342
570 0.416936 0.821078
608 0.096556 1.394536
1790 5.801041 0.007895
2921 0.323301 1.106254
2040 -0.212278 1.901286
1174 1.179590 0.461003
1171 1.252986 0.463275
244 1.245044 0.435410
179 2.149499 0.258566
2054 -0.369732 2.411366
655 -0.291892 2.857565
2698 -1.044560 6.221585
1964 0.686630 0.537093
1765 5.914117 0.020672
1385 -0.575231 3.593769
384 4.287480 0.126781
385 4.232495 0.140819
222 1.410901 0.404620
153 3.139450 0.096187
2857 0.034324 1.898603
1490 0.410019 0.897166
1162 1.373484 0.416160
821 0.156868 1.288415
1715 4.322988 0.129620
628 -0.038117 1.861537
2231 0.412172 0.901564
1923 1.495012 0.237900
2895 0.260905 1.294516
1104 3.515450 0.139698
1450 0.076957 1.393017
1108 3.294665 0.141955
959 3.792078 0.166861
2397 -0.365037 3.141319
750 -0.549250 4.448770
3074 2.885813 0.193218
604 0.158028 1.305333
1055 5.610386 0.068754
3110 5.391521 0.083285
1475 0.317478 0.997724
2755 -0.977214 5.769772
1680 2.635699 0.239537
1269 0.275868 1.145756
664 -0.368348 3.376649
311 1.401172 0.321987
2299 0.481870 0.857525
2291 0.512940 0.832849
2630 -1.071399 6.504571
878 0.812782 0.492378
873 0.733946 0.525319
2039 -0.183834 1.885676
1254 0.444886 0.873713
2006 0.180574 0.991394
1793 5.816579 -0.004975
1265 0.308500 1.038574
1087 4.681955 0.107912
3152 6.539142 0.088260
2831 -0.206209 2.807659
1342 -0.560758 3.507228
2488 -1.024882 6.197887
2798 -0.653538 4.642876
2660 -1.030266 6.174082
1519 0.605245 0.740448
1513 0.569144 0.763268
2923 0.334354 1.089725
1987 0.454074 0.729962
1297 0.018589 1.645947
2443 -0.961613 5.871273
1192 1.021718 0.559986
375 3.564070 0.185508
367 2.966093 0.215605
364 2.905170 0.231673
388 4.523375 0.121169
2733 -1.014509 5.943468
1555 0.832631 0.614592
2213 0.330208 1.040063
2859 0.050942 1.867323
1493 0.433520 0.901071
1233 0.655045 0.713663
230 1.339908 0.419364
142 3.515069 0.067743
1833 5.449742 -0.026824
1959 0.770513 0.506313
826 0.200599 1.092881
1710 3.975516 0.158201
1270 0.249721 1.164912
3051 1.572870 0.336633
3010 0.698129 0.573844
2889 0.240199 1.348728
1821 5.586407 -0.019443
924 2.407100 0.257483
2149 0.039062 1.528516
783 -0.272099 2.965653
2551 -1.064556 6.436043
2771 -0.918018 5.541249
2600 -1.076439 6.548724
2601 -1.052831 6.434541
2603 -1.068206 6.500710
1025 5.423332 0.056517
3101 4.629212 0.117848
1565 0.868684 0.568355
1906 2.333787 0.123045
1056 5.762540 0.058646
1699 3.587301 0.184933
2373 -0.023244 1.970517
2625 -1.051193 6.406464
863 0.581858 0.592812
3144 6.403062 0.091249
3053 1.634499 0.315798
3125 6.084033 0.085636
2460 -0.972913 5.897245
2290 0.504186 0.837894
2562 -1.053657 6.389386
2109 -0.307975 2.163294
897 1.307106 0.360330
641 -0.159622 2.333661
1410 -0.280322 2.480696
1415 -0.265364 2.371242
1897 2.926373 0.090678
953 3.576391 0.202619
665 -0.375900 3.303116
713 -0.569205 4.505104
1542 0.747973 0.641896
1352 -0.625884 3.859399
2340 0.342662 1.087917
656 -0.306515 2.981284
2794 -0.697140 4.734929
722 -0.594903 4.764483
1562 0.871655 0.561332
2077 -0.455429 2.672603
1169 1.260545 0.454375
3155 6.585796 0.096806
1439 -0.005580 1.639731
1615 1.238008 0.407908
806 -0.011630 1.870480
2992 0.563605 0.673355
220 1.457861 0.385899
2987 0.536553 0.715978
1019 5.345039 0.071296
2944 0.361441 0.955570
820 0.139469 1.316137
1008 5.187080 0.087644
2095 -0.413629 2.564306
832 0.248126 0.938243
2438 -0.890693 5.534422
1038 5.674457 0.060594
2172 0.134013 1.370245
632 -0.093361 1.968301
1448 0.082154 1.385654
2762 -0.929128 5.560513
1903 2.525524 0.118963
852 0.489201 0.640798
3066 2.225529 0.256045
2970 0.460369 0.805451
3052 1.606606 0.325535
669 -0.418197 3.540244
2368 0.053931 1.724565
2100 -0.372767 2.419071
2986 0.540212 0.697652
3096 4.285465 0.121274
1417 -0.227425 2.302201
307 1.385677 0.318690
1887 3.699380 0.042042
1650 1.500606 0.336830
2833 -0.164608 2.673742
2830 -0.235571 2.895653
1348 -0.603382 3.722924
320 1.501049 0.311323
1590 1.073273 0.461689
1646 1.453395 0.328506
284 1.322393 0.384559
253 1.249074 0.455818
1164 1.346186 0.430923
1563 0.885606 0.559950
277 1.313156 0.399212
1377 -0.635393 3.821434
393 4.756693 0.106676
243 1.253915 0.448074
2457 -0.971161 5.905527
2452 -0.942912 5.819908
1145 1.749176 0.299102
2428 -0.841915 5.329703
1553 0.839632 0.580323
2993 0.585938 0.680618
1395 -0.457203 3.087236
226 1.398059 0.411281
1126 2.449039 0.223205
522 0.972107 0.448758
1239 0.582294 0.778580
2481 -1.019114 6.107390
2227 0.385357 0.943983
2537 -1.082462 6.494134
3016 0.732948 0.546353
1009 5.096056 0.082775
2524 -1.081912 6.598957
2523 -1.071410 6.496045
2791 -0.742761 4.842129
2702 -1.011575 5.911860
2891 0.240982 1.335820
2391 -0.285289 2.814278
2779 -0.807352 5.154539
2385 -0.182523 2.402569
2767 -0.914683 5.469936
1271 0.249829 1.153805
2596 -1.109722 6.764256
1872 4.446998 -0.009992
2111 -0.282451 2.150319
188 2.020911 0.303247
2114 -0.284547 2.082101
2975 0.466934 0.782182
2751 -0.969619 5.776485
2568 -1.048292 6.272957
2588 -1.091469 6.521276
966 4.035979 0.139119
2631 -1.017350 6.268357
892 1.133162 0.380867
1414 -0.261309 2.419524
1321 -0.292076 2.658574
957 3.665758 0.151833
1086 4.545727 0.099419
1631 1.289662 0.379285
946 3.277846 0.205822
703 -0.539895 4.307968
328 1.667056 0.308471
2482 -1.018974 6.188027
1518 0.605306 0.727682
2461 -1.000821 6.069731
1427 -0.124496 1.964944
2407 -0.538075 3.871478
2070 -0.447899 2.621200
2907 0.319801 1.160290
1182 1.130114 0.504280
342 1.932567 0.296476
270 1.302908 0.416150
272 1.274140 0.406288
1757 5.787831 0.039976
2036 -0.176697 1.822667
2879 0.183226 1.461242
415 6.055695 0.063390
2422 -0.776418 4.992164
1775 5.848694 0.015159
3038 1.076534 0.415788
2180 0.169831 1.314982
2501 -1.039526 6.271126
1123 2.608558 0.198194
1124 2.663260 0.222697
1238 0.608231 0.759420
2466 -0.991422 6.059618
2223 0.383644 0.951616
3090 4.069695 0.124914
3012 0.691373 0.585650
205 1.682588 0.348442
1829 5.518547 -0.034697
1825 5.680481 -0.033629
468 3.200397 0.141267
503 1.359605 0.319162
1374 -0.626557 3.788169
1218 0.800579 0.642459
2897 0.267100 1.270034
2555 -1.058789 6.401663
2175 0.160179 1.336560
516 1.045132 0.397303
2542 -1.072398 6.471738
2382 -0.134404 2.260500
909 1.706363 0.289451
857 0.560288 0.619687
1477 0.345686 0.965578
2594 -1.087098 6.531592
2116 -0.247846 2.015852
1048 5.744189 0.050501
663 -0.370505 3.292560
2757 -0.938804 5.605696
1866 4.767464 -0.011019
968 4.115720 0.133746
2107 -0.349303 2.254127
2037 -0.161876 1.815534
1673 2.206758 0.254330
1413 -0.264847 2.421983
1322 -0.299293 2.670649
1326 -0.399316 2.954513
1522 0.638662 0.721098
2641 -1.044029 6.331729
1538 0.729752 0.657370
139 3.658955 0.041282
182 2.181693 0.254998
2902 0.302383 1.231835
1436 -0.025180 1.712250
2338 0.330563 1.074391
2339 0.332846 1.084345
127 4.298031 -0.003623
1188 1.051061 0.548694
1367 -0.667407 3.944776
470 3.108807 0.170628
1200 0.971817 0.581183
625 -0.042634 1.788236
249 1.246799 0.443337
3081 3.157616 0.158476
2693 -1.012875 6.014924
2969 0.464508 0.801056
381 3.984300 0.137075
2195 0.225439 1.229965
2427 -0.835755 5.214102
801 -0.079123 2.050032
800 -0.089464 2.089018
1551 0.808055 0.612225
533 0.810320 0.520113
2988 0.544598 0.708412
3025 0.825680 0.514235
1017 5.299710 0.061934
2864 0.084027 1.809464
233 1.303670 0.432966
798 -0.117863 2.193169
3018 0.746006 0.567372
1002 4.913298 0.096476
1222 0.746993 0.677148
998 4.951699 0.117859
2096 -0.401280 2.538486
3009 0.665645 0.613246
1582 0.999510 0.486212
217 1.494503 0.390556
2774 -0.909088 5.541827
841 0.366170 0.756376
759 -0.504880 4.199044
606 0.119212 1.327624
3104 5.014365 0.123241
2386 -0.189273 2.445043
2616 -1.065100 6.513351
745 -0.583889 4.678120
2940 0.339135 0.990757
1694 3.182276 0.191598
614 0.053415 1.521696
710 -0.562640 4.528183
1472 0.308147 0.987329
866 0.658748 0.568892
2752 -0.966792 5.721723
775 -0.353399 3.300962
1460 0.199853 1.155766
1313 -0.197046 2.270823
961 3.902163 0.150692
2351 0.174215 1.370229
2355 0.153441 1.401915
955 3.572216 0.177624
1794 5.782096 0.001868
1661 1.795950 0.304630
1660 1.778414 0.295410
594 0.218689 1.162651
1336 -0.486517 3.324950
1540 0.752412 0.645360
1886 3.813698 0.046680
940 2.964464 0.226200
2955 0.383904 0.921819
991 4.859769 0.111485
2661 -1.014167 6.060515
2935 0.336375 1.018061
1514 0.572696 0.760899
266 1.265515 0.434132
1746 5.426944 0.075104
1299 -0.012413 1.766852
474 2.792032 0.193127
738 -0.641595 4.995103
2041 -0.194928 1.894492
1176 1.158285 0.501263
687 -0.495168 4.053858
652 -0.274665 2.789730
1764 5.923201 0.034078
362 2.731071 0.232990
2203 0.270054 1.148515
166 2.618585 0.175963
161 2.806046 0.168211
152 3.155009 0.101037
155 3.053519 0.090179
525 0.917129 0.439302
2531 -1.094382 6.629094
799 -0.109975 2.200085
519 1.016631 0.437641
1221 0.745924 0.663216
1922 1.546053 0.240795
1924 1.451239 0.221219
1926 1.393566 0.274975
831 0.246507 0.961399
213 1.563706 0.375987
2557 -1.038207 6.300082
2558 -1.049219 6.319327
1735 5.307622 0.098569
3103 4.969919 0.111215
486 2.030709 0.232363
199 1.804328 0.332542
851 0.462846 0.671463
3065 2.083056 0.246847
1309 -0.104039 2.105241
2283 0.501971 0.813098
2571 -1.035506 6.308706
882 0.921773 0.450328
778 -0.315881 3.244706
1043 5.893627 0.065652
1044 5.597270 0.060243
1681 2.667240 0.242494
1688 3.028761 0.208728
1780 5.619905 0.019348
3135 6.513552 0.089768
1323 -0.332762 2.719431
2000 0.265650 0.907861
1066 5.490083 0.075316
2061 -0.425325 2.506465
589 0.251565 1.092780
2836 -0.135682 2.545815
1346 -0.580234 3.591955
766 -0.443335 3.901338
2787 -0.774434 4.964096
2078 -0.469635 2.681661
724 -0.631710 4.867706
273 1.282913 0.413816
2269 0.517488 0.813963
2260 0.508819 0.832614
2038 -0.198525 1.827305
2689 -1.015706 6.007170
1754 5.653615 0.048647
685 -0.492342 4.017054
2031 -0.089123 1.593461
371 3.215592 0.224714
1788 5.747158 0.023914
1383 -0.588050 3.655500
2514 -1.098627 6.604339
2738 -1.026908 5.995056
1941 0.995569 0.389036
1945 0.937528 0.403221
1235 0.602016 0.769926
993 4.767404 0.103225
2220 0.377411 0.969069
143 3.492676 0.043397
2468 -1.025777 6.153572
928 2.499598 0.261430
2091 -0.421440 2.569243
830 0.263854 0.976271
2890 0.253055 1.337636
2176 0.162108 1.335980
848 0.428469 0.698917
1596 1.134873 0.447187
1599 1.193097 0.446437
1034 5.592472 0.067093
1202 0.938858 0.609267
488 1.962252 0.248462
482 2.206276 0.210147
1451 0.114021 1.286594
1909 2.174180 0.135594
1695 3.254580 0.193064
774 -0.339612 3.347850
667 -0.402224 3.455171
1319 -0.286384 2.528214
310 1.435543 0.329866
2363 0.093376 1.618763
1327 -0.397723 2.916587
2647 -1.045557 6.392341
2009 0.154293 1.073756
717 -0.572020 4.580993
660 -0.322369 3.075757
2828 -0.240097 2.968660
1338 -0.524309 3.383150
2010 0.138933 1.104325
2469 -0.983489 6.009141
2664 -1.033256 6.189122
3165 6.661223 0.090426
734 -0.618939 4.927594
1356 -0.663097 3.908303
358 2.474993 0.259367
3107 5.088202 0.102679
2475 -0.998858 6.049766
982 4.609456 0.122039
986 4.665518 0.116637
2784 -0.796678 5.086428
2673 -1.040513 6.204810
2813 -0.430883 3.788460
279 1.299154 0.408934
379 3.842603 0.152248
372 3.250336 0.184546
2308 0.463654 0.862085
2053 -0.339603 2.279975
2690 -1.014080 6.059115
1606 1.203421 0.421887
2873 0.124546 1.605377
2190 0.206311 1.247726
165 2.656314 0.197001
1819 5.767514 -0.013238
1156 1.434794 0.370560
1558 0.857592 0.560853
2855 0.018694 1.969998
1700 3.572661 0.169280
3015 0.743360 0.551048
621 -0.007167 1.675418
2883 0.200512 1.452164
2885 0.186690 1.388719
1921 1.508930 0.221665
1724 4.790209 0.130730
1858 4.931196 -0.016770
601 0.156594 1.271388
198 1.824619 0.335378
2545 -1.086978 6.504717
1303 -0.053475 1.859959
185 2.074494 0.270309
1465 0.270475 1.058451
315 1.420803 0.330851
2020 0.042677 1.258486
2565 -1.044434 6.226837
2362 0.089506 1.561058
2585 -1.061571 6.463570
2584 -1.068332 6.430241
2581 -1.052406 6.477153
3091 4.079139 0.117042
2962 0.433578 0.865005
647 -0.238486 2.662022
3058 1.820183 0.302006
1635 1.340670 0.367155
653 -0.281456 2.863057
2349 0.239840 1.259709
701 -0.536630 4.280365
517 1.040097 0.432522
1428 -0.094259 1.922891
287 1.330979 0.376794
262 1.264697 0.435537
1185 1.113893 0.523629
1368 -0.641627 3.887278
2447 -0.932301 5.764559
2835 -0.142771 2.602355
2741 -0.973796 5.757852
394 4.805306 0.105848
2696 -1.041441 6.112807
2691 -1.046219 6.142635
1382 -0.597213 3.721853
1292 0.058923 1.541113
2192 0.228564 1.195007
2424 -0.813267 5.138710
1495 0.435695 0.886334
1708 4.072659 0.153302
238 1.272521 0.438246
237 1.310425 0.438122
2156 0.028340 1.503490
203 1.675947 0.347908
209 1.636186 0.364752
1571 0.940839 0.542668
683 -0.508490 4.036980
1826 5.670342 -0.002074
2144 -0.021270 1.565533
1585 1.029000 0.480644
1376 -0.625503 3.763682
2959 0.414437 0.885985
2168 0.120040 1.391901
2617 -1.071466 6.502200
668 -0.398198 3.449254
1261 0.329178 1.000192
661 -0.328592 3.096087
1312 -0.171284 2.209657
1330 -0.402496 2.914128
2297 0.500907 0.840115
1782 5.675460 0.026137
3138 6.066723 0.092844
1251 0.461382 0.847126
2131 -0.115884 1.707913
2911 0.326510 1.164935
2124 -0.176291 1.809341
2014 0.092800 1.182595
1437 -0.006554 1.742113
329 1.659169 0.299736
2485 -1.032820 6.221930
2666 -1.053728 6.270838
2932 0.331841 1.040742
2408 -0.587560 4.007602
1004 5.056425 0.096524
1291 0.063067 1.541798
299 1.375712 0.339517
275 1.304930 0.411949
1755 5.710690 0.058186
377 3.575077 0.184818
2309 0.484114 0.867279
1246 0.515464 0.807298
1610 1.204144 0.408391
382 4.168743 0.153280
2198 0.253254 1.166729
1811 5.557080 -0.011643
1604 1.179144 0.422066
221 1.443652 0.402899
1944 0.956168 0.405746
1703 3.673975 0.162609
1707 3.960169 0.147541
432 6.093679 0.061606
2089 -0.427284 2.587148
2717 -1.019582 6.015132
405 5.512998 0.093829
1024 5.442521 0.078415
856 0.549362 0.598624
748 -0.588658 4.698938
3111 5.427916 0.093023
1304 -0.061516 1.954551
2284 0.509664 0.817040
1915 1.873404 0.171460
189 2.005927 0.292848
3095 4.446644 0.108236
1337 -0.515034 3.404392
1612 1.229771 0.396800
2639 -1.056914 6.445068
2494 -1.031547 6.219940
917 2.081505 0.278138
2128 -0.154845 1.758457
943 3.049466 0.209581
2653 -1.061431 6.307610
583 0.304769 0.991313
2832 -0.171323 2.772209
1505 0.504073 0.820353
2484 -1.021500 6.211746
2464 -0.984915 6.054718
1997 0.339709 0.885027
602 0.126517 1.289468
2327 0.406831 0.993977
989 4.717668 0.122842
2924 0.316509 1.104693
2313 0.458001 0.910622
2440 -0.899794 5.614869
2686 -1.030448 6.039846
1990 0.380945 0.803356
557 0.513142 0.717697
1175 1.184606 0.474063
2303 0.479203 0.851524
2459 -0.974850 5.912867
1972 0.632705 0.591673
692 -0.505373 4.078413
1387 -0.541079 3.427928
255 1.249426 0.445536
2208 0.289472 1.120105
1090 4.508359 0.125189
671 -0.414569 3.559418
1976 0.544665 0.653443
2724 -1.043037 6.102181
2720 -1.028683 5.986386
554 0.534397 0.693851
231 1.306834 0.420623
2226 0.374475 0.929824
146 3.380312 0.072232
1132 2.280650 0.243628
511 1.176859 0.361642
1572 0.929679 0.527627
228 1.369002 0.423178
2521 -1.082405 6.512264
925 2.488280 0.252494
836 0.334822 0.846484
1727 4.862494 0.093174
1103 3.656191 0.134795
211 1.603877 0.381594
2775 -0.886100 5.472208
914 1.946089 0.300143
1936 1.075750 0.341629
1426 -0.140836 2.060536
906 1.606678 0.322491
1901 2.582665 0.097423
1879 4.267904 0.005947
2621 -1.046500 6.414421
868 0.670088 0.563691
777 -0.326167 3.224478
2365 0.072622 1.651065
1860 5.005339 -0.013085
1616 1.249851 0.398232
761 -0.472877 4.068504
2968 0.445572 0.822954
1671 2.210322 0.267391
1418 -0.222356 2.269205
1329 -0.414725 2.994318
1892 3.152317 0.048355
952 3.513228 0.188054
1143 1.834271 0.296449
1543 0.763356 0.634398
941 3.133101 0.222543
1431 -0.075538 1.897348
1347 -0.594032 3.732737
3073 2.643388 0.214064
2667 -1.048133 6.254800
571 0.418077 0.830807
733 -0.630639 4.834210
1512 0.545680 0.782734
286 1.365796 0.368665
2472 -0.990945 6.072279
985 4.652130 0.107432
252 1.240992 0.441244
2782 -0.790808 5.130899
1035 5.647604 0.064894
1984 0.466849 0.740872
3175 7.183542 0.107298
1180 1.142079 0.523005
1181 1.147703 0.507172
348 2.101725 0.296212
2316 0.450394 0.917407
2267 0.531896 0.793505
1994 0.347603 0.835839
1998 0.322526 0.918446
1178 1.129919 0.521861
689 -0.494608 4.007212
2050 -0.308681 2.233026
417 5.970503 0.065095
419 6.140707 0.071776
1159 1.424881 0.402123
1559 0.866253 0.572417
1390 -0.497349 3.258941
223 1.427940 0.399216
2218 0.353877 1.017445
2433 -0.849763 5.298475
2432 -0.884780 5.531587
2509 -1.064247 6.442821
2729 -1.006037 5.932909
1255 0.414198 0.895645
1250 0.458139 0.869805
3029 0.878074 0.500270
1015 5.195083 0.067761
2228 0.413055 0.906820
147 3.322953 0.070939
1536 0.714519 0.670718
2888 0.231234 1.360118
1827 5.652258 -0.009272
1725 4.765229 0.098593
2395 -0.337082 2.953331
3001 0.650872 0.632045
912 1.822071 0.286663
2952 0.370662 0.903292
2380 -0.099791 2.163876
2383 -0.148881 2.333862
2164 0.093306 1.427920
1904 2.477455 0.107805
1691 3.164163 0.207858
1274 0.213199 1.227073
886 0.971475 0.434860
1467 0.271944 1.063217
895 1.212148 0.363132
1530 0.704804 0.674776
2965 0.427186 0.839583
2352 0.174049 1.349075
2640 -1.044542 6.317528
449 5.177217 0.087399
700 -0.527303 4.284811
702 -0.532905 4.298466
3076 2.927970 0.178545
2467 -0.990778 6.040216
2473 -1.028278 6.188617
2670 -1.026545 6.120785
1988 0.426375 0.760780
567 0.415333 0.808905
1189 1.052040 0.541323
1184 1.104424 0.540601
1161 1.407745 0.422812
1716 4.460655 0.159873
643 -0.174479 2.377971
2048 -0.288524 2.124490
2869 0.113219 1.683205
1191 1.055361 0.567742
1195 1.037441 0.556108
1753 5.660331 0.046219
1751 5.627713 0.055507
1284 0.145572 1.375782
623 -0.007845 1.772787
365 2.822177 0.197765
169 2.585183 0.192679
163 2.704610 0.180496
2512 -1.092424 6.539498
1810 5.703402 0.001948
1603 1.175650 0.418222
1150 1.618303 0.325533
2183 0.186942 1.268167
227 1.392881 0.418394
2436 -0.884270 5.504217
437 5.798951 0.067106
3160 6.690155 0.091222
927 2.577394 0.260078
202 1.758675 0.359579
837 0.334985 0.821146
1723 4.693662 0.107268
2399 -0.421568 3.331490
2801 -0.585658 4.245739
458 4.177019 0.114145
3079 3.169786 0.158723
1110 3.274484 0.160187
195 1.883628 0.320453
904 1.507357 0.326052
2614 -1.059081 6.425354
2612 -1.053798 6.470453
3115 5.565848 0.099753
1301 -0.039365 1.822242
973 4.366358 0.128053
972 4.313690 0.129074
3121 5.849781 0.086859
421 6.012008 0.069223
1318 -0.247187 2.480759
2298 0.498049 0.835999
2561 -1.081492 6.525560
1678 2.445925 0.253427
679 -0.474697 3.871019
3130 6.104403 0.075802
1325 -0.362090 2.900243
2971 0.466043 0.810009
2990 0.545282 0.712869
337 1.812066 0.293248
708 -0.538330 4.380558
1656 1.647083 0.311395
2834 -0.169945 2.745276
2243 0.470983 0.854689
735 -0.646671 5.042039
464 3.664379 0.123573
1511 0.559187 0.777943
355 2.317400 0.264128
1369 -0.657631 3.867559
278 1.332332 0.395796
2446 -0.950106 5.816573
2449 -0.926506 5.731846
2680 -1.042681 6.214939
1999 0.275277 0.917224
2035 -0.145991 1.818606
1032 5.445438 0.066974
1817 5.627711 -0.036242
808 0.003776 1.758872
807 0.010686 1.786992
2844 -0.071522 2.304040
1155 1.491918 0.364589
3039 1.145788 0.412755
819 0.127010 1.324086
2858 0.048793 1.901000
1234 0.622170 0.744814
1229 0.706628 0.697859
2239 0.440240 0.876349
2230 0.422584 0.884427
504 1.412566 0.334829
466 3.380502 0.156607
1939 1.027953 0.376685
501 1.416272 0.315594
637 -0.131848 2.175574
1114 3.070881 0.189368
992 4.843691 0.104910
907 1.583643 0.314869
2610 -1.051811 6.337012
746 -0.591456 4.656587
619 0.007436 1.658977
1302 -0.039109 1.840547
861 0.588198 0.585776
2758 -0.939512 5.576132
1683 2.756144 0.236585
2981 0.488083 0.763848
2586 -1.063661 6.443580
3136 6.247889 0.084035
1529 0.692928 0.673656
1890 3.446109 0.048522
477 2.506990 0.183397
3092 4.087608 0.116933
3093 4.298976 0.111310
3154 6.729377 0.089670
1380 -0.581998 3.612521
1981 0.481983 0.730754
450 5.075061 0.081056
2930 0.331830 1.049867
2800 -0.595501 4.292888
2807 -0.516285 4.069011
1429 -0.113729 1.922368
2493 -1.043852 6.274766
983 4.586826 0.115256
1633 1.333411 0.370976
2908 0.315193 1.179329
2913 0.315368 1.139313
271 1.291840 0.401215
2865 0.087449 1.774508
2868 0.112162 1.701936
1289 0.095872 1.497377
452 4.698276 0.082164
2272 0.526203 0.809509
1614 1.248500 0.388105
1144 1.819067 0.318485
2420 -0.780419 4.909348
2847 -0.027220 2.189951
2999 0.616005 0.647047
1157 1.444339 0.400179
1961 0.714700 0.555154
2713 -1.046663 6.103003
1137 2.005727 0.252409
1532 0.709229 0.667875
1720 4.540514 0.127000
2179 0.158643 1.311659
1029 5.322416 0.069460
605 0.112492 1.320869
607 0.087761 1.387971
460 4.142754 0.117098
2763 -0.940345 5.622223
1905 2.430162 0.137671
2578 -1.076600 6.412438
887 0.990983 0.440652
773 -0.364439 3.474536
1689 3.018053 0.219511
1525 0.673362 0.700408
2474 -1.011164 6.116860
441 5.806049 0.078958
1243 0.547866 0.785489
2344 0.286448 1.196159
2656 -1.028708 6.173825
2906 0.314815 1.179986
2244 0.476052 0.850569
2462 -1.012506 6.034828
2809 -0.486766 3.917514
2491 -1.044607 6.292901
2253 0.506665 0.832395
1186 1.101881 0.525883
1163 1.345276 0.422132
296 1.329805 0.364159
274 1.301583 0.403691
1370 -0.642025 3.887915
453 4.568861 0.104032
391 4.759663 0.110522
245 1.250481 0.440410
178 2.247802 0.254668
2057 -0.375740 2.424775
1973 0.580326 0.633098
1613 1.238711 0.407545
698 -0.523503 4.243537
2204 0.292336 1.150509
1158 1.426777 0.388960
1809 5.592619 -0.005047
1228 0.680452 0.716823
2887 0.231328 1.373412
2899 0.267555 1.273943
913 1.869176 0.285257
1935 1.140823 0.354392
2167 0.115583 1.385683
2619 -1.050561 6.371930
610 0.075953 1.446080
2572 -1.050213 6.335102
974 4.415202 0.121721
1914 1.901780 0.190334
776 -0.342550 3.368700
1679 2.501511 0.253153
1899 2.742369 0.091121
2649 -1.039697 6.323125
2916 0.317887 1.155597
2825 -0.272770 3.066778
1546 0.756810 0.640794
2347 0.248462 1.232106
2652 -1.012920 6.153362
2819 -0.333247 3.384324
2336 0.385493 1.048857
2950 0.369075 0.917250
267 1.281709 0.418273
2674 -1.014343 6.074668
1781 5.834906 0.020025
1194 1.001797 0.564905
514 1.153077 0.381501
373 3.330688 0.202434
2278 0.518147 0.815013
1602 1.168773 0.436370
1141 1.893334 0.287017
691 -0.502449 4.092251
549 0.600278 0.638070
2206 0.308797 1.127992
1818 5.531064 -0.029242
1605 1.168173 0.420048
2848 -0.036755 2.164686
2215 0.318065 1.053749
1805 5.613776 -0.009887
1257 0.390205 0.923736
2856 0.022329 1.928892
234 1.291650 0.432298
2221 0.357798 0.986912
2152 0.020557 1.511494
2412 -0.632896 4.326262
2790 -0.738528 4.858896
2608 -1.075758 6.600497
3112 5.683299 0.089262
2280 0.500834 0.795143
2375 -0.053673 1.972887
2620 -1.061580 6.408320
884 0.930601 0.457316
2638 -1.030710 6.271264
2963 0.430459 0.860476
1073 5.321132 0.086586
1893 3.083000 0.066855
1667 2.116242 0.283876
2341 0.304733 1.153306
707 -0.565555 4.434674
459 4.165877 0.130463
2241 0.457276 0.849646
997 4.903232 0.108861
467 3.325575 0.144343
282 1.314055 0.401741
2789 -0.741536 4.873872
345 2.032238 0.280801
1283 0.122117 1.392142
686 -0.494459 4.008984
1240 0.591750 0.763321
2876 0.145882 1.548162
1149 1.647720 0.325468
1786 5.716217 0.019407
1609 1.197464 0.413674
802 -0.072868 2.064292
1151 1.594488 0.359417
2431 -0.852607 5.302693
2854 0.017095 2.014226
1237 0.629272 0.752506
2225 0.404438 0.941782
148 3.322383 0.073698
827 0.227071 1.017171
3050 1.471181 0.351905
2413 -0.655544 4.268632
1272 0.242704 1.200835
2522 -1.085792 6.490735
921 2.205256 0.269575
1594 1.128173 0.438286
1119 2.841013 0.186821
1118 2.943907 0.187919
742 -0.598600 4.725372
2945 0.353308 0.953758
1308 -0.124076 2.062977
2595 -1.052736 6.403954
2626 -1.041925 6.357088
2756 -0.961686 5.692250
76 6.711532 -0.056867
2564 -1.057852 6.318160
1416 -0.234394 2.327465
1528 0.670139 0.670445
2648 -1.024133 6.198151
1520 0.625666 0.716993
1354 -0.625862 3.834015
706 -0.558659 4.452311
1438 -0.031582 1.655583
2665 -1.022401 6.078042
2781 -0.819521 5.249660
2071 -0.466517 2.749285
659 -0.329979 3.115512
727 -0.644144 4.992255
1166 1.310652 0.427018
795 -0.134005 2.400681
347 2.065124 0.283246
297 1.321807 0.354872
1285 0.107850 1.412136
1226 0.724799 0.698382
2055 -0.367740 2.391663
694 -0.539164 4.304633
2792 -0.687274 4.693377
2207 0.287359 1.134175
162 2.783432 0.152963
2796 -0.633638 4.435492
1550 0.823604 0.586775
2502 -1.044645 6.309042
1701 3.610945 0.184058
149 3.230345 0.078979
1714 4.276759 0.160611
2233 0.439429 0.895311
1580 1.004208 0.488754
1587 1.036864 0.475951
1111 3.195315 0.165967
2546 -1.090869 6.524689
1918 1.744885 0.169448
1910 2.086891 0.172932
3123 6.047737 0.098777
967 4.185999 0.159848
2634 -1.039018 6.338252
2633 -1.017911 6.310503
872 0.736052 0.520536
1524 0.667929 0.696940
2353 0.216466 1.307843
645 -0.192291 2.440429
1659 1.718356 0.311576
1344 -0.565301 3.492497
1591 1.065253 0.451493
2064 -0.425629 2.601948
1517 0.602921 0.738680
280 1.320876 0.395955
265 1.249778 0.436105
2259 0.498858 0.802643
1245 0.517754 0.808276
2455 -0.975215 5.927504
387 4.381107 0.120700
257 1.247590 0.443429
1978 0.530907 0.635428
1394 -0.483570 3.201896
2725 -1.045322 6.096027
1807 5.621202 -0.012218
1948 0.893564 0.428158
810 0.027431 1.641640
1231 0.685669 0.705249
3162 6.541614 0.090657
229 1.339285 0.421176
2700 -1.052167 6.245456
922 2.327087 0.253299
1581 0.998361 0.494889
1458 0.188215 1.187255
755 -0.562024 4.449955
1026 5.287235 0.076707
1205 0.940906 0.600329
3006 0.646053 0.625310
2549 -1.082266 6.511161
2764 -0.907166 5.494750
1479 0.320644 0.964993
2282 0.508675 0.799172
2598 -1.057894 6.444024
72 6.763237 -0.055646
440 5.939435 0.062000
2692 -1.032864 6.064312
1898 2.744159 0.114246
1669 2.088238 0.278387
1664 1.896666 0.308572
944 3.203362 0.223734
568 0.415464 0.805425
2463 -0.982390 5.942464
268 1.277897 0.414607
290 1.334243 0.363148
1193 1.026668 0.544744
1282 0.141393 1.368096
2271 0.519079 0.820744
693 -0.513314 4.155285
414 5.912219 0.081402
389 4.751810 0.088465
1814 5.672032 -0.000997
1774 5.818022 0.026480
3089 3.896818 0.132988
1947 0.916972 0.411169
1820 5.459989 -0.023950
404 5.433419 0.085339
219 1.474561 0.405717
2138 -0.069762 1.618139
2554 -1.050045 6.283705
2605 -1.057793 6.490090
1933 1.222093 0.314216
732 -0.615751 4.854758
2288 0.508097 0.815558
2573 -1.068663 6.420625
2371 -0.015822 1.908045
2590 -1.071254 6.457304
979 4.543075 0.110163
779 -0.315805 3.209026
2589 -1.075421 6.457534
1249 0.480519 0.834089
3048 1.443802 0.329811
2972 0.453431 0.809983
1891 3.328565 0.049222
958 3.655841 0.170750
2005 0.193381 1.016071
2910 0.323725 1.164713
2914 0.327637 1.151731
334 1.749578 0.309732
1880 4.149689 0.013963
1508 0.536201 0.766155
947 3.421743 0.199181
1341 -0.546810 3.477945
2248 0.502305 0.828305
730 -0.630770 4.976860
2409 -0.590382 4.003501
2329 0.405249 1.004305
1638 1.337765 0.356686
2909 0.314171 1.183868
565 0.463321 0.778539
246 1.234915 0.428499
1617 1.251013 0.393259
418 6.026861 0.070452
383 4.054480 0.155477
3032 0.979147 0.433762
536 0.743560 0.535784
1122 2.677242 0.208322
431 6.196831 0.062460
239 1.261021 0.447578
712 -0.559666 4.494359
1953 0.804136 0.479993
1130 2.300963 0.237125
1576 0.957821 0.512033
2090 -0.467491 2.643614
2527 -1.130367 6.725226
3069 2.508036 0.226303
212 1.593493 0.378255
2770 -0.885414 5.399595
3105 5.086740 0.108568
715 -0.592917 4.716285
2367 0.031967 1.747423
2580 -1.042042 6.296503
2637 -1.031633 6.368951
1252 0.454680 0.867158
2973 0.462766 0.813024
2602 -1.050740 6.425529
2342 0.316394 1.138267
2120 -0.201825 1.930062
2651 -1.031166 6.314918
1340 -0.560238 3.485940
2337 0.350695 1.065481
2402 -0.479032 3.619873
1030 5.456485 0.064016
1561 0.873392 0.566694
2033 -0.118264 1.696301
478 2.423490 0.206242
2918 0.315325 1.122606
2685 -1.041808 6.165614
2453 -0.973109 5.930842
1148 1.660863 0.337883
670 -0.427576 3.639888
1957 0.788672 0.481511
204 1.673957 0.355144
2416 -0.673879 4.496036
782 -0.263558 3.038350
214 1.540462 0.393811
938 2.955987 0.223100
2550 -1.053906 6.315599
752 -0.571371 4.521944
751 -0.541660 4.412746
723 -0.604269 4.751957
190 1.968681 0.310463
747 -0.589858 4.655786
611 0.086994 1.445698
2374 -0.043166 1.994231
2591 -1.035871 6.325252
977 4.373882 0.120697
2627 -1.049856 6.424016
1917 1.708165 0.181048
2985 0.511043 0.726870
1404 -0.368460 2.765482
2582 -1.074160 6.444295
2108 -0.324741 2.199482
2636 -1.040316 6.334459
879 0.843241 0.474620
1527 0.662378 0.686557
916 2.038299 0.284075
1666 1.952512 0.279769
1665 1.896556 0.283276
1339 -0.556779 3.456344
1353 -0.645694 3.920435
1652 1.587741 0.339252
2839 -0.114047 2.489974
767 -0.411372 3.686601
2808 -0.473718 3.832415
285 1.331164 0.389528
2255 0.490277 0.822398
1986 0.457532 0.760332
2815 -0.411339 3.661305
725 -0.628275 4.930266
720 -0.611781 4.853482
791 -0.175333 2.588102
292 1.340129 0.355280
1224 0.745828 0.682778
1783 5.864234 0.019206
804 -0.040008 1.911959
2841 -0.071136 2.397445
2182 0.186537 1.286058
2852 -0.008077 2.069376
1125 2.626192 0.205003
2245 0.478649 0.840466
232 1.322468 0.425901
792 -0.174698 2.551791
2958 0.403575 0.881001
923 2.350101 0.274658
1930 1.284661 0.265927
1564 0.893811 0.557379
2118 -0.245943 1.975389
1919 1.708472 0.209406
1965 0.674791 0.557467
1676 2.376786 0.247246
2478 -1.024930 6.204888
1895 2.915192 0.078014
2132 -0.107558 1.676361
2824 -0.291723 3.232902
999 4.937614 0.100669
1273 0.230391 1.221660
288 1.312940 0.381206
2193 0.228612 1.223324
2817 -0.364334 3.466894
276 1.304058 0.399951
397 5.160924 0.093332
2275 0.524155 0.798716
386 4.408166 0.110152
1970 0.619344 0.589978
1773 5.859966 0.026605
1556 0.829858 0.581199
816 0.092174 1.461692
430 6.108744 0.074881
1719 4.576686 0.129695
1131 2.185111 0.250078
838 0.341132 0.812077
1106 3.518479 0.143930
788 -0.223013 2.709860
3007 0.666058 0.613758
1731 5.014459 0.080595
1109 3.315005 0.154984
3068 2.338567 0.215698
2377 -0.096259 2.079147
772 -0.385857 3.573214
908 1.668780 0.318817
875 0.801038 0.477123
444 5.588158 0.085432
2348 0.254777 1.266427
587 0.287064 1.043287
588 0.266230 1.041701
1199 0.979717 0.573329
1196 0.975658 0.594693
1977 0.548307 0.659133
225 1.403095 0.393472
818 0.111826 1.346439
996 4.800119 0.100553
140 3.615233 0.044220
931 2.630018 0.231380
1001 4.981270 0.099002
789 -0.192126 2.660489
2917 0.320254 1.153201
1874 4.425189 0.002327
1046 5.626658 0.071639
401 5.298396 0.082058
303 1.377316 0.319597
984 4.568184 0.133992
1263 0.303235 1.034605
1792 5.739882 0.002868
2017 0.088671 1.256019
1381 -0.597877 3.670181
2251 0.499439 0.820981
561 0.467070 0.740292
1296 -0.000341 1.683148
2270 0.513034 0.811272
1423 -0.170963 2.097063
1993 0.345970 0.835476
2238 0.441607 0.864068
159 2.878284 0.129144
2892 0.266852 1.292585
2604 -1.058608 6.471891
900 1.393976 0.333444
2163 0.084608 1.430606
2579 -1.076197 6.566010
883 0.895131 0.449264
771 -0.380618 3.523266
1962 0.715802 0.538421
672 -0.437079 3.661814
951 3.439850 0.188990
718 -0.576162 4.590414
1457 0.168922 1.226380
2659 -1.021555 6.127508
2658 -1.033082 6.225160
1500 0.481157 0.824216
2797 -0.655657 4.582907
1574 0.952161 0.525319
760 -0.486187 4.155110
410 5.689314 0.061918
1979 0.496438 0.690311
1954 0.832884 0.460754
207 1.657750 0.340086
1214 0.834083 0.642421
796 -0.136066 2.298927
191 1.975018 0.312523
1600 1.139087 0.430773
2576 -1.056758 6.355583
869 0.689162 0.540956
314 1.448013 0.322774
1868 4.574724 -0.014083
1534 0.703033 0.671507
2354 0.159894 1.392483
1894 3.103256 0.055879
1885 3.726733 0.033913
1632 1.324031 0.369045
1441 0.014274 1.566510
1173 1.208534 0.460087
456 4.317691 0.107555
2456 -0.944868 5.781370
1985 0.423878 0.771018
2872 0.125345 1.628888
259 1.235091 0.449875
144 3.530051 0.062314
825 0.185110 1.108376
1138 2.022390 0.285510
2099 -0.397070 2.436645
1722 4.637931 0.111144
1589 1.053254 0.463209
1934 1.176524 0.324353
1474 0.345919 0.959884
1241 0.571938 0.770695
676 -0.455095 3.768366
666 -0.381718 3.367856
442 5.656195 0.072688
332 1.710456 0.300258
1504 0.489020 0.810565
731 -0.628815 4.922550
263 1.248754 0.439637
1983 0.461237 0.724794
1989 0.381535 0.785001
3177 7.199932 0.099323
3176 7.022904 0.094994
680 -0.463139 3.842516
901 1.408626 0.340786
2845 -0.058489 2.291004
1121 2.748543 0.172980
1016 5.217927 0.078329
1230 0.671454 0.725281
439 5.732583 0.070803
935 2.865938 0.243545
1210 0.923736 0.607318
2169 0.110982 1.389512
1871 4.573604 -0.001107
73 6.577094 -0.033520
763 -0.463092 3.939819
677 -0.450731 3.814687
1655 1.645085 0.313836
1267 0.306509 1.109809
1592 1.086086 0.459123
351 2.183130 0.280570
2476 -1.021949 6.190925
1208 0.898422 0.613107
1375 -0.630735 3.879066
408 5.509099 0.077543
650 -0.249730 2.663237
1960 0.750865 0.507576
1142 1.851468 0.295262
2194 0.236761 1.221321
1800 5.591559 -0.014794
1279 0.174786 1.303597
180 2.248564 0.247978
2324 0.429231 0.957278
2635 -1.050447 6.447258
874 0.733540 0.530911
3049 1.507885 0.328212
445 5.511611 0.071327
158 2.854312 0.134139
1651 1.533583 0.325741
658 -0.325604 3.087152
2816 -0.374800 3.539609
790 -0.177029 2.544665
681 -0.474966 3.905177
1223 0.749842 0.673289
409 5.551116 0.076420
242 1.254356 0.443525
1146 1.768522 0.336490
2998 0.611650 0.665460
429 6.208297 0.053016
236 1.282699 0.442684
930 2.634756 0.254262
934 2.740476 0.225396
1276 0.194804 1.245738
201 1.714669 0.345751
3124 5.891529 0.088441
2560 -1.066049 6.397206
2746 -1.019444 5.918505
898 1.371039 0.359870
1798 5.746223 0.008099
2826 -0.284097 3.159526
1435 -0.016900 1.746031
994 4.667488 0.112399
1526 0.678109 0.695138
980 4.523611 0.120680
1179 1.147295 0.508663
1288 0.116956 1.456413
416 5.819094 0.071506
423 6.090927 0.065440
427 6.028077 0.060021
1955 0.786469 0.470663
1488 0.387315 0.908475
200 1.779342 0.333453
208 1.623458 0.361115
781 -0.276347 3.021946
1028 5.451101 0.066674
196 1.835395 0.312278
881 0.862040 0.455121
1795 5.683511 -0.005608
2827 -0.237599 3.017428
2900 0.291502 1.240831
1745 5.394460 0.051934
1712 4.152681 0.131844
581 0.316781 0.966005
2043 -0.225301 1.983690
2838 -0.141230 2.573963
2277 0.527486 0.813343
1975 0.610420 0.606065
768 -0.401813 3.706285
256 1.252397 0.443873
2421 -0.787765 4.987377
2840 -0.110828 2.534072
1803 5.798734 -0.008568
815 0.093540 1.484335
1830 5.655689 -0.024883
1139 1.919750 0.286194
2398 -0.377815 3.312872
915 2.028219 0.290634
756 -0.540657 4.365607
1206 0.969071 0.574857
1216 0.813249 0.637781
71 6.748013 -0.026778
3055 1.743380 0.298696
2820 -0.335457 3.354587
331 1.722164 0.291150
1888 3.650038 0.048059
3086 3.610526 0.148177
2904 0.294964 1.202670
1566 0.899040 0.558937
1225 0.730766 0.694866
174 2.293684 0.244453
1544 0.761515 0.640443
2388 -0.233595 2.576455
1787 5.692207 0.016345
1386 -0.560143 3.506281
3037 1.120230 0.436039
1492 0.421358 0.891052
462 3.770535 0.126196
1023 5.228168 0.061885
194 1.897568 0.323157
425 6.096474 0.071391
2358 0.115043 1.523969
1896 2.853571 0.063001
1266 0.291236 1.118864
2934 0.332374 1.041940
2403 -0.482579 3.601145
461 3.980460 0.116899
1443 0.037924 1.502205
2042 -0.198819 1.962486
1280 0.170079 1.303844
2052 -0.349048 2.334068
2236 0.433416 0.886886
1014 5.227827 0.082962
1834 5.418753 -0.023943
2881 0.168555 1.441982
2289 0.501004 0.810170
2574 -1.039948 6.281416
187 2.006714 0.271846
520 0.994250 0.435159
2642 -1.034429 6.305946
1295 0.027210 1.623156
2256 0.507921 0.831242
175 2.332165 0.213838
2051 -0.297853 2.252223
150 3.223063 0.080409
1801 5.731769 0.006631
1128 2.470302 0.226167
2232 0.424112 0.901062
2629 -1.056907 6.455308
1862 4.686022 -0.011548
678 -0.467520 3.819765
448 5.038754 0.080661
2861 0.044631 1.848303
412 5.662224 0.065076
428 6.053704 0.058890
2217 0.323908 1.011301
1706 3.846681 0.156450
438 5.713369 0.065681
2237 0.441596 0.878848
920 2.162418 0.277079
1212 0.873512 0.613663
1305 -0.107054 2.073896
2592 -1.058489 6.399356
2025 -0.036121 1.479761
1335 -0.478102 3.224586
443 5.493150 0.071228
2345 0.270667 1.202007
1432 -0.055160 1.842759
2803 -0.570626 4.299726
1275 0.201249 1.236921
457 4.296842 0.118202
1364 -0.673837 4.049758
1804 5.601762 -0.002282
2853 0.007502 2.020115
435 5.859340 0.058075
2535 -1.098683 6.676513
1535 0.734637 0.664031
784 -0.263840 2.938944
2174 0.139129 1.358338
1117 2.970931 0.198233
197 1.811207 0.339957
193 1.930032 0.319228
905 1.607517 0.312157
2343 0.296078 1.165117
2901 0.277564 1.262195
739 -0.622754 4.827285
2672 -1.030033 6.133642
3179 7.075698 0.107539
1569 0.933839 0.508735
684 -0.475150 3.891881
403 5.344165 0.084035
361 2.591551 0.243251
2197 0.257078 1.189175
2209 0.293697 1.110088
518 1.031556 0.407746
2894 0.268154 1.300207
2778 -0.857333 5.296248
1855 5.051254 0.001387
2607 -1.069402 6.526415
741 -0.607591 4.852085
2624 -1.040396 6.369288
2361 0.125970 1.543479
1677 2.479546 0.255892
1412 -0.290667 2.429883
1799 5.745761 0.002676
2799 -0.633955 4.512699
1359 -0.686996 4.074584
1578 1.000685 0.502744
1575 0.946742 0.516074
392 4.679953 0.101543
2980 0.496861 0.757634
824 0.213698 1.143164
407 5.621126 0.068900
184 2.138626 0.282345
1262 0.339069 1.026274
674 -0.444574 3.761889
675 -0.442923 3.748595
1320 -0.274140 2.623675
2655 -1.067981 6.390495
762 -0.469088 4.045899
1658 1.726022 0.309016
2786 -0.779417 4.989197
2266 0.523400 0.813661
2279 0.539793 0.801720
2842 -0.088153 2.406790
206 1.623025 0.359150
2704 -1.052871 6.144087
1729 5.094646 0.101282
1583 1.026051 0.490297
1738 5.310155 0.072327
2991 0.546725 0.701291
1190 1.035988 0.542393
1579 0.983826 0.487319
1153 1.507055 0.363580
1012 5.036896 0.089757
433 5.928269 0.060785
313 1.394382 0.325909
2823 -0.286408 3.138058
2246 0.483210 0.830423
1442 0.032406 1.541173
2780 -0.820422 5.132349
172 2.415715 0.213603
164 2.681097 0.148056
1974 0.567969 0.649331
805 -0.051417 1.992180
426 6.046549 0.076456
1011 5.088981 0.089169
2893 0.244291 1.312201
719 -0.580647 4.670357
281 1.320341 0.408225
1982 0.488129 0.701939
2812 -0.437189 3.747114
1177 1.180550 0.501154
241 1.253977 0.437055
2843 -0.078425 2.396454
1552 0.823540 0.607861
420 6.157973 0.071266
1135 2.111335 0.256510
682 -0.466544 3.820938
2657 -1.049385 6.311054
451 4.858821 0.086151
3181 6.898446 0.091002
2254 0.490226 0.833793
346 2.059732 0.268531
2044 -0.235885 2.061534
2045 -0.218669 2.017863
171 2.379272 0.201223
1010 5.083610 0.081987
1823 5.709487 -0.020272
2776 -0.880508 5.386032
2961 0.395102 0.871276
2643 -1.050902 6.362543
2644 -1.035226 6.418233
2247 0.472238 0.842996
1286 0.107711 1.433147
2622 -1.073332 6.503587
577 0.347919 0.918944
2268 0.530453 0.811606
402 5.308051 0.094969
899 1.364101 0.353428
2920 0.317467 1.121474
2258 0.520322 0.825300
1278 0.164239 1.288040
919 2.186083 0.272478
1663 1.889489 0.298884
1422 -0.186538 2.135110
1287 0.124061 1.408244
814 0.065589 1.568133
475 2.624319 0.187085
406 5.801642 0.099090
181 2.163603 0.263565
918 2.235893 0.281290
1649 1.501725 0.341290
455 4.505432 0.092702
436 6.003060 0.061162
1523 0.621586 0.721211
2240 0.445254 0.874250
176 2.258629 0.233851
192 1.944389 0.322281
1307 -0.105933 2.060891
1310 -0.128631 2.073268
447 5.272633 0.077075
1992 0.385741 0.811240
2931 0.341631 1.050632
2296 0.510313 0.835140
2593 -1.083257 6.554285
1160 1.410847 0.390085
413 5.869522 0.079638
2252 0.500671 0.827407
2261 0.516183 0.790986
1812 5.597188 -0.013637
903 1.495483 0.338515
1595 1.108441 0.442168
697 -0.545732 4.340623
1778 5.672976 0.024538
422 6.259588 0.061716
2769 -0.909720 5.529805
1841 5.234088 -0.015241
2112 -0.253837 2.098170
156 2.955801 0.106886
446 5.353748 0.070817
2222 0.361401 0.977410
68 6.536394 -0.040042
2281 0.505395 0.823623
411 5.738226 0.073906
1813 5.627818 -0.018871
424 6.148029 0.055242
910 1.780182 0.296439
70 6.653791 -0.041632
2257 0.508534 0.828962
2250 0.490753 0.855851
3180 6.727033 0.085032
2249 0.480378 0.833164
67 6.619009 -0.038014
69 6.537572 -0.039785
1815 5.675466 -0.018761
3182 6.814581 0.089150
3183 7.096122 0.103978
2265 0.519533 0.818693
3184 7.015538 0.118762
3186 6.873294 0.108801
64 6.632544 -0.036967
65 6.501358 -0.044065
66 6.559649 -0.039083
1290 0.079986 1.546821
62 6.521374 -0.025654
3189 6.991329 0.100492
3185 6.964990 0.109086
3187 6.612284 0.116177
63 6.439497 -0.035984
3191 6.828262 0.100361
3190 6.598683 0.099707
3188 6.758656 0.098726
1966 0.709156 0.541086
61 6.524241 -0.028062
1878 4.184880 0.015207
3192 6.793517 0.110890
1842 5.175759 -0.018356
1875 4.140944 0.006170
1877 4.259249 0.019288
1876 4.330439 -0.008081
2262 0.527574 0.814230
