2717 2
235 -2.857781 -4.274610
274 -3.222093 -4.894590
92 -3.878515 -5.454592
391 -4.081353 -5.378162
233 -2.850000 -4.215485
386 -4.019368 -5.287339
275 -3.223360 -4.876994
279 -3.178925 -4.812012
269 -3.272682 -4.941580
264 -3.185677 -4.812064
266 -3.227683 -4.886760
234 -2.878704 -4.289647
106 -4.043787 -5.677809
281 -3.115614 -4.700905
265 -3.242413 -4.897360
103 -3.993154 -5.602444
753 -3.912459 -5.196670
90 -3.802291 -5.338231
393 -4.117602 -5.436662
270 -3.227182 -4.908812
272 -3.257137 -4.945840
293 -2.950848 -4.423196
385 -4.027971 -5.315440
288 -3.023837 -4.541569
285 -3.063011 -4.610321
95 -3.918920 -5.488649
227 -2.710842 -3.997325
518 -3.154769 -4.637304
267 -3.202447 -4.865450
286 -3.021731 -4.563518
273 -3.241205 -4.893644
122 -3.896230 -5.478677
284 -3.012917 -4.560087
250 -3.089436 -4.646455
121 -3.875625 -5.447331
392 -4.093181 -5.389987
757 -3.817141 -5.061942
259 -3.205715 -4.865309
505 -3.066519 -4.452540
390 -4.029344 -5.294088
245 -3.062308 -4.607998
113 -4.042994 -5.688055
276 -3.122133 -4.735048
258 -3.171888 -4.805830
89 -3.764241 -5.260787
271 -3.242186 -4.902516
517 -3.150483 -4.611894
225 -2.768830 -4.104986
283 -3.116122 -4.662539
278 -3.130746 -4.741586
383 -4.036935 -5.331245
120 -3.942354 -5.545276
728 -3.407844 -4.486605
117 -3.941985 -5.545051
384 -4.065219 -5.364522
389 -4.033915 -5.311428
950 -2.472701 -2.835192
104 -3.996614 -5.604942
626 -3.256383 -4.661125
85 -3.641407 -5.060159
763 -3.865208 -5.109479
119 -3.958989 -5.574401
394 -4.016425 -5.284510
388 -4.021395 -5.298366
126 -3.798094 -5.345458
357 -3.520946 -4.674362
263 -3.180813 -4.813317
260 -3.221948 -4.868466
242 -2.995359 -4.469311
639 -3.063799 -4.387577
99 -3.909628 -5.487775
622 -3.224116 -4.646263
373 -3.961295 -5.226030
366 -3.751285 -4.969014
237 -2.920555 -4.332796
1163 -1.117514 -0.766545
93 -3.832850 -5.390801
526 -3.202168 -4.731847
625 -3.253867 -4.677657
751 -3.821078 -5.077296
359 -3.573884 -4.752518
277 -3.152731 -4.763658
377 -4.029906 -5.337884
368 -3.822197 -5.069778
555 -3.168466 -4.629879
630 -3.220607 -4.618884
619 -3.219456 -4.634049
364 -3.690396 -4.889449
758 -3.815226 -5.060937
764 -3.890196 -5.148393
252 -3.148555 -4.749229
110 -4.057093 -5.709944
108 -3.998282 -5.638553
627 -3.188116 -4.580612
253 -3.147626 -4.766642
256 -3.143530 -4.741126
254 -3.097962 -4.685965
236 -2.978924 -4.444929
354 -3.433658 -4.598144
2327 -0.959810 0.047756
561 -3.146152 -4.581747
509 -3.128061 -4.533882
502 -3.097574 -4.485453
721 -3.392898 -4.445700
2317 -0.957442 -0.038907
248 -3.069410 -4.601324
87 -3.690892 -5.166776
2331 -0.964397 0.086233
105 -4.037841 -5.660502
365 -3.818890 -5.064423
528 -3.153180 -4.641188
351 -3.444525 -4.585553
268 -3.274935 -4.945130
102 -4.022886 -5.635075
585 -3.144549 -4.579703
118 -3.916947 -5.509647
94 -3.841642 -5.383813
628 -3.192529 -4.598685
1304 -1.035788 -0.593042
770 -3.909158 -5.187595
594 -3.139282 -4.563430
129 -3.751456 -5.276334
511 -3.148082 -4.599354
1038 -1.485789 -1.509381
516 -3.283682 -4.789049
1286 -1.060401 -0.654056
380 -4.012243 -5.299673
615 -3.241451 -4.658461
748 -3.781518 -5.020714
1303 -1.025171 -0.593241
978 -2.242906 -2.609539
640 -3.036939 -4.306677
761 -3.795915 -5.048805
347 -3.226675 -4.331568
294 -2.952321 -4.419615
292 -2.979883 -4.473157
96 -3.885392 -5.444026
608 -3.228813 -4.673228
960 -2.424320 -2.789757
107 -4.037546 -5.703742
514 -3.204205 -4.681614
534 -3.127714 -4.609055
752 -3.818550 -5.085512
756 -3.880427 -5.134205
282 -3.074592 -4.617040
262 -3.223437 -4.877632
101 -4.009137 -5.650940
1297 -1.044945 -0.626055
370 -3.889166 -5.142841
503 -3.174346 -4.575414
114 -4.051176 -5.690759
710 -3.075332 -3.985871
556 -3.183070 -4.648877
523 -3.199727 -4.672105
1582 -1.093609 0.259419
506 -3.067667 -4.462469
504 -3.084296 -4.482977
768 -3.867108 -5.129171
80 -3.603226 -5.009597
86 -3.745121 -5.226051
84 -3.680206 -5.134494
730 -3.568134 -4.688750
513 -3.068927 -4.511961
507 -3.109792 -4.523410
740 -3.738864 -4.972044
760 -3.903903 -5.180161
765 -3.888240 -5.151070
125 -3.923660 -5.526009
128 -3.809622 -5.378879
521 -3.200975 -4.685598
355 -3.407928 -4.539168
344 -3.216166 -4.323404
109 -4.073985 -5.714901
543 -3.054839 -4.500617
613 -3.279435 -4.754557
82 -3.676576 -5.115205
261 -3.185078 -4.813702
257 -3.279148 -4.968815
754 -3.818302 -5.051836
766 -3.834247 -5.076859
767 -3.864150 -5.133044
123 -3.908297 -5.483582
737 -3.536826 -4.679347
729 -3.434027 -4.525881
374 -3.965636 -5.262330
1155 -1.101146 -0.785486
616 -3.216058 -4.641302
1300 -1.023947 -0.598754
736 -3.564904 -4.710972
280 -3.157365 -4.743585
985 -2.173035 -2.516786
111 -4.013891 -5.658844
708 -2.995178 -3.877955
100 -3.962451 -5.575081
554 -3.102239 -4.564483
399 -3.993567 -5.270994
244 -3.150658 -4.697795
633 -3.146278 -4.508294
2543 -3.261327 2.990670
2549 -3.241254 2.919304
1610 -1.056613 0.173747
598 -3.184235 -4.597611
131 -3.774359 -5.297051
1174 -1.101677 -0.766283
529 -3.151484 -4.623325
1485 -1.429252 1.126446
750 -3.777943 -5.030420
1310 -1.021907 -0.592636
2330 -0.942023 0.075114
981 -2.168998 -2.499365
246 -3.051758 -4.565140
746 -3.767482 -4.989825
124 -3.868587 -5.466502
566 -3.132898 -4.560049
645 -3.048294 -4.333457
544 -3.105640 -4.530511
530 -3.145000 -4.623395
508 -3.077531 -4.498327
968 -2.361528 -2.747633
959 -2.438384 -2.808227
571 -3.107821 -4.516314
91 -3.834656 -5.373509
535 -3.131214 -4.626181
524 -3.169688 -4.642450
621 -3.162621 -4.565943
743 -3.644783 -4.838945
1302 -1.033267 -0.603120
976 -2.289460 -2.660376
83 -3.691833 -5.141084
2240 -1.112065 0.304063
515 -3.129004 -4.609634
382 -4.109570 -5.444974
228 -2.850965 -4.205838
1821 -1.155998 -0.084731
1458 -1.768351 1.638637
1599 -1.072179 0.212130
2107 -3.838029 3.722989
591 -3.041881 -4.435787
135 -3.736387 -5.228541
2334 -0.966531 0.090316
2040 -4.276071 4.145470
1379 -0.970146 0.476571
226 -2.875230 -4.259977
2522 -3.591977 3.388468
2972 -0.948970 -0.006520
735 -3.647634 -4.816821
2323 -0.938136 0.010747
1291 -1.069406 -0.650392
593 -3.147974 -4.572163
624 -3.256872 -4.678106
376 -4.063204 -5.399668
367 -3.860852 -5.113921
387 -4.002692 -5.282467
609 -3.212814 -4.643996
1613 -1.053008 0.159174
582 -3.109972 -4.520233
2788 -3.885075 3.887312
290 -2.960832 -4.466119
291 -3.001282 -4.517442
251 -3.117523 -4.734583
512 -3.151531 -4.615952
759 -3.883101 -5.157905
948 -2.424610 -2.798898
1619 -1.059903 0.114773
1522 -1.334255 0.652351
603 -3.119226 -4.541193
634 -3.170393 -4.529887
970 -2.349686 -2.723496
597 -3.114351 -4.518447
356 -3.490397 -4.669376
1626 -1.090211 0.111007
375 -3.915434 -5.177266
1383 -0.996017 0.550810
255 -3.213742 -4.875465
1150 -1.097440 -0.786671
2527 -3.462473 3.239229
88 -3.726295 -5.218114
999 -1.976692 -2.245828
1004 -1.879087 -2.112262
352 -3.317343 -4.446351
2311 -0.967951 -0.076047
299 -2.868502 -4.219439
2041 -4.245154 4.114028
623 -3.241318 -4.664485
378 -4.032480 -5.346395
3022 -0.991340 -0.567348
1837 -1.143605 0.004359
2617 -3.121511 2.662903
112 -4.007812 -5.620017
1066 -1.377576 -1.249353
642 -3.121233 -4.440905
2830 -3.594962 3.631850
579 -3.174868 -4.625628
578 -3.109690 -4.512751
574 -3.069205 -4.457309
2322 -0.940539 -0.018854
115 -3.991773 -5.619686
1166 -1.101512 -0.746331
296 -2.944310 -4.403115
738 -3.571915 -4.714825
551 -3.134020 -4.601200
1171 -1.115595 -0.760220
395 -4.020134 -5.289922
249 -3.075697 -4.643337
1022 -1.645623 -1.766842
1301 -1.022192 -0.604493
2970 -0.957127 0.050291
1682 -1.237259 0.021209
646 -3.005767 -4.244093
955 -2.450984 -2.807153
1295 -1.029409 -0.617953
2670 -3.808826 3.588406
2864 -2.979124 3.006351
1017 -1.700018 -1.839393
1835 -1.135776 0.004988
519 -3.147398 -4.623057
2417 -2.062380 1.570660
749 -3.836227 -5.115256
974 -2.276579 -2.652118
1469 -1.570598 1.421834
1313 -1.042583 -0.597696
954 -2.451621 -2.805771
331 -2.922510 -4.003970
2486 -3.592172 3.430846
127 -3.908403 -5.495690
379 -4.047777 -5.347082
398 -4.099425 -5.369564
540 -3.181546 -4.655732
1019 -1.666324 -1.812462
2535 -3.193183 2.976480
3013 -0.980423 -0.492614
957 -2.447085 -2.814791
2550 -3.218732 2.933048
1277 -1.077968 -0.689427
1042 -1.490488 -1.481497
951 -2.506380 -2.886573
2341 -1.005950 0.211435
2789 -3.838099 3.834617
560 -3.153276 -4.609204
1974 -2.393726 2.038490
1774 -1.173731 -0.266353
532 -3.157069 -4.659981
222 -2.844134 -4.193983
1483 -1.439932 1.137369
732 -3.542153 -4.682878
1053 -1.384855 -1.327132
618 -3.125394 -4.520504
2971 -0.933934 0.102252
2562 -3.254690 2.913940
963 -2.367651 -2.732349
1892 -1.354352 0.569847
712 -3.120401 -4.045059
705 -2.988123 -3.828335
1260 -1.117334 -0.747151
353 -3.407432 -4.579761
552 -3.189672 -4.659328
397 -4.100795 -5.393889
1148 -1.110430 -0.798029
1129 -1.168300 -0.894183
1137 -1.151043 -0.853296
601 -3.107186 -4.499145
1059 -1.348642 -1.256513
977 -2.296587 -2.679547
973 -2.277748 -2.642832
2476 -3.676708 3.501627
983 -2.186873 -2.527421
1630 -1.093196 0.081578
97 -3.910534 -5.506616
2302 -0.984259 -0.110246
2203 -1.491251 0.773879
1558 -1.226372 0.409489
3017 -0.993688 -0.549376
620 -3.263821 -4.703747
2098 -4.131654 4.024153
1034 -1.516659 -1.565121
2748 -3.911623 3.861789
2474 -3.586514 3.415351
631 -3.150863 -4.539198
1649 -1.174607 0.015500
739 -3.649853 -4.842350
2193 -1.620281 0.948282
568 -3.089304 -4.484642
1161 -1.101519 -0.763499
1378 -0.992460 0.509189
1615 -1.062096 0.148112
2855 -3.058822 3.101044
3010 -0.978857 -0.458073
79 -3.559058 -4.959359
711 -3.065508 -3.960463
2117 -3.492852 3.376158
964 -2.393876 -2.771980
592 -3.105595 -4.508452
762 -3.847927 -5.107889
1430 -1.891623 1.808073
1636 -1.127231 0.043785
396 -4.121959 -5.439484
369 -3.859303 -5.089684
2218 -1.336705 0.586180
3025 -0.993622 -0.566251
525 -3.264052 -4.804854
632 -3.273468 -4.686452
636 -3.195837 -4.559237
1204 -1.157265 -0.789273
1251 -1.107754 -0.797764
2979 -0.928887 -0.039295
715 -3.161092 -4.095169
707 -2.976053 -3.821964
572 -3.149321 -4.568902
567 -3.146153 -4.569485
348 -3.312775 -4.480775
2310 -0.972027 -0.081144
1625 -1.096529 0.123630
1624 -1.087254 0.121755
557 -3.171068 -4.623042
559 -3.159516 -4.590260
558 -3.076211 -4.498652
962 -2.396764 -2.777356
595 -3.147765 -4.567225
596 -3.112403 -4.504489
2854 -3.094146 3.166860
586 -3.145818 -4.560030
564 -3.075626 -4.489867
2320 -0.938902 -0.032774
1637 -1.127854 0.062013
1164 -1.092210 -0.754944
345 -3.220593 -4.325008
2319 -0.947700 -0.027769
550 -3.121841 -4.576724
1386 -1.048295 0.627077
1157 -1.100363 -0.768531
741 -3.734379 -4.959062
78 -3.729289 -5.169983
545 -3.173083 -4.657509
548 -3.188531 -4.675752
2733 -4.100391 4.029975
1776 -1.180143 -0.263327
1159 -1.088634 -0.753159
539 -3.149553 -4.618391
2210 -1.422685 0.690609
3020 -0.996643 -0.537068
1232 -1.106760 -0.782076
3019 -0.984266 -0.549744
1000 -1.950819 -2.187717
1215 -1.124678 -0.782228
638 -3.179590 -4.536958
1844 -1.132052 0.045498
975 -2.349466 -2.761017
1069 -1.354141 -1.208687
1532 -1.310428 0.553506
583 -3.112484 -4.522659
734 -3.584742 -4.726324
1984 -2.808440 2.523456
1192 -1.141202 -0.748766
1173 -1.122944 -0.740552
2743 -3.970987 3.899508
247 -3.108413 -4.694142
541 -3.200193 -4.709225
381 -4.018829 -5.320951
2739 -3.968600 3.905671
531 -3.128297 -4.570997
1015 -1.712884 -1.870762
629 -3.269173 -4.685651
2026 -4.189205 4.014590
2986 -0.948124 -0.188085
2745 -3.927935 3.885526
133 -3.792861 -5.322150
992 -2.030721 -2.303917
733 -3.457300 -4.564743
2329 -0.937723 0.080096
1007 -1.857566 -2.088354
2308 -0.986778 -0.098985
1385 -1.036934 0.617659
1818 -1.168133 -0.118965
1555 -1.225324 0.407473
1714 -1.290774 -0.061773
2232 -1.179050 0.409052
1827 -1.149128 -0.050982
2958 -1.030731 0.388875
2544 -3.186142 2.907908
745 -3.708022 -4.915357
612 -3.304934 -4.774264
769 -3.841803 -5.099050
714 -3.176472 -4.125931
1064 -1.372691 -1.247491
337 -3.097839 -4.166318
565 -3.070170 -4.489072
2662 -3.482940 3.215831
289 -3.072573 -4.632391
287 -3.119842 -4.677006
724 -3.375235 -4.413219
1566 -1.151447 0.322159
343 -3.232309 -4.364157
2318 -0.960543 -0.024356
2049 -4.309361 4.199759
1381 -0.999059 0.535839
1152 -1.091149 -0.774186
2995 -0.962261 -0.323878
1009 -1.800906 -1.992674
2615 -2.990506 2.560929
1056 -1.385419 -1.297917
2750 -3.987723 3.939827
1680 -1.226773 0.019558
400 -4.119745 -5.414813
136 -3.831679 -5.323548
702 -2.993816 -3.832846
577 -3.160908 -4.600589
989 -2.114721 -2.441836
980 -2.234410 -2.586788
2315 -0.953364 -0.066318
553 -3.095043 -4.542419
1377 -0.947367 0.455449
1151 -1.102982 -0.796035
3033 -1.003704 -0.618734
1128 -1.154158 -0.879958
2530 -3.244200 3.030500
614 -3.204859 -4.626376
1308 -1.028988 -0.586265
1681 -1.236129 0.023424
2005 -3.652924 3.450986
716 -3.114339 -4.046885
1061 -1.367794 -1.253836
2650 -3.342371 2.999403
130 -3.909090 -5.498252
2900 -2.200907 2.160878
700 -2.991018 -3.827578
1433 -1.906744 1.819857
569 -3.105515 -4.548488
1425 -1.828918 1.698252
1634 -1.117784 0.041488
295 -2.976799 -4.437283
1281 -1.071025 -0.660364
1816 -1.167527 -0.118940
1978 -2.504270 2.203720
1391 -1.117040 0.704140
2724 -4.122529 4.043924
2081 -4.399467 4.289999
610 -3.301317 -4.771168
510 -3.153502 -4.590205
1561 -1.190662 0.348000
2523 -3.493104 3.290697
3004 -0.969087 -0.394043
742 -3.743189 -4.952550
1306 -1.029677 -0.591556
1600 -1.061891 0.211291
1043 -1.477769 -1.456670
1312 -1.047258 -0.594317
1311 -1.039150 -0.580816
1417 -1.625430 1.482562
995 -2.042262 -2.377089
350 -3.312188 -4.455215
1983 -2.640308 2.353363
723 -3.345358 -4.377975
1282 -1.070845 -0.666917
1387 -1.044430 0.626134
1817 -1.161172 -0.138045
533 -3.152535 -4.643019
2720 -4.069208 3.990806
2712 -4.236239 4.135752
2713 -4.080002 3.980955
2091 -4.326539 4.220301
2772 -3.879582 3.848706
755 -3.827127 -5.096431
1036 -1.530945 -1.559118
1035 -1.537458 -1.583115
1901 -1.399780 0.683910
1276 -1.078630 -0.681447
1305 -1.039472 -0.578810
1044 -1.458805 -1.448996
1683 -1.241406 0.036524
1412 -1.527790 1.358756
301 -2.941212 -4.374933
717 -3.276504 -4.275638
1062 -1.372527 -1.245747
1067 -1.361643 -1.231330
2347 -1.047836 0.262461
580 -3.020511 -4.390593
722 -3.362179 -4.399336
573 -3.102082 -4.500229
2312 -0.961276 -0.058568
2868 -2.903188 2.930284
1755 -1.218073 -0.208044
2425 -2.184568 1.809066
2997 -0.978967 -0.327846
2793 -3.875922 3.875831
2880 -2.809812 2.826371
2236 -1.136744 0.366939
2525 -3.322634 3.125423
2140 -2.861839 2.582893
718 -3.171378 -4.150439
499 -3.071973 -4.464369
2355 -1.148795 0.376843
2343 -1.043730 0.211444
704 -3.072272 -3.960146
1658 -1.191023 0.026927
2242 -1.069586 0.250580
2807 -3.830093 3.829684
1359 -0.766410 0.079055
2674 -3.800745 3.593864
2677 -3.964811 3.794694
1181 -1.101788 -0.736763
2314 -0.948367 -0.048968
1578 -1.106740 0.285189
2452 -3.050036 2.809074
2729 -3.908878 3.842835
2532 -3.257449 3.042927
2890 -2.559910 2.558460
1029 -1.591951 -1.672295
600 -3.181434 -4.610421
2112 -3.514852 3.386508
1461 -1.714155 1.585750
703 -2.972050 -3.796574
2321 -0.956843 -0.024573
726 -3.490253 -4.575925
349 -3.354265 -4.502415
2694 -4.128839 4.014305
1145 -1.100587 -0.801972
1420 -1.698322 1.602153
2215 -1.360137 0.631621
2884 -2.692425 2.716293
1824 -1.168876 -0.066502
501 -3.121716 -4.525476
2779 -3.939519 3.937850
1037 -1.513367 -1.559585
606 -3.278744 -4.746547
2762 -3.874112 3.844421
1057 -1.374728 -1.291218
1063 -1.374650 -1.246603
338 -3.199638 -4.322465
587 -3.005838 -4.384593
1632 -1.101520 0.080163
2666 -3.556438 3.327886
709 -3.039641 -3.899567
2860 -2.916846 2.941946
2991 -0.960519 -0.283011
536 -3.190887 -4.692726
1018 -1.678263 -1.830590
1482 -1.430939 1.152570
2179 -1.790797 1.238981
1840 -1.143351 0.018254
744 -3.680727 -4.881218
498 -3.144531 -4.534472
1687 -1.234502 0.011882
2981 -0.917444 -0.133818
1414 -1.618561 1.463272
330 -2.920080 -4.055573
1888 -1.276505 0.475375
2902 -2.164471 2.047781
2832 -3.505517 3.530415
1645 -1.156504 0.024492
984 -2.188520 -2.527395
116 -3.936311 -5.558027
2782 -3.873416 3.864693
2046 -4.230774 4.093532
1601 -1.062032 0.213954
1143 -1.116770 -0.847469
2196 -1.535697 0.876172
2999 -0.958434 -0.389339
1490 -1.391312 1.022418
527 -3.249449 -4.761983
1234 -1.107925 -0.798528
2089 -4.308311 4.191157
2412 -1.953090 1.449428
2235 -1.162882 0.407908
1457 -1.736348 1.605042
2600 -3.041263 2.588966
1426 -1.789526 1.668483
1587 -1.086259 0.247994
1597 -1.062659 0.218402
1116 -1.205620 -0.967438
2913 -1.849644 1.684605
1694 -1.235470 0.012669
2752 -3.837873 3.790063
2024 -3.940700 3.768858
961 -2.423415 -2.791104
719 -3.351602 -4.383241
713 -3.174887 -4.125570
2827 -3.552704 3.574690
2340 -1.039320 0.202565
2349 -1.073139 0.285774
81 -3.704931 -5.170567
581 -3.104957 -4.529938
1427 -1.779136 1.661006
986 -2.164992 -2.497063
1564 -1.169650 0.336063
346 -3.261812 -4.388958
1966 -2.109055 1.723505
1147 -1.120924 -0.813664
1976 -2.435330 2.136933
2231 -1.180597 0.425935
1039 -1.493041 -1.520681
1459 -1.748923 1.611125
1205 -1.155782 -0.800820
747 -3.744119 -4.972837
979 -2.329466 -2.713919
1041 -1.468548 -1.489788
2747 -3.881778 3.846224
641 -3.166492 -4.526202
1623 -1.083798 0.101154
958 -2.418344 -2.800292
2911 -1.893072 1.711346
2821 -3.664898 3.703624
2342 -1.033836 0.214186
1642 -1.148624 0.009618
2032 -4.112752 3.949269
2303 -0.996339 -0.106540
1960 -2.034537 1.624209
546 -3.137167 -4.607166
2191 -1.621068 0.985996
2510 -3.637156 3.443420
3030 -0.996655 -0.642069
1398 -1.181184 0.868430
220 -2.791694 -4.100698
2430 -2.253911 1.848296
1484 -1.435901 1.125539
1987 -2.842020 2.582360
1851 -1.127506 0.091477
1027 -1.618738 -1.720361
1874 -1.202110 0.272712
971 -2.324598 -2.687916
1045 -1.456755 -1.435051
1265 -1.088457 -0.724060
1413 -1.540158 1.353644
2121 -3.341346 3.191303
588 -3.123597 -4.534807
998 -1.947305 -2.191496
2407 -1.893041 1.336149
2441 -2.718629 2.410793
2042 -4.246813 4.118878
372 -3.986011 -5.272589
1149 -1.114000 -0.802001
1396 -1.181849 0.897293
1321 -1.025308 -0.578171
2507 -3.678584 3.499614
2506 -3.623894 3.459951
1702 -1.268095 -0.029897
1125 -1.178865 -0.885381
3018 -0.994126 -0.543590
2888 -2.550204 2.553461
2233 -1.164932 0.410270
2528 -3.366068 3.150595
2898 -2.271899 2.208573
2175 -1.867862 1.357548
2545 -3.025394 2.746372
1862 -1.159274 0.193159
2918 -1.705871 1.473134
1247 -1.093014 -0.769086
2013 -3.869079 3.675724
1437 -1.869580 1.785892
990 -2.160849 -2.495452
731 -3.579599 -4.707298
1274 -1.100211 -0.716053
2326 -0.936902 0.052324
988 -2.194369 -2.533170
1388 -1.095896 0.687495
1299 -1.030845 -0.609180
2681 -3.843771 3.671166
2301 -0.997215 -0.116459
2457 -3.226941 3.033771
2872 -2.858017 2.884733
1380 -1.013795 0.491298
1126 -1.156084 -0.906703
3026 -0.989976 -0.603193
1012 -1.742914 -1.949371
2223 -1.297483 0.537844
1838 -1.141642 -0.011275
1223 -1.130085 -0.801408
2096 -4.042355 3.955242
1846 -1.141766 0.077221
2619 -3.110461 2.656865
1307 -1.024811 -0.570565
1912 -1.589564 0.928406
1463 -1.696351 1.537104
2299 -1.001095 -0.109441
969 -2.393995 -2.770721
1076 -1.378474 -1.223128
956 -2.474672 -2.845743
1887 -1.278764 0.485500
643 -3.151360 -4.481207
1289 -1.060124 -0.653324
1572 -1.139400 0.317209
1577 -1.111939 0.298055
2055 -4.360460 4.255582
538 -3.070127 -4.523018
1994 -3.160957 2.919151
2700 -4.065025 3.963768
2552 -3.095215 2.822025
602 -3.169024 -4.591374
1693 -1.240985 0.020017
1473 -1.523354 1.308977
2367 -1.296696 0.576466
1863 -1.162134 0.184557
303 -2.877114 -4.267552
2001 -3.448517 3.229287
2839 -3.393126 3.428082
994 -2.067146 -2.356733
1641 -1.133946 0.005280
1743 -1.251837 -0.177105
1424 -1.811404 1.700517
1428 -1.840083 1.728423
2491 -3.621590 3.464136
1294 -1.038827 -0.631213
2031 -4.064603 3.890176
2988 -0.940009 -0.215225
2083 -4.421276 4.313002
1830 -1.144592 -0.029559
1487 -1.411166 1.057503
2706 -4.206454 4.126667
1825 -1.158586 -0.058668
500 -3.107372 -4.503993
2776 -3.836251 3.817147
1733 -1.287952 -0.138088
2385 -1.581140 0.927673
1054 -1.404787 -1.359308
1692 -1.255090 -0.005834
617 -3.245787 -4.686667
1688 -1.223984 0.017569
2291 -1.021300 -0.110855
1676 -1.244440 0.031878
300 -2.855398 -4.253886
2351 -1.109031 0.333813
1891 -1.328802 0.547459
2820 -3.782851 3.801363
997 -1.979482 -2.257494
1134 -1.138169 -0.849004
2785 -3.893801 3.905068
725 -3.400620 -4.468937
590 -3.153713 -4.584418
371 -3.951283 -5.235225
2309 -0.980884 -0.087091
2304 -0.993192 -0.085493
1605 -1.054378 0.193483
2796 -3.861881 3.873350
2437 -2.419195 2.103270
2504 -3.741640 3.577463
2850 -3.141062 3.186006
1237 -1.104472 -0.792039
2742 -3.906282 3.843101
1443 -1.921841 1.839830
1696 -1.240462 -0.006241
2982 -0.940729 -0.077734
2984 -0.947727 -0.192942
2990 -0.965389 -0.250689
599 -3.185468 -4.631806
1245 -1.092250 -0.789744
1635 -1.112231 0.037794
2663 -3.436576 3.161035
2325 -0.948236 0.011285
1742 -1.260496 -0.164387
1362 -0.773079 0.128503
297 -2.977120 -4.416093
1287 -1.075846 -0.654991
1240 -1.077841 -0.801668
2698 -4.158111 4.047728
1154 -1.107450 -0.789354
2993 -0.950569 -0.302997
1805 -1.168991 -0.188094
1496 -1.340180 0.941329
2520 -3.490819 3.305498
1456 -1.783091 1.660787
1530 -1.343093 0.580695
1857 -1.131371 0.141880
1935 -1.827786 1.289142
2912 -1.792014 1.647465
1699 -1.227900 -0.015587
2756 -3.829710 3.782058
76 -3.737292 -5.173385
2973 -0.928079 0.074906
1462 -1.720149 1.543478
1620 -1.060837 0.123995
2357 -1.192583 0.411950
1895 -1.357726 0.567835
1065 -1.385284 -1.258061
1403 -1.329891 1.031590
1405 -1.379972 1.124269
2344 -1.048606 0.208932
1422 -1.781336 1.657877
2328 -0.941266 0.083251
1112 -1.187386 -0.955058
2784 -3.891690 3.877607
2056 -4.365829 4.245185
706 -3.043650 -3.912362
562 -3.137160 -4.596051
727 -3.402869 -4.482178
1167 -1.098085 -0.747104
1622 -1.095215 0.123176
1172 -1.113161 -0.751061
2699 -4.099233 3.994877
1782 -1.185193 -0.283124
1389 -1.091409 0.684517
1382 -1.017291 0.552743
2515 -3.506510 3.338641
1393 -1.145967 0.819915
1255 -1.111116 -0.773795
1239 -1.102792 -0.780761
2538 -3.150485 2.898604
1003 -1.902003 -2.123465
3005 -0.974617 -0.396385
1583 -1.101042 0.277157
215 -2.700468 -4.002421
2554 -3.160654 2.841020
2392 -1.675820 1.023967
2778 -3.943874 3.917622
1737 -1.273173 -0.144196
1033 -1.529281 -1.590207
1025 -1.624577 -1.750517
2165 -2.232353 1.800226
611 -3.249468 -4.670796
2591 -3.136953 2.694659
2757 -3.926167 3.892147
2365 -1.272122 0.511240
1671 -1.234395 0.031942
2915 -1.824718 1.608782
2065 -4.463598 4.348808
2338 -1.005837 0.136438
2483 -3.594302 3.433125
2804 -3.795985 3.777469
2787 -3.804153 3.796613
2079 -4.395279 4.270217
2676 -3.733405 3.545877
298 -2.962760 -4.411856
1178 -1.113971 -0.728391
1579 -1.100885 0.271032
1963 -2.151843 1.734200
1760 -1.199001 -0.220662
1144 -1.118189 -0.826657
1541 -1.293161 0.489394
2198 -1.538636 0.845450
3031 -0.989579 -0.615179
1397 -1.167472 0.887220
1390 -1.081012 0.671229
2186 -1.728347 1.105320
2858 -2.970270 3.027647
1621 -1.059107 0.125318
2225 -1.282680 0.529619
2533 -3.214220 2.980494
2531 -3.155564 2.965020
2534 -3.170031 2.969734
1130 -1.135912 -0.869522
1008 -1.855305 -2.072284
2708 -4.074116 3.993070
3006 -0.991790 -0.432732
3000 -0.966074 -0.369052
1853 -1.136745 0.091689
2162 -2.230568 1.827206
2612 -3.013876 2.564616
2025 -4.046145 3.890026
1868 -1.171969 0.222116
2917 -1.727963 1.494498
1885 -1.255487 0.418624
1883 -1.261645 0.415767
327 -2.938327 -4.026418
1032 -1.562830 -1.634122
2472 -3.441529 3.269280
2921 -1.619014 1.377555
1988 -2.862844 2.633379
2696 -4.061554 3.971494
2874 -2.865082 2.897080
2879 -2.737225 2.772804
699 -2.965478 -3.794953
542 -3.075952 -4.546090
1604 -1.042477 0.197329
2183 -1.776250 1.190933
1257 -1.111266 -0.776425
1235 -1.084809 -0.797203
2481 -3.637677 3.477058
1957 -1.997171 1.562351
1132 -1.155158 -0.876499
2094 -4.211646 4.111022
1855 -1.122522 0.122143
1021 -1.653951 -1.802216
605 -3.298466 -4.762804
604 -3.245826 -4.701086
607 -3.239704 -4.696331
2546 -3.205463 2.918097
2386 -1.568738 0.902602
2769 -3.784016 3.747337
2378 -1.464650 0.778835
1243 -1.108749 -0.809892
2030 -4.058984 3.898207
1254 -1.105326 -0.781184
1258 -1.097040 -0.751339
953 -2.443984 -2.799904
2914 -1.808917 1.595916
2657 -3.472409 3.179921
575 -3.177290 -4.603422
2490 -3.662503 3.488518
2492 -3.690866 3.529186
720 -3.376461 -4.412892
1179 -1.118559 -0.749437
241 -2.989959 -4.476712
1606 -1.064277 0.184514
2875 -2.813282 2.835557
1542 -1.293880 0.481973
2202 -1.501079 0.800654
1770 -1.201182 -0.269705
2989 -0.946687 -0.280480
1238 -1.084729 -0.793279
2716 -4.074453 3.993140
1952 -1.921057 1.474180
3015 -0.976434 -0.518782
1218 -1.128900 -0.801507
1859 -1.141198 0.124131
1854 -1.121668 0.133658
2540 -3.147128 2.905181
2946 -1.147264 0.648128
1052 -1.421717 -1.374539
1476 -1.477059 1.258924
1475 -1.492217 1.270353
2029 -4.018950 3.859679
2294 -1.013052 -0.117518
1865 -1.163284 0.219193
2645 -3.370589 2.980980
2009 -3.760545 3.546056
1146 -1.118307 -0.815486
1661 -1.208218 0.013403
2346 -1.056683 0.269199
2668 -3.563148 3.337056
987 -2.164471 -2.492730
2920 -1.659563 1.410260
563 -3.144987 -4.588354
1296 -1.045797 -0.622920
1758 -1.220005 -0.205579
1754 -1.218114 -0.218243
1503 -1.349459 0.840001
1763 -1.185825 -0.254585
2734 -3.842713 3.793051
1706 -1.269739 -0.021408
522 -3.201242 -4.722702
2714 -4.134995 4.048927
3011 -0.992605 -0.450725
2705 -4.076950 3.997936
1031 -1.590030 -1.685433
2896 -2.312230 2.260034
2178 -1.825613 1.301367
2609 -3.035563 2.580872
1447 -1.902890 1.821858
2547 -3.087911 2.809697
1845 -1.143759 0.066841
1309 -1.025183 -0.578136
2596 -3.125032 2.670612
2113 -3.530284 3.397809
1869 -1.181991 0.247939
2035 -4.090714 3.952616
2910 -1.924570 1.769670
1985 -2.786700 2.500129
1434 -1.902974 1.822331
2485 -3.596291 3.424705
2406 -1.868886 1.293146
1183 -1.120237 -0.727658
1746 -1.259289 -0.191482
1565 -1.163876 0.329310
2683 -3.900524 3.766682
2051 -4.217668 4.125893
1142 -1.129742 -0.822691
1815 -1.160020 -0.115966
1608 -1.065121 0.174603
2840 -3.255866 3.292235
1777 -1.176038 -0.258613
2994 -0.969406 -0.286695
1704 -1.242553 -0.039267
3021 -0.982459 -0.541830
2221 -1.339139 0.586154
2717 -4.149376 4.054468
1719 -1.302454 -0.066178
1820 -1.160191 -0.081972
1108 -1.253414 -1.033322
2604 -3.035373 2.570750
1023 -1.630927 -1.739330
1847 -1.133345 0.068922
1705 -1.259836 -0.036521
520 -3.170206 -4.660722
1316 -1.041417 -0.563499
1678 -1.225654 0.019938
3023 -1.008445 -0.536529
1539 -1.291440 0.495084
1882 -1.247731 0.382293
134 -3.858052 -5.393813
1438 -1.903202 1.803273
2477 -3.536042 3.377711
2672 -3.646267 3.439889
2927 -1.469387 1.141847
1186 -1.134628 -0.749758
1298 -1.053417 -0.623135
2684 -3.967602 3.810010
2052 -4.210847 4.076742
1618 -1.078243 0.144014
1783 -1.175323 -0.278758
2968 -0.957196 0.152064
2190 -1.615777 0.956647
1158 -1.117172 -0.789511
2992 -0.960206 -0.263900
2438 -2.536079 2.229197
1120 -1.204375 -0.950605
1836 -1.157240 -0.013460
1481 -1.449843 1.161790
1227 -1.110005 -0.815420
2234 -1.152597 0.406609
2418 -2.040543 1.549819
2895 -2.391972 2.357090
2366 -1.334781 0.579720
1614 -1.059759 0.156988
1256 -1.103899 -0.759578
1521 -1.335760 0.632497
2010 -3.690093 3.505657
2836 -3.390296 3.433482
2064 -4.495939 4.369121
2661 -3.466914 3.188089
1188 -1.133758 -0.736675
1168 -1.107049 -0.753176
1569 -1.140546 0.328380
98 -3.940736 -5.532956
1176 -1.124747 -0.746562
1005 -1.897215 -2.119584
1283 -1.057177 -0.646887
1225 -1.110504 -0.794517
402 -4.110356 -5.396888
1972 -2.311689 1.973237
2878 -2.850461 2.903403
1543 -1.257332 0.461306
2514 -3.522843 3.352828
2537 -3.124287 2.903023
2715 -4.085597 4.010102
1831 -1.141050 -0.034796
1488 -1.406936 1.079600
1716 -1.297644 -0.064830
2792 -3.804977 3.795597
1002 -1.958149 -2.198311
1826 -1.156306 -0.063681
1588 -1.090208 0.248696
2136 -2.889845 2.630787
2551 -3.189901 2.874713
2556 -3.186410 2.855649
2177 -1.870819 1.341481
2606 -2.964742 2.507362
1594 -1.066256 0.219754
1908 -1.526923 0.853698
2288 -1.054887 -0.125715
2111 -3.563305 3.478642
2114 -3.537381 3.419198
1314 -1.045292 -0.577410
966 -2.437936 -2.830088
2744 -3.833167 3.765885
2960 -1.010229 0.296186
1418 -1.668056 1.521312
1411 -1.518504 1.347139
2004 -3.658777 3.442230
1662 -1.217049 0.023392
1409 -1.455275 1.269821
2482 -3.578180 3.413846
1640 -1.137156 0.032806
2493 -3.665336 3.485632
1989 -2.855306 2.612569
1200 -1.144552 -0.780635
1629 -1.109990 0.062609
1177 -1.100521 -0.739441
1170 -1.102297 -0.763133
1285 -1.077078 -0.672824
1602 -1.069998 0.198749
2966 -0.972545 0.144200
2513 -3.521061 3.351285
2849 -3.095451 3.126000
1552 -1.227519 0.397158
3036 -0.977510 -0.624039
2726 -3.948330 3.872042
2794 -3.856630 3.875981
2097 -3.967454 3.865154
1101 -1.276258 -1.072242
1028 -1.603042 -1.697906
1446 -1.874992 1.791618
1499 -1.334333 0.907109
2976 -0.926310 0.029698
1460 -1.747350 1.649312
2290 -1.053863 -0.133584
2560 -3.177721 2.823086
2369 -1.317890 0.604201
1612 -1.060110 0.157220
1073 -1.363165 -1.201156
2648 -3.294446 2.940788
2339 -0.999253 0.172406
2671 -3.656177 3.442610
2817 -3.662631 3.700080
1169 -1.093223 -0.745214
1568 -1.143235 0.318369
2867 -2.834140 2.878057
1191 -1.149449 -0.771746
2741 -3.849905 3.785152
2740 -3.882703 3.821654
1505 -1.343414 0.796643
1969 -2.278301 1.903094
1767 -1.176562 -0.267939
549 -3.140794 -4.617778
2791 -3.904612 3.911983
2846 -3.222115 3.245555
2845 -3.150005 3.200418
1801 -1.177904 -0.223167
1948 -1.948303 1.489221
1709 -1.268401 -0.050764
1014 -1.762549 -1.920635
2166 -2.174256 1.710489
1050 -1.392393 -1.344151
1695 -1.241737 0.001612
2598 -3.038232 2.584829
2759 -3.737592 3.704863
2292 -1.033348 -0.111885
1070 -1.366954 -1.218612
2399 -1.762884 1.135517
2359 -1.200877 0.424623
2356 -1.177528 0.403443
1666 -1.217169 -0.000275
1241 -1.104193 -0.802886
1886 -1.267328 0.442679
2651 -3.316979 3.009643
2906 -2.027744 1.934580
2835 -3.402411 3.428197
2337 -0.991016 0.143631
2665 -3.642534 3.383194
1638 -1.125552 0.026175
1184 -1.137237 -0.755248
1182 -1.108580 -0.732554
1747 -1.232852 -0.185440
1160 -1.108251 -0.778754
2685 -3.950883 3.799121
1627 -1.091555 0.089581
2306 -0.987051 -0.081933
1384 -1.021550 0.545606
2195 -1.579210 0.902334
2208 -1.438229 0.733187
2428 -2.198543 1.815824
2730 -3.859354 3.777374
2847 -3.197602 3.236071
1772 -1.176901 -0.267636
3024 -0.978110 -0.583534
2462 -3.328597 3.119003
2539 -3.241417 2.977384
1270 -1.093941 -0.729900
1139 -1.158132 -0.851828
1131 -1.153889 -0.876723
2885 -2.636250 2.669066
1585 -1.086218 0.250248
1933 -1.771259 1.211104
1118 -1.191289 -0.935242
2764 -3.894978 3.859846
2168 -2.144843 1.659602
2945 -1.218306 0.682794
1470 -1.572620 1.390022
1478 -1.500347 1.253169
497 -3.068057 -4.424823
2023 -4.015708 3.864003
1684 -1.227015 0.032938
2298 -1.006108 -0.128120
2589 -3.132028 2.691407
2965 -0.968704 0.196389
1674 -1.238248 0.033019
1327 -1.005664 -0.527575
2828 -3.529284 3.567637
692 -2.979722 -3.799877
2120 -3.337505 3.208360
2816 -3.759493 3.775603
2243 -1.077475 0.289690
2797 -3.812663 3.815774
2066 -4.437456 4.327332
982 -2.250884 -2.609607
2813 -3.793186 3.807494
1185 -1.141652 -0.764038
2861 -2.984226 3.022317
2197 -1.584664 0.871410
2736 -3.906492 3.864494
1603 -1.059492 0.203916
2844 -3.164468 3.202103
2725 -4.023136 3.958961
1800 -1.175666 -0.224951
1990 -2.973286 2.707934
1997 -3.245376 3.049904
1121 -1.190794 -0.923190
3028 -0.979980 -0.590479
1013 -1.763676 -1.955463
1220 -1.142278 -0.826644
2395 -1.734200 1.080194
2172 -1.993691 1.489675
2164 -2.199343 1.756179
1900 -1.389920 0.660988
1698 -1.254048 -0.002456
2379 -1.476903 0.777106
972 -2.346016 -2.733413
2754 -3.776234 3.727054
1467 -1.602780 1.458965
1866 -1.152898 0.221843
967 -2.400437 -2.797347
2109 -3.651165 3.538749
2100 -3.818433 3.717627
1616 -1.060055 0.142384
2964 -0.972452 0.186245
1068 -1.360547 -1.218593
2011 -3.791326 3.594128
1653 -1.193779 0.035025
2484 -3.588714 3.414558
993 -2.081489 -2.400146
2499 -3.799683 3.617934
1209 -1.145934 -0.778662
1639 -1.131481 0.020633
2442 -2.672494 2.360689
1288 -1.058703 -0.636874
1375 -0.949117 0.415292
2871 -2.847726 2.875262
2204 -1.478936 0.774364
2421 -2.093126 1.632152
2230 -1.200208 0.451340
2500 -3.672543 3.503173
2851 -3.181643 3.221338
2224 -1.272177 0.528902
2080 -4.434235 4.324173
2086 -4.409207 4.295415
1951 -1.936252 1.473045
2415 -1.995046 1.491912
1135 -1.139896 -0.837933
1584 -1.078598 0.246452
2416 -2.041816 1.525841
1593 -1.059764 0.225629
1444 -1.867286 1.777340
2460 -3.253742 3.032517
1843 -1.136845 0.052744
1058 -1.384153 -1.307305
2570 -3.216470 2.845047
2377 -1.472672 0.769545
2373 -1.362482 0.654034
772 -3.892146 -5.156263
1535 -1.318065 0.522432
332 -3.041800 -4.128269
1889 -1.276585 0.489348
2487 -3.577552 3.387940
329 -2.984977 -4.080918
1513 -1.319141 0.734448
1442 -1.909524 1.822954
2812 -3.783566 3.802148
1712 -1.275946 -0.059344
2047 -4.156714 4.042865
1374 -0.936903 0.383406
2307 -0.989676 -0.069643
2458 -3.174847 2.960996
2059 -4.384737 4.258550
1607 -1.055613 0.170796
2859 -3.046761 3.096670
1491 -1.371172 1.005155
1707 -1.269769 -0.030725
2465 -3.402888 3.193377
2220 -1.347626 0.599954
2085 -4.367707 4.243993
2062 -4.351565 4.249719
2238 -1.095901 0.309520
2524 -3.415847 3.212904
2611 -2.996146 2.547490
2941 -1.243128 0.813048
2284 -1.051485 -0.144769
1916 -1.650211 1.000950
1263 -1.107650 -0.749172
2983 -0.917686 -0.171172
2580 -3.245354 2.809953
965 -2.405429 -2.781559
2633 -3.135467 2.725712
1071 -1.366851 -1.212732
1419 -1.700197 1.553797
1242 -1.113667 -0.784735
2834 -3.382580 3.406683
1500 -1.349770 0.887796
2244 -1.078722 0.290491
2667 -3.569575 3.339600
2078 -4.385244 4.265286
2929 -1.454471 1.069597
2814 -3.696464 3.726938
2044 -4.145777 4.009302
2634 -3.182755 2.789863
2865 -2.867967 2.904428
2866 -2.921551 2.950997
2422 -2.090852 1.655619
1980 -2.497966 2.196639
1970 -2.289541 1.957058
1399 -1.237281 0.921502
1230 -1.116571 -0.805837
1228 -1.115226 -0.791916
3009 -0.996626 -0.450414
3007 -0.968621 -0.436184
2398 -1.713120 1.107387
2608 -2.982439 2.537059
1203 -1.152637 -0.786901
2401 -1.818554 1.206771
2382 -1.531483 0.860262
1848 -1.148290 0.064104
2167 -2.110526 1.656927
2592 -3.115700 2.663966
2116 -3.385204 3.262311
1040 -1.488753 -1.520209
1317 -1.053032 -0.587856
1318 -1.037202 -0.587039
2753 -3.847364 3.797693
2567 -3.205190 2.834238
2962 -1.010245 0.277611
2478 -3.579865 3.409132
1686 -1.226418 0.026995
1246 -1.089218 -0.780868
2658 -3.391461 3.110129
2014 -3.885951 3.696437
1656 -1.204625 0.013952
1432 -1.903003 1.825683
2669 -3.513174 3.293449
2074 -4.500726 4.402997
2673 -3.826855 3.605075
2566 -3.249814 2.887785
2811 -3.826111 3.839370
2313 -0.959301 -0.041849
2043 -4.197989 4.068358
1571 -1.123855 0.311393
2300 -1.005315 -0.108247
2453 -2.959630 2.735783
698 -2.916064 -3.723899
2738 -3.968162 3.893001
1553 -1.228110 0.412905
1394 -1.138985 0.817605
1392 -1.103979 0.739972
1253 -1.119638 -0.784085
1703 -1.236437 -0.023707
2869 -2.896268 2.938169
2466 -3.280858 3.115997
2467 -3.360508 3.197702
2404 -1.795252 1.209347
1136 -1.141364 -0.861031
1728 -1.277092 -0.094982
1723 -1.288154 -0.081446
1732 -1.281240 -0.144525
1902 -1.437048 0.723421
2940 -1.247175 0.796669
1272 -1.082845 -0.689596
495 -3.121784 -4.494336
2628 -3.154600 2.724349
1466 -1.638755 1.481830
2587 -3.115178 2.674517
1867 -1.174580 0.259339
1072 -1.375773 -1.225325
2358 -1.180664 0.393155
952 -2.497832 -2.867935
2825 -3.538126 3.568767
1407 -1.426261 1.187755
696 -2.991003 -3.825514
2348 -1.069006 0.311603
949 -2.507463 -2.870151
2798 -3.879222 3.894662
2934 -1.369301 1.009150
1646 -1.163122 0.008414
2075 -4.501414 4.381710
2818 -3.723090 3.740682
1162 -1.098187 -0.763080
2916 -1.749800 1.552734
2686 -3.979478 3.839647
1175 -1.110399 -0.759598
2156 -2.367787 1.994905
2692 -4.089188 3.946992
2511 -3.556807 3.399261
2737 -3.990446 3.907472
2435 -2.414532 2.100049
1016 -1.710264 -1.859054
2886 -2.687539 2.668314
2237 -1.120220 0.343378
1823 -1.159200 -0.088839
1858 -1.138396 0.162695
1934 -1.800462 1.255001
2955 -1.069346 0.420322
1454 -1.809854 1.684535
1842 -1.142048 0.030116
1904 -1.425040 0.729880
1055 -1.398143 -1.339294
1479 -1.487353 1.223983
1534 -1.322968 0.522835
644 -3.105264 -4.408665
2002 -3.390479 3.190276
2803 -3.805607 3.816472
2801 -3.825420 3.822742
1423 -1.745487 1.614834
1290 -1.061563 -0.629998
2473 -3.392403 3.228132
2780 -3.968583 3.938248
1567 -1.144336 0.338743
2863 -2.938784 2.968407
2050 -4.292765 4.163206
2053 -4.163461 4.039569
1762 -1.195050 -0.249507
1761 -1.201213 -0.244710
547 -3.133909 -4.582400
1973 -2.373033 2.059916
2219 -1.369192 0.604296
1834 -1.155023 -0.004443
2090 -4.232493 4.120245
2897 -2.307237 2.255244
2558 -3.128636 2.811999
2957 -1.058926 0.440126
2387 -1.610649 0.947709
2614 -3.012372 2.547431
1906 -1.489698 0.811187
2948 -1.143200 0.590233
2575 -3.243253 2.855353
2590 -3.107688 2.655791
74 -3.680386 -5.121517
1048 -1.439623 -1.405565
2755 -3.886410 3.830774
2630 -3.127019 2.709617
2037 -4.048674 3.898521
1617 -1.048501 0.145644
1077 -1.358254 -1.190269
1677 -1.223427 0.016116
1899 -1.369892 0.652469
2131 -3.057116 2.886967
1060 -1.371143 -1.264601
1406 -1.398653 1.172377
2018 -4.021155 3.834031
1431 -1.877807 1.795062
2332 -0.956872 0.073654
2336 -0.989676 0.134206
2660 -3.385561 3.116384
1643 -1.160636 0.011366
2324 -0.931800 0.024946
1117 -1.197044 -0.954097
2786 -3.906355 3.893214
2922 -1.593863 1.329007
2260 -1.000339 -0.019481
1502 -1.334333 0.835743
1968 -2.212343 1.854072
1140 -1.131505 -0.831815
1141 -1.127200 -0.821836
1786 -1.164605 -0.253813
2158 -2.370110 1.925040
2192 -1.608051 0.937846
2205 -1.457365 0.735471
1775 -1.176093 -0.265622
1156 -1.100100 -0.787733
1395 -1.215219 0.888176
2212 -1.434615 0.692680
2216 -1.367311 0.629659
1493 -1.387034 0.993029
1700 -1.226015 -0.020600
1701 -1.234836 -0.039509
1127 -1.165671 -0.890800
1954 -1.995486 1.554880
2414 -2.001095 1.476871
2889 -2.515724 2.507200
1020 -1.646379 -1.781392
1452 -1.775349 1.670905
2943 -1.246317 0.801187
496 -3.006325 -4.335871
1918 -1.685625 1.044388
1047 -1.449320 -1.419023
1046 -1.428605 -1.390897
1261 -1.104701 -0.757312
1468 -1.588866 1.411720
1520 -1.315089 0.654193
2978 -0.939753 -0.038335
1894 -1.350444 0.562612
2132 -3.000357 2.774295
1792 -1.174083 -0.258073
1592 -1.077446 0.237625
1559 -1.208262 0.402456
570 -3.094517 -4.519944
2542 -3.136654 2.870267
2498 -3.748431 3.592685
1631 -1.110718 0.057470
2034 -4.132408 3.989684
1196 -1.151196 -0.748205
1221 -1.129274 -0.825544
1373 -0.926769 0.374204
2451 -3.078124 2.810097
2182 -1.776012 1.198845
2431 -2.336765 1.967682
2856 -3.009770 3.044005
1995 -3.290651 3.046520
439 -10.654559 -4.777287
435 -10.664565 -4.779008
2468 -3.416221 3.228899
2536 -3.148213 2.912941
1833 -1.154278 -0.014659
2413 -1.941099 1.429697
1275 -1.083524 -0.712394
1581 -1.105351 0.278525
1596 -1.068386 0.223659
1441 -1.913323 1.849852
1791 -1.180666 -0.243851
1794 -1.183733 -0.257869
1471 -1.557337 1.355264
1878 -1.213337 0.340210
2115 -3.511234 3.382481
1914 -1.576614 0.946819
1269 -1.097498 -0.713016
1315 -1.026395 -0.591374
2565 -3.197745 2.843631
2106 -3.684640 3.589998
1416 -1.590232 1.470339
2134 -2.923739 2.686386
2644 -3.225110 2.865963
2008 -3.681810 3.491648
1526 -1.326087 0.625553
2823 -3.681304 3.700550
1401 -1.255362 0.975334
333 -2.972221 -4.060671
132 -3.793160 -5.302302
584 -3.080629 -4.489859
589 -3.143019 -4.571912
1439 -1.919180 1.845977
2241 -1.082409 0.259869
1519 -1.341885 0.649993
1208 -1.127992 -0.788939
1757 -1.200128 -0.239537
1753 -1.217416 -0.197867
1751 -1.237182 -0.206715
1768 -1.187201 -0.246826
1548 -1.246671 0.443758
1292 -1.059475 -0.648365
2512 -3.535837 3.361879
1802 -1.170854 -0.215310
1708 -1.259272 -0.033291
1710 -1.283617 -0.059279
2881 -2.700319 2.714841
2529 -3.288494 3.077127
2771 -3.812116 3.799805
2585 -3.120800 2.703567
2479 -3.545130 3.378982
2350 -1.100558 0.311873
1667 -1.223197 0.021228
944 -2.510591 -2.876096
2950 -1.125770 0.590281
2799 -3.810603 3.806940
1644 -1.155921 0.023856
2679 -3.870673 3.680160
1376 -0.966168 0.438547
2455 -3.142463 2.915472
2967 -0.935147 0.176063
3034 -1.018594 -0.620941
2181 -1.792494 1.227662
2852 -3.093419 3.147810
2228 -1.221179 0.469863
2082 -4.321308 4.217573
2719 -3.978219 3.897636
2099 -3.982545 3.895247
2777 -3.771943 3.764607
2761 -3.980308 3.958805
2767 -3.844913 3.806379
2160 -2.326189 1.908029
2616 -3.022959 2.581785
2610 -3.004869 2.538662
2102 -3.889954 3.784043
2632 -3.188677 2.761044
1074 -1.363433 -1.220665
1410 -1.505761 1.293049
2352 -1.130787 0.342956
334 -3.090250 -4.182109
2125 -3.144266 2.980379
1591 -1.072449 0.251638
2068 -4.428150 4.325279
2061 -4.290272 4.169806
576 -3.152069 -4.554186
2402 -1.768691 1.174194
1512 -1.321027 0.769636
2077 -4.391306 4.273450
2675 -3.808759 3.615305
2923 -1.571200 1.277284
2449 -2.931062 2.678721
1759 -1.206874 -0.234062
1756 -1.219914 -0.223603
2058 -4.310742 4.198369
1965 -2.137512 1.794527
361 -3.710950 -4.922454
2996 -0.958644 -0.331362
1975 -2.347619 2.044878
2211 -1.399781 0.660815
2722 -4.042802 3.990871
3027 -0.996226 -0.581503
1030 -1.581633 -1.655267
1832 -1.147734 -0.014171
401 -4.015542 -5.295275
1219 -1.138409 -0.803493
1850 -1.136361 0.091614
1936 -1.798884 1.244665
1738 -1.265774 -0.174657
1448 -1.878933 1.787827
2380 -1.473648 0.796548
2463 -3.334373 3.137612
1516 -1.325907 0.679015
2571 -3.185518 2.805195
1877 -1.198585 0.349662
2625 -3.154169 2.718478
1049 -1.400666 -1.362218
1689 -1.222450 -0.011093
2985 -0.951554 -0.162372
2963 -0.993763 0.256008
2980 -0.909325 -0.052765
139 -3.765109 -5.288736
2901 -2.096446 2.023961
2837 -3.308294 3.342886
1508 -1.326344 0.778969
2333 -0.964598 0.106014
2806 -3.699147 3.716356
2925 -1.507709 1.231240
1201 -1.156665 -0.788702
1999 -3.354516 3.148133
1628 -1.100475 0.068383
2697 -4.114599 4.004064
2695 -4.073770 3.957436
2857 -3.030849 3.076438
2227 -1.225362 0.488610
2184 -1.737772 1.166950
2093 -4.197980 4.090784
2143 -2.710730 2.445542
1586 -1.092259 0.250769
1856 -1.135619 0.125429
1214 -1.144592 -0.796155
2383 -1.585122 0.902901
1690 -1.232320 -0.002422
2597 -3.009754 2.575185
1876 -1.193960 0.308972
1879 -1.219028 0.359570
2627 -3.144796 2.710629
2028 -4.066483 3.907781
72 -3.605155 -5.003462
2977 -0.911085 0.000714
2103 -3.812908 3.731042
1611 -1.057917 0.168449
1079 -1.361135 -1.215086
1259 -1.097291 -0.741760
2642 -3.327032 2.933897
1664 -1.223191 0.005315
1408 -1.435794 1.234356
2124 -3.212813 3.077196
1654 -1.191627 0.009715
2815 -3.787483 3.816075
1421 -1.749784 1.611163
1440 -1.946658 1.840205
2783 -3.837324 3.849137
1781 -1.174964 -0.277267
2691 -4.080794 3.958240
2201 -1.509208 0.805167
2731 -3.943843 3.891222
1979 -2.528779 2.236060
537 -3.164582 -4.627161
1497 -1.370879 0.932949
1996 -3.244617 3.014810
1123 -1.138855 -0.895440
2987 -0.954828 -0.225288
2088 -4.318846 4.193346
2718 -4.027869 3.963209
2154 -2.486634 2.102784
2400 -1.733689 1.156842
1480 -1.472440 1.187485
2092 -4.212731 4.106919
3008 -0.987255 -0.437809
405 -4.040236 -5.315603
1119 -1.194560 -0.934544
2760 -3.797054 3.762039
1841 -1.145490 0.026359
2947 -1.146276 0.629395
1051 -1.398112 -1.339613
1477 -1.465722 1.240406
2578 -3.258955 2.834153
2371 -1.358345 0.636870
2599 -2.973858 2.514350
1913 -1.581593 0.954830
635 -3.219436 -4.613145
2006 -3.651681 3.423684
2829 -3.557117 3.589671
2019 -3.956391 3.782182
2489 -3.570907 3.410851
2480 -3.570062 3.391022
2936 -1.353781 0.956375
2070 -4.480386 4.365196
1189 -1.130861 -0.744687
1212 -1.146057 -0.818105
2688 -3.911498 3.789713
1190 -1.139350 -0.752177
1244 -1.091824 -0.784817
2057 -4.290186 4.178375
1507 -1.347759 0.800799
1961 -2.019044 1.618459
2516 -3.587602 3.407730
2732 -3.853126 3.795526
1812 -1.174632 -0.159735
1819 -1.167978 -0.089939
2436 -2.543922 2.187079
1236 -1.105998 -0.806911
2155 -2.447572 2.058882
1959 -2.042448 1.612441
1222 -1.129073 -0.807567
1722 -1.285654 -0.100121
2439 -2.649407 2.289660
3002 -0.983654 -0.395045
1589 -1.090060 0.269487
2899 -2.154648 2.092941
2773 -3.821075 3.791742
637 -3.118426 -4.464025
1697 -1.239650 0.022550
2579 -3.245769 2.824805
2370 -1.346018 0.616041
2118 -3.354419 3.204412
2027 -4.126951 3.937784
2638 -3.238710 2.831359
2038 -4.103037 3.987186
1529 -1.332933 0.580528
697 -2.930210 -3.748403
945 -2.453333 -2.808143
1647 -1.162015 0.022169
2808 -3.860025 3.862192
2781 -3.886564 3.871203
2073 -4.510544 4.401856
1633 -1.098278 0.042916
1180 -1.122657 -0.734629
1293 -1.052363 -0.636070
2919 -1.683625 1.458253
2746 -3.893089 3.830671
1504 -1.333840 0.825630
2870 -2.852939 2.890268
2795 -3.706331 3.711809
1609 -1.050457 0.180812
2848 -3.103432 3.140052
3032 -0.985605 -0.624240
2185 -1.698710 1.100042
1941 -1.885889 1.367228
1967 -2.217391 1.836597
2150 -2.518501 2.179436
3016 -0.972146 -0.520851
2952 -1.094557 0.522545
1217 -1.114726 -0.794365
1903 -1.442080 0.757513
1266 -1.111300 -0.755997
2020 -4.015371 3.840100
2362 -1.240984 0.495771
2749 -3.850152 3.807971
1105 -1.261099 -1.069264
2130 -3.042006 2.839763
1536 -1.325340 0.543026
1249 -1.097979 -0.789833
1464 -1.676108 1.508782
2015 -3.909554 3.716871
2664 -3.505959 3.253498
2316 -0.947639 -0.048982
2045 -4.069631 3.964771
2687 -3.929799 3.782813
2206 -1.446447 0.738442
2503 -3.695197 3.540923
1803 -1.157278 -0.190430
2975 -0.920808 0.035968
3029 -0.984112 -0.633451
2087 -4.230607 4.114897
1486 -1.437531 1.107609
2704 -4.102965 4.008019
1924 -1.717843 1.100042
1107 -1.237732 -1.023177
1100 -1.298537 -1.101167
2559 -3.164373 2.831411
1595 -1.064646 0.223189
1024 -1.628911 -1.754960
2766 -3.881497 3.844176
2765 -3.715383 3.696448
1472 -1.549556 1.329608
1872 -1.185108 0.275188
1919 -1.677057 1.051438
2021 -3.918350 3.732692
2361 -1.223923 0.477177
1860 -1.146595 0.158196
2639 -3.261878 2.867939
1075 -1.382338 -1.215206
302 -2.856678 -4.226082
305 -2.701915 -3.979211
2646 -3.275668 2.948148
339 -3.199801 -4.314004
2655 -3.367161 3.045863
2838 -3.318851 3.336301
1435 -1.904227 1.828257
2403 -1.772843 1.213995
1510 -1.367852 0.750304
2199 -1.547297 0.865429
1740 -1.266971 -0.162355
2448 -2.904106 2.655913
2682 -3.841184 3.674229
2459 -3.132104 2.921553
224 -2.918094 -4.335537
1787 -1.176979 -0.253866
2429 -2.300242 1.888332
1839 -1.138895 0.037913
2147 -2.626501 2.289538
2239 -1.124281 0.333782
2145 -2.657685 2.313926
1726 -1.287757 -0.113031
1724 -1.289972 -0.066568
2774 -3.864405 3.841074
2775 -3.905443 3.881325
1590 -1.075569 0.230894
2953 -1.081533 0.455939
1206 -1.148454 -0.789310
2285 -1.043950 -0.153642
2376 -1.407391 0.714279
2364 -1.265643 0.529529
1785 -1.147256 -0.263129
1415 -1.584295 1.408212
1322 -1.017887 -0.558814
1323 -1.021213 -0.531483
1320 -1.032201 -0.565606
1325 -1.021479 -0.550770
1250 -1.090763 -0.776683
1669 -1.235177 0.034905
2016 -3.902423 3.720548
1453 -1.823151 1.710827
2678 -3.803303 3.594260
2862 -2.923151 2.972429
1576 -1.110451 0.282818
2200 -1.499309 0.805156
2517 -3.428447 3.241011
2187 -1.682662 1.070159
1809 -1.161059 -0.155390
1947 -1.906455 1.401037
2084 -4.351785 4.246335
2141 -2.733809 2.436947
2709 -4.080324 3.980400
2702 -4.153205 4.059244
1451 -1.844083 1.736870
1852 -1.137175 0.122963
1026 -1.647500 -1.780928
1202 -1.164649 -0.775677
2296 -1.014119 -0.132268
2588 -3.138559 2.701926
2036 -4.082103 3.962632
1672 -1.226478 0.018356
2475 -3.493316 3.340708
2354 -1.135204 0.368746
2133 -2.945879 2.713451
1881 -1.216452 0.345486
2652 -3.350614 3.041551
1793 -1.170867 -0.227860
1651 -1.173503 0.012563
1267 -1.117169 -0.730443
2063 -4.376702 4.259526
2932 -1.423543 1.013462
2152 -2.484596 2.119747
2471 -3.431076 3.259090
1560 -1.200178 0.365728
1361 -0.808329 0.150956
1750 -1.226400 -0.201820
2305 -0.980024 -0.117486
1544 -1.282528 0.487916
2424 -2.120733 1.666202
2843 -3.284040 3.332037
2180 -1.813069 1.266225
2433 -2.359358 2.036778
1498 -1.331385 0.889020
1955 -1.958401 1.553360
3014 -0.979388 -0.481609
1729 -1.281577 -0.101709
3003 -0.984701 -0.376994
3001 -0.966863 -0.407790
2770 -3.755398 3.739903
2171 -1.990520 1.491741
1938 -1.824950 1.298893
1207 -1.155302 -0.797683
2768 -3.887665 3.856934
2161 -2.321570 1.894630
2286 -1.054157 -0.130845
1870 -1.171098 0.229306
2295 -1.012330 -0.117234
2561 -3.105968 2.768649
2582 -3.148055 2.734675
2108 -3.737203 3.626141
2105 -3.716464 3.612587
2494 -3.566115 3.398743
1898 -1.383268 0.665982
3035 -0.969912 -0.639666
947 -2.491364 -2.862733
1364 -0.790467 0.200586
341 -3.147104 -4.246663
1210 -1.142798 -0.783047
1992 -3.122030 2.873276
1153 -1.097644 -0.807719
223 -2.807529 -4.122618
1524 -1.335003 0.634145
1940 -1.837010 1.318832
1495 -1.353604 0.940770
2229 -1.223904 0.466028
3012 -0.994978 -0.457401
2137 -2.820793 2.573973
1915 -1.605627 0.989869
774 -3.854779 -5.115488
1262 -1.107476 -0.751387
1011 -1.781783 -1.972712
2569 -3.223150 2.855101
2974 -0.930767 0.028990
2135 -2.923948 2.701750
1400 -1.284125 1.010086
694 -2.891874 -3.674119
2656 -3.383927 3.080106
1655 -1.196724 0.022451
2060 -4.301129 4.178389
2926 -1.477526 1.174322
1748 -1.232601 -0.197511
2447 -2.872087 2.609160
1549 -1.248546 0.431712
2209 -1.437726 0.682271
1953 -1.935640 1.499422
1570 -1.142322 0.327672
2526 -3.295514 3.101395
1829 -1.154821 -0.052730
1822 -1.158047 -0.077405
2148 -2.566656 2.208288
1216 -1.133101 -0.791678
1730 -1.296336 -0.106903
2620 -3.004572 2.549340
2022 -4.014884 3.829521
404 -4.108801 -5.398846
2104 -3.664501 3.578125
1897 -1.387383 0.641218
1523 -1.337687 0.611131
943 -2.525961 -2.889163
2907 -1.970140 1.851163
2488 -3.541256 3.367173
2800 -3.740920 3.756537
2076 -4.491203 4.390648
2924 -1.535893 1.244539
2033 -3.990411 3.863660
1369 -0.896991 0.334927
340 -3.196273 -4.304739
2146 -2.610397 2.297682
1284 -1.065480 -0.660617
1370 -0.874184 0.360794
1540 -1.301439 0.474722
2207 -1.463320 0.734607
2423 -2.139795 1.716388
1814 -1.177467 -0.130239
2841 -3.309968 3.357020
1807 -1.176121 -0.198946
2853 -3.052973 3.101020
1718 -1.276785 -0.051078
1734 -1.283726 -0.170292
1907 -1.497869 0.799262
2374 -1.384580 0.654016
2594 -3.075195 2.630660
771 -3.905153 -5.174282
2461 -3.316233 3.139299
2631 -3.050848 2.651403
695 -2.962621 -3.785502
2905 -2.082843 1.980064
2470 -3.485938 3.306105
2072 -4.512212 4.400749
2446 -2.783587 2.507114
1574 -1.124954 0.301999
1506 -1.336023 0.769295
1769 -1.195174 -0.275417
2735 -3.912592 3.864900
1773 -1.163933 -0.265323
1557 -1.205225 0.379948
2189 -1.653304 1.019641
2188 -1.659881 1.064530
1231 -1.096896 -0.819834
1489 -1.400103 1.036548
1715 -1.277747 -0.060921
2411 -1.924904 1.418873
2763 -4.062922 4.028602
1905 -1.470900 0.771724
1279 -1.055892 -0.657833
1273 -1.094313 -0.718467
2293 -1.035392 -0.138705
403 -4.070686 -5.347294
1890 -1.311244 0.519033
2007 -3.732006 3.534024
1790 -1.168552 -0.249020
2659 -3.425693 3.139510
2127 -3.097256 2.933481
991 -2.134511 -2.451967
2930 -1.405170 1.090875
1648 -1.167098 0.022157
1365 -0.830477 0.242624
2689 -3.980757 3.829981
1991 -3.096465 2.839352
2969 -0.944286 0.128228
2388 -1.577289 0.954922
2518 -3.475407 3.275621
2519 -3.461411 3.267175
1942 -1.863136 1.343791
1226 -1.125015 -0.806598
1921 -1.727796 1.113055
1986 -2.759657 2.490768
2891 -2.452794 2.441506
2174 -1.965663 1.449580
1937 -1.832045 1.299813
1474 -1.504818 1.277295
492 -3.058396 -4.378136
2576 -3.233519 2.842196
2574 -3.258249 2.853777
2110 -3.564763 3.448902
773 -3.868173 -5.114774
2641 -3.281666 2.891419
1402 -1.264977 0.981964
2128 -3.130600 2.962791
138 -3.771435 -5.283112
1082 -1.344020 -1.197894
2802 -3.646300 3.647053
2819 -3.828571 3.846625
1360 -0.760103 0.093093
1224 -1.119925 -0.777093
2054 -4.371749 4.247078
1551 -1.234601 0.427659
2509 -3.549828 3.385156
1233 -1.114032 -0.794230
1711 -1.261538 -0.031182
1573 -1.132023 0.287722
1926 -1.738586 1.130915
2894 -2.454740 2.426192
2893 -2.351875 2.341938
2956 -1.063717 0.423004
2541 -3.127395 2.860078
2384 -1.555778 0.885813
1271 -1.081704 -0.698070
2287 -1.027593 -0.137606
2573 -3.225020 2.837061
2372 -1.388508 0.679862
1871 -1.172137 0.247813
2119 -3.335929 3.188930
2758 -3.886848 3.833655
2584 -3.155107 2.718140
2000 -3.333970 3.115961
1884 -1.263774 0.439302
1429 -1.878505 1.771412
1515 -1.328453 0.699163
1744 -1.261606 -0.196009
1964 -2.119463 1.756664
2723 -3.915098 3.831398
2728 -3.941705 3.882393
1949 -1.915550 1.455512
1929 -1.730673 1.170947
2389 -1.611156 0.955498
2623 -3.127074 2.712843
776 -3.936035 -5.206749
1465 -1.641998 1.515969
1010 -1.790336 -1.972295
2360 -1.247054 0.463177
1679 -1.221125 0.035432
1533 -1.320957 0.529679
1527 -1.335170 0.565695
2824 -3.503693 3.534863
1404 -1.352218 1.062716
336 -3.092723 -4.225157
1650 -1.173828 0.018898
2248 -1.025259 0.244060
2247 -1.057212 0.263638
2495 -3.660259 3.501949
1789 -1.182744 -0.271035
1998 -3.330369 3.113967
1197 -1.152141 -0.763933
1765 -1.207738 -0.246704
2420 -2.054586 1.586009
1811 -1.162666 -0.125665
1804 -1.168380 -0.191250
1945 -1.881666 1.394202
2464 -3.401077 3.204089
2711 -4.156879 4.078552
2394 -1.711988 1.065303
1930 -1.799098 1.229584
1445 -1.888119 1.788409
1849 -1.136514 0.087346
1685 -1.223697 0.005249
2961 -1.037817 0.307286
1893 -1.343069 0.540703
1086 -1.328172 -1.153599
1547 -1.257513 0.465638
1880 -1.231044 0.367245
2959 -1.031841 0.323733
2933 -1.377562 0.994197
1514 -1.348776 0.679837
1115 -1.200826 -0.947259
2250 -1.019730 0.169275
2904 -2.029423 1.909743
2443 -2.783228 2.475870
1194 -1.133688 -0.759268
2643 -3.254259 2.886844
1977 -2.429832 2.100388
1971 -2.230158 1.899007
2842 -3.195956 3.244245
2213 -1.375107 0.644672
2214 -1.384785 0.635744
2434 -2.351676 1.976440
1806 -1.181800 -0.224916
2226 -1.270445 0.512399
2521 -3.433700 3.242094
2701 -4.046285 3.966805
1828 -1.164004 -0.037104
2170 -2.123360 1.577831
2577 -3.261810 2.843348
1319 -1.037590 -0.577148
2563 -3.161608 2.801545
1652 -1.186739 -0.010403
2444 -2.824733 2.502749
1752 -1.222460 -0.218292
2272 -1.056457 -0.106560
1749 -1.232150 -0.182534
2877 -2.776941 2.796361
2553 -3.097901 2.789687
2605 -3.012694 2.566997
2381 -1.548409 0.849330
2283 -1.043560 -0.139824
2595 -3.138433 2.675911
2629 -3.168046 2.745057
314 -2.785405 -3.975036
2101 -3.915082 3.824152
1531 -1.339326 0.575037
304 -2.889504 -4.263611
2067 -4.551744 4.412270
2939 -1.320188 0.866707
1113 -1.221378 -0.972561
2810 -3.771722 3.800729
2440 -2.640406 2.331758
2456 -3.115222 2.889074
1813 -1.160807 -0.140575
2998 -0.960238 -0.352143
1554 -1.230635 0.405640
2409 -1.884912 1.334360
1958 -2.016591 1.587206
2887 -2.669723 2.696690
1575 -1.122587 0.297783
2707 -4.127635 4.047110
2419 -2.083070 1.590908
2396 -1.725305 1.110166
2393 -1.661702 1.056922
1736 -1.283128 -0.154260
1449 -1.787036 1.709250
2581 -3.178706 2.787011
1673 -1.245026 0.057311
1659 -1.204101 0.027922
2833 -3.385182 3.423231
2126 -3.057034 2.875946
2805 -3.679852 3.691508
1562 -1.174869 0.356212
1993 -3.008336 2.765512
2450 -2.958605 2.712171
1982 -2.697426 2.414280
1494 -1.371850 0.995963
1138 -1.130357 -0.848745
1727 -1.286395 -0.092369
2391 -1.646929 1.011154
2954 -1.093877 0.448691
2548 -3.075766 2.801950
2169 -2.017664 1.554733
2163 -2.259328 1.806916
1873 -1.177454 0.266455
2626 -3.136194 2.731412
2751 -3.750081 3.695192
2568 -3.175366 2.799322
2636 -3.176435 2.794328
1665 -1.231953 0.009356
2345 -1.021820 0.234172
2653 -3.286211 2.996943
2935 -1.334154 0.968853
2680 -3.847756 3.663852
1372 -0.949893 0.394030
1810 -1.162403 -0.180045
2505 -3.614003 3.441650
1122 -1.198549 -0.910265
1928 -1.781210 1.197230
1106 -1.221302 -1.031097
2555 -3.127262 2.826206
2557 -3.178431 2.863997
1932 -1.811509 1.232499
1114 -1.172976 -0.958781
2942 -1.234988 0.754978
1911 -1.559018 0.906157
2564 -3.195938 2.846922
1864 -1.173453 0.183484
1780 -1.171454 -0.269914
2822 -3.636897 3.659809
2654 -3.362746 3.064127
2909 -1.924139 1.765012
946 -2.493333 -2.853720
2938 -1.352380 0.924143
2908 -1.936622 1.846745
1741 -1.274850 -0.170693
1367 -0.789047 0.194297
342 -3.192028 -4.323449
2445 -2.799343 2.529581
1193 -1.148169 -0.765969
2690 -3.968395 3.823402
1779 -1.170237 -0.268296
2703 -4.071062 3.983254
2144 -2.713225 2.403911
2892 -2.481830 2.473732
2176 -1.869752 1.343758
2593 -3.112946 2.658553
2003 -3.524142 3.296805
1799 -1.173455 -0.233293
1538 -1.291529 0.503372
2012 -3.814177 3.628875
1436 -1.914627 1.837564
1280 -1.083148 -0.676009
1110 -1.225585 -0.983865
2876 -2.791943 2.832489
2222 -1.309280 0.568443
2139 -2.823052 2.561208
2601 -3.063497 2.600643
1511 -1.343110 0.756276
1910 -1.561802 0.901822
2637 -3.173267 2.758903
1668 -1.210839 0.028886
1088 -1.313520 -1.141577
2826 -3.569631 3.610422
1545 -1.263848 0.447048
1598 -1.068978 0.211996
2246 -1.035314 0.214400
2251 -0.999205 0.148458
1368 -0.886996 0.306934
1778 -1.164148 -0.267645
1252 -1.108781 -0.796055
2095 -4.065043 3.964858
1922 -1.727881 1.110579
1909 -1.506894 0.863559
2469 -3.490926 3.318351
2280 -1.048746 -0.126002
1080 -1.368383 -1.193541
2622 -3.068986 2.619676
1537 -1.315900 0.498743
1675 -1.231692 0.029319
1670 -1.224108 0.003039
137 -3.716259 -5.228628
1981 -2.588975 2.272619
2258 -0.997494 0.040599
1563 -1.165790 0.340760
1784 -1.176491 -0.259182
1199 -1.156575 -0.791980
1198 -1.148189 -0.756096
1501 -1.324234 0.871599
1087 -1.343849 -1.171649
1927 -1.755283 1.184799
1213 -1.155103 -0.807820
2297 -0.995300 -0.119147
2583 -3.205574 2.786937
2635 -3.166724 2.775439
2353 -1.122362 0.342119
1455 -1.780360 1.690200
2831 -3.479451 3.492619
996 -2.009398 -2.294987
2790 -3.884558 3.885871
2928 -1.503323 1.164160
1371 -0.937847 0.375069
1766 -1.182834 -0.266334
691 -2.934603 -3.708177
360 -3.684980 -4.920154
2508 -3.424208 3.269695
2883 -2.747809 2.754029
2410 -1.890455 1.341085
406 -4.060687 -5.346065
216 -2.763986 -4.080587
2607 -2.985550 2.523763
1518 -1.329456 0.646971
2621 -3.084666 2.658928
2368 -1.315331 0.605404
2363 -1.224632 0.481599
2039 -4.119439 3.988859
1264 -1.091531 -0.749497
1660 -1.222110 0.024268
2335 -0.972164 0.109222
2069 -4.440354 4.313140
2721 -4.042941 3.952430
2151 -2.548807 2.163836
2153 -2.478894 2.123226
2142 -2.704102 2.418299
1450 -1.835970 1.741760
2949 -1.121678 0.577015
2375 -1.425646 0.719019
2624 -3.169885 2.734365
647 -3.020330 -4.287237
2640 -3.209267 2.856279
1187 -1.135980 -0.752575
1771 -1.182891 -0.252039
2159 -2.314382 1.914577
2618 -3.049681 2.600008
1328 -1.022308 -0.483512
2405 -1.833507 1.262934
2194 -1.573392 0.929871
2426 -2.213184 1.803607
2502 -3.623243 3.465985
1923 -1.757310 1.149290
493 -3.041039 -4.365641
70 -3.588283 -4.978570
1330 -0.989339 -0.482468
2647 -3.286760 2.933053
1798 -1.171896 -0.242436
335 -3.074066 -4.166375
701 -2.985559 -3.821973
328 -2.936859 -4.018802
2259 -0.997005 0.003326
2254 -0.999739 0.109061
2071 -4.411916 4.323858
1363 -0.805288 0.158064
2277 -1.059006 -0.133180
1944 -1.891946 1.392930
1124 -1.157838 -0.896148
2710 -4.119918 4.027481
1133 -1.161222 -0.866702
1229 -1.125810 -0.786457
2882 -2.686854 2.725908
1721 -1.290579 -0.081265
1931 -1.789733 1.218441
1735 -1.281408 -0.156279
2122 -3.284952 3.169039
2497 -3.692236 3.513664
2048 -4.165351 4.047678
2693 -4.015117 3.902424
2427 -2.238573 1.816238
1550 -1.224840 0.431864
3038 -1.008672 -0.666259
2432 -2.347216 1.991620
1950 -1.972597 1.507315
1720 -1.271608 -0.101991
2397 -1.769800 1.127066
1939 -1.844108 1.333143
1278 -1.079333 -0.699530
1268 -1.109293 -0.727076
2586 -3.166668 2.728181
1326 -1.018505 -0.527278
1089 -1.316692 -1.119113
2017 -3.964755 3.792913
2496 -3.600925 3.442210
2727 -3.913382 3.856175
2173 -1.917327 1.426746
2138 -2.807184 2.568093
1795 -1.163640 -0.237543
1663 -1.218418 0.032116
2903 -2.095165 2.010811
1788 -1.164424 -0.264939
1764 -1.190296 -0.228923
1546 -1.278371 0.456986
1090 -1.323401 -1.126494
1492 -1.374835 0.995908
2157 -2.416963 1.992783
2281 -1.059077 -0.147638
1078 -1.337881 -1.186917
306 -2.864328 -4.218971
1657 -1.191812 0.007823
2809 -3.720496 3.756176
494 -2.999986 -4.341045
3040 -0.989889 -0.638851
1896 -1.397799 0.678932
2649 -3.318094 2.971421
2129 -3.081754 2.875205
1717 -1.273167 -0.068492
1925 -1.728515 1.149737
1580 -1.131545 0.281010
2951 -1.087585 0.509007
2572 -3.274100 2.889588
73 -3.668281 -5.090794
1324 -1.018540 -0.514382
689 -2.934513 -3.754483
2454 -3.091429 2.858787
2501 -3.758164 3.589136
141 -3.578876 -5.009811
2149 -2.578585 2.256245
1109 -1.217201 -0.975514
2937 -1.329383 0.960331
2931 -1.414663 1.095256
2275 -1.055945 -0.119515
1556 -1.224051 0.415746
489 -2.996708 -4.250195
1691 -1.230004 0.024628
2289 -1.049182 -0.139153
1917 -1.649451 1.029356
1528 -1.313077 0.571643
2123 -3.272565 3.152523
941 -2.454934 -2.815044
218 -2.819659 -4.141948
2602 -3.032852 2.573657
71 -3.498149 -4.855536
1329 -0.996710 -0.492351
2249 -1.019651 0.206259
2253 -1.021070 0.145233
1962 -2.047776 1.632254
1956 -1.975446 1.516491
1725 -1.293805 -0.112966
1875 -1.201958 0.311029
1248 -1.091291 -0.772281
1509 -1.334999 0.785189
1517 -1.358022 0.701906
2273 -1.053241 -0.133774
2873 -2.817640 2.854043
2603 -3.007614 2.556633
2613 -3.075108 2.628183
1331 -0.989139 -0.475876
690 -2.898899 -3.685438
3037 -0.978814 -0.659366
2944 -1.198754 0.720586
1195 -1.139815 -0.745115
1943 -1.877329 1.375400
2256 -1.022605 0.073883
2408 -1.858014 1.339574
1739 -1.276470 -0.176090
778 -3.835542 -5.070870
77 -3.666757 -5.098678
2269 -1.030252 -0.109323
1745 -1.269346 -0.182195
1332 -1.000765 -0.448015
1084 -1.340149 -1.165764
2245 -1.050692 0.268281
1796 -1.166304 -0.239888
69 -3.549303 -4.904731
219 -2.876052 -4.251344
1861 -1.154353 0.218153
2390 -1.657715 0.990965
775 -3.706677 -4.896773
1525 -1.347211 0.606833
687 -2.838348 -3.643592
2282 -1.068802 -0.145398
649 -2.977376 -4.213620
942 -2.511903 -2.881678
1343 -0.876568 -0.253518
1211 -1.133416 -0.761274
777 -3.763697 -4.985650
326 -2.815570 -3.842685
221 -2.749406 -4.049807
1920 -1.683406 1.056494
1731 -1.300854 -0.155468
1352 -0.822726 -0.094733
1351 -0.782456 -0.117920
1797 -1.168507 -0.274174
1713 -1.279325 -0.050034
358 -3.571055 -4.782279
2270 -1.063541 -0.121549
2252 -0.993429 0.162059
1091 -1.323547 -1.143867
2217 -1.346046 0.610325
407 -3.888407 -5.111170
648 -3.045746 -4.334451
142 -3.593547 -5.023156
779 -3.776858 -5.004405
310 -2.810547 -4.107682
1366 -0.843185 0.259697
1808 -1.175100 -0.179927
688 -2.974919 -3.759266
318 -2.725756 -3.906527
1085 -1.342123 -1.179431
1347 -0.824627 -0.215280
939 -2.511488 -2.880867
2255 -1.022957 0.118321
2268 -1.026550 -0.055439
693 -2.920299 -3.724634
485 -2.948846 -4.224480
1083 -1.362515 -1.187493
1001 -1.949245 -2.215736
2274 -1.042771 -0.128118
2276 -1.057313 -0.128310
1946 -1.895362 1.396269
1104 -1.273486 -1.059329
2271 -1.037748 -0.114568
2279 -1.066143 -0.143304
1081 -1.363013 -1.191618
408 -3.941384 -5.178117
140 -3.633846 -5.045753
938 -2.458220 -2.819534
1165 -1.086800 -0.753768
3039 -0.987056 -0.671043
486 -3.006237 -4.292241
686 -2.828533 -3.611654
217 -2.737028 -4.030041
214 -2.688978 -3.939680
1094 -1.306671 -1.107206
1092 -1.319005 -1.139996
1342 -0.913064 -0.304739
487 -2.987650 -4.267721
940 -2.451657 -2.799661
491 -3.019970 -4.346615
75 -3.507464 -4.886339
2257 -1.007598 0.062994
409 -3.854787 -5.059690
412 -3.685766 -4.816148
937 -2.520444 -2.887399
411 -3.976344 -5.218724
2278 -1.069956 -0.115906
1353 -0.792607 -0.026537
935 -2.543428 -2.910105
312 -2.769127 -4.019939
143 -3.500839 -4.922609
488 -2.988584 -4.282457
3041 -0.998895 -0.679138
1093 -1.303113 -1.099807
410 -3.818576 -5.027472
1346 -0.854017 -0.209559
685 -2.870713 -3.655468
145 -3.581174 -5.006417
1344 -0.871134 -0.286800
363 -3.702992 -4.906469
68 -3.443105 -4.765891
3043 -1.004250 -0.688737
313 -2.697419 -3.886309
230 -2.680390 -3.973256
780 -3.651083 -4.831985
320 -2.718386 -3.862988
682 -2.883066 -3.669505
684 -2.845164 -3.651184
3044 -1.018818 -0.696006
1345 -0.851289 -0.152902
783 -3.638663 -4.809961
934 -2.562309 -2.926309
66 -3.444371 -4.742805
781 -3.619857 -4.782179
65 -3.519079 -4.865897
490 -2.904970 -4.185944
1338 -0.958839 -0.374125
311 -2.619071 -3.811016
307 -2.706324 -3.989871
1333 -1.014895 -0.475009
3042 -1.003027 -0.684246
484 -2.929146 -4.173811
936 -2.528129 -2.887517
67 -3.461808 -4.790967
782 -3.711601 -4.922855
144 -3.615067 -5.055772
63 -3.342613 -4.639063
1111 -1.202411 -0.990691
931 -2.536731 -2.905716
1339 -0.987153 -0.356778
325 -2.755403 -3.777749
324 -2.836120 -3.948745
2265 -1.049069 -0.087879
238 -2.828756 -4.232650
785 -3.728292 -4.933718
932 -2.623794 -3.002749
3045 -1.011087 -0.687805
784 -3.624576 -4.789135
483 -2.850765 -4.057856
413 -3.758717 -4.936743
309 -2.663044 -3.886273
1096 -1.306513 -1.109365
64 -3.362836 -4.649786
3049 -1.030535 -0.700125
933 -2.513479 -2.866041
663 -2.853145 -3.967803
3046 -1.028872 -0.708367
146 -3.394627 -4.737319
683 -2.862299 -3.619287
229 -2.701041 -4.015541
1098 -1.282616 -1.066414
1095 -1.306405 -1.094482
3050 -1.027701 -0.724887
1358 -0.822247 0.058216
213 -2.703421 -3.970161
930 -2.516134 -2.876981
3048 -1.038936 -0.718155
197 -3.438757 -4.411708
650 -2.899668 -4.076428
787 -3.506972 -4.601451
3047 -1.007049 -0.700660
681 -2.807082 -3.580837
62 -3.306164 -4.542472
362 -3.603732 -4.798448
147 -3.464495 -4.845061
308 -2.742970 -4.026624
1102 -1.252689 -1.000621
315 -2.670339 -3.873227
653 -2.779830 -3.921003
231 -2.770817 -4.062818
3051 -1.018262 -0.740368
929 -2.625760 -3.026658
1006 -1.813913 -2.028802
786 -3.675382 -4.858567
319 -2.727457 -3.869108
1357 -0.786092 -0.046648
651 -2.887323 -4.083333
212 -2.693992 -3.969913
195 -2.861740 -3.828369
482 -2.921256 -4.144619
240 -2.848770 -4.289389
1348 -0.851958 -0.253663
148 -3.349882 -4.649185
323 -2.753847 -3.811591
655 -2.989485 -4.225611
658 -2.775961 -3.883751
211 -2.515834 -3.632328
414 -3.567066 -4.671630
232 -2.584829 -3.805714
662 -2.704314 -3.783237
321 -2.650085 -3.772867
659 -2.805706 -3.918829
1097 -1.298056 -1.066872
652 -2.928709 -4.142429
654 -2.831771 -4.040148
1355 -0.838932 -0.151326
432 -3.144113 -3.962937
679 -2.711544 -3.391638
61 -3.252896 -4.483631
322 -2.692241 -3.703665
151 -3.194360 -4.443207
243 -2.788796 -4.209017
149 -3.119217 -4.356926
680 -2.882405 -3.627543
656 -2.712122 -3.846319
1356 -0.840068 -0.151672
150 -3.198860 -4.449198
194 -3.098619 -3.976851
668 -2.479396 -3.336853
1350 -0.807276 0.004729
1349 -0.801171 -0.100536
472 -2.830768 -3.945519
678 -2.817651 -3.549391
479 -2.801373 -3.921405
657 -2.811974 -3.924183
196 -2.484316 -3.440822
665 -2.554429 -3.512801
661 -2.684292 -3.726598
199 -3.541583 -4.489789
660 -2.629179 -3.675217
192 -2.527965 -3.435156
181 -3.294304 -4.146259
667 -2.388307 -3.251368
473 -2.521625 -3.537396
664 -2.363662 -3.252861
928 -2.655041 -3.030801
433 -3.280746 -4.102266
441 -2.977174 -3.705666
666 -2.357008 -3.269498
180 -2.460058 -3.330058
153 -2.633605 -3.683620
152 -2.396561 -3.338076
1354 -0.773609 0.089921
