1 1
2 2
3 3
4 4
5 5 6
6 7
7 8
8 9
9 10
10 11 12
11 13
12 14
13 15 16 17 18 19 20
14 21
15 22
16 23 24 25
17 26
18 27 28 29
19 30 31 32 33 34 35 36 37 38 39 40 41 42 43 44 45 46 47
20 48 49 50 51 52
21 53
22 54
23 55
24 56
25 57 58 59 60
26 61 62 63 64
27 65 66 67 68
28 69
29 70
30 71
31 72
32 73
33 74
34 75 76 77
35 78
36 79
37 80 81 82
38 83 84 85 86
39 87 88 89 90 91 92
40 93
41 94 95
42 96 97 98
43 99 100 101 102 103 104
44 105 106 107
45 108
46 109 110
47 111
48 112
49 113 114 115
50 116 117 118 119 120 121
51 122 123
52 124
53 125 126 127 128 129
54 130 131 132 133 134
55 135 136 137 138 139 140 141
56 142 143 144
57 145 146 147 148 149
58 150 151 152
59 153
60 154 155 156
61 157
62 158
63 159
64 160
65 161 162
66 163
67 164 165 166
68 167 168 169
69 170
70 171 172 173 174
71 175
72 176
73 177
74 178
75 179 180
76 181
77 182 183
78 184
79 185 186 187
80 188 189 190 191 192 193 194
81 195 196 197 198
82 199 200
83 201 202 203 204 205 206 207
84 208 209 210
85 211 212 213 214
86 215 216 217 218 219
87 220 221
88 222
89 223 224 225 226
90 227 228 229
91 230 231 232
92 233 234 235 236 237 238
93 239 240 241 242
94 243 244 245 246 247
95 248 249 250
96 251 252 253 254 255 256
97 257 258 259
98 260
99 261
100 262
101 263
102 264
103 265 266
104 267
105 268
106 269 270 271
107 272 273 274
108 275
109 276
110 277 278
111 279
112 280 281 282 283 284 285 286 287 288 289 290
113 291
114 292 293
115 294 295 296
116 297
117 298
118 299
119 300 301 302
120 303
121 304
122 305 306
123 307
124 308
125 309
126 310
127 311
128 312
129 313
130 314 315
131 316
132 317
133 318 319
134 320
135 321
136 322 323 324
137 325
138 326
139 327 328 329 330
140 331 332 333 334
141 335
142 336
143 337
144 338 339 340
145 341
146 342
147 343
148 344
149 345
150 346 347
151 348
152 349 350
153 351
154 352 353 354
155 355 356
156 357
157 358 359
158 360 361 362
159 363
160 364 365 366 367
161 368
162 369 370 371
163 372
164 373
165 374
166 375 376
167 377
168 378 379
169 380
170 381
171 382
172 383 384 385
173 386 387 388 389 390
174 391
175 392
176 393
177 394
178 395 396 397
179 398
180 399 400 401 402 403
181 404
182 405
183 406
184 407
185 408
186 409
187 410
188 411
189 412
190 413 414 415 416 417 418
191 419
192 420 421 422
193 423
194 424 425
195 426
196 427
197 428
198 429 430
199 431 432 433 434 435
200 436 437 438
201 439 440 441
202 442 443 444
203 445
204 446 447
205 448 449 450 451
206 452 453 454
207 455
208 456
209 457
210 458 459
211 460
212 461
213 462
214 463
215 464 465 466 467 468 469 470 471
216 472
217 473
218 474
219 475
220 476
221 477
222 478
223 479
224 480
225 481 482 483 484
226 485 486 487 488 489 490 491
227 492
228 493 494 495 496 497
229 498 499 500
230 501
231 502
232 503 504
233 505 506 507
234 508
235 509
236 510 511 512 513 514 515 516
237 517 518
238 519
239 520
240 521 522
241 523 524 525
242 526 527 528 529 530 531 532
243 533 534 535 536
244 537 538 539
245 540
246 541
247 542 543 544
248 545
249 546
250 547 548 549 550 551 552 553 554 555
251 556 557
252 558 559 560 561
253 562 563 564
254 565 566 567
255 568
256 569
257 570
258 571
259 572 573
260 574
261 575 576 577
262 578 579 580
263 581
264 582 583 584
265 585
266 586 587 588
267 589 590 591 592 593 594
268 595
269 596
270 597
271 598
272 599
273 600
274 601 602 603
275 604 605 606
276 607 608
277 609
278 610
279 611
280 612
281 613
282 614
283 615 616 617
284 618 619
285 620 621
286 622 623 624
287 625
288 626
289 627 628 629
290 630 631 632
291 633
292 634 635 636
293 637
294 638 639 640
295 641 642 643
296 644 645 646 647 648
297 649
298 650
299 651
300 652 653 654
301 655
302 656 657 658
303 659
304 660 661 662 663
305 664 665 666
306 667 668 669
307 670
308 671 672 673
309 674
310 675
311 676
312 677
313 678
314 679
315 680 681
316 682
317 683 684
318 685 686
319 687
320 688
321 689 690 691 692
322 693 694 695 696 697
323 698
324 699
325 700 701 702
326 703 704 705
327 706 707 708 709 710 711 712 713
328 714 715 716 717 718 719 720 721 722 723 724 725
329 726
330 727
331 728
332 729 730 731 732 733 734
333 735 736 737
334 738
335 739
336 740
337 741 742 743 744
338 745 746 747
339 748 749
340 750 751 752
341 753
342 754
343 755 756
344 757
345 758
346 759 760 761 762
347 763 764 765 766
348 767
349 768 769 770 771 772
350 773
351 774 775 776
352 777 778
353 779 780
354 781
355 782
356 783
357 784
358 785 786
359 787 788
360 789 790
361 791
362 792 793
363 794
364 795
365 796 797
366 798
367 799
368 800
369 801
370 802 803
371 804
372 805 806 807 808 809 810 811 812 813
373 814
374 815 816
375 817 818
376 819
377 820 821 822 823 824
378 825 826
379 827 828 829 830 831
380 832 833
381 834 835 836
382 837 838
383 839
384 840 841 842 843
385 844 845 846 847
386 848
387 849
388 850 851 852 853 854
389 855 856 857 858 859 860 861 862 863
390 864
391 865 866 867 868
392 869 870
393 871
394 872
395 873 874 875 876 877
396 878
397 879
398 880 881
399 882 883 884 885 886 887
400 888
401 889
