1 1
2 2 3 4 5 6 7
3 8
4 9 10 11
5 12
6 13 14 15 16 17 18 19 20
7 21 22 23 24
8 25
9 26
10 27
11 28
12 29 30
13 31 32
14 33
15 34
16 35 36
17 37 38 39 40
18 41
19 42 43 44 45
20 46
21 47
22 48 49 50
23 51 52
24 53 54 55
25 56 57
26 58 59
27 60
28 61
29 62
30 63
31 64
32 65
33 66 67
34 68 69 70
35 71
36 72
37 73 74 75 76
38 77 78 79
39 80 81
40 82
41 83 84
42 85 86
43 87 88
44 89
45 90
46 91 92 93 94
47 95 96 97
48 98
49 99 100
50 101 102 103 104
51 105
52 106 107
53 108
54 109
55 110
56 111 112
57 113 114
58 115
59 116
60 117
61 118
62 119 120 121 122
63 123 124 125 126
64 127
65 128
66 129 130 131 132
67 133 134 135
68 136
69 137
70 138 139 140 141
71 142 143 144 145 146 147 148
72 149 150 151
73 152
74 153 154 155
75 156 157 158 159 160 161 162 163
76 164
77 165 166 167 168 169 170
78 171
79 172
80 173
81 174 175 176 177 178 179
82 180 181 182
83 183 184 185 186
84 187
85 188
86 189
87 190
88 191
89 192
90 193
91 194
92 195 196 197 198 199 200 201 202 203 204
93 205 206
94 207
95 208
96 209
97 210
98 211
99 212 213
100 214
101 215
102 216 217
103 218
104 219 220 221
105 222 223
106 224 225 226 227 228 229 230
107 231 232 233
108 234 235
109 236 237 238
110 239
111 240
112 241 242 243 244 245 246 247
113 248
114 249
115 250
116 251
117 252 253 254
118 255
119 256
120 257
121 258
122 259
123 260
124 261
125 262
126 263
127 264
128 265
129 266
130 267 268 269
131 270
132 271 272
133 273
134 274
135 275 276 277 278
136 279
137 280 281 282
138 283
139 284
140 285
141 286 287 288
142 289 290
143 291
144 292 293
145 294 295 296
146 297
147 298
148 299
