1 1
2 2
3 3 4
4 5 6 7 8
5 9
6 10 11
7 12 13
8 14
9 15
10 16 17
11 18
12 19 20 21
13 22
14 23
15 24 25 26
16 27 28
17 29
18 30 31 32 33
19 34
20 35 36 37 38 39 40 41
21 42
22 43
23 44
24 45
25 46
26 47
27 48
28 49
29 50
30 51 52 53
31 54
32 55
33 56
34 57
35 58
36 59
37 60
38 61
39 62
40 63 64 65
41 66
42 67
43 68
44 69
45 70 71
46 72 73 74
47 75
48 76 77 78 79
49 80
50 81
51 82 83 84 85 86 87
52 88 89 90
53 91 92
54 93 94 95 96 97
55 98
56 99
57 100 101 102 103 104 105
58 106 107 108 109 110
59 111 112
60 113
61 114
62 115 116 117 118
63 119 120 121
64 122
65 123 124
66 125
67 126
68 127 128 129 130 131
69 132 133
70 134 135 136 137 138 139 140 141 142 143
71 144
72 145 146 147 148 149
73 150
74 151
75 152
76 153 154 155
77 156 157
78 158
79 159 160 161 162 163 164 165
80 166
81 167
82 168
83 169 170 171
84 172 173
85 174
86 175
87 176
88 177
89 178 179 180
90 181
91 182
92 183 184 185 186 187
93 188 189 190 191 192 193
94 194 195 196
95 197 198
96 199 200 201 202 203
97 204 205 206 207 208 209
98 210
99 211
100 212
101 213
102 214
103 215 216 217
104 218
105 219
106 220
107 221
108 222
109 223
110 224
111 225
112 226
113 227 228
114 229 230 231
115 232
116 233
117 234
118 235
119 236 237 238
120 239
121 240
122 241
123 242
124 243
125 244 245 246 247 248 249
