1 1
2 2 3 4
3 5
4 6
5 7 8 9
6 10
7 11
8 12
9 13
10 14
11 15 16
12 17 18
13 19
14 20 21
15 22
16 23
17 24
18 25 26
19 27 28
20 29 30
21 31
22 32
23 33 34
24 35
25 36
26 37
27 38 39
28 40
29 41
30 42
31 43 44 45
32 46
33 47
34 48 49
35 50 51 52 53
36 54 55
37 56
38 57 58 59 60 61
39 62 63 64
40 65
41 66
42 67
43 68
44 69
45 70
46 71
47 72
48 73
49 74
50 75
51 76
52 77
53 78 79 80
54 81 82
55 83 84 85 86
56 87 88
57 89 90 91 92
58 93 94 95
59 96 97 98 99
60 100 101 102 103 104
61 105 106 107 108 109 110 111
62 112 113 114 115
63 116
64 117
65 118
66 119
67 120 121
68 122
69 123
70 124
71 125 126 127
72 128
73 129 130
74 131
75 132 133 134 135
76 136 137
77 138
78 139
79 140
80 141
81 142
82 143
83 144
84 145
85 146 147
86 148
87 149 150 151 152 153
88 154 155 156 157 158
89 159
90 160 161
91 162
92 163
93 164 165
94 166
95 167
96 168
97 169
98 170 171 172
99 173
100 174 175 176 177 178 179
101 180 181 182 183 184
102 185
103 186
104 187
105 188 189
106 190
107 191 192
108 193
109 194 195 196 197
110 198
111 199 200
112 201
113 202 203 204
114 205 206
115 207 208 209 210 211 212
116 213
117 214
118 215 216
119 217
120 218 219 220 221 222 223
121 224
122 225
123 226 227 228
124 229
125 230 231 232 233
126 234 235
127 236 237
128 238
129 239
130 240 241 242
131 243 244
132 245 246 247 248
133 249 250 251 252
134 253 254
135 255 256 257 258
136 259 260
137 261
138 262 263
139 264
140 265
141 266
142 267 268 269 270 271 272 273 274 275 276 277
143 278
144 279 280
145 281 282 283
146 284
147 285 286 287 288
148 289 290 291 292 293
149 294 295 296
150 297 298 299
151 300
152 301 302 303 304
153 305 306 307
154 308 309 310
155 311
156 312 313 314
157 315 316 317 318 319 320
158 321 322 323 324 325 326
159 327
160 328
161 329 330 331
162 332 333
163 334
164 335 336 337
165 338 339 340
166 341 342
167 343
168 344 345 346 347 348
169 349 350 351 352 353
170 354
171 355
172 356
173 357 358
174 359 360 361 362
175 363
176 364 365
177 366 367 368 369 370
178 371 372 373
179 374
