11 51100000 11 54620000
23 65020000 23 65740000
11 54660000 11 51100000
9 104620000 9 103620000
23 134940000 23 135060000
23 105900000 23 105620000
11 51060000 11 54580000
11 51060000 11 55060000
11 51180000 11 55060000
23 151500000 23 150700000
23 150700000 23 151500000
23 41540000 23 42060000
23 136060000 23 136860000
23 18860000 23 19260000
23 101020000 23 101220000
23 5740000 23 4860000
8 43700000 8 47900000
12 10620000 12 10380000
11 54740000 11 51180000
23 68620000 23 69220000
17 42820000 17 43060000
11 51140000 11 55340000
23 23940000 23 23860000
11 51060000 11 54700000
10 37060000 10 36420000
6 57700000 6 62100000
11 51180000 11 54700000
23 41580000 23 42980000
6 62100000 6 57700000
22 21140000 22 21460000
22 21460000 22 21140000
23 38500000 23 38820000
6 61980000 6 57780000
23 92300000 23 92420000
11 54740000 11 51060000
7 46340000 7 47180000
23 133740000 23 133500000
23 21620000 23 20460000
16 46740000 16 45700000
1 246460000 1 246660000
4 145300000 4 146100000
11 51140000 11 54580000
23 108460000 23 107940000
23 147780000 23 146940000
23 47740000 23 47500000
11 51100000 11 54940000
10 36420000 10 37060000
3 97420000 3 96060000
23 21660000 23 20460000
9 103620000 9 104620000
6 57740000 6 61980000
23 64060000 23 64620000
8 43220000 8 43700000
23 19260000 23 18860000
23 5660000 23 4380000
24 13940000 24 13580000
23 151140000 23 150740000
12 53900000 12 54260000
23 47660000 23 47740000
23 35860000 23 36700000
11 51180000 11 54660000
23 136100000 23 136860000
23 33580000 23 32420000
7 47180000 7 46340000
11 54580000 11 51060000
11 55060000 11 51060000
23 47500000 23 47740000
23 92420000 23 92300000
20 23500000 20 23380000
23 101220000 23 101020000
23 34220000 23 33460000
23 133500000 23 133740000
23 68820000 23 69100000
23 46100000 23 45900000
23 151500000 23 150860000
23 99020000 23 98660000
6 57700000 6 62060000
11 54740000 11 51140000
12 54260000 12 53900000
23 53620000 23 53260000
23 69220000 23 68620000
23 65740000 23 65020000
8 43220000 8 43740000
11 51100000 11 54660000
23 122380000 23 122140000
23 23860000 23 23940000
11 54940000 11 51140000
23 6580000 23 6780000
20 23380000 20 23500000
23 150740000 23 151140000
4 146100000 4 145300000
23 43100000 23 41540000
23 4620000 23 5780000
23 6780000 23 6580000
24 16380000 24 16740000
23 45900000 23 46100000
23 20460000 23 21660000
23 47740000 23 47660000
3 96060000 3 97420000
23 41540000 23 43100000
11 54580000 11 51140000
11 51180000 11 54740000
23 69180000 23 68620000
8 43740000 8 43220000
6 62060000 6 57700000
23 13980000 23 14580000
23 39380000 23 40060000
24 15700000 24 16220000
23 4860000 23 5740000
12 53860000 12 54300000
23 135060000 23 134940000
11 54700000 11 51060000
23 40060000 23 39380000
11 54620000 11 51100000
11 55260000 11 51060000
23 36700000 23 35860000
23 42980000 23 41580000
23 146940000 23 147780000
23 14580000 23 13980000
23 136860000 23 136100000
19 61220000 19 59740000
11 54700000 11 51180000
23 68660000 23 69180000
1 246900000 1 246660000
23 38820000 23 38500000
23 68620000 23 69140000
11 51100000 11 55060000
15 21700000 15 22380000
6 57780000 6 61980000
23 107940000 23 108460000
11 55340000 11 51140000
24 13580000 24 13940000
11 51140000 11 54740000
23 64620000 23 64060000
23 32420000 23 33580000
11 55060000 11 51100000
23 150860000 23 151500000
16 45700000 16 46740000
23 69180000 23 68660000
12 10380000 12 10620000
23 5780000 23 4620000
23 73140000 23 72980000
24 16740000 24 16380000
7 67740000 7 66860000
23 33460000 23 34220000
11 51140000 11 54940000
23 53260000 23 53620000
11 54940000 11 51100000
11 51060000 11 55260000
23 141660000 23 140980000
23 122140000 23 122380000
23 20460000 23 21620000
23 4380000 23 5660000
24 16220000 24 15700000
23 42060000 23 41540000
1 246660000 1 246460000
23 98660000 23 99020000
1 246660000 1 246900000
23 69140000 23 68620000
23 69100000 23 68820000
15 22380000 15 21700000
11 55060000 11 51180000
17 43060000 17 42820000
6 61980000 6 57740000
7 66860000 7 67740000
11 51060000 11 54740000
8 47900000 8 43700000
11 54660000 11 51180000
23 136860000 23 136060000
12 54300000 12 53860000
11 51060000 11 54620000
23 68620000 23 69180000
23 105620000 23 105900000
23 140980000 23 141660000
19 59740000 19 61220000
8 43700000 8 43220000
23 72980000 23 73140000
11 54620000 11 51060000
