1 1 2
2 3
3 4 5
4 6 7
5 8
6 9 10 11 12 13 14
7 15 16 17
8 18
9 19
10 20
11 21 22 23
12 24
13 25
14 26 27
15 28 29
16 30 31
17 32 33 34 35 36 37
18 38
19 39
20 40
21 41
22 42
23 43 44 45 46 47 48
24 49 50 51 52 53 54
25 55 56
26 57 58
27 59 60 61 62 63 64
28 65
29 66
30 67 68 69
31 70
32 71 72
33 73 74 75
34 76
35 77
36 78
37 79 80 81 82 83
38 84
39 85
40 86 87 88 89 90 91 92 93 94
41 95 96 97 98 99 100 101 102
42 103
43 104
44 105 106
45 107
46 108
47 109
48 110
49 111 112
50 113
51 114 115
52 116
53 117
54 118
55 119
56 120
57 121
58 122
59 123 124
60 125
61 126 127 128
62 129 130
63 131 132 133 134 135 136 137
64 138
65 139 140 141 142
66 143 144 145
67 146
68 147 148 149
69 150
70 151
71 152
72 153
73 154
74 155 156
75 157 158 159 160 161
76 162 163 164
77 165
78 166
79 167
80 168
81 169
82 170 171
83 172 173
84 174
85 175 176 177
86 178
87 179
88 180
89 181
90 182
91 183 184
92 185 186 187 188 189
93 190 191
94 192
95 193
96 194 195 196
97 197
98 198
99 199
100 200
101 201
102 202
103 203
104 204 205 206
105 207 208
106 209
107 210 211
108 212
109 213
110 214 215 216
111 217 218
112 219 220 221
113 222 223 224 225
114 226 227 228
115 229 230 231 232 233 234 235 236 237
116 238
117 239 240 241 242 243 244 245 246 247 248 249 250 251 252 253
118 254
119 255
120 256
121 257 258 259 260 261 262 263
122 264 265
123 266
124 267 268
125 269
126 270 271
127 272
128 273 274 275 276 277 278
129 279
130 280 281 282
131 283
132 284
133 285 286
134 287 288 289
135 290
136 291
137 292 293 294 295
138 296
139 297
140 298
141 299 300 301 302 303
142 304
143 305
144 306
145 307
146 308
147 309
148 310
149 311 312 313
150 314
151 315
152 316
153 317 318
154 319
155 320 321 322 323 324
156 325 326
157 327
158 328
159 329 330 331 332
160 333 334
161 335 336
162 337
163 338
164 339
165 340
166 341
167 342
168 343 344 345
169 346
170 347
171 348
172 349 350 351 352
173 353 354 355
174 356
175 357
176 358
177 359 360 361 362 363
178 364
179 365
180 366
181 367
182 368
183 369 370 371 372
184 373 374 375 376 377 378 379
185 380
186 381 382 383
187 384 385
188 386
189 387 388
190 389
191 390 391
192 392 393 394
193 395
194 396
195 397 398
196 399 400
197 401
198 402
199 403
200 404
201 405 406 407 408
202 409
203 410 411 412 413
204 414
205 415 416
206 417 418 419
207 420 421 422
208 423 424 425
209 426 427 428 429
210 430 431 432 433 434 435
211 436 437 438 439 440 441
212 442 443 444 445
213 446
214 447
215 448 449 450 451
216 452 453 454 455
217 456
218 457
219 458
220 459 460
221 461 462 463
222 464 465
223 466
224 467 468 469
225 470 471 472
226 473
227 474 475 476 477 478 479 480
228 481
229 482
230 483
231 484
232 485 486
233 487
234 488 489 490
235 491 492
236 493 494
237 495
238 496 497 498
239 499
