1 1
2 2
3 3
4 4
5 5 6 7 8
6 9
7 10
8 11
9 12
10 13
11 14
12 15 16
13 17 18
14 19
15 20 21 22
16 23 24 25 26 27 28
17 29
18 30 31 32 33
19 34 35
20 36
21 37 38 39
22 40
23 41
24 42
25 43 44
26 45 46 47 48
27 49
28 50 51 52 53 54
29 55
30 56 57
31 58
32 59 60 61 62 63 64 65
33 66 67 68
34 69 70
35 71
36 72
37 73 74 75 76
38 77 78 79
39 80
40 81
41 82
42 83 84 85
43 86
44 87
45 88
46 89
47 90 91 92 93
48 94 95
49 96
50 97 98
51 99 100 101
52 102
53 103 104 105
54 106
55 107
56 108 109 110
57 111
58 112
59 113
60 114
61 115 116 117
62 118 119
63 120 121 122 123
64 124
65 125
66 126
67 127 128 129
68 130
69 131
70 132 133 134
71 135 136
72 137 138 139 140
73 141 142 143
74 144
75 145 146 147
76 148 149 150 151
77 152 153 154
78 155
79 156 157
80 158 159 160 161 162 163 164
81 165
82 166
83 167
84 168 169 170 171 172 173
85 174 175 176 177
86 178
87 179
88 180 181 182
89 183
90 184 185 186 187 188 189 190
91 191
92 192
93 193 194 195 196 197
94 198 199 200 201 202 203 204 205 206 207
95 208 209 210 211 212
96 213
97 214
98 215
99 216 217 218 219 220 221
100 222 223 224 225 226 227
101 228 229 230 231
102 232 233
103 234 235 236 237 238
104 239 240 241
105 242
106 243 244
107 245 246
108 247
109 248
110 249
111 250
112 251
113 252 253
114 254 255 256 257
115 258
116 259
117 260
118 261 262 263 264 265 266 267 268 269
119 270 271
120 272
121 273
122 274
123 275
124 276
125 277
126 278
127 279
128 280
129 281
130 282
131 283 284
132 285 286 287
133 288
134 289
135 290 291 292
136 293 294 295 296
137 297
138 298
139 299 300 301 302
140 303
141 304
142 305
143 306
144 307 308 309
145 310
146 311
147 312 313 314
148 315 316 317 318
149 319
150 320
151 321
152 322
153 323 324
154 325 326 327 328
155 329 330
156 331
157 332 333 334 335 336 337
158 338
159 339
160 340
161 341 342
162 343
163 344
164 345
165 346 347 348 349 350
166 351
167 352
168 353
169 354
170 355
171 356
172 357
173 358 359 360 361
174 362 363 364
175 365 366
176 367
177 368
178 369
179 370 371 372 373 374
180 375
181 376
182 377 378 379 380
183 381 382 383
184 384
185 385 386 387
186 388 389
187 390 391 392 393
188 394 395
189 396
190 397
191 398
192 399
193 400
194 401
195 402 403
196 404
197 405 406 407
198 408 409 410
199 411 412
200 413
201 414 415
202 416
203 417
204 418 419 420 421
205 422 423 424 425 426
206 427 428 429 430 431 432 433
207 434
208 435
209 436
210 437 438
211 439
212 440
213 441
214 442 443 444 445 446 447
215 448 449
216 450
217 451
218 452 453
219 454 455 456 457
220 458 459 460
221 461
222 462
223 463
224 464 465 466 467
225 468
226 469
227 470
228 471
229 472
230 473 474
231 475
232 476 477 478
233 479
234 480 481 482 483 484
235 485
236 486
237 487
238 488
239 489
240 490 491
241 492 493 494 495 496 497
242 498
243 499
244 500
245 501 502
246 503
247 504 505 506
248 507 508 509
249 510
250 511
251 512 513
252 514
253 515
254 516
255 517
256 518 519 520
257 521 522 523
258 524
259 525 526 527
260 528
261 529 530 531
262 532 533
263 534
264 535 536 537 538
265 539 540
266 541
267 542
268 543
269 544 545 546
270 547
271 548 549
272 550
273 551
274 552 553
275 554 555 556 557
276 558 559 560 561
277 562 563 564
278 565
279 566 567
280 568
281 569 570 571 572
282 573
283 574 575 576 577
284 578 579
285 580 581
286 582
287 583 584 585
288 586 587 588
289 589
290 590 591 592
291 593
292 594 595 596
293 597 598
294 599 600 601 602 603 604
295 605
296 606
297 607
298 608
299 609 610 611
300 612
301 613
302 614
