322 2.235114812850952 -0.2682698965072632
325 0.12205788493156433 -0.2695441246032715
327 0.11949772387742996 -0.2695485055446625
328 0.11932963132858276 -0.2695426940917969
337 0.11914777010679245 -0.2698269486427307
338 0.12029266357421875 -0.269827276468277
339 0.11949782073497772 -0.2695484459400177
340 0.1194874569773674 -0.26954880356788635
341 0.1193317323923111 -0.26954296231269836
342 0.12009746581315994 -0.269543319940567
343 0.11933150142431259 -0.26954299211502075
344 0.11967533826828003 -0.2695640027523041
345 0.11914778500795364 -0.26982682943344116
346 0.11933033168315887 -0.26954296231269836
347 0.11940067261457443 -0.2698241174221039
348 0.11914771050214767 -0.26982688903808594
349 0.11924345791339874 -0.269827276468277
350 0.11922788619995117 -0.2695430517196655
351 0.12202727049589157 -0.2695440649986267
352 0.11907081305980682 -0.26982685923576355
353 0.11933168023824692 -0.26954299211502075
354 0.12018155306577682 -0.2695433795452118
355 0.11934004724025726 -0.26956412196159363
356 0.11925328522920609 -0.2698272466659546
357 0.11900439858436584 -0.26982733607292175
358 0.11949781328439713 -0.2695485055446625
359 0.1192513257265091 -0.2698270380496979
360 0.11932983249425888 -0.26954278349876404
361 0.12016022205352783 -0.2695433795452118
362 0.12005873769521713 -0.2695433795452118
363 0.11933166533708572 -0.26954296231269836
364 0.11949793249368668 -0.2695484757423401
365 0.12010551244020462 -0.2695433795452118
366 0.11924821138381958 -0.2698272168636322
367 0.11915598809719086 -0.2695014476776123
368 0.11970497667789459 -0.26954108476638794
369 0.12016280740499496 -0.2695433795452118
370 0.11914766579866409 -0.26982688903808594
371 0.11923082172870636 -0.269542932510376
372 0.11937601119279861 -0.26982709765434265
373 0.11924052238464355 -0.26954275369644165
374 0.11907188594341278 -0.2698286175727844
377 0.1193738654255867 -0.2698005139827728
378 0.11949793994426727 -0.26954853534698486
379 0.11925502121448517 -0.26954302191734314
380 0.11947791278362274 -0.2695528268814087
381 0.11907351016998291 -0.26950910687446594
382 0.12153716385364532 -0.2695438861846924
383 0.11939682811498642 -0.26950129866600037
384 0.11925503611564636 -0.26954299211502075
385 0.12005086243152618 -0.26906123757362366
386 0.12018381059169769 -0.2695434093475342
387 0.11976278573274612 -0.2695433795452118
388 0.1219538003206253 -0.2695440948009491
389 0.1201564371585846 -0.26954346895217896
390 0.11949913948774338 -0.26954078674316406
391 0.11932999640703201 -0.26954296231269836
392 0.1201007217168808 -0.2695433795452118
393 0.11932982504367828 -0.26954299211502075
394 0.1191539615392685 -0.26986315846443176
395 0.11923041194677353 -0.2695430517196655
396 0.11949754506349564 -0.2695484459400177
397 0.11977598071098328 -0.26954877376556396
398 0.12206471711397171 -0.2695441246032715
399 0.12202340364456177 -0.2695440948009491
400 0.12200461328029633 -0.2695441246032715
401 0.11887809634208679 -0.269501268863678
402 0.11949785053730011 -0.26954853534698486
403 0.11933555454015732 -0.2693142592906952
404 0.11914771050214767 -0.26982682943344116
405 0.11914770305156708 -0.26982688903808594
406 0.11927937716245651 -0.26931431889533997
407 0.11925525218248367 -0.26954296231269836
408 0.11922749876976013 -0.26954278349876404
409 0.1220543161034584 -0.2695441246032715
410 0.11949755251407623 -0.2695484757423401
415 0.11940068006515503 -0.26982414722442627
416 0.11913059651851654 -0.26954302191734314
417 0.11918187886476517 -0.2695430815219879
418 0.11949813365936279 -0.2695484757423401
419 0.11925513297319412 -0.2698272466659546
420 0.11933176964521408 -0.26954296231269836
421 0.1191539391875267 -0.2698631286621094
422 0.119181789457798 -0.2695431411266327
423 0.11888335645198822 -0.26975762844085693
424 0.11923303455114365 -0.26954302191734314
425 0.11933224648237228 -0.26954302191734314
426 0.1192326620221138 -0.2695429027080536
427 0.11933540552854538 -0.2693142592906952
428 -0.061814650893211365 -0.8411177396774292
429 0.7692840099334717 -1.1288511753082275
430 1.1714166402816772 1.0628043413162231
433 -1.1021599769592285 -1.5103819370269775
436 0.7207866907119751 1.319597601890564
437 -0.6488231420516968 0.40846747159957886
439 0.9112061858177185 1.214455246925354
440 -0.23173563182353973 1.4881552457809448
441 -1.5533244609832764 -0.8251648545265198
442 -1.0940890312194824 -1.5221052169799805
443 0.7150409817695618 0.4923548698425293
444 0.22714711725711823 -1.978846549987793
445 -1.095597267150879 -1.5209466218948364
446 0.13071174919605255 1.4963446855545044
447 -0.5704807043075562 -0.1772085428237915
448 0.642462968826294 -0.32050350308418274
449 -0.3175066411495209 -1.3484694957733154
450 -1.601697564125061 -0.13088028132915497
451 -0.33848991990089417 -1.349393367767334
452 -1.593766450881958 -0.12354281544685364
453 -1.1186201572418213 0.9253875613212585
454 -1.5038485527038574 0.3789716064929962
455 0.6816375255584717 0.4584965109825134
456 -0.061302848160266876 0.8817804455757141
457 -0.32968977093696594 -0.12085185199975967
458 -0.14373832941055298 -0.7658754587173462
459 0.6254050135612488 0.4312938451766968
460 -0.35675710439682007 -1.276279330253601
461 -0.07900631427764893 -0.8435084819793701
462 0.6496471166610718 -0.051161348819732666
463 0.6936278343200684 0.6171419620513916
464 -1.5968824625015259 -0.11748158931732178
465 -1.3719595670700073 0.631242573261261
466 -1.4777792692184448 0.4899096190929413
467 0.1717117875814438 0.9475177526473999
468 -0.3478066623210907 -0.4237458407878876
469 -0.9131340980529785 1.1615347862243652
470 -1.6171700954437256 -0.08199778199195862
471 0.6404701471328735 -0.3856179714202881
472 -1.5478135347366333 -0.8455132246017456
473 -1.5934937000274658 -0.12230321764945984
474 -0.35492244362831116 -1.2655203342437744
475 -1.1229218244552612 0.9227171540260315
476 -0.6104727387428284 0.5201175808906555
477 0.4822363555431366 1.4254372119903564
478 -1.6561946868896484 -0.42364951968193054
479 -1.105367660522461 0.9451083540916443
480 0.6473979949951172 -0.05568455159664154
481 -0.34564831852912903 -0.4763396084308624
482 0.5122923851013184 -1.8963861465454102
483 -0.001973353326320648 -0.8198238611221313
484 0.16641637682914734 -1.3146522045135498
485 -0.3733774423599243 -0.39396682381629944
486 -0.5894649624824524 -1.0885419845581055
487 0.36721712350845337 -0.7178253531455994
488 -0.8835487365722656 -0.7812570929527283
489 -0.14121192693710327 -0.7662889957427979
490 0.646909773349762 -0.03903971612453461
491 0.7441518306732178 -1.0264757871627808
492 -0.641868531703949 -1.2743809223175049
493 -0.013743122108280659 0.639618456363678
494 0.41435742378234863 -0.705274760723114
495 -0.9711822867393494 1.1225318908691406
496 0.6475159525871277 -0.3106215298175812
497 0.719511091709137 -1.0173540115356445
498 0.219926655292511 1.4919395446777344
499 1.2047417163848877 -1.68184494972229
500 -0.5090041756629944 1.4246734380722046
501 -0.550727903842926 1.027255892753601
502 -0.07797267287969589 -0.8431017994880676
503 -0.9212803840637207 -0.751861035823822
504 -0.5019038915634155 -0.14400646090507507
505 0.6465349197387695 -0.05475138500332832
506 0.647290825843811 -0.03680451214313507
507 -0.9575352668762207 -0.3529100716114044
508 -0.9551613330841064 -0.720003068447113
509 0.5125819444656372 -0.6357820630073547
510 0.048095766454935074 0.2510020434856415
511 0.12201564013957977 -0.2695440948009491
512 -0.09263801574707031 -2.0250611305236816
513 -0.7106751203536987 -1.8251992464065552
514 -0.47247037291526794 -1.9475681781768799
515 -1.005752682685852 -0.33657389879226685
516 -0.3749535381793976 -0.3864189684391022
517 -0.6336769461631775 -1.1030089855194092
518 -0.5806611776351929 -0.5343437194824219
519 0.512255847454071 -0.63651043176651
520 -0.9761285781860352 0.1419035643339157
521 -0.11968757212162018 -0.7986984848976135
522 0.5508294701576233 -1.8264527320861816
523 0.7180346846580505 -1.000712275505066
524 -0.4399363696575165 0.15711021423339844
525 0.6490660309791565 -0.055333610624074936
526 1.2048063278198242 -1.681736946105957
527 0.3069992661476135 0.2171834260225296
528 0.25381821393966675 -1.2706762552261353
529 0.6824511289596558 0.4702625870704651
530 0.5504797697067261 -1.787333607673645
531 -0.5933741927146912 0.5199905633926392
532 -1.5099536180496216 0.3865768313407898
533 0.2871042490005493 -1.231511116027832
534 1.186032772064209 -1.647603988647461
535 0.6438082456588745 -0.34494873881340027
536 0.7112578749656677 0.4857155680656433
537 -0.6326351165771484 -0.7927187085151672
538 -0.2627480626106262 1.4824678897857666
539 1.1764333248138428 -1.63539719581604
540 0.5025630593299866 0.18953067064285278
541 0.6874810457229614 0.44965463876724243
542 0.26194465160369873 -2.004951000213623
543 0.4384148418903351 -0.6897947192192078
544 0.2872370183467865 0.23292434215545654
545 0.04233354702591896 0.2615192234516144
546 0.6883882880210876 0.6455186009407043
547 -1.5472314357757568 -0.8472612500190735
548 -0.3449048697948456 -0.4705303907394409
549 0.1997954547405243 1.4955564737319946
550 -1.0606615543365479 0.046222023665905
551 0.7725984454154968 -1.0846211910247803
552 -0.23351402580738068 -0.7468516826629639
553 -0.17417149245738983 -1.99211585521698
554 1.1735395193099976 1.044249415397644
555 0.7082834243774414 -0.9904453754425049
556 1.1721657514572144 1.06208336353302
557 -0.3452708423137665 -0.4688889980316162
558 0.6125376224517822 1.3885196447372437
559 0.8088324666023254 -1.7284036874771118
560 -0.9235069155693054 -0.3907542824745178
561 0.6438502073287964 -0.33234232664108276
562 -0.05538483336567879 -0.8390902280807495
563 -0.06199590489268303 -0.8432937264442444
564 0.29251670837402344 0.2524058520793915
565 -1.6031219959259033 -0.1282934546470642
566 -0.2557756006717682 0.36979782581329346
567 0.646792471408844 -0.0619046725332737
568 0.639745831489563 -0.38182035088539124
569 0.7252891659736633 -0.9996961355209351
570 0.08831317722797394 0.2499733418226242
571 0.3816242218017578 -1.0915939807891846
572 -0.564789891242981 -0.16391319036483765
573 -0.472429096698761 -1.9475646018981934
574 0.7929328680038452 -1.1023962497711182
575 0.6447723507881165 -0.037493858486413956
576 -1.2196133136749268 0.7313181757926941
577 0.7973302006721497 -1.7190176248550415
578 0.10464835911989212 0.24630126357078552
579 -1.3787353038787842 -1.1991790533065796
580 -1.0045921802520752 0.12783081829547882
581 0.40230968594551086 -0.6943356990814209
582 -1.1137197017669678 0.9375041723251343
583 -0.35358548164367676 -1.6202529668807983
584 0.6883330941200256 0.6455159783363342
585 0.20046794414520264 1.4954719543457031
586 -0.06527401506900787 -0.8414579629898071
587 0.21687893569469452 0.9352681040763855
588 -0.9219861030578613 -0.7489168047904968
589 -1.0947444438934326 -1.5197454690933228
590 -0.662731409072876 0.4052168130874634
591 0.7047774791717529 1.3250644207000732
592 0.6837114095687866 0.46114853024482727
593 0.8174790143966675 -1.7376677989959717
594 -1.504975438117981 0.39791619777679443
595 -1.5172275304794312 0.39064279198646545
596 -0.563396692276001 -0.16155146062374115
597 -0.37363576889038086 -0.38708436489105225
598 0.6115021109580994 1.3813817501068115
599 -0.14252974092960358 -0.770724356174469
600 -0.6419104933738708 -1.2744213342666626
601 -0.0693749412894249 -0.7863729596138
602 -0.24798496067523956 1.4848183393478394
603 -0.26152169704437256 0.3697967529296875
604 0.7799220681190491 1.281998634338379
605 1.168259620666504 1.0487916469573975
606 -0.3731038570404053 -0.39218321442604065
607 0.4700963497161865 -1.1527899503707886
608 0.6962651014328003 0.45857056975364685
609 0.5450920462608337 0.4115873873233795
610 -0.2612346112728119 0.3695037364959717
611 -1.271259069442749 -0.5468563437461853
612 0.04562165588140488 0.2620915472507477
613 -0.29114633798599243 1.4758398532867432
614 0.4898780882358551 -0.6557918190956116
615 0.1441272497177124 0.24090126156806946
616 0.5041959285736084 -0.6414774060249329
617 -0.3637329638004303 -0.3173792064189911
618 -1.4015203714370728 -1.169416904449463
619 0.16446448862552643 -1.2978427410125732
620 -1.4992988109588623 0.4102979004383087
621 0.5425837635993958 0.40715861320495605
622 -0.5794989466667175 0.8613324761390686
623 0.6770304441452026 0.46132317185401917
624 0.08815062791109085 0.24473045766353607
625 0.18802516162395477 0.9578758478164673
626 -0.2633841335773468 0.3653452694416046
627 -0.2698086202144623 -1.996521234512329
628 -1.117222547531128 0.9260080456733704
629 0.9317511916160583 -1.7371890544891357
630 0.7343170046806335 -1.7090785503387451
631 -0.5482199192047119 -0.12435935437679291
632 0.10559450834989548 -1.332664966583252
633 0.09449221193790436 0.24387915432453156
634 -0.3251340091228485 -0.11617045104503632
635 -0.3549802303314209 -1.2654482126235962
636 0.23497651517391205 -2.0151524543762207
637 -0.7498663067817688 -1.8059940338134766
638 -1.5676349401474 -0.7966315746307373
639 0.6445973515510559 -0.05473729223012924
640 -1.3690509796142578 0.6275391578674316
641 1.2073376178741455 -1.6880885362625122
642 0.1955672800540924 1.4825962781906128
643 -0.5281051397323608 1.1194992065429688
644 -1.0663211345672607 -0.6703433394432068
645 0.9678710699081421 -1.732518196105957
646 0.4426616430282593 -1.1229548454284668
647 0.7059043645858765 0.4882000684738159
648 -0.20657293498516083 -0.8536375761032104
649 -1.105441689491272 -1.509109377861023
650 0.4418231248855591 -0.6897408962249756
651 -0.25574180483818054 1.4843322038650513
652 0.05583906173706055 -1.3817293643951416
653 0.05686894431710243 0.2562330663204193
654 0.6484439969062805 -0.04470541700720787
655 0.013991879299283028 0.24231600761413574
656 0.08466464281082153 0.24329067766666412
657 0.06784484535455704 -1.3660064935684204
658 -0.9253231287002563 -0.7357645034790039
659 0.40222787857055664 -0.7119694948196411
660 -0.43733838200569153 0.15612579882144928
661 -0.8936552405357361 1.165306806564331
662 -1.133038878440857 -0.606206476688385
663 -0.9236389994621277 -0.7511641383171082
664 -0.25855788588523865 0.36671745777130127
665 -1.3940491676330566 -1.174024224281311
666 -0.65486741065979 -1.1345100402832031
667 0.08159436285495758 -1.3571438789367676
668 0.4233942925930023 -0.7045928835868835
669 -1.0036635398864746 -0.3359142541885376
670 -0.5508289337158203 -0.12930230796337128
671 0.6796398162841797 1.3236093521118164
672 -1.4802327156066895 -0.9981687664985657
673 -0.7881187796592712 -1.783644199371338
674 -0.11561350524425507 -0.805059552192688
675 -0.3403010666370392 -1.348212718963623
676 -0.6577651500701904 0.24976752698421478
677 -0.9229689836502075 1.159416675567627
678 0.21780197322368622 0.9338849782943726
679 -0.7689782977104187 1.2047046422958374
680 0.6324712038040161 1.3609226942062378
681 -0.5708694458007812 -0.17814147472381592
682 0.5120050311088562 -1.8968220949172974
683 0.12160255759954453 -0.2695438861846924
684 0.04478509724140167 0.25533023476600647
685 -0.13319344818592072 -2.0150043964385986
686 -0.7660412192344666 -1.7969017028808594
687 -0.3635385036468506 -0.33157095313072205
688 -1.5544395446777344 -0.8260959982872009
689 -1.4700039625167847 0.5134761929512024
690 -0.07871625572443008 0.877337634563446
691 -0.3514041602611542 -1.2424864768981934
692 -0.5770031809806824 0.6873690485954285
693 -0.10349158942699432 -2.0200347900390625
694 0.6425652503967285 -0.05148645490407944
695 -0.14661510288715363 -0.7626961469650269
696 -0.3412202298641205 -1.2871549129486084
697 0.36844193935394287 -0.7228667736053467
698 -0.6419172883033752 -1.8677369356155396
699 -0.5282337069511414 1.42254638671875
700 0.6436812281608582 -0.34169450402259827
701 0.0498369038105011 0.2616862654685974
702 -0.211675763130188 -0.7570289969444275
703 0.5060943365097046 -0.6441157460212708
704 -0.9164416790008545 1.1612828969955444
705 -0.9838405251502991 0.14116472005844116
706 -0.054660193622112274 -0.8361092805862427
707 0.1002620980143547 0.7789976596832275
708 -0.4525626003742218 -1.8263039588928223
709 0.6500880122184753 -0.06358993798494339
710 0.4912659227848053 -0.6716636419296265
711 -0.5066966414451599 1.429231882095337
712 0.6463975310325623 -0.05744999274611473
713 0.598704993724823 1.3920809030532837
714 0.12599153816699982 0.7221853733062744
715 -0.9632468819618225 0.14740172028541565
716 0.44085344672203064 -0.673102080821991
717 0.6448414325714111 -0.3421441912651062
718 -0.4292309880256653 0.04292010888457298
719 -0.5107502341270447 0.030443504452705383
720 -0.7850813865661621 -1.7876359224319458
721 -0.0611649826169014 -0.8429912328720093
722 -1.3460172414779663 -1.2240219116210938
723 -0.5537106394767761 0.7351819276809692
724 -1.5415520668029785 -0.8663702011108398
725 -1.6546320915222168 -0.42257165908813477
726 0.48090028762817383 -1.2026662826538086
727 1.2078144550323486 -1.6751388311386108
728 -0.5819759368896484 -0.5317871570587158
729 0.6430143713951111 -0.3861679434776306
730 -0.6573596596717834 0.2693966031074524
731 -0.10821084678173065 0.8746741414070129
732 -1.5976577997207642 -0.13116230070590973
733 0.16445183753967285 -1.2978432178497314
734 0.2389269918203354 -1.2862977981567383
735 -0.26623278856277466 0.36837753653526306
736 -0.5577982664108276 0.7311758995056152
737 -0.6604827642440796 -1.1470160484313965
738 -1.594102382659912 -0.1258266419172287
739 0.6397501230239868 -0.38186225295066833
740 0.0797031819820404 0.2534571886062622
741 0.6454499959945679 -0.3222818672657013
742 0.7944893836975098 -1.7404873371124268
743 0.4316980838775635 1.4410463571548462
744 1.1561909914016724 1.0591332912445068
745 -0.042459871619939804 -0.8199539184570312
746 -1.1507387161254883 0.7724426984786987
747 0.4441837966442108 -0.6908555030822754
748 -1.5853016376495361 -0.12498151510953903
749 1.2029532194137573 1.036617398262024
750 -0.9848219156265259 0.13460101187229156
751 -0.9998374581336975 -0.32198673486709595
752 -0.9345073699951172 -0.7361575961112976
753 0.3676714599132538 -0.7141304016113281
754 -0.5261253118515015 0.11917950958013535
755 -0.08850114047527313 -0.775884211063385
756 -1.2433075904846191 -0.3636174201965332
757 -0.5829282402992249 -0.9491462111473083
758 0.41485580801963806 -0.6835553050041199
759 0.7184232473373413 0.489989310503006
760 -0.6848629713058472 -0.7987667918205261
761 1.1659066677093506 1.091140866279602
762 0.21691864728927612 0.9356951713562012
763 0.5759038329124451 0.12556588649749756
764 -0.06727036833763123 -0.8413985967636108
765 0.3747735321521759 -1.952970266342163
766 -1.541562557220459 -0.8663452863693237
767 0.691434919834137 0.6438471674919128
768 -0.4402434229850769 0.15710996091365814
769 -0.0029878062196075916 -0.8206672668457031
770 -0.5709018111228943 -0.18034064769744873
771 -0.6419109106063843 -1.2744274139404297
772 0.0563138872385025 -1.3855777978897095
773 0.21031489968299866 0.939336895942688
774 -0.9591946005821228 0.1528376340866089
775 -0.434235543012619 0.15625059604644775
776 -0.3414302170276642 -0.23919138312339783
777 0.44036081433296204 -0.6770995259284973
778 -0.3417048454284668 -0.238502636551857
779 0.11199396103620529 -1.3263959884643555
780 -0.6406962871551514 0.23030902445316315
781 0.7033412456512451 -0.990016520023346
782 0.6883863806724548 0.6455137133598328
783 -0.13964508473873138 -0.7749500870704651
784 0.5021239519119263 -1.9033527374267578
785 0.19548757374286652 1.484318733215332
786 0.6541202068328857 -0.06577794998884201
787 -0.5612366795539856 -0.17983469367027283
788 0.056451812386512756 0.2479335218667984
789 -0.19152748584747314 -0.8457657098770142
790 0.04293022304773331 0.2643449902534485
791 -1.096317172050476 -1.5190014839172363
792 0.3098941147327423 0.23873639106750488
793 -1.6623378992080688 -0.42401471734046936
794 -1.1151010990142822 -0.11137661337852478
795 -0.9243157505989075 0.22927019000053406
796 -0.2559325695037842 0.36859646439552307
797 0.6397452354431152 -0.3818259537220001
798 0.26651492714881897 -2.003988742828369
799 -1.5093579292297363 0.38357794284820557
800 -0.8427274227142334 -0.8443370461463928
801 0.03982307389378548 0.24663850665092468
802 0.7005258798599243 1.3177915811538696
803 0.044726401567459106 -2.0238425731658936
804 0.6433801054954529 -0.3379794657230377
805 1.1864980459213257 -1.6446689367294312
806 -0.5065460205078125 1.4263520240783691
807 0.056873220950365067 0.2562297284603119
808 0.44292205572128296 -1.822979211807251
809 -1.2993756532669067 0.6900129914283752
810 0.6509827375411987 -0.05581801384687424
811 -0.06527388840913773 -0.8414575457572937
812 0.7969075441360474 -1.0953484773635864
813 -0.6624829769134521 0.40585145354270935
814 0.7855286598205566 -1.1015229225158691
815 -0.9062761068344116 -0.7477338910102844
816 0.4955242872238159 -0.6620546579360962
817 -1.3162401914596558 -1.2760454416275024
818 1.1728286743164062 1.0626044273376465
819 1.1815006732940674 -1.6493172645568848
820 -0.35435590147972107 -0.2725659906864166
821 0.5926273465156555 -1.9128338098526
822 -0.3450410068035126 -0.22752128541469574
823 -0.2635715901851654 0.36954954266548157
824 -0.3308306336402893 1.464915156364441
825 -0.6628656387329102 0.27077925205230713
826 -0.5737524032592773 0.6943744421005249
827 0.38251397013664246 -1.9588046073913574
828 -0.5612391829490662 -0.1798350214958191
829 0.5374756455421448 0.4091297388076782
830 -0.5428226590156555 -0.10882093757390976
831 0.21060708165168762 0.9380617141723633
832 -0.7827848196029663 1.1963763236999512
833 -1.0293633937835693 -0.3121955394744873
834 0.09159451723098755 -0.8154090642929077
835 -1.0469036102294922 0.11877657473087311
836 -1.6562223434448242 -0.42816269397735596
837 -0.2529345750808716 0.37267985939979553
838 -0.14356350898742676 0.8587747812271118
839 -1.1173982620239258 0.9274942278862
840 -0.5174776911735535 -0.11285967379808426
841 0.7824687361717224 -1.131855845451355
842 -1.0376994609832764 -1.591828465461731
843 -0.5991846323013306 -0.7793599367141724
844 0.09862574189901352 0.24191643297672272
845 0.6807442903518677 0.4429185092449188
846 0.051049504429101944 0.2556319236755371
847 -0.060940321534872055 -2.011845588684082
848 -0.00803491659462452 -2.0172431468963623
849 0.16488344967365265 -1.2953431606292725
850 0.6569700837135315 0.44217970967292786
851 0.15636388957500458 1.4949151277542114
852 0.8290489912033081 1.28434157371521
853 -0.21214896440505981 0.9646395444869995
854 1.1775537729263306 -0.7923400402069092
855 1.1850941181182861 -0.7837284207344055
856 1.3143121004104614 -0.15062586963176727
857 1.3091117143630981 -0.160707026720047
858 1.0281708240509033 0.06083875149488449
859 0.7336315512657166 -1.023494839668274
860 -1.096010684967041 -1.5190424919128418
861 0.12876716256141663 0.25325214862823486
862 -0.37337419390678406 -0.3902336061000824
863 0.09462039172649384 0.24117688834667206
864 0.4418354034423828 -0.6897493004798889
865 -1.0315154790878296 0.13876518607139587
866 0.48864662647247314 -0.6588894128799438
867 0.44516557455062866 -0.6833896040916443
868 0.7049897313117981 -0.9844563007354736
869 -1.3047832250595093 -1.2726256847381592
870 -0.3251330554485321 -0.11617176979780197
871 0.40050914883613586 -1.1248334646224976
872 0.4363239109516144 -0.6929579973220825
873 -0.6637569665908813 -0.768265426158905
874 0.15900179743766785 0.9493098855018616
875 0.6397468447685242 -0.38182583451271057
876 -0.6635874509811401 -0.7661171555519104
877 -0.6163301467895508 0.5035467147827148
878 0.6476752758026123 -0.04073423892259598
879 -0.47195932269096375 0.7206960320472717
880 -1.5324833393096924 0.36382758617401123
881 0.04995384439826012 0.25177955627441406
882 0.2169225811958313 0.9356919527053833
883 -1.6137491464614868 -0.11094347387552261
884 0.5450817942619324 0.4115810990333557
885 -0.37585896253585815 -0.3799624443054199
886 -0.4520403742790222 -1.9542640447616577
887 -0.5560805201530457 -0.38038694858551025
888 0.06036084517836571 -1.3741024732589722
889 -0.057602621614933014 0.8648210167884827
890 -0.1142495721578598 0.8768903613090515
891 1.1491336822509766 1.0550868511199951
892 -0.3416211009025574 -0.23619942367076874
893 -0.35661306977272034 -1.712409496307373
894 -0.1476459801197052 -0.767109215259552
895 1.17344331741333 1.0622477531433105
896 -0.34836384654045105 -0.42138850688934326
897 0.2866150140762329 -1.0975217819213867
898 0.2072114199399948 0.9280197024345398
899 -1.1164296865463257 0.9277446269989014
900 0.04030362516641617 0.26367488503456116
901 1.2077813148498535 -1.675153136253357
902 -0.3488446772098541 -0.2218618541955948
903 0.6437419056892395 -0.05988885089755058
904 1.1946239471435547 1.058136224746704
905 -0.13361191749572754 -0.7971153855323792
906 -0.9519011378288269 -0.38578641414642334
907 -0.49874308705329895 1.4273359775543213
908 -0.6468897461891174 0.44847556948661804
909 -0.04876374080777168 -0.8169977068901062
910 1.1759672164916992 -1.6355150938034058
911 0.7342607378959656 -1.0175312757492065
912 -0.5829318761825562 -0.9491465091705322
913 -0.5834363102912903 0.6715435981750488
914 0.05027959123253822 0.26883652806282043
915 -0.3758578896522522 -0.37994149327278137
916 0.7887755036354065 -1.0999904870986938
917 -0.582927942276001 -0.9491469860076904
918 -0.3633666932582855 -1.6888803243637085
919 0.6440432071685791 -0.3252536952495575
920 0.6430143117904663 -0.38616204261779785
921 0.14728155732154846 0.24471928179264069
922 0.11677996814250946 0.24881690740585327
923 0.3237990438938141 -1.9569783210754395
924 0.18865486979484558 0.2418466955423355
925 0.8589794039726257 1.2403391599655151
926 0.6431737542152405 -0.30113884806632996
927 0.07123203575611115 0.24800430238246918
928 0.8612483143806458 -1.7347110509872437
929 -0.38218042254447937 -0.358757346868515
930 -1.0963385105133057 -1.5193469524383545
931 -0.08127887547016144 0.8890452980995178
932 0.6461427807807922 -0.03553250804543495
933 -1.5364679098129272 -0.8936954736709595
934 0.7111479640007019 0.48569953441619873
935 -0.9346023797988892 -0.7538112998008728
936 -0.7162910103797913 -1.818263053894043
937 1.149143934249878 1.0551092624664307
938 1.7870728969573975 0.1482391059398651
939 1.0582243204116821 0.29856017231941223
940 1.1587828397750854 -0.5842534899711609
941 1.8978646993637085 -0.20487213134765625
942 1.9000388383865356 -0.2086854875087738
943 1.6699261665344238 0.4715566337108612
944 1.5181503295898438 0.6797054409980774
945 1.8819010257720947 -0.6589310765266418
946 1.1487622261047363 -0.5777937173843384
947 1.570232629776001 -1.2669637203216553
948 1.114615559577942 0.21850749850273132
949 1.130195140838623 -0.5811198949813843
950 1.1587790250778198 -0.5842941403388977
951 1.5592273473739624 0.5262885093688965
952 1.059680700302124 0.0731772929430008
953 1.5954711437225342 -1.234548568725586
954 1.777053713798523 0.15391463041305542
955 1.52670419216156 0.6882265210151672
956 1.3472726345062256 -0.1716276854276657
957 1.8753998279571533 -0.7049087285995483
958 1.8804595470428467 -0.6888594031333923
959 1.900017499923706 -0.20886266231536865
960 1.6377283334732056 -1.2023613452911377
961 1.530908465385437 0.6959843635559082
962 1.3469483852386475 -0.16408458352088928
963 1.9073219299316406 -0.4506189525127411
964 1.1410179138183594 -0.5870484709739685
965 1.6701232194900513 0.4827110469341278
966 1.526477575302124 0.6751041412353516
967 1.1175727844238281 0.21870414912700653
968 1.4744970798492432 0.45308855175971985
969 1.1878573894500732 -0.77346271276474
970 1.8266444206237793 0.030413590371608734
971 1.1848831176757812 -0.7833523750305176
972 1.1423819065093994 -0.5852671265602112
973 1.6645063161849976 0.4556390047073364
974 1.907368540763855 -0.5256890058517456
975 1.0760809183120728 0.001442071865312755
976 1.347272515296936 -0.17162667214870453
977 1.3447074890136719 -0.17635175585746765
978 1.8804502487182617 -0.6889094114303589
979 1.6956592798233032 -1.119741439819336
980 1.0281672477722168 0.060840971767902374
981 1.8218538761138916 0.0356316938996315
982 1.8819472789764404 -0.6586994528770447
983 1.3841115236282349 -0.6275319457054138
984 1.7674485445022583 0.23582537472248077
985 1.6207683086395264 -1.215140461921692
986 1.2422927618026733 -0.7133243680000305
987 1.5858982801437378 -1.2508180141448975
988 1.883089542388916 -0.6700782179832458
989 1.624329686164856 -1.2067195177078247
990 1.6395899057388306 -1.194785714149475
991 1.6711732149124146 0.47271502017974854
992 1.1849700212478638 -0.7834705710411072
993 1.563834547996521 0.614364743232727
994 1.320904016494751 -0.15856249630451202
995 0.9543073773384094 -0.2834030091762543
996 1.6208113431930542 -1.2112358808517456
997 1.347487449645996 -0.17176049947738647
998 1.1692966222763062 -0.593063235282898
999 1.7836869955062866 0.15363971889019012
1000 1.608505368232727 0.5973730683326721
1001 1.632804274559021 -1.2014102935791016
1002 1.8925954103469849 -0.23131656646728516
1003 1.016228437423706 0.05299367010593414
1004 1.1291134357452393 0.3189891576766968
1005 1.2416411638259888 -0.713108479976654
1006 1.1030997037887573 0.13709455728530884
1007 1.242289423942566 -0.7133164405822754
1008 1.9007697105407715 -0.29298919439315796
1009 1.754629135131836 0.23440948128700256
1010 1.526900291442871 0.661396324634552
1011 1.8735485076904297 -0.17864319682121277
1012 1.0223865509033203 0.05746025592088699
1013 1.2416574954986572 -0.7130749225616455
1014 1.587355613708496 0.6085407733917236
1015 1.6752755641937256 0.46644166111946106
1016 1.6356779336929321 -1.2048969268798828
1017 1.1848818063735962 -0.7833501100540161
1018 1.7800860404968262 0.15563219785690308
1019 1.3286696672439575 -0.17167459428310394
1020 1.8753573894500732 -0.7050845623016357
1021 1.3398230075836182 -0.17457157373428345
1022 1.1212973594665527 -0.5837873220443726
1023 1.6243993043899536 -1.212951898574829
1024 0.11915391683578491 -0.26986315846443176
1025 0.11949563771486282 -0.2695615887641907
