750 2
1 -1.200114 -2.090159 
2 -1.368345 -2.527155 
3 -1.326738 -2.465904 
4 -1.254649 -2.281197 
5 -1.220792 -2.247482 
6 -1.226658 -2.251496 
7 -1.380553 -2.649267 
8 -1.242651 -2.369717 
9 -1.307845 -2.453551 
10 -1.152473 -1.946888 
11 -1.180077 -1.997693 
12 -1.082938 -1.730603 
13 -1.083273 -1.778134 
14 -1.124853 -1.870473 
15 -1.094940 -1.815063 
16 -1.124609 -1.890709 
17 -1.100108 -1.779523 
18 -1.128998 -1.814284 
19 -1.133406 -1.915346 
20 -1.177898 -2.031872 
21 -1.170309 -2.072870 
22 -1.247536 -2.277968 
23 -1.209099 -2.137799 
24 -1.272141 -2.456010 
25 -1.300938 -2.549402 
26 -1.315246 -2.536191 
27 -1.247476 -2.358116 
28 -1.348117 -2.624517 
29 -1.315798 -2.511199 
30 -1.428785 -2.835782 
31 -1.370035 -2.653578 
32 -1.470998 -2.858589 
33 -1.335900 -2.646793 
34 -1.256917 -2.359022 
35 -1.251945 -2.321270 
36 -1.231027 -2.358077 
37 -1.196310 -2.161211 
38 -1.105145 -1.763980 
39 -1.084396 -1.703319 
40 -1.042474 -1.547428 
41 -1.010616 -1.254370 
42 -1.001821 -1.034744 
43 -0.987832 -0.896045 
44 -1.013087 -0.844269 
45 -1.028340 -0.754194 
46 -1.004379 -0.746758 
47 -1.017853 -0.753499 
48 -1.026876 -0.756689 
49 -1.011343 -0.846728 
50 -1.006968 -0.855341 
51 -1.012071 -0.926385 
52 -0.991163 -0.948370 
53 -1.010745 -0.958793 
54 -1.008749 -0.885302 
55 -1.021456 -0.905977 
56 -0.998953 -0.806592 
57 -1.023487 -0.827873 
58 -1.007140 -0.862961 
59 -0.992878 -0.957277 
60 -1.018587 -0.883415 
61 -1.004495 -0.883313 
62 -1.034020 -0.815519 
63 -1.000473 -0.829932 
64 -1.023048 -0.824922 
65 -1.012815 -0.959195 
66 -1.006954 -0.796220 
67 -1.008238 -0.871306 
68 -1.015332 -0.917668 
69 -1.004954 -0.766748 
70 -0.996260 -1.069189 
71 -1.015058 -0.961448 
72 -0.976666 -1.037201 
73 -0.988215 -1.194714 
74 -1.021448 -1.201429 
75 -0.988520 -1.213638 
76 -1.030143 -1.279356 
77 -1.008747 -1.230861 
78 -0.984550 -1.132144 
79 -0.991682 -1.131051 
80 -0.988214 -1.180936 
81 -0.982621 -1.129083 
82 -1.009795 -1.192854 
83 -1.016623 -1.245283 
84 -1.039911 -1.356035 
85 -1.053879 -1.512343 
86 -1.112046 -1.832223 
87 -1.156122 -2.000119 
88 -1.151452 -1.964808 
89 -1.167210 -2.011761 
90 -1.192000 -2.148370 
91 -1.285873 -2.346205 
92 -1.261581 -2.474133 
93 -1.315336 -2.442181 
94 -1.251146 -2.348364 
95 -1.315496 -2.521697 
96 -1.270974 -2.376173 
97 -1.193854 -2.033409 
98 -1.126380 -1.952902 
99 -1.063743 -1.699969 
100 -1.050591 -1.557622 
101 -1.024057 -1.371787 
102 -1.010877 -1.389498 
103 -1.000345 -1.323172 
104 -1.011851 -1.289481 
105 -1.053375 -1.528276 
106 -1.035859 -1.478105 
107 -1.049618 -1.462938 
108 -1.042687 -1.507723 
109 -1.005892 -1.367812 
110 -0.996283 -1.180582 
111 -1.012492 -1.309657 
112 -1.028281 -1.386554 
113 -1.068065 -1.579200 
114 -1.089803 -1.682251 
115 -1.101854 -1.656454 
116 -1.084146 -1.692192 
117 -1.036170 -1.475575 
118 -1.046005 -1.553165 
119 -1.050930 -1.615836 
120 -1.035340 -1.589648 
121 -1.060056 -1.594553 
122 -1.115437 -1.782106 
123 -1.206259 -2.105258 
124 -1.264853 -2.354168 
125 -1.175144 -2.042639 
126 -1.147555 -2.017689 
127 -1.224666 -2.149136 
128 -1.178994 -2.096854 
129 -1.154750 -2.010957 
130 -1.140087 -2.002698 
131 -1.142048 -1.947293 
132 -1.122509 -1.818829 
133 -1.024312 -1.439255 
134 -1.025718 -1.413359 
135 -1.028078 -1.270834 
136 -1.004371 -1.328339 
137 -1.003184 -1.222111 
138 -0.989751 -1.094540 
139 -0.995886 -0.777273 
140 -1.012195 -0.632930 
141 -1.057527 -0.495480 
142 -1.063105 -0.518288 
143 -1.129028 -0.280235 
144 -1.165357 -0.166048 
145 -1.240155 0.007283 
146 -1.461469 0.307168 
147 -1.527609 0.413716 
148 -2.056837 0.880700 
149 -1.644148 0.574898 
150 -2.050440 0.904419 
151 -1.285361 0.045383 
152 -1.238382 -0.013998 
153 -1.230425 -0.069007 
154 -1.265319 -0.043526 
155 -1.199379 -0.234559 
186 -1.089323 -0.577032 
187 -1.060493 -0.640197 
188 -1.073380 -0.660101 
189 -1.043641 -0.666681 
190 -1.059022 -0.734706 
191 -1.056118 -0.788806 
192 -1.057760 -0.912115 
193 -1.048688 -0.823169 
194 -1.004208 -0.962359 
195 -1.051452 -0.855365 
196 -1.062002 -0.873831 
197 -1.049360 -0.812573 
198 -1.041950 -0.800306 
199 -1.058698 -0.836175 
200 -1.055926 -0.876874 
201 -1.051902 -0.745695 
202 -1.036884 -0.741962 
203 -1.023396 -0.899660 
204 -1.020069 -1.191998 
205 -1.038489 -1.410581 
206 -1.065445 -1.495702 
207 -1.080526 -1.693292 
208 -1.078586 -1.634204 
209 -1.086800 -1.698198 
210 -1.108445 -1.765427 
211 -1.077058 -1.700086 
212 -1.068616 -1.643550 
213 -1.044144 -1.420998 
214 -1.044550 -1.305326 
215 -1.097242 -1.548233 
216 -1.091832 -1.553521 
217 -1.110502 -1.613356 
218 -1.042194 -1.265053 
219 -1.052353 -0.891270 
220 -1.039682 -0.872502 
221 -1.043793 -0.884483 
222 -1.060062 -0.614753 
223 -1.078141 -0.539481 
224 -1.090227 -0.561373 
225 -1.087851 -0.508051 
226 -1.096286 -0.494170 
227 -1.072980 -0.517726 
228 -1.090426 -0.502038 
229 -1.118058 -0.342583 
230 -1.106306 -0.376244 
231 -1.148516 -0.263173 
232 -1.139656 -0.323862 
233 -1.153836 -0.279334 
234 -1.168203 -0.214229 
235 -1.139771 -0.307018 
236 -1.149968 -0.268393 
237 -1.157626 -0.232047 
238 -1.135950 -0.266216 
239 -1.222615 -0.101018 
240 -1.213026 -0.133400 
241 -1.135778 -0.257754 
242 -1.221138 -0.097142 
243 -1.270042 0.024324 
244 -1.287356 0.101543 
245 -1.388428 0.273545 
246 -1.359657 0.241623 
247 -1.445714 0.363603 
248 -1.531901 0.485631 
249 -1.570575 0.545841 
250 -1.572490 0.530648 
251 -1.669870 0.619229 
252 -1.636024 0.600876 
253 -1.761791 0.753103 
254 -1.903131 0.848416 
255 -1.896551 0.855321 
256 -1.913514 0.915923 
257 -1.986506 0.986090 
258 -2.022082 0.995987 
259 -2.038155 1.036543 
260 -1.931607 0.896273 
261 -1.917158 0.939710 
262 -2.059728 1.035499 
263 -2.069782 1.046044 
264 -1.937534 0.951964 
265 -2.076162 1.031690 
266 -2.076003 1.099240 
267 -2.136049 1.101479 
268 -2.082200 1.021689 
269 -2.010479 1.005037 
270 -1.997101 0.980973 
271 -2.065902 1.046622 
272 -2.126799 1.055951 
273 -2.167655 1.138853 
274 -2.147340 1.112936 
275 -2.067424 1.049357 
276 -2.166363 1.096630 
277 -2.142465 1.135653 
278 -2.175333 1.176559 
279 -2.214909 1.174371 
280 -1.946850 0.965744 
281 -2.128776 1.129209 
282 -2.042624 1.021832 
283 -1.936396 0.962133 
284 -1.987969 0.977323 
285 -2.007108 1.003376 
286 -2.008008 1.035486 
287 -1.875534 0.871100 
288 -2.017122 1.013514 
289 -1.826962 0.809426 
290 -1.994477 0.991580 
291 -1.988438 0.947160 
292 -2.021699 1.023161 
293 -1.835804 0.859499 
294 -1.910672 0.882519 
295 -1.781231 0.811397 
296 -1.678413 0.662923 
297 -1.536605 0.497099 
298 -1.632368 0.577683 
299 -1.663934 0.623544 
300 -1.621708 0.574516 
301 -1.568609 0.563882 
302 -1.589979 0.571041 
303 -1.537637 0.486829 
304 -1.622962 0.590971 
305 -1.553016 0.472171 
306 -1.550797 0.540143 
307 -1.515228 0.464251 
308 -1.532817 0.470246 
309 -1.573348 0.516975 
310 -1.623786 0.590373 
311 -1.695195 0.642683 
312 -1.561683 0.527563 
313 -1.530611 0.479632 
314 -1.596279 0.520618 
315 -1.836026 0.767493 
316 -1.689195 0.633533 
317 -1.666524 0.597138 
318 -1.695176 0.652980 
319 -1.676931 0.629934 
320 -1.661272 0.623022 
321 -1.548813 0.475448 
322 -1.579225 0.508724 
323 -1.500367 0.411519 
324 -1.461607 0.386115 
325 -1.467111 0.365021 
326 -1.366060 0.190376 
327 -1.375163 0.213522 
328 -1.322920 0.141449 
329 -1.273970 0.037345 
330 -1.263581 0.016963 
331 -1.221859 -0.044618 
332 -1.257561 0.021111 
333 -1.244663 -0.036486 
334 -1.205151 -0.133572 
335 -1.211297 -0.095411 
336 -1.201356 -0.125491 
337 -1.197124 -0.150207 
338 -1.192861 -0.166747 
339 -1.166788 -0.203178 
340 -1.188454 -0.174253 
341 -1.210484 -0.083071 
342 -1.191311 -0.164815 
343 -1.178129 -0.193103 
344 -1.197842 -0.154664 
345 -1.145494 -0.250755 
346 -1.179697 -0.181243 
347 -1.182815 -0.187904 
348 -1.165403 -0.215244 
349 -1.177406 -0.158311 
350 -1.183537 -0.184077 
351 -1.156302 -0.209082 
352 -1.173112 -0.210109 
353 -1.166983 -0.246460 
354 -1.130443 -0.381763 
355 -1.148581 -0.343378 
356 -1.124980 -0.397544 
357 -1.130162 -0.358423 
358 -1.109605 -0.433415 
359 -1.094879 -0.524688 
360 -1.095937 -0.502333 
361 -1.067565 -0.620849 
362 -1.096337 -0.519357 
363 -1.077010 -0.594974 
364 -1.093962 -0.509227 
365 -1.096235 -0.468687 
366 -1.097076 -0.484234 
367 -1.118649 -0.432363 
368 -1.129595 -0.359359 
369 -1.130026 -0.352334 
370 -1.120201 -0.409074 
371 -1.106574 -0.424148 
372 -1.114791 -0.430874 
373 -1.130555 -0.362909 
374 -1.146615 -0.318207 
375 -1.117131 -0.377672 
376 -1.163092 -0.269832 
377 -1.163726 -0.253149 
378 -1.121965 -0.355231 
379 -1.157712 -0.302705 
380 -1.145625 -0.338850 
381 -1.185371 -0.222964 
382 -1.159129 -0.282497 
383 -1.128148 -0.364618 
384 -1.123631 -0.377897 
385 -1.109347 -0.424592 
386 -1.121418 -0.394840 
387 -1.135787 -0.383495 
388 -1.123787 -0.403055 
389 -1.151463 -0.275853 
390 -1.126382 -0.463396 
391 -1.133844 -0.333170 
392 -1.111354 -0.464240 
393 -1.126447 -0.384392 
394 -1.126284 -0.392836 
395 -1.091209 -0.535928 
396 -1.088241 -0.547146 
397 -1.092198 -0.518028 
398 -1.088199 -0.551930 
399 -1.085948 -0.460427 
400 -1.119976 -0.381677 
401 -1.132078 -0.347461 
402 -1.115795 -0.428027 
403 -1.125118 -0.365138 
404 -1.133403 -0.356890 
405 -1.115509 -0.412473 
406 -1.136300 -0.370684 
407 -1.140408 -0.272806 
408 -1.121814 -0.402038 
409 -1.117397 -0.399950 
410 -1.146999 -0.311512 
411 -1.134023 -0.344303 
412 -1.154465 -0.294622 
413 -1.162154 -0.266364 
414 -1.156262 -0.289501 
415 -1.145732 -0.254165 
416 -1.153633 -0.301373 
417 -1.141630 -0.340761 
418 -1.136302 -0.358401 
419 -1.149886 -0.314221 
420 -1.134796 -0.356708 
421 -1.124344 -0.341406 
422 -1.097281 -0.498873 
423 -1.090752 -0.578354 
424 -1.094197 -0.600646 
425 -1.089126 -0.637088 
426 -1.087393 -0.570304 
427 -1.100073 -0.546894 
428 -1.090792 -0.578944 
429 -1.101829 -0.488867 
430 -1.100472 -0.448685 
431 -1.092306 -0.411587 
432 -1.076785 -0.520649 
433 -1.055328 -0.730255 
434 -1.041136 -0.891257 
435 -1.025138 -0.840300 
436 -1.021554 -0.881897 
437 -1.012851 -0.950834 
438 -1.012878 -1.028816 
439 -1.001887 -1.102870 
440 -1.014714 -1.032314 
441 -1.013647 -0.898482 
442 -1.029808 -0.864778 
443 -1.022824 -0.930402 
444 -0.999853 -0.894093 
445 -1.002285 -0.936094 
446 -0.992755 -1.154548 
447 -1.022687 -1.075407 
448 -1.023713 -1.038162 
449 -1.016508 -1.016127 
450 -1.005116 -1.074473 
451 -0.994743 -0.988266 
452 -1.009587 -1.020936 
453 -1.034470 -1.206580 
454 -1.020092 -1.223180 
455 -1.026931 -1.351780 
456 -1.068478 -1.272397 
457 -1.073162 -1.311230 
458 -1.028167 -1.299301 
459 -1.034848 -1.342588 
460 -1.088367 -1.650724 
461 -1.099760 -1.762916 
462 -1.158914 -1.956934 
463 -1.197514 -2.143808 
464 -1.212797 -2.254601 
465 -1.197479 -2.223825 
466 -1.171360 -2.153714 
467 -1.195792 -2.068851 
468 -1.183130 -2.112684 
469 -1.106549 -1.911660 
470 -1.194396 -2.206882 
471 -1.149529 -1.913172 
472 -1.035039 -1.524489 
473 -1.011870 -1.482846 
474 -1.070998 -1.715829 
475 -1.062890 -1.507690 
476 -1.081484 -1.483605 
477 -1.056396 -1.444872 
478 -1.079311 -1.632164 
479 -1.069047 -1.581352 
480 -1.064386 -1.391794 
481 -1.015497 -0.887754 
482 -0.995787 -0.894706 
483 -1.028395 -0.696681 
484 -1.036297 -0.723656 
485 -1.062659 -0.588275 
486 -1.044098 -0.673375 
487 -1.101828 -0.396587 
488 -1.123541 -0.308819 
489 -1.229315 -0.078637 
490 -1.207219 -0.073824 
491 -1.234636 -0.048159 
492 -1.276875 0.036260 
493 -1.371021 0.212140 
494 -1.415383 0.289873 
495 -1.484047 0.371097 
496 -1.364298 0.219739 
497 -1.473600 0.383965 
498 -1.482070 0.408703 
499 -1.396282 0.281550 
500 -1.386736 0.247641 
501 -1.325175 0.164383 
502 -1.379118 0.243851 
503 -1.356349 0.221378 
504 -1.449875 0.316299 
505 -1.467415 0.387428 
506 -1.543867 0.460664 
507 -1.458269 0.372980 
508 -1.529969 0.458403 
509 -1.500072 0.435831 
510 -1.559217 0.499499 
511 -1.656583 0.620708 
512 -1.579998 0.510228 
513 -1.574799 0.515368 
514 -1.526210 0.461372 
515 -1.545790 0.493886 
516 -1.622964 0.586491 
517 -1.385422 0.270491 
518 -1.293670 0.132947 
519 -1.421873 0.388332 
520 -1.521338 0.506602 
521 -1.919605 0.899432 
523 -1.723895 0.729287 
524 -1.904470 0.868521 
525 -1.699579 0.703441 
526 -1.781408 0.772530 
527 -1.716942 0.666299 
528 -1.734994 0.687906 
529 -1.795490 0.778798 
530 -1.632919 0.626883 
531 -1.891223 0.922971 
532 -1.927703 0.935918 
533 -1.865312 0.852543 
534 -2.000883 0.980795 
535 -2.083475 1.072050 
536 -2.083923 1.042963 
537 -2.164111 1.134164 
538 -2.179830 1.170403 
539 -2.348513 1.296277 
540 -2.217198 1.146410 
541 -2.215765 1.195809 
542 -2.254574 1.211330 
543 -1.952916 0.921026 
544 -1.922908 0.935590 
545 -1.978813 0.931251 
546 -2.012452 0.964298 
547 -1.920564 0.866567 
548 -1.903810 0.860319 
549 -1.803549 0.835375 
550 -1.902417 0.857755 
551 -1.985763 0.936692 
552 -2.003810 0.990318 
553 -1.785638 0.785404 
554 -1.728028 0.690882 
555 -1.708674 0.692508 
556 -1.789971 0.723157 
557 -1.619285 0.560468 
558 -1.666495 0.600840 
559 -1.503296 0.417472 
560 -1.417137 0.281212 
561 -1.366969 0.248994 
562 -1.282107 0.077427 
563 -1.119853 -0.406927 
564 -1.128700 -0.344585 
565 -1.246561 0.005927 
566 -1.296124 0.078068 
567 -1.297198 0.121740 
568 -1.346116 0.203122 
569 -1.421768 0.349245 
570 -1.511895 0.450671 
571 -1.535024 0.493683 
572 -1.605747 0.547373 
573 -1.588369 0.553436 
574 -1.650170 0.578268 
575 -1.498203 0.465330 
576 -1.483259 0.382510 
577 -1.554531 0.494962 
578 -1.643001 0.656637 
579 -1.615706 0.547823 
580 -1.628387 0.570762 
581 -1.646948 0.622979 
582 -1.638288 0.648177 
583 -1.635872 0.623381 
584 -1.638796 0.624021 
585 -1.806449 0.814359 
586 -1.819331 0.843672 
587 -1.810122 0.814568 
588 -1.883653 0.875616 
589 -1.977206 0.980961 
590 -1.966760 0.923506 
591 -2.022529 1.002526 
592 -2.031310 1.023899 
593 -1.919635 0.935381 
594 -1.967033 0.969563 
595 -1.905661 0.888688 
596 -2.022382 0.999762 
597 -1.971466 0.972680 
598 -1.874460 0.847206 
599 -1.858131 0.858833 
600 -1.848685 0.842779 
601 -1.737505 0.759039 
602 -1.765164 0.766896 
603 -1.934178 0.952263 
604 -1.950107 0.967665 
605 -2.028210 1.011653 
606 -2.057944 1.039656 
607 -1.959580 0.954430 
608 -1.658175 0.665989 
609 -1.572553 0.516325 
610 -1.526367 0.497620 
611 -1.587377 0.587389 
612 -1.751724 0.735606 
613 -1.644086 0.643570 
614 -1.686441 0.669583 
615 -1.762307 0.756791 
616 -1.641034 0.607259 
617 -1.661344 0.661716 
618 -1.757541 0.735243 
619 -1.656607 0.631532 
620 -1.613058 0.598084 
621 -1.736646 0.696232 
622 -1.665767 0.668264 
623 -1.666854 0.681212 
624 -1.733295 0.738543 
625 -1.685054 0.698189 
626 -1.648426 0.624835 
627 -1.708708 0.695371 
628 -1.677191 0.638465 
629 -1.706400 0.692752 
630 -1.578411 0.535893 
631 -1.509785 0.464882 
632 -1.497811 0.457905 
633 -1.459319 0.383623 
634 -1.494017 0.442536 
635 -1.469441 0.445350 
636 -1.477169 0.447317 
637 -1.546605 0.485514 
638 -1.486313 0.417537 
639 -1.534433 0.472415 
640 -1.491227 0.433350 
641 -1.516273 0.464583 
642 -1.467710 0.381472 
643 -1.504049 0.442297 
644 -1.541616 0.482167 
645 -1.543623 0.468066 
646 -1.516357 0.459790 
647 -1.647497 0.651735 
648 -1.750097 0.732398 
649 -1.783874 0.764039 
650 -1.826889 0.845041 
651 -1.804148 0.833351 
652 -1.776800 0.756377 
653 -1.761680 0.769994 
654 -1.804734 0.832898 
655 -1.832935 0.807256 
656 -1.940262 0.944490 
657 -1.822788 0.829091 
658 -1.923899 0.955051 
659 -1.819361 0.802700 
660 -1.786852 0.762077 
661 -1.848485 0.861609 
662 -1.777208 0.773283 
663 -1.977977 0.959114 
664 -1.822641 0.815449 
665 -1.746559 0.732295 
666 -1.670019 0.627757 
667 -1.525292 0.452396 
668 -1.427383 0.342678 
669 -1.531923 0.515354 
670 -1.453543 0.380993 
671 -1.486013 0.411859 
672 -1.504939 0.398250 
673 -1.496450 0.381512 
674 -1.449945 0.386847 
675 -1.439850 0.309633 
676 -1.331040 0.171544 
677 -1.362916 0.207112 
678 -1.437885 0.339415 
679 -1.402331 0.270488 
680 -1.454562 0.322057 
681 -1.378402 0.262519 
682 -1.482107 0.376489 
683 -1.308873 0.092848 
684 -1.251885 -0.038855 
685 -1.193723 -0.158099 
686 -1.201288 -0.134931 
687 -1.199061 -0.169778 
688 -1.166712 -0.242654 
689 -1.181625 -0.211729 
690 -1.170603 -0.223998 
691 -1.212827 -0.162431 
692 -1.199096 -0.200201 
693 -1.205613 -0.156970 
694 -1.176659 -0.241202 
695 -1.182565 -0.248047 
696 -1.149831 -0.311876 
697 -1.151600 -0.270633 
698 -1.151566 -0.269367 
699 -1.131590 -0.324749 
700 -1.115901 -0.391295 
701 -1.111709 -0.423391 
702 -1.151603 -0.284399 
703 -1.154816 -0.284048 
704 -1.120726 -0.364621 
705 -1.055800 -0.632153 
706 -1.079193 -0.513467 
707 -1.081644 -0.601503 
708 -1.080212 -0.621118 
709 -1.078189 -0.561166 
710 -1.073497 -0.668580 
711 -1.059575 -0.627156 
712 -1.069109 -0.689745 
713 -1.086165 -0.578739 
714 -1.079030 -0.606889 
715 -1.078770 -0.614700 
716 -1.110444 -0.414830 
717 -1.095945 -0.475522 
718 -1.060783 -0.675860 
719 -1.062863 -0.727735 
720 -1.052922 -0.875453 
721 -1.058731 -0.818442 
722 -1.057341 -0.877408 
723 -1.074634 -0.822632 
724 -1.056334 -0.876077 
725 -1.074647 -0.844154 
726 -1.048796 -0.769244 
727 -1.050771 -0.874187 
728 -1.064089 -0.663299 
729 -1.067408 -0.647245 
730 -1.090004 -0.674154 
731 -1.090799 -0.518390 
732 -1.095502 -0.489098 
733 -1.100759 -0.445591 
734 -1.124297 -0.387708 
735 -1.102170 -0.408174 
736 -1.099446 -0.431619 
737 -1.121735 -0.416920 
738 -1.114037 -0.410097 
739 -1.134153 -0.346352 
740 -1.088188 -0.480028 
741 -1.107618 -0.423863 
742 -1.093961 -0.484104 
743 -1.078509 -0.497187 
744 -1.099230 -0.468811 
745 -1.094645 -0.483919 
746 -1.058409 -0.562584 
747 -1.032756 -0.675872 
748 -1.040066 -0.691684 
749 -1.030880 -0.708192 
750 -1.043713 -0.636587 
751 -1.069807 -0.627624 
752 -1.037011 -0.836258 
753 -1.030453 -0.986706 
754 -1.007317 -0.823894 
755 -1.015011 -1.191481 
756 -1.024635 -1.364617 
757 -1.032403 -1.382668 
758 -1.253743 -2.266320 
759 -1.088367 -1.645403 
760 -1.083533 -1.557058 
761 -1.069369 -1.570665 
762 -1.069730 -1.550289 
763 -1.077921 -1.616552 
764 -1.074918 -1.657791 
765 -1.055798 -1.432954 
766 -1.074034 -1.630369 
767 -1.114306 -1.680298 
768 -1.146980 -1.889030 
769 -1.147293 -1.789281 
770 -1.076157 -1.663877 
771 -1.152794 -1.908656 
772 -1.138704 -1.783051 
773 -1.168078 -1.958044 
774 -1.145146 -1.836158 
775 -1.233888 -2.155908 
776 -1.148179 -1.868608 
777 -1.199345 -2.124205 
778 -1.225282 -2.160067 
779 -1.115581 -1.898858 
780 -1.038837 -1.499986 
781 -1.267377 0.201870 
