1314 2
2 -2.385773 2.303944 
3 -2.040444 1.918451 
4 -1.941303 1.782995 
5 -1.707094 1.545851 
6 -1.634889 1.402878 
7 -1.489658 1.126589 
8 -1.540666 1.248607 
9 -1.424361 0.981810 
10 -1.470178 1.058704 
11 -1.353227 0.812050 
12 -1.401112 0.788051 
13 -1.362153 0.738765 
14 -1.339742 0.678450 
15 -1.306533 0.562506 
16 -1.296275 0.539219 
17 -1.296844 0.574619 
18 -1.307495 0.562527 
19 -1.296589 0.553673 
20 -1.268752 0.396779 
21 -1.275231 0.468580 
22 -1.268013 0.414960 
23 -1.309769 0.624673 
24 -1.300805 0.661199 
25 -1.278509 0.514292 
26 -1.227963 0.410529 
27 -1.262001 0.448233 
28 -1.252981 0.479622 
29 -1.230560 0.370108 
30 -1.271597 0.464704 
31 -1.271196 0.466420 
32 -1.275148 0.482510 
33 -1.276592 0.462841 
34 -1.331744 0.572349 
35 -1.275359 0.385152 
36 -1.256985 0.330164 
37 -1.253042 0.133888 
38 -1.245984 0.055502 
39 -1.243361 -0.045513 
40 -1.216371 -0.058922 
41 -1.227835 -0.067064 
42 -1.247397 0.198517 
43 -1.364537 0.698886 
44 -1.602371 1.195257 
45 -1.609338 1.201260 
46 -1.387511 0.794696 
47 -1.347653 0.676731 
48 -1.313460 0.574147 
49 -1.291209 0.517735 
50 -1.346092 0.673473 
51 -1.328018 0.651863 
52 -1.297370 0.523080 
53 -1.322232 0.629459 
54 -1.367428 0.684474 
55 -1.392554 0.745678 
56 -1.361305 0.686884 
57 -1.368339 0.717765 
58 -1.374869 0.710049 
59 -1.306043 0.558140 
60 -1.311925 0.600506 
61 -1.319556 0.585466 
62 -1.343619 0.677841 
63 -1.312312 0.607881 
64 -1.325557 0.621694 
65 -1.269468 0.376862 
66 -1.256792 0.378350 
67 -1.236074 0.267225 
68 -1.255683 0.479794 
69 -1.366869 0.784116 
70 -1.389809 0.797316 
71 -1.382174 0.829672 
72 -1.410263 0.880951 
73 -1.328035 0.699248 
74 -1.324332 0.632423 
75 -1.340473 0.724864 
76 -1.288098 0.575774 
77 -1.358573 0.703611 
78 -1.317797 0.655660 
79 -1.338144 0.697959 
80 -1.324320 0.617281 
81 -1.314312 0.612657 
82 -1.293669 0.573895 
83 -1.319173 0.692594 
84 -1.373707 0.786515 
85 -1.349522 0.752031 
86 -1.343201 0.725278 
87 -1.319420 0.651686 
88 -1.372176 0.799884 
89 -1.365289 0.764896 
90 -1.311737 0.587588 
91 -1.300311 0.535430 
92 -1.302338 0.488588 
93 -1.288595 0.542955 
94 -1.294089 0.583972 
95 -1.270419 0.478450 
96 -1.304786 0.515372 
97 -1.318790 0.611127 
98 -1.338157 0.693927 
99 -1.289152 0.561875 
100 -1.288436 0.489459 
101 -1.256750 0.509120 
102 -1.233449 0.349202 
103 -1.244681 0.366460 
104 -1.273127 0.480834 
105 -1.256567 0.377709 
106 -1.225314 0.226433 
107 -1.228036 0.215049 
108 -1.225494 0.258332 
109 -1.203640 0.222061 
110 -1.222688 0.283217 
111 -1.257115 0.364517 
112 -1.244211 0.390583 
113 -1.266852 0.442111 
114 -1.236486 0.323224 
115 -1.227273 0.254789 
116 -1.227700 0.282065 
117 -1.232754 0.265394 
118 -1.270619 0.441814 
119 -1.249155 0.370531 
120 -1.241131 0.366943 
121 -1.289588 0.497542 
122 -1.285931 0.542802 
123 -1.284915 0.494686 
124 -1.250081 0.352549 
125 -1.215229 0.273734 
126 -1.202908 0.175282 
127 -1.218553 0.236787 
128 -1.187973 0.157022 
129 -1.203371 0.129347 
130 -1.215614 0.216960 
131 -1.242293 0.296572 
132 -1.258966 0.404775 
133 -1.217170 0.154052 
134 -1.230524 0.209594 
135 -1.233907 0.295419 
136 -1.304342 0.616537 
137 -1.336100 0.676835 
138 -1.307800 0.680314 
139 -1.360319 0.657466 
140 -1.278836 0.515042 
141 -1.323422 0.701629 
142 -1.342810 0.730720 
143 -1.353544 0.695691 
144 -1.313173 0.605156 
145 -1.298272 0.523045 
146 -1.292998 0.497877 
147 -1.317316 0.565509 
148 -1.252615 0.458424 
149 -1.259951 0.485065 
150 -1.310219 0.605930 
151 -1.309695 0.621181 
152 -1.303612 0.610213 
153 -1.320758 0.612669 
154 -1.245909 0.385434 
155 -1.260131 0.450440 
156 -1.276956 0.479014 
157 -1.306321 0.530010 
158 -1.286847 0.497372 
159 -1.224047 0.357922 
160 -1.240822 0.424081 
161 -1.269691 0.457984 
162 -1.221450 0.235927 
163 -1.253062 0.463043 
164 -1.265133 0.433633 
165 -1.250663 0.421739 
166 -1.223191 0.285161 
167 -1.227595 0.283090 
168 -1.220646 0.270862 
169 -1.225602 0.253829 
170 -1.206806 0.154997 
171 -1.205928 0.061625 
172 -1.210472 0.053699 
173 -1.219042 0.131422 
174 -1.210992 0.131862 
175 -1.217282 0.176635 
176 -1.218052 0.117911 
177 -1.203102 0.019259 
178 -1.214536 0.024059 
179 -1.222532 0.104300 
180 -1.222271 0.090156 
181 -1.217196 0.003526 
182 -1.222859 0.103299 
183 -1.224687 -0.028941 
184 -1.220700 -0.086637 
185 -1.220328 -0.027101 
186 -1.233596 0.088691 
187 -1.261830 0.299293 
188 -1.240144 0.126179 
189 -1.221233 0.057161 
190 -1.203729 0.027656 
191 -1.204598 0.088453 
192 -1.180843 -0.034967 
193 -1.207556 0.097395 
194 -1.204302 0.019913 
195 -1.207933 0.006113 
196 -1.202074 0.063960 
197 -1.184417 -0.105197 
198 -1.189308 -0.073495 
199 -1.203786 -0.013940 
200 -1.207346 -0.014657 
201 -1.198792 0.028224 
202 -1.189434 0.014565 
203 -1.193225 0.138381 
204 -1.196043 0.139813 
205 -1.206208 0.272573 
206 -1.200157 0.147038 
207 -1.197569 0.186741 
208 -1.254319 0.494095 
209 -1.242276 0.414719 
210 -1.255085 0.384043 
211 -1.279804 0.471002 
212 -1.267019 0.386226 
213 -1.249052 0.397654 
214 -1.291952 0.469034 
215 -1.242753 0.300300 
216 -1.243967 0.373219 
217 -1.281486 0.594162 
218 -1.339930 0.648266 
219 -1.283664 0.533909 
220 -1.264750 0.448976 
221 -1.241941 0.409622 
222 -1.268040 0.518093 
223 -1.264781 0.508779 
224 -1.352233 0.766532 
225 -1.344195 0.746542 
226 -1.450070 0.922089 
227 -1.404774 0.890108 
228 -1.443066 0.936167 
229 -1.344450 0.765143 
230 -1.414403 0.944062 
231 -1.421900 0.939952 
232 -1.406270 0.926608 
233 -1.443956 0.975296 
234 -1.355594 0.788291 
235 -1.436429 1.010262 
236 -1.406379 0.903554 
237 -1.388553 0.874132 
238 -1.409206 0.857564 
239 -1.428810 0.976348 
240 -1.493000 1.062757 
241 -1.433315 0.978728 
242 -1.363443 0.831781 
243 -1.362153 0.855304 
244 -1.327023 0.747171 
245 -1.329729 0.763741 
246 -1.319557 0.735936 
247 -1.410005 0.973612 
248 -1.348712 0.795210 
249 -1.422815 0.894248 
250 -1.407292 0.983232 
251 -1.336673 0.788553 
252 -1.471186 1.026403 
253 -1.409920 0.927139 
254 -1.441808 1.054987 
255 -1.458493 0.998899 
256 -1.333003 0.815866 
257 -1.341580 0.794854 
258 -1.433203 1.023314 
259 -1.431624 0.991184 
260 -1.465506 1.027608 
261 -1.357330 0.751746 
262 -1.357592 0.788414 
263 -1.351344 0.885878 
264 -1.436075 0.964883 
265 -1.387320 0.876549 
266 -1.329866 0.731239 
267 -1.411374 0.916609 
268 -1.396500 0.910058 
269 -1.362197 0.834096 
270 -1.328131 0.731937 
271 -1.415628 0.943188 
272 -1.427553 0.954049 
273 -1.415318 0.896474 
274 -1.318544 0.706442 
275 -1.374713 0.865457 
276 -1.317906 0.700104 
277 -1.401926 0.901098 
278 -1.337425 0.715225 
279 -1.339937 0.821581 
280 -1.378400 0.864385 
281 -1.421988 0.923806 
282 -1.409667 0.915891 
283 -1.374751 0.833205 
284 -1.414324 0.897771 
285 -1.342900 0.745127 
286 -1.381517 0.827811 
287 -1.330926 0.743484 
288 -1.348042 0.826066 
289 -1.402066 0.889579 
290 -1.364972 0.807771 
291 -1.325137 0.695993 
292 -1.337051 0.672651 
293 -1.360594 0.850259 
294 -1.312856 0.697607 
295 -1.328606 0.711764 
296 -1.314245 0.668394 
297 -1.308803 0.659803 
298 -1.339347 0.707751 
299 -1.316427 0.629443 
300 -1.294179 0.625369 
301 -1.274411 0.599049 
302 -1.304782 0.610332 
303 -1.313693 0.634510 
304 -1.322642 0.661032 
305 -1.273250 0.512589 
306 -1.248104 0.500854 
307 -1.294812 0.555581 
308 -1.289992 0.535261 
309 -1.328632 0.653945 
310 -1.341657 0.772019 
311 -1.316880 0.584846 
312 -1.291646 0.533475 
313 -1.307708 0.576289 
314 -1.260533 0.488311 
315 -1.265893 0.478696 
316 -1.239419 0.369505 
317 -1.277267 0.490413 
318 -1.259581 0.472681 
319 -1.303318 0.638007 
320 -1.287988 0.509694 
321 -1.254328 0.445672 
322 -1.275356 0.488925 
323 -1.257522 0.436940 
324 -1.276900 0.523531 
325 -1.321271 0.669687 
326 -1.284530 0.514666 
327 -1.312631 0.531815 
328 -1.240544 0.376277 
329 -1.270961 0.456773 
330 -1.233417 0.311598 
331 -1.214263 0.175187 
332 -1.213302 0.190107 
333 -1.234814 0.208810 
334 -1.226853 0.220808 
335 -1.230250 0.247085 
336 -1.266135 0.400813 
337 -1.212183 0.186223 
338 -1.231896 0.226718 
339 -1.213449 0.115473 
340 -1.242612 0.275302 
341 -1.215238 0.126644 
342 -1.226331 0.191692 
343 -1.245145 0.288629 
344 -1.235410 0.182589 
345 -1.255594 0.273131 
346 -1.284881 0.450537 
347 -1.253453 0.395733 
348 -1.246444 0.297798 
349 -1.235439 0.216877 
350 -1.239095 0.211604 
351 -1.222746 0.235623 
352 -1.248277 0.338215 
353 -1.242543 0.265062 
354 -1.223155 0.290997 
355 -1.241207 0.258617 
356 -1.220645 0.234427 
357 -1.207838 0.174472 
358 -1.199059 0.196281 
359 -1.222204 0.224004 
360 -1.206720 0.185973 
361 -1.221552 0.293227 
362 -1.224150 0.289304 
363 -1.223403 0.319733 
364 -1.216874 0.235940 
365 -1.215154 0.262285 
366 -1.204011 0.186860 
367 -1.210482 0.303579 
368 -1.201569 0.230335 
369 -1.238320 0.413013 
370 -1.234380 0.422386 
371 -1.264048 0.529197 
372 -1.283790 0.650205 
373 -1.290615 0.586752 
374 -1.389232 0.893583 
375 -1.316596 0.710793 
376 -1.295893 0.544559 
377 -1.314801 0.682400 
378 -1.341440 0.691736 
379 -1.379894 0.808694 
380 -1.294019 0.603735 
381 -1.332654 0.672110 
382 -1.341661 0.746126 
383 -1.319602 0.640179 
384 -1.308147 0.653189 
385 -1.311606 0.623840 
386 -1.327444 0.715682 
387 -1.307357 0.666708 
388 -1.305628 0.647560 
389 -1.276310 0.581236 
390 -1.294188 0.629909 
391 -1.272592 0.569797 
392 -1.325917 0.651453 
393 -1.310654 0.611765 
394 -1.348768 0.762502 
395 -1.283661 0.608077 
396 -1.386402 0.848031 
397 -1.390013 0.873193 
398 -1.430660 0.951860 
399 -1.374026 0.775101 
400 -1.337472 0.738438 
401 -1.342894 0.754098 
402 -1.366282 0.786848 
403 -1.354824 0.741236 
404 -1.343366 0.771440 
405 -1.351121 0.801581 
406 -1.339092 0.772305 
407 -1.342368 0.729226 
408 -1.291855 0.677602 
409 -1.382484 0.873634 
410 -1.408599 0.924521 
411 -1.335338 0.758917 
412 -1.419233 0.905022 
413 -1.401432 0.827733 
414 -1.385317 0.862427 
415 -1.414014 0.851411 
416 -1.369938 0.839064 
417 -1.314868 0.624160 
418 -1.341428 0.684031 
419 -1.343329 0.710281 
420 -1.373212 0.806316 
421 -1.412543 0.901366 
422 -1.342356 0.738447 
423 -1.301869 0.642951 
424 -1.351170 0.797231 
425 -1.405318 0.873424 
426 -1.360434 0.749560 
427 -1.386924 0.815546 
428 -1.430951 0.949664 
429 -1.391312 0.976922 
430 -1.396560 0.892298 
431 -1.372442 0.739576 
432 -1.364856 0.750617 
433 -1.342567 0.705507 
434 -1.369536 0.787190 
435 -1.355148 0.729765 
436 -1.345881 0.746436 
437 -1.263455 0.450163 
438 -1.291957 0.518064 
439 -1.275913 0.446560 
440 -1.299494 0.577791 
441 -1.291621 0.566495 
442 -1.378152 0.788730 
443 -1.361333 0.759827 
444 -1.384904 0.829783 
445 -1.298091 0.636767 
446 -1.341073 0.729772 
447 -1.344512 0.678283 
448 -1.376732 0.786273 
449 -1.338169 0.727463 
450 -1.363580 0.841971 
451 -1.366198 0.863196 
452 -1.339545 0.737190 
453 -1.360735 0.778410 
454 -1.351580 0.770441 
455 -1.407074 0.891048 
456 -1.401442 0.903285 
457 -1.399204 0.857383 
458 -1.395385 0.874545 
459 -1.386072 0.840270 
460 -1.364199 0.768895 
461 -1.337575 0.672310 
462 -1.320474 0.691062 
463 -1.358139 0.720406 
464 -1.388182 0.796933 
465 -1.366135 0.786355 
466 -1.421608 0.915617 
467 -1.359026 0.809334 
468 -1.414772 0.909139 
469 -1.424307 0.919763 
470 -1.323318 0.731216 
471 -1.315423 0.668889 
472 -1.374041 0.839825 
473 -1.336027 0.757896 
474 -1.348266 0.737909 
475 -1.301319 0.701042 
476 -1.254414 0.447215 
477 -1.256702 0.491882 
478 -1.237070 0.392148 
479 -1.285017 0.549084 
480 -1.253534 0.446992 
481 -1.264019 0.533619 
482 -1.346496 0.714018 
483 -1.282071 0.568968 
484 -1.287470 0.663739 
485 -1.283378 0.742079 
486 -1.404066 0.949129 
487 -1.400340 0.898018 
488 -1.387204 0.941022 
489 -1.408486 0.931034 
490 -1.322626 0.716043 
491 -1.381241 0.821344 
492 -1.342262 0.685180 
493 -1.258371 0.537543 
494 -1.353963 0.751994 
495 -1.276760 0.583976 
496 -1.344531 0.708747 
497 -1.438151 1.016497 
498 -1.485048 1.061362 
499 -1.510936 1.129231 
500 -1.611560 1.297934 
501 -1.565207 1.190982 
502 -1.598518 1.318041 
503 -1.432891 1.018903 
504 -1.490100 1.156272 
505 -1.523186 1.188259 
506 -1.446081 1.107947 
507 -1.523244 1.179687 
508 -1.453236 1.068929 
512 -2.650223 2.540498 
513 -2.428203 2.384050 
514 -2.040241 1.983008 
515 -2.047360 1.923823 
516 -1.982413 1.847929 
548 -2.593971 2.545849 
549 -2.591625 2.537060 
550 -2.164675 2.096505 
551 -2.229216 2.135715 
552 -2.380271 2.292128 
553 -2.185561 2.108427 
554 -2.036017 1.914421 
555 -2.139718 2.001573 
556 -2.077314 2.025201 
557 -1.772534 1.597772 
558 -1.951516 1.821752 
559 -1.885844 1.739705 
560 -1.854610 1.657919 
561 -1.751329 1.567579 
562 -1.766859 1.572123 
563 -1.653128 1.368487 
564 -1.673304 1.442299 
565 -1.807547 1.590526 
566 -1.812820 1.610801 
567 -1.621124 1.375260 
568 -1.517683 1.170161 
569 -1.730174 1.454588 
570 -1.699218 1.522714 
571 -1.706045 1.430060 
572 -1.508256 1.124005 
573 -1.722712 1.495680 
574 -1.516118 1.142672 
575 -1.450489 1.047926 
576 -1.393807 0.923530 
577 -1.525561 1.148557 
578 -1.372211 0.912466 
579 -1.397621 0.891824 
580 -1.483843 1.106139 
581 -1.549749 1.263208 
582 -1.473937 1.099520 
583 -1.557900 1.207014 
584 -1.501725 1.141335 
585 -1.518712 1.133787 
586 -1.423782 0.955854 
587 -1.544841 1.189988 
588 -1.481409 1.088498 
589 -1.402161 0.931638 
590 -1.436676 1.056290 
591 -1.348317 0.823092 
592 -1.406206 0.964841 
593 -1.462403 1.072634 
594 -1.418927 0.968380 
595 -1.426362 1.029708 
596 -1.339478 0.837107 
597 -1.441943 1.001790 
598 -1.418066 0.955308 
599 -1.480356 1.105541 
600 -1.570929 1.269130 
601 -1.482095 1.140146 
602 -1.534845 1.187713 
603 -1.530114 1.198316 
604 -1.563422 1.221236 
605 -1.587276 1.211731 
606 -1.527481 1.193919 
607 -1.592343 1.368583 
608 -1.487371 1.110882 
609 -1.498573 1.130001 
610 -1.385696 0.924388 
611 -1.355496 0.796930 
612 -1.418410 0.925923 
613 -1.381140 0.835863 
614 -1.403608 0.912417 
615 -1.400319 0.900695 
616 -1.345022 0.730868 
617 -1.319693 0.660280 
618 -1.426610 0.909083 
619 -1.409661 0.875906 
620 -1.368481 0.760413 
621 -1.340899 0.752132 
622 -1.379739 0.886961 
623 -1.414467 0.930117 
624 -1.395248 0.881764 
625 -1.385261 0.809708 
626 -1.407850 0.916391 
627 -1.334248 0.815071 
628 -1.314041 0.698629 
629 -1.369878 0.867299 
630 -1.371096 0.840121 
631 -1.485041 1.106392 
632 -1.424307 0.898972 
633 -1.391593 0.870074 
634 -1.337142 0.812686 
635 -1.331005 0.747326 
636 -1.332158 0.651770 
637 -1.375772 0.821671 
638 -1.381978 0.729601 
639 -1.338224 0.678185 
640 -1.314506 0.656092 
641 -1.305471 0.624574 
642 -1.334842 0.727435 
643 -1.361570 0.828585 
644 -1.294015 0.550643 
645 -1.311019 0.664690 
646 -1.311184 0.587852 
647 -1.261843 0.390807 
648 -1.236202 0.311268 
649 -1.254001 0.325648 
650 -1.205600 -0.030061 
651 -1.199147 -0.102151 
652 -1.199771 -0.257038 
653 -1.215986 -0.373532 
654 -1.191453 -0.127713 
655 -1.185948 -0.177841 
656 -1.192944 -0.282539 
657 -1.183773 -0.148938 
658 -1.188686 0.023046 
659 -1.234149 0.289445 
660 -1.321167 0.644844 
661 -1.258983 0.392713 
662 -1.287594 0.504966 
663 -1.232490 0.331129 
664 -1.283554 0.526766 
665 -1.225807 0.351913 
666 -1.254374 0.448980 
667 -1.294358 0.608622 
668 -1.339337 0.766131 
669 -1.320388 0.708581 
670 -1.337222 0.715873 
671 -1.412348 0.973456 
672 -1.411874 0.970977 
673 -1.380490 0.964314 
674 -1.447873 1.015036 
675 -1.475372 1.096343 
676 -1.475427 1.053965 
677 -1.819023 1.563852 
678 -1.702297 1.493954 
679 -1.659105 1.403380 
680 -1.682820 1.462874 
681 -1.733923 1.510365 
682 -1.684686 1.403568 
683 -1.458225 1.077747 
684 -1.451109 1.007321 
685 -1.478384 1.032584 
686 -1.431046 0.933432 
687 -1.424224 0.943694 
688 -1.505183 1.081068 
689 -1.502253 1.139939 
690 -1.470788 1.045358 
691 -1.464567 1.097968 
692 -1.337776 0.756094 
693 -1.374554 0.792975 
694 -1.388417 0.918583 
695 -1.402338 0.920531 
696 -1.388242 0.917043 
697 -1.332777 0.707729 
698 -1.423358 0.861342 
699 -1.410788 0.844854 
700 -1.412894 0.892698 
701 -1.405560 0.819251 
702 -1.349151 0.785351 
703 -1.368854 0.780354 
704 -1.331235 0.691372 
705 -1.389053 0.834551 
706 -1.338591 0.649887 
707 -1.303456 0.646759 
708 -1.333047 0.705258 
709 -1.315264 0.650625 
710 -1.288814 0.597162 
711 -1.318058 0.627316 
712 -1.239486 0.469401 
713 -1.267884 0.441790 
714 -1.224203 -0.351388 
715 -1.215369 -0.416855 
716 -1.236430 -0.396326 
717 -1.212370 -0.264575 
718 -1.212538 -0.214781 
719 -1.210066 -0.206904 
720 -1.207416 -0.133464 
721 -1.202031 -0.197158 
722 -1.216904 -0.084956 
723 -1.223795 -0.056752 
724 -1.215575 0.050294 
725 -1.224615 0.148069 
726 -1.238798 0.182274 
727 -1.262663 0.291897 
728 -1.243957 0.127662 
729 -1.271783 0.280936 
730 -1.268232 0.365797 
731 -1.253235 0.280098 
732 -1.249771 0.285048 
733 -1.233437 0.161127 
734 -1.258243 0.378540 
735 -1.275647 0.400152 
736 -1.287485 0.490775 
737 -1.324216 0.625668 
738 -1.336013 0.715218 
739 -1.294534 0.576154 
740 -1.292213 0.532058 
741 -1.275415 0.372535 
742 -1.245258 0.343049 
743 -1.232200 0.282596 
744 -1.276789 0.475099 
745 -1.314110 0.610063 
746 -1.372666 0.754150 
747 -1.309681 0.600159 
748 -1.303792 0.597069 
749 -1.313651 0.648736 
750 -1.375307 0.743282 
751 -1.328731 0.635396 
752 -1.313981 0.549944 
753 -1.295030 0.545022 
754 -1.268235 0.413685 
755 -1.248698 0.315299 
756 -1.259988 0.389334 
757 -1.260692 0.367974 
758 -1.248483 0.280734 
759 -1.262181 0.362008 
760 -1.280842 0.418289 
761 -1.230093 0.249982 
762 -1.236081 0.251697 
763 -1.229897 0.235681 
764 -1.260746 0.352033 
765 -1.284666 0.429785 
766 -1.239072 0.246383 
767 -1.229494 0.102006 
768 -1.230727 0.202767 
769 -1.242872 0.276913 
770 -1.227799 0.124372 
771 -1.208131 0.013086 
772 -1.221105 0.183707 
773 -1.226201 0.129389 
774 -1.211871 0.169302 
775 -1.241924 0.301771 
776 -1.257508 0.262592 
777 -1.217221 0.145766 
778 -1.232777 0.272971 
779 -1.225287 0.221976 
780 -1.250234 0.233713 
781 -1.244648 0.210380 
782 -1.222804 0.266851 
783 -1.221524 0.089389 
784 -1.197003 -0.170131 
785 -1.198520 -0.102599 
786 -1.195271 -0.014902 
787 -1.198612 -0.091114 
788 -1.197413 0.051967 
789 -1.196135 -0.191455 
790 -1.216148 -0.037825 
791 -1.206877 0.142136 
792 -1.203307 -0.010229 
793 -1.173270 -0.038564 
794 -1.208003 -0.019490 
795 -1.199956 -0.116933 
796 -1.197025 -0.038959 
797 -1.213958 0.148905 
798 -1.205670 -0.157925 
799 -1.188438 -0.221051 
800 -1.175534 -0.278921 
801 -1.178756 -0.048355 
802 -1.197809 -0.111844 
803 -1.180544 -0.041694 
804 -1.205258 -0.085611 
805 -1.211993 -0.008745 
806 -1.187879 -0.109597 
807 -1.202582 -0.117663 
808 -1.214813 -0.008266 
809 -1.211442 -0.064911 
810 -1.202084 -0.139340 
811 -1.201116 -0.254777 
812 -1.180856 -0.309800 
813 -1.212773 -0.438711 
814 -1.190857 -0.277223 
815 -1.200176 -0.257430 
816 -1.209857 -0.191222 
817 -1.214690 -0.364460 
818 -1.200353 -0.223353 
819 -1.200842 -0.360832 
820 -1.202499 -0.186202 
821 -1.201449 -0.457259 
822 -1.194044 -0.405788 
823 -1.220936 -0.425124 
824 -1.205906 -0.355799 
825 -1.194910 -0.122118 
826 -1.200491 -0.051872 
827 -1.207926 0.022316 
828 -1.197834 0.036226 
829 -1.198105 -0.021567 
830 -1.185273 -0.144225 
831 -1.190018 -0.140126 
832 -1.196963 -0.160437 
833 -1.194595 -0.202608 
834 -1.199206 -0.207110 
835 -1.188449 -0.135908 
836 -1.210781 -0.185979 
837 -1.195121 -0.291920 
838 -1.198032 -0.182231 
839 -1.198621 -0.093070 
840 -1.194362 -0.105666 
841 -1.184798 -0.372464 
842 -1.202386 -0.248913 
843 -1.216682 -0.225435 
844 -1.217188 -0.180378 
845 -1.216558 -0.336367 
846 -1.211406 -0.273776 
847 -1.203750 -0.345279 
848 -1.219875 -0.444308 
849 -1.197231 -0.226412 
850 -1.193925 -0.280370 
851 -1.220755 -0.469667 
852 -1.215083 -0.378490 
853 -1.216256 -0.303770 
854 -1.220714 -0.272679 
855 -1.209378 -0.190114 
856 -1.215536 -0.140233 
857 -1.197374 -0.042338 
858 -1.218884 0.195714 
859 -1.245487 0.310512 
860 -1.237603 0.291920 
861 -1.207121 -0.028003 
862 -1.213560 -0.109528 
863 -1.209144 -0.279316 
864 -1.190628 -0.201877 
865 -1.188878 -0.231706 
866 -1.214439 -0.376816 
867 -1.189636 -0.309137 
868 -1.182690 -0.098143 
869 -1.199349 -0.247738 
870 -1.203494 -0.386909 
871 -1.192839 -0.281171 
872 -1.187877 -0.289194 
873 -1.183924 -0.349305 
874 -1.200632 -0.573123 
875 -1.190536 -0.410735 
876 -1.194485 -0.454078 
877 -1.167145 -0.397344 
878 -1.205612 -0.556671 
879 -1.191573 -0.323844 
880 -1.190669 -0.235866 
881 -1.191537 -0.315459 
882 -1.179188 -0.213891 
883 -1.200092 -0.239117 
884 -1.178641 -0.391824 
885 -1.209829 -0.656329 
886 -1.181164 -0.546704 
887 -1.347047 -1.137967 
888 -1.444845 -1.255459 
889 -1.525109 -1.483008 
890 -1.304385 -1.094598 
891 -1.535356 -1.374608 
892 -1.467927 -1.310875 
893 -1.431580 -1.215869 
894 -1.518391 -1.509890 
895 -1.716750 -1.764867 
896 -2.347601 -2.548703 
897 -2.289907 -2.478279 
898 -3.475341 -3.929594 
899 -2.923692 -3.125261 
900 -2.289831 -2.423842 
901 -2.509796 -2.695127 
902 -2.437381 -2.638685 
903 -2.208745 -2.401511 
904 -1.953092 -2.100949 
905 -1.776621 -1.873802 
906 -2.198292 -2.356299 
907 -1.956693 -2.104856 
908 -1.951918 -2.093257 
909 -1.959510 -2.092122 
910 -2.038228 -2.213759 
911 -1.598555 -1.558879 
912 -1.951644 -2.071520 
913 -1.802860 -1.857463 
914 -1.853408 -1.993977 
915 -1.765387 -1.803929 
916 -1.810726 -1.884140 
917 -1.868867 -1.937993 
918 -1.707394 -1.701453 
919 -2.075243 -2.220766 
920 -1.908050 -2.013810 
921 -1.901004 -1.991654 
922 -1.919331 -2.013623 
923 -1.778609 -1.824943 
924 -1.722872 -1.756256 
925 -1.932323 -2.039918 
926 -1.639146 -1.670824 
927 -1.713042 -1.705305 
928 -1.550210 -1.517314 
929 -1.674105 -1.643952 
930 -1.709105 -1.721110 
931 -1.739680 -1.761331 
932 -1.770363 -1.803586 
933 -1.568499 -1.573150 
934 -1.742590 -1.788034 
935 -1.627571 -1.613537 
936 -1.480492 -1.398234 
937 -1.655439 -1.695083 
938 -1.424969 -1.293867 
939 -1.526679 -1.526201 
940 -1.455208 -1.284642 
941 -1.380996 -1.231393 
942 -1.504883 -1.423941 
943 -1.573223 -1.538798 
944 -1.602520 -1.533600 
945 -1.578089 -1.543558 
946 -1.658280 -1.636057 
947 -1.447932 -1.383601 
948 -1.641473 -1.655259 
949 -1.370975 -1.184256 
950 -1.341286 -1.081205 
951 -1.317659 -1.031627 
952 -1.491397 -1.392629 
953 -1.479964 -1.415141 
954 -1.531358 -1.451630 
955 -1.420800 -1.263782 
956 -1.325379 -1.001754 
957 -1.591933 -1.546974 
958 -1.525715 -1.459863 
959 -1.343239 -1.142549 
960 -1.384508 -1.250938 
961 -1.286126 -0.890260 
962 -1.585130 -1.567809 
963 -1.634937 -1.608643 
965 -1.608080 -1.601339 
966 -1.418352 -1.349072 
967 -1.579372 -1.595146 
968 -1.391955 -1.213577 
969 -1.581352 -1.573757 
970 -1.626747 -1.588282 
971 -1.484373 -1.438262 
972 -1.417200 -1.214888 
973 -1.376683 -1.229703 
974 -1.398446 -1.258552 
975 -1.740046 -1.750242 
976 -1.358909 -1.137688 
977 -1.481247 -1.429647 
978 -1.536486 -1.572857 
979 -1.696284 -1.728116 
980 -1.491546 -1.406497 
981 -1.410706 -1.216489 
982 -1.563420 -1.588896 
983 -1.463696 -1.395655 
984 -1.407989 -1.216530 
985 -1.551754 -1.546481 
986 -1.526366 -1.490429 
987 -1.422461 -1.319722 
988 -1.586921 -1.549100 
989 -1.423677 -1.253694 
990 -1.410442 -1.249851 
991 -1.359420 -1.135344 
992 -1.640003 -1.670750 
993 -1.420690 -1.249816 
994 -1.464280 -1.364998 
995 -1.664783 -1.706996 
996 -1.456134 -1.317713 
997 -1.575316 -1.505470 
998 -1.417286 -1.292743 
999 -1.639884 -1.599223 
1000 -1.592070 -1.575565 
1001 -1.562896 -1.552552 
1002 -1.570767 -1.568999 
1003 -1.451644 -1.340842 
1004 -1.395683 -1.187401 
1005 -1.441124 -1.287589 
1006 -1.592404 -1.557049 
1007 -1.658084 -1.688243 
1008 -1.751919 -1.773227 
1009 -1.365987 -1.125333 
1010 -1.410197 -1.181291 
1011 -1.478150 -1.398661 
1012 -1.387464 -1.141928 
1013 -1.368038 -1.116664 
1014 -1.442608 -1.379731 
1015 -1.506579 -1.355881 
1016 -1.324039 -1.006572 
1017 -1.321042 -0.973951 
1018 -1.411024 -1.219039 
1019 -1.331776 -1.085883 
1020 -1.450891 -1.335442 
1021 -1.680677 -1.773483 
1022 -1.364100 -1.085762 
1023 -1.340346 -1.054375 
1024 -1.456150 -1.339326 
1025 -1.562338 -1.485552 
1026 -1.526206 -1.413848 
1027 -1.411561 -1.225559 
1028 -1.338970 -1.081165 
1029 -1.323030 -1.029748 
1030 -1.513703 -1.430733 
1031 -1.446906 -1.334410 
1032 -1.522165 -1.485369 
1033 -1.472083 -1.431565 
1034 -1.395148 -1.249297 
1035 -1.483905 -1.422146 
1036 -1.403995 -1.228597 
1037 -1.469225 -1.290238 
1038 -1.375484 -1.200018 
1039 -1.643666 -1.638101 
1040 -1.634356 -1.629659 
1041 -1.485429 -1.299974 
1042 -1.386335 -1.186795 
1043 -1.498672 -1.477352 
1044 -1.483791 -1.407086 
1045 -1.420206 -1.174054 
1046 -1.428780 -1.188894 
1047 -1.280144 -1.003661 
1048 -1.379579 -1.157236 
1049 -1.493333 -1.355254 
1050 -1.360004 -1.134260 
1051 -1.488456 -1.378994 
1052 -1.511889 -1.465937 
1053 -1.410426 -1.247927 
1054 -1.423119 -1.328595 
1055 -1.425497 -1.253158 
1056 -1.431681 -1.296827 
1057 -1.630664 -1.599284 
1058 -1.380733 -1.158766 
1059 -1.577065 -1.551047 
1060 -1.559874 -1.530141 
1061 -1.416224 -1.226460 
1062 -1.519421 -1.438818 
1063 -1.426162 -1.276520 
1064 -1.391101 -1.140286 
1065 -1.441258 -1.369207 
1066 -1.384010 -1.107290 
1067 -1.349302 -1.085371 
1068 -1.488074 -1.443399 
1069 -1.557634 -1.502210 
1070 -1.390107 -1.168565 
1071 -1.317408 -1.047971 
1072 -1.703663 -1.700287 
1073 -1.387979 -1.170927 
1074 -1.466266 -1.324932 
1075 -1.572195 -1.565843 
1076 -1.545783 -1.478151 
1077 -1.423155 -1.189092 
1078 -1.379884 -1.108432 
1079 -1.347057 -1.071198 
1080 -1.480792 -1.396504 
1081 -1.392780 -1.098491 
1082 -1.519869 -1.433362 
1083 -1.398528 -1.143879 
1084 -1.392732 -1.172636 
1085 -1.329164 -1.000561 
1086 -1.502341 -1.339690 
1087 -1.335647 -1.097327 
1088 -1.511147 -1.385925 
1089 -1.271190 -0.933747 
1090 -1.336865 -1.075697 
1091 -1.316794 -0.987647 
1092 -1.322870 -0.945129 
1093 -1.471442 -1.323797 
1094 -1.340910 -1.098335 
1095 -1.485394 -1.344188 
1096 -1.347789 -1.012248 
1097 -1.300115 -1.000896 
1098 -1.444881 -1.266836 
1099 -1.274084 -0.834233 
1100 -1.252661 -0.786604 
1101 -1.306205 -0.933399 
1102 -1.312454 -0.973031 
1103 -1.346451 -1.010710 
1104 -1.420679 -1.248178 
1105 -1.477598 -1.389109 
1106 -1.605319 -1.590219 
1107 -1.310398 -1.039209 
1108 -1.305951 -0.936007 
1109 -1.298016 -0.934119 
1110 -1.324167 -0.953496 
1111 -1.229960 -0.772752 
1112 -1.265367 -0.804117 
1113 -1.257579 -0.816262 
1114 -1.267919 -0.797580 
1115 -1.291133 -0.896653 
1116 -1.388181 -1.199490 
1117 -1.305535 -0.983148 
1118 -1.364528 -1.147556 
1119 -1.288331 -0.913083 
1120 -1.310141 -0.912307 
1121 -1.409019 -1.237192 
1122 -1.327130 -0.979322 
1123 -1.294158 -0.923370 
1124 -1.346038 -1.001198 
1125 -1.422203 -1.245802 
1126 -1.373928 -1.056131 
1127 -1.353277 -1.028820 
1128 -1.327053 -1.042023 
1129 -1.399918 -1.219542 
1130 -1.296223 -0.947035 
1131 -1.325988 -1.041233 
1132 -1.332407 -0.942530 
1133 -1.334825 -0.973987 
1134 -1.426071 -1.209927 
1135 -1.460342 -1.363328 
1136 -1.446430 -1.288704 
1137 -1.317290 -1.081418 
1138 -1.277060 -0.878681 
1139 -1.491828 -1.392181 
1140 -1.386965 -1.164411 
1141 -1.291889 -1.005895 
1142 -1.379977 -1.174507 
1143 -1.397416 -1.248426 
1144 -1.354753 -1.161659 
1145 -1.387951 -1.203456 
1146 -1.306738 -0.955766 
1147 -1.259888 -0.869250 
1148 -1.299469 -0.912524 
1149 -1.373901 -1.212279 
1150 -1.331594 -0.977510 
1151 -1.293412 -0.860644 
1152 -1.326193 -0.932971 
1153 -1.444167 -1.304738 
1154 -1.348841 -1.037163 
1155 -1.349859 -1.001923 
1156 -1.378504 -1.082906 
1157 -1.425477 -1.246913 
1158 -1.384333 -1.243232 
1159 -1.308205 -0.908051 
1160 -1.277691 -0.843546 
1161 -1.345941 -1.009155 
1162 -1.298022 -0.837025 
1163 -1.284989 -0.872380 
1164 -1.255831 -0.752920 
1165 -1.253057 -0.752128 
1166 -1.237347 -0.673758 
1167 -1.235982 -0.655928 
1168 -1.221687 -0.539599 
1169 -1.241816 -0.619528 
1170 -1.329036 -1.019875 
1171 -1.214594 -0.467383 
1172 -1.238742 -0.444372 
1173 -1.311849 -0.932256 
1174 -1.258912 -0.557396 
1175 -1.233545 -0.506646 
1176 -1.288364 -0.936284 
1177 -1.214666 -0.266140 
1178 -1.212580 -0.230913 
1179 -1.229511 0.032721 
1180 -1.224214 0.008757 
1181 -1.214205 0.117373 
1182 -1.218043 0.114330 
1183 -1.222298 0.139140 
1184 -1.228406 0.155849 
1185 -1.240094 0.215862 
1186 -1.215605 0.046010 
1187 -1.217792 0.187917 
1188 -1.219309 0.203253 
1189 -1.233691 0.200579 
1190 -1.231335 0.267305 
1191 -1.181515 -0.013844 
1192 -1.203941 0.031902 
1193 -1.181485 -0.182501 
1194 -1.203258 -0.299838 
1195 -1.306979 -0.918900 
1196 -1.279449 -0.830979 
1197 -1.223641 -0.468344 
1198 -1.219589 -0.516343 
1199 -1.201545 -0.470548 
1200 -1.245098 -0.566387 
1201 -1.226147 -0.502612 
1202 -1.226952 -0.579960 
1203 -1.273158 -0.848228 
1204 -1.230964 -0.407547 
1205 -1.232399 -0.774385 
1206 -1.230565 -0.394793 
1207 -1.209311 -0.233516 
1208 -1.208459 -0.318840 
1209 -1.237866 -0.448711 
1210 -1.215690 -0.316073 
1211 -1.210266 -0.379749 
1212 -1.223183 -0.385862 
1213 -1.225074 -0.396288 
1214 -1.227271 -0.216561 
1215 -1.228210 -0.225360 
1216 -1.357158 -1.197390 
1217 -1.222814 -0.261825 
1218 -1.231716 -0.396357 
1219 -1.209804 -0.239059 
1220 -1.205798 -0.265760 
1221 -1.203846 -0.390244 
1222 -1.203550 -0.410538 
1223 -1.210925 -0.415071 
1224 -1.230846 -0.523783 
1225 -1.209891 -0.364508 
1226 -1.189272 -0.408080 
1227 -1.212497 -0.392456 
1228 -1.214463 -0.512353 
1229 -1.246363 -0.653938 
1230 -1.236972 -0.690037 
1231 -1.242367 -0.602731 
1232 -1.215126 -0.546984 
1233 -1.252442 -0.694200 
1234 -1.214858 -0.603176 
1235 -1.233313 -0.605183 
1236 -1.264035 -0.685688 
1237 -1.238227 -0.657032 
1238 -1.307195 -1.063499 
1239 -1.239176 -0.661199 
1240 -1.202412 -0.532394 
1241 -1.201493 -0.519597 
1242 -1.240498 -0.642996 
1243 -1.262115 -0.694173 
1244 -1.241776 -0.719848 
1245 -1.285167 -0.805679 
1246 -1.357304 -1.092323 
1247 -1.241612 -0.700483 
1248 -1.382211 -1.146913 
1249 -1.388582 -1.164985 
1250 -1.425086 -1.173362 
1251 -1.279035 -0.797707 
1252 -1.226441 -0.547527 
1253 -1.272451 -0.769238 
1254 -1.269582 -0.652088 
1255 -1.251479 -0.650769 
1256 -1.241168 -0.549184 
1257 -1.239877 -0.627624 
1258 -1.249873 -0.651767 
1259 -1.222282 -0.539608 
1260 -1.233321 -0.583170 
1261 -1.221953 -0.497816 
1262 -1.248396 -0.602402 
1263 -1.261111 -0.670191 
1264 -1.230239 -0.589720 
1265 -1.262127 -0.663624 
1266 -1.236906 -0.627556 
1267 -1.240559 -0.642859 
1268 -1.304651 -1.052312 
1269 -1.240285 -0.708523 
1270 -1.220610 -0.636157 
1271 -1.310090 -1.041213 
1272 -1.231080 -0.683824 
1273 -1.200022 -0.448116 
1274 -1.267478 -0.717050 
1275 -1.265840 -0.836877 
1276 -1.262382 -0.759878 
1277 -1.245351 -0.742425 
1278 -1.241379 -0.718269 
1279 -1.259381 -0.758786 
1280 -1.310778 -0.805158 
1281 -1.310819 -0.968210 
1282 -1.264258 -0.770080 
1283 -1.306630 -0.946612 
1284 -1.256455 -0.802938 
1285 -1.422820 -1.153176 
1286 -1.283084 -0.929057 
1287 -1.389235 -1.197085 
1288 -1.305153 -0.835321 
1289 -1.249772 -0.752188 
1290 -1.217290 -0.597418 
1291 -1.317246 -1.025212 
1292 -1.254325 -0.684930 
1293 -1.371442 -1.129125 
1294 -1.261736 -0.780380 
1295 -1.359327 -1.091277 
1296 -1.260813 -0.690764 
1297 -1.238282 -0.703274 
1298 -1.329424 -1.139620 
1299 -1.216835 -0.536300 
1300 -1.225567 -0.622855 
1301 -1.264287 -0.712978 
1302 -1.351692 -1.113732 
1303 -1.253686 -0.662758 
1304 -1.266565 -0.713135 
1305 -1.237250 -0.644117 
1306 -1.327309 -1.060631 
1307 -1.254037 -0.662009 
1308 -1.242742 -0.679564 
1309 -1.285507 -0.779159 
1310 -1.230940 -0.604376 
1311 -1.239892 -0.706361 
1312 -1.233435 -0.650580 
1313 -1.267459 -0.772945 
1314 -1.343121 -1.075189 
1315 -1.281524 -0.801896 
1316 -1.231955 -0.624990 
1317 -1.228536 -0.589158 
1318 -1.243449 -0.654790 
1319 -1.264041 -0.734957 
1320 -1.349990 -1.134078 
1321 -1.246144 -0.651341 
1322 -1.231942 -0.524718 
1323 -1.199565 -0.482548 
1324 -1.233194 -0.666850 
1325 -1.235680 -0.680470 
1326 -1.237415 -0.631543 
1327 -1.215997 -0.526487 
1328 -1.256704 -0.726701 
1329 -1.382789 -1.146952 
1330 -1.392390 -1.186592 
1331 -1.339564 -1.050213 
1332 -1.264699 -0.702059 
1333 -1.276394 -0.814766 
1334 -1.421695 -1.126539 
1335 -1.417080 -1.181649 
1336 -1.247106 -0.681375 
1337 -1.317540 -0.934531 
1338 -1.395731 -1.261403 
1339 -1.279625 -0.817654 
1340 -1.296755 -0.970652 
1341 -1.291758 -0.846773 
1342 -1.239400 -0.701503 
1343 -1.269206 -0.791238 
1344 -1.274437 -0.791610 
1345 -1.300529 -0.842145 
1346 -1.350395 -1.081485 
1347 -1.226323 -0.682115 
1348 -1.223565 -0.606247 
1349 -1.184581 -0.329377 
1350 -1.197989 -0.381615 
