1423 2
2 -0.396494 -1.151362 
3 -0.782916 -1.093036 
4 -0.194964 -1.212534 
5 -0.469777 -1.158422 
6 -0.345296 -1.154500 
7 -0.425161 -1.139286 
8 -0.486275 -1.126463 
9 -0.507474 -1.133223 
10 -0.325768 -1.169348 
11 -0.204357 -1.215258 
12 -0.485347 -1.157891 
13 -0.425291 -1.167228 
14 -0.363390 -1.175099 
15 -0.528912 -1.149531 
16 -0.544800 -1.146919 
17 -0.480406 -1.148856 
18 -0.381192 -1.159246 
19 -0.499472 -1.132207 
20 -0.296502 -1.179583 
21 -0.332841 -1.149206 
22 -0.152143 -1.225428 
23 -0.216881 -1.208744 
24 0.052244 -1.293737 
25 0.065796 -1.307888 
26 -0.007320 -1.271230 
27 -0.011410 -1.242315 
28 -0.152272 -1.198197 
29 0.009218 -1.286196 
30 -0.075884 -1.236302 
31 0.028680 -1.294201 
32 0.108182 -1.303785 
33 -0.084861 -1.230690 
34 -0.143092 -1.203419 
35 -0.023915 -1.257367 
36 -0.052840 -1.264622 
37 -0.074484 -1.248253 
38 -0.025091 -1.282437 
39 0.039900 -1.295251 
40 0.172850 -1.367329 
41 0.076071 -1.294710 
42 0.087424 -1.327627 
43 0.041448 -1.313712 
44 0.019733 -1.296237 
45 0.050654 -1.300745 
46 0.067164 -1.318751 
47 0.018081 -1.284592 
48 0.132016 -1.341673 
49 0.089864 -1.340100 
50 0.017648 -1.302158 
51 -0.046398 -1.277354 
52 0.007928 -1.296044 
53 0.071659 -1.309499 
54 -0.018561 -1.259478 
55 -0.048235 -1.237754 
56 -0.020877 -1.257547 
57 -0.079806 -1.241583 
58 0.073302 -1.294216 
59 0.164117 -1.357166 
60 0.152117 -1.345550 
61 0.074962 -1.302627 
62 0.308474 -1.431111 
63 0.233441 -1.402910 
64 0.291891 -1.398219 
65 0.117197 -1.343149 
66 0.238094 -1.400239 
67 0.132067 -1.349088 
68 0.188822 -1.347118 
69 0.352623 -1.422222 
70 0.543818 -1.562600 
71 0.875046 -1.912277 
72 1.098123 -2.169128 
73 1.052323 -2.083260 
77 1.213537 -2.338188 
78 1.248353 -2.398775 
81 1.599709 -2.911229 
82 1.566597 -2.898205 
83 1.480868 -2.794636 
84 1.547967 -2.933272 
85 1.529976 -2.911901 
86 1.507094 -2.847084 
87 1.511009 -2.843760 
88 1.420683 -2.683568 
89 1.298557 -2.579647 
90 1.452888 -2.744985 
91 1.523279 -2.944701 
92 1.455672 -2.901842 
93 1.527297 -2.912962 
94 1.378131 -2.678863 
95 1.275863 -2.436433 
96 1.305030 -2.426349 
97 1.176756 -2.299152 
98 1.455353 -2.792254 
99 1.478737 -2.959448 
100 1.384722 -2.727007 
101 1.429339 -2.783594 
102 1.308655 -2.591644 
103 1.375133 -2.590180 
104 1.305160 -2.553200 
105 1.411847 -2.739805 
106 1.454525 -2.797811 
107 1.237677 -2.293132 
108 1.481519 -2.867537 
109 1.135801 -2.139548 
110 1.212206 -2.351373 
111 1.133416 -2.234686 
112 1.151513 -2.209029 
113 1.287747 -2.454330 
114 1.204545 -2.376616 
115 1.422540 -2.686247 
116 1.508557 -2.821736 
117 1.392024 -2.642109 
118 1.238577 -2.369083 
119 1.536561 -3.008926 
120 0.884953 -2.010412 
121 0.754316 -1.796008 
124 0.892434 -1.946824 
125 1.286055 -2.679268 
126 1.328765 -2.565598 
127 1.236326 -2.455022 
128 1.410052 -2.860134 
129 1.333755 -2.725658 
130 1.076390 -2.245349 
131 1.165157 -2.377901 
132 1.178375 -2.351651 
133 1.148616 -2.303867 
134 1.062678 -2.184365 
135 1.037912 -2.175944 
136 0.799933 -1.903847 
137 0.824658 -1.833620 
138 0.790689 -1.844489 
139 0.723187 -1.766834 
140 0.720180 -1.754886 
141 0.580152 -1.594556 
142 0.843186 -1.980166 
143 0.788981 -1.780771 
144 0.735787 -1.786433 
145 0.636622 -1.757609 
146 0.493019 -1.589033 
147 0.743563 -1.819216 
148 0.850448 -1.898893 
149 0.801725 -1.818312 
150 0.780659 -1.860610 
151 0.583580 -1.635603 
152 0.472112 -1.522122 
153 0.722300 -1.827029 
154 0.770396 -1.795830 
155 0.415994 -1.518995 
156 0.770482 -1.842304 
157 0.622670 -1.688143 
158 0.422919 -1.513101 
159 0.371185 -1.466224 
160 0.849350 -1.933115 
161 0.770232 -1.846077 
162 0.264294 -1.397525 
163 0.358821 -1.472814 
164 0.559505 -1.620807 
165 0.627266 -1.690466 
166 0.439675 -1.511756 
167 0.708680 -1.739210 
168 0.449893 -1.548161 
169 0.501044 -1.579894 
170 0.788596 -1.805982 
171 0.867930 -1.949939 
172 0.789522 -1.874256 
173 0.708504 -1.714140 
174 0.677707 -1.721081 
175 0.767568 -1.815688 
176 0.680313 -1.674427 
177 0.732132 -1.744804 
178 1.028446 -2.154170 
179 0.608775 -1.635555 
180 0.951657 -2.013745 
181 0.585518 -1.571101 
182 0.694598 -1.745751 
183 0.728569 -1.732242 
184 0.590498 -1.609281 
185 0.624070 -1.653674 
186 0.508372 -1.528646 
187 0.505871 -1.566697 
188 0.789724 -1.820170 
189 0.824092 -1.870395 
190 0.872885 -1.883897 
191 0.953531 -2.059386 
192 1.003948 -2.079839 
193 1.022148 -2.062468 
194 0.936308 -2.062268 
195 0.829075 -1.891277 
196 0.964067 -2.012676 
197 0.799705 -1.869626 
198 0.910929 -1.930238 
199 1.102821 -2.305168 
200 1.005420 -2.079087 
201 1.063920 -2.112559 
202 1.047544 -2.085767 
203 1.045771 -2.195692 
204 1.039238 -2.113327 
205 1.006099 -2.038657 
206 0.914188 -1.951238 
207 0.945608 -1.992197 
208 0.790197 -1.823844 
209 1.159115 -2.314392 
210 1.134357 -2.312862 
211 0.839550 -1.885223 
212 0.924287 -1.970096 
213 0.952640 -1.981502 
214 0.996241 -2.077882 
215 1.094462 -2.240128 
216 0.880968 -1.913339 
217 0.987305 -1.985228 
218 1.065027 -2.171160 
219 0.978891 -2.002291 
220 1.082653 -2.128369 
221 1.051169 -2.130722 
222 0.971279 -2.033257 
223 0.962621 -1.975500 
224 0.670440 -1.660934 
225 0.867668 -1.898986 
226 0.944078 -1.972304 
227 0.863129 -1.856405 
228 0.728551 -1.669841 
229 0.720431 -1.765105 
230 0.644160 -1.684004 
231 0.700738 -1.697329 
232 0.646553 -1.661962 
233 0.683808 -1.679870 
234 0.692839 -1.647463 
235 0.846154 -1.848232 
236 0.852718 -1.924006 
237 0.771228 -1.773340 
238 0.817137 -1.871185 
239 0.882701 -1.941501 
240 0.990737 -2.084186 
241 0.915917 -1.942278 
242 0.397674 -1.456570 
243 0.605947 -1.609304 
244 0.679270 -1.710080 
245 0.328000 -1.435644 
246 0.418677 -1.476385 
247 0.514108 -1.554724 
248 0.691142 -1.732077 
249 0.733488 -1.760153 
250 0.397343 -1.443496 
251 0.747109 -1.778465 
252 0.647870 -1.700545 
253 0.649458 -1.677847 
254 0.720776 -1.825163 
255 0.506842 -1.563416 
256 0.347879 -1.453321 
257 0.439583 -1.494092 
258 0.722683 -1.812650 
259 0.629635 -1.676637 
260 0.724691 -1.723016 
261 0.657660 -1.649436 
262 0.645351 -1.693659 
263 0.793356 -1.889362 
264 0.542810 -1.595404 
265 0.567239 -1.577977 
266 0.798986 -1.853751 
267 0.695084 -1.756098 
268 0.467375 -1.531458 
269 0.630895 -1.674194 
270 0.473233 -1.543179 
271 0.816211 -1.916358 
272 0.618651 -1.694078 
273 0.420064 -1.473420 
274 0.626702 -1.660270 
275 0.635216 -1.691735 
276 0.554840 -1.622139 
277 0.392386 -1.470533 
278 0.715151 -1.723842 
279 0.747583 -1.806424 
280 0.428566 -1.544551 
281 0.386458 -1.457581 
282 0.758600 -1.848235 
283 0.211026 -1.347107 
284 0.071117 -1.314762 
285 0.295660 -1.445504 
286 0.154081 -1.382741 
287 -0.099367 -1.238015 
288 -0.314845 -1.169403 
289 -0.335374 -1.183367 
290 -0.054083 -1.283011 
291 -0.254719 -1.194409 
292 -0.112822 -1.247694 
293 -0.212810 -1.196904 
294 -0.169221 -1.224970 
295 -0.275931 -1.176326 
296 -0.163482 -1.192621 
297 -0.025688 -1.240410 
298 0.259825 -1.408020 
299 0.119997 -1.344136 
300 0.397835 -1.539188 
301 0.587379 -1.709964 
302 0.341516 -1.486010 
303 0.557112 -1.600822 
304 0.150622 -1.331623 
305 0.144296 -1.335430 
306 0.345219 -1.439990 
307 0.551482 -1.578709 
308 0.335446 -1.414465 
309 0.501678 -1.561564 
310 0.625650 -1.694043 
311 0.570220 -1.617564 
312 0.571817 -1.646860 
313 0.345840 -1.460299 
314 0.373089 -1.488868 
315 0.344737 -1.449757 
316 0.471728 -1.575294 
317 0.148719 -1.360591 
318 0.060020 -1.305080 
319 0.542784 -1.646425 
320 0.702498 -1.825101 
321 0.599354 -1.672263 
322 0.446495 -1.573469 
323 0.362482 -1.476569 
324 0.220599 -1.391284 
325 0.270575 -1.442199 
326 0.160235 -1.362230 
327 0.571001 -1.672286 
328 0.581915 -1.648557 
329 0.333281 -1.458857 
330 0.482219 -1.565660 
331 0.428656 -1.563426 
332 0.224238 -1.370295 
333 0.588641 -1.629084 
334 0.580065 -1.670092 
335 0.696781 -1.767117 
336 0.665964 -1.742149 
337 0.370354 -1.469664 
338 0.204375 -1.355972 
339 0.331124 -1.471147 
340 0.432142 -1.543631 
341 0.385748 -1.539834 
342 0.003183 -1.278073 
343 0.035136 -1.301240 
344 0.356070 -1.485573 
345 -0.169575 -1.226499 
346 -0.205967 -1.210375 
347 -0.012472 -1.287681 
348 -0.116171 -1.237027 
349 0.000440 -1.291756 
350 0.087448 -1.329149 
351 0.084103 -1.322095 
352 0.135857 -1.327939 
353 0.371495 -1.475686 
354 0.189577 -1.389344 
355 0.219473 -1.390732 
356 0.225830 -1.407761 
357 0.638973 -1.707987 
358 0.135389 -1.333279 
359 0.431769 -1.536794 
360 0.387751 -1.481755 
361 0.348120 -1.505114 
362 0.531370 -1.622654 
363 0.045310 -1.294758 
364 -0.023165 -1.264823 
365 0.342831 -1.495383 
366 0.358406 -1.451295 
367 0.300784 -1.407756 
368 0.658455 -1.721577 
369 0.650566 -1.688680 
370 0.702329 -1.696647 
371 0.686402 -1.768824 
372 0.701234 -1.674483 
373 0.785948 -1.773781 
374 0.607337 -1.694821 
375 0.895054 -1.957600 
376 0.770912 -1.860916 
377 0.596492 -1.598483 
378 0.697850 -1.749197 
379 0.425630 -1.521263 
380 0.676383 -1.755002 
381 0.517863 -1.609762 
382 0.053563 -1.284179 
383 0.224794 -1.361572 
384 0.582128 -1.615841 
385 0.624741 -1.672099 
386 0.638605 -1.757491 
387 0.472558 -1.521541 
388 0.418751 -1.515488 
389 0.547081 -1.620170 
390 0.656103 -1.718316 
391 0.292568 -1.433435 
392 0.480209 -1.604252 
393 -0.288284 -1.197167 
394 0.051256 -1.333121 
395 0.308431 -1.471197 
396 0.119579 -1.351616 
397 -0.066415 -1.259329 
398 0.385692 -1.521843 
399 0.524464 -1.586370 
400 0.319873 -1.475939 
401 0.369754 -1.507499 
402 0.469971 -1.583907 
403 0.576791 -1.644782 
404 0.370556 -1.511422 
405 0.301736 -1.462876 
406 0.577256 -1.668678 
407 0.339672 -1.447489 
408 0.320089 -1.475374 
409 0.433415 -1.518046 
410 0.740229 -1.824221 
411 0.877708 -1.964864 
412 0.841370 -1.906063 
413 0.491021 -1.552821 
414 0.591729 -1.660180 
415 0.443391 -1.521499 
416 0.842105 -1.931029 
417 0.611231 -1.636191 
418 0.710046 -1.756518 
419 0.381186 -1.446855 
420 0.470055 -1.568321 
421 0.222626 -1.355856 
422 0.213900 -1.384150 
423 0.325960 -1.432407 
424 0.613864 -1.688104 
425 0.681668 -1.773808 
426 0.390049 -1.484334 
427 0.643879 -1.708474 
428 0.473804 -1.571166 
429 0.397438 -1.504354 
430 0.486699 -1.615432 
431 0.440184 -1.536054 
432 0.137426 -1.362261 
433 0.802348 -1.975715 
434 0.085776 -1.327683 
435 -0.592827 -1.104028 
436 -0.381032 -1.151164 
437 -0.258592 -1.218195 
438 -0.715993 -1.107303 
439 -2.123233 -1.169422 
469 -2.641181 -1.316700 
470 -2.419135 -1.280901 
471 -1.208368 -1.066303 
472 -1.527295 -1.065143 
473 -1.096506 -1.067409 
474 -0.963129 -1.065845 
475 -1.037323 -1.066633 
476 -0.983863 -1.052727 
477 -1.336690 -1.055893 
478 -1.130505 -1.043845 
479 -0.348791 -1.150444 
480 -0.700975 -1.096949 
481 -0.537519 -1.122434 
482 -0.320545 -1.187306 
483 -0.496543 -1.140480 
484 -0.032917 -1.291747 
485 0.146380 -1.367764 
486 0.092809 -1.347806 
487 -0.046234 -1.280131 
488 0.024430 -1.345414 
489 -0.005780 -1.321979 
490 -0.360292 -1.155612 
491 0.099049 -1.375130 
492 0.058471 -1.333375 
493 0.106591 -1.350392 
494 -0.021891 -1.299419 
495 -0.290712 -1.190738 
496 -0.384018 -1.171160 
497 -0.557389 -1.112696 
498 -0.494387 -1.131415 
499 -0.291709 -1.189295 
500 -0.328470 -1.179085 
501 -0.266867 -1.190620 
502 -0.673896 -1.078112 
503 -0.758290 -1.071553 
504 -0.871499 -1.065931 
505 -0.979033 -1.073141 
506 -1.094630 -1.057015 
507 -1.143002 -1.064742 
508 -1.042922 -1.035343 
509 -0.475793 -1.123901 
510 -0.724974 -1.099128 
511 -0.927553 -1.077886 
512 -0.850392 -1.062922 
513 -0.975270 -1.050889 
514 -1.225680 -1.037500 
515 -0.445684 -1.145466 
516 -0.723555 -1.089818 
517 -0.894289 -1.075018 
518 -1.185364 -1.042136 
519 -0.635277 -1.099260 
520 -1.119130 -1.047048 
521 -1.085178 -1.034141 
522 -0.941835 -1.052558 
523 -0.852293 -1.076656 
524 -0.815471 -1.059736 
525 -1.095015 -1.055488 
526 -0.769542 -1.073028 
527 -0.738330 -1.093762 
528 -0.744973 -1.074920 
529 -0.259962 -1.200859 
530 -0.683438 -1.102564 
531 -0.608339 -1.114614 
532 -0.600424 -1.104129 
533 -0.484971 -1.138431 
534 -0.784263 -1.088342 
535 -0.906339 -1.079511 
536 -0.396594 -1.156444 
537 -0.297844 -1.192301 
538 -0.769324 -1.074118 
539 -0.743294 -1.076357 
540 -0.899104 -1.056111 
541 -0.656578 -1.111790 
542 -0.797723 -1.078254 
543 -0.896702 -1.067371 
544 -0.598899 -1.106922 
545 -0.877601 -1.068469 
546 -0.856441 -1.062053 
547 -0.643389 -1.082279 
548 -0.705883 -1.089926 
549 -0.398634 -1.142818 
550 -0.564746 -1.120237 
551 -0.165672 -1.229592 
552 -0.513734 -1.129453 
553 -0.548692 -1.105470 
554 -0.269231 -1.188839 
555 -0.645846 -1.089416 
556 -0.205164 -1.222185 
557 -0.835111 -1.074212 
558 -0.472784 -1.134898 
559 -0.468611 -1.138996 
560 -0.455644 -1.136760 
561 0.129579 -1.363889 
562 -0.514867 -1.119146 
563 -0.358892 -1.155614 
564 -0.297018 -1.184872 
565 -0.133745 -1.260122 
566 -0.173886 -1.236505 
567 0.096952 -1.371542 
568 -0.244478 -1.202488 
569 -0.523203 -1.140491 
570 -0.219271 -1.211204 
571 -0.450753 -1.148646 
572 -0.410231 -1.149539 
573 -0.338708 -1.193962 
574 -0.589575 -1.126045 
575 -0.397106 -1.154074 
576 -0.689793 -1.091767 
577 -0.881091 -1.064360 
578 -0.752088 -1.072259 
579 -0.484618 -1.134948 
580 -0.542806 -1.113283 
581 -0.265087 -1.201100 
582 -0.370529 -1.158955 
583 -0.573711 -1.115797 
584 -0.575744 -1.110784 
585 -0.641694 -1.101486 
586 -0.667194 -1.091598 
587 -0.614094 -1.087472 
588 -0.385172 -1.156028 
589 -0.684064 -1.092732 
590 -0.351788 -1.169526 
591 -0.565251 -1.108824 
592 -0.638516 -1.090370 
593 -0.717237 -1.075133 
594 -0.794411 -1.060022 
595 -0.766760 -1.076822 
596 -0.819632 -1.050868 
597 -0.965765 -1.037016 
598 -1.047073 -1.039447 
599 -0.600282 -1.106333 
600 -0.903796 -1.068565 
601 -0.708415 -1.085021 
602 -1.151226 -1.020948 
603 -1.209569 -1.033527 
604 -0.917372 -1.049580 
605 -0.892787 -1.046069 
606 -0.510746 -1.128392 
607 -0.448300 -1.129384 
608 -1.128109 -1.030960 
609 -0.910721 -1.045129 
610 -0.892536 -1.051304 
611 -1.038266 -1.065061 
612 -0.562646 -1.108851 
613 -0.879001 -1.046125 
614 -0.911488 -1.040938 
615 -0.873530 -1.070265 
616 -0.921918 -1.042521 
617 -0.985124 -1.032414 
618 -0.895429 -1.046292 
619 -0.387077 -1.128979 
620 -0.675050 -1.055494 
621 -0.877890 -1.042741 
622 -0.730745 -1.060313 
623 -0.416983 -1.132544 
624 -0.603018 -1.084393 
625 -0.473073 -1.126028 
626 -0.359590 -1.178379 
627 -0.549054 -1.117791 
628 -1.052550 -1.033118 
629 -1.031583 -1.053438 
630 -1.020621 -1.047056 
631 -0.815341 -1.045777 
632 -0.474618 -1.126912 
633 -0.853292 -1.040744 
634 -0.823387 -1.046349 
635 -0.947842 -1.045699 
636 -0.703858 -1.062410 
637 -0.953700 -1.029078 
638 -1.328876 -1.024215 
639 -1.207827 -1.037710 
640 -0.906297 -1.047474 
641 -0.854291 -1.034789 
642 -0.957811 -1.050739 
643 -0.821998 -1.045700 
644 -0.682890 -1.090521 
645 -0.933452 -1.035061 
646 -0.033551 -1.300829 
647 -0.447478 -1.132769 
648 -0.115932 -1.234866 
649 -0.388993 -1.158834 
650 -0.879687 -1.052802 
651 -0.996245 -1.036736 
652 -0.857623 -1.050030 
653 -0.825567 -1.054781 
654 -0.880866 -1.058969 
655 -0.913395 -1.053007 
656 -0.671544 -1.116776 
657 -0.463094 -1.140187 
658 -0.026715 -1.288067 
659 -0.498858 -1.130361 
660 -0.782745 -1.078644 
661 -0.384015 -1.154842 
662 -0.755622 -1.080116 
663 -0.660141 -1.070207 
664 -0.739716 -1.064672 
665 -0.786052 -1.053754 
666 -0.664809 -1.072758 
667 -0.692787 -1.055119 
668 -0.685469 -1.049240 
669 -0.687541 -1.056925 
670 -0.673116 -1.065365 
671 -0.561526 -1.099150 
672 -0.272480 -1.173553 
673 -0.364838 -1.142751 
674 -0.061981 -1.253951 
675 -0.425983 -1.121625 
676 -0.442569 -1.121360 
677 -0.555213 -1.101518 
678 -0.405705 -1.149835 
679 -0.449172 -1.117546 
680 -0.434538 -1.133798 
681 -0.325751 -1.164208 
682 -0.295593 -1.179320 
683 -0.035889 -1.275391 
684 -0.530276 -1.103156 
685 -0.642762 -1.082075 
686 -0.691585 -1.078325 
687 -0.696627 -1.056424 
688 -0.628522 -1.087986 
689 -0.579985 -1.117150 
690 -0.631536 -1.110556 
691 -0.922004 -1.058196 
692 -0.564571 -1.108213 
693 -0.969979 -1.041505 
694 -0.947045 -1.053151 
695 -0.685640 -1.087780 
696 -0.770514 -1.065748 
697 -0.478108 -1.114196 
698 -0.499931 -1.126664 
699 -0.937183 -1.039372 
700 -0.616587 -1.092402 
701 -0.896355 -1.046432 
702 -1.070839 -1.049797 
703 -1.030756 -1.039864 
704 -0.950486 -1.044926 
705 -0.900757 -1.063816 
706 -1.017862 -1.034649 
707 -0.211084 -1.203834 
708 -0.731762 -1.083694 
709 -0.852866 -1.058767 
710 -0.895249 -1.051156 
711 -0.891543 -1.063881 
712 -0.998149 -1.055051 
713 -1.178670 -1.021995 
714 -0.859356 -1.056114 
715 -0.869870 -1.055852 
716 -0.789255 -1.079724 
717 -0.837665 -1.074439 
718 -0.717464 -1.076812 
719 -0.402189 -1.165758 
720 -0.600721 -1.089400 
721 -0.584725 -1.107921 
722 -0.412729 -1.132804 
723 -0.479778 -1.122395 
724 -0.581142 -1.106515 
725 -0.627845 -1.086276 
726 -0.700585 -1.075915 
727 -0.800198 -1.074115 
728 -0.730702 -1.064590 
729 -0.887064 -1.046117 
730 -0.752818 -1.071678 
731 -0.717883 -1.075536 
732 -0.889969 -1.069561 
733 -0.915333 -1.051316 
734 -0.900980 -1.028094 
735 -0.940641 -1.054629 
736 -0.981797 -1.044844 
737 -0.853634 -1.035400 
738 -0.840916 -1.053335 
739 -0.845646 -1.047245 
740 -0.916165 -1.063704 
741 -0.815021 -1.069129 
742 -0.484918 -1.132142 
743 -0.856350 -1.068745 
744 -0.913336 -1.061962 
745 -0.533221 -1.118958 
746 -0.862741 -1.050800 
747 -1.050901 -1.030374 
748 -1.185769 -1.008802 
749 -1.015139 -1.017284 
750 -0.941857 -1.040692 
751 -1.212607 -1.036825 
752 -1.315768 -1.022107 
753 -1.223819 -0.996944 
754 -1.011792 -1.027927 
755 -0.800758 -1.044092 
756 -0.922685 -1.051973 
757 -0.975847 -1.026783 
758 -0.772409 -1.069254 
759 -0.780605 -1.046581 
760 -0.895848 -1.030352 
761 -0.939803 -1.051572 
762 -0.898921 -1.039143 
763 -0.944619 -1.028093 
764 -0.965410 -1.027610 
765 -0.888705 -1.038114 
766 -0.935021 -1.036768 
767 -0.740594 -1.073040 
768 -0.841755 -1.041187 
769 -0.939253 -1.033551 
770 -0.858798 -1.028062 
771 -0.513217 -1.092180 
772 -0.752085 -1.053053 
773 -0.600150 -1.084196 
774 -0.665089 -1.084168 
775 -0.814700 -1.064154 
776 -0.812910 -1.053182 
777 -0.767973 -1.064309 
778 -0.688162 -1.081975 
779 -0.367241 -1.155449 
780 -0.651243 -1.079431 
781 -0.648567 -1.070014 
782 -0.808523 -1.047922 
783 -0.950461 -1.029700 
784 -0.987188 -1.029077 
785 -0.740770 -1.043038 
786 -0.816311 -1.053082 
787 -0.908919 -1.037655 
788 -0.982947 -1.022758 
789 -0.810219 -1.056620 
790 -0.488314 -1.120403 
791 -0.755606 -1.041201 
792 -0.867602 -1.034579 
793 -0.808111 -1.037002 
794 -0.927643 -1.042225 
795 -0.983229 -1.024715 
796 -0.888306 -1.032082 
797 -0.485870 -1.113823 
798 -0.657995 -1.062673 
799 -1.006778 -1.033912 
800 -0.940981 -1.040635 
801 -1.231622 -1.011250 
802 -1.127154 -1.030262 
803 -1.123605 -1.021641 
804 -1.093958 -1.034920 
805 -1.027573 -1.022789 
806 -1.047935 -1.032469 
807 -0.590000 -1.099808 
808 -1.083181 -1.035131 
809 -1.008755 -1.017652 
810 -1.060006 -1.035075 
811 -1.120379 -1.035773 
812 -1.074756 -1.034597 
813 -0.828098 -1.059471 
814 -0.478030 -1.132944 
815 -1.023682 -1.030032 
816 -0.714059 -1.079022 
817 -0.944210 -1.042365 
818 -1.072335 -1.044584 
819 -1.044726 -1.021089 
820 -1.214923 -1.039104 
821 -1.095826 -1.022559 
822 -0.930768 -1.041672 
823 -0.559149 -1.096926 
824 -0.710909 -1.073076 
825 -0.778606 -1.055637 
826 -1.066985 -1.041769 
827 -0.832692 -1.040484 
828 -0.865997 -1.039664 
829 -1.021182 -1.010929 
830 -0.752066 -1.055117 
831 -0.667562 -1.069986 
832 -0.730781 -1.055902 
833 -0.694134 -1.070814 
834 -0.377069 -1.134619 
835 -0.724128 -1.045320 
836 -0.811027 -1.041637 
837 -0.969236 -1.020017 
838 -0.845328 -1.043638 
839 -0.776968 -1.067234 
840 -0.641356 -1.088563 
841 -0.841338 -1.039272 
842 -0.654438 -1.081226 
843 -0.847783 -1.045969 
844 -0.926622 -1.046635 
845 -0.764382 -1.063074 
846 -0.792329 -1.039483 
847 -0.773296 -1.035903 
848 -0.864736 -1.025865 
849 -0.889693 -1.027235 
850 -0.806702 -1.039469 
851 -0.789383 -1.045654 
852 -0.854730 -1.044697 
853 -0.634473 -1.081993 
854 -0.882195 -1.045653 
855 -0.798302 -1.067500 
856 -0.771718 -1.061780 
857 -1.075183 -1.044367 
858 -0.889544 -1.041603 
859 -0.923354 -1.038703 
860 -0.885793 -1.054480 
861 -1.018588 -1.033257 
862 -1.023610 -1.023235 
863 -0.865098 -1.059361 
864 -0.816001 -1.073117 
865 -0.476963 -1.128848 
866 -0.565328 -1.101781 
869 -0.662923 -1.103569 
870 -0.599368 -1.114628 
871 -0.591107 -1.108929 
872 -0.042494 -1.274098 
873 -0.200048 -1.231032 
874 -0.526149 -1.112413 
875 -0.813886 -1.061396 
876 -0.850803 -1.057481 
877 -0.873359 -1.050703 
878 -0.611307 -1.106249 
879 -0.676335 -1.075602 
880 -1.094700 -1.040525 
881 -0.965281 -1.038857 
882 -1.177657 -1.039223 
883 -1.135221 -1.005140 
884 -1.015830 -1.035965 
885 -1.189111 -1.017908 
886 -0.577147 -1.090242 
887 -0.907776 -1.045369 
888 -0.998658 -1.042964 
889 -1.054568 -1.010101 
890 -0.901656 -1.040808 
891 -1.099196 -1.036427 
892 -0.981688 -1.027129 
893 -0.963854 -1.026057 
894 -0.996549 -1.045917 
895 -1.200133 -1.027639 
896 -1.163833 -1.042769 
897 -0.945730 -1.051441 
898 -1.199374 -1.010005 
899 -1.228731 -1.015741 
900 -1.154379 -1.011404 
901 -1.218074 -1.011673 
902 -1.434662 -1.016974 
903 -1.452345 -1.022585 
904 -1.009950 -1.028753 
905 -1.421334 -1.032704 
906 -1.231103 -1.015095 
907 -1.321207 -1.031576 
908 -1.049956 -1.044877 
909 -0.980506 -1.065142 
910 -0.468401 -1.137207 
911 -1.149848 -1.026264 
912 -0.785502 -1.061696 
913 -1.365267 -1.032343 
914 -1.069921 -1.040682 
915 -1.242943 -1.008929 
916 -1.412240 -1.011312 
917 -1.154103 -1.006673 
918 -1.320653 -1.012733 
919 -1.339296 -1.024520 
920 -1.254066 -1.011877 
921 -1.125483 -1.006348 
922 -1.217335 -1.030707 
923 -1.274789 -1.024201 
924 -1.025850 -1.015895 
925 -0.926892 -1.035457 
926 -1.033266 -1.006640 
927 -1.170060 -1.011488 
928 -0.988016 -1.046006 
929 -0.989053 -1.013686 
930 -0.943183 -1.017593 
931 -1.043204 -1.025914 
932 -1.120607 -1.011146 
933 -0.819264 -1.045249 
934 -0.945871 -1.036336 
935 -0.944534 -1.039989 
936 -0.935498 -1.032221 
937 -1.078722 -1.027687 
938 -1.190331 -1.018836 
939 -1.177211 -1.006214 
940 -1.118970 -1.027159 
941 -1.235127 -1.010171 
942 -1.113839 -1.026901 
943 -1.192878 -1.015045 
944 -1.166263 -1.022089 
945 -0.956334 -1.016866 
946 -0.891953 -1.043417 
947 -0.979528 -1.042592 
948 -1.100755 -1.018198 
949 -0.988471 -1.030975 
950 -1.029214 -1.024554 
951 -0.400528 -1.144000 
952 -0.558372 -1.120536 
953 -0.831316 -1.060745 
954 -0.874873 -1.057130 
955 -1.046285 -1.044956 
956 -0.448211 -1.118583 
957 -0.830489 -1.058985 
958 -0.731862 -1.055517 
959 -0.468962 -1.123197 
960 -1.195536 -1.017419 
961 -1.126071 -1.034795 
962 -1.063251 -1.037015 
963 -0.764833 -1.065776 
964 -0.690461 -1.076208 
965 -0.403107 -1.137544 
966 -0.848944 -1.049450 
967 -0.157505 -1.230611 
968 -0.766525 -1.063300 
969 -0.689875 -1.075852 
970 -0.484240 -1.119169 
971 -0.917153 -1.034669 
972 -0.745934 -1.070927 
973 -0.723311 -1.074738 
974 -0.638324 -1.079179 
975 -0.699138 -1.073147 
976 -0.897947 -1.037363 
977 -0.970472 -1.029949 
978 -1.132191 -1.048671 
979 -1.037715 -1.058657 
980 -0.971402 -1.043318 
981 -0.581780 -1.112840 
982 -0.814147 -1.059845 
983 -0.937944 -1.050914 
984 -0.789423 -1.055375 
985 -0.781753 -1.059626 
986 -0.469963 -1.134417 
987 -0.429833 -1.135193 
988 -0.534149 -1.112825 
989 -0.314682 -1.182260 
990 -0.732621 -1.074849 
991 -0.651613 -1.087524 
992 -0.627253 -1.073640 
993 -0.521438 -1.103888 
994 -0.672934 -1.073915 
995 -0.765451 -1.060244 
996 -0.548593 -1.109092 
997 -0.566654 -1.101943 
998 -0.438441 -1.124496 
999 -0.411338 -1.136023 
1000 -0.622191 -1.104472 
1001 -0.558709 -1.121166 
1002 -0.502000 -1.131063 
1003 -0.418181 -1.134017 
1004 -0.378901 -1.163311 
1005 -0.102681 -1.256519 
1006 -0.336215 -1.168938 
1007 -0.610604 -1.109210 
1008 -0.492232 -1.134994 
1009 -0.309927 -1.162878 
1010 -0.182692 -1.210288 
1011 -0.333970 -1.156555 
1012 0.040898 -1.319566 
1013 0.063723 -1.324511 
1014 -0.015475 -1.278730 
1015 0.012695 -1.307003 
1016 -0.053405 -1.283772 
1017 -0.192934 -1.219899 
1018 -0.080165 -1.255460 
1019 -0.161886 -1.233613 
1020 -0.197261 -1.210438 
1021 -0.153942 -1.221475 
1022 -0.077912 -1.246408 
1023 0.112621 -1.324647 
1024 -0.034003 -1.262776 
1025 -0.041442 -1.278360 
1026 0.066134 -1.326457 
1027 -0.178650 -1.204676 
1028 -0.128556 -1.227488 
1029 -0.330739 -1.156720 
1030 -0.239480 -1.167773 
1031 -0.108095 -1.212687 
1032 -0.058464 -1.260097 
1033 -0.054036 -1.246823 
1034 -0.031255 -1.246311 
1035 -0.208223 -1.183523 
1036 -0.080639 -1.223249 
1037 -0.140624 -1.208960 
1038 -0.276355 -1.172786 
1039 -0.397225 -1.130157 
1040 -0.351432 -1.147377 
1041 -0.381525 -1.138938 
1042 -0.056006 -1.269276 
1043 -0.676022 -1.095122 
1044 -0.484463 -1.106087 
1045 -0.713900 -1.070715 
1046 -0.916963 -1.027208 
1047 -0.813169 -1.040757 
1048 -0.834924 -1.030110 
1049 -0.944999 -1.026081 
1050 -0.544739 -1.100267 
1051 -0.901341 -1.043529 
1052 -1.022251 -1.014146 
1053 -0.926983 -1.032268 
1054 -0.970930 -1.012593 
1055 -1.036949 -1.014486 
1056 -1.055891 -1.025161 
1057 -0.927231 -1.021591 
1058 -0.606683 -1.083061 
1059 -1.032885 -1.020982 
1060 -1.126966 -1.026952 
1061 -1.253349 -1.015356 
1062 -1.206785 -0.990007 
1063 -0.962245 -1.011479 
1064 -1.099902 -0.991446 
1065 -1.062368 -1.012356 
1066 -1.111846 -1.007545 
1067 -1.316853 -1.006426 
1068 -1.136229 -1.003777 
1069 -1.143650 -0.999700 
1070 -1.239346 -1.012036 
1071 -1.251340 -1.014678 
1072 -1.221976 -1.034983 
1073 -1.072025 -1.034311 
1074 -1.078084 -1.042357 
1075 -1.076255 -1.028014 
1076 -0.911522 -1.027267 
1077 -0.909818 -1.046694 
1078 -1.074856 -1.028145 
1079 -1.098069 -1.013688 
1080 -0.965239 -1.020882 
1081 -1.149328 -1.011369 
1082 -1.084476 -1.010211 
1083 -1.290666 -0.990237 
1084 -1.265397 -1.016519 
1085 -1.196346 -1.023032 
1086 -1.063499 -1.046496 
1087 -0.967871 -1.032325 
1088 -1.132010 -1.011239 
1089 -1.147108 -1.030475 
1090 -1.302016 -1.013771 
1091 -1.080415 -1.028907 
1092 -1.025074 -1.052660 
1093 -1.092001 -1.048692 
1094 -1.303768 -1.040589 
1095 -1.098546 -1.019827 
1096 -1.303961 -1.011996 
1097 -1.053027 -1.010611 
1098 -1.072822 -1.003858 
1099 -1.221575 -1.006171 
1100 -1.375188 -1.005364 
1101 -1.446032 -1.004270 
1102 -1.150705 -1.026274 
1103 -1.083537 -1.025045 
1104 -1.155468 -1.018893 
1105 -1.112368 -1.003703 
1106 -1.157099 -1.010556 
1107 -1.118962 -1.012409 
1108 -1.015247 -1.000651 
1109 -1.149919 -1.012062 
1110 -1.196425 -1.003512 
1111 -1.182008 -1.015416 
1112 -1.151918 -0.992642 
1113 -1.174091 -1.008139 
1114 -1.276584 -1.015813 
1115 -1.382899 -1.017057 
1116 -0.904611 -1.049900 
1117 -1.218976 -1.011469 
1118 -1.286828 -1.016317 
1119 -0.928324 -1.008622 
1120 -1.448960 -1.008628 
1121 -1.672424 -1.024419 
1122 -1.365441 -0.999025 
1123 -0.872191 -1.027117 
1124 -1.117492 -1.012139 
1125 -1.112020 -1.006953 
1126 -0.739517 -1.046940 
1127 -1.185683 -1.004923 
1128 -1.341140 -0.998627 
1129 -1.420801 -1.026475 
1130 -1.406281 -1.000799 
1131 -1.543390 -0.997376 
1132 -1.533510 -0.995325 
1133 -1.466554 -1.020657 
1134 -1.394676 -1.005429 
1135 -1.238736 -1.005737 
1136 -1.387302 -0.996060 
1137 -1.378841 -1.003215 
1138 -1.283846 -0.995311 
1139 -1.233477 -1.030948 
1140 -1.238542 -1.017923 
1141 -1.243063 -1.010032 
1142 -1.283965 -1.032856 
1143 -1.476138 -1.005143 
1144 -1.031282 -1.003750 
1145 -1.490951 -1.014083 
1146 -1.440418 -1.019321 
1147 -1.508857 -1.022914 
1148 -1.288832 -0.991436 
1149 -1.208259 -0.986989 
1150 -1.512797 -1.005504 
1151 -1.448816 -1.010289 
1152 -1.508907 -1.026551 
1153 -1.373014 -0.996318 
1154 -1.550318 -1.011449 
1155 -1.427142 -0.997624 
1156 -1.187150 -1.000536 
1157 -1.360827 -1.001197 
1158 -1.603753 -1.024598 
1159 -1.532321 -1.015351 
1160 -1.497355 -1.010050 
1161 -1.464453 -0.997205 
1162 -1.175881 -1.014452 
1163 -1.461974 -1.017596 
1164 -1.617585 -1.012160 
1165 -1.442016 -0.993303 
1166 -1.627495 -1.013124 
1167 -1.333973 -1.017891 
1168 -1.378551 -1.013708 
1169 -1.385669 -0.995444 
1170 -1.404224 -1.020011 
1171 -1.382273 -1.000247 
1172 -0.923647 -1.009877 
1173 -1.332454 -0.986312 
1174 -1.377090 -0.985485 
1175 -1.272586 -0.984248 
1176 -1.327444 -1.000295 
1177 -1.449255 -1.024209 
1178 -1.258636 -1.021435 
1179 -1.531603 -1.018059 
1180 -1.362412 -1.000996 
1181 -1.414318 -1.019088 
1182 -1.404347 -1.016913 
1183 -1.402048 -1.013434 
1184 -1.428255 -0.999949 
1185 -1.437080 -1.016955 
1186 -1.431849 -1.010674 
1187 -1.201277 -1.004821 
1188 -1.233661 -1.005264 
1189 -1.321541 -1.026242 
1190 -1.137460 -0.993724 
1191 -1.176395 -1.004710 
1192 -1.240067 -1.005231 
1193 -1.401252 -1.005736 
1194 -1.334737 -1.001841 
1195 -1.145459 -1.011316 
1196 -1.222033 -1.006433 
1197 -1.366317 -1.007458 
1198 -1.359808 -1.031079 
1199 -1.224182 -1.006329 
1200 -1.138758 -0.999152 
1201 -1.083793 -1.001194 
1202 -1.160053 -1.013564 
1203 -1.081634 -1.016617 
1204 -1.251580 -1.000919 
1205 -1.218792 -1.015456 
1206 -1.244373 -1.025637 
1207 -1.350003 -0.997594 
1208 -1.285203 -1.018464 
1209 -0.978427 -1.010977 
1210 -1.047010 -0.997361 
1211 -1.034431 -1.003903 
1212 -1.285132 -1.008085 
1213 -1.073386 -1.015060 
1214 -1.355163 -0.993635 
1215 -1.226347 -0.995259 
1216 -1.102332 -1.007617 
1217 -1.307988 -1.000102 
1218 -1.177987 -1.009215 
1219 -1.407695 -0.997302 
1220 -1.302261 -1.015002 
1221 -1.390033 -0.998890 
1222 -1.363305 -1.017871 
1223 -1.476679 -0.989736 
1224 -1.472978 -0.996202 
1225 -1.311658 -0.998551 
1226 -1.465128 -1.015820 
1227 -1.393316 -1.017655 
1228 -1.162568 -1.015255 
1229 -1.417212 -1.010192 
1230 -1.445369 -1.012543 
1231 -0.933376 -1.035587 
1232 -1.155958 -1.007227 
1233 -1.140279 -1.017132 
1234 -1.372122 -1.001646 
1235 -1.320241 -1.041635 
1236 -0.775202 -1.058805 
1237 -1.223424 -1.013597 
1238 -1.391259 -1.030028 
1239 -1.372797 -0.997401 
1240 -1.295668 -1.012603 
1241 -1.472843 -1.014709 
1242 -1.224754 -1.013225 
1243 -1.239267 -1.019733 
1244 -1.066742 -1.007790 
1245 -0.984780 -1.018868 
1246 -1.017834 -1.021813 
1247 -1.212428 -1.016422 
1248 -0.803112 -1.042596 
1249 -0.750319 -1.080602 
1250 -0.127167 -1.228655 
1251 -0.551299 -1.105602 
1252 -0.732780 -1.052540 
1253 -0.725216 -1.072361 
1254 -0.822310 -1.058630 
1255 -0.872072 -1.037975 
1256 -0.445141 -1.113637 
1257 -0.974201 -1.035273 
1258 -0.962061 -1.038712 
1259 -0.935379 -1.046509 
1260 -1.231265 -1.029163 
1261 -1.170418 -1.005483 
1262 -1.427965 -1.016257 
1263 -1.208946 -1.029805 
1264 -1.219056 -1.018790 
1265 -0.878873 -1.045306 
1266 -1.380681 -1.027952 
1267 -1.199570 -1.029867 
1268 -1.159910 -1.021740 
1269 -0.969485 -1.023939 
1270 -0.948824 -1.033633 
1271 -1.031551 -1.038386 
1272 -1.107449 -1.023462 
1273 -0.957692 -1.040443 
1274 -0.755639 -1.059408 
1275 -1.117273 -1.025047 
1276 -1.173473 -1.027145 
1277 -1.265572 -1.005372 
1278 -1.002287 -1.022371 
1279 -1.255007 -1.021693 
1280 -1.034402 -1.041504 
1281 -1.029646 -1.012522 
1282 -1.242103 -1.005974 
1283 -1.021912 -1.027956 
1284 -1.176514 -1.011533 
1285 -1.282324 -1.016716 
1286 -1.212351 -0.994577 
1287 -1.230405 -0.992521 
1288 -1.298042 -1.001423 
1289 -1.116570 -1.034552 
1290 -0.756245 -1.044915 
1291 -1.175132 -1.003450 
1292 -1.193256 -0.981044 
1293 -1.115942 -0.986912 
1294 -1.063207 -0.995458 
1295 -0.791894 -1.050402 
1296 -0.871208 -1.043436 
1297 -0.795051 -1.033415 
1298 -0.822899 -1.033894 
1299 -0.923126 -1.012887 
1300 -0.815622 -1.035418 
1301 -0.958154 -1.016128 
1302 -0.940106 -1.031798 
1303 -0.797019 -1.074172 
1304 -0.555615 -1.106514 
1305 -0.736710 -1.059863 
1306 -1.029167 -1.023229 
1307 -0.994755 -1.014111 
1308 -0.854119 -1.038712 
1309 -1.020096 -1.021124 
1310 -0.962641 -1.029047 
1311 -1.002581 -1.030991 
1312 -1.057276 -1.034662 
1313 -0.479595 -1.129738 
1314 -0.882660 -1.056491 
1315 -1.110619 -1.055829 
1316 -1.050011 -1.030457 
1317 -0.669585 -1.089999 
1318 -0.978205 -1.037239 
1319 -0.995358 -1.035690 
1320 -0.985673 -1.033635 
1321 -1.301624 -1.023225 
1322 -1.174041 -0.999547 
1323 -1.213908 -1.025057 
1324 -1.094037 -1.025828 
1325 -1.353791 -1.021726 
1326 -1.112443 -1.019994 
1327 -1.171261 -1.017684 
1328 -1.090240 -1.045319 
1329 -1.109850 -1.035151 
1330 -0.723492 -1.070382 
1331 -0.998478 -1.045320 
1332 -1.034732 -1.024615 
1333 -0.825877 -1.053778 
1334 -1.067435 -1.010598 
1335 -1.164195 -1.055244 
1336 -0.715399 -1.062755 
1337 -1.077891 -1.038459 
1338 -1.021516 -1.057911 
1339 -1.074783 -1.034182 
1340 -0.895489 -1.058080 
1341 -1.187823 -1.010815 
1342 -0.622696 -1.094632 
1343 -0.682398 -1.095474 
1344 -0.838720 -1.064152 
1345 -1.034451 -1.039059 
1346 -0.853435 -1.069149 
1347 -0.443433 -1.152020 
1348 -0.858925 -1.064107 
1349 -0.742486 -1.049857 
1350 -0.738962 -1.077373 
1351 -0.610665 -1.094512 
1352 -0.747087 -1.082170 
1353 -0.553138 -1.116587 
1354 -0.375791 -1.168856 
1355 -0.930191 -1.042771 
1356 -0.819412 -1.061231 
1357 -0.306448 -1.178617 
1358 -0.446316 -1.148181 
1359 -0.883521 -1.049377 
1360 -0.878510 -1.036653 
1361 -0.863014 -1.038115 
1362 -0.802602 -1.046437 
1363 -0.493061 -1.112616 
1364 -0.614425 -1.076764 
1365 -0.519512 -1.114375 
1366 -0.847325 -1.050646 
1367 -1.180528 -1.007195 
1368 -1.040194 -1.014211 
1369 -0.971986 -1.011969 
1370 -1.173364 -1.024835 
1371 -1.124363 -1.007145 
1372 -1.033759 -1.024117 
1373 -0.970417 -1.028691 
1374 -1.133033 -1.023752 
1375 -0.853671 -1.045074 
1376 -0.873711 -1.026276 
1377 -0.989631 -1.029648 
1378 -1.132209 -1.026984 
1379 -0.941975 -1.006682 
1380 -1.060310 -1.011964 
1381 -1.158350 -1.012009 
1382 -1.029433 -1.047150 
1383 -1.003115 -1.026955 
1384 -1.007083 -1.023496 
1385 -0.938891 -1.068488 
1386 -0.668237 -1.083976 
1387 -1.066053 -1.034186 
1388 -1.195252 -1.043966 
1389 -1.174420 -1.014452 
1390 -0.376762 -1.150560 
1391 -1.117892 -1.007691 
1392 -1.172445 -1.020336 
1393 -0.916851 -1.046279 
1394 -0.807357 -1.050712 
1395 -0.943897 -1.033144 
1396 -0.551009 -1.118717 
1397 -1.003691 -1.038916 
1398 -1.092673 -1.039124 
1399 -1.134571 -1.048190 
1400 -0.684695 -1.087854 
1401 -1.093565 -1.043442 
1402 -0.652782 -1.095619 
1403 -1.010809 -1.040638 
1404 -0.704698 -1.082927 
1405 -0.919422 -1.059431 
1406 -0.815584 -1.062754 
1407 -0.834453 -1.055448 
1408 -0.644434 -1.072811 
1409 -0.697301 -1.068228 
1410 -0.237750 -1.198942 
1411 -0.516283 -1.088479 
1412 -0.491690 -1.118804 
1413 -0.482823 -1.124164 
1414 -0.547664 -1.091269 
1415 -0.552583 -1.077544 
1416 -0.620805 -1.087319 
1417 -0.645051 -1.090329 
1418 -0.668353 -1.075300 
1419 -0.637286 -1.087481 
1420 -0.533958 -1.138956 
1421 -0.506512 -1.134243 
1422 -0.607113 -1.096968 
1423 -0.453294 -1.114400 
1424 -0.341624 -1.153558 
1425 -0.290103 -1.170822 
1426 -0.600253 -1.109913 
1427 -0.483215 -1.144765 
1428 -0.255286 -1.211603 
1429 -0.432921 -1.118260 
1430 -0.427255 -1.115534 
1431 -0.457918 -1.124960 
1432 -0.043728 -1.257429 
1433 -0.573802 -1.082362 
1434 -0.773461 -1.059789 
1435 -0.674916 -1.081799 
1436 -0.353016 -1.159293 
1437 -0.381793 -1.138048 
1438 -0.144089 -1.227116 
1439 -0.668322 -1.075141 
1440 -0.387659 -1.141455 
1441 -0.344283 -1.154797 
1442 -0.449223 -1.141832 
1443 -0.617347 -1.092080 
1444 -0.561972 -1.098308 
1445 -0.542252 -1.094904 
1446 -0.471799 -1.105569 
1447 -0.436848 -1.118254 
1448 -0.775867 -1.028523 
1449 -0.665829 -1.049344 
1450 -0.610732 -1.069703 
1451 -0.652601 -1.050650 
1452 -0.940278 -1.010037 
1453 -1.106536 -1.011066 
1456 -1.330968 -0.984106 
1457 -1.399080 -0.981558 
1458 -1.387695 -0.985473 
1459 -1.358637 -0.991558 
1460 -1.723305 -1.041417 
1461 -1.675899 -1.010208 
1462 -1.202489 -1.027171 
1463 -1.475937 -0.990667 
1464 -1.977585 -1.004950 
