1518 2
1 -2.922719 -0.351786 
2 -2.494590 -0.361512 
3 -2.637576 -0.387530 
4 -2.341483 -0.338480 
5 -2.272250 -0.303931 
6 -2.408316 -0.325975 
7 -2.278780 -0.370071 
8 -2.155169 -0.348067 
9 -2.238751 -0.366327 
10 -2.113471 -0.353433 
11 -2.400875 -0.332213 
12 -4.004037 -0.440162 
13 -4.568401 -0.674084 
14 -3.713468 -0.504927 
15 -3.423657 -0.460465 
16 -3.094616 -0.416426 
17 -2.787091 -0.346714 
18 -3.354918 -0.422083 
19 -3.054154 -0.344701 
20 -3.115869 -0.437124 
21 -3.148534 -0.417085 
22 -2.949708 -0.362230 
23 -3.191101 -0.421262 
24 -2.976817 -0.395178 
25 -3.257368 -0.424561 
26 -3.108374 -0.404640 
27 -2.621048 -0.333449 
28 -3.020344 -0.403894 
29 -2.904531 -0.398741 
30 -2.399680 -0.342427 
31 -2.524416 -0.390239 
32 -2.462690 -0.355651 
33 -2.603643 -0.344020 
34 -2.709983 -0.395588 
35 -2.351809 -0.343477 
36 -2.641534 -0.361296 
37 -2.582533 -0.357011 
38 -1.832128 -0.376032 
39 -1.876043 -0.409717 
40 -1.840019 -0.395776 
41 -1.808780 -0.414582 
42 -2.287395 -0.331170 
43 -2.563482 -0.361258 
44 -1.843831 -0.360418 
45 -2.228021 -0.372540 
46 -1.886493 -0.391577 
47 -2.109657 -0.305185 
48 -1.847192 -0.405136 
49 -2.173832 -0.383553 
50 -2.168288 -0.347802 
51 -1.757057 -0.396565 
52 -2.193805 -0.375753 
53 -1.937383 -0.345618 
54 -1.854749 -0.363679 
55 -2.220268 -0.348536 
56 -2.281366 -0.369545 
57 -1.794603 -0.423466 
58 -1.723506 -0.444059 
59 -1.859738 -0.404425 
60 -1.930066 -0.408644 
61 -2.118397 -0.345300 
62 -1.784231 -0.400953 
63 -1.826769 -0.389834 
64 -1.832221 -0.391628 
65 -1.707714 -0.392741 
66 -1.882030 -0.346075 
67 -2.159308 -0.349342 
68 -1.960265 -0.368037 
69 -1.766550 -0.372128 
70 -2.175966 -0.414052 
71 -1.933719 -0.369547 
72 -1.941084 -0.436216 
73 -1.798291 -0.400492 
74 -1.653085 -0.449050 
75 -2.097147 -0.359371 
76 -1.739635 -0.423966 
77 -1.671273 -0.455496 
78 -1.907408 -0.365101 
79 -2.427814 -0.368801 
80 -2.082684 -0.357109 
81 -2.090547 -0.348217 
82 -1.633024 -0.436839 
83 -1.677985 -0.420658 
84 -1.723655 -0.429575 
85 -2.066689 -0.394278 
86 -1.609292 -0.471838 
87 -1.591767 -0.435361 
88 -1.670731 -0.449104 
89 -1.658908 -0.415479 
90 -2.101542 -0.392185 
91 -1.796969 -0.411894 
92 -1.703397 -0.415536 
93 -1.805887 -0.377623 
94 -1.780102 -0.414426 
95 -2.131374 -0.367665 
96 -2.061699 -0.352072 
97 -2.306546 -0.349507 
98 -2.088771 -0.366288 
99 -2.355364 -0.366254 
100 -1.792199 -0.428847 
101 -2.172702 -0.333582 
102 -1.626186 -0.434381 
103 -1.577688 -0.482551 
104 -1.464930 -0.514075 
105 -1.595161 -0.440393 
106 -1.467896 -0.545006 
107 -1.459433 -0.484097 
108 -1.640378 -0.449773 
109 -1.938039 -0.383895 
110 -1.925091 -0.360546 
111 -1.432795 -0.493336 
112 -1.432638 -0.525476 
113 -1.290302 -0.567583 
114 -1.319749 -0.554246 
115 -1.386201 -0.534999 
116 -1.371308 -0.511579 
117 -1.966059 -0.382903 
118 -1.616219 -0.426749 
119 -1.396194 -0.529810 
120 -1.597888 -0.454767 
121 -1.535978 -0.467020 
122 -1.402735 -0.528963 
123 -1.540936 -0.514297 
124 -1.567418 -0.454841 
125 -1.564803 -0.482701 
126 -2.390256 -0.400138 
127 -1.898241 -0.378664 
128 -1.525780 -0.489799 
129 -1.614125 -0.442500 
130 -1.966688 -0.370472 
131 -1.606132 -0.449265 
132 -1.440006 -0.498685 
133 -1.564399 -0.488885 
134 -1.487194 -0.474623 
135 -1.354316 -0.538356 
136 -1.422333 -0.507425 
137 -1.374623 -0.523341 
138 -1.371990 -0.520906 
139 -1.393543 -0.517618 
140 -1.249560 -0.570509 
141 -1.343191 -0.546586 
142 -1.257313 -0.573381 
143 -1.318885 -0.547943 
144 -1.166540 -0.636583 
145 -1.235196 -0.576926 
146 -1.261472 -0.585831 
147 -1.410093 -0.522633 
148 -1.238509 -0.573999 
149 -1.351011 -0.567642 
150 -1.308525 -0.559480 
151 -1.315912 -0.576171 
152 -1.275061 -0.576517 
153 -1.989447 -0.379406 
154 -1.774909 -0.392951 
155 -1.366552 -0.547142 
156 -1.314128 -0.535211 
157 -1.409621 -0.552526 
158 -1.278545 -0.589087 
159 -1.279775 -0.564421 
160 -1.295346 -0.561513 
161 -1.346422 -0.559828 
162 -1.364048 -0.571186 
163 -1.804547 -0.396123 
164 -1.348865 -0.574017 
165 -1.447208 -0.525502 
166 -1.301449 -0.582364 
167 -1.274589 -0.597441 
168 -1.409465 -0.537405 
169 -1.379732 -0.542964 
170 -1.906408 -0.438057 
171 -1.314445 -0.549725 
172 -1.317874 -0.555594 
173 -1.460505 -0.490209 
174 -1.492610 -0.533010 
175 -1.444104 -0.531071 
176 -1.842073 -0.419945 
177 -1.491935 -0.513374 
178 -1.397178 -0.538502 
179 -1.300867 -0.590410 
180 -1.347356 -0.551696 
181 -1.324158 -0.571873 
182 -1.248312 -0.603069 
183 -1.202052 -0.614294 
184 -1.862178 -0.386435 
185 -1.905289 -0.420183 
186 -1.459025 -0.517205 
187 -1.307683 -0.553174 
188 -1.348593 -0.551845 
189 -1.432700 -0.505244 
190 -1.400261 -0.520771 
191 -1.892905 -0.390480 
192 -1.438559 -0.500430 
193 -1.955207 -0.393189 
194 -1.410320 -0.542783 
195 -1.255936 -0.583475 
196 -1.406443 -0.519495 
197 -1.399557 -0.494434 
198 -1.862002 -0.412068 
199 -1.434228 -0.489179 
200 -1.300186 -0.553998 
201 -1.390634 -0.541202 
202 -1.940826 -0.383766 
203 -1.256335 -0.601680 
204 -1.312278 -0.575537 
205 -1.327992 -0.554988 
206 -1.323883 -0.559425 
207 -1.364309 -0.541955 
208 -1.326667 -0.544855 
209 -1.279814 -0.602805 
210 -1.315591 -0.541350 
211 -1.133538 -0.644485 
212 -1.192182 -0.609363 
213 -1.243543 -0.611486 
214 -1.288154 -0.561221 
215 -1.788712 -0.415561 
216 -1.901169 -0.361947 
217 -1.385131 -0.549531 
218 -1.422147 -0.503099 
219 -1.886633 -0.395445 
220 -1.905316 -0.394375 
221 -1.372419 -0.569860 
222 -1.359219 -0.557741 
223 -1.444555 -0.529492 
224 -1.364857 -0.556073 
225 -1.247003 -0.619011 
226 -1.799170 -0.408771 
227 -1.324012 -0.571954 
228 -1.741556 -0.395814 
229 -1.434659 -0.512556 
230 -1.286599 -0.562370 
231 -1.331721 -0.550358 
232 -1.218036 -0.617552 
233 -1.266414 -0.576836 
234 -1.292163 -0.542327 
235 -1.417357 -0.523394 
236 -1.374756 -0.537468 
237 -2.258986 -0.319281 
238 -1.618687 -0.446847 
239 -2.042686 -0.435845 
240 -1.832784 -0.383206 
241 -1.505068 -0.488756 
242 -1.458775 -0.511124 
243 -1.469336 -0.493813 
244 -1.384330 -0.521432 
245 -1.360464 -0.567959 
246 -1.496778 -0.482355 
247 -1.443227 -0.502158 
248 -1.546381 -0.489693 
249 -2.182200 -0.341816 
250 -1.670485 -0.432403 
251 -1.935144 -0.409105 
252 -1.533181 -0.485166 
253 -1.300844 -0.584810 
254 -1.295549 -0.597091 
255 -1.274580 -0.591815 
256 -1.288926 -0.597139 
257 -1.233605 -0.631186 
258 -1.160952 -0.642971 
259 -1.117340 -0.657413 
260 -1.071902 -0.694642 
261 -1.130877 -0.669614 
262 -1.082528 -0.672292 
263 -1.224691 -0.609194 
264 -1.235887 -0.611077 
265 -1.190826 -0.619454 
266 -1.243048 -0.587991 
267 -1.337948 -0.578401 
268 -1.349517 -0.534051 
269 -2.149904 -0.378491 
270 -1.329039 -0.588807 
271 -1.049084 -0.695027 
272 -1.207963 -0.614631 
273 -1.274679 -0.585834 
274 -1.280128 -0.599066 
275 -1.149589 -0.649723 
276 -1.753923 -0.400182 
277 -1.252506 -0.591594 
278 -1.225210 -0.605790 
279 -1.278957 -0.581030 
280 -1.298447 -0.563493 
281 -1.317318 -0.544424 
282 -1.224519 -0.581477 
283 -1.215694 -0.638209 
284 -1.186667 -0.616869 
285 -1.161803 -0.644940 
286 -1.114684 -0.660115 
287 -1.287522 -0.581419 
288 -1.189136 -0.626640 
289 -1.223373 -0.604336 
290 -1.295120 -0.568761 
291 -1.230944 -0.595440 
292 -1.256168 -0.589018 
293 -1.197469 -0.627143 
294 -1.368805 -0.555862 
295 -1.375651 -0.555369 
296 -1.426693 -0.553338 
297 -1.355540 -0.564798 
298 -1.268796 -0.607462 
299 -1.283923 -0.573681 
300 -1.314010 -0.553719 
301 -1.227268 -0.608155 
302 -1.349015 -0.545792 
303 -1.260748 -0.588572 
304 -2.096204 -0.398125 
305 -1.380877 -0.553824 
306 -1.414531 -0.516037 
307 -1.418268 -0.502110 
308 -1.339689 -0.562315 
309 -1.294006 -0.560918 
310 -1.329401 -0.541191 
311 -1.151739 -0.626808 
312 -1.375691 -0.523106 
313 -1.267898 -0.600479 
314 -1.254323 -0.607947 
315 -1.294276 -0.592416 
316 -1.162484 -0.641066 
317 -1.255249 -0.584564 
318 -1.247733 -0.595982 
319 -1.177638 -0.627618 
320 -1.135847 -0.665164 
321 -1.194494 -0.644224 
322 -1.159786 -0.644054 
323 -1.185886 -0.624752 
324 -1.115797 -0.676312 
325 -1.256648 -0.601527 
326 -1.207361 -0.623989 
327 -1.209083 -0.633466 
328 -1.096437 -0.672281 
329 -1.132065 -0.651756 
330 -1.215464 -0.625506 
331 -1.172998 -0.648630 
332 -1.191940 -0.633263 
333 -1.199320 -0.629693 
334 -1.163017 -0.647448 
335 -1.162066 -0.652060 
336 -1.160888 -0.643013 
337 -1.142630 -0.657355 
338 -1.148525 -0.655477 
339 -1.141070 -0.633732 
340 -1.137070 -0.665079 
341 -1.064549 -0.700430 
342 -1.159446 -0.661248 
343 -1.531407 -0.515987 
344 -1.183572 -0.636968 
345 -1.166689 -0.623198 
346 -1.088223 -0.680857 
347 -1.071496 -0.699182 
348 -1.067253 -0.697663 
349 -1.136493 -0.668122 
350 -1.081035 -0.674895 
351 -1.092659 -0.680291 
352 -1.073783 -0.668389 
353 -1.699049 -0.429144 
354 -1.157327 -0.646933 
355 -1.167210 -0.620993 
356 -1.170223 -0.636702 
357 -1.115268 -0.660215 
358 -1.248258 -0.610889 
359 -1.154920 -0.653678 
360 -1.282889 -0.571986 
361 -1.137797 -0.654247 
362 -1.143207 -0.654113 
363 -1.166705 -0.643602 
364 -1.219579 -0.630708 
365 -1.177192 -0.646202 
366 -1.127427 -0.681133 
367 -1.334864 -0.540166 
368 -1.655599 -0.410873 
369 -1.261517 -0.600481 
370 -1.124527 -0.673216 
371 -1.167366 -0.636710 
372 -1.051327 -0.706909 
373 -1.182025 -0.646992 
374 -1.202224 -0.640966 
375 -1.204606 -0.624009 
376 -1.319126 -0.578424 
377 -1.734905 -0.415081 
378 -1.277312 -0.588716 
379 -1.691689 -0.461685 
380 -1.356376 -0.574674 
381 -1.184341 -0.635764 
382 -1.284344 -0.599462 
383 -1.348141 -0.555292 
384 -1.172950 -0.655699 
385 -1.318988 -0.582631 
386 -1.341727 -0.573737 
387 -1.745557 -0.415501 
388 -1.939600 -0.373940 
389 -1.328277 -0.538357 
390 -1.348253 -0.543065 
391 -1.343237 -0.546728 
392 -1.290268 -0.573013 
393 -1.368173 -0.547135 
394 -1.423696 -0.518259 
395 -1.359719 -0.537241 
396 -1.320892 -0.561381 
397 -1.475046 -0.472080 
398 -1.500721 -0.508445 
399 -1.873332 -0.392867 
400 -1.456116 -0.505272 
401 -1.945293 -0.361225 
402 -1.407599 -0.511862 
403 -1.823282 -0.426749 
404 -1.474958 -0.483310 
405 -1.214467 -0.615078 
406 -1.329285 -0.572085 
407 -1.284890 -0.586870 
408 -1.312073 -0.579421 
409 -1.699341 -0.422714 
410 -1.423114 -0.547326 
411 -1.295984 -0.598379 
412 -1.314880 -0.563745 
413 -1.241120 -0.574458 
414 -1.238813 -0.596062 
415 -1.260768 -0.612566 
416 -1.194159 -0.624665 
417 -1.767166 -0.389724 
418 -1.314276 -0.584218 
419 -1.111444 -0.683856 
420 -1.241478 -0.598910 
421 -1.208804 -0.613281 
422 -1.176289 -0.636100 
423 -1.302800 -0.577729 
424 -1.667853 -0.426545 
425 -1.322144 -0.586718 
426 -1.800484 -0.354079 
427 -1.291730 -0.573436 
428 -1.145608 -0.643841 
429 -1.275655 -0.580370 
430 -1.181425 -0.608649 
431 -1.149795 -0.644136 
432 -1.263193 -0.574861 
433 -1.295662 -0.555314 
434 -1.213176 -0.603879 
435 -1.197233 -0.626827 
436 -1.242903 -0.589956 
437 -1.214748 -0.621757 
438 -1.228378 -0.625829 
439 -1.135534 -0.665349 
440 -1.138068 -0.631859 
441 -1.133324 -0.672682 
442 -1.081940 -0.689054 
443 -1.165860 -0.648649 
444 -1.216732 -0.628094 
445 -1.247870 -0.596466 
446 -1.167565 -0.665703 
447 -1.147316 -0.639793 
448 -1.301004 -0.597536 
449 -1.219721 -0.617797 
450 -1.238031 -0.602974 
451 -1.113077 -0.666590 
452 -1.224173 -0.618752 
453 -1.147708 -0.654509 
454 -1.088253 -0.684455 
455 -1.761131 -0.431288 
456 -1.141297 -0.653934 
457 -1.147001 -0.643692 
458 -1.150537 -0.668617 
459 -1.176456 -0.663716 
460 -1.164739 -0.660494 
461 -1.131908 -0.679442 
462 -1.036854 -0.707517 
463 -1.205298 -0.617959 
464 -1.201533 -0.635014 
465 -1.153881 -0.647893 
466 -1.221510 -0.614832 
467 -1.167787 -0.644406 
468 -1.153942 -0.657618 
469 -1.289487 -0.611208 
470 -1.278186 -0.609328 
471 -1.284917 -0.596881 
472 -1.171349 -0.647486 
473 -1.269339 -0.601457 
474 -1.297269 -0.567345 
475 -1.629172 -0.418336 
476 -1.168086 -0.641755 
477 -1.114608 -0.681097 
478 -1.104721 -0.693827 
479 -1.133727 -0.693800 
480 -1.114648 -0.674734 
481 -1.147718 -0.681246 
482 -1.058069 -0.746014 
483 -1.211541 -0.699647 
484 -1.281904 -0.650918 
485 -1.172374 -0.668276 
486 -1.184070 -0.669706 
487 -1.225624 -0.638487 
488 -1.207169 -0.619775 
489 -1.165910 -0.657288 
490 -1.152330 -0.661570 
491 -1.160258 -0.660701 
492 -1.155197 -0.678104 
494 -1.192282 -0.678935 
495 -1.185195 -0.679308 
496 -1.169403 -0.657667 
497 -1.273489 -0.636568 
498 -1.173163 -0.676678 
499 -1.220284 -0.623934 
500 -1.221150 -0.645918 
501 -1.090184 -0.706141 
502 -1.133945 -0.675108 
503 -1.206068 -0.643490 
504 -1.174331 -0.656056 
505 -1.276245 -0.617474 
506 -1.808725 -0.437022 
507 -1.357228 -0.566644 
508 -1.237928 -0.620988 
509 -1.261787 -0.620800 
510 -1.873869 -0.433859 
511 -1.188810 -0.663984 
512 -1.364845 -0.568467 
513 -1.201725 -0.663481 
514 -1.179403 -0.682916 
515 -1.225443 -0.667693 
516 -1.170485 -0.690835 
517 -1.827703 -0.375089 
518 -1.120410 -0.732672 
519 -1.172072 -0.672757 
520 -1.085562 -0.749719 
521 -1.388576 -0.582685 
522 -1.147218 -0.765549 
526 -1.204906 -0.698802 
527 -1.352486 -0.629434 
528 -0.993274 -0.878927 
529 -3.665542 -0.848210 
530 -2.008076 -0.664942 
531 -2.746382 -0.673019 
532 -2.437499 -0.592850 
533 -2.642058 -0.689069 
534 -2.215491 -0.652991 
535 -1.950548 -0.641859 
536 -1.718775 -0.611226 
537 -1.868685 -0.571384 
538 -1.116716 -0.751020 
539 -2.206309 -0.618973 
540 -1.726402 -0.604769 
541 -2.260728 -0.634321 
542 -2.077494 -0.618112 
543 -1.908754 -0.581938 
544 -1.140789 -0.733166 
545 -2.264037 -0.641112 
546 -2.278036 -0.612668 
547 -1.848415 -0.664148 
548 -1.984981 -0.639294 
549 -2.012163 -0.615734 
550 -1.527435 -0.627653 
551 -1.792266 -0.578395 
552 -2.031393 -0.646420 
553 -1.540489 -0.646716 
554 -1.977211 -0.612244 
555 -1.900885 -0.608042 
556 -1.692489 -0.660500 
557 -1.740481 -0.600669 
558 -1.836829 -0.560201 
559 -1.778152 -0.445602 
560 -2.097666 -0.592331 
561 -1.566277 -0.598899 
562 -1.182121 -0.699494 
563 -2.086937 -0.601383 
564 -1.709112 -0.615418 
565 -1.886845 -0.602895 
566 -1.152711 -0.713266 
567 -1.471016 -0.647682 
568 -2.082400 -0.635712 
569 -1.793435 -0.570726 
570 -1.381347 -0.655000 
571 -1.992932 -0.640782 
572 -1.921431 -0.482798 
573 -1.756669 -0.583281 
574 -1.483460 -0.616946 
575 -1.130301 -0.691737 
576 -1.799530 -0.631056 
577 -1.148028 -0.699732 
578 -1.409754 -0.642003 
579 -1.079793 -0.728277 
580 -1.750510 -0.580564 
581 -1.103383 -0.700896 
582 -0.948974 -0.797209 
583 -1.443034 -0.674767 
584 -1.222332 -0.736406 
585 -0.797711 -0.943569 
586 -1.030983 -0.822793 
618 -0.826420 -0.945850 
619 -0.750061 -0.978369 
620 -0.811343 -0.938019 
621 -0.910325 -0.858210 
622 -1.223054 -0.737093 
623 -1.619971 -0.527303 
624 -0.918844 -0.846103 
625 -0.931847 -0.857825 
626 -1.368732 -0.681628 
627 -1.384315 -0.703317 
628 -1.023618 -0.789249 
629 -1.053917 -0.781419 
630 -1.035493 -0.787857 
631 -0.901793 -0.856425 
632 -1.005566 -0.792448 
633 -1.516925 -0.660117 
634 -1.007470 -0.773762 
635 -1.053932 -0.779298 
636 -1.321151 -0.676912 
637 -1.739956 -0.514288 
638 -0.990632 -0.809253 
639 -0.922915 -0.838770 
640 -1.187638 -0.731146 
641 -0.903170 -0.855432 
642 -1.503892 -0.654458 
643 -1.052095 -0.769462 
644 -1.010617 -0.771340 
645 -0.961513 -0.803985 
646 -1.332832 -0.672949 
647 -1.240486 -0.716934 
648 -1.626867 -0.623543 
649 -1.857696 -0.610486 
650 -1.014850 -0.765035 
651 -1.064550 -0.738849 
652 -1.319180 -0.678427 
653 -1.847138 -0.508229 
654 -0.980183 -0.792277 
655 -1.081838 -0.723621 
656 -0.886996 -0.847619 
657 -1.148693 -0.747711 
658 -0.934727 -0.808592 
659 -0.941458 -0.820225 
660 -0.915726 -0.843755 
661 -0.893981 -0.855068 
662 -1.230013 -0.724547 
663 -0.814996 -0.910733 
664 -0.840864 -0.886597 
665 -0.797763 -0.907732 
666 -0.812942 -0.893881 
667 -0.769627 -0.933832 
668 -0.785226 -0.923419 
669 -0.816367 -0.884287 
670 -0.812119 -0.891419 
671 -0.735466 -0.950202 
672 -0.731430 -0.978751 
673 -0.828445 -0.893712 
674 -0.830739 -0.882640 
675 -0.925332 -0.828237 
676 -0.861231 -0.861134 
677 -1.388230 -0.661950 
678 -1.011839 -0.786251 
679 -1.241029 -0.699749 
680 -1.575565 -0.598586 
681 -0.956372 -0.815436 
682 -1.010452 -0.771135 
683 -1.049792 -0.758022 
684 -1.027587 -0.753495 
685 -0.960844 -0.795220 
686 -1.554637 -0.623631 
687 -0.996417 -0.789469 
688 -1.522045 -0.679282 
689 -1.306570 -0.675804 
690 -1.303816 -0.686709 
691 -0.855350 -0.879441 
692 -1.289526 -0.681515 
693 -1.578629 -0.522837 
694 -1.335405 -0.663884 
695 -1.606302 -0.627596 
696 -0.866190 -0.852224 
697 -0.930113 -0.822956 
698 -0.848227 -0.879885 
699 -0.780435 -0.926128 
700 -0.888838 -0.851569 
701 -1.501532 -0.609876 
702 -0.865513 -0.869808 
703 -0.989743 -0.800441 
704 -1.399545 -0.628835 
705 -1.434862 -0.674267 
706 -0.912493 -0.848076 
707 -1.123578 -0.703900 
708 -1.701350 -0.557476 
709 -1.062122 -0.729390 
710 -0.358762 -1.382792 
711 -0.995594 -0.851708 
712 -0.798027 -0.950048 
713 -1.532944 -0.708816 
714 -0.929515 -0.838970 
715 -1.549256 -0.542027 
716 -1.545630 -0.496462 
717 -1.034676 -0.788875 
718 -1.093738 -0.773500 
719 -0.708693 -0.974368 
720 -0.786637 -0.970670 
721 0.236885 -2.540372 
722 0.418630 -3.096166 
723 0.510420 -3.858936 
724 -0.243006 -1.526441 
725 -0.101348 -1.765712 
726 0.154979 -2.179226 
727 0.131919 -2.257154 
728 -0.046930 -1.911901 
729 -0.367085 -1.343335 
730 -0.398378 -1.254895 
731 0.023703 -1.974554 
732 0.015176 -1.948512 
733 -0.055598 -1.856076 
734 -0.497093 -1.218281 
735 -0.210408 -1.522013 
736 -0.094216 -1.797623 
737 -0.201685 -1.593410 
738 -0.343109 -1.361590 
739 -0.622785 -1.071467 
740 -0.578972 -1.110484 
741 -1.177112 -0.791540 
742 -0.490320 -1.203783 
743 -0.837507 -0.925390 
744 -0.577897 -1.106893 
745 -0.399714 -1.278802 
746 -0.339670 -1.358734 
747 -0.405880 -1.274644 
748 -0.445573 -1.241590 
749 -0.428885 -1.241503 
750 -0.361393 -1.312733 
751 -0.396439 -1.285993 
752 -0.430125 -1.252851 
753 -0.788321 -0.965695 
754 -1.133375 -0.828974 
755 -0.447675 -1.235744 
756 -0.503713 -1.198606 
757 -0.973732 -0.869695 
758 -0.419835 -1.251215 
759 -0.486519 -1.175533 
760 -0.227480 -1.564974 
761 -0.496976 -1.174156 
762 -0.482411 -1.167012 
763 -0.454298 -1.222964 
764 -0.990746 -0.834585 
765 -0.362868 -1.319139 
766 -0.354753 -1.320015 
767 -0.476054 -1.187573 
768 -0.376794 -1.309347 
769 -0.353133 -1.332342 
770 -0.518154 -1.162978 
771 -0.975858 -0.843898 
772 -0.574860 -1.089605 
773 -0.597786 -1.081976 
774 -0.539679 -1.135998 
775 -0.637330 -1.016853 
776 -0.611381 -1.068018 
777 -1.058785 -0.791971 
778 -1.010999 -0.846343 
779 -0.663114 -1.036251 
780 -0.570568 -1.126113 
781 -0.631981 -1.039565 
782 -0.606139 -1.062907 
783 -0.643436 -1.058016 
784 -0.664602 -1.039300 
785 -1.153237 -0.747882 
786 -0.776272 -0.929488 
787 -0.627669 -1.054072 
788 -1.303698 -0.549218 
789 -0.600999 -1.067051 
790 -0.665701 -1.000182 
791 -0.715599 -0.958219 
792 -0.629579 -1.041605 
793 -0.625495 -1.042610 
794 -0.461051 -1.211916 
795 -0.525861 -1.134972 
796 -1.457134 -0.553760 
797 -0.727580 -0.968538 
798 -0.653174 -1.030522 
799 -0.687153 -1.010552 
800 -0.719547 -0.986201 
801 -0.811579 -0.907796 
802 -1.033423 -0.814677 
803 -1.087887 -0.786899 
804 -1.101918 -0.798149 
805 -1.078214 -0.648000 
806 -0.748076 -0.938205 
807 -0.526483 -1.145169 
808 -0.577676 -1.083809 
809 -0.582203 -1.081147 
810 -0.758230 -0.943726 
811 -1.102797 -0.644453 
812 -0.522602 -1.129980 
813 -0.483692 -1.208194 
814 -0.452967 -1.226077 
815 -0.442307 -1.263492 
816 -0.648885 -1.038199 
817 -1.006310 -0.831307 
818 -0.640626 -1.034511 
819 -0.712029 -0.983795 
820 -0.996723 -0.824040 
821 -0.724027 -0.986767 
822 -0.584789 -1.076039 
823 -0.671453 -1.006668 
824 -0.802180 -0.930556 
825 -1.237628 -0.599716 
826 -0.688491 -0.973292 
827 -0.813643 -0.944126 
828 -0.584074 -1.072172 
829 -0.587595 -1.090727 
830 -0.493382 -1.169724 
831 -0.429327 -1.257583 
832 -0.480189 -1.198960 
833 -0.496697 -1.156807 
834 -0.495611 -1.155985 
835 -0.510969 -1.140621 
836 -0.521948 -1.157768 
837 -0.492468 -1.167324 
838 -0.536567 -1.131879 
839 -0.621898 -1.052390 
840 -0.429213 -1.248660 
841 -0.595034 -1.072944 
842 -0.454021 -1.191308 
843 -0.580813 -1.085253 
844 -0.489606 -1.184678 
845 -0.596590 -1.079145 
846 -0.470814 -1.196501 
847 -0.519883 -1.139328 
848 -0.981668 -0.831868 
849 -0.511136 -1.154748 
850 -0.623386 -1.076669 
851 -0.559696 -1.093259 
852 -0.864562 -0.902818 
853 -0.581931 -1.087795 
854 -0.511587 -1.167127 
855 -0.464335 -1.208800 
856 -0.495667 -1.196670 
857 -0.401005 -1.273999 
858 -0.817907 -0.933199 
859 -0.586132 -1.104871 
860 -0.994531 -0.842034 
861 -0.484233 -1.166873 
862 -0.980452 -0.838742 
863 -0.541806 -1.095011 
864 -0.494639 -1.152833 
865 -0.523985 -1.153981 
866 -0.439177 -1.245508 
867 -0.399915 -1.254994 
868 -0.562107 -1.093637 
869 -0.466152 -1.229130 
870 -0.509327 -1.138621 
871 -0.927109 -0.864728 
872 -0.490231 -1.179036 
873 -0.469752 -1.204230 
874 -0.461759 -1.177923 
875 -0.437260 -1.239483 
876 -0.557069 -1.092360 
877 -0.557060 -1.107009 
878 -0.476450 -1.195003 
879 -0.438243 -1.211583 
880 -0.742275 -0.976567 
881 -0.433954 -1.242479 
882 -0.580436 -1.066772 
883 -0.406585 -1.249594 
884 -0.335926 -1.299473 
885 -0.388530 -1.267574 
886 0.034669 -1.928862 
887 0.102328 -2.001507 
888 0.015698 -1.966103 
889 -0.023050 -1.833010 
890 -0.090716 -1.744082 
891 0.016885 -1.905875 
892 0.043451 -2.019999 
893 -0.049471 -1.829642 
894 -0.178883 -1.581950 
895 -0.044620 -1.776287 
896 0.008628 -1.872227 
897 0.008155 -1.913076 
898 0.048599 -1.938819 
899 -0.061146 -1.706264 
900 -0.060757 -1.799306 
901 0.022647 -1.922599 
902 -0.059551 -1.784357 
903 -0.037250 -1.782871 
904 -0.303131 -1.397760 
905 0.045128 -1.964670 
906 -0.341919 -1.381368 
907 -0.010245 -1.855189 
908 -0.471040 -1.209730 
909 -0.050163 -1.776865 
910 -0.117954 -1.641667 
911 0.021716 -1.980142 
912 0.055820 -2.005683 
913 0.052090 -2.072357 
914 -0.018155 -1.845477 
915 -0.017061 -1.813572 
916 -0.080338 -1.715241 
917 0.014996 -1.958969 
918 0.080319 -2.041572 
919 0.042415 -1.999024 
920 0.116094 -2.091939 
921 0.064477 -2.027166 
922 0.048635 -1.956721 
923 0.089274 -2.082505 
924 0.077319 -2.041671 
925 0.118773 -2.159336 
926 -0.006452 -1.963479 
927 0.007089 -1.904185 
928 0.006378 -1.896207 
929 -0.044966 -1.821268 
930 0.019075 -1.894464 
931 -0.063089 -1.782835 
932 -0.057042 -1.770556 
933 -0.087091 -1.777560 
934 -0.094766 -1.695641 
935 -0.107680 -1.682922 
936 -0.107539 -1.694037 
937 -0.217430 -1.515954 
938 -0.185237 -1.540652 
939 -0.242077 -1.482696 
940 -0.182128 -1.576564 
941 -0.470471 -1.213587 
942 -0.141493 -1.609669 
943 -0.174479 -1.583187 
944 -0.177877 -1.549301 
945 -0.189272 -1.542163 
946 -0.498776 -1.173915 
947 -0.507776 -1.201705 
948 -0.216730 -1.523960 
949 -0.258960 -1.469818 
950 -0.270990 -1.433891 
951 -0.258035 -1.457702 
952 -0.314380 -1.385173 
953 -0.255225 -1.479614 
954 -0.318407 -1.369981 
955 -0.300339 -1.400876 
956 -0.220699 -1.493867 
957 -0.684624 -1.040717 
958 -0.348078 -1.352412 
959 -0.364751 -1.313652 
960 -0.334441 -1.367028 
961 -0.367328 -1.336202 
962 -0.506369 -1.189067 
963 -0.464732 -1.208755 
964 -0.420930 -1.251573 
965 -0.911183 -0.716743 
966 -0.486878 -1.207903 
967 -0.805272 -0.862866 
968 -0.432291 -1.257190 
969 -0.440960 -1.291076 
970 -0.336960 -1.351631 
971 -0.884189 -0.780078 
972 -0.400641 -1.283108 
973 -0.712396 -1.013089 
974 -0.403547 -1.277201 
975 -0.159316 -1.610859 
976 -0.405553 -1.253019 
977 -0.362176 -1.324314 
978 -0.325508 -1.362137 
979 -0.223899 -1.490347 
980 -0.282457 -1.426767 
981 -0.265249 -1.478647 
982 -0.266967 -1.405025 
983 -0.304616 -1.376932 
984 -0.290417 -1.393683 
985 -0.698068 -1.032063 
986 -0.270859 -1.462098 
987 -0.362120 -1.308442 
988 -0.328025 -1.397125 
989 -0.308533 -1.372353 
990 -0.369989 -1.303113 
991 -0.870682 -0.763394 
992 -0.348830 -1.374210 
993 -0.297385 -1.389481 
994 -0.661039 -1.075913 
995 -0.292553 -1.409481 
996 -0.296970 -1.429777 
997 -0.399242 -1.285880 
998 -0.383477 -1.315607 
999 -0.753729 -0.994339 
1000 -0.426628 -1.297518 
1001 -0.452696 -1.219803 
1002 -0.416897 -1.249390 
1003 -0.826418 -0.938996 
1004 -0.420762 -1.255133 
1005 -0.422099 -1.258628 
1006 -0.323631 -1.362761 
1007 -0.407413 -1.273820 
1008 -0.705641 -1.027262 
1009 -0.393177 -1.277324 
1010 -0.739232 -1.000696 
1011 -0.783835 -0.963468 
1012 -0.371047 -1.304099 
1013 -0.748333 -0.996411 
1014 -0.409849 -1.254421 
1015 -0.287293 -1.396009 
1016 -0.161308 -1.665526 
1017 -0.093806 -1.762984 
1018 -0.335631 -1.373194 
1019 -0.691489 -1.034490 
1020 -0.665716 -1.082237 
1021 -0.294941 -1.437163 
1022 -0.272167 -1.468792 
1023 -0.665253 -1.044235 
1024 -0.309681 -1.413894 
1025 -0.386149 -1.292747 
1026 -0.318337 -1.360055 
1027 -0.404189 -1.275182 
1028 -0.284447 -1.406228 
1029 -0.444555 -1.232360 
1030 -0.399807 -1.265691 
1031 -0.400975 -1.276399 
1032 -0.614373 -1.080548 
1033 -0.345105 -1.343916 
1034 -0.734857 -0.982415 
1035 -0.482779 -1.176448 
1036 -0.941182 -0.885002 
1037 -0.394593 -1.302233 
1038 -0.327826 -1.361994 
1039 -0.214851 -1.518290 
1040 -0.708301 -1.004642 
1041 -0.351407 -1.337847 
1042 -0.345136 -1.361648 
1043 -0.330703 -1.390623 
1044 -0.287495 -1.410722 
1045 -0.384167 -1.315342 
1046 -0.279796 -1.454611 
1047 -0.352148 -1.329762 
1048 -0.341672 -1.367885 
1049 -0.302018 -1.403234 
1050 -0.286945 -1.447219 
1051 -0.318055 -1.361540 
1052 -0.395462 -1.294801 
1053 -0.311501 -1.392699 
1054 -0.355846 -1.363398 
1055 -0.378867 -1.323018 
1056 -0.371330 -1.338603 
1057 -0.323524 -1.387538 
1058 -0.439576 -1.269573 
1059 -0.434978 -1.261194 
1060 -0.400220 -1.297710 
1061 -0.401319 -1.285393 
1062 -0.462523 -1.210749 
1063 -0.358016 -1.346038 
1064 -0.965143 -0.883757 
1065 -0.458281 -1.210502 
1066 -0.498286 -1.154372 
1067 -0.442279 -1.258731 
1068 -0.496258 -1.204081 
1069 -0.437628 -1.267270 
1070 -0.767529 -0.995106 
1071 -0.350762 -1.343832 
1072 -0.420811 -1.286142 
1073 -0.832736 -0.925346 
1074 -0.801715 -0.945283 
1075 -0.437498 -1.256115 
1076 -0.704661 -1.020239 
1077 -0.326478 -1.366322 
1078 -0.314797 -1.367040 
1079 -0.388594 -1.281742 
1080 -0.420159 -1.274379 
1081 -0.257829 -1.410484 
1082 -0.265140 -1.433522 
1083 -0.350120 -1.334606 
1084 -0.337943 -1.347464 
1085 -0.374323 -1.298524 
1086 -0.435604 -1.248541 
1087 -0.262626 -1.462161 
1088 -0.244852 -1.479277 
1089 -0.317874 -1.374246 
1090 -0.470152 -1.190143 
1091 -0.371113 -1.322977 
1092 -0.431660 -1.257944 
1093 -0.255933 -1.461305 
1094 -0.442844 -1.236304 
1095 -0.436358 -1.223769 
1096 -0.441006 -1.257490 
1097 -0.443608 -1.246315 
1098 -0.306034 -1.379460 
1099 -0.341163 -1.321193 
1100 -0.403287 -1.271075 
1101 -0.429632 -1.244173 
1102 -0.403825 -1.262878 
1103 -0.325374 -1.363421 
1104 -0.333549 -1.373905 
1105 -0.582540 -1.102496 
1106 -0.921109 -0.892193 
1107 -0.445903 -1.221552 
1108 -0.362389 -1.328467 
1109 -0.321869 -1.332234 
1110 -0.733247 -0.959532 
1111 -0.501565 -1.145257 
1112 -0.426367 -1.240777 
1113 -0.535708 -1.139089 
1114 -0.941231 -0.710539 
1115 -0.424042 -1.239107 
1116 -0.818016 -0.938753 
1117 -0.447331 -1.236386 
1118 -0.359340 -1.316101 
1119 -0.440074 -1.246849 
1120 -0.447754 -1.226093 
1121 -0.442156 -1.233361 
1122 -0.450605 -1.222950 
1123 -0.407804 -1.257532 
1124 -0.644946 -1.047792 
1125 -0.375095 -1.297655 
1126 -0.472992 -1.180821 
1127 -0.445876 -1.212965 
1128 -0.408433 -1.248353 
1129 -0.348819 -1.302892 
1130 -0.481066 -1.157150 
1131 -0.429710 -1.243195 
1132 -0.335974 -1.361887 
1133 -0.304732 -1.384768 
1134 -0.372855 -1.299728 
1135 -0.250433 -1.454722 
1136 -0.255740 -1.477307 
1137 -0.213104 -1.489331 
1138 -0.240989 -1.466354 
1139 -0.293535 -1.410481 
1140 -0.266796 -1.442667 
1141 -0.210413 -1.501451 
1142 -0.315215 -1.381462 
1143 -0.340314 -1.333268 
1144 -0.637677 -1.062801 
1145 -0.333805 -1.353703 
1146 -0.367160 -1.294927 
1147 -1.004076 -0.703271 
1148 -0.450633 -1.203414 
1149 -0.376326 -1.323000 
1150 -0.359777 -1.303904 
1151 -0.295880 -1.399211 
1152 -0.326219 -1.344227 
1153 -0.246162 -1.431897 
1154 -0.293732 -1.400956 
1155 -0.331073 -1.313775 
1156 -0.308153 -1.363776 
1157 -0.241750 -1.457068 
1158 -0.277082 -1.405158 
1159 -0.249313 -1.430733 
1160 -0.342853 -1.317124 
1161 -0.556846 -1.111041 
1162 -0.295444 -1.380930 
1163 -0.254814 -1.426102 
1164 -0.180050 -1.493644 
1165 -0.267965 -1.442783 
1166 -0.243270 -1.444874 
1167 -0.184580 -1.508343 
1168 -0.267251 -1.404071 
1169 -0.319297 -1.341350 
1170 -0.267365 -1.417462 
1171 -0.262806 -1.429652 
1172 -0.275322 -1.406887 
1173 -0.363046 -1.301380 
1174 -0.275505 -1.461798 
1175 -0.432337 -1.217498 
1176 -0.306586 -1.366229 
1177 -0.282362 -1.400440 
1178 -0.389527 -1.273398 
1179 -0.436122 -1.210105 
1180 -0.394638 -1.270298 
1181 -0.763639 -0.976034 
1182 -0.399368 -1.280662 
1183 -0.343957 -1.345384 
1184 -0.670799 -1.026213 
1185 -0.295658 -1.368455 
1186 -0.314260 -1.348931 
1187 -0.304953 -1.385813 
1188 -0.368900 -1.288446 
1189 -0.372346 -1.283704 
1190 -0.413738 -1.253058 
1191 -0.299673 -1.384561 
1192 -0.245404 -1.415742 
1193 -0.291841 -1.333055 
1194 -0.339241 -1.305793 
1195 -0.314276 -1.331490 
1196 -0.324034 -1.338058 
1197 -0.329852 -1.324326 
1198 -0.366183 -1.287540 
1199 -0.372792 -1.287777 
1200 -0.292568 -1.340679 
1201 -0.022999 -1.819445 
1202 -0.235389 -1.452951 
1203 -0.347743 -1.317485 
1204 -0.329713 -1.328368 
1205 -0.287834 -1.359199 
1206 -0.268340 -1.410572 
1207 -0.179145 -1.492327 
1208 -0.287896 -1.392633 
1209 -0.252494 -1.450505 
1210 -0.293100 -1.373047 
1211 -0.236143 -1.429116 
1212 -0.226085 -1.439366 
1213 -0.277875 -1.391506 
1214 -0.252028 -1.421657 
1215 -0.339805 -1.310937 
1216 -0.329015 -1.299362 
1217 -0.321408 -1.357479 
1218 -0.335935 -1.291932 
1219 -0.345042 -1.288095 
1220 -0.303809 -1.367752 
1221 -0.246211 -1.428937 
1222 -0.276573 -1.392599 
1223 -0.319339 -1.370153 
1224 -0.260032 -1.401886 
1225 -0.338912 -1.316830 
1226 -0.352524 -1.296526 
1227 -0.222651 -1.475014 
1228 -0.427781 -1.232057 
1229 -0.351703 -1.297850 
1230 -0.380562 -1.244518 
1231 -0.381039 -1.298660 
1232 -0.264210 -1.424450 
1233 -0.327571 -1.341652 
1234 -0.244044 -1.420440 
1235 -0.366876 -1.294632 
1236 -0.305834 -1.376839 
1237 -0.338484 -1.316514 
1238 -0.758353 -0.845564 
1239 -0.358681 -1.286418 
1240 -0.404349 -1.257665 
1241 -0.331800 -1.341936 
1242 -0.254084 -1.409200 
1243 -0.331084 -1.330569 
1244 -0.223057 -1.496807 
1245 -0.528141 -1.127787 
1246 -0.207786 -1.421822 
1247 -0.274089 -1.361416 
1248 -0.286281 -1.366985 
1249 -0.279105 -1.407436 
1250 -0.094396 -1.628517 
1251 -0.145429 -1.572739 
1252 -0.133109 -1.575242 
1253 -0.293122 -1.336488 
1254 -0.268027 -1.388794 
1255 -0.176901 -1.497166 
1256 -0.242455 -1.413202 
1257 -0.210028 -1.415334 
1258 -0.238354 -1.433494 
1259 -0.221237 -1.481794 
1260 -0.167736 -1.498298 
1261 -0.166740 -1.535079 
1262 -0.234196 -1.430759 
1263 -0.191533 -1.461482 
1264 -0.138125 -1.568881 
1265 -0.155983 -1.532769 
1266 -0.165161 -1.534675 
1267 -0.239213 -1.458181 
1268 -0.188989 -1.523823 
1269 -0.180576 -1.485188 
1270 -0.157611 -1.543312 
1271 -0.148618 -1.555849 
1272 -0.259195 -1.384834 
1273 -0.200865 -1.474492 
1274 -0.156598 -1.557515 
1275 -0.251289 -1.476689 
1276 -0.196859 -1.486175 
1277 -0.200961 -1.493708 
1278 -0.225246 -1.468000 
1279 -0.218603 -1.468049 
1280 -0.198691 -1.479409 
1281 -0.163396 -1.507300 
1282 -0.216200 -1.447476 
1283 -0.295206 -1.345539 
1284 -0.266018 -1.365062 
1285 -0.219397 -1.450490 
1286 -0.279697 -1.376254 
1287 -0.304869 -1.363543 
1288 -0.659770 -1.019240 
1289 -0.343728 -1.308424 
1290 -0.242941 -1.458392 
1291 -0.343014 -1.331626 
1292 -0.335508 -1.335025 
1293 -0.367308 -1.295673 
1294 -0.364313 -1.274387 
1295 -0.272035 -1.395417 
1296 -0.218229 -1.476279 
1297 -0.256367 -1.427530 
1298 -0.188626 -1.456179 
1299 -0.281116 -1.391781 
1300 -0.298567 -1.373094 
1301 -0.350044 -1.316570 
1302 -0.314858 -1.332670 
1303 -0.309365 -1.362802 
1304 -0.263561 -1.422996 
1305 -0.370106 -1.310743 
1306 -0.295880 -1.368638 
1307 -0.249350 -1.452108 
1308 -0.681321 -1.020638 
1309 -0.280354 -1.451032 
1310 -0.223877 -1.461364 
1311 -0.314147 -1.390244 
1312 -0.303132 -1.382449 
1313 -0.298182 -1.394098 
1314 -0.302234 -1.364919 
1315 -0.317142 -1.355177 
1316 -0.263029 -1.449060 
1317 -0.339038 -1.332706 
1318 -0.310126 -1.362071 
1319 -0.331086 -1.352684 
1320 -0.273240 -1.389934 
1321 -0.944088 -0.685934 
1322 -0.316847 -1.359660 
1323 -0.340125 -1.314037 
1324 -0.276052 -1.386539 
1325 -0.265569 -1.393943 
1326 -0.352658 -1.308955 
1327 -0.895868 -0.741275 
1328 -0.286534 -1.375854 
1329 -0.405295 -1.248190 
1330 -0.329445 -1.343386 
1331 -0.317696 -1.359091 
1332 -0.372198 -1.259851 
1333 -0.332535 -1.332699 
1334 -0.303687 -1.363114 
1335 -0.312296 -1.351278 
1336 -0.280437 -1.384281 
1337 -0.369949 -1.283098 
1338 -0.415685 -1.222156 
1339 -0.405638 -1.249435 
1340 -0.500197 -1.155683 
1341 -0.957099 -0.662014 
1342 -0.301772 -1.350328 
1343 -0.291013 -1.382778 
1344 -0.352710 -1.329431 
1345 -0.281809 -1.400709 
1346 -0.700677 -0.906085 
1347 -0.785643 -0.967229 
1348 -0.314131 -1.346343 
1349 -0.164362 -1.530098 
1350 -0.083893 -1.598989 
1351 -0.273838 -1.396075 
1352 -0.166987 -1.590552 
1353 -0.222399 -1.456896 
1354 -0.247510 -1.425915 
1355 -0.298874 -1.353530 
1356 -0.317107 -1.326899 
1357 -0.292382 -1.353623 
1358 -0.262248 -1.428110 
1359 -0.305059 -1.365451 
1360 -0.287970 -1.390085 
1361 -0.221297 -1.467979 
1362 -0.236997 -1.438397 
1363 -0.281184 -1.364036 
1364 -0.247300 -1.378827 
1365 -0.254777 -1.415540 
1366 -0.251768 -1.404755 
1367 -0.164782 -1.518761 
1368 -0.195046 -1.440447 
1369 -0.117284 -1.559861 
1370 -0.611001 -1.065295 
1371 -0.186692 -1.530978 
1372 -0.143082 -1.520882 
1373 -0.181376 -1.511642 
1374 -0.165930 -1.438137 
1375 -0.196403 -1.457741 
1376 -0.142618 -1.557322 
1377 -0.201054 -1.447369 
1378 -0.252001 -1.429659 
1379 -0.185334 -1.458981 
1380 -0.201226 -1.480742 
1381 -0.239329 -1.401086 
1382 -0.157469 -1.507716 
1383 -0.252773 -1.411656 
1384 -0.192341 -1.480926 
1385 -0.240552 -1.420149 
1386 -0.212205 -1.451714 
1387 -0.218685 -1.415594 
1388 -0.241127 -1.400664 
1389 -0.140954 -1.558465 
1390 -0.289441 -1.363477 
1391 -0.294200 -1.352234 
1392 -0.491708 -1.137028 
1393 -0.123838 -1.574668 
1394 -0.425122 -1.188117 
1395 -0.124778 -1.569764 
1396 -0.247132 -1.395316 
1397 -0.101326 -1.638997 
1398 -0.099545 -1.633466 
1399 -0.032844 -1.745729 
1400 0.025586 -1.806617 
1401 0.079566 -1.839549 
1402 1.112125 -6.509640 
1403 0.590166 -4.077901 
1404 0.567696 -3.880686 
1405 0.437459 -2.864182 
1406 0.534767 -3.506351 
1407 0.548389 -3.378976 
1408 0.487862 -3.276273 
1409 0.389577 -2.797768 
1410 0.452525 -2.998310 
1411 0.432722 -2.999940 
1412 0.434191 -2.901951 
1413 0.354402 -2.558849 
1414 0.402886 -2.855046 
1415 0.331753 -2.422145 
1416 0.384174 -2.647192 
1417 0.132271 -1.844950 
1418 0.473309 -3.117356 
1419 0.397524 -2.703667 
1420 0.406466 -2.823683 
1421 -0.066017 -1.389001 
1422 0.326850 -2.621287 
1423 0.323204 -2.546825 
1424 -0.181887 -1.410463 
1425 0.271323 -2.408005 
1426 0.363090 -2.638721 
1427 0.407668 -2.796554 
1428 0.380102 -2.653166 
1429 0.348904 -2.582577 
1430 0.304983 -2.416355 
1431 0.389043 -2.766107 
1432 0.160971 -2.036628 
1433 0.611986 -3.785575 
1434 0.508851 -3.328513 
1435 0.350309 -2.540011 
1436 0.444397 -2.840691 
1437 0.142455 -1.927978 
1438 0.527380 -3.385665 
1439 0.292153 -2.411719 
1440 0.349801 -2.534513 
1441 0.314853 -2.545512 
1442 0.431669 -2.896439 
1443 0.383745 -2.642741 
1444 0.385786 -2.623609 
1445 0.266579 -2.256158 
1446 0.379463 -2.553258 
1447 0.139702 -1.897405 
1448 0.333625 -2.601637 
1449 0.325294 -2.521045 
1450 0.213396 -2.106052 
1451 0.127463 -1.954619 
1452 0.229046 -2.190916 
1453 0.218135 -2.300425 
1454 0.226512 -2.189754 
1455 0.268359 -2.389875 
1456 0.215987 -2.133219 
1457 0.272236 -2.270209 
1458 0.249972 -2.308156 
1459 0.160835 -2.015434 
1460 0.342442 -2.636574 
1461 0.106660 -2.006341 
1462 0.298587 -2.423100 
1463 0.377110 -2.744059 
1464 0.351455 -2.591370 
1465 0.091958 -1.941556 
1466 0.234532 -2.226245 
1467 0.262546 -2.255113 
1468 0.283250 -2.338710 
1469 0.160378 -1.978391 
1470 0.101990 -1.936797 
1471 0.213984 -2.250698 
1472 0.239194 -2.237764 
1473 0.045444 -1.822158 
1474 0.008046 -1.786238 
1475 -0.055266 -1.692657 
1476 0.295842 -2.409276 
1477 0.229138 -2.192511 
1478 0.318295 -2.386735 
1479 0.069104 -1.858104 
1480 0.263738 -2.297655 
1481 0.249323 -2.294556 
1482 -0.048433 -1.668529 
1483 -0.031222 -1.728137 
1484 -0.148297 -1.462250 
1485 -0.564903 -0.860173 
1486 0.173131 -1.980278 
1487 -0.136545 -1.566774 
1488 -0.108094 -1.554413 
1489 -0.169182 -1.486050 
1490 -0.125259 -1.596527 
1491 -0.118282 -1.662362 
1492 -0.881260 -0.596587 
1493 0.126295 -2.009328 
1494 -0.091875 -1.660067 
1495 -0.083409 -1.620436 
1496 -0.067885 -1.615801 
1497 0.112728 -1.935459 
1498 -0.062675 -1.637608 
1499 -0.116374 -1.564943 
1500 0.019574 -1.822072 
1501 0.007751 -1.736164 
1502 0.085110 -1.941770 
1503 -0.108399 -1.645983 
1504 -0.299462 -1.047714 
1505 -0.093541 -1.625334 
1506 -0.009845 -1.733347 
1507 0.120229 -2.044920 
1508 -0.107736 -1.642762 
1509 -0.099848 -1.657023 
1510 -0.351022 -1.285596 
1511 0.131705 -2.026757 
1512 -0.135840 -1.532576 
1513 -0.053816 -1.656715 
1514 0.154340 -1.984132 
1515 -0.139934 -1.476867 
1516 -0.138797 -1.529140 
1517 -0.080904 -1.638434 
1518 -0.102457 -1.633620 
1519 -0.080422 -1.638855 
1520 0.179364 -2.022823 
1521 0.142886 -2.061425 
1522 -0.089938 -1.635225 
1523 -0.237035 -1.468820 
1524 -0.057506 -1.725137 
1525 0.094046 -1.963754 
1526 -0.084628 -1.670578 
1527 -0.437459 -1.208129 
1528 -0.073089 -1.647627 
1529 -0.087300 -1.632159 
1530 0.127163 -2.045613 
1531 -0.063799 -1.693563 
1532 -0.205298 -1.493773 
1533 0.044117 -1.869230 
1534 -0.645636 -0.916024 
1535 -0.139705 -1.624029 
1536 0.012567 -1.738204 
1537 -0.233711 -1.332476 
1538 -0.606332 -0.919939 
1539 -0.205554 -1.513291 
1540 -0.150054 -1.546050 
1541 -0.198634 -1.463762 
1542 0.065347 -1.780586 
1543 -0.116313 -1.560892 
1544 0.143754 -2.044940 
1545 -0.215463 -1.449547 
1546 -0.326251 -1.355197 
1547 -0.332601 -1.270204 
1548 -0.394486 -1.219789 
1549 -0.409405 -1.219748 
1550 -0.359966 -1.072670 
1551 -0.368026 -1.262030 
1552 -0.775493 -0.791708 
1553 0.137331 -1.884025 
