1757 2
1127 0.182857 0.641820
1948 0.196060 0.636472
1814 0.207418 0.635050
1236 0.051846 0.692775
1041 0.368835 0.572148
473 0.154080 0.651279
1147 0.291831 0.598645
1031 0.059622 0.689586
1333 0.069435 0.687819
442 0.404344 0.557902
1115 -0.088754 0.741328
1220 0.182789 0.643277
2029 0.221637 0.625398
1038 0.153436 0.653471
1242 0.231860 0.623808
799 0.309223 0.592870
688 0.262722 0.614856
1070 0.169867 0.655817
1247 0.172407 0.646474
1248 0.288716 0.598496
1123 0.092006 0.677553
1271 0.325308 0.589593
1587 0.314047 0.595684
1059 0.220699 0.631406
1896 0.235054 0.623965
1119 0.121533 0.666512
1194 0.292815 0.600203
1149 0.289511 0.604545
1570 0.290279 0.602553
1106 0.368232 0.569369
423 0.233124 0.618131
1958 0.200260 0.638076
715 0.304014 0.598296
1567 0.217290 0.630425
1619 0.326883 0.588617
1055 0.287949 0.597586
1795 0.141589 0.658988
1049 0.053742 0.687994
1214 0.209053 0.629828
1269 0.370322 0.575352
1773 0.200803 0.640782
621 0.237531 0.619656
1855 0.102270 0.672438
914 0.305098 0.593338
1250 0.352841 0.586536
1654 0.279480 0.605427
727 0.252525 0.611018
1805 0.194018 0.642738
445 0.264570 0.606244
1413 -0.002334 0.712964
1089 0.253148 0.612156
790 0.339428 0.585911
1003 0.325604 0.585141
1770 0.258493 0.614030
1000 0.277752 0.613248
1535 -0.047248 0.733977
1582 0.251712 0.617198
1109 0.241177 0.625325
1122 0.223784 0.624223
1011 0.138601 0.661560
1227 0.196644 0.632372
628 0.147731 0.652403
750 0.612202 0.486053
1592 0.192947 0.636656
1906 0.131768 0.659850
1914 -0.097488 0.750624
703 0.141029 0.655210
1033 0.277449 0.606221
1173 0.201143 0.640786
1972 0.234632 0.621525
1136 0.248518 0.612312
910 0.356829 0.578095
1252 0.069152 0.682379
1171 0.288829 0.596014
510 0.281672 0.600665
1802 0.119660 0.660196
1233 0.316840 0.593930
1028 0.175496 0.641931
731 0.411146 0.559317
1017 0.211834 0.627760
439 0.239950 0.621546
1917 0.028934 0.706713
1647 0.520550 0.513011
1157 0.216241 0.628038
1132 0.297450 0.602225
1023 0.230337 0.624952
1902 0.256852 0.611554
1867 -0.027333 0.724170
1899 0.168079 0.646078
2012 0.047656 0.694625
1625 0.269634 0.607074
1993 0.338370 0.583098
1212 0.171455 0.645410
634 0.197145 0.638067
1599 0.220269 0.625665
1897 0.181996 0.648293
1649 0.252953 0.618295
1183 0.154899 0.651841
679 0.368671 0.567085
1775 0.236270 0.622690
1624 0.164145 0.646916
1959 0.092297 0.679989
906 0.409812 0.559574
1052 0.298328 0.599228
1789 0.321246 0.591436
708 0.319205 0.595431
725 0.240209 0.620881
1153 0.130906 0.666426
1803 0.097418 0.674991
1821 0.197050 0.633372
1030 0.276148 0.606731
1043 0.228222 0.623574
2005 -0.008077 0.719398
1667 0.347110 0.584989
1349 0.037491 0.705052
1160 0.258196 0.617913
1201 0.326925 0.590739
478 0.136282 0.664923
652 0.237551 0.618811
1604 0.175875 0.642762
627 0.286604 0.611251
1584 0.443100 0.546213
1050 0.106704 0.673659
1967 0.414412 0.558617
1414 0.012918 0.703091
717 0.288476 0.607871
1241 0.125367 0.663269
1780 0.151774 0.655667
1784 0.253580 0.620730
1601 0.263965 0.611898
1018 0.254531 0.611569
1222 0.114406 0.665063
1926 0.303267 0.596434
1218 0.085654 0.682990
1932 0.109786 0.669535
1057 0.055161 0.699651
1061 0.242836 0.617430
1274 0.283792 0.600558
802 0.385824 0.565688
1940 0.033433 0.697232
1126 0.181204 0.647050
1729 0.407951 0.557672
2027 0.313482 0.595633
1042 0.118827 0.667519
444 0.254662 0.613809
1166 0.181722 0.636887
2042 0.090638 0.684120
1578 0.134594 0.664198
1142 0.153163 0.655350
1810 0.096685 0.676483
1156 0.136936 0.656706
424 0.351977 0.579511
1596 0.131254 0.667679
1082 0.211810 0.633910
2035 0.146497 0.656211
1066 0.192924 0.639665
723 0.198782 0.633666
1275 0.220002 0.626245
1161 0.146999 0.656302
1163 0.283205 0.607733
1197 0.130410 0.662181
1285 0.059070 0.691903
1575 0.235578 0.623574
1782 0.080714 0.681609
1804 0.115001 0.668556
1232 0.242818 0.615066
1956 0.253320 0.615506
1580 0.333306 0.583858
919 0.252788 0.611651
1164 0.153880 0.650753
1622 0.291470 0.599366
684 0.367572 0.572954
1014 0.083971 0.682376
1237 0.202544 0.632554
1951 0.330789 0.587491
645 0.325284 0.583067
1563 0.193948 0.638741
1566 0.101017 0.672485
1639 0.227555 0.620549
721 0.396928 0.559554
622 0.223174 0.623881
1607 0.284635 0.603793
1944 0.018561 0.707348
1130 0.227485 0.618737
1820 0.037747 0.695425
1310 0.075401 0.679903
1243 0.146602 0.652032
2039 0.277213 0.601750
1791 0.293323 0.597625
1334 0.290489 0.601461
656 0.383278 0.560669
1299 -0.073072 0.743605
417 0.202714 0.630160
1239 0.112237 0.666699
1105 0.267073 0.605213
789 0.442904 0.544052
1846 0.016460 0.707651
1080 0.314385 0.595782
1332 0.270259 0.612258
1544 0.123613 0.665245
719 0.300201 0.598605
452 0.294345 0.598579
461 0.329362 0.582644
1963 0.296367 0.603313
694 0.498983 0.521337
1778 0.147882 0.656156
1010 0.046340 0.693438
1588 0.285263 0.603362
1216 0.242453 0.613303
1215 0.145236 0.660485
1448 0.055067 0.690693
487 0.233386 0.627856
908 0.353767 0.576829
1305 0.093009 0.673709
1300 0.052676 0.688686
1302 -0.060738 0.734953
1083 0.279073 0.606140
1335 0.106700 0.674614
1568 0.370641 0.570718
690 0.377935 0.572553
1603 0.327028 0.595548
1129 0.113678 0.669320
1594 0.364308 0.569936
1104 0.224926 0.628847
631 0.193548 0.635226
1613 0.421008 0.556354
1894 0.102611 0.672244
1799 0.023064 0.706814
1794 -0.076699 0.738797
1068 -0.084808 0.741658
944 0.527100 0.515342
702 0.220764 0.628726
999 0.314313 0.592185
479 0.190654 0.639244
1221 0.172225 0.644871
453 0.304551 0.594851
1766 0.267759 0.609856
1394 0.001295 0.714330
1809 0.185217 0.643985
1213 0.328946 0.586747
1039 0.259764 0.608672
1597 0.300546 0.600194
909 0.361187 0.580219
1913 0.207759 0.636202
2020 -0.029281 0.717028
443 0.382665 0.569950
447 0.345387 0.577928
1887 0.172452 0.643373
1209 0.241316 0.622345
730 0.338004 0.586422
729 0.260821 0.613508
1756 0.319344 0.592921
1571 0.125103 0.665283
803 0.257926 0.613219
1558 0.110788 0.671086
1808 0.032446 0.697243
1255 0.401170 0.559135
1991 0.180287 0.642906
637 -0.017718 0.716070
1457 0.088690 0.681404
1100 0.224511 0.627505
1905 0.235728 0.624041
1665 0.199051 0.637135
1088 0.382924 0.564983
1655 0.321338 0.592683
1986 0.457138 0.535589
797 0.191536 0.641493
650 0.399278 0.561277
1138 0.224139 0.633328
511 0.316657 0.595022
1455 0.181744 0.644426
1593 0.217765 0.625341
1058 0.208571 0.632656
498 0.339982 0.578770
1876 0.048320 0.692193
663 0.180148 0.647049
1336 0.220582 0.628373
1064 0.226262 0.630154
1338 0.189662 0.638596
1652 0.097607 0.672811
654 0.173217 0.647572
994 0.346099 0.578184
1777 0.187515 0.642275
1251 0.299823 0.597170
1121 0.173545 0.648896
794 0.346653 0.577942
1938 0.015895 0.706990
488 0.333357 0.580937
1053 0.395728 0.564520
961 0.346143 0.578260
2030 0.222288 0.632434
649 0.153744 0.655117
1099 0.180949 0.641778
950 0.359307 0.576599
713 0.150504 0.654051
1648 0.457686 0.538534
726 0.419129 0.553305
1280 0.044012 0.694828
420 0.325480 0.587081
1001 0.168714 0.642768
1577 0.079651 0.685940
504 0.362523 0.573430
1306 0.241076 0.620815
499 0.206930 0.633907
1085 0.384458 0.567117
1502 -0.097729 0.751604
1787 0.244109 0.625204
1097 0.235335 0.625836
643 0.266911 0.605227
455 0.269638 0.607525
991 0.281216 0.608576
651 0.320115 0.585204
1140 0.214702 0.631083
1146 0.325490 0.589609
1093 0.202484 0.636753
809 0.328558 0.584907
421 0.307744 0.597577
1801 0.129695 0.664132
1257 0.508278 0.522653
1124 0.147016 0.656779
432 0.192518 0.637197
1928 0.242251 0.618654
632 0.222379 0.625636
1687 0.319277 0.593877
1675 0.178829 0.647932
676 0.334712 0.585597
1651 0.244379 0.617573
418 0.137932 0.660029
1273 0.190591 0.636066
1182 0.214290 0.633616
1195 0.096229 0.675251
1175 0.352338 0.576875
1819 0.213231 0.630811
808 0.196978 0.637580
1994 0.305872 0.598458
1224 0.242723 0.620252
920 0.389323 0.561821
1922 0.099328 0.674902
1925 -0.013012 0.714941
503 0.282043 0.600538
1939 -0.106291 0.745995
1037 0.224806 0.623459
1113 0.082817 0.681704
486 0.317639 0.589629
616 0.149897 0.657501
1868 0.220400 0.628628
1670 0.171149 0.652506
1091 0.266979 0.606884
471 0.308313 0.594268
1895 -0.021195 0.721045
2008 0.120890 0.667299
1526 -0.080684 0.745132
448 0.271347 0.602559
997 0.326057 0.585666
1200 0.094799 0.676790
1565 0.064145 0.688834
1989 0.196290 0.643771
1184 0.118876 0.664182
1753 0.278491 0.610425
1574 0.233036 0.619398
646 0.398868 0.555108
1979 0.267539 0.611432
1154 0.219299 0.624849
1235 0.174535 0.643368
1957 0.214961 0.623697
483 0.199255 0.635781
2023 0.018247 0.705932
1268 0.357478 0.574499
644 0.255366 0.617504
1072 0.375795 0.569435
1262 0.392617 0.566456
1539 0.198395 0.634492
1884 0.179770 0.640577
1635 0.237721 0.625544
1277 0.375829 0.571096
1186 0.033920 0.701922
1995 0.175873 0.648046
1192 0.327091 0.591756
1765 0.388916 0.560115
692 0.235135 0.621915
1945 0.193495 0.645526
1125 0.104124 0.675449
680 0.212416 0.631586
1024 0.099720 0.669860
1021 0.316147 0.592787
480 0.356727 0.571542
1904 0.183793 0.644253
1276 0.117823 0.669759
1304 0.251883 0.609208
1875 0.140935 0.660994
2028 0.323648 0.589900
2006 0.134725 0.661043
1538 0.189681 0.642487
1885 0.140653 0.657769
1427 0.083796 0.680317
733 0.402962 0.560290
1633 0.232824 0.627770
1999 0.074187 0.685446
1998 -0.008010 0.715472
1193 0.179666 0.648894
1172 0.354269 0.576391
1573 0.290996 0.600456
1964 0.285685 0.601093
1980 0.150532 0.654271
1098 0.214490 0.631180
1974 0.280919 0.605598
1606 0.200078 0.633618
1556 0.087526 0.682169
1719 0.257434 0.617738
1828 0.049333 0.695076
924 0.433148 0.550313
633 0.310769 0.594981
1595 0.285417 0.603711
606 0.571679 0.493706
1844 0.198741 0.635625
497 0.028923 0.699881
2026 0.219749 0.629118
1530 0.102927 0.676052
1882 0.121317 0.662173
2014 0.089189 0.678768
1643 0.328310 0.587106
1642 0.414708 0.555202
738 0.504905 0.525565
720 0.421008 0.554000
1364 -0.022460 0.721292
792 0.141238 0.651553
1781 0.188991 0.639709
1815 0.187084 0.640088
1016 0.059947 0.678412
1716 0.388839 0.566347
798 0.362083 0.581326
1139 0.334778 0.585678
1924 0.052211 0.694092
956 0.555604 0.498479
1035 0.189133 0.636957
1107 0.214114 0.632099
1682 0.232612 0.623385
1330 0.107316 0.666209
1325 -0.035630 0.726481
1254 0.331354 0.581619
506 0.267740 0.611181
501 0.270708 0.610463
1352 0.169751 0.644907
2016 0.046887 0.695324
1981 0.270374 0.612891
1112 -0.088340 0.748159
1792 0.064503 0.687932
1360 0.200974 0.632039
642 0.403743 0.556680
1283 0.024085 0.702805
1961 0.223469 0.626563
1769 0.044798 0.695193
1159 0.086174 0.676609
1946 -0.028925 0.724716
1238 0.263993 0.612748
431 0.323622 0.586206
928 0.426994 0.543509
1108 0.240458 0.619699
917 0.341617 0.577573
1869 -0.057246 0.728691
1786 0.341728 0.581739
1074 0.140488 0.657226
1892 0.086703 0.678995
1267 0.382734 0.568835
1404 0.001416 0.711081
2010 0.089631 0.675819
1341 0.139880 0.656953
1644 0.361736 0.573822
476 0.281297 0.601809
1004 0.215526 0.628191
1199 0.211339 0.634757
454 0.237799 0.619987
1552 0.021740 0.700521
1807 0.045472 0.695461
1711 0.388026 0.561736
1714 0.226123 0.622743
1822 0.083577 0.681816
1581 0.137133 0.659221
1036 0.179409 0.646115
1202 0.271147 0.610018
1350 0.163457 0.645368
1796 0.058715 0.688560
1303 0.053169 0.693558
1086 0.221931 0.625576
1872 0.048220 0.695885
1911 0.079634 0.681390
1047 0.193044 0.636835
964 0.475201 0.534763
1893 -0.061797 0.742262
951 0.464445 0.535517
1886 0.192162 0.640442
459 0.044319 0.695005
993 0.512269 0.517843
1969 0.372957 0.572916
1764 0.269832 0.606270
1978 0.153962 0.653363
801 0.461588 0.533908
806 0.171912 0.644946
805 0.223160 0.624335
810 0.393902 0.556899
1702 0.320376 0.585164
793 0.412929 0.553737
1131 0.190754 0.638028
1585 0.247190 0.620678
1111 0.012649 0.710746
1847 0.192471 0.637199
1270 0.437447 0.543785
1272 0.375808 0.573250
1870 0.109952 0.670828
963 0.386468 0.565028
2037 0.241751 0.616959
1092 0.157410 0.653133
1409 0.120579 0.658747
941 0.530249 0.509646
1997 0.124377 0.669107
1638 0.088148 0.680790
640 0.199141 0.638048
1620 0.234523 0.618419
1174 0.356547 0.579851
1225 0.204482 0.635503
2038 0.284773 0.599849
1811 0.176315 0.638590
1162 0.287112 0.602830
1942 0.149608 0.657341
1230 0.279698 0.606822
1630 0.275360 0.608186
1826 -0.008905 0.715096
635 0.398296 0.557794
1728 0.255721 0.610796
485 0.172679 0.641474
1915 0.181086 0.644449
1316 -0.022065 0.725713
1337 0.232222 0.624673
1331 0.141330 0.659267
969 0.390341 0.558755
2031 0.166813 0.644030
1354 0.137774 0.661163
1348 0.042316 0.690670
728 0.330693 0.582851
1292 0.073906 0.682612
1362 0.046405 0.694369
1609 0.293611 0.593927
1774 0.122853 0.659076
1833 0.038619 0.708346
687 0.464246 0.531532
683 0.448052 0.539656
1022 0.059567 0.689274
1114 -0.003712 0.712904
1117 0.223929 0.626735
618 0.167145 0.646974
774 0.579691 0.493924
1312 0.072821 0.683894
2036 0.304532 0.595950
674 0.338294 0.584302
1259 0.421826 0.552516
1637 0.229433 0.620026
1883 0.167898 0.645866
1771 0.490644 0.524095
707 0.218221 0.626857
1116 0.218471 0.624317
988 0.380473 0.562542
1168 0.265233 0.611029
1623 0.223689 0.628011
1628 0.267724 0.611652
1281 0.095956 0.677479
456 0.206735 0.634896
1541 0.172223 0.648291
1772 0.356550 0.578764
429 0.401140 0.556702
939 0.420094 0.550438
1713 0.234734 0.616873
507 0.194225 0.637654
1591 0.233131 0.624530
1207 0.289820 0.606021
740 0.251340 0.619170
1096 0.344298 0.578726
1416 0.098153 0.673293
477 0.300553 0.595909
441 0.334643 0.586458
1433 0.077627 0.684519
996 0.323757 0.587609
1189 0.180778 0.641484
1629 0.175803 0.642938
1757 0.374602 0.569055
693 0.167420 0.645737
1382 -0.005858 0.711685
1817 0.035433 0.702935
825 0.484891 0.528657
625 0.248865 0.619083
1725 0.339425 0.580443
1931 0.139641 0.654687
756 0.537701 0.512667
1029 0.138348 0.663837
1845 0.050775 0.694146
1901 0.147867 0.658184
1463 0.018726 0.708101
1324 -0.019149 0.721052
1245 0.099285 0.676425
1462 0.014618 0.711982
2011 0.152671 0.653466
1659 0.312419 0.591853
451 0.356632 0.575764
653 0.321764 0.591730
1793 -0.069167 0.734309
1290 -0.101127 0.753765
1983 0.375178 0.572527
1712 0.181384 0.641086
457 0.277719 0.603324
1975 0.154774 0.652831
1968 0.386256 0.566824
1949 0.171788 0.646533
812 0.404633 0.561315
437 0.125998 0.667339
929 0.400709 0.561247
607 0.330194 0.591083
484 0.303304 0.593089
1307 0.198218 0.633352
1309 0.168050 0.645861
1240 0.215546 0.634951
1293 0.090029 0.680684
1363 0.004791 0.709512
1996 0.235567 0.621547
1282 -0.019425 0.719165
681 0.327434 0.587871
1141 0.237198 0.623762
763 0.540746 0.502036
1816 0.128368 0.660649
1976 0.233083 0.617515
1953 0.286196 0.603321
1134 0.335360 0.587448
513 0.409389 0.554030
1583 0.178132 0.639519
1873 -0.101306 0.754746
641 0.173046 0.639738
1614 0.206925 0.637841
1329 0.029721 0.697826
2001 0.053223 0.696618
940 0.480540 0.524782
1650 0.242058 0.614259
657 0.306712 0.592533
1632 0.229324 0.619988
1190 0.158099 0.648225
1177 0.227569 0.621032
1145 0.245706 0.620489
1090 0.194064 0.642197
1776 0.191498 0.638763
796 0.282309 0.605836
1572 0.082527 0.680087
1827 0.046873 0.689490
1823 0.309900 0.599822
1936 0.255199 0.608247
748 0.356720 0.577677
1467 -0.038455 0.733720
1537 0.036072 0.698435
675 0.469871 0.538539
1258 0.189244 0.642565
2018 0.020853 0.698999
1344 0.408877 0.560905
460 0.237787 0.616681
1790 0.232389 0.623413
1180 0.251263 0.607673
1165 0.301723 0.595825
623 0.462334 0.541524
1966 0.239459 0.624899
1812 0.267369 0.613511
1947 0.092124 0.679281
1708 0.322778 0.587491
433 0.267865 0.615146
1137 0.166614 0.649557
1032 0.396758 0.565108
1027 0.294512 0.601574
1034 0.239205 0.620533
1217 0.194129 0.636953
1102 0.282497 0.603241
850 0.411310 0.556487
1056 0.250471 0.616972
1279 0.039485 0.698878
611 0.598361 0.486270
2022 0.170998 0.651709
772 0.405281 0.554073
1616 0.392077 0.563370
1078 0.389511 0.561171
1410 0.120041 0.661399
1244 -0.014787 0.722633
943 0.531988 0.507901
1631 0.260576 0.613317
475 0.233260 0.621597
795 0.184510 0.644477
1361 0.065362 0.688498
2040 0.250211 0.617540
1007 0.166079 0.649154
1761 0.422196 0.550407
698 0.324901 0.589306
767 0.546022 0.508038
1002 0.124934 0.663902
1824 0.160000 0.656549
1724 0.402782 0.557826
636 0.199085 0.635670
1856 0.118488 0.664989
911 0.302806 0.595753
1211 0.203456 0.630989
742 0.542345 0.506413
1278 0.009476 0.708900
2021 0.062970 0.687897
666 0.396475 0.560490
1627 0.166875 0.648225
1890 0.160195 0.651025
1546 0.060009 0.685546
1984 0.452849 0.543598
946 0.266357 0.609867
1445 0.068248 0.683963
1191 0.347563 0.585207
1977 0.189768 0.640029
1760 0.306038 0.601448
1813 0.353642 0.578810
2144 0.037154 0.701928
918 0.483433 0.528790
1025 0.158028 0.651736
422 0.272887 0.613641
1079 0.293707 0.603591
672 0.485271 0.527833
647 0.387472 0.562760
716 0.198288 0.636406
2019 0.139091 0.660656
1343 0.254585 0.613648
1645 0.224407 0.628132
1579 0.191978 0.634684
689 0.094014 0.677722
620 0.270706 0.607694
626 0.206157 0.637247
1151 0.166178 0.649236
1557 -0.002645 0.715888
936 0.343138 0.585880
934 0.501185 0.519199
462 0.243863 0.620540
1858 0.177860 0.638453
1020 0.180674 0.646190
1205 0.408577 0.556343
481 0.277599 0.604165
1054 0.334402 0.584639
1081 0.239924 0.619313
863 0.516618 0.519289
1048 0.381305 0.572250
1788 0.142449 0.655953
1677 0.223822 0.623387
2000 0.149515 0.653797
2007 0.072648 0.679915
1265 0.444144 0.541389
1065 0.158715 0.651447
1880 0.034373 0.696348
472 0.204312 0.631696
1564 0.097873 0.677608
655 0.267333 0.611492
1615 0.300142 0.596011
1962 0.152154 0.656693
1152 0.324745 0.587402
1390 0.095886 0.673061
1831 -0.053269 0.729428
1834 -0.032995 0.725084
784 0.462650 0.537999
1586 0.354088 0.578079
916 0.324176 0.589631
1301 0.076426 0.682886
976 0.538018 0.509074
1315 0.062939 0.683602
1076 0.239710 0.616496
1529 -0.041902 0.723858
1889 0.127108 0.662878
1431 -0.101404 0.746802
998 0.425834 0.552670
984 0.551512 0.506608
1634 0.094566 0.680320
1715 0.312427 0.594114
1366 -0.140303 0.765121
2053 -0.061128 0.738853
697 0.209302 0.635594
813 0.459397 0.534267
426 0.307294 0.594458
791 0.238628 0.625908
1009 -0.064698 0.737952
1228 0.131282 0.659420
682 0.449944 0.542492
1589 0.191897 0.638323
1456 0.055634 0.693623
841 0.571542 0.491694
753 0.544682 0.503733
1203 0.261179 0.615083
463 0.236626 0.618576
1910 0.107001 0.671262
2024 0.196839 0.633307
1040 0.195954 0.636002
1683 0.427324 0.551436
1465 0.207149 0.633774
1965 0.329399 0.590984
1077 0.416654 0.555777
1094 0.233116 0.626715
1415 0.247555 0.621177
718 0.154717 0.654908
1660 0.389530 0.560469
1087 0.273353 0.605442
2017 -0.083176 0.742380
1658 0.435068 0.545402
732 0.279619 0.599816
1960 0.244909 0.624452
1767 0.450506 0.543507
815 0.516851 0.514934
1927 0.165853 0.645937
785 0.458961 0.537044
502 0.271125 0.606564
755 0.551025 0.504283
601 0.430409 0.543999
853 0.405730 0.555804
746 0.262833 0.610817
1051 0.391565 0.560819
1317 0.005742 0.712801
1318 -0.017368 0.725866
1785 0.159516 0.649336
1898 0.174157 0.644679
2002 0.179017 0.647907
1400 0.105494 0.661174
696 0.348156 0.581497
709 0.315981 0.589895
1181 0.322858 0.587697
2041 0.220328 0.631520
659 0.420217 0.555991
1602 0.263387 0.610074
807 0.181306 0.646570
1990 0.183623 0.638057
438 0.335317 0.584438
1459 -0.064125 0.739281
1691 0.199284 0.635685
617 0.365330 0.574572
668 0.525420 0.507692
1319 -0.049062 0.734226
768 0.574304 0.492542
2004 -0.026777 0.717746
1069 0.039608 0.692776
1661 0.289815 0.596325
1402 -0.083860 0.744723
700 0.212321 0.632095
737 0.375982 0.563624
987 0.381412 0.567381
1636 0.163743 0.647775
1971 0.223013 0.626944
1553 0.020184 0.700885
430 0.078585 0.683007
1954 0.251575 0.616609
1921 0.123784 0.666551
1722 0.291406 0.604858
1208 0.181954 0.644594
1118 0.045796 0.692654
747 0.655789 0.461711
1918 0.080523 0.676561
955 0.407839 0.555812
1067 0.205397 0.634639
1668 0.490095 0.524482
1545 -0.008696 0.717212
1249 0.250762 0.615967
1598 0.201977 0.636046
1717 0.405230 0.554564
1750 0.383574 0.567005
1600 0.302602 0.599395
1618 0.087385 0.678328
1768 0.214511 0.631779
416 0.424738 0.550534
1555 0.002911 0.709928
1522 0.064582 0.691986
1832 -0.029393 0.724706
1929 0.156801 0.652349
508 0.406463 0.565130
630 0.051071 0.692307
1101 0.093527 0.674329
854 0.407541 0.554254
855 0.453472 0.541370
492 0.243319 0.618030
1878 0.100338 0.673550
1073 0.291660 0.600297
450 0.323606 0.589543
1501 0.007617 0.707749
469 0.126541 0.663320
1188 0.112662 0.668436
2047 -0.143401 0.761898
1170 0.209825 0.628468
1143 0.359091 0.577087
1155 0.078533 0.681689
1234 0.288422 0.604102
1231 0.340267 0.581268
434 0.213205 0.632561
930 0.560193 0.500014
1133 0.110016 0.668153
959 0.301703 0.597935
958 0.457765 0.535946
1937 0.096969 0.675321
1934 0.229971 0.625253
482 0.212400 0.626401
1849 0.020854 0.703159
1909 0.122005 0.664992
743 0.383094 0.565844
496 0.171611 0.645192
1411 0.071859 0.687382
1327 0.042896 0.697207
1664 0.337700 0.582308
594 0.610655 0.484772
440 0.254286 0.613475
1110 0.183401 0.639145
1746 0.272803 0.603516
1741 0.438103 0.542706
474 0.221122 0.619189
2045 -0.002855 0.713952
691 0.336592 0.581717
699 0.256264 0.616682
1150 0.360682 0.573124
1395 -0.126257 0.762997
1015 0.086913 0.682059
1837 -0.013008 0.715524
1226 0.234553 0.621817
926 0.569714 0.496117
1987 0.033649 0.696057
639 0.110674 0.668040
1452 0.186334 0.644836
1453 -0.015239 0.718346
1857 0.274057 0.601391
1357 0.042660 0.696205
1843 0.101018 0.670356
749 0.306134 0.591483
861 0.318127 0.592524
1460 -0.175042 0.779343
1246 0.184945 0.641108
1678 0.312661 0.591684
1679 0.340973 0.582419
1525 -0.086077 0.746515
1523 -0.062378 0.738610
1881 0.177147 0.644111
1425 0.044145 0.696423
1747 0.238740 0.622974
2043 0.191747 0.638114
1626 0.250095 0.618346
1970 0.383140 0.568599
1144 0.191481 0.637093
1387 0.035257 0.710217
1841 0.072266 0.682201
1608 0.263311 0.612264
1973 0.341611 0.581566
1700 0.433259 0.549111
1120 0.188249 0.641959
2140 -0.143639 0.766874
921 0.135949 0.658415
1923 0.152626 0.649709
786 0.389629 0.562163
1871 0.173360 0.646937
1266 0.472961 0.532420
2034 0.340121 0.588568
2032 0.152590 0.652079
1612 0.350297 0.579964
1418 0.091757 0.678146
1798 0.056518 0.690774
714 0.164162 0.644126
1406 0.053176 0.688313
1540 0.029406 0.698349
1985 0.344912 0.575177
1347 0.205263 0.632040
982 0.345895 0.581115
1167 0.376968 0.569241
1562 0.062590 0.685957
1297 -0.147130 0.769484
1345 0.116853 0.666726
2051 0.017083 0.704782
1384 -0.123845 0.760572
1380 -0.126040 0.763794
419 0.200504 0.640355
509 0.445212 0.542405
1219 0.238780 0.617788
1206 0.198334 0.634312
619 0.525196 0.513431
678 0.420301 0.553799
673 0.618883 0.474371
1253 0.276469 0.605811
1891 0.247321 0.619356
1424 -0.054578 0.727837
1359 0.121250 0.665385
1353 0.099456 0.672919
1169 0.426103 0.548829
2044 0.101644 0.672699
1840 0.003365 0.710266
425 0.199545 0.636717
512 0.393401 0.565640
927 0.416468 0.557044
1103 0.219660 0.626741
751 0.475261 0.533350
744 0.288268 0.606159
745 0.306016 0.598524
771 0.582732 0.492771
952 0.565899 0.502017
701 0.330129 0.588676
1397 -0.011802 0.718473
1646 0.373571 0.573149
1641 0.154621 0.657301
1576 0.084139 0.678875
873 0.474079 0.531102
1605 0.376304 0.572707
1524 -0.117758 0.762301
814 0.377124 0.572301
1458 -0.016553 0.721360
1930 0.136251 0.655916
1692 0.292830 0.603232
978 0.509549 0.518684
1671 0.245431 0.618978
1063 0.128906 0.657544
1653 0.300905 0.597845
1435 -0.041878 0.730570
458 0.243186 0.619089
722 0.206484 0.638985
1560 0.070773 0.686952
1742 0.194835 0.639316
1298 0.163514 0.651668
1005 0.126980 0.664459
547 0.725174 0.439052
1158 0.097593 0.677431
931 0.488050 0.533450
1992 0.177000 0.639139
780 0.404195 0.558686
1853 0.019728 0.706424
846 0.371962 0.575062
1681 0.295518 0.593770
1264 0.529122 0.507800
1311 0.055009 0.693319
1326 0.211907 0.634629
660 0.345646 0.579036
704 0.193339 0.637284
705 0.220924 0.629695
1656 0.448748 0.545400
995 0.305014 0.598439
1389 0.017812 0.710996
1569 0.293303 0.598122
1284 -0.060189 0.736218
2059 0.032228 0.701754
1500 -0.057066 0.734948
900 0.587554 0.491093
1779 0.133513 0.659336
1705 0.308253 0.588766
1128 0.373760 0.575443
610 0.553720 0.508238
629 0.116870 0.672926
1229 0.243436 0.619306
685 0.254454 0.610468
1726 0.429760 0.554895
505 0.433578 0.547772
915 0.261267 0.608341
903 0.627346 0.477815
856 0.475291 0.527389
1916 0.075297 0.682178
889 0.525076 0.512379
1263 0.503791 0.523171
1536 0.035632 0.700788
1610 0.437702 0.546228
1075 0.433571 0.547576
1674 0.376581 0.568923
2009 0.061483 0.682983
1060 0.219416 0.629501
1339 0.166708 0.647340
949 0.510158 0.520982
724 0.132153 0.662120
1744 0.321673 0.586159
1710 0.487279 0.524027
1365 0.056139 0.693237
2048 -0.131034 0.756992
1550 0.021038 0.708685
535 0.610776 0.477176
821 0.513968 0.518553
788 0.338504 0.582849
1730 0.378935 0.566929
1590 0.186602 0.642803
1308 0.116010 0.668458
974 0.505446 0.524424
883 0.589257 0.489022
775 0.658817 0.468054
1045 0.163223 0.651043
1862 0.029661 0.697052
960 0.406354 0.562609
760 0.578340 0.496007
670 0.530010 0.515280
1417 -0.007576 0.712544
1322 0.062200 0.686439
1323 0.142926 0.663067
734 0.362410 0.576609
467 0.165353 0.648559
466 0.100905 0.678676
1735 0.471828 0.534248
1342 0.201147 0.629356
1559 0.048930 0.685153
816 0.387092 0.562152
932 0.459850 0.533938
1955 0.253046 0.618694
1532 0.038447 0.694085
638 0.292344 0.598960
1699 0.319174 0.593723
1477 -0.047811 0.733700
493 0.006550 0.709383
2025 0.265759 0.607796
967 0.565432 0.500334
1672 0.375550 0.574078
736 0.236744 0.619386
1185 0.081233 0.680306
1755 0.373326 0.577870
1617 0.247491 0.619679
1806 0.184486 0.643485
1012 0.005335 0.714129
1950 0.192575 0.640707
518 0.572666 0.491812
602 0.578488 0.494425
1356 0.048985 0.694470
858 0.240077 0.613702
1877 -0.003099 0.713523
1046 0.348602 0.580227
664 0.568498 0.494895
766 0.637311 0.471732
953 0.529091 0.509569
1666 0.304164 0.597087
446 0.309409 0.595724
735 0.366252 0.571598
739 0.508294 0.520597
1187 0.144335 0.656941
1179 0.096913 0.669672
1178 0.118122 0.664354
1148 0.263754 0.611536
530 0.734999 0.435229
1704 0.310562 0.598579
436 0.161327 0.643926
754 0.420540 0.553266
1440 -0.103896 0.755801
1690 0.346189 0.577634
1698 0.294979 0.594777
1071 0.103072 0.674295
1328 0.233671 0.625165
947 0.616728 0.478394
586 0.384326 0.567304
1340 0.145752 0.656726
1517 -0.045009 0.730348
1561 0.062415 0.688862
1542 0.142826 0.654852
414 0.466645 0.532217
1383 -0.013573 0.718505
428 0.504962 0.516374
1358 -0.064615 0.736819
1706 0.233620 0.622514
435 0.301130 0.593995
925 0.356475 0.578444
838 0.412889 0.557250
1721 0.086521 0.680151
913 0.202532 0.628690
912 0.214327 0.634649
710 0.282961 0.606114
776 0.554130 0.497895
773 0.597284 0.484663
661 0.419136 0.552411
762 0.571486 0.492454
1534 -0.090192 0.746940
1256 0.345723 0.585669
1527 0.091100 0.676695
1026 0.082549 0.685362
604 0.610516 0.481544
1759 0.284229 0.601897
1830 -0.282130 0.822205
1006 0.120034 0.666434
1825 0.142127 0.659232
923 0.417856 0.551272
465 0.017391 0.703858
1731 0.513809 0.518969
1451 0.061798 0.682430
741 0.443810 0.542445
1464 -0.161154 0.774353
521 0.542953 0.505677
1861 -0.077260 0.742090
1863 -0.098452 0.752309
966 0.496747 0.531127
1434 -0.110355 0.754234
1518 -0.172673 0.780720
1381 -0.021984 0.719315
1752 0.364487 0.570911
1288 0.087253 0.675074
1223 0.297453 0.597147
1707 0.173300 0.652721
1836 -0.167872 0.775333
615 0.455607 0.539042
922 0.565433 0.500683
1450 0.013523 0.707200
840 0.486972 0.527321
1204 0.340985 0.584042
1420 0.112883 0.669072
1621 0.136910 0.657811
1762 0.313148 0.593768
413 0.544397 0.506700
819 0.511756 0.520675
1734 0.518671 0.519016
752 0.515754 0.513878
1907 0.183976 0.639116
1697 0.484185 0.530341
1694 0.326025 0.585054
1684 0.336300 0.588248
712 0.175789 0.647693
580 0.794419 0.415461
1505 -0.163542 0.770577
464 0.258658 0.610939
804 0.365830 0.573955
1496 0.074068 0.681955
2086 0.038450 0.694381
830 0.470005 0.534028
1852 0.114226 0.670850
1738 0.497809 0.526433
1733 0.338620 0.591800
1210 0.196206 0.636899
1444 0.075403 0.682838
1696 0.255193 0.616343
495 0.069150 0.687162
1261 0.375957 0.571681
1676 0.414228 0.555631
1528 -0.081816 0.741970
1388 0.013572 0.712164
818 0.497763 0.522156
2085 -0.062740 0.741595
1854 0.014234 0.705987
904 0.605670 0.485204
1903 0.274487 0.605405
1478 -0.299220 0.825452
972 0.520790 0.518139
970 0.587501 0.488225
669 0.445867 0.545356
1468 -0.196328 0.789315
965 0.442262 0.546309
1321 0.127553 0.658009
449 0.481088 0.527396
1287 0.027662 0.702048
1289 0.001646 0.708578
1549 -0.041075 0.732359
764 0.527427 0.516194
1391 0.027646 0.699452
1839 -0.033677 0.722905
1900 0.092206 0.676270
1693 0.401244 0.564305
778 0.537062 0.512913
1314 -0.008132 0.713752
2003 0.122194 0.663830
658 0.306853 0.586334
1426 -0.030789 0.726349
1447 0.168933 0.643580
1745 0.371702 0.566757
1373 -0.102108 0.748725
1378 -0.188794 0.781044
1783 0.204422 0.634701
1943 0.228977 0.624458
811 0.373285 0.569922
781 0.425739 0.553547
1723 0.352853 0.576803
844 0.486888 0.529539
842 0.475214 0.530205
1908 0.051636 0.697945
852 0.280510 0.603619
1470 -0.312726 0.828605
1919 0.129344 0.663740
1044 0.220396 0.623994
1313 -0.003872 0.716668
898 0.659783 0.464268
1407 -0.002002 0.713463
1520 -0.209047 0.787651
2013 -0.194727 0.793615
1504 -0.162412 0.771682
992 0.175022 0.644467
989 0.597323 0.489206
1295 0.135948 0.657947
1176 -0.054314 0.735233
2050 0.046229 0.688310
1084 0.101585 0.671562
538 0.639449 0.471767
1941 0.040559 0.695804
1495 -0.258886 0.811221
1835 0.014081 0.702205
1135 0.313183 0.586822
1446 0.140569 0.658774
1842 0.090376 0.677152
491 0.332322 0.583421
977 0.557320 0.500526
975 0.315617 0.584226
777 0.401541 0.562577
1521 -0.024262 0.720063
1095 0.365129 0.574248
1888 -0.005524 0.716262
520 0.643572 0.473343
1640 0.108593 0.669667
1988 0.257510 0.614870
1740 0.358187 0.574717
1763 0.347586 0.579120
415 0.531667 0.509273
608 0.494764 0.525634
1709 0.315356 0.591317
1727 0.404804 0.558726
494 0.198658 0.637549
971 0.516651 0.515101
1408 0.064196 0.689263
1543 0.033840 0.696981
706 0.297450 0.598988
1657 0.424074 0.549043
1346 0.219238 0.625964
1751 0.364314 0.574137
1286 0.182625 0.638668
1701 0.244160 0.619803
2089 0.083379 0.678873
1838 -0.078623 0.740464
2143 -0.189359 0.791868
1850 -0.062612 0.739888
1851 0.034795 0.697525
857 0.457818 0.539953
859 0.542872 0.502081
973 0.512329 0.517913
1680 0.310771 0.589982
1688 0.319002 0.589815
899 0.641832 0.473567
648 0.454900 0.547433
1320 0.097312 0.680569
945 0.386066 0.568025
1296 0.120490 0.662536
2054 -0.121503 0.754880
1818 0.051942 0.688589
532 0.538726 0.508552
1493 -0.013145 0.715968
1499 -0.069399 0.741379
1952 0.172817 0.648786
624 0.251287 0.612202
2097 0.177055 0.643510
2091 -0.106621 0.751697
957 0.407230 0.559866
662 0.382288 0.567619
595 0.587382 0.489564
1865 -0.163834 0.777044
872 0.637068 0.469500
695 0.322963 0.594025
468 0.212011 0.634030
1368 -0.130710 0.764672
954 0.336678 0.587766
1739 0.302845 0.597615
902 0.599950 0.486498
1511 -0.049064 0.728475
1466 0.194163 0.641224
1412 0.229460 0.628989
1062 0.277329 0.607595
1669 0.411255 0.555718
590 0.528572 0.511729
948 0.652412 0.466550
1422 -0.085275 0.744826
1196 0.006247 0.705963
1370 0.050488 0.689343
1398 -0.103027 0.749014
427 0.128148 0.661801
525 0.751616 0.430847
1008 0.124470 0.663399
2099 0.104039 0.674883
839 0.623502 0.482138
1351 0.146892 0.660245
1503 -0.030548 0.727334
1685 0.371494 0.566514
1866 0.031722 0.695804
2103 -0.184027 0.783172
1533 0.008786 0.710245
1260 0.320306 0.592359
2064 -0.195400 0.787415
1396 -0.103757 0.756271
985 0.511487 0.517501
2071 -0.174452 0.774642
470 0.062669 0.687647
1198 0.222224 0.626910
1379 0.094955 0.675279
2055 -0.207261 0.793972
1933 0.113378 0.662068
1695 0.381375 0.567285
1461 -0.033303 0.726826
1405 -0.092816 0.752329
587 0.323461 0.588991
1982 0.314202 0.593222
1369 -0.082642 0.737831
1758 0.302241 0.599154
1754 0.179812 0.642959
531 0.802288 0.412382
519 0.651196 0.471039
1920 -0.009005 0.713110
500 0.373624 0.572981
1874 -0.152637 0.772115
886 0.779789 0.420438
1401 0.048670 0.700212
1432 -0.003411 0.718497
822 0.415214 0.558528
2095 -0.011938 0.714120
2098 -0.054517 0.730756
1829 -0.050059 0.726399
779 0.488053 0.525095
2033 0.203069 0.635725
600 0.488813 0.526296
1516 -0.250538 0.807507
981 0.615441 0.486046
986 0.504336 0.527314
1531 -0.190993 0.786886
1291 -0.029410 0.723482
1718 0.327779 0.592341
2058 -0.137661 0.765954
1489 -0.202320 0.793687
833 0.385418 0.568396
782 0.513421 0.519836
962 0.358042 0.579479
677 0.247236 0.619915
1663 0.288189 0.602991
1428 -0.066882 0.736501
1703 0.473244 0.532200
823 0.492436 0.516813
2145 -0.080350 0.740612
1935 0.257284 0.616793
848 0.756644 0.426907
1454 0.191206 0.643119
1471 -0.115692 0.756206
584 0.446213 0.546774
1441 -0.124360 0.763716
1748 0.287082 0.604784
1367 -0.163875 0.777996
1019 0.067548 0.686234
523 0.654390 0.469779
1488 -0.263763 0.822687
612 0.620411 0.480896
1879 0.055945 0.694404
2138 0.026164 0.702272
1547 0.018573 0.698916
671 0.355187 0.574435
1497 -0.241586 0.808229
1859 -0.103320 0.753160
845 0.454344 0.537882
1737 0.546154 0.501821
1449 0.145089 0.653491
905 0.416148 0.556122
2100 -0.036716 0.730629
876 0.663237 0.464526
1611 0.425371 0.549671
585 0.375450 0.572718
408 0.658873 0.463040
2056 -0.138554 0.764143
769 0.509101 0.516669
847 0.362315 0.570775
865 0.467580 0.536977
1662 0.474875 0.533229
2015 0.071131 0.686513
583 0.591285 0.491297
990 0.364746 0.574554
1743 0.337691 0.586867
1514 -0.151570 0.769799
983 0.445232 0.543869
534 0.612870 0.485774
527 0.577411 0.488997
2088 -0.003985 0.713145
820 0.573530 0.502272
1686 0.284728 0.603124
596 0.610896 0.484287
1429 -0.052053 0.734547
1442 -0.116150 0.760131
2073 -0.191491 0.787157
514 0.492367 0.526048
410 0.628789 0.473808
1848 -0.029520 0.728159
1800 0.166605 0.649891
1392 -0.093245 0.749028
2087 -0.041739 0.725716
614 0.629204 0.471466
787 0.431938 0.547214
866 0.491966 0.529209
881 0.802743 0.413407
893 0.604226 0.489082
1797 0.027770 0.702417
599 0.625461 0.475089
1515 -0.049550 0.731236
686 0.483206 0.524809
1507 -0.186919 0.786827
765 0.604074 0.481874
835 0.396812 0.560189
897 0.434701 0.541144
1673 0.301316 0.604208
2067 -0.077495 0.741193
980 0.465744 0.539964
2074 -0.109967 0.753605
2049 -0.111793 0.752567
552 0.645252 0.464514
817 0.623936 0.476231
2141 -0.097636 0.749710
979 0.747735 0.430261
665 0.438339 0.540300
1512 -0.019339 0.719843
1294 0.111061 0.668292
411 0.545536 0.509597
2146 -0.187445 0.783558
1912 -0.129337 0.762800
864 0.544270 0.505523
770 0.660181 0.465908
2060 -0.174374 0.780509
1494 -0.006385 0.717899
937 0.540137 0.509039
515 0.382610 0.569342
2139 -0.230940 0.802822
711 0.244404 0.619949
2069 -0.239080 0.806676
2084 -0.334492 0.846186
2090 -0.128157 0.762295
843 0.538187 0.503455
1474 -0.360091 0.859515
879 0.667014 0.457969
1509 -0.058942 0.735190
2052 -0.131963 0.759448
828 0.433301 0.549666
1720 0.314319 0.592883
1736 0.390468 0.564138
609 0.606693 0.485468
901 0.570358 0.496353
860 0.420804 0.550436
887 0.459736 0.540381
888 0.626722 0.476472
2057 -0.077179 0.746821
800 0.469164 0.532296
933 0.608005 0.479499
783 0.536395 0.515319
862 0.543989 0.505220
968 0.218795 0.629535
588 0.595146 0.486229
2142 -0.151448 0.779008
907 0.404125 0.552322
1469 -0.103227 0.755954
874 0.711823 0.442657
896 0.580704 0.503719
1372 -0.116606 0.756795
1554 0.053083 0.695257
1399 -0.088502 0.739465
1485 -0.269478 0.810142
1423 -0.069806 0.741756
613 0.600935 0.485991
1864 -0.115648 0.759537
1421 -0.054465 0.734522
524 0.756849 0.430967
1475 -0.222074 0.806993
895 0.535614 0.508214
1403 -0.040951 0.722435
1749 0.169086 0.642680
557 0.741049 0.430048
1548 -0.127622 0.761007
1551 0.124385 0.667830
1491 -0.209659 0.793915
1013 0.205096 0.631182
938 0.451686 0.544451
935 0.589147 0.493009
826 0.585432 0.488581
1482 -0.331296 0.840249
867 0.587852 0.487955
1860 -0.034415 0.721947
575 0.717272 0.441304
2096 -0.239498 0.805421
868 0.532585 0.511804
878 0.647585 0.465490
1438 -0.142108 0.771964
1443 -0.044870 0.729094
2046 0.029526 0.697172
2080 -0.229320 0.812801
757 0.638650 0.470874
1439 -0.033311 0.725429
576 0.788771 0.415653
2075 -0.222377 0.796542
1371 -0.042813 0.730597
542 0.602313 0.488177
831 0.677609 0.457363
892 0.635308 0.479326
589 0.456414 0.536425
1355 0.007194 0.708973
541 0.787036 0.422318
546 0.565789 0.498790
1490 -0.125108 0.756457
894 0.578222 0.494172
2068 -0.161893 0.771660
1519 -0.164704 0.772361
554 0.768447 0.421440
824 0.666406 0.453859
1476 -0.155415 0.768796
882 0.460636 0.535101
1689 0.167230 0.652117
871 0.822968 0.403563
592 0.442086 0.545659
942 0.542747 0.511408
582 0.677946 0.457579
2062 -0.296032 0.832048
2076 -0.071697 0.739688
517 0.560119 0.505206
1376 -0.256583 0.812617
1386 -0.008745 0.711809
2065 -0.174581 0.779490
2066 -0.202851 0.796748
2070 -0.107103 0.752270
1486 -0.117695 0.751480
489 0.073446 0.679991
528 0.793104 0.407717
667 0.581149 0.492808
545 0.794194 0.410451
1437 -0.167181 0.785287
1374 -0.099951 0.751802
1484 -0.215857 0.791661
605 0.650239 0.470411
529 0.765593 0.425260
1510 0.044596 0.697725
827 0.277499 0.605941
603 0.549753 0.504764
516 0.444849 0.540582
2077 -0.295454 0.825896
1377 -0.200049 0.793485
1385 0.120256 0.664999
526 0.744812 0.433106
1732 0.412530 0.554489
891 0.568520 0.491965
2063 -0.152836 0.773733
572 0.811274 0.408590
564 0.726596 0.438251
533 0.554995 0.505464
522 0.598670 0.488054
1473 -0.260434 0.814701
885 0.425884 0.550543
598 0.626421 0.480503
581 0.632031 0.476474
563 0.892183 0.382484
759 0.543965 0.506243
1436 -0.002041 0.706651
1430 -0.115805 0.753387
562 0.827315 0.406548
1498 -0.103477 0.753397
849 0.515312 0.513367
758 0.477413 0.528416
2105 -0.053364 0.729492
1375 -0.254935 0.812816
2104 -0.437645 0.881191
597 0.503248 0.523231
1513 0.017175 0.702308
2092 -0.294320 0.822049
2119 -0.403213 0.868342
870 0.665779 0.467447
1506 -0.222880 0.797302
1393 -0.204956 0.790156
2072 0.053851 0.689204
834 0.589743 0.494639
761 0.576276 0.494507
851 0.586504 0.495963
2083 -0.258891 0.816454
890 0.707337 0.445352
1483 -0.078587 0.740910
591 0.541436 0.510985
2115 -0.122094 0.752327
1472 -0.242612 0.811447
880 0.673208 0.461386
884 0.697578 0.439053
2106 -0.337943 0.842547
1419 -0.077176 0.743317
2093 -0.177814 0.780103
1508 -0.149941 0.767779
549 0.630921 0.468429
2082 -0.183284 0.784262
836 0.739749 0.434690
405 0.689037 0.459774
2102 -0.144494 0.769524
875 0.608226 0.480844
559 0.743937 0.429965
551 0.778197 0.419516
829 0.442883 0.540928
1480 -0.110904 0.756313
2061 -0.053817 0.733939
577 0.515938 0.521301
540 0.594305 0.483105
1492 -0.087283 0.746105
1487 -0.175361 0.779066
571 0.598216 0.489292
569 0.759476 0.434391
558 0.758480 0.432592
544 0.814603 0.406593
2094 -0.003163 0.712710
837 0.608998 0.484048
593 0.545710 0.502881
568 0.625425 0.476863
412 0.587425 0.489864
2120 -0.344866 0.847885
561 0.699279 0.448212
548 0.645939 0.471945
407 0.762828 0.429094
2112 -0.154551 0.767308
2107 -0.240573 0.807219
2078 -0.234681 0.798152
555 0.748650 0.431030
2113 -0.439274 0.879796
832 0.452081 0.540260
2136 -0.331118 0.842222
2126 -0.248885 0.810504
560 0.717183 0.436996
2111 -0.249869 0.810114
2116 -0.264938 0.815633
536 0.805490 0.413535
2101 -0.077261 0.738206
578 0.698472 0.449978
2079 -0.233932 0.808162
539 0.863448 0.391693
409 0.789528 0.407902
574 0.740437 0.438921
550 0.546032 0.510480
2114 -0.373779 0.849030
556 0.690895 0.452137
2081 -0.295047 0.823636
570 0.637688 0.471472
2118 -0.335697 0.844630
2137 -0.159081 0.775859
2135 -0.155065 0.770141
573 0.726154 0.438113
579 0.667102 0.463166
537 0.694790 0.446993
2134 -0.372222 0.859250
1479 -0.222310 0.800242
877 0.740608 0.427323
869 0.638770 0.472988
2109 -0.268711 0.821969
553 0.766635 0.420967
543 0.445377 0.537709
2110 -0.175484 0.774284
406 0.771543 0.422370
2117 -0.141240 0.769318
2108 -0.201272 0.786970
567 0.593530 0.485750
1481 -0.437494 0.882312
490 0.120562 0.660070
2132 -0.483138 0.906439
565 0.938601 0.363729
2122 -0.573447 0.937235
566 1.071149 0.315811
2121 -0.527769 0.921126
2133 -0.650606 0.980614
2125 -0.389118 0.866850
389 0.909236 0.380390
2127 -0.307072 0.830257
390 0.842374 0.401789
382 1.085652 0.309199
2124 -0.779795 1.020616
2123 -0.485457 0.904664
381 1.115746 0.304343
383 0.844403 0.398156
2131 -0.501546 0.913171
396 1.153852 0.285784
404 1.332847 0.228216
2130 -0.457654 0.892399
403 1.245600 0.258981
2128 -0.770882 1.024328
397 1.100618 0.311715
2129 -0.603365 0.957326
386 1.208616 0.268372
393 1.264320 0.253324
398 1.206152 0.275838
394 0.755335 0.428588
402 0.688652 0.455867
384 0.694842 0.448596
