1917 2
1216 0.564363 -0.362483
1909 0.534973 -0.419555
1564 0.570258 -0.348632
985 0.584254 -0.311874
1991 0.649070 -0.171795
1552 0.676347 -0.103427
796 0.608434 -0.259375
1960 0.608811 -0.259668
1066 0.575674 -0.332395
1963 0.627917 -0.219498
1481 0.573276 -0.329989
1068 0.571454 -0.338809
1992 0.667378 -0.122311
976 0.626611 -0.222796
1975 0.547699 -0.391148
1073 0.597757 -0.287007
799 0.599563 -0.266344
876 0.633031 -0.205010
1084 0.660309 -0.132633
1377 0.684470 -0.084693
1610 0.574444 -0.338061
1285 0.610142 -0.257919
1456 0.624169 -0.215783
2029 0.583631 -0.316920
1468 0.618217 -0.232674
1316 0.612649 -0.253983
1339 0.482119 -0.545383
2147 0.650579 -0.167779
2146 0.643258 -0.186748
1844 0.602748 -0.262076
1525 0.591430 -0.292783
2015 0.620551 -0.232440
1124 0.647646 -0.177175
632 0.574959 -0.335955
1466 0.572535 -0.350135
1994 0.526115 -0.444192
1480 0.609743 -0.251366
2019 0.551748 -0.377925
2195 0.625774 -0.211510
2220 0.648126 -0.165612
1074 0.597996 -0.279061
1242 0.591671 -0.295012
1575 0.679126 -0.099875
1494 0.581546 -0.326558
1918 0.423204 -0.679723
1936 0.505351 -0.494655
2032 0.510583 -0.477869
1512 0.525971 -0.446671
1191 0.535940 -0.428864
1524 0.546896 -0.392043
1488 0.567340 -0.342372
1570 0.622635 -0.223797
1923 0.555272 -0.374898
1213 0.628449 -0.211756
1424 0.641062 -0.180969
877 0.605644 -0.265208
2030 0.661237 -0.132770
2186 0.668178 -0.124336
638 0.613962 -0.247281
1250 0.709925 -0.025276
1067 0.618254 -0.232116
656 0.590403 -0.306454
1985 0.704658 -0.031629
2154 0.565142 -0.355312
1225 0.762355 0.086051
1049 0.765593 0.091258
2016 0.646663 -0.170524
1349 0.715922 -0.020111
1396 0.533768 -0.418035
1050 0.441593 -0.641825
1325 0.620123 -0.235086
1432 0.512291 -0.475990
988 0.740824 0.037047
791 0.453826 -0.615258
1623 0.644297 -0.182053
830 0.585284 -0.315572
959 0.626595 -0.221201
957 0.678178 -0.102408
1064 0.747033 0.051227
1196 0.597477 -0.287966
1777 0.424147 -0.686150
2217 0.647132 -0.168518
1236 0.647708 -0.162400
1928 0.603746 -0.261437
1532 0.627884 -0.210585
749 0.604006 -0.260719
1507 0.642275 -0.181675
1711 0.618933 -0.242514
2192 0.539243 -0.406012
818 0.615561 -0.235523
1127 0.580625 -0.321202
1231 0.640614 -0.187119
2226 0.731574 0.007678
1217 0.614175 -0.260588
773 0.573099 -0.339002
1465 0.656084 -0.151987
1514 0.614937 -0.244084
1636 0.637042 -0.198416
1141 0.626066 -0.226312
1603 0.537883 -0.416573
1215 0.501628 -0.493594
2177 0.596642 -0.284011
1157 0.601773 -0.270442
534 0.525328 -0.442405
1395 0.596080 -0.291016
1956 0.696633 -0.054177
1045 0.480636 -0.555302
1545 0.511189 -0.472967
1520 0.591926 -0.291224
1650 0.624990 -0.220814
2241 0.584407 -0.324802
1199 0.616640 -0.241417
2197 0.589633 -0.296479
1976 0.582478 -0.322088
781 0.665876 -0.132304
1218 0.597311 -0.289286
954 0.625937 -0.217404
1272 0.568260 -0.347362
952 0.683396 -0.091862
453 0.612897 -0.243947
1515 0.614109 -0.243882
1293 0.667848 -0.125564
1638 0.624786 -0.224516
409 0.606655 -0.266337
1362 0.678154 -0.101048
1146 0.605902 -0.259990
626 0.594847 -0.280793
1931 0.621720 -0.227305
1024 0.702936 -0.049550
1476 0.555892 -0.374235
1916 0.737969 0.041349
960 0.649352 -0.163634
1258 0.629797 -0.204215
1208 0.632579 -0.207139
731 0.499164 -0.503563
1440 0.571268 -0.339294
2073 0.785102 0.131910
793 0.613440 -0.245793
1625 0.706345 -0.037503
1550 0.561869 -0.371588
1839 0.611829 -0.251344
795 0.639583 -0.190924
1934 0.559574 -0.366943
970 0.622033 -0.225713
969 0.665695 -0.124458
1513 0.611910 -0.257223
631 0.616930 -0.237907
1536 0.583613 -0.314569
612 0.593787 -0.288553
1720 0.543389 -0.408313
748 0.635864 -0.198159
1693 0.541273 -0.408196
1474 0.580778 -0.318486
885 0.618311 -0.243303
1685 0.563236 -0.361132
1462 0.640048 -0.177662
1517 0.688677 -0.074043
1531 0.524976 -0.446406
1988 0.531525 -0.435213
1549 0.590782 -0.293438
1383 0.710866 -0.029046
802 0.649813 -0.157136
1718 0.588318 -0.307407
1453 0.677546 -0.113478
2174 0.558978 -0.379209
770 0.596329 -0.280506
1312 0.664985 -0.128938
964 0.655917 -0.157736
1094 0.673404 -0.098039
2017 0.591550 -0.296119
1198 0.616896 -0.230012
1179 0.624762 -0.223146
1226 0.639929 -0.188977
1605 0.502874 -0.506188
1617 0.542110 -0.407161
792 0.519204 -0.455613
1903 0.654341 -0.158344
743 0.585808 -0.306177
1053 0.627620 -0.210063
1471 0.503704 -0.499023
2002 0.673743 -0.106606
1635 0.626692 -0.210951
733 0.577607 -0.328371
1626 0.737897 0.042828
1224 0.566193 -0.359330
456 0.525751 -0.435738
2056 0.518113 -0.456119
1499 0.565391 -0.354417
622 0.581056 -0.315827
1454 0.599902 -0.277050
1205 0.559186 -0.371342
2031 0.537620 -0.418827
1675 0.579677 -0.327736
1543 0.477219 -0.557507
1574 0.650905 -0.166869
2229 0.508495 -0.483752
1207 0.647257 -0.168020
1448 0.590782 -0.296724
1870 0.570071 -0.347801
1502 0.604412 -0.266118
1612 0.636613 -0.200725
967 0.648022 -0.167545
2037 0.568834 -0.342247
719 0.546213 -0.406770
1069 0.606335 -0.264708
1355 0.758726 0.086414
1982 0.635493 -0.201340
1983 0.589814 -0.297655
794 0.545473 -0.395421
1996 0.737481 0.021469
535 0.603051 -0.281766
2231 0.597609 -0.279891
786 0.701633 -0.051282
1209 0.608919 -0.261939
908 0.544059 -0.402083
1906 0.618024 -0.234596
1412 0.565483 -0.361477
951 0.604605 -0.263377
1354 0.507823 -0.491549
2012 0.574188 -0.335880
1376 0.679839 -0.092820
725 0.667654 -0.128088
1601 0.623309 -0.223247
1941 0.593731 -0.299117
1239 0.619828 -0.232549
1487 0.530079 -0.431365
629 0.534896 -0.422154
2142 0.539675 -0.408285
1585 0.644799 -0.174468
1211 0.576451 -0.335018
1356 0.617325 -0.235397
905 0.586569 -0.299965
1840 0.644383 -0.178264
1907 0.645342 -0.178221
1905 0.541688 -0.406407
1052 0.646240 -0.166425
1792 0.651423 -0.162922
454 0.711095 -0.030686
735 0.609481 -0.255509
1183 0.525076 -0.453467
1181 0.507130 -0.493357
597 0.757793 0.069225
1178 0.625690 -0.214525
1280 0.588786 -0.298672
1390 0.485103 -0.541611
1830 0.514966 -0.472273
1455 0.558697 -0.377002
789 0.575461 -0.328088
1932 0.630192 -0.210127
1733 0.698060 -0.056952
758 0.536264 -0.421448
1919 0.576573 -0.331468
1620 0.577341 -0.329149
1352 0.608758 -0.247723
1082 0.523101 -0.443607
1397 0.646337 -0.173394
1180 0.613514 -0.240063
1750 0.656424 -0.151640
1244 0.510470 -0.468072
2196 0.614176 -0.239987
817 0.708150 -0.028584
2224 0.574150 -0.337972
1951 0.547834 -0.394505
787 0.571721 -0.342535
754 0.585411 -0.310185
1054 0.686739 -0.082348
593 0.530216 -0.436550
1684 0.543516 -0.395952
950 0.571662 -0.342002
2003 0.562981 -0.357378
1065 0.668067 -0.123166
1240 0.654406 -0.153213
2014 0.641339 -0.175716
995 0.659989 -0.138649
1283 0.513155 -0.478301
532 0.657657 -0.154447
1398 0.636507 -0.180487
1945 0.594267 -0.281833
1227 0.614625 -0.236044
1223 0.709215 -0.036945
788 0.638440 -0.191789
1025 0.571472 -0.351067
886 0.547131 -0.402328
779 0.636620 -0.198104
1400 0.642941 -0.186819
581 0.552197 -0.379529
2077 0.602349 -0.268467
1568 0.708433 -0.029145
732 0.565767 -0.354869
2272 0.581253 -0.320986
803 0.616179 -0.226543
1555 0.596648 -0.281669
1622 0.539817 -0.406656
1702 0.633322 -0.206304
1719 0.557392 -0.366136
784 0.452644 -0.615186
1852 0.568693 -0.349043
790 0.573437 -0.344267
1270 0.648644 -0.164518
883 0.536856 -0.420973
1467 0.660120 -0.134593
1862 0.596754 -0.283919
1077 0.598537 -0.278925
1893 0.560455 -0.367167
1061 0.584823 -0.316918
1087 0.540861 -0.408899
1241 0.586767 -0.299863
642 0.665724 -0.131039
1164 0.668599 -0.118724
473 0.649975 -0.163916
550 0.547996 -0.388724
1343 0.586250 -0.309170
1973 0.652034 -0.157948
2189 0.524612 -0.447594
814 0.739170 0.026650
1490 0.664239 -0.140141
934 0.690618 -0.066392
1482 0.496242 -0.518608
2145 0.563604 -0.358120
1219 0.646210 -0.167900
958 0.646761 -0.167940
1933 0.601312 -0.273396
1043 0.580198 -0.327702
1328 0.551005 -0.391465
1256 0.608742 -0.255480
1083 0.593315 -0.293740
1359 0.632431 -0.193476
2070 0.623339 -0.227133
693 0.681060 -0.090704
1811 0.629657 -0.214232
1942 0.597646 -0.280628
1703 0.608194 -0.255535
1708 0.639238 -0.203029
1235 0.626658 -0.207409
1824 0.578830 -0.324089
2144 0.675896 -0.096887
1102 0.514169 -0.477504
1842 0.517772 -0.454678
1478 0.637240 -0.195967
864 0.554137 -0.392419
760 0.546534 -0.406872
1071 0.583772 -0.317259
1890 0.606548 -0.261653
1435 0.649254 -0.160654
1504 0.590620 -0.302183
1749 0.719164 -0.004869
1365 0.657850 -0.155143
1281 0.551525 -0.379602
1363 0.707019 -0.034766
1760 0.525847 -0.442969
542 0.499418 -0.502846
800 0.693287 -0.072130
2183 0.623974 -0.213996
2211 0.674542 -0.103430
1523 0.651670 -0.163971
1492 0.626675 -0.226857
1038 0.546452 -0.399407
1855 0.626348 -0.215146
1593 0.539041 -0.416089
1843 0.499467 -0.503810
1846 0.658685 -0.144531
1511 0.628693 -0.216468
962 0.708430 -0.040777
1529 0.611611 -0.246741
1089 0.533938 -0.429637
1526 0.514478 -0.456565
1542 0.649368 -0.163839
2010 0.668950 -0.116687
567 0.580475 -0.324342
1754 0.525162 -0.447956
1501 0.629963 -0.223856
1803 0.541964 -0.411652
1233 0.659025 -0.160902
2151 0.605172 -0.265764
1486 0.748037 0.053668
1717 0.604102 -0.268982
1228 0.602319 -0.263288
1582 0.643842 -0.175104
757 0.662011 -0.138762
2161 0.575240 -0.343529
1307 0.645325 -0.176907
975 0.630290 -0.213207
1913 0.489516 -0.526395
860 0.563948 -0.369099
1076 0.632227 -0.210216
1679 0.708152 -0.041928
1253 0.602216 -0.272938
1337 0.618764 -0.236801
1637 0.652683 -0.153783
949 0.545345 -0.410091
1437 0.527323 -0.443041
1111 0.592742 -0.294314
650 0.633062 -0.203244
2200 0.582850 -0.307091
1606 0.659042 -0.150969
1837 0.668753 -0.123990
1957 0.506880 -0.482676
2233 0.533993 -0.433970
782 0.621520 -0.225822
1595 0.597901 -0.268962
607 0.581165 -0.317095
1056 0.680101 -0.105893
2027 0.538657 -0.410927
1463 0.658392 -0.134413
767 0.633453 -0.199535
1528 0.661996 -0.135580
1263 0.724715 0.001190
1245 0.661950 -0.138370
990 0.676533 -0.107630
1569 0.648413 -0.163424
1295 0.573816 -0.333174
627 0.525325 -0.439067
1370 0.621603 -0.238046
1766 0.545458 -0.403031
1764 0.590130 -0.290924
809 0.637764 -0.190462
1940 0.547703 -0.397451
816 0.709112 -0.035451
1834 0.583180 -0.311601
828 0.630937 -0.209580
1452 0.493125 -0.514127
756 0.670781 -0.119581
1030 0.662287 -0.131216
1902 0.615550 -0.237027
746 0.667648 -0.128102
893 0.548420 -0.396461
1093 0.457719 -0.595245
1085 0.569024 -0.349865
1336 0.734853 0.032722
648 0.545845 -0.402333
1538 0.622477 -0.229253
587 0.595112 -0.294575
728 0.641529 -0.194402
980 0.622772 -0.226760
1330 0.673298 -0.109639
1201 0.566804 -0.356306
1621 0.602530 -0.279023
1177 0.597911 -0.298154
1765 0.577860 -0.332909
1546 0.611059 -0.251499
1385 0.577898 -0.339551
1772 0.554774 -0.383086
2215 0.637339 -0.192946
1257 0.618774 -0.230642
1527 0.597120 -0.280702
813 0.624419 -0.217610
1232 0.504648 -0.496437
1484 0.699298 -0.063059
1036 0.657979 -0.146365
1206 0.632584 -0.193384
487 0.659230 -0.151065
881 0.539903 -0.406650
776 0.638183 -0.188276
1075 0.604626 -0.261245
646 0.534462 -0.417257
584 0.593433 -0.283640
1170 0.601350 -0.274699
1573 0.636533 -0.191781
1970 0.640045 -0.185276
1616 0.598909 -0.277300
1382 0.421188 -0.687743
1498 0.547864 -0.384522
1707 0.472516 -0.557952
798 0.658997 -0.137907
1588 0.529693 -0.435052
751 0.599433 -0.281213
1212 0.619338 -0.230646
1441 0.482020 -0.532404
742 0.708419 -0.041599
1470 0.761247 0.081931
1477 0.627707 -0.214682
1041 0.672139 -0.118196
1317 0.639865 -0.187934
678 0.563042 -0.358208
2009 0.609306 -0.261930
1338 0.640064 -0.185319
708 0.648054 -0.165848
1388 0.567459 -0.347968
1200 0.498161 -0.508179
909 0.639326 -0.182881
1609 0.528253 -0.437829
1551 0.463959 -0.582458
2213 0.708895 -0.028872
810 0.651383 -0.160871
1491 0.538056 -0.424802
820 0.698800 -0.052128
1229 0.668913 -0.120802
1104 0.677577 -0.107930
918 0.609911 -0.259728
1051 0.552930 -0.379598
1473 0.616502 -0.248275
1911 0.616275 -0.240515
2023 0.617011 -0.234400
882 0.540556 -0.415957
1010 0.595556 -0.291609
1613 0.636613 -0.194953
768 0.574612 -0.327386
1673 0.605520 -0.269147
521 0.639497 -0.189143
1423 0.632222 -0.211222
472 0.557834 -0.377047
1367 0.539356 -0.421300
1439 0.591268 -0.290332
1378 0.619731 -0.237774
2050 0.640730 -0.173879
1979 0.574813 -0.332964
2212 0.598185 -0.278648
685 0.491725 -0.518910
924 0.574863 -0.331979
1597 0.588646 -0.301519
1591 0.660947 -0.153372
1114 0.608214 -0.255679
1101 0.541118 -0.418082
1904 0.683897 -0.083635
747 0.675333 -0.112851
1303 0.601801 -0.265961
1873 0.510294 -0.486625
875 0.596623 -0.283103
645 0.665466 -0.131908
1508 0.567927 -0.357596
516 0.649191 -0.158995
937 0.605687 -0.269191
1741 0.688027 -0.091370
1374 0.659571 -0.144592
1962 0.608230 -0.266929
2194 0.547193 -0.398821
1728 0.707276 -0.042308
1105 0.602813 -0.266817
1594 0.655655 -0.154473
1106 0.575533 -0.335611
903 0.763651 0.087199
1696 0.518742 -0.464502
2025 0.638662 -0.182329
2026 0.576701 -0.330749
1311 0.624289 -0.220998
1672 0.564433 -0.358609
1095 0.638786 -0.185454
1664 0.640767 -0.185479
1086 0.602517 -0.275460
2244 0.624367 -0.225358
991 0.639560 -0.179237
1641 0.649387 -0.165561
1446 0.619292 -0.248989
1193 0.660233 -0.135634
1222 0.588580 -0.293526
1972 0.668606 -0.122822
1618 0.609726 -0.255730
670 0.736995 0.035538
1809 0.525778 -0.456277
427 0.565228 -0.354730
1014 0.586657 -0.312041
1836 0.555842 -0.373703
2153 0.557815 -0.369527
1483 0.565561 -0.352172
1136 0.533953 -0.418206
2238 0.587300 -0.303277
2140 0.466035 -0.581060
1921 0.604141 -0.269153
633 0.619845 -0.230397
1035 0.575924 -0.325573
1118 0.621552 -0.223251
1917 0.587181 -0.299912
867 0.566619 -0.352507
2021 0.636009 -0.195118
890 0.703809 -0.048289
1096 0.566490 -0.353791
1098 0.640510 -0.186210
1255 0.620212 -0.227118
704 0.678251 -0.093858
1981 0.562691 -0.365495
1428 0.650100 -0.167336
1163 0.574743 -0.337979
1299 0.688044 -0.082751
474 0.593382 -0.288568
1369 0.649903 -0.156486
514 0.431057 -0.649912
681 0.651007 -0.155145
653 0.567268 -0.350872
1969 0.599698 -0.271538
1810 0.571372 -0.344933
801 0.593386 -0.287590
1393 0.543299 -0.410761
1954 0.579581 -0.326007
1950 0.579555 -0.330040
821 0.600917 -0.281366
1710 0.619284 -0.228214
1137 0.511875 -0.476321
1571 0.549107 -0.392441
1103 0.523112 -0.444934
750 0.593153 -0.289823
1203 0.573327 -0.340092
1055 0.663191 -0.133325
1687 0.518884 -0.454402
1315 0.615976 -0.244794
1533 0.605046 -0.267463
2136 0.541086 -0.413973
2137 0.617961 -0.235113
1404 0.609333 -0.259021
644 0.641704 -0.178478
1464 0.602167 -0.275324
948 0.595683 -0.292719
1431 0.656887 -0.150661
1260 0.675474 -0.113151
1364 0.495427 -0.528977
2265 0.650515 -0.163402
1192 0.546880 -0.395961
1611 0.688354 -0.062632
765 0.639632 -0.176169
1848 0.643427 -0.184214
1522 0.570455 -0.333615
1493 0.649897 -0.158773
1838 0.700969 -0.046961
822 0.564386 -0.360042
929 0.551162 -0.386730
1273 0.382653 -0.773243
1825 0.639108 -0.191867
602 0.572782 -0.337157
1690 0.458081 -0.597186
1879 0.587257 -0.307403
2115 0.541169 -0.410904
2020 0.615725 -0.241784
2028 0.652840 -0.157967
1332 0.618242 -0.228721
1537 0.573153 -0.335671
1670 0.561052 -0.372975
1411 0.570025 -0.350247
1060 0.668483 -0.124478
1434 0.606621 -0.260040
1032 0.563952 -0.352664
1716 0.559039 -0.370847
476 0.560330 -0.363683
1360 0.576422 -0.338597
1628 0.722993 -0.007620
1345 0.533314 -0.428134
549 0.647098 -0.171965
806 0.707993 -0.024699
1399 0.584085 -0.314971
1392 0.523846 -0.441611
812 0.731203 0.014995
520 0.504362 -0.497580
1952 0.593519 -0.294441
1001 0.700110 -0.053321
926 0.634939 -0.196154
1924 0.668912 -0.127851
838 0.536880 -0.419825
1037 0.564419 -0.348676
1214 0.630748 -0.208674
1587 0.724901 0.005394
1210 0.582292 -0.323771
481 0.558872 -0.369230
1845 0.515999 -0.461472
425 0.599721 -0.279955
1304 0.691975 -0.065861
640 0.718529 -0.017283
1965 0.690197 -0.080240
764 0.638697 -0.194495
1070 0.527808 -0.442425
598 0.616375 -0.237223
1406 0.620058 -0.233625
946 0.728366 0.006011
1346 0.665335 -0.129396
2066 0.699799 -0.046966
986 0.655096 -0.160790
729 0.647202 -0.180560
1161 0.607140 -0.271741
1194 0.626426 -0.215736
1375 0.620151 -0.229804
652 0.627879 -0.217560
1816 0.703560 -0.048740
2214 0.514380 -0.464565
1705 0.483988 -0.556630
1237 0.629292 -0.204708
930 0.557707 -0.370793
1271 0.551075 -0.386405
780 0.596150 -0.294903
900 0.635552 -0.200675
744 0.583308 -0.313402
1276 0.522504 -0.454302
979 0.613797 -0.252096
1914 0.654294 -0.156413
887 0.575708 -0.334941
663 0.611439 -0.256654
895 0.578547 -0.326600
641 0.695332 -0.063491
1410 0.566927 -0.349274
1413 0.696388 -0.064953
706 0.637772 -0.188859
1649 0.608471 -0.251463
738 0.603191 -0.275088
1292 0.552443 -0.379790
1138 0.612780 -0.241023
2042 0.534754 -0.424781
2279 0.579049 -0.323800
1142 0.603978 -0.266496
695 0.629296 -0.221865
1953 0.614805 -0.253013
1485 0.582413 -0.302754
1004 0.694623 -0.063711
1583 0.597233 -0.279534
1109 0.665731 -0.116632
1445 0.582577 -0.304702
1567 0.542624 -0.417733
740 0.609462 -0.259676
1691 0.682627 -0.088717
1699 0.686337 -0.079334
618 0.610573 -0.250981
613 0.660470 -0.141000
1300 0.574269 -0.340826
1503 0.572511 -0.338319
777 0.551417 -0.393957
1333 0.591241 -0.284780
1521 0.540698 -0.403434
966 0.584614 -0.310499
763 0.744829 0.047142
1894 0.540890 -0.412304
1403 0.698326 -0.057835
1334 0.622700 -0.222093
998 0.551586 -0.384480
938 0.592883 -0.289074
1117 0.578116 -0.316301
724 0.559556 -0.373566
2268 0.647586 -0.167176
1195 0.634798 -0.196674
1500 0.696412 -0.064904
698 0.556471 -0.388419
1090 0.522950 -0.457517
1602 0.591533 -0.296475
808 0.510748 -0.476203
2187 0.596513 -0.288163
1993 0.584611 -0.314361
1497 0.505602 -0.486879
1129 0.602255 -0.272948
1835 0.713528 -0.016302
2150 0.539070 -0.419982
1959 0.694943 -0.069225
1139 0.621708 -0.227990
921 0.635174 -0.191446
1580 0.729797 0.019048
404 0.670924 -0.116213
662 0.742606 0.039674
963 0.708146 -0.036492
1671 0.543202 -0.411715
1265 0.606715 -0.265752
578 0.694666 -0.061092
1394 0.653438 -0.155510
737 0.588179 -0.292086
460 0.543818 -0.413293
1565 0.695644 -0.059786
1389 0.559543 -0.363713
1188 0.668010 -0.123072
1184 0.703168 -0.045287
1291 0.472787 -0.571733
2054 0.631264 -0.203345
1140 0.605025 -0.247818
418 0.593605 -0.286946
1955 0.495354 -0.508811
1958 0.483132 -0.543954
2141 0.597259 -0.282970
1727 0.603083 -0.264344
1589 0.718883 -0.008555
1581 0.732679 0.015761
1039 0.635888 -0.188577
1202 0.609957 -0.253820
1449 0.586985 -0.302361
466 0.591435 -0.303835
495 0.660219 -0.139836
1878 0.679861 -0.094284
775 0.657195 -0.147975
774 0.613802 -0.238742
441 0.688533 -0.076495
879 0.584687 -0.312836
955 0.549844 -0.382308
2008 0.661393 -0.141418
588 0.649762 -0.168426
1420 0.611415 -0.253157
734 0.649655 -0.162329
1297 0.574629 -0.328871
1368 0.530749 -0.437341
686 0.552175 -0.389597
1576 0.718837 -0.002508
1761 0.621924 -0.233181
697 0.556604 -0.375376
547 0.651817 -0.155759
2201 0.666348 -0.133108
1496 0.541028 -0.410717
525 0.637873 -0.192197
1831 0.551460 -0.379919
823 0.626082 -0.211452
1007 0.726760 0.008535
1734 0.574145 -0.330480
2163 0.521890 -0.451664
973 0.650361 -0.161077
771 0.590674 -0.297561
1615 0.647072 -0.170545
1614 0.665506 -0.129237
1667 0.579975 -0.323605
1407 0.532533 -0.430583
1631 0.596906 -0.290227
709 0.556772 -0.381817
580 0.606590 -0.264075
1984 0.674085 -0.117063
1430 0.594205 -0.293893
1509 0.687251 -0.080134
2240 0.624017 -0.221573
1989 0.594849 -0.289638
1747 0.645513 -0.175587
1629 0.564465 -0.352575
688 0.545348 -0.404458
1221 0.644263 -0.182985
541 0.634222 -0.207544
2204 0.669354 -0.120020
1977 0.681273 -0.098096
1559 0.565021 -0.350723
538 0.588448 -0.292257
1701 0.541674 -0.401632
522 0.670043 -0.111704
2221 0.510971 -0.474705
935 0.600661 -0.283490
1135 0.596292 -0.285687
2236 0.565193 -0.360986
1721 0.731910 0.019126
1859 0.634740 -0.199734
1851 0.637191 -0.182550
1027 0.581881 -0.322995
606 0.584006 -0.318129
902 0.603733 -0.269934
1694 0.670721 -0.120264
1479 0.715623 -0.013495
889 0.617199 -0.242908
1266 0.629163 -0.209659
897 0.567134 -0.343858
672 0.631794 -0.214078
1898 0.594670 -0.289797
1408 0.706705 -0.049944
2013 0.528229 -0.433307
1658 0.562644 -0.360014
1381 0.483736 -0.544724
655 0.781658 0.128580
945 0.551216 -0.402758
1995 0.682402 -0.089307
2069 0.567854 -0.355809
1350 0.576535 -0.329365
1510 0.658678 -0.158294
982 0.582233 -0.321124
1165 0.598856 -0.274922
553 0.548715 -0.386522
1600 0.672550 -0.108259
1144 0.630885 -0.207140
1819 0.611964 -0.251415
2225 0.608789 -0.253925
1489 0.559849 -0.368666
1827 0.590508 -0.297054
1725 0.593487 -0.290738
1584 0.666648 -0.121635
2171 0.579401 -0.323103
1935 0.661278 -0.145917
1020 0.594594 -0.301842
1110 0.609745 -0.251089
1112 0.405934 -0.718579
1908 0.649029 -0.160477
1695 0.640982 -0.182311
1308 0.644615 -0.178008
591 0.656291 -0.151827
1040 0.475732 -0.566015
1860 0.637925 -0.195209
968 0.587778 -0.309648
1078 0.639813 -0.174493
1414 0.534905 -0.426276
1892 0.578160 -0.318617
1547 0.552687 -0.392734
1541 0.722969 0.006341
1539 0.553528 -0.390521
1887 0.620076 -0.231766
700 0.466175 -0.575049
703 0.565017 -0.361428
1648 0.515635 -0.473973
739 0.571102 -0.352933
1986 0.664988 -0.124288
721 0.566603 -0.357882
1166 0.576436 -0.317402
1756 0.524132 -0.447639
1246 0.595446 -0.287907
2278 0.560956 -0.365400
2193 0.608754 -0.261183
1608 0.567513 -0.341407
437 0.569061 -0.349169
2232 0.590605 -0.302569
2235 0.592617 -0.288965
2237 0.694916 -0.063168
1829 0.621364 -0.221502
1926 0.578117 -0.329591
1927 0.584955 -0.325261
836 0.714977 -0.027386
2175 0.560601 -0.366856
1351 0.594487 -0.294980
488 0.721313 -0.000304
907 0.704192 -0.050169
762 0.543497 -0.402604
1415 0.560528 -0.375001
1329 0.660904 -0.141244
647 0.630877 -0.207804
1259 0.563845 -0.353190
718 0.608925 -0.258305
658 0.571076 -0.354246
723 0.584500 -0.326330
981 0.588881 -0.301987
2078 0.594956 -0.276514
1187 0.611867 -0.247209
2266 0.544600 -0.398943
1190 0.605061 -0.253590
1175 0.625992 -0.217932
1005 0.765142 0.089654
2051 0.702157 -0.049731
1505 0.601258 -0.285493
1763 0.642653 -0.182782
1978 0.513078 -0.467943
2219 0.709919 -0.028339
624 0.679691 -0.101485
683 0.669709 -0.115923
1828 0.653834 -0.149658
1925 0.625921 -0.227503
1034 0.509255 -0.481134
609 0.668662 -0.122573
636 0.534774 -0.423578
1900 0.517926 -0.462538
615 0.622834 -0.219821
865 0.585379 -0.308341
1686 0.423192 -0.679074
1865 0.530959 -0.436521
892 0.598403 -0.281990
1964 0.598893 -0.280870
674 0.610808 -0.252775
1252 0.609782 -0.246896
1251 0.538070 -0.408507
956 0.594510 -0.285905
594 0.636934 -0.193694
1540 0.627921 -0.220348
1634 0.634376 -0.196207
1348 0.475284 -0.555507
2245 0.499027 -0.515707
601 0.509994 -0.477335
1519 0.451418 -0.613656
1619 0.510931 -0.483607
1767 0.667830 -0.126338
523 0.606945 -0.263594
1017 0.698597 -0.056056
436 0.629769 -0.209044
2228 0.581280 -0.308689
1000 0.688295 -0.087175
2234 0.701616 -0.057142
783 0.646989 -0.181809
1451 0.664456 -0.129865
1472 0.560471 -0.368674
1306 0.743593 0.049899
880 0.650113 -0.157032
1048 0.541135 -0.416783
894 0.600519 -0.274128
1789 0.632475 -0.200935
2001 0.645681 -0.173114
2007 0.677678 -0.097309
692 0.656888 -0.144673
1544 0.572087 -0.348167
455 0.605685 -0.264381
2246 0.638203 -0.192488
994 0.609516 -0.252527
997 0.600200 -0.272944
984 0.633688 -0.204435
1751 0.543937 -0.398565
2052 0.706171 -0.041927
1841 0.622894 -0.223280
1099 0.483827 -0.536566
2182 0.576869 -0.324928
819 0.507511 -0.490552
1019 0.681769 -0.089255
529 0.614934 -0.238062
1832 0.574602 -0.333520
832 0.653081 -0.158396
1722 0.534093 -0.435590
1457 0.653434 -0.157766
2169 0.684203 -0.080384
595 0.564217 -0.365981
1915 0.685060 -0.090385
866 0.584505 -0.310623
2024 0.638000 -0.189149
2292 0.455913 -0.600636
1861 0.645388 -0.171705
898 0.559335 -0.362984
649 0.419221 -0.683728
1092 0.562712 -0.362410
1254 0.625520 -0.226220
1791 0.585624 -0.314237
1088 0.584538 -0.308456
992 0.579296 -0.318223
2062 0.509678 -0.479942
1358 0.613201 -0.246237
1113 0.658553 -0.147510
1379 0.635664 -0.198652
694 0.647380 -0.162032
540 0.574394 -0.330764
1387 0.546142 -0.396183
1849 0.686680 -0.082191
536 0.670798 -0.114423
530 0.736840 0.026606
1800 0.611660 -0.248074
2157 0.470804 -0.571773
1277 0.610846 -0.248904
1821 0.579724 -0.332407
1822 0.549539 -0.388526
927 0.655862 -0.149663
837 0.638983 -0.186601
1577 0.578828 -0.321587
2168 0.622350 -0.229176
869 0.579580 -0.318584
592 0.544558 -0.415408
1335 0.557280 -0.375505
1654 0.573776 -0.333528
1633 0.646282 -0.179809
1380 0.500529 -0.508911
1516 0.622847 -0.222923
1797 0.573709 -0.329089
2071 0.575023 -0.336261
565 0.722765 0.011308
1189 0.580869 -0.319199
727 0.649624 -0.161930
720 0.665384 -0.125725
2047 0.513897 -0.468975
2045 0.625525 -0.218083
551 0.503478 -0.502176
1579 0.712259 -0.023075
1220 0.699778 -0.057859
408 0.551119 -0.393178
659 0.544124 -0.408301
699 0.615997 -0.241996
548 0.637903 -0.181931
1784 0.710057 -0.036233
1785 0.572139 -0.333549
1091 0.602008 -0.273682
1812 0.624615 -0.226885
1013 0.572504 -0.337749
628 0.580804 -0.327683
465 0.630327 -0.210306
753 0.820770 0.215489
851 0.589247 -0.296516
741 0.643864 -0.175367
1278 0.676469 -0.108324
1080 0.650276 -0.163182
2111 0.625883 -0.221290
1469 0.736773 0.028257
1018 0.594014 -0.292824
871 0.657041 -0.142018
953 0.642459 -0.175848
1401 0.641546 -0.182685
444 0.549287 -0.390713
2122 0.571999 -0.334088
576 0.725310 -0.003939
1427 0.530636 -0.434509
1790 0.602740 -0.275115
2074 0.625883 -0.220495
797 0.632579 -0.191135
1366 0.563486 -0.367903
477 0.575753 -0.331980
2262 0.562664 -0.360160
1968 0.634407 -0.190324
696 0.692591 -0.070209
1548 0.638529 -0.194564
761 0.678822 -0.105114
410 0.587782 -0.311768
2199 0.551588 -0.377783
1801 0.683033 -0.099967
1948 0.448999 -0.626393
526 0.621749 -0.231367
2227 0.555793 -0.378444
1922 0.638897 -0.192974
2173 0.636235 -0.185215
1937 0.732666 0.031946
494 0.606983 -0.251482
772 0.538288 -0.411409
1689 0.611795 -0.257788
1264 0.782708 0.122784
671 0.707044 -0.043981
705 0.394842 -0.749487
999 0.667155 -0.133610
2060 0.591778 -0.291073
1353 0.507637 -0.483370
1566 0.489704 -0.532256
1182 0.519155 -0.470697
1742 0.605259 -0.262955
2269 0.680964 -0.094102
1147 0.583320 -0.301005
1786 0.614332 -0.246290
2206 0.527026 -0.441607
2208 0.526863 -0.441399
533 0.589529 -0.294115
432 0.600677 -0.269170
1724 0.636956 -0.195031
639 0.637401 -0.192270
1683 0.586160 -0.312165
1460 0.677359 -0.096113
1319 0.635469 -0.195747
1327 0.684841 -0.086081
448 0.655167 -0.147590
1888 0.505736 -0.494350
942 0.677840 -0.104800
589 0.583608 -0.319847
651 0.655624 -0.155621
1645 0.606308 -0.264003
1646 0.592075 -0.285192
1643 0.644660 -0.163316
989 0.611559 -0.242422
1160 0.648351 -0.164068
1757 0.497368 -0.510312
1173 0.561137 -0.370203
2191 0.625555 -0.224348
1770 0.592833 -0.288473
2184 0.627812 -0.215430
2188 0.583327 -0.312891
1807 0.508811 -0.479198
1624 0.670784 -0.125903
680 0.589204 -0.305618
916 0.677478 -0.097785
1596 0.625888 -0.220822
483 0.595481 -0.288074
482 0.568624 -0.338630
852 0.712510 -0.029576
2116 0.578693 -0.319924
1681 0.707467 -0.036484
1680 0.637040 -0.197584
965 0.474550 -0.555794
878 0.593218 -0.295492
2035 0.692652 -0.060612
1072 0.649829 -0.167734
1678 0.566817 -0.347790
1326 0.537850 -0.414277
717 0.535386 -0.430204
2179 0.640084 -0.197866
1660 0.621879 -0.226240
1642 0.665234 -0.125388
574 0.616844 -0.234227
1422 0.571089 -0.342364
736 0.493525 -0.514769
1562 0.746147 0.056074
564 0.603141 -0.265286
1746 0.620383 -0.229943
1361 0.627807 -0.213739
1171 0.597250 -0.281283
684 0.654096 -0.163190
687 0.687645 -0.077814
2300 0.589996 -0.304751
1769 0.553447 -0.382024
1782 0.514558 -0.476985
1558 0.575916 -0.328358
815 0.548211 -0.391681
1238 0.576801 -0.326142
1826 0.592535 -0.293030
1920 0.575986 -0.340019
831 0.692486 -0.069536
506 0.585625 -0.306538
1731 0.545300 -0.394219
1029 0.556135 -0.380789
1204 0.567137 -0.350641
634 0.611124 -0.248238
2166 0.640916 -0.182922
971 0.729073 0.014478
1047 0.468865 -0.571061
1097 0.529913 -0.435740
673 0.507045 -0.482361
1321 0.566658 -0.353410
2005 0.670961 -0.123073
712 0.538258 -0.406088
1668 0.560090 -0.371418
1889 0.534661 -0.427678
707 0.623188 -0.229214
1436 0.543153 -0.412622
2243 0.608680 -0.260729
1275 0.674806 -0.106432
1444 0.493499 -0.516274
987 0.552657 -0.384192
1990 0.632265 -0.207739
689 0.588249 -0.308757
1961 0.618813 -0.236095
1762 0.563981 -0.354551
691 0.623990 -0.215872
1150 0.652576 -0.159664
1008 0.646057 -0.171388
1006 0.632004 -0.207795
509 0.685562 -0.080491
1853 0.642257 -0.183084
1854 0.679124 -0.103596
914 0.661085 -0.142494
856 0.597495 -0.286936
493 0.616295 -0.241220
1910 0.653480 -0.166303
1868 0.685757 -0.077825
872 0.626652 -0.215853
1783 0.576704 -0.324668
1320 0.653870 -0.148937
919 0.678853 -0.099450
586 0.498270 -0.500692
604 0.530223 -0.443124
983 0.551277 -0.382245
1185 0.728887 0.016896
1176 0.530628 -0.433353
804 0.621220 -0.230210
1556 0.592988 -0.286216
539 0.576116 -0.329425
2180 0.515832 -0.465336
1802 0.623491 -0.230163
439 0.637708 -0.185812
1833 0.707140 -0.036085
1130 0.568628 -0.353534
2090 0.669545 -0.123818
1858 0.503805 -0.494147
912 0.590334 -0.298289
635 0.578922 -0.332387
906 0.722352 -0.001506
1901 0.639639 -0.192562
850 0.527523 -0.444005
1697 0.589886 -0.301796
1269 0.606437 -0.265262
1261 0.614894 -0.238332
1418 0.664727 -0.130363
713 0.681644 -0.090769
2178 0.568335 -0.337269
1666 0.632233 -0.202459
1243 0.502043 -0.494610
1247 0.597502 -0.279719
517 0.640393 -0.183110
2067 0.624897 -0.219128
2046 0.597302 -0.284094
2048 0.653109 -0.149699
1578 0.657509 -0.154242
2276 0.508655 -0.475476
1148 0.513485 -0.473922
1813 0.597155 -0.281579
1553 0.636701 -0.191187
1557 0.679626 -0.095899
1944 0.689085 -0.067697
434 0.594280 -0.292325
2156 0.577640 -0.334516
824 0.570037 -0.347016
1009 0.722179 0.003929
1850 0.613601 -0.239213
759 0.601844 -0.282082
603 0.567577 -0.355181
1100 0.635350 -0.191093
1475 0.717565 0.000047
868 0.656457 -0.145656
446 0.611444 -0.254910
1419 0.603589 -0.263188
660 0.622600 -0.221398
943 0.604753 -0.259076
2061 0.558346 -0.367270
2065 0.610078 -0.254617
1425 0.567586 -0.352561
726 0.652067 -0.158695
1167 0.632492 -0.203196
478 0.576398 -0.326537
1003 0.681868 -0.095179
1372 0.587636 -0.307403
2271 0.538710 -0.412417
411 0.714714 -0.015644
426 0.660677 -0.131998
424 0.551578 -0.383478
1121 0.482727 -0.535812
438 0.760976 0.092897
1713 0.620189 -0.226639
614 0.612841 -0.245261
928 0.418859 -0.685385
507 0.653938 -0.144663
1856 0.630370 -0.199013
915 0.598187 -0.292976
1590 0.600493 -0.271488
486 0.552429 -0.381967
1059 0.712271 -0.023793
1309 0.541461 -0.418728
1912 0.631678 -0.200252
2022 0.672144 -0.115769
1534 0.548987 -0.394564
1997 0.689658 -0.076482
2004 0.573991 -0.343582
947 0.492462 -0.520805
1347 0.582913 -0.325051
654 0.584982 -0.313248
1026 0.527161 -0.445061
730 0.689671 -0.076931
1168 0.640959 -0.185928
479 0.600913 -0.276448
1752 0.533542 -0.428300
1015 0.612288 -0.257851
1286 0.646347 -0.170154
2143 0.648026 -0.170903
752 0.590906 -0.299939
619 0.578703 -0.325353
2281 0.557966 -0.366137
590 0.720684 -0.000427
978 0.653377 -0.152321
2113 0.628845 -0.215175
888 0.599152 -0.280807
874 0.573657 -0.331993
870 0.591325 -0.301612
1324 0.598005 -0.275369
1899 0.574263 -0.338583
2130 0.597808 -0.280602
1798 0.598932 -0.271692
1081 0.654153 -0.152977
1409 0.647016 -0.176488
445 0.660926 -0.143229
657 0.654796 -0.152428
1421 0.590485 -0.290895
1274 0.497632 -0.501909
2256 0.627663 -0.220938
569 0.585584 -0.311505
2034 0.605668 -0.265235
1780 0.579701 -0.313849
1342 0.599069 -0.277150
2301 0.710805 -0.034237
1151 0.530973 -0.436539
1700 0.673798 -0.115408
2230 0.530607 -0.443139
1929 0.601769 -0.271613
839 0.624675 -0.220361
1938 0.631484 -0.211041
1115 0.579158 -0.318359
1847 0.710752 -0.033151
617 0.582154 -0.311588
492 0.681171 -0.095574
1044 0.672041 -0.116590
1461 0.543414 -0.412014
1313 0.589080 -0.301851
896 0.648261 -0.163250
1079 0.610563 -0.244361
2006 0.532599 -0.428528
1249 0.611519 -0.255737
1651 0.478510 -0.561116
452 0.578112 -0.332331
2064 0.632177 -0.212521
1426 0.603146 -0.262538
1429 0.613249 -0.260340
1712 0.632043 -0.198828
1284 0.634134 -0.205276
457 0.627086 -0.217716
1974 0.762956 0.095380
543 0.586936 -0.309498
1153 0.566947 -0.359554
537 0.624085 -0.222650
531 0.625281 -0.219739
1806 0.713761 -0.022257
2222 0.542849 -0.405917
2084 0.607208 -0.259126
515 0.523747 -0.456147
1535 0.650723 -0.151145
458 0.546489 -0.399571
848 0.640227 -0.179649
1107 0.594245 -0.289485
2285 0.573007 -0.325517
1875 0.667505 -0.127564
1866 0.544234 -0.412668
2039 0.591828 -0.292454
1665 0.612331 -0.248148
1882 0.566766 -0.359818
2011 0.530247 -0.439059
2254 0.517212 -0.458864
722 0.622002 -0.233471
1169 0.612593 -0.246242
1298 0.550541 -0.387149
1998 0.700716 -0.050413
1174 0.621827 -0.231488
1607 0.615124 -0.247867
1966 0.666850 -0.137126
1980 0.668276 -0.118837
527 0.517345 -0.467405
827 0.608310 -0.258120
630 0.519197 -0.468088
1450 0.548724 -0.385254
842 0.603824 -0.268425
1023 0.513022 -0.465994
904 0.582564 -0.311296
2162 0.461536 -0.594546
1302 0.573670 -0.338504
661 0.616066 -0.246005
2291 0.701486 -0.045018
2290 0.617543 -0.238198
1416 0.524422 -0.445231
1267 0.594889 -0.292970
596 0.707546 -0.031560
1506 0.494515 -0.510518
2127 0.642334 -0.167564
1563 0.484818 -0.532517
1796 0.496291 -0.515980
1987 0.591637 -0.300167
1740 0.558770 -0.366221
1560 0.698682 -0.058046
2267 0.701571 -0.048843
1373 0.570558 -0.349911
2277 0.662164 -0.141323
1149 0.556493 -0.381633
2198 0.495088 -0.523228
1709 0.570686 -0.335565
1120 0.624949 -0.218195
1234 0.663692 -0.130493
844 0.557450 -0.374380
1031 0.517114 -0.468794
1028 0.585068 -0.303726
485 0.645582 -0.170929
1279 0.654166 -0.161937
2283 0.690518 -0.071222
1042 0.631286 -0.197980
1788 0.750799 0.063217
1787 0.556873 -0.372256
1676 0.682258 -0.094823
1322 0.663181 -0.132832
1895 0.481530 -0.545686
1897 0.635181 -0.189751
1669 0.589369 -0.305885
583 0.688778 -0.077584
2242 0.561362 -0.354510
2068 0.699964 -0.055067
1743 0.513845 -0.472644
1443 0.569404 -0.346730
560 0.577903 -0.328992
643 0.595630 -0.286744
2261 0.561850 -0.368471
1627 0.645956 -0.176536
2302 0.619164 -0.240572
2057 0.716163 -0.019685
807 0.556336 -0.380194
1771 0.619964 -0.223799
1391 0.625082 -0.226008
1495 0.578010 -0.327551
1125 0.583108 -0.319393
933 0.628178 -0.202807
620 0.582972 -0.312429
2093 0.598741 -0.277390
913 0.729695 0.013880
1871 0.458100 -0.601253
899 0.684287 -0.089173
1323 0.549473 -0.388180
2000 0.688665 -0.073219
1341 0.691917 -0.079853
579 0.605809 -0.269364
1793 0.509009 -0.481591
1442 0.596317 -0.294086
2251 0.512212 -0.469894
2040 0.750703 0.066137
2049 0.592865 -0.297106
2203 0.583044 -0.313108
608 0.679626 -0.103279
1159 0.677717 -0.096614
2210 0.738332 0.030854
2082 0.621156 -0.218564
1572 0.677009 -0.104430
682 0.590121 -0.301191
833 0.562540 -0.364058
835 0.707855 -0.020653
508 0.712310 -0.024020
2176 0.599334 -0.278446
1930 0.700993 -0.050064
755 0.467646 -0.579932
972 0.591918 -0.293807
443 0.461272 -0.592752
470 0.552063 -0.391640
599 0.641836 -0.185409
1652 0.560006 -0.362617
1656 0.574618 -0.338995
451 0.656056 -0.144320
2259 0.518393 -0.458435
562 0.572115 -0.342377
2260 0.580790 -0.322632
510 0.655334 -0.155005
1145 0.621932 -0.220688
1384 0.514019 -0.470368
2207 0.664580 -0.127768
2181 0.565866 -0.353505
2216 0.562369 -0.361288
1230 0.551790 -0.388065
2223 0.573350 -0.326942
1715 0.622029 -0.227714
1820 0.611895 -0.247675
1729 0.547050 -0.389893
1586 0.585504 -0.310286
405 0.684371 -0.080854
1021 0.708882 -0.037349
1876 0.469266 -0.567571
977 0.544283 -0.409073
679 0.663368 -0.141563
944 0.605658 -0.271339
1744 0.590572 -0.296002
1561 0.558984 -0.369696
1197 0.602326 -0.271160
1344 0.690932 -0.074661
2273 0.602704 -0.262962
1143 0.611502 -0.253596
2205 0.531451 -0.431046
1815 0.501151 -0.507118
1774 0.627865 -0.220808
1128 0.587976 -0.296264
433 0.613898 -0.251737
2089 0.560225 -0.367022
1459 0.568444 -0.333105
2165 0.617921 -0.238930
1692 0.605790 -0.266465
1874 0.622147 -0.218168
1688 0.539070 -0.424061
1011 0.620163 -0.233988
1795 0.671868 -0.107096
716 0.554586 -0.376309
1663 0.629170 -0.211704
469 0.649686 -0.163025
468 0.579856 -0.325745
464 0.588177 -0.304735
1639 0.555868 -0.379293
1282 0.502145 -0.498264
2270 0.560176 -0.368032
2058 0.616460 -0.243954
805 0.533764 -0.419149
524 0.619034 -0.227975
1016 0.699863 -0.050633
2152 0.454554 -0.609955
825 0.624673 -0.232409
2149 0.709996 -0.026648
785 0.550412 -0.392899
745 0.600679 -0.271773
766 0.607880 -0.259394
1417 0.570719 -0.343224
1438 0.606038 -0.263657
1340 0.681493 -0.086899
2257 0.538428 -0.420159
2274 0.606915 -0.263345
1943 0.555708 -0.379732
423 0.663709 -0.131217
2080 0.625727 -0.224369
2085 0.764753 0.086515
1134 0.531763 -0.440493
910 0.733886 0.030909
1116 0.516190 -0.468137
1877 0.549457 -0.386881
1314 0.613234 -0.244050
1677 0.584654 -0.315867
677 0.555205 -0.379697
1402 0.735439 0.031067
2018 0.661070 -0.144102
1657 0.599322 -0.270356
1592 0.723391 0.006522
2075 0.723681 -0.004178
2044 0.484684 -0.531399
1753 0.632440 -0.202445
623 0.565553 -0.357705
1778 0.537582 -0.415959
2218 0.607706 -0.251849
1630 0.692677 -0.074141
1133 0.509940 -0.477299
1132 0.616254 -0.234886
505 0.536319 -0.423999
1939 0.600847 -0.262486
1022 0.722174 -0.006573
853 0.573884 -0.339392
616 0.664399 -0.145080
711 0.594952 -0.293691
2114 0.631771 -0.212618
2038 0.527936 -0.443538
1248 0.588063 -0.297519
2133 0.671704 -0.114717
714 0.580035 -0.328971
1405 0.587658 -0.292166
1518 0.555089 -0.390611
2264 0.629202 -0.213295
2041 0.623026 -0.221175
1759 0.503600 -0.499488
422 0.543851 -0.404989
846 0.596723 -0.286724
843 0.573336 -0.335915
605 0.684004 -0.091969
1447 0.544040 -0.399001
974 0.614974 -0.246220
1262 0.529059 -0.434344
1318 0.650874 -0.165713
442 0.626667 -0.217218
769 0.594756 -0.294422
1799 0.663481 -0.135606
1880 0.529362 -0.428591
996 0.566999 -0.349780
1640 0.568151 -0.349354
2263 0.651164 -0.159996
556 0.620318 -0.223005
1814 0.628709 -0.214824
1946 0.558881 -0.367481
811 0.590091 -0.288806
1122 0.730641 0.012487
1123 0.625788 -0.211952
931 0.596268 -0.297095
637 0.550405 -0.380152
2172 0.618437 -0.233485
2160 0.652032 -0.148709
1305 0.613767 -0.243361
862 0.563841 -0.356129
1999 0.668995 -0.128411
1758 0.682186 -0.081122
1773 0.559105 -0.367919
1554 0.577933 -0.329138
1808 0.563351 -0.361451
1126 0.597630 -0.289212
459 0.555959 -0.377290
855 0.628933 -0.215786
440 0.629780 -0.212894
2135 0.645707 -0.174495
1647 0.551874 -0.394287
462 0.592188 -0.291995
1768 0.548198 -0.391718
544 0.599985 -0.268944
1704 0.528714 -0.435972
2155 0.569946 -0.345744
503 0.665277 -0.132837
1698 0.636253 -0.199135
2112 0.573164 -0.327813
2117 0.586798 -0.306268
1863 0.514576 -0.467494
961 0.662860 -0.121821
2101 0.647723 -0.169338
2036 0.601504 -0.275425
676 0.560504 -0.351374
1896 0.528730 -0.438938
475 0.542080 -0.409362
1371 0.584418 -0.308643
826 0.623793 -0.213646
1108 0.545103 -0.412045
484 0.636298 -0.190075
1331 0.573138 -0.335673
1662 0.670927 -0.117773
940 0.682502 -0.088932
993 0.550030 -0.387401
1748 0.567687 -0.352484
467 0.606464 -0.253365
1296 0.600116 -0.277970
2059 0.484879 -0.540446
416 0.575495 -0.338302
1818 0.733397 0.027343
1152 0.605798 -0.262631
2081 0.784351 0.132713
1119 0.663668 -0.131370
901 0.567989 -0.344762
1301 0.579635 -0.317209
891 0.659114 -0.140944
450 0.605253 -0.265399
571 0.625861 -0.218961
1604 0.630033 -0.207248
420 0.644753 -0.173444
2239 0.522021 -0.460793
1823 0.625635 -0.201184
480 0.579752 -0.329663
2164 0.567886 -0.355412
710 0.698246 -0.060116
884 0.607219 -0.248256
2129 0.556222 -0.381163
939 0.671716 -0.118034
1714 0.482405 -0.550078
545 0.570321 -0.346459
414 0.497868 -0.508940
1131 0.543849 -0.402824
925 0.673584 -0.113417
840 0.558637 -0.372129
1268 0.654487 -0.161735
668 0.705484 -0.037024
2104 0.683098 -0.093355
1884 0.525455 -0.450085
585 0.688563 -0.073750
546 0.606398 -0.246987
431 0.627639 -0.219074
2091 0.626991 -0.222765
1867 0.640089 -0.189238
873 0.724849 -0.000388
1885 0.675987 -0.115377
1881 0.684112 -0.090364
558 0.726744 0.016385
2088 0.761615 0.086521
2083 0.583203 -0.308778
834 0.667682 -0.129752
406 0.559129 -0.373152
2297 0.574138 -0.335218
1883 0.625912 -0.213635
936 0.579225 -0.330516
2072 0.616403 -0.243974
1162 0.661914 -0.141322
395 0.586082 -0.301871
690 0.630370 -0.214768
2190 0.677244 -0.102436
1949 0.529534 -0.439958
1706 0.531921 -0.429596
829 0.656839 -0.156830
513 0.596451 -0.287596
2109 0.619847 -0.222997
2033 0.531990 -0.438273
471 0.398653 -0.732214
449 0.472912 -0.567136
1433 0.582008 -0.315002
2079 0.617955 -0.231711
1632 0.495863 -0.511858
555 0.735940 0.026867
557 0.673448 -0.110981
1967 0.683608 -0.088817
412 0.648019 -0.166056
861 0.710323 -0.022246
669 0.553091 -0.372678
2296 0.590395 -0.291387
447 0.615906 -0.242287
701 0.679185 -0.094934
1655 0.590046 -0.301623
582 0.585002 -0.314447
572 0.605471 -0.268786
1186 0.686218 -0.073932
1290 0.583849 -0.312014
2158 0.423531 -0.681836
2138 0.606532 -0.267935
1732 0.589166 -0.300929
854 0.726992 0.006449
496 0.508578 -0.482546
2286 0.640197 -0.185929
2119 0.623066 -0.219875
1659 0.583058 -0.315460
1644 0.615231 -0.241074
2252 0.561197 -0.362961
1294 0.645659 -0.168317
419 0.655112 -0.148581
1804 0.727365 0.015354
923 0.708289 -0.037198
845 0.570020 -0.344452
611 0.606340 -0.267563
499 0.583996 -0.319577
2284 0.506650 -0.492394
1530 0.605680 -0.266849
2134 0.555513 -0.370848
2063 0.570830 -0.337882
552 0.529300 -0.439692
528 0.598660 -0.280894
407 0.623074 -0.220844
849 0.561461 -0.363979
1735 0.499558 -0.506483
1046 0.708988 -0.039402
2076 0.596142 -0.282457
1289 0.667960 -0.121986
1012 0.581205 -0.316879
2086 0.432410 -0.663447
518 0.608141 -0.248768
1002 0.631807 -0.206830
911 0.695175 -0.063563
1599 0.539174 -0.411989
461 0.617863 -0.243686
2167 0.615720 -0.245067
1661 0.568435 -0.353019
2124 0.590801 -0.297574
1653 0.597505 -0.284860
399 0.454392 -0.611507
1158 0.529639 -0.428886
429 0.606576 -0.257416
2185 0.650646 -0.158693
1947 0.547469 -0.396560
1726 0.590615 -0.302216
841 0.572153 -0.344412
463 0.624168 -0.215838
858 0.664063 -0.128422
1172 0.514519 -0.467179
398 0.518620 -0.459100
2202 0.470041 -0.565565
2209 0.520959 -0.465642
1817 0.627050 -0.220642
428 0.634016 -0.196920
2139 0.672386 -0.118077
2170 0.766625 0.097271
490 0.599704 -0.286323
2110 0.601203 -0.273193
778 0.599526 -0.272879
1682 0.574802 -0.343420
2293 0.662779 -0.134270
1794 0.652969 -0.151584
2123 0.538268 -0.418329
573 0.399467 -0.733530
2255 0.682955 -0.086400
563 0.704667 -0.035262
566 0.598759 -0.280013
1779 0.459946 -0.595993
2282 0.446139 -0.627859
1886 0.598111 -0.273534
2258 0.649045 -0.161863
2043 0.552298 -0.386076
2053 0.610812 -0.258159
413 0.601362 -0.286775
859 0.640541 -0.177801
497 0.738685 0.029311
863 0.611391 -0.254636
2299 0.771079 0.109211
2102 0.544129 -0.408365
570 0.680764 -0.102180
1386 0.650171 -0.164422
1776 0.638911 -0.189967
421 0.630041 -0.201424
519 0.527990 -0.439634
1723 0.725272 -0.003524
1458 0.636440 -0.193721
1033 0.651927 -0.161079
2126 0.564608 -0.352916
430 0.620927 -0.233947
2092 0.574754 -0.339438
600 0.545570 -0.399308
1310 0.576364 -0.330435
2108 0.634173 -0.198914
2128 0.703288 -0.050551
1730 0.749936 0.057018
2105 0.573255 -0.329958
2120 0.576673 -0.332589
2247 0.629139 -0.202918
1775 0.714632 -0.024249
922 0.583092 -0.309195
1154 0.625652 -0.215961
2159 0.659932 -0.147391
610 0.672435 -0.116783
2106 0.609251 -0.244450
2132 0.578173 -0.325135
512 0.671621 -0.113020
394 0.647003 -0.168998
2107 0.576299 -0.326394
675 0.606428 -0.264638
702 0.472564 -0.573767
1781 0.669884 -0.119243
396 0.631361 -0.198391
2087 0.614610 -0.230473
2094 0.545176 -0.398813
1739 0.539160 -0.419272
1058 0.608128 -0.259834
664 0.626513 -0.220653
1674 0.547537 -0.398065
1598 0.603174 -0.265373
2253 0.626209 -0.223133
415 0.728802 0.008204
1805 0.562644 -0.353253
625 0.624186 -0.213949
489 0.575687 -0.331440
2280 0.633928 -0.199925
1357 0.491140 -0.524496
1287 0.499484 -0.504357
1156 0.576339 -0.325100
1864 0.718456 -0.009102
502 0.516547 -0.466013
917 0.579027 -0.317253
2118 0.550464 -0.393247
1872 0.628389 -0.208515
621 0.623273 -0.237692
715 0.555168 -0.377875
554 0.574807 -0.330914
393 0.579364 -0.327929
2103 0.609565 -0.246948
559 0.512421 -0.457437
932 0.592869 -0.297317
2097 0.556483 -0.376871
501 0.568288 -0.351963
403 0.650014 -0.156255
2131 0.587296 -0.303610
575 0.573285 -0.337425
561 0.569004 -0.347644
2055 0.523861 -0.458096
1971 0.622450 -0.219220
2121 0.554871 -0.375671
2125 0.587696 -0.308213
577 0.591966 -0.307922
568 0.507530 -0.475665
1755 0.633419 -0.198465
2148 0.632723 -0.198123
417 0.606907 -0.263118
857 0.634275 -0.201052
2099 0.589349 -0.302526
491 0.696366 -0.063589
2298 0.695006 -0.065760
2096 0.552210 -0.395206
1891 0.578897 -0.322327
391 0.680768 -0.090383
920 0.673438 -0.108014
847 0.646103 -0.166014
667 0.636145 -0.189929
1745 0.502428 -0.498975
435 0.545757 -0.403167
2095 0.660241 -0.143988
1857 0.609186 -0.258968
500 0.581711 -0.310017
498 0.530815 -0.442356
1869 0.695140 -0.055945
397 0.556935 -0.375720
2100 0.586151 -0.301511
2275 0.635875 -0.196042
2289 0.572556 -0.336084
2098 0.618667 -0.234979
392 0.562993 -0.376861
504 0.605699 -0.263317
665 0.576203 -0.329650
666 0.622508 -0.235079
402 0.631988 -0.210604
1062 0.555696 -0.370910
511 0.691028 -0.071881
2287 0.636371 -0.196457
401 0.635846 -0.198901
400 0.612366 -0.247797
941 0.621681 -0.220726
1155 0.620785 -0.232240
1288 0.566416 -0.357549
390 0.516148 -0.466576
387 0.526779 -0.452241
1736 0.588484 -0.309185
386 0.447917 -0.619517
388 0.684888 -0.084377
2303 0.689710 -0.073484
2295 0.688039 -0.084158
389 0.490491 -0.543778
1063 0.728451 0.001585
385 0.580823 -0.315069
1057 0.738682 0.044258
2248 0.409485 -0.723459
384 0.557944 -0.371866
382 0.579691 -0.313948
381 0.517960 -0.436558
383 0.609976 -0.273199
