1950 2
1430 -0.26572308 0.60463095
1321 -0.15513484 0.6439154
1866 -0.28506577 0.5999019
1012 -0.27125776 0.602039
1711 0.012647545 0.69729376
1118 0.25243717 0.7830757
669 -0.12470525 0.65155435
1058 -0.18439734 0.62855405
277 -0.3143363 0.5846544
1547 -0.36065462 0.5732552
1925 -0.27468997 0.6004745
399 -0.40558064 0.5604323
1537 -0.13884759 0.6489088
1082 -0.43215853 0.54558635
1062 -0.020417672 0.68661124
1579 0.0015245209 0.698078
1360 -0.09252817 0.66557354
1152 -0.32982168 0.58204037
766 -0.30245548 0.5892782
1406 -0.08123361 0.66952693
162 -0.3351676 0.5808462
118 -0.08316775 0.6700131
1186 -0.11576009 0.65300244
1920 -0.013441745 0.6946076
321 -0.278068 0.597204
1293 -0.28146154 0.5947426
1933 -0.35784343 0.57238746
1030 -0.3188498 0.5834221
738 -0.30710912 0.5921844
403 -0.038273554 0.6812314
427 -0.08458055 0.6694334
304 0.005992519 0.6991748
1356 -0.2321785 0.6124487
814 -0.14038981 0.64774966
846 -0.1169219 0.65540826
791 -0.5826477 0.49752966
689 -0.4351522 0.5459966
1793 -0.2628076 0.60579324
335 -0.04117246 0.68292505
859 -0.14100966 0.64861006
956 -0.32789865 0.58236986
752 -0.36372817 0.573862
1367 -0.2682022 0.6011244
178 -0.06981107 0.6739389
311 -0.3778097 0.56711787
145 -0.23108518 0.61606807
331 -0.18939415 0.6294143
338 -0.03548425 0.68492395
1165 -0.022802213 0.6877992
288 -0.27124977 0.605929
402 -0.12236251 0.65602934
1404 -0.2547274 0.6088032
205 -0.06742724 0.673388
817 -0.12206711 0.65404606
1072 -0.25674614 0.6099584
509 -0.03914168 0.6837115
1194 -0.28656235 0.5995125
1369 -0.20184745 0.6243276
778 -0.16987407 0.63577896
977 -0.015312507 0.68766576
1226 -0.09811309 0.661143
898 -0.10978741 0.657535
161 -0.29098657 0.5967662
87 -0.1924599 0.6295927
625 -0.20722131 0.624513
55 -0.29415935 0.5958883
605 -0.16806708 0.6374113
369 -0.01543292 0.6835853
1301 -0.30637926 0.59280026
725 -0.14050137 0.6455251
1798 -0.19955075 0.62526435
1601 0.0090472605 0.69746727
418 -0.3482096 0.57562983
1935 -0.1351163 0.6483037
985 -0.13147195 0.6501785
455 -0.20995544 0.6263371
1011 -0.35308778 0.5719301
240 -0.15180609 0.6425451
1674 0.24334219 0.78307074
1318 -0.13545386 0.6455575
983 -0.16096833 0.6426151
1342 -0.01844127 0.68956774
1025 -0.3004245 0.59279895
171 -0.10527587 0.658377
615 -0.33445537 0.5812564
975 -0.39690837 0.5579823
1179 -0.33075508 0.5788362
92 -0.4304371 0.5460578
992 -0.15384299 0.64242893
1551 -0.3251233 0.58597565
1139 -0.10419554 0.65935916
1143 -0.31798562 0.5868875
1929 -0.3798931 0.56862265
192 -0.3414422 0.5783616
371 -0.416268 0.5551285
988 -0.10427286 0.655471
870 -0.0070843287 0.69317997
1305 -0.10884118 0.65754265
1331 -0.19799693 0.62854415
1173 -0.10456892 0.65520805
1476 -0.43588907 0.5454649
659 -0.536951 0.51307195
610 -0.22800864 0.6199039
1843 -0.23068032 0.61481524
783 0.06820731 0.7168824
381 -0.14174284 0.64474595
1462 -0.19344755 0.62930113
1042 -0.25436223 0.60678184
1300 -0.14828496 0.64367795
404 -0.23181918 0.61776763
1107 -0.2907251 0.5951016
957 0.033774983 0.7079211
36 -0.21135144 0.61959267
268 -0.03847482 0.684799
239 -0.30417928 0.5907761
981 -0.29221356 0.5934012
600 -0.13032219 0.6530736
856 -0.11197107 0.65574276
1887 -0.18530306 0.6325566
627 -0.25860995 0.60641086
1280 -0.16075496 0.638325
1278 -0.39225537 0.5610364
1076 -0.16039775 0.64234376
1345 -0.011029178 0.691888
938 -0.011035003 0.69210315
664 -0.2505817 0.6154461
1598 -0.14588162 0.6464199
579 -0.29135674 0.59738153
1281 -0.11744682 0.6547241
386 -0.21501437 0.62366456
1903 -0.3645641 0.56827575
1414 0.0042120465 0.6984215
882 -0.33004054 0.5824925
1086 -0.19451585 0.63212126
1169 -0.20736293 0.6261042
649 -0.31408194 0.58447176
1351 -0.05779815 0.67641675
1912 -0.07668969 0.6700577
790 0.019612268 0.7047197
1508 -0.25718337 0.60851485
1524 -0.14058308 0.6441304
241 -0.3025934 0.5901847
1019 0.036181223 0.7041838
347 -0.38748392 0.5654983
345 -0.112330906 0.65741134
319 0.0034931845 0.69734585
631 -0.28193903 0.600828
1252 -0.31333113 0.58873624
1323 -0.3442633 0.5783222
1347 -0.2446713 0.61219794
207 0.05855797 0.71788627
750 0.013278021 0.7004219
416 -0.28555948 0.59903765
1411 -0.4842523 0.5301571
1458 0.023085797 0.7047524
1552 0.045750454 0.7115115
639 -0.10740889 0.6580532
1015 -0.12929136 0.65399784
546 0.040467866 0.710677
1201 0.15114294 0.74730015
1010 -0.3724852 0.56697285
142 -0.32100084 0.58142316
391 -0.4825113 0.53354293
1206 -0.27395642 0.60287595
1557 -0.088141575 0.66559064
441 -0.115942866 0.6553727
864 -0.2495485 0.6091019
1428 -0.2613828 0.60794514
1701 -0.022099791 0.6863531
952 -0.22117434 0.61948067
1254 -0.09332864 0.6643795
375 -0.32984626 0.5848441
278 -0.23733903 0.6159946
1937 -0.56571686 0.5006566
1902 -0.42261252 0.5476451
1599 -0.24099697 0.6122951
1340 -0.028055247 0.68445516
687 -0.28552178 0.5971067
364 -0.2932155 0.59078956
1084 -0.041452717 0.6815087
1909 0.0026460427 0.6976878
937 -0.1348315 0.6487075
1506 0.12042667 0.7387394
1884 -0.21127951 0.6227847
1525 -0.11295968 0.6553083
1544 -0.25549412 0.60701
1773 0.011274804 0.69657815
1405 -0.19059534 0.63097805
1302 -0.14883798 0.6423451
1494 -0.31602448 0.58822584
1427 -0.014446575 0.693289
1191 -0.13829885 0.6476137
1936 -0.20436731 0.6244722
273 0.0020473637 0.6913974
596 -0.27260527 0.6010847
1517 -0.1082069 0.65789825
48 -0.41004926 0.55480474
939 -0.17500982 0.6361684
865 -0.14643213 0.6443774
1854 -0.26648825 0.6064766
1256 -0.5479791 0.507757
1144 -0.25764126 0.6084617
1526 -0.21858186 0.6200961
165 -0.025701161 0.6865908
1348 -0.23426723 0.6107217
733 -0.03252033 0.6843977
626 -0.28015643 0.5991996
1437 -0.5760482 0.49713394
384 -0.24280141 0.6153661
560 -0.060744982 0.6751693
1653 -0.4055307 0.5556184
1768 -0.20445667 0.625473
378 0.12783846 0.7410434
1507 -0.010897535 0.6954795
1906 -0.12548013 0.65620893
33 -0.22994909 0.6151103
951 -0.054516923 0.6786538
1242 -0.30363142 0.590831
1234 -0.13997126 0.64834154
376 -0.4219669 0.5519371
888 -0.12687258 0.6513693
1016 -0.15059288 0.6433184
745 -0.252893 0.6097621
1029 -0.44696411 0.5455549
974 -0.28004724 0.59713984
1319 -0.12840669 0.65381896
1150 -0.25427693 0.6086772
292 -0.19207942 0.6298225
387 -0.28167754 0.59214574
279 -0.09104477 0.6639975
987 -0.23000237 0.6162971
944 -0.27025282 0.5990656
1438 -0.2921468 0.6005551
1241 0.027719906 0.7080117
221 -0.0931199 0.66578764
1219 -0.3748022 0.56617224
891 0.038308248 0.7117323
584 -0.022286749 0.6854067
179 -0.1466323 0.6438792
1442 -0.281745 0.59918964
1941 -0.1398326 0.6484027
1115 -0.12892684 0.6516377
1624 -0.34181923 0.579407
696 -0.49280572 0.52985656
1020 -0.2314955 0.61719126
295 -0.26173937 0.603132
1419 -0.17413633 0.63676566
1320 -0.040940434 0.6825375
1596 -0.12027174 0.65382445
996 -0.20984842 0.6236632
1817 -0.3370564 0.57820225
26 -0.16202539 0.6407416
986 -0.41275206 0.5556261
881 -0.10563561 0.65723467
715 -0.42837346 0.54967433
566 -0.38482323 0.56453055
692 -0.25258645 0.6058035
1083 -0.28246507 0.59967023
735 -0.2188831 0.61696815
139 -0.11151127 0.66048443
1105 -0.1404986 0.64800024
942 -0.27304295 0.6039195
1213 -0.17466128 0.63657004
1558 -0.073362626 0.66641563
1505 -0.12850845 0.6520514
1905 -0.116343014 0.6562076
824 -0.40002716 0.555339
312 -0.30951616 0.59461534
512 -0.0530904 0.67323613
533 -0.20417605 0.62279105
69 -0.066198885 0.6729813
1103 -0.25743473 0.6086674
148 -0.06289508 0.67194486
1724 -0.40364072 0.55842066
769 -0.112805255 0.65447855
1918 -0.25870076 0.60563385
1304 -0.31785688 0.5872384
607 -0.23961459 0.61591554
1389 -0.5911669 0.49667615
894 -0.2956233 0.59107685
1470 -0.25084832 0.6118117
245 -0.3718029 0.56969166
671 -0.14275874 0.64805996
1501 -0.56068885 0.5025893
1698 -0.25466204 0.6082583
183 -0.1327137 0.65154976
1897 0.04713033 0.71178263
1089 -0.17327209 0.63757396
96 -0.41805416 0.55017245
1898 -0.043487996 0.6807208
1888 -0.13387772 0.648811
449 -0.21585673 0.62428725
1425 -0.29531386 0.59508824
146 -0.2503576 0.6122508
1308 -0.2815222 0.596218
1054 -0.008205133 0.69544387
698 -0.4196879 0.549779
1181 -0.12094655 0.6516831
585 -0.053493768 0.67624223
1498 -0.057449676 0.67432564
1203 -0.12504233 0.6520453
729 -0.27823067 0.5986825
601 -0.38325894 0.56490755
989 -0.36739963 0.5686231
624 -0.05732156 0.67680794
95 -0.21374828 0.6234233
250 -0.21422315 0.6211085
1928 -0.24106914 0.6085583
800 -0.19272552 0.6290549
1190 -0.3955774 0.5581163
862 -0.17170802 0.63669646
1077 -0.35064158 0.57500505
782 -0.24544348 0.6127299
681 -0.447882 0.54473704
1153 -0.15617679 0.64381665
280 -0.3376321 0.58045363
1520 -0.1568057 0.63672197
656 -0.23805839 0.6128979
350 -0.38190272 0.56438756
1488 -0.29324812 0.5976114
574 -0.19953352 0.628387
1328 -0.22875465 0.61544126
740 -0.24718629 0.6125828
1386 -0.4571842 0.5342186
1515 -0.15042579 0.6478508
960 -0.32269427 0.5817945
1155 -0.18713926 0.6294773
603 -0.1423181 0.6463014
1337 -0.1540811 0.64187413
1359 -0.30986 0.58747196
1209 -0.08114228 0.6688207
1070 -0.078555904 0.6715273
243 -0.22257295 0.61712927
1121 -0.41850933 0.5543978
544 -0.18414812 0.6306475
618 0.01976029 0.7023012
608 -0.31235963 0.5876265
1113 -0.21022737 0.6224393
1211 -0.26034066 0.6081909
43 0.0097977845 0.7031976
1611 -0.2182294 0.61873543
1193 -0.08013048 0.6665472
815 0.09040949 0.72416854
872 -0.11490047 0.655672
1513 -0.4284725 0.5508381
363 -0.12793584 0.64844567
112 -0.2626462 0.60203195
947 -0.26249135 0.6110579
401 -0.18405971 0.6294248
1496 -0.1707399 0.6351201
27 -0.27779722 0.60075176
233 -0.06640886 0.6745055
539 -0.16821332 0.6388397
1554 -0.23312953 0.6199577
1024 -0.2361249 0.6160776
79 -0.078255825 0.67210186
325 -0.23939927 0.6112028
80 -0.5415601 0.5111844
1095 -0.10826265 0.6607692
1239 -0.31096607 0.58847076
1409 -0.1263998 0.65197945
1685 -0.254175 0.6083713
721 -0.26268777 0.60693884
693 -0.31693348 0.5830516
1555 -0.41452533 0.55244946
180 -0.29539153 0.5928938
1231 -0.09728237 0.662087
1842 -0.10734495 0.6569327
1916 -0.118664615 0.6540066
262 -0.18883142 0.63273615
1416 -0.06216248 0.6728507
961 -0.2829727 0.5999321
1610 0.0097856745 0.6991744
1221 -0.23028794 0.6156958
127 -0.09699094 0.6650005
1797 -0.18843366 0.63282377
798 -0.15725975 0.6435566
380 -0.16598794 0.6436738
764 -0.05239055 0.6803641
833 -0.08170026 0.66813886
1977 -0.12397211 0.65382314
1055 -0.2223174 0.6161768
1050 -0.28670937 0.5969966
1355 -0.21728003 0.6231741
1398 -0.19081028 0.63132244
726 -0.15342769 0.6479117
948 -0.3875459 0.5626576
1371 -0.13521071 0.6510519
1119 -0.34453714 0.5772621
1400 0.021688702 0.70399463
185 -0.06281118 0.67253906
1315 -0.17727238 0.63251877
281 -0.2010423 0.62536865
336 -0.15268584 0.6426187
731 -0.43901578 0.54679346
396 -0.2480601 0.60963404
1145 -0.020753743 0.6910224
1243 -0.28386962 0.598141
978 -0.3102606 0.58680683
1947 -0.25843352 0.6073487
688 -0.45478094 0.5398206
154 -0.3462513 0.5809879
9 -0.32377097 0.5828031
1774 -0.2603639 0.60457385
47 -0.2677188 0.6007926
1353 -0.27669552 0.6032705
1876 0.021335537 0.70252377
1703 -0.33464295 0.5839241
394 -0.10855743 0.6579591
993 0.110858254 0.7287479
1264 0.02076523 0.7070876
695 -0.27935266 0.59769255
1818 -0.31050724 0.58867395
1292 -0.34743387 0.5754537
677 -0.2856595 0.6011698
997 -0.43914166 0.5431951
1413 -0.22097343 0.61588824
836 -0.28916952 0.5949826
842 -0.34402052 0.5784647
1085 -0.039328385 0.68448514
1550 -0.23881923 0.6134078
1159 -0.31149805 0.58941007
30 -0.34613687 0.5813865
591 0.041192323 0.7109589
1468 -0.0777961 0.66745764
714 -0.34613398 0.57711315
1851 -0.31161296 0.58998066
984 -0.29678348 0.59301406
1074 -0.29444656 0.59417593
602 -0.18705113 0.6267949
115 0.05376088 0.71703535
621 -0.109780796 0.6594388
1333 -0.4264503 0.5479543
720 -0.19975032 0.6252749
62 -0.06199515 0.6733069
1495 -0.41040245 0.55432355
303 -0.37929884 0.5675622
246 -0.08905086 0.66566604
506 0.192724 0.7630743
1182 -0.03964279 0.6818097
594 -0.0016797308 0.6937378
1693 -0.4029807 0.56025714
1582 -0.44537047 0.54508126
1392 -0.1011503 0.6613558
1117 -0.2627107 0.6058438
137 -0.3764068 0.570546
770 -0.30976656 0.5892999
641 -0.23077196 0.6146799
1527 -0.100941986 0.6609856
1748 -0.29863957 0.59291935
254 -0.16007961 0.64544344
1137 -0.057800103 0.6719561
5 -0.28098753 0.603072
712 -0.27170974 0.6028248
1441 -0.20706609 0.62126076
442 -0.15927893 0.6416598
128 -0.20276748 0.6220514
543 -0.23128544 0.6130611
29 0.027139233 0.70495373
1065 -0.16025585 0.6399381
1477 -0.1712859 0.63458735
1187 -0.19210869 0.62577343
1858 -0.40364546 0.55625546
1806 -0.13917026 0.6485336
818 -0.12543535 0.6528811
1380 -0.048096314 0.6767198
1294 -0.25154766 0.60622555
1195 -0.24280049 0.6115593
1381 -0.3683449 0.5656143
412 -0.15566531 0.6401595
6 0.006242107 0.69903547
86 -0.41661993 0.5529544
1823 -0.34880492 0.5768995
780 -0.13128166 0.64861244
1310 -0.039699588 0.68033785
674 -0.23002557 0.6169807
1233 -0.31354412 0.5865266
1845 -0.009441875 0.6908362
578 -0.02879247 0.6907317
1503 -0.22821705 0.6188882
439 -0.29306138 0.595105
1463 -0.4431432 0.54734504
1396 -0.142842 0.6467695
1236 -0.41253498 0.55234677
275 -0.5426252 0.5097586
1271 -0.22739057 0.61656743
261 -0.2527404 0.6094021
1027 -0.4454833 0.54315144
349 -0.36027002 0.5703747
1664 -0.32154164 0.5837221
318 -0.3069834 0.59040976
900 -0.3372776 0.58122253
1778 -0.2922275 0.59320855
1681 -0.19676326 0.6307154
1163 -0.1496679 0.64072895
816 -0.030702041 0.68610305
742 -0.2308855 0.6098305
704 -0.26459587 0.6045849
28 -0.27489004 0.60190105
1831 -0.23437688 0.6146123
966 -0.20934696 0.6245044
980 -0.16715801 0.6358208
39 -0.27740446 0.59884757
88 -0.2407477 0.6129924
1346 -0.30323717 0.5928446
120 -0.31568572 0.5893547
1339 -0.4168656 0.5531325
216 -0.2774525 0.5987273
1809 -0.30020046 0.5928963
873 -0.21373853 0.62444067
1922 -0.16102172 0.6383637
40 -0.3578847 0.5719097
967 -0.075697266 0.670067
1289 -0.31905553 0.5856051
1509 -0.21625005 0.6231526
1026 -0.024087287 0.6905824
352 -0.104978055 0.66032755
397 -0.24533802 0.61637694
647 0.049353525 0.71209437
1652 -0.12657687 0.6534599
372 -0.010073598 0.68976116
1378 -0.26552796 0.6060361
999 -0.22518352 0.61987776
1330 -0.14277203 0.6483122
1401 -0.3785953 0.56766343
359 -0.2025627 0.6259561
1265 -0.16400592 0.6392959
655 -0.08145337 0.67045504
717 -0.18452102 0.6363241
197 -0.25354475 0.60712856
1180 -0.22850491 0.6173479
1862 -0.13857228 0.6461468
1306 -0.27123973 0.6013967
754 -0.0047731623 0.6940759
646 -0.16603561 0.63789815
1585 -0.12283431 0.65332174
713 0.13359387 0.7439957
1940 -0.22896102 0.6146167
78 -0.13751915 0.6451
1006 -0.23069167 0.6196013
1390 -0.30818084 0.5870561
1713 -0.25972497 0.6056435
433 -0.08014099 0.66643775
777 -0.17768496 0.6348894
843 -0.13205218 0.6515337
1197 -0.3165649 0.590962
1852 -0.1502079 0.6433692
553 -0.22525357 0.62173396
1125 -0.19146797 0.62798387
1297 -0.11776021 0.6558021
1510 -0.3544135 0.5773136
863 -0.24613957 0.6126192
823 -0.29474288 0.5897824
545 -0.3079509 0.5887115
1871 -0.1790313 0.63175184
1949 -0.41134033 0.5566161
879 -0.15620816 0.6403887
590 -0.2113612 0.62502587
1167 0.00027718357 0.69496626
1795 -0.1758881 0.6396096
476 -0.16290373 0.63986737
294 -0.014577563 0.6925439
1529 -0.17896366 0.633968
558 -0.18038566 0.630754
1665 -0.27687615 0.60104424
1733 -0.13706005 0.64515144
861 -0.28562132 0.593242
1597 -0.19532463 0.6301734
194 -0.27432516 0.6023818
1497 -0.1948986 0.6282777
1051 -0.35935056 0.57085824
719 -0.19975895 0.6268958
1111 -0.24427728 0.61679196
1283 -0.35213697 0.5734007
1588 -0.09690338 0.6602509
657 -0.18308702 0.6318796
1556 -0.044889376 0.68120414
122 -0.27431548 0.6018972
203 -0.39137855 0.56390274
1135 -0.3849318 0.5607764
1322 -0.010329949 0.6889595
1882 -0.21270256 0.6212263
1376 -0.13289006 0.6485131
1900 -0.45392457 0.5393524
1892 -0.19251616 0.63097143
771 -0.07622403 0.67305374
1216 0.027365936 0.70635235
408 -0.22331682 0.62123156
548 -0.1563853 0.6379743
1136 0.07209997 0.7189936
467 -0.21167772 0.62616223
749 -0.013388711 0.6884387
653 -0.117993414 0.65603393
637 -0.22052841 0.61905724
129 -0.104458794 0.65719336
105 -0.39701232 0.5591037
1109 -0.46992642 0.5350954
1749 -0.15758125 0.64297795
1130 -0.3810022 0.56642383
1005 -0.3266019 0.5846937
1564 -0.2850091 0.59250355
227 -0.22949834 0.6188437
361 -0.47499466 0.53548795
1567 -0.36915138 0.5706243
1720 -0.022993175 0.6876893
1586 -0.32666978 0.58370376
1204 -0.38615763 0.5640055
172 -0.36294612 0.5696422
1140 -0.107161224 0.6558449
1408 -0.17127411 0.6363969
530 0.039464258 0.7095433
724 -0.057761382 0.6775852
1750 -0.4136756 0.5523728
119 -0.3284101 0.58115256
555 -0.059754528 0.6767418
1000 -0.10484597 0.65914303
74 -0.3825234 0.56654733
425 -0.069040425 0.674369
73 -0.2549965 0.6083287
339 -0.53906983 0.5112503
1807 -0.0397515 0.68261176
563 -0.111017734 0.659188
164 -0.103350125 0.66159594
170 -0.07519376 0.66957647
3 0.0042694914 0.6992947
1307 -0.18899377 0.62994033
972 -0.31930515 0.5912413
1673 -0.31174183 0.5880409
1225 -0.08149695 0.66566783
284 -0.11788444 0.654626
678 -0.16099526 0.64037675
1176 -0.37290645 0.5711901
1097 -0.2772503 0.6009851
1018 -0.26383463 0.6048334
1312 -0.33504167 0.58031696
468 -0.32754937 0.5821905
1175 -0.16854346 0.63388586
1658 -0.28735152 0.598293
1227 -0.08815893 0.667014
136 -0.10923289 0.6556707
1913 -0.33114776 0.5847602
1434 -0.031583857 0.6843417
1382 -0.3202689 0.5848306
854 -0.24008359 0.61265016
1580 -0.22140515 0.61788285
1403 -0.32220608 0.58654934
598 -0.12932901 0.6547201
1810 -0.111779794 0.6551055
54 -0.3301186 0.5820114
431 -0.02506822 0.6880924
1316 -0.0023542217 0.6946575
1208 -0.25482103 0.60652095
374 -0.06536117 0.6730414
690 -0.10727099 0.6590441
1841 -0.29379836 0.59523726
1512 -0.2064577 0.6244656
83 -0.41305056 0.5569082
333 -0.23282455 0.61552715
1013 -0.20137098 0.62394017
1325 -0.30465823 0.5890696
844 -0.1863502 0.6294008
116 -0.248721 0.6081046
1490 -0.09535985 0.6612625
832 -0.40097934 0.55652916
419 -0.27100736 0.602221
99 -0.3384905 0.5805445
44 -0.42437994 0.5529307
968 -0.1863339 0.6307772
1859 -0.2869947 0.5946128
1731 -0.25842264 0.6053838
193 -0.27478838 0.6048627
308 -0.11535696 0.65647244
1374 0.035907615 0.70862055
60 0.028809186 0.70573765
683 -0.1608682 0.6408401
892 -0.46390843 0.53615224
570 0.06049773 0.71944886
1726 -0.2657616 0.6050369
1710 -0.20977652 0.6290359
1825 0.032444168 0.70708245
366 0.088897 0.7261626
327 -0.08743784 0.6653269
1056 -0.27123898 0.60211635
226 -0.30886558 0.5909497
1566 -0.15404497 0.6440341
51 -0.4677778 0.5363291
661 0.023043372 0.701623
291 -0.11905019 0.6518958
1122 0.0055232295 0.695399
1712 -0.30602884 0.5923896
1044 -0.09364494 0.6664292
1536 -0.25251973 0.60420823
176 -0.122341864 0.653055
871 -0.24193466 0.6139037
1830 -0.18053168 0.6327404
1246 -0.23889452 0.6150566
1303 -0.2699527 0.60011595
1889 -0.2332588 0.6190641
965 -0.3488555 0.57807124
133 -0.1662811 0.6401625
559 -0.039008632 0.6829923
498 -0.21070777 0.62147
443 -0.1337973 0.64783245
448 0.021131635 0.70177144
324 -0.17354947 0.63311356
1274 -0.119996004 0.6555542
1890 -0.2884244 0.5933952
1722 -0.14743462 0.64509726
1200 -0.28506047 0.59388953
734 -0.29848877 0.59074944
343 -0.049262572 0.67526263
1007 0.0051631522 0.69530493
1147 -0.19397222 0.62756723
411 -0.011031487 0.68919265
1877 -0.18757983 0.6337873
675 -0.014614987 0.69323486
1709 -0.31264195 0.59023046
1126 -0.36002094 0.57268184
32 -0.012470238 0.6900798
123 -0.27396065 0.6029708
514 -0.21713229 0.62134457
1730 -0.19920261 0.6291256
562 -0.40538993 0.5599244
1362 -0.20151806 0.62629056
1196 -0.4439112 0.5460848
793 -0.20147064 0.6278077
955 -0.34469402 0.5808287
1799 -0.10161532 0.659998
1100 -0.19798575 0.6249414
1008 -0.41905412 0.54981303
723 -0.2886728 0.58892155
820 -0.2515272 0.6088575
1930 -0.46234816 0.5405029
1052 -0.23544239 0.6126104
617 -0.22348472 0.61888
1781 -0.26809043 0.60033906
604 -0.21222572 0.6219781
673 -0.18353032 0.6318544
1112 -0.14034428 0.6456239
1151 -0.3068372 0.59154856
1460 -0.27277657 0.601682
219 -0.22447455 0.6199493
662 -0.25697884 0.60648525
826 -0.18762305 0.62724584
1260 -0.29861388 0.5919983
746 -0.20288226 0.6254357
685 0.026436327 0.70496327
1443 -0.3414236 0.5757289
1612 -0.22217087 0.61965525
1707 -0.41434106 0.5532382
1910 -0.03750986 0.6828239
1250 -0.33521262 0.5785323
1003 -0.3424624 0.5796608
282 -0.15722072 0.6458918
571 0.067887574 0.72077894
1568 -0.40206787 0.5584263
706 -0.3155746 0.5896491
1174 -0.15109132 0.6448656
59 -0.58373666 0.49805585
860 -0.16953915 0.6353248
812 -0.08281704 0.6627567
1141 -0.09300376 0.66299343
827 -0.17997856 0.6318642
660 -0.43458724 0.54654866
1071 -0.1030294 0.659552
355 -0.20732251 0.6225119
1705 -0.09827875 0.6588371
326 -0.42403817 0.5541245
323 -0.0749764 0.66974854
1229 -0.093750924 0.66245586
395 -0.22669286 0.61943656
1745 -0.18306641 0.6327223
1341 -0.12262506 0.6503305
821 -0.36025658 0.5733644
1879 -0.12737814 0.6526664
1979 -0.085910685 0.6677626
413 -0.30762663 0.58749753
1224 0.031426806 0.7078285
58 -0.2063775 0.6283746
1426 -0.3322153 0.582184
1796 -0.2726504 0.6018523
1352 0.015999878 0.70537996
1881 -0.23613335 0.6112898
1530 -0.46396 0.5344261
1523 -0.16148043 0.6433815
572 -0.447531 0.54154855
249 -0.18632229 0.63324714
1251 -0.48047394 0.5349918
973 -0.2351437 0.61327946
883 0.17330831 0.7576997
1066 -0.51866794 0.5166493
1110 -0.33887613 0.5764697
1480 -0.47568384 0.53292763
224 -0.42417246 0.5530742
1924 -0.22715284 0.6150694
1786 -0.34668547 0.57693404
149 -0.394911 0.5568897
22 -0.41567862 0.5515244
1855 -0.21712933 0.61939096
1061 0.12243853 0.73917556
1228 -0.33411935 0.5817481
434 -0.08206228 0.6672401
1223 -0.17636006 0.6352802
1009 -0.24065354 0.6174396
819 -0.3287244 0.58463395
400 0.08088459 0.724887
298 -0.2569411 0.6110477
642 -0.4889924 0.52849835
592 0.11782272 0.73429185
595 -0.23333353 0.6162956
330 0.015241393 0.70042247
1943 0.06161261 0.7176632
166 0.036657024 0.70861363
776 -0.23852968 0.60796475
360 -0.188256 0.6330317
1534 -0.14442538 0.64961785
670 -0.24657154 0.6108725
485 -0.075758 0.670919
1114 -0.10042604 0.6605733
1725 -0.07831652 0.6683895
1635 -0.39097372 0.56328374
1581 -0.37680116 0.56748396
1423 -0.22288887 0.6185987
739 -0.49093544 0.53131133
1358 0.0044877655 0.69529045
1751 -0.4353327 0.54633594
1021 0.054392196 0.7133253
1363 -0.33544824 0.57829946
415 -0.096121155 0.66213405
1445 -0.362616 0.56785244
1592 0.0073587103 0.6969341
41 0.00259522 0.69373626
941 -0.41372955 0.55637306
1800 -0.3110812 0.59023315
81 -0.31965294 0.5846687
451 0.0072500044 0.6986593
1820 -0.3204934 0.5859233
354 -0.3492308 0.5734252
1215 -0.13909611 0.64888394
1801 -0.12122349 0.65031785
593 -0.044191074 0.6822038
93 -0.12109006 0.6505016
1868 -0.3234683 0.58876944
1835 -0.08379395 0.66697884
1651 -0.20951049 0.6211376
840 -0.20755234 0.62231165
1583 -0.11064474 0.6556379
1908 -0.5045183 0.52524793
569 -0.20337164 0.6260234
722 -0.42301106 0.5507205
990 -0.10975537 0.66077745
447 -0.12142048 0.6549463
1002 -0.12430573 0.65387076
1828 -0.29169318 0.5904188
1873 -0.43107048 0.55408895
289 -0.04592721 0.6809544
1492 -0.27021033 0.6026859
299 -0.20535657 0.62540114
1765 -0.29867142 0.5913161
1543 -0.2423897 0.61190057
1391 -0.000860648 0.6954328
1816 -0.3245201 0.5847481
547 -0.1772005 0.6318724
1539 -0.2594207 0.60710377
684 -0.30313224 0.5923735
100 -0.018666213 0.68696564
866 -0.48736575 0.5298121
373 -0.4338205 0.5507815
1459 -0.030962287 0.6885673
270 -0.09261385 0.6628713
1782 -0.26303193 0.607689
1269 -0.34900224 0.57541674
1350 0.2425353 0.77722394
884 0.094652414 0.7294256
1593 -0.10175882 0.66306245
1891 -0.24392165 0.6136306
428 -0.30160382 0.59245133
1789 -0.115407825 0.65906507
1931 -0.26091483 0.6061577
1449 -0.14778951 0.6436278
470 -0.036680203 0.6828495
1343 0.111096784 0.7355169
1608 -0.11067353 0.65943295
258 -0.18727708 0.63055724
1104 -0.18750162 0.62882704
1069 -0.24015057 0.6141094
976 -0.42208484 0.5541141
52 -0.0653831 0.6722577
204 -0.19589944 0.6276581
1518 -0.45344824 0.5384512
1942 -0.12245109 0.6507306
536 -0.10592268 0.6584516
1418 -0.50572664 0.52467066
377 -0.24690412 0.61244434
606 -0.43986356 0.54373896
1222 -0.3365659 0.58253616
1237 -0.26921844 0.60037225
1469 -0.020662753 0.69085866
643 -0.42241076 0.54869044
850 -0.23823154 0.6137953
367 -0.19686416 0.62828565
1327 -0.3305228 0.5799966
234 -0.24416572 0.6168862
811 -0.22982968 0.6194706
654 -0.3277483 0.58325416
1202 -0.15055068 0.6478971
125 -0.2079246 0.6254378
744 -0.3388569 0.5805418
215 -0.1825255 0.6314701
342 -0.21558434 0.6191603
1127 -0.13424002 0.64810175
124 -0.11633973 0.65454733
422 -0.47828323 0.533617
1041 0.07356429 0.7236034
1901 -0.36130896 0.5738132
34 -0.2185035 0.6198061
1561 -0.24550956 0.6110251
1572 -0.3515419 0.57259643
1334 0.0064570117 0.7009665
131 -0.011542649 0.69376075
1625 -0.31677544 0.5897253
169 -0.24950857 0.60874623
1263 -0.3429872 0.5780421
432 -0.20341896 0.6274345
1893 -0.11629768 0.65323967
1528 -0.28507078 0.6013215
1268 -0.0020977233 0.6929269
1811 -0.07226866 0.67137045
1838 -0.121057354 0.6571507
1081 -0.036253206 0.6848889
406 0.02407336 0.7027276
255 -0.33114073 0.58355707
1970 -0.37797895 0.5654
1573 -0.116377875 0.65563905
1199 0.071569204 0.7202618
1689 -0.1481264 0.64584666
634 -0.27947384 0.6016094
876 -0.42664412 0.5496442
1737 -0.13161032 0.6515195
138 -0.14874008 0.6427253
658 -0.4050614 0.5570785
851 -0.13122477 0.6479869
1410 -0.29238254 0.5964675
1033 0.021292185 0.70546025
1907 -0.1449914 0.64744365
995 -0.04190139 0.68008417
4 -0.11800663 0.6528225
878 -0.31449965 0.58915776
511 0.09367547 0.72769666
152 0.25018668 0.78323567
17 -0.07277073 0.6715643
806 -0.46237957 0.53830165
682 -0.2325807 0.6159747
248 -0.014394383 0.69528615
251 -0.30885878 0.59021765
1048 -0.2913432 0.5975109
694 -0.22841607 0.6173342
1249 -0.21977888 0.620931
588 -0.37988707 0.56465065
257 -0.47025058 0.5337624
828 0.11231459 0.73438567
426 -0.4039563 0.5552606
452 -0.34506986 0.5766944
875 -0.12512277 0.6551817
728 -0.19219382 0.6330603
1605 -0.24309073 0.6127729
1676 -0.117971554 0.6520518
1475 -0.049227376 0.6780837
15 -0.05451673 0.6777734
822 -0.21152838 0.6225129
616 -0.055905316 0.67931235
1714 0.041016493 0.70902324
189 -0.23387699 0.61706924
1836 -0.26590422 0.6038899
901 -0.250972 0.61153954
1826 -0.15003105 0.6449587
1108 -0.029830404 0.6855891
23 -0.28408155 0.59912103
1484 -0.05065362 0.67803013
564 -0.27734727 0.6035601
1734 -0.17557277 0.6377598
1282 0.06437135 0.7155581
1609 -0.45414668 0.53566587
1014 -0.28964406 0.5978961
747 -0.044325538 0.68097633
90 -0.21517183 0.62017494
650 -0.28104013 0.60162014
423 0.006731894 0.7010476
1886 -0.291917 0.59328765
1207 -0.26502657 0.605702
259 -0.2825173 0.6001435
7 -0.2797481 0.5966528
1291 -0.4372019 0.5462686
370 -0.27552584 0.6011579
1397 -0.25986677 0.6031577
1899 -0.1695397 0.63872373
214 -0.10528857 0.6580326
839 -0.16284572 0.63853353
266 -0.32893518 0.5884297
1001 0.042759553 0.7130562
792 -0.20655786 0.6248547
565 -0.32699433 0.5854002
1393 0.10063778 0.7307318
45 -0.18142056 0.6323591
727 -0.1104578 0.6597537
84 -0.14877346 0.647559
1435 -0.21476088 0.62380594
1569 -0.4019898 0.56189054
786 -0.2523405 0.6111593
1177 -0.30027196 0.59395695
1723 -0.37517342 0.56795853
263 -0.25307804 0.61044705
772 -0.25895983 0.6029946
628 -0.42541316 0.54970545
1590 -0.36970517 0.5665514
1326 -0.16653074 0.6362813
1938 -0.5396626 0.50787234
940 -0.113353185 0.6588076
651 -0.2617871 0.607818
1034 -0.39637932 0.56220615
1939 -0.37764278 0.5678426
175 -0.11907675 0.65495175
1087 -0.3197543 0.58625525
407 -0.28620422 0.5962396
609 -0.34533268 0.5757624
794 -0.34216806 0.5813974
1482 -0.30734965 0.5904936
1043 -0.0770734 0.6670528
1591 -0.1569772 0.6423443
1787 -0.1637763 0.63608354
446 -0.35160762 0.57850766
458 -0.053899325 0.67681104
1894 -0.37152317 0.57134646
1780 -0.18814155 0.6332227
612 -0.3494689 0.57275635
668 -0.078139424 0.6685632
1973 -0.16879964 0.63673574
837 -0.15866376 0.63870615
1156 -0.44320872 0.54257965
853 -0.17934208 0.63259155
994 0.1299996 0.74328256
1361 -0.20170005 0.62740064
568 0.0023304757 0.6969885
716 -0.22045691 0.61657333
106 0.08196909 0.7255423
788 -0.039440654 0.6820618
315 0.14945778 0.7467256
636 -0.36347848 0.57574314
1595 -0.24445775 0.60840946
630 -0.15800934 0.64388555
1364 -0.25658885 0.60762644
1184 -0.30323908 0.5890276
554 -0.10464877 0.657377
1870 -0.21152103 0.620106
1040 -0.22519287 0.61811405
1607 -0.3879811 0.5638647
1865 -0.30576518 0.5912151
260 0.011075319 0.6995633
1332 -0.49785483 0.52477735
114 -0.13339137 0.6462959
679 -0.1318073 0.6510683
1535 -0.13548231 0.6480821
1481 -0.25422502 0.6071107
505 -0.19890909 0.6320638
1171 -0.31054032 0.5884868
525 -0.17058305 0.63738686
773 -0.09376321 0.66600955
1584 -0.42409775 0.5527157
410 -0.19356611 0.63000125
1514 -0.38447908 0.56518453
801 -0.47635403 0.53275555
526 -0.52221173 0.5194618
648 -0.16676378 0.6378404
168 -0.25213253 0.6068345
1531 -0.11238867 0.65801895
71 -0.20636493 0.6257177
91 -0.16575438 0.6392908
156 -0.08065272 0.668544
424 -0.076309375 0.66986835
493 -0.35705495 0.5714708
209 -0.21534052 0.6231742
613 -0.11133446 0.65529734
53 -0.06260461 0.67385674
187 -0.11338766 0.65735215
1275 -0.19444087 0.62843364
1455 -0.38953552 0.5579986
887 -0.29970175 0.5919375
429 -0.36151585 0.57157725
1548 -0.22307524 0.61874115
1375 -0.026254185 0.684924
889 -0.12503493 0.6508083
1668 -0.23855284 0.6134232
450 -0.17198597 0.6347369
238 -0.34454823 0.5759802
103 -0.4113991 0.55477184
1775 -0.30001757 0.5950489
1338 -0.3305696 0.5829904
597 -0.4166573 0.5483332
218 -0.43647987 0.54913825
1031 -0.123085044 0.6482794
107 -0.29667345 0.5941727
1687 -0.22311932 0.62105024
950 -0.14848678 0.6434863
1311 -0.10148958 0.65681636
1489 0.115924925 0.7337677
130 -0.14607836 0.64306825
1395 -0.24347799 0.610449
57 -0.33711535 0.5811395
150 -0.1184149 0.6516683
779 -0.22153844 0.618092
1559 -0.20258567 0.62749064
753 -0.3898815 0.56465673
970 -0.06499691 0.675498
456 -0.53490096 0.51132834
711 0.02925872 0.7063666
25 -0.018455846 0.6886617
767 -0.17291129 0.6387319
484 0.028152304 0.70518035
320 -0.19697206 0.6273244
14 -0.36604688 0.57197577
1779 -0.39107534 0.55985963
523 -0.04334736 0.67782134
344 -0.28050503 0.5983253
1314 -0.06951492 0.6683138
1917 0.0946131 0.7291918
1538 -0.2031246 0.6222491
709 -0.27353698 0.5999639
1808 -0.17658311 0.63477737
212 -0.32343492 0.5870885
1587 -0.18057925 0.63303494
24 -0.062274046 0.6744458
1704 -0.27235422 0.60321045
1563 -0.328019 0.5831587
1708 -0.46540537 0.5324384
949 -0.15072079 0.6416494
802 -0.11771497 0.65207577
274 -0.30260703 0.5905292
1287 0.14269702 0.74400586
126 -0.24794447 0.60866755
167 -0.43142465 0.5488339
329 -0.5524855 0.5103569
1402 -0.26657945 0.6026278
390 -0.20154087 0.6199327
1064 -0.30911556 0.59014165
1218 -0.35408002 0.5744592
217 -0.24740541 0.61041385
542 -0.15293662 0.642761
775 -0.04070617 0.6815633
1819 -0.33301273 0.5837193
1856 -0.0066138217 0.69192725
1004 0.02944751 0.7066391
849 -0.33948997 0.57905644
1068 -0.2431593 0.611561
382 -0.4130565 0.55593836
998 -0.47522402 0.53256804
409 -0.13762209 0.64787173
1743 -0.23332173 0.61559165
502 -0.014380736 0.69384
538 -0.2701879 0.60235804
1875 -0.3175695 0.58746856
151 -0.1251508 0.6500995
76 -0.4365174 0.5496937
1452 0.0143987285 0.69757515
56 0.10852799 0.7293631
348 -0.27166674 0.60094213
1784 -0.2366605 0.6172054
781 0.13889241 0.7478762
1695 -0.19417863 0.6309635
1120 -0.40979385 0.5573692
309 -0.112785384 0.6563344
575 -0.42550176 0.55215
1057 -0.28564733 0.5977356
1600 -0.18715647 0.63333523
1067 -0.33291778 0.578701
1296 -0.35654032 0.57499367
13 -0.1717734 0.6357238
1904 -0.20911455 0.6233422
1746 -0.31311518 0.59308153
1760 -0.4061825 0.5550821
108 -0.3108587 0.5915757
10 -0.081057 0.66786706
1230 -0.16789007 0.63746464
1911 -0.21750976 0.6218142
567 -0.25458834 0.60892564
1606 -0.41601956 0.552841
1839 -0.17194647 0.63416296
1102 -0.39630476 0.5617397
1168 -0.15076925 0.6454833
1467 -0.4534633 0.5399435
1661 -0.31642026 0.5888203
353 0.15703353 0.750851
784 -0.30952814 0.58943546
1354 -0.11221881 0.6560943
229 -0.24334732 0.6110099
1791 -0.23045526 0.61411875
1511 -0.47400078 0.5353492
886 -0.15488046 0.64393586
414 -0.022059921 0.68815327
676 -0.14318225 0.6482297
1090 -0.2877054 0.5987143
730 -0.08131844 0.6673596
1295 -0.13545848 0.64814466
954 -0.052622706 0.6739971
393 -0.35322955 0.5750512
1522 -0.24356791 0.6122221
1094 -0.25158674 0.604167
599 -0.32487833 0.58185285
67 -0.3051559 0.59028834
707 -0.17168705 0.63683045
701 -0.40535474 0.5570996
1602 -0.2139514 0.62418956
890 -0.11607149 0.65817374
235 -0.23354048 0.6134989
82 -0.26189572 0.6026436
1603 -0.38928142 0.56389683
1205 -0.10069601 0.66129196
964 -0.41867185 0.5554765
1384 2.2750995e-05 0.69136995
1961 -0.2070575 0.621584
1540 -0.10490379 0.65920615
1370 -0.13708681 0.6467903
622 -0.18750246 0.62940633
1623 0.07623113 0.7230108
334 -0.31657332 0.58549076
969 -0.15754966 0.6428402
293 -0.18243286 0.63425106
444 -0.21625082 0.6246956
813 -0.2656032 0.6038764
1091 -0.35491306 0.5751593
113 0.019177115 0.7034966
1946 -0.21608979 0.6218352
580 -0.24406615 0.6094707
466 -0.08349445 0.66795725
587 -0.1748001 0.63661045
1172 -0.5928226 0.4930679
181 -0.035521843 0.68378747
117 -0.077738024 0.6687243
300 -0.2181773 0.621898
619 -0.23390199 0.6130642
163 -0.29964158 0.59375995
494 -0.0066543208 0.6954877
1124 -0.48191383 0.5323592
1286 -0.3801298 0.5656191
1575 -0.23358542 0.6176745
1571 -0.004950416 0.6921716
232 -0.1587076 0.6419059
799 -0.28414932 0.5962172
236 -0.07725569 0.66850656
1485 -0.11452172 0.65890867
1266 -0.17243898 0.6374974
121 -0.38452825 0.5677799
1682 -0.27926284 0.5991367
1146 -0.13644649 0.64850277
89 -0.31838974 0.58699864
420 -0.5009672 0.5244245
1849 -0.514881 0.51827484
1853 -0.042135857 0.6772981
1412 -0.14831641 0.6469493
1792 -0.08747587 0.66762275
1654 0.15967813 0.7517288
1637 -0.33701947 0.5798517
697 -0.015409064 0.6884229
517 -0.3990914 0.5609903
1116 -0.16644913 0.64060533
748 -0.19747391 0.63073874
1764 -0.18074986 0.63774836
63 -0.17784591 0.6358999
222 -0.11942086 0.65437275
1614 -0.359851 0.573358
1880 -0.065227665 0.6714414
1846 0.0027344981 0.69601715
290 0.0060231206 0.69600797
1640 -0.40181 0.55505556
1788 -0.2575697 0.60701156
550 -0.27488658 0.5995798
1436 -0.55030334 0.5085374
527 -0.23427722 0.61577505
1212 -0.343181 0.57737523
1214 -0.34335288 0.57647544
283 -0.6190406 0.48810306
1736 -0.25435272 0.61089844
797 -0.15421796 0.64242107
196 -0.119844235 0.65357685
1675 -0.30750573 0.59270036
1166 -0.40173095 0.55641055
1684 -0.22767289 0.6198032
1565 -0.2962431 0.5922727
1262 -0.13595363 0.649133
1621 -0.280156 0.60170037
77 -0.35839215 0.57058173
1895 -0.014359272 0.69090265
1335 -0.27834934 0.60066843
1553 -0.09097441 0.6674517
247 -0.08911687 0.65938884
328 -0.20071423 0.62825817
1541 -0.14684136 0.64697945
507 -0.14024638 0.64719224
190 -0.11362206 0.6548074
1690 -0.2239323 0.6159193
902 -0.15188341 0.6419115
21 -0.28290296 0.5990764
1803 -0.31025615 0.5899583
301 -0.25915506 0.6087818
834 -0.14183801 0.6474891
535 -0.20084627 0.62665665
1161 -0.21446915 0.6216631
958 -0.56906927 0.5029953
210 -0.06776966 0.673978
686 -0.25489572 0.6075531
436 -0.006558996 0.6946445
1915 -0.16380773 0.63771737
1696 -0.20840055 0.6206993
1383 -0.35958007 0.5707258
177 -0.18969654 0.63037115
1615 -0.4341316 0.5492401
1439 -0.17329635 0.6319427
1953 -0.091213115 0.66440445
1706 -0.19315141 0.62834775
1631 -0.3227679 0.58509004
1956 -0.0680847 0.6683673
765 -0.17224261 0.63761276
635 -0.17281353 0.6343763
1365 -0.17073357 0.63661194
1504 -0.15851843 0.6422974
430 -0.07532123 0.6709504
132 -0.019396355 0.6880541
576 -0.2024624 0.6269857
1921 -0.2513338 0.61062527
1465 -0.30981088 0.58549666
1431 -0.30582175 0.5890403
200 -0.12618902 0.64964247
302 -0.14967926 0.6426974
1650 0.019132562 0.7053384
110 -0.35437024 0.57690245
1257 -0.1681113 0.63799095
589 -0.38408056 0.56793225
199 -0.15686369 0.64300036
1131 -0.13217258 0.6477667
497 -0.041723702 0.68226576
1914 -0.5093628 0.5231004
1258 -0.08652471 0.6632158
1373 -0.31893635 0.5886644
1440 -0.34039685 0.57671106
1832 -0.19797418 0.62898064
1542 0.037679765 0.71370226
1717 -0.2068495 0.6240912
85 -0.43618554 0.54601765
1546 -0.32810256 0.5795012
417 -0.12766604 0.649638
195 -0.2756896 0.59975773
1864 -0.41504523 0.5519318
614 -0.16099632 0.64074755
1493 -0.14599422 0.64254063
1424 -0.30424616 0.5913749
1185 -0.17481127 0.63446814
1794 -0.24774224 0.6099249
1562 -0.10772672 0.6583281
703 -0.38051584 0.5619215
1096 -0.19409984 0.62874496
1516 -0.11609193 0.65447754
877 -0.092088185 0.6659062
1357 -0.21083944 0.62320757
1162 -0.35191244 0.57627726
460 -0.096986085 0.6638358
537 0.105129965 0.73437434
1220 -0.25424755 0.60909146
19 -0.3653354 0.57082194
1317 -0.20225096 0.6267533
231 -0.19671312 0.62700343
1885 -0.32031414 0.58265436
385 0.021735666 0.7005763
1844 -0.051478844 0.67541325
1783 -0.13971213 0.6463881
1259 0.049147062 0.7134667
809 0.009893556 0.7021146
68 0.2468391 0.78248644
1344 -0.30184895 0.59198195
672 -0.15812093 0.63904375
1752 -0.14958629 0.6415564
111 -0.12475717 0.65586007
1039 -0.39396837 0.5646453
297 -0.18609011 0.63436663
953 0.06541763 0.72008675
895 -0.29419395 0.5960489
1129 -0.09647063 0.66019464
982 -0.054715052 0.6759731
143 0.18003847 0.75529957
1037 -0.13182288 0.64919287
392 -0.13191581 0.649445
1919 -0.06728618 0.6718253
244 -0.40356135 0.55382556
710 -0.33463794 0.57825637
362 -0.18131465 0.63675797
1158 -0.12598409 0.6530424
1285 -0.2885809 0.5946442
1978 -0.20357645 0.622214
529 -0.22252552 0.6170208
317 -0.18119662 0.6322765
1142 -0.37226155 0.56801724
774 -0.32519078 0.5825685
1785 -0.24560231 0.6110294
868 -0.28942248 0.5942134
633 -0.13493899 0.64900297
702 -0.015784234 0.69093186
583 -0.17841098 0.63388956
1240 -0.16190204 0.63467276
383 -0.21168119 0.62214994
1164 -0.06887079 0.6702555
979 -0.13120042 0.6527294
1955 -0.09790792 0.662464
1101 -0.3792608 0.5671358
1521 -0.3039676 0.5916561
159 -0.3289532 0.5830177
1975 -0.12867579 0.6496502
629 -0.23840906 0.6134111
718 -0.1171101 0.65409577
1545 -0.062928334 0.6741014
1560 -0.16743623 0.6355886
1867 -0.16955209 0.6380841
1017 -0.27961522 0.5978713
184 0.180672 0.76107866
1934 -0.0715201 0.67181176
1415 0.0017851909 0.6927137
1451 -0.03419019 0.68659645
1188 -0.09631546 0.6638009
1672 0.04650873 0.70879215
435 -0.17756225 0.63691926
1945 -0.12110077 0.6532228
1874 -0.10950642 0.65419257
230 -0.34075135 0.5839101
1972 -0.0829121 0.6682669
1790 -0.36623314 0.56981874
652 -0.162175 0.6400342
482 -0.28578234 0.59553254
1148 -0.012094599 0.69075733
1718 -0.23572993 0.6159154
1088 -0.46619067 0.5384411
144 -0.096948475 0.66013384
1189 -0.44965732 0.5375264
1486 -0.36220288 0.57245994
160 -0.123752475 0.65527314
825 -0.29689395 0.59569526
202 -0.021778975 0.6874786
1276 -0.1338011 0.6504851
541 -0.1178692 0.6576027
1454 -0.11926598 0.6546266
31 -0.22553848 0.61289585
556 0.06932224 0.72220224
186 -0.3245636 0.5788215
1616 -0.23415479 0.6178963
1926 -0.17284693 0.6390115
1594 -0.3678435 0.5684883
1232 -0.15462802 0.64103174
510 -0.19444478 0.6283068
848 0.1479858 0.7484593
461 -0.111803055 0.6566763
1235 -0.44968963 0.54120487
691 -0.30495408 0.5946578
680 -0.3946462 0.5605224
1927 -0.0835059 0.6640708
1766 -0.5171306 0.5192564
198 0.13980247 0.7401976
256 -0.24125794 0.6144045
737 -0.21437007 0.62268233
104 -0.2194168 0.6192182
445 -0.18489435 0.63553596
1735 -0.4574804 0.53753495
1092 -0.25668383 0.6064656
1273 0.02821184 0.708017
1744 -0.29033157 0.5957547
1574 -0.18542966 0.62831897
1815 -0.1359191 0.6456208
508 -0.36840317 0.5677082
1656 -0.28306934 0.5984994
1721 -0.3208069 0.5848711
857 -0.10760594 0.65265495
1245 -0.33529207 0.5785152
1028 -0.29053512 0.5974444
1388 -0.25804862 0.60570204
1464 -0.2074055 0.6190636
810 -0.08993823 0.6677809
1776 -0.21494469 0.6226931
158 -0.13911209 0.6437188
1379 -0.40553215 0.55659956
72 -0.3184134 0.58872515
1532 -0.010215549 0.69226724
1483 -0.3058868 0.5881151
1247 -0.23346321 0.61532104
1613 -0.40307692 0.55777675
1059 -0.4990021 0.5270866
880 -0.14469497 0.6450595
1045 -0.3024386 0.5912855
581 0.03395066 0.7068999
1473 -0.1075121 0.6574633
1284 -0.0016469596 0.696597
286 -0.22322454 0.6197913
463 -0.43088904 0.54672074
959 -0.20193495 0.62431157
1739 -0.25438595 0.6080868
946 -0.20968258 0.62605566
520 -0.07263034 0.6713538
341 -0.32646924 0.58664006
787 -0.23549591 0.6136516
1261 -0.2425471 0.6119999
1729 0.034834795 0.70744044
64 -0.20142698 0.6284721
1394 -0.16852915 0.6396541
1762 -0.4904902 0.5288882
1098 -0.38618907 0.5625612
700 -0.007436306 0.6960804
500 -0.01569412 0.6852671
632 -0.14894171 0.6467051
1154 -0.22222802 0.6179393
1869 -0.17996171 0.6345831
1157 -0.21934152 0.62096745
835 -0.4393863 0.5468498
1957 -0.4059628 0.55449
182 -0.2486824 0.6100419
464 -0.11156446 0.6571328
8 -0.29357925 0.59424293
1063 0.0795156 0.72441375
1244 -0.36515784 0.5701501
1053 -0.32061088 0.57985276
398 -0.035016533 0.6838222
1883 -0.13997963 0.64564407
1036 -0.2985804 0.59111947
20 -0.34864324 0.57796454
1863 -0.2793582 0.6012555
762 -0.06499017 0.67594767
1170 -0.43567386 0.5469265
885 -0.5795594 0.5016589
173 0.19983494 0.7625461
897 -0.46328276 0.53842646
437 -0.02329793 0.68728125
1923 -0.2789958 0.59578365
665 -0.20338047 0.6244742
1777 -0.488424 0.5304481
1472 -0.47627142 0.53393286
971 -0.3788564 0.56889224
1659 -0.38508105 0.56475186
708 -0.10279479 0.66006744
1198 -0.35663596 0.5732757
1732 -0.07954787 0.6696844
847 -0.19674543 0.6221043
474 -0.22748607 0.6135951
272 -0.38572583 0.560907
1267 -0.1912753 0.62800586
228 -0.23846108 0.6141079
760 -0.25839022 0.6017322
1279 -0.09379006 0.6654545
457 -0.22270243 0.6181549
561 -0.13604687 0.6457005
841 -0.040204875 0.67942935
518 -0.2775919 0.5974277
1643 -0.2458152 0.6144614
314 -0.16411361 0.6388338
516 -0.28815717 0.5972228
1138 -0.18191689 0.6353184
440 -0.2129309 0.6219378
549 -0.21375903 0.6269229
1678 -0.2816877 0.59986204
1178 -0.31986997 0.5861859
741 -0.3516764 0.57804835
252 -0.23027469 0.6181575
1183 -0.36400682 0.56727564
269 -0.115770385 0.6541401
699 -0.20259975 0.62847686
454 -0.06879024 0.6717399
188 -0.25674006 0.6094616
1399 -0.24506572 0.6139193
1466 -0.29213813 0.5922959
50 0.064489804 0.7222833
368 0.0550402 0.7143285
1133 -0.2633122 0.6041339
1813 -0.31202465 0.5889969
1857 -0.35871032 0.5701148
736 -0.118609235 0.6516346
1755 -0.24757527 0.6092693
1802 -0.4182087 0.5517623
1976 -0.31304398 0.5914698
1478 -0.32524627 0.58615893
1740 -0.18035772 0.63091695
2 -0.34803405 0.57779425
1022 -0.21830799 0.620069
1669 -0.13110872 0.651888
1288 -0.06990963 0.6703687
213 -0.062515214 0.67382044
18 -0.10121885 0.65896237
1812 -0.41841224 0.5529882
1772 0.154793 0.7496653
285 -0.16593228 0.63629824
845 -0.46973613 0.53519005
1878 -0.18382162 0.63294744
46 -0.11935795 0.6569676
1456 -0.29212013 0.5923328
98 -0.23096617 0.61511976
1313 -0.025526805 0.68709344
732 -0.14906077 0.6467614
534 -0.18599369 0.6330634
705 0.015786631 0.70026547
803 -0.061311923 0.6721527
276 -0.08345288 0.66559947
504 -0.29874983 0.5936411
1499 -0.26039904 0.6068491
1647 -0.17565233 0.63819236
1368 -0.3550733 0.5777464
253 -0.20227292 0.6223826
1670 -0.27456737 0.60065615
1035 -0.05683129 0.6795625
1691 -0.24337459 0.6128331
524 -0.15375555 0.64258397
1160 -0.16978258 0.6333208
623 0.1943223 0.7640306
808 -0.19766173 0.62875885
140 -0.36028495 0.57003576
1738 -0.3745452 0.5697569
645 -0.11984804 0.6516731
310 -0.027011674 0.6834452
1763 -0.21155313 0.6244822
1619 -0.3242625 0.5826766
1767 -0.2705017 0.6032296
1128 -0.08767176 0.66505605
1270 -0.04068637 0.6809458
1827 -0.23698089 0.61706555
1336 0.03606905 0.70810175
785 -0.3130511 0.5894081
936 -0.303212 0.58913946
1450 -0.37995723 0.56541294
465 -0.0840818 0.66480327
1432 0.047589175 0.71010965
1049 0.0918484 0.7283431
191 0.001194076 0.6973337
49 -0.32000363 0.58625776
1872 0.04127804 0.7132363
421 -0.49203944 0.5295083
340 -0.12088376 0.65548533
804 -0.032409295 0.6892598
1677 -0.11158846 0.65776443
1217 -0.45832947 0.5398654
1248 -0.43588522 0.5476837
755 -0.48354295 0.53320473
220 -0.41379946 0.55234224
1290 -0.15327159 0.6428587
75 0.06535942 0.71715456
855 -0.5021176 0.5201972
1106 -0.42092428 0.55268043
1759 -0.19797264 0.62739784
1549 -0.14131305 0.6462996
316 -0.3710166 0.56836456
874 -0.13303536 0.6494741
1636 -0.18595712 0.6332174
1491 -0.31824905 0.5836368
1951 -0.20387156 0.6228286
796 -0.17223795 0.6379188
487 -0.27091128 0.60460573
1407 -0.080224566 0.66609365
201 -0.21602903 0.6204862
1822 -0.19193956 0.63039404
134 -0.40679842 0.55946475
1132 -0.25372297 0.606364
1023 -0.29917037 0.5952736
332 -0.17035574 0.6338
528 -0.027520169 0.6834291
65 -0.2737832 0.59829724
141 -0.34574503 0.5743927
795 -0.18351442 0.6295599
481 -0.26526332 0.6046675
1500 -0.081510045 0.66752523
640 -0.31333786 0.5907731
1444 -0.25005618 0.61133116
1422 -0.20728026 0.6255065
37 -0.29447237 0.5904895
1660 -0.33422258 0.57967556
1123 -0.219856 0.6204724
1238 -0.29190674 0.5931749
453 -0.26373303 0.6040633
1073 -0.23563172 0.61453277
1387 -0.28341764 0.5982635
1617 -0.4773761 0.5332674
1860 -0.12812471 0.65138584
531 -0.1998081 0.62691206
1769 -0.31169644 0.58904517
1329 -0.08619859 0.6615853
135 -0.22387893 0.62094206
313 -0.3186548 0.58495945
945 -0.26350325 0.60538894
768 -0.30190545 0.593904
1570 -0.3283079 0.58170664
573 -0.17681001 0.63404256
1771 -0.40511134 0.5544532
1047 -0.5070933 0.5197295
438 -0.44445243 0.54155606
12 -0.17004183 0.6366493
1667 -0.17987058 0.63704026
1420 -0.29168695 0.59332097
472 -0.39049888 0.56307644
1644 -0.44527552 0.5452197
1618 -0.4035156 0.5570089
611 -0.23207653 0.61265266
501 -0.37553102 0.5640048
473 -0.02260208 0.6865098
1038 -0.11266839 0.65800416
1417 -0.24330013 0.61173826
1589 -0.18140319 0.63647246
540 -0.15954444 0.6340582
155 -0.32561794 0.58581394
838 -0.14537643 0.64455336
1253 -0.1180161 0.65431327
1834 -0.49591863 0.5243525
11 -0.28519008 0.59299797
1805 -0.4410741 0.5447027
346 -0.107641354 0.65569
495 0.049758963 0.712387
1702 -0.5594524 0.504262
1959 -0.110297345 0.65645975
1861 -0.06655233 0.67181116
1519 -0.36346146 0.5710089
1641 -0.14524353 0.6426079
903 -0.12175298 0.65425223
322 -0.2128242 0.61925745
1578 -0.48100019 0.53046054
356 -0.5001167 0.5286803
208 -0.22608319 0.6182757
1192 -0.27188638 0.6052814
1453 -0.557532 0.5039473
1134 -0.20497784 0.6263225
1814 -0.3254451 0.5866971
1804 -0.16753386 0.63641053
829 -0.15162177 0.64123785
869 -0.33542255 0.5841465
1642 -0.02596767 0.68292886
305 0.05874504 0.7144875
102 0.047218025 0.7101231
1967 -0.09583532 0.6623922
1604 -0.30906898 0.5904217
1576 -0.508841 0.51694363
805 -0.25800353 0.6080403
174 -0.15542129 0.64561945
379 -0.22235528 0.6215026
1944 -0.14913554 0.6401183
264 -0.29144633 0.5968518
552 -0.03739771 0.68530905
1770 -0.20757033 0.62337273
1952 -0.21352604 0.6222514
267 -0.45612934 0.53787094
756 -0.07420461 0.67205316
1971 -0.352717 0.5734493
70 -0.10440843 0.6588445
480 -0.4371524 0.548593
1833 -0.06101292 0.6748647
532 -0.29765445 0.5956661
1848 0.0364912 0.7064542
1896 -0.50601476 0.5243453
1099 -0.25213304 0.6119697
1377 -0.1136803 0.6541421
1697 -0.20995061 0.6260804
1046 -0.1717636 0.6368776
1309 -0.31650022 0.5856823
306 -0.32943788 0.579728
1700 -0.3889357 0.56220096
1716 -0.43454847 0.5473086
94 -0.06521379 0.674589
1646 -0.052565664 0.67677486
351 -0.25958014 0.60658324
1688 -0.12799516 0.6551941
337 -0.2105902 0.62230587
1761 -0.04964366 0.67674655
1149 -0.47934166 0.5328494
365 -0.1706695 0.63803375
620 -0.06672806 0.67338955
296 -0.2629022 0.6064291
663 0.020361602 0.7012627
66 -0.059614167 0.6746873
1366 -0.21151371 0.62207735
1479 -0.11658124 0.6552672
357 -0.48149106 0.53431636
1060 -0.040173966 0.68474084
503 -0.29830274 0.58984745
831 -0.1635584 0.64053833
1965 -0.043075636 0.6821144
1741 -0.3930148 0.56468904
1272 -0.09200436 0.6644999
237 -0.07203004 0.6673874
1474 -0.15644884 0.6435184
1433 -0.097744055 0.6614208
896 -0.31043023 0.5872144
1968 -0.18939398 0.63007
1824 -0.18746029 0.6300063
97 -0.17539085 0.6382209
1385 -0.5606036 0.504257
644 -0.14849594 0.6432435
963 -0.18116674 0.63335276
1719 -0.19781338 0.62842077
1447 -0.19729477 0.6283622
491 -0.31116027 0.5899801
1655 -0.37042487 0.56941354
1715 -0.36310494 0.57116103
1728 -0.16393752 0.64004266
519 -0.071355775 0.6728968
763 -0.28734672 0.5988619
223 -0.2633878 0.60620594
1686 -0.18959518 0.6313427
1932 -0.08441674 0.6673012
761 -0.11279433 0.6581221
852 -0.34835786 0.5723706
35 -0.43726566 0.5466926
751 -0.3841269 0.5616018
1349 -0.2735885 0.60244787
1032 -0.16210154 0.6436321
1821 -0.24815316 0.6118037
1298 -0.3358899 0.5811251
1324 -0.123701625 0.6517316
586 0.0035252676 0.6972675
490 0.05777349 0.7179928
759 -0.3253938 0.58620876
1502 -0.2091513 0.6241581
1699 -0.2253664 0.6174801
1847 -0.77191687 0.43267056
1963 -0.24952821 0.6117773
1210 -0.38145924 0.5644477
858 -0.2885406 0.5957392
1622 -0.17539339 0.63461894
557 -0.13188721 0.6511715
667 -0.14799803 0.64208084
101 0.10918166 0.7376928
1680 -0.2726042 0.59671915
1457 -0.26166132 0.6066146
551 -0.121258944 0.6502798
1837 -0.15814105 0.640645
1079 -0.18930814 0.6313858
1829 -0.29288435 0.5938528
1649 -0.29060492 0.5980177
1666 -0.23441091 0.6154983
271 -0.12560344 0.65338284
893 -0.18117654 0.63427013
211 -0.24015766 0.6107438
991 -0.057900514 0.6759954
1747 -0.3903928 0.56227297
42 -0.37630868 0.5676787
38 -0.5476518 0.5102971
1487 -0.43008274 0.5463359
522 -0.43216616 0.5487844
638 -0.31895 0.583796
16 -0.105200596 0.66017735
469 -0.1643177 0.6401481
1657 -0.17325877 0.63803387
1471 -0.3372603 0.5794107
1633 -0.08762312 0.66607815
867 -0.2811543 0.59823126
1630 -0.6123227 0.4845896
1255 -0.19037656 0.63080996
1840 -0.0983462 0.6622873
1 -0.28951868 0.59637
287 -0.15094195 0.64408976
1850 -0.2540922 0.60969645
666 0.09757525 0.7290647
389 -0.38396493 0.5663838
1964 -0.2498684 0.6061603
1421 -0.20942986 0.6278461
521 -0.21981478 0.6200911
157 -0.24755998 0.6085266
1960 -0.2881189 0.59618706
1634 -0.046981923 0.67766047
1727 -0.34019223 0.5828613
1679 -0.226263 0.6193132
471 -0.2286599 0.61927444
899 0.058326982 0.7160016
459 -0.48679245 0.5291648
1628 -0.5044414 0.52216125
1694 -0.40832877 0.56130797
483 -0.34336215 0.5763811
1078 -0.24261023 0.6144401
1448 -0.16123752 0.64434916
1754 0.0080765635 0.70002484
486 -0.4654539 0.535521
475 -0.058248848 0.67376834
1962 -0.33196777 0.5830207
358 -0.41761398 0.55464387
515 -0.1474142 0.64556307
1080 -0.26186073 0.6053153
743 -0.32619196 0.58201176
577 -0.2628949 0.60615796
1075 -0.21368434 0.6223338
61 -0.11722542 0.6525751
479 -0.013734315 0.69084746
1372 -0.20732953 0.6284343
1662 -0.3471386 0.5771927
1446 -0.4340956 0.55165946
1533 -0.5673878 0.5028776
1948 -0.49412182 0.531118
1461 -0.056693528 0.6696982
1757 -0.09110566 0.66434234
1627 -0.36656564 0.56940097
1429 -0.2173887 0.62169087
1966 -0.035604104 0.683701
582 0.08035174 0.72438586
1692 -0.21439385 0.62215525
1753 0.0666153 0.7167134
242 -0.15060364 0.6449311
462 -0.3746374 0.56886137
807 -0.13072607 0.6537622
478 -0.12294711 0.65411526
1683 -0.211199 0.62211233
499 0.0047538867 0.6972655
388 -0.33192906 0.58257115
789 -0.33930737 0.57675576
109 -0.21355116 0.61967605
307 -0.12690479 0.65472263
1277 -0.26101336 0.60874337
1969 -0.32995227 0.5836344
1758 -0.25396213 0.6088164
265 -0.1162593 0.65699565
1663 -0.13671592 0.64816314
488 -0.037114747 0.6810571
1638 -0.15159108 0.6432757
496 -0.22974767 0.61558586
492 -0.10810132 0.661829
830 -0.19164248 0.62934077
513 -0.2282577 0.62257427
1629 -0.4290301 0.5470966
1299 -0.12512337 0.6523232
1626 -0.39887196 0.560717
904 -0.3172019 0.58685946
153 -0.18524785 0.6331681
1577 -0.2229805 0.6166402
1645 -0.3120431 0.5907838
1671 -0.42544907 0.551916
206 -0.24499997 0.6116674
905 -0.23201448 0.61715186
1742 -0.3767582 0.56403977
1639 -0.27700007 0.6037882
225 -0.16666603 0.6396047
405 -0.5962998 0.49354342
1950 -0.43684217 0.54471755
943 -0.19980438 0.62104386
489 0.021144675 0.7017548
1756 -0.15967438 0.6390707
147 -0.110827774 0.65718466
1974 -0.33646077 0.57817847
1620 -0.58827305 0.4932231
962 -0.35707402 0.5740445
477 -0.33807725 0.5844885
1632 -0.2675558 0.6016848
1648 -0.15778424 0.64068985
1093 -0.49403614 0.5283501
1954 -0.13652177 0.64916456
1958 -0.054501515 0.67742044
757 -0.30760598 0.58991987
758 -0.026350457 0.6824573
906 -0.56104946 0.5052092
