1763 2
502 0.66203827 -0.14684959
1130 0.63253725 -0.20942427
320 0.6431041 -0.1903641
736 0.7058585 -0.04623544
649 0.60193235 -0.28253785
1469 0.59725606 -0.28834054
1368 0.5462543 -0.41084236
1440 0.4954779 -0.52149516
1065 0.6098007 -0.26250583
354 0.7117556 -0.039352935
238 0.65578496 -0.17333533
732 0.55289143 -0.39132735
1075 0.5801825 -0.33119592
383 0.5982971 -0.27816698
1409 0.5728195 -0.3477363
812 0.5896846 -0.30497906
580 0.677941 -0.10881489
1261 0.5865114 -0.3128217
428 0.58251137 -0.32314208
1110 0.6955353 -0.07847019
819 0.52905244 -0.4327073
1020 0.66151166 -0.13683636
838 0.6932716 -0.08024473
1019 0.5962991 -0.30091634
1295 0.48763412 -0.5395283
670 0.5769968 -0.33251002
394 0.5497131 -0.40699926
809 0.5216105 -0.48024172
1454 0.6841358 -0.09644652
813 0.57354105 -0.35659435
1548 0.6841492 -0.09053148
744 0.63319504 -0.21493727
800 0.616109 -0.24232331
645 0.56792843 -0.3536534
60 0.55992234 -0.3790399
526 0.66461605 -0.14525677
1072 0.6094949 -0.25797054
558 0.47257712 -0.57955825
1067 0.63695496 -0.2144227
785 0.70289636 -0.04636962
1232 0.60823673 -0.26511544
765 0.60242194 -0.28313962
1358 0.5546694 -0.38714176
576 0.5953578 -0.29380932
1559 0.5880809 -0.31377077
1123 0.5594455 -0.3644104
899 0.5636411 -0.36014208
1204 0.6670143 -0.13600641
230 0.7663258 0.0778263
793 0.5763945 -0.35355288
846 0.6524975 -0.17762744
432 0.54988825 -0.39742514
662 0.61253923 -0.26381105
1364 0.64622486 -0.17569056
219 0.6058074 -0.27675617
674 0.69335407 -0.074173234
740 0.737101 0.025422283
751 0.64666075 -0.17231926
721 0.6042668 -0.28276682
960 0.58021545 -0.3223895
821 0.58340394 -0.31618536
581 0.5674859 -0.3592021
1237 0.5619109 -0.3738191
829 0.62616116 -0.21835478
1317 0.5517031 -0.38180754
1787 0.4957538 -0.52968776
665 0.5736321 -0.33320758
395 0.49335524 -0.5308051
1509 0.53986657 -0.42160636
716 0.6385392 -0.19868957
642 0.61869943 -0.24850951
626 0.7403781 0.03316964
503 0.5704107 -0.3653505
568 0.61809933 -0.24937081
958 0.63201886 -0.2124612
830 0.5929129 -0.30683118
596 0.60888547 -0.2693122
1217 0.67824113 -0.11153624
1312 0.61676264 -0.23376264
1157 0.57671314 -0.34024107
335 0.64513767 -0.18752812
1747 0.59737444 -0.2907486
929 0.58462626 -0.32013586
1095 0.6195667 -0.25245473
807 0.66720766 -0.1369071
1069 0.6139982 -0.25454032
641 0.7050719 -0.048974
956 0.5776201 -0.33443946
1360 0.64522064 -0.18679363
837 0.45559368 -0.60212576
640 0.62930954 -0.226189
1412 0.6132866 -0.25838515
943 0.64944357 -0.16402705
319 0.644978 -0.18877746
863 0.5207292 -0.47714353
531 0.5130791 -0.48046675
906 0.64854985 -0.17022021
653 0.6194607 -0.23768473
631 0.6313752 -0.21052994
1362 0.68153656 -0.10705882
635 0.68849325 -0.095463805
1455 0.5996791 -0.27771693
1512 0.54556596 -0.40711445
669 0.6764131 -0.11686435
876 0.54232585 -0.4121399
55 0.6880499 -0.08762653
1457 0.594698 -0.3011964
1062 0.5286567 -0.43303382
1143 0.4613258 -0.5991216
1365 0.5744269 -0.32641008
1114 0.57885456 -0.331842
1021 0.5233583 -0.46891934
811 0.6135447 -0.25349087
399 0.6699289 -0.13610777
1023 0.58076507 -0.32643804
1395 0.53009 -0.44131327
735 0.5657709 -0.36019152
1215 0.6119934 -0.2553943
595 0.6212059 -0.2275499
949 0.5549138 -0.38610002
1248 0.5973189 -0.2978123
554 0.60744476 -0.2847174
560 0.5735683 -0.340387
347 0.6578668 -0.15369007
893 0.55125064 -0.37692037
723 0.65715575 -0.14953537
591 0.7095228 -0.037107214
1369 0.5621533 -0.37497708
506 0.6530937 -0.16277531
95 0.561504 -0.36194208
610 0.6490368 -0.17962836
618 0.5352869 -0.43061838
836 0.5861304 -0.31776333
358 0.64119565 -0.18717031
981 0.5537413 -0.385891
919 0.5328498 -0.44542536
1533 0.5800774 -0.32722285
525 0.6353264 -0.20436688
563 0.5878012 -0.30990854
1139 0.5568445 -0.37929893
896 0.53197026 -0.43973854
1403 0.5902429 -0.3044407
167 0.5875827 -0.31009898
1227 0.48919258 -0.5364918
639 0.63337666 -0.19928423
1296 0.6883345 -0.09034698
664 0.5488968 -0.39452368
550 0.54808617 -0.4043418
420 0.6091251 -0.27431488
627 0.6197524 -0.24879166
611 0.72308254 -0.01360359
622 0.62477976 -0.23917791
927 0.7269809 -0.0052952697
970 0.6124244 -0.26783374
1103 0.42110547 -0.7017124
1006 0.61435735 -0.25956038
216 0.5975744 -0.28315675
1076 0.5980627 -0.2833434
573 0.54991084 -0.39805055
984 0.5688334 -0.3536154
788 0.72149444 -0.0061559943
572 0.55540764 -0.3901502
1129 0.56608534 -0.36505935
778 0.6004256 -0.2756401
1610 0.6810809 -0.09654165
817 0.5970608 -0.29086092
825 0.55579716 -0.3696216
657 0.67401725 -0.11812593
1318 0.607886 -0.27526364
1293 0.6067956 -0.2614116
1052 0.62470436 -0.23126897
1393 0.5927098 -0.3095693
1304 0.57501245 -0.33312067
1016 0.5455857 -0.39925498
833 0.7372811 0.029219415
353 0.5481537 -0.4064252
1226 0.578395 -0.33436176
881 0.6074941 -0.26283514
1282 0.60895956 -0.2696875
873 0.6149177 -0.2434697
1093 0.5127296 -0.47201538
602 0.7402453 0.03735971
787 0.5980035 -0.28287014
1585 0.52631724 -0.44051215
1497 0.5814945 -0.32508993
599 0.59155285 -0.29797187
542 0.63541996 -0.21881622
1276 0.6742683 -0.11979703
1272 0.56510764 -0.36394355
403 0.5916705 -0.30288616
437 0.62022346 -0.23892531
1420 0.5959588 -0.29234508
1028 0.70616 -0.045832634
1145 0.6871486 -0.09161904
743 0.6133432 -0.26570126
1033 0.48943377 -0.54018813
1219 0.52090085 -0.46465242
1366 0.53587425 -0.43405315
143 0.65599126 -0.15460776
1591 0.5742341 -0.34059885
964 0.6038245 -0.2713569
415 0.63209057 -0.2225718
926 0.6351113 -0.20092866
614 0.6160688 -0.24258414
600 0.70111275 -0.06391595
648 0.57077575 -0.35735604
763 0.5350108 -0.43255386
508 0.6371672 -0.20934725
435 0.5875792 -0.31080922
717 0.66575944 -0.14803267
515 0.6118388 -0.26090133
1702 0.6354645 -0.19969201
1696 0.54877734 -0.3997107
1352 0.6952131 -0.07073261
760 0.6877044 -0.08029589
505 0.6108113 -0.265767
1635 0.6617334 -0.1453589
915 0.5944047 -0.30988005
411 0.66098434 -0.14253746
1229 0.6103461 -0.2535584
772 0.63863564 -0.20277752
762 0.5730813 -0.34838033
59 0.8387266 0.23376274
359 0.63483495 -0.20451003
1433 0.62735236 -0.23094466
315 0.6156145 -0.24937963
1194 0.57716674 -0.34651437
909 0.489454 -0.52065986
1642 0.52994883 -0.45613635
562 0.6432029 -0.20152245
1516 0.60323334 -0.2759143
1260 0.6416961 -0.1895345
679 0.56995803 -0.34443384
402 0.65723157 -0.15610714
672 0.60545146 -0.26922432
1383 0.577869 -0.33236623
1600 0.5920801 -0.30504453
1329 0.6787276 -0.10336826
739 0.70784837 -0.042103738
1371 0.6189867 -0.25127137
1555 0.66456527 -0.14258517
668 0.5904703 -0.3136365
1792 0.5133255 -0.48755014
632 0.6587766 -0.14829133
192 0.618998 -0.2423225
1027 0.5613805 -0.36478394
348 0.7111255 -0.031767674
537 0.5741068 -0.35100502
405 0.6166154 -0.2522142
742 0.70433176 -0.038867302
1423 0.6528681 -0.16579011
720 0.6117737 -0.26202267
621 0.6633509 -0.14385192
948 0.525887 -0.44356087
387 0.5129645 -0.48349023
1742 0.508585 -0.47996268
650 0.5225115 -0.45968258
1280 0.7054257 -0.053791616
1230 0.64962023 -0.17059201
1601 0.60801744 -0.26061767
1026 0.56604236 -0.36371034
1301 0.6563748 -0.15863116
1677 0.6354227 -0.19581167
1113 0.53063697 -0.42900178
1173 0.48928177 -0.5273246
529 0.5945105 -0.29350445
436 0.6725165 -0.119231455
1796 0.65821326 -0.14933132
79 0.74256146 0.040666077
1003 0.5711024 -0.34063435
1154 0.6332062 -0.2084641
1078 0.5258979 -0.45108476
681 0.64998496 -0.17592655
1733 0.55710346 -0.3709116
878 0.5595498 -0.37229925
844 0.6298378 -0.21827282
1302 0.57125115 -0.3445714
1292 0.6234626 -0.229876
1435 0.5730854 -0.35386544
397 0.62367594 -0.23561704
882 0.59621614 -0.29504165
10 0.6186273 -0.25277814
1578 0.6699683 -0.13182878
1288 0.5824495 -0.3221382
1483 0.5037452 -0.5134844
1117 0.59287566 -0.29569533
1661 0.60231674 -0.27320427
605 0.70605046 -0.047430366
934 0.64437324 -0.17874062
1278 0.64628893 -0.17498156
987 0.5772824 -0.3309834
513 0.74046785 0.023433203
848 0.6478272 -0.16324513
324 0.64158875 -0.19040696
979 0.58248377 -0.31500965
147 0.49070144 -0.5249153
1269 0.5549464 -0.38946205
151 0.6129978 -0.26006263
114 0.71615314 -0.030682068
866 0.49949318 -0.50863045
822 0.6119444 -0.24378748
328 0.46601686 -0.58881336
1085 0.44972938 -0.625942
795 0.6279605 -0.22442783
767 0.595513 -0.29625472
91 0.5517249 -0.40414375
902 0.6925897 -0.0711238
1101 0.6106041 -0.26630646
663 0.5271422 -0.45572627
538 0.58426887 -0.32346344
918 0.63301057 -0.20531793
865 0.57888645 -0.33089343
711 0.63369006 -0.21194698
1807 0.68253803 -0.09802649
792 0.5158961 -0.47572947
1458 0.5844849 -0.32558483
1000 0.55990577 -0.37973216
884 0.5338012 -0.433763
900 0.6313922 -0.21422696
1462 0.5186976 -0.46321955
1128 0.5773526 -0.34148037
413 0.5755431 -0.3340839
1426 0.4537519 -0.614071
323 0.5842222 -0.3205835
661 0.5455806 -0.39627948
105 0.61410064 -0.24955095
1353 0.6323916 -0.20057988
318 0.64643145 -0.17509077
903 0.5777955 -0.33715016
722 0.5415241 -0.41062033
646 0.65394074 -0.15552084
859 0.5724504 -0.3402903
530 0.6732508 -0.110127136
427 0.7261685 0.00413609
1384 0.56385165 -0.3588708
1134 0.49663314 -0.5139657
1247 0.62244964 -0.23533982
658 0.7002266 -0.053557314
1203 0.64396924 -0.18853642
556 0.57035357 -0.31796014
638 0.6441081 -0.1760734
409 0.69379413 -0.08092195
23 0.564822 -0.3522873
715 0.60075885 -0.2806449
1192 0.52836907 -0.44559112
575 0.504499 -0.5028052
1419 0.56881315 -0.3449719
916 0.6456349 -0.1642822
1071 0.64054275 -0.19929715
522 0.5581915 -0.39220437
1036 0.51929486 -0.4615839
752 0.61732066 -0.25152516
1521 0.68214726 -0.11262714
384 0.65821326 -0.15014414
170 0.57155865 -0.34540498
1806 0.5045296 -0.50696284
1034 0.5778856 -0.34026942
1798 0.479478 -0.5431867
1698 0.5241498 -0.46211672
823 0.57193416 -0.34591216
613 0.5253648 -0.46529445
1410 0.5069452 -0.48759043
804 0.58296597 -0.3193674
144 0.5159895 -0.47419527
973 0.7237998 -0.0046314904
907 0.55689055 -0.38297978
820 0.5607646 -0.37210998
935 0.7556496 0.06498313
1040 0.61861086 -0.23455533
386 0.6164756 -0.25063303
954 0.6882924 -0.077537075
1308 0.6588885 -0.16086051
798 0.59034336 -0.30770162
889 0.6233573 -0.23501907
172 0.62093264 -0.23686671
165 0.70659906 -0.03537241
1511 0.6235708 -0.24581419
1705 0.60691106 -0.26874876
955 0.6392448 -0.1950514
534 0.65758866 -0.14665323
1120 0.5994971 -0.2924556
1781 0.517646 -0.48060444
221 0.6141475 -0.24386922
217 0.63709325 -0.18982452
240 0.64038384 -0.19205101
925 0.54362756 -0.3995082
545 0.57178986 -0.34626108
1126 0.6090931 -0.27258465
567 0.4940334 -0.5250492
928 0.46811065 -0.5775276
969 0.6951314 -0.07577787
1489 0.61699796 -0.24996704
1735 0.5582068 -0.37363154
636 0.61031705 -0.2686826
103 0.6028436 -0.28707078
834 0.6550424 -0.15889312
557 0.6221161 -0.23061244
426 0.52992374 -0.43609074
1195 0.64809126 -0.18001397
967 0.60655034 -0.2571326
1127 0.644824 -0.18381616
64 0.66046566 -0.14064226
1672 0.5660174 -0.3580385
149 0.6104224 -0.26196685
832 0.60722923 -0.2742749
539 0.57543 -0.33887562
1446 0.5405251 -0.41162595
769 0.66520923 -0.13632196
660 0.6748562 -0.11800097
1473 0.56605107 -0.35641938
423 0.6036554 -0.26870906
1025 0.65788656 -0.15499282
771 0.5724997 -0.35252485
1305 0.6819145 -0.10175975
768 0.6321466 -0.2010739
1240 0.6079016 -0.27087322
322 0.5210669 -0.465152
1152 0.6226352 -0.2363565
352 0.61821496 -0.23476253
1165 0.6611606 -0.14220399
1690 0.65135634 -0.16263488
507 0.5032813 -0.50101304
1597 0.6285563 -0.21738444
1464 0.72991675 0.016420094
651 0.6989686 -0.060889803
1104 0.6851911 -0.10503485
501 0.6328317 -0.20495658
108 0.5954572 -0.30616847
1491 0.68999064 -0.082696095
625 0.60746855 -0.2547506
331 0.53876936 -0.40985104
338 0.56969047 -0.3494175
398 0.65556943 -0.16704884
1763 0.61125964 -0.25677913
604 0.57373834 -0.3462483
166 0.514695 -0.47413057
1258 0.5645637 -0.36511773
1082 0.5842101 -0.31065908
587 0.6221197 -0.24363755
803 0.7424408 0.032378905
566 0.66693664 -0.14703475
282 0.6051801 -0.27708563
1604 0.6147963 -0.24875483
1324 0.5477854 -0.39559907
1460 0.6555439 -0.16404717
370 0.690064 -0.104739234
991 0.65280324 -0.15425214
1125 0.6455216 -0.18439613
1357 0.58458817 -0.31339142
799 0.5296052 -0.4486345
1001 0.5443413 -0.4130198
758 0.6435782 -0.17619373
1073 0.6836366 -0.10163301
365 0.60912627 -0.26397067
597 0.67484283 -0.1111074
588 0.70495546 -0.05709416
102 0.6181002 -0.2456304
1790 0.5777029 -0.32786414
1266 0.6388888 -0.204533
333 0.63587785 -0.20218346
754 0.5945962 -0.30133808
498 0.5827285 -0.31022805
419 0.60053986 -0.28953478
1183 0.5806636 -0.32083136
1350 0.66411644 -0.14741221
1236 0.56827146 -0.3486989
408 0.60272163 -0.27093786
953 0.57278776 -0.34455168
1249 0.52941567 -0.4435835
1330 0.63584983 -0.19696088
1564 0.5740014 -0.3364266
1314 0.5804729 -0.31374636
616 0.5314461 -0.4430497
687 0.555474 -0.3891707
1356 0.5976056 -0.28275937
1162 0.57219046 -0.34737548
433 0.6608256 -0.13538654
1135 0.569861 -0.3551433
908 0.58808255 -0.3136808
868 0.56365657 -0.366446
617 0.4848103 -0.54048175
685 0.5949277 -0.28230256
1396 0.5641478 -0.36643296
1328 0.5873017 -0.31567055
779 0.5409546 -0.41217896
1297 0.58729404 -0.3132619
1287 0.6135085 -0.25738552
609 0.72348225 -0.010130534
1056 0.66975117 -0.12731858
514 0.60473967 -0.2645168
816 0.5082999 -0.46923083
546 0.615416 -0.25050962
1363 0.6911256 -0.08442215
1213 0.66114503 -0.14305009
598 0.7390256 0.020083297
963 0.5678574 -0.3430083
98 0.6561684 -0.16138881
431 0.6332592 -0.2018089
1041 0.62761474 -0.22059914
373 0.64583176 -0.17540553
569 0.6341215 -0.20370975
1331 0.6454649 -0.17910331
851 0.6096921 -0.26199505
1031 0.49124092 -0.53370285
107 0.56655943 -0.35621324
570 0.6139455 -0.24782589
1709 0.5658408 -0.37325627
86 0.71584964 -0.023315303
418 0.45908684 -0.6030511
1321 0.582098 -0.31387255
1553 0.50985837 -0.4789617
99 0.6095236 -0.26392314
676 0.5875498 -0.30370808
1161 0.5690865 -0.34926924
947 0.61976033 -0.23960201
148 0.6367477 -0.19534041
559 0.56475145 -0.36627978
959 0.5472363 -0.40750942
497 0.6591168 -0.16103351
1107 0.6348261 -0.2099758
1486 0.64360005 -0.19477025
1606 0.5128543 -0.48665443
1528 0.62045676 -0.24636038
89 0.57241267 -0.347098
1584 0.44563437 -0.6362117
942 0.584796 -0.31957543
1586 0.5301427 -0.4548316
231 0.73114526 0.013100764
1520 0.64879555 -0.17335787
1468 0.64368176 -0.18093872
1359 0.59890395 -0.29409927
719 0.6486268 -0.17266257
766 0.68338716 -0.089327864
1401 0.61779094 -0.25178897
871 0.55365527 -0.39433303
818 0.5376157 -0.4134072
1228 0.49518836 -0.5318801
547 0.6632173 -0.14187504
528 0.6671122 -0.13882498
727 0.57994956 -0.323439
233 0.504025 -0.50971687
1188 0.6989587 -0.0568785
317 0.543334 -0.4185841
585 0.5051003 -0.5079277
381 0.65064865 -0.16533098
1042 0.5220184 -0.46349248
1783 0.59551525 -0.2961107
416 0.65107715 -0.17530482
1238 0.5446874 -0.41201815
366 0.57914793 -0.32022753
824 0.62906843 -0.2153677
1568 0.6150708 -0.24659306
111 0.64619774 -0.1794883
781 0.45943668 -0.59815097
1537 0.6181201 -0.23979472
890 0.6224597 -0.24035984
980 0.592472 -0.30507538
673 0.5648183 -0.3602613
1488 0.61631477 -0.24319267
683 0.6124158 -0.25006893
321 0.6247384 -0.2233915
624 0.57072824 -0.35359782
1398 0.55312777 -0.38585934
1546 0.616501 -0.25082883
65 0.73468196 0.02130521
212 0.64702857 -0.18491676
790 0.64694035 -0.1820527
524 0.5266776 -0.45859304
1566 0.52761275 -0.45830205
939 0.629378 -0.21324739
724 0.70408946 -0.044085585
392 0.62482095 -0.22187468
1116 0.6202418 -0.24412541
912 0.6046446 -0.26652563
124 0.6594537 -0.15227644
738 0.6189794 -0.23704113
930 0.54745376 -0.40197113
336 0.60871404 -0.24845968
85 0.7758908 0.094410196
938 0.5431299 -0.42081314
786 0.619452 -0.23641597
1235 0.49013755 -0.5421526
1011 0.5448481 -0.40712613
1413 0.65490717 -0.16804065
1706 0.5825981 -0.3232769
1299 0.69872427 -0.05726181
346 0.5753339 -0.33701906
1789 0.566905 -0.35367683
140 0.59063166 -0.31199634
962 0.32638758 -0.894887
350 0.58778316 -0.30343798
615 0.6371955 -0.19778465
911 0.5379516 -0.43404108
1254 0.6951776 -0.0702348
1017 0.5760126 -0.33641836
885 0.5451458 -0.41017354
1084 0.5914774 -0.3171563
1626 0.6739191 -0.118133955
759 0.6065434 -0.27486867
449 0.58440095 -0.31976047
458 0.43742585 -0.65201896
941 0.63741046 -0.20528328
1039 0.57580084 -0.33659405
1111 0.62238264 -0.24615207
53 0.627878 -0.2306135
1523 0.66919065 -0.12911223
945 0.61728585 -0.25231552
1692 0.5817362 -0.32404146
1805 0.5373388 -0.41908652
634 0.6504795 -0.17106499
447 0.73758286 0.030253902
1087 0.58133423 -0.3104221
1713 0.49564716 -0.5108259
425 0.6048776 -0.27442247
334 0.73058397 0.006397268
1527 0.52262604 -0.4600817
1285 0.5005675 -0.51008964
860 0.6198143 -0.24347508
666 0.5408795 -0.42403063
1091 0.73287696 0.0075648567
450 0.5338394 -0.43896914
1723 0.52067554 -0.4667364
814 0.6215258 -0.23653245
895 0.6225028 -0.22905679
1589 0.5631374 -0.37302434
761 0.7124847 -0.03956385
1534 0.57122976 -0.3548242
1405 0.61282504 -0.25497016
1138 0.6309621 -0.20934641
1218 0.60893506 -0.26048705
1498 0.5779345 -0.34649736
48 0.7344578 0.021165583
1704 0.5391096 -0.41787994
968 0.6373774 -0.20596379
1147 0.58948463 -0.31050932
1382 0.5813562 -0.3266185
619 0.6343381 -0.21224242
944 0.5706847 -0.3412223
1459 0.60564107 -0.27680337
1731 0.5593809 -0.38915393
725 0.656746 -0.1574813
388 0.64907706 -0.15776491
1259 0.67470646 -0.11096147
1007 0.6534284 -0.15817922
421 0.6974077 -0.080443464
1346 0.5120565 -0.4852634
1695 0.63367134 -0.20510633
241 0.6433874 -0.18173629
1361 0.6459613 -0.17090626
1577 0.5164695 -0.47263518
1172 0.6843868 -0.08817623
629 0.5902447 -0.30235818
1432 0.65870655 -0.15304238
1408 0.64295536 -0.17702945
796 0.6089615 -0.26846856
1493 0.6053606 -0.26315594
726 0.5802913 -0.32943052
1689 0.6171532 -0.2448922
1144 0.6520353 -0.17203364
1186 0.5776924 -0.32750842
193 0.5623486 -0.37732178
229 0.6722742 -0.12264008
782 0.68670213 -0.09209867
1778 0.5907153 -0.30347738
628 0.6744319 -0.11394206
337 0.63378155 -0.19501731
1519 0.67907053 -0.11888052
84 0.67298055 -0.116889365
96 0.55443 -0.3932641
1507 0.505647 -0.49975017
1169 0.54574955 -0.4129608
364 0.5902722 -0.3100442
1348 0.534912 -0.43811297
273 0.550994 -0.37558404
441 0.5699562 -0.34719974
1190 0.60763985 -0.25771627
1431 0.6680667 -0.12488498
1345 0.6166857 -0.2545602
965 0.73506844 0.016419798
504 0.72912556 0.0062769335
459 0.5899959 -0.3093304
1149 0.551457 -0.40466082
872 0.6904196 -0.09018277
1422 0.5266825 -0.44984493
729 0.5137748 -0.47358087
1121 0.5564197 -0.38599724
1759 0.670618 -0.13393126
607 0.6332875 -0.1981024
1776 0.6572249 -0.15600923
15 0.69316643 -0.066138245
1649 0.6378541 -0.20105422
718 0.63538766 -0.20435098
1540 0.5282724 -0.43460768
401 0.68953526 -0.08276084
686 0.7042273 -0.041210566
1470 0.64467776 -0.16976945
946 0.6360426 -0.20113358
1541 0.60234517 -0.28570345
1795 0.67281955 -0.1191682
121 0.56817967 -0.35318357
728 0.6424321 -0.18847322
521 0.5391741 -0.41981515
806 0.452098 -0.6172675
374 0.5397293 -0.4272024
1124 0.62153846 -0.23438512
1208 0.537844 -0.42951733
578 0.6290273 -0.22658136
589 0.6298398 -0.2180596
1535 0.60948104 -0.2604721
831 0.66394997 -0.15029505
1132 0.63246983 -0.20540306
1106 0.5613836 -0.37607113
553 0.62837565 -0.22806475
445 0.63012195 -0.21323913
14 0.5303643 -0.4490881
389 0.6669459 -0.12940098
62 0.56633854 -0.36068898
1450 0.6586964 -0.14038903
845 0.5916512 -0.3051188
982 0.6071427 -0.2666772
630 0.634121 -0.20880316
340 0.6243197 -0.23213817
1086 0.6352509 -0.20073394
243 0.69199187 -0.08285503
396 0.5986379 -0.28334865
734 0.64101636 -0.19609858
1518 0.54605716 -0.40205425
393 0.6643431 -0.12736881
1122 0.59521353 -0.29120597
349 0.554495 -0.38907173
1385 0.609001 -0.2601064
1532 0.6140693 -0.2600469
802 0.7877885 0.14181222
82 0.57180756 -0.33953014
142 0.6003023 -0.2758652
974 0.5897505 -0.3085788
27 0.6915806 -0.07751027
1079 0.50338376 -0.5012775
1372 0.64907837 -0.16687185
500 0.64108354 -0.19208711
849 0.65483856 -0.1667009
1189 0.70181686 -0.067993164
549 0.6314795 -0.21682173
741 0.62763447 -0.22264202
1313 0.5260648 -0.44907153
643 0.5776152 -0.3299698
541 0.6322969 -0.21593899
1105 0.52766615 -0.45060393
1180 0.7018217 -0.0505676
1707 0.60462433 -0.27982724
1163 0.68312955 -0.097752914
1191 0.5592666 -0.38173196
961 0.5996102 -0.29171872
1745 0.6316974 -0.21640994
1715 0.5081291 -0.48131776
292 0.7181258 -0.0011722397
1427 0.54170656 -0.40727898
145 0.5006659 -0.4878119
1179 0.64380366 -0.18523379
434 0.693813 -0.08232147
1387 0.610326 -0.26225495
512 0.704654 -0.04851071
1077 0.54536337 -0.4127515
417 0.66028386 -0.14702559
1225 0.6385041 -0.19170663
1176 0.6490827 -0.1752593
1068 0.6589739 -0.14935571
1303 0.60299003 -0.26901314
1526 0.6434023 -0.18651512
901 0.6322694 -0.20502831
931 0.63534534 -0.19787359
1386 0.67009175 -0.12540358
1004 0.5982912 -0.29287097
58 0.6244067 -0.22542685
1734 0.6632629 -0.13892876
404 0.6719321 -0.12684458
1367 0.5760956 -0.3411773
1793 0.57849956 -0.32168767
1381 0.57755 -0.33518443
1674 0.5753868 -0.3321622
712 0.72389865 -0.0005001652
245 0.61795264 -0.24659428
1562 0.53211635 -0.42933235
1012 0.5891947 -0.3009802
850 0.66322494 -0.14468928
1209 0.5888071 -0.30315456
1683 0.573914 -0.337846
325 0.60309076 -0.2802399
1714 0.5433641 -0.4048098
1220 0.65534544 -0.17139359
842 0.6445648 -0.18067025
677 0.65499365 -0.16028704
1791 0.63758975 -0.1935137
215 0.6231548 -0.24088643
152 0.655714 -0.15342559
1478 0.75046444 0.039745096
1406 0.5959402 -0.29431838
175 0.6052544 -0.27177227
1323 0.60026455 -0.29022548
1311 0.5159436 -0.46974635
1088 0.5240319 -0.453613
1092 0.619257 -0.23785794
188 0.6247348 -0.22900705
869 0.62989205 -0.21777661
1047 0.6007124 -0.282781
730 0.5328082 -0.43394864
1119 0.6871839 -0.09232534
1394 0.6164343 -0.25400215
1545 0.76672506 0.067585476
1030 0.65418917 -0.15448757
555 0.5632428 -0.3685867
21 0.6879083 -0.08929054
826 0.6290317 -0.22212419
1404 0.61707807 -0.24285857
1447 0.48475537 -0.54742205
1547 0.63280314 -0.21523203
1463 0.6540056 -0.17119254
870 0.49311727 -0.5192992
1370 0.60469466 -0.26988965
274 0.49755934 -0.5181827
1094 0.5684641 -0.34717444
731 0.56722647 -0.35751238
564 0.65836793 -0.15784949
867 0.55070156 -0.40837315
1656 0.6550164 -0.15100777
50 0.7841714 0.11765745
877 0.6129789 -0.24684526
1797 0.5690603 -0.34888893
913 0.5521999 -0.3890008
1719 0.6228948 -0.22262473
376 0.6605519 -0.15716931
258 0.60782886 -0.25563598
157 0.7335023 0.0053578345
109 0.57926047 -0.3389004
856 0.67798203 -0.10834325
56 0.5305394 -0.45050505
1673 0.5591239 -0.39009553
1461 0.62831837 -0.2243765
608 0.6207027 -0.23842499
1241 0.5695602 -0.35931277
1142 0.6060338 -0.2794509
228 0.63528335 -0.20493057
897 0.66674846 -0.14018258
1046 0.6047552 -0.27420855
6 0.6184226 -0.2418127
1487 0.6558472 -0.1559368
316 0.63228595 -0.22970264
714 0.7101705 -0.029425714
1417 0.575643 -0.34607142
1496 0.6612791 -0.15203033
360 0.59670085 -0.2931744
1307 0.52305907 -0.4500437
1539 0.70229524 -0.045540463
1576 0.55889803 -0.36873618
1598 0.52828515 -0.43862137
1501 0.6102458 -0.25914428
713 0.6391251 -0.19830586
966 0.5469711 -0.4021298
519 0.6643338 -0.13953285
1804 0.53702146 -0.42653343
857 0.5647435 -0.37071335
1615 0.5642557 -0.35288996
533 0.57490045 -0.33805025
1022 0.664927 -0.13242061
1205 0.57818294 -0.339473
1720 0.52107114 -0.45461863
168 0.71025246 -0.04586679
1074 0.62281567 -0.22040385
1625 0.5265818 -0.45021883
774 0.6259611 -0.23346157
1505 0.663994 -0.14627348
565 0.58208823 -0.32047975
218 0.67898124 -0.09847687
1347 0.5876913 -0.2999363
827 0.5164332 -0.48807913
314 0.6349182 -0.20401786
440 0.6282912 -0.21711421
1257 0.67855805 -0.11430948
540 0.78142637 0.12456107
17 0.56502396 -0.35849196
637 0.68930155 -0.07830993
1223 0.58097017 -0.3271265
1679 0.57685256 -0.34847847
1051 0.6739297 -0.117552064
235 0.59293985 -0.28166294
1234 0.67219156 -0.12222973
791 0.59384674 -0.30523977
355 0.59296477 -0.29441774
999 0.60653 -0.26659748
1338 0.6355105 -0.2104808
914 0.49926043 -0.51526093
1335 0.5918679 -0.30004364
1438 0.4957399 -0.5129401
710 0.6270484 -0.21673302
1243 0.6027185 -0.26874375
1617 0.5661023 -0.37399608
1592 0.7449461 0.05093416
1199 0.65330577 -0.16460413
259 0.5514952 -0.3948139
286 0.7339287 0.012709301
171 0.56823254 -0.34307995
548 0.44783974 -0.6354398
1141 0.6698501 -0.115905054
518 0.675964 -0.11200111
311 0.7376115 0.03857283
1751 0.729358 -0.0007587404
1482 0.6185206 -0.23021416
904 0.65474445 -0.1755438
1613 0.56904066 -0.34997514
1466 0.50536174 -0.49731356
351 0.69542664 -0.070147775
1373 0.57975405 -0.3330691
1090 0.7113539 -0.024170961
1055 0.49297956 -0.52620304
304 0.49459746 -0.5176836
1155 0.67534745 -0.10867763
737 0.46097985 -0.5970951
797 0.5669904 -0.36830786
2 0.65772665 -0.1445124
1741 0.6080916 -0.27099368
582 0.67194384 -0.11735367
1749 0.48349544 -0.5490947
382 0.69660115 -0.07100582
1416 0.6058142 -0.28041276
983 0.5298761 -0.4520975
1008 0.53878206 -0.42030072
1391 0.5264553 -0.44553855
883 0.62895554 -0.2308237
414 0.62181485 -0.23542228
1429 0.61649317 -0.23269682
367 0.5798008 -0.3326806
187 0.652365 -0.17041695
430 0.5342563 -0.44676375
1268 0.6142736 -0.25695512
378 0.6615651 -0.15474586
777 0.55193835 -0.3868741
1449 0.61777765 -0.24123874
1059 0.6764963 -0.10943531
1653 0.6365737 -0.20450392
1166 0.5835712 -0.31196356
1788 0.4772007 -0.559085
1060 0.5986883 -0.28517678
1415 0.5214643 -0.45852888
1694 0.5487521 -0.40184975
1687 0.62231493 -0.23743758
1264 0.6181898 -0.24044454
1310 0.64653593 -0.18463963
1014 0.68217885 -0.09921925
1096 0.64302886 -0.18738371
1621 0.53482515 -0.4288403
571 0.61363435 -0.24675718
1753 0.59834003 -0.2928296
1159 0.5532772 -0.3933641
1349 0.64006656 -0.19957326
1743 0.70528555 -0.042543475
1650 0.5975355 -0.29011634
992 0.55193484 -0.38191655
1136 0.6532975 -0.16623603
339 0.5603338 -0.37684754
104 0.6264933 -0.22867298
684 0.6444791 -0.19369693
843 0.55984336 -0.37242475
1108 0.6930011 -0.083014235
1632 0.60820013 -0.27594578
1504 0.5938853 -0.30727935
80 0.67571634 -0.11213635
801 0.58797044 -0.3160749
1688 0.52148163 -0.45386383
110 0.5896402 -0.29953963
1024 0.6345906 -0.19269097
371 0.53314734 -0.43391997
444 0.63628477 -0.20356852
207 0.6111913 -0.25203916
380 0.66236377 -0.15254505
1682 0.5458661 -0.4085503
57 0.5925404 -0.29829353
276 0.6582295 -0.15673052
412 0.67580634 -0.119144104
1676 0.5804564 -0.32816318
1279 0.55969346 -0.3782186
1651 0.7106515 -0.035633974
1146 0.73343015 0.02876688
1434 0.6982715 -0.06147343
841 0.66465336 -0.13781899
22 0.6128011 -0.25006878
1495 0.6511925 -0.16711245
678 0.58141696 -0.31664985
808 0.48625207 -0.5478689
1354 0.6097894 -0.26890314
1699 0.6342737 -0.20465828
1397 0.6403383 -0.18883201
1064 0.5868392 -0.30708188
1291 0.58365315 -0.32064047
972 0.62589246 -0.22788742
1627 0.59098065 -0.29869902
9 0.6335356 -0.20698825
1686 0.6564525 -0.16178012
257 0.50625944 -0.4818165
1275 0.54908305 -0.39895564
606 0.59400886 -0.30504236
184 0.60774857 -0.26414794
1148 0.62356275 -0.2227442
246 0.6475465 -0.17375872
891 0.6246982 -0.21801439
937 0.5764797 -0.33174247
783 0.67128336 -0.1253683
923 0.54837066 -0.3952644
551 0.5817805 -0.3162685
97 0.654551 -0.14781426
543 0.6345995 -0.2147762
1500 0.52409494 -0.465717
1561 0.56477004 -0.36733797
1281 0.48003376 -0.55359465
594 0.59109455 -0.3034716
1663 0.66431606 -0.13449444
874 0.59851575 -0.27999464
905 0.5104843 -0.4808977
1703 0.63207006 -0.20800796
224 0.54890066 -0.40685517
924 0.6850325 -0.09391299
655 0.5713434 -0.35377368
647 0.5831613 -0.31791258
1634 0.5994631 -0.2844035
1684 0.63504106 -0.19313057
1168 0.67936283 -0.104155816
1109 0.59506327 -0.278858
1098 0.5435778 -0.4041395
652 0.560862 -0.36820155
623 0.62158227 -0.23532398
1508 0.6943538 -0.07298089
894 0.6741531 -0.110923655
1581 0.5767002 -0.33954751
776 0.7105908 -0.037213262
1158 0.6475837 -0.17477316
861 0.59967935 -0.2913139
1402 0.61913943 -0.24957691
1002 0.57967407 -0.3226703
1156 0.6302662 -0.21719494
372 0.5399678 -0.41560104
688 0.5742432 -0.34064683
1283 0.5959457 -0.29003027
1224 0.65844077 -0.15851615
1474 0.6309408 -0.21518283
1038 0.59805447 -0.29297054
978 0.5713346 -0.3512517
327 0.7546555 0.06014483
1244 0.5138364 -0.47855964
1198 0.72772354 0.0059146928
892 0.548459 -0.39627257
1628 0.6424011 -0.17876306
1327 0.519798 -0.46977013
620 0.60493934 -0.26535168
898 0.49730307 -0.5160326
400 0.6214841 -0.25238705
153 0.65278757 -0.16952293
13 0.5794241 -0.3222502
309 0.6089287 -0.2591659
196 0.65998936 -0.14018981
1730 0.60345095 -0.27874896
1439 0.47629455 -0.5593115
101 0.66124386 -0.13878188
198 0.63793355 -0.19287619
1242 0.5704014 -0.3474933
1151 0.6021894 -0.2768378
302 0.642455 -0.18660173
784 0.69144356 -0.08664131
1529 0.65693384 -0.16952884
680 0.6099122 -0.25627944
1472 0.57628363 -0.33850357
574 0.56619906 -0.3578701
1732 0.5935925 -0.2795172
300 0.67553204 -0.115825154
847 0.55043805 -0.38912636
70 0.5555088 -0.3771768
1740 0.5857249 -0.32073972
886 0.66265714 -0.14817451
83 0.5442484 -0.39471015
1593 0.5254745 -0.45652407
805 0.55801505 -0.3718725
1646 0.5300452 -0.4498065
453 0.60348815 -0.27604604
1557 0.5082682 -0.48823598
270 0.6566457 -0.14830439
1770 0.5944982 -0.28918886
1167 0.6292217 -0.2213498
18 0.58532274 -0.3117078
1351 0.5779409 -0.32703513
936 0.54558456 -0.40953764
1750 0.6691555 -0.14265451
275 0.5732038 -0.3403888
1160 0.5613315 -0.37875736
1623 0.47315428 -0.5894788
294 0.70282376 -0.052600913
115 0.6453867 -0.17626902
561 0.57836133 -0.3145503
1800 0.4384394 -0.6533472
1044 0.52273303 -0.45156386
362 0.6564246 -0.15356441
1633 0.70800537 -0.03820793
280 0.6658838 -0.121752426
12 0.47852695 -0.5463392
138 0.6780421 -0.124938
123 0.6425768 -0.1836411
1490 0.57793194 -0.33580855
150 0.4978697 -0.5171163
1137 0.6907059 -0.086286105
879 0.6449276 -0.19150756
1097 0.55810744 -0.37742662
603 0.61706245 -0.24452229
1558 0.5718967 -0.34636068
357 0.6057648 -0.27078903
1451 0.5863729 -0.31084552
888 0.6798837 -0.099726215
644 0.6411032 -0.20774099
1583 0.49051663 -0.532285
410 0.55985904 -0.3791092
1326 0.5304256 -0.44826072
1273 0.5230129 -0.46100056
1013 0.69490474 -0.0712044
379 0.7259803 -0.009187905
390 0.54914457 -0.40175983
1681 0.5942387 -0.29293516
1115 0.5146283 -0.48070225
864 0.6019901 -0.27213028
523 0.61604404 -0.25008655
137 0.5192091 -0.47890544
1752 0.5361191 -0.4365424
329 0.5759219 -0.3463405
363 0.64398974 -0.16876411
385 0.6173466 -0.24458717
1560 0.5744565 -0.3423356
1739 0.49098262 -0.5146682
446 0.5890722 -0.31050062
1270 0.59305614 -0.30590442
1611 0.5496198 -0.38863593
1655 0.50723195 -0.49837518
1716 0.61054146 -0.25588936
756 0.58608776 -0.32247353
291 0.68991864 -0.08960055
451 0.5425246 -0.41648877
1340 0.6101223 -0.26759598
1764 0.5720151 -0.3546449
7 0.63568985 -0.19507475
307 0.58234036 -0.31209898
654 0.6476434 -0.17867102
1332 0.5178684 -0.46301666
780 0.59464777 -0.3026343
268 0.59002197 -0.31643692
1525 0.62736547 -0.2121312
1221 0.55259544 -0.4015861
1503 0.6351162 -0.20858291
1517 0.6422437 -0.18811586
164 0.63280463 -0.19995563
746 0.52333266 -0.46309835
1057 0.619396 -0.23742834
1048 0.5486642 -0.40482938
1256 0.7120287 -0.02848581
998 0.64629436 -0.18318075
185 0.61278427 -0.24348743
186 0.65644497 -0.15432085
1263 0.6911509 -0.07392766
1580 0.6699055 -0.1169132
1551 0.61814153 -0.23686583
1251 0.62848777 -0.21503602
1284 0.55167764 -0.39776084
1375 0.54401165 -0.40323016
181 0.7011176 -0.050967585
1015 0.6164687 -0.25624758
1531 0.5764754 -0.34259924
1206 0.5943529 -0.29377767
1700 0.55559504 -0.38322526
1319 0.5630037 -0.36991328
1565 0.5726403 -0.349252
77 0.7828273 0.124147005
1277 0.64119655 -0.19132942
579 0.66309065 -0.14514007
932 0.5407751 -0.40291506
1569 0.52584994 -0.44903055
789 0.5326707 -0.43583664
377 0.56504077 -0.3623516
940 0.56546205 -0.36453635
1131 0.71974766 -0.017366057
361 0.6126974 -0.25798804
1711 0.57678825 -0.34325638
20 0.628858 -0.21347623
1207 0.61885047 -0.252463
308 0.66761005 -0.12841164
1777 0.7040016 -0.052283276
146 0.6414706 -0.18238814
1174 0.6652602 -0.13596734
1289 0.5446545 -0.405139
590 0.72894174 0.008520383
1779 0.5480069 -0.3967963
1083 0.6404281 -0.18201172
368 0.6114431 -0.2695596
278 0.6004077 -0.27517435
499 0.46826693 -0.58168095
1595 0.6088536 -0.2738647
532 0.7353107 0.02035963
1456 0.6570459 -0.1567292
922 0.5713329 -0.3423423
25 0.6254764 -0.23047736
612 0.6030849 -0.27304208
1442 0.6387361 -0.1898983
52 0.64367974 -0.18001068
1441 0.7428053 0.038249265
584 0.63892347 -0.19988056
656 0.6362138 -0.1953437
1538 0.52985865 -0.43939376
269 0.627023 -0.21336395
1477 0.562396 -0.36338073
1599 0.5685207 -0.35664162
125 0.75072455 0.046808887
76 0.5906865 -0.28565758
1118 0.656335 -0.16064605
1575 0.69017774 -0.08325192
87 0.58752537 -0.31818488
1691 0.7018706 -0.05709028
828 0.5324822 -0.43195006
1452 0.5119946 -0.48870343
1271 0.5431897 -0.4133032
100 0.63043 -0.21186297
189 0.54113734 -0.40624037
951 0.56824696 -0.3480182
577 0.59134203 -0.3000561
1514 0.6091272 -0.25220457
862 0.61650723 -0.23622413
1388 0.5411768 -0.41547248
747 0.73866755 0.01739774
204 0.7276976 0.0032729523
443 0.6241453 -0.22664636
917 0.6243551 -0.23047566
544 0.5784212 -0.33449098
1465 0.5502801 -0.39762464
855 0.60899985 -0.26063746
1428 0.68156934 -0.096288465
1510 0.6259934 -0.2229877
1571 0.5488578 -0.40430775
675 0.65303713 -0.17093194
1070 0.6909712 -0.07385155
1379 0.58445966 -0.32415128
81 0.75149614 0.059742548
1265 0.44908985 -0.6296756
1 0.60582966 -0.25977746
54 0.6485701 -0.16253518
78 0.51946294 -0.4658666
1629 0.62956643 -0.21984518
226 0.59141 -0.29844666
1112 0.6474359 -0.17705189
1239 0.5540374 -0.3811832
191 0.5551495 -0.37383345
1607 0.60552776 -0.27323636
1355 0.5638479 -0.3650528
1485 0.69116414 -0.082740426
232 0.50786567 -0.48161966
135 0.56124157 -0.3710938
1193 0.612231 -0.25900304
326 0.7267226 0.014007207
277 0.62630564 -0.2279081
986 0.5486345 -0.40981928
592 0.63508946 -0.20509599
1782 0.60618365 -0.27274895
1436 0.47001565 -0.5770681
266 0.6019 -0.2731996
1380 0.5451374 -0.4022818
1543 0.6096334 -0.26821703
971 0.56963426 -0.35432923
1200 0.5713645 -0.34663498
583 0.6008918 -0.27738932
1196 0.5631548 -0.35788766
1712 0.59188074 -0.29590148
1724 0.57131386 -0.34448096
1171 0.68907183 -0.085715264
671 0.6136058 -0.2571828
159 0.5717216 -0.37110165
71 0.5634988 -0.37053174
535 0.6248089 -0.22026573
753 0.6053033 -0.2748096
997 0.54865354 -0.39524913
510 0.6033032 -0.27850616
994 0.68839884 -0.089294136
72 0.60216206 -0.27559102
16 0.706622 -0.05331304
1728 0.5241262 -0.44947383
116 0.60963285 -0.26302406
709 0.6290748 -0.21533196
1479 0.6590832 -0.14644907
1721 0.47932076 -0.55506593
1506 0.611987 -0.26148897
200 0.6051228 -0.2629342
69 0.6658284 -0.13025226
1662 0.6005387 -0.288917
177 0.6713559 -0.13704039
162 0.5898359 -0.30643755
1467 0.6029207 -0.27938753
299 0.5704429 -0.35105795
1544 0.57738847 -0.332885
1641 0.485112 -0.52996755
1645 0.5446764 -0.403751
161 0.6458053 -0.17960732
272 0.59245604 -0.29786238
708 0.6108616 -0.25877923
407 0.66086376 -0.15321286
173 0.6002319 -0.27756804
1484 0.60695016 -0.2829593
239 0.68207014 -0.10288879
910 0.61514735 -0.2585758
1590 0.59880936 -0.29244304
1411 0.6435715 -0.19294743
1133 0.55565816 -0.38270333
633 0.5859813 -0.30851406
1515 0.49026665 -0.525791
1267 0.5781699 -0.33583936
957 0.6132205 -0.2582694
1214 0.5769672 -0.33586723
1005 0.69505644 -0.07574051
306 0.5827636 -0.3098537
1612 0.57082397 -0.33659112
288 0.58156776 -0.3276371
1309 0.55694747 -0.39671957
952 0.6125031 -0.2641467
770 0.5448195 -0.41644418
1294 0.672675 -0.11913591
1216 0.71432036 -0.029218566
1376 0.5464968 -0.39724863
950 0.6542263 -0.17432672
1181 0.73050874 0.0045249113
1437 0.6104799 -0.25861916
1170 0.59624684 -0.28228867
996 0.6191771 -0.24290262
1187 0.5545226 -0.3853001
202 0.5749421 -0.34618935
201 0.5479302 -0.41517866
255 0.5546478 -0.38755462
1377 0.7298817 0.0106726345
1738 0.59894216 -0.28939208
852 0.5784436 -0.33502135
993 0.63965607 -0.18957354
66 0.53978634 -0.41440743
130 0.6746502 -0.11687589
1053 0.66275203 -0.14053467
880 0.69781446 -0.068992555
1697 0.596037 -0.2932482
1550 0.62477326 -0.22454143
1081 0.7224627 -0.014131598
251 0.59916395 -0.27932447
509 0.69299066 -0.07666455
586 0.6242202 -0.22179076
1762 0.567451 -0.36342672
298 0.5934281 -0.30117783
1029 0.64625245 -0.18537824
1726 0.59011847 -0.2980006
1201 0.5890389 -0.2987922
840 0.70845366 -0.04237476
1710 0.59556425 -0.2919315
1102 0.4731097 -0.55948246
749 0.5200406 -0.4561925
1202 0.5658815 -0.360629
1344 0.60317796 -0.27660426
442 0.6526512 -0.16397169
117 0.5918778 -0.30658448
1725 0.5979404 -0.2771584
511 0.5494687 -0.41130036
1080 0.569383 -0.35345295
190 0.6455454 -0.18434057
764 0.62931633 -0.20960608
1567 0.55342484 -0.37554398
1680 0.60888064 -0.26115996
1250 0.59843487 -0.29172075
1549 0.649839 -0.1686983
601 0.61975443 -0.23994468
424 0.6562723 -0.15964746
63 0.61434454 -0.24019594
1619 0.49530685 -0.51920897
158 0.6216226 -0.22430559
1290 0.6298928 -0.2156399
1341 0.6186826 -0.2451165
748 0.5958674 -0.2854229
406 0.5504976 -0.4009476
1262 0.6243813 -0.21854815
154 0.6047898 -0.26507908
68 0.65277404 -0.18078557
1286 0.6078979 -0.2706089
1801 0.51918834 -0.46463287
1579 0.55884045 -0.3794026
1647 0.5277115 -0.43981686
933 0.61077076 -0.26160875
1061 0.648715 -0.16867256
1430 0.56369126 -0.35809952
887 0.6964356 -0.05962989
1414 0.613413 -0.25563332
794 0.6580044 -0.16189295
1320 0.5252664 -0.4619517
457 0.6434067 -0.19285247
1644 0.43879032 -0.6510739
773 0.6914627 -0.08556448
155 0.6320559 -0.20732982
119 0.56103414 -0.3699044
750 0.66869795 -0.13336177
1596 0.5998887 -0.27779478
169 0.5353274 -0.42242616
1182 0.6421901 -0.18625438
1630 0.58737093 -0.30548704
1175 0.6750129 -0.11299507
106 0.57757586 -0.34226197
858 0.66289765 -0.14307547
4 0.664361 -0.14258759
516 0.6316665 -0.21242623
1185 0.54015374 -0.42967635
552 0.5051373 -0.49160808
1524 0.6073706 -0.26889902
1618 0.54009974 -0.42118454
1054 0.5410703 -0.41037798
1570 0.58078015 -0.32691592
39 0.6776679 -0.11119504
1306 0.5818707 -0.3216902
1184 0.54607344 -0.3968968
1563 0.5369242 -0.43567085
1608 0.68246573 -0.096895434
1231 0.67159486 -0.12754317
439 0.55925035 -0.3711596
593 0.61085266 -0.2569299
1035 0.56740284 -0.36331066
1058 0.6509723 -0.16314583
253 0.552582 -0.3888718
1685 0.72341084 -0.003429777
977 0.54176694 -0.41821593
1089 0.6147168 -0.25150794
1513 0.6364902 -0.2195205
667 0.6058564 -0.26608908
1337 0.6069619 -0.26464048
1737 0.6069872 -0.2739723
659 0.58777225 -0.3216018
391 0.6064238 -0.2616081
921 0.65879166 -0.14337122
1754 0.56572354 -0.37546653
1748 0.6415395 -0.19019727
1476 0.5613789 -0.37896302
1099 0.66409117 -0.122410834
835 0.59720105 -0.2727167
133 0.6517285 -0.16082907
1374 0.5618656 -0.36630234
75 0.5549649 -0.3846775
134 0.56080306 -0.3730776
422 0.6475118 -0.1730368
1654 0.55411005 -0.38137993
1671 0.5599336 -0.366967
61 0.5887035 -0.31180316
1609 0.6213267 -0.22474718
313 0.7046969 -0.060139094
1043 0.7391016 0.0095449835
1066 0.61045533 -0.26767826
1636 0.60143447 -0.28019455
1342 0.5208234 -0.47137678
345 0.5977514 -0.2971992
330 0.59229326 -0.29931247
174 0.6923625 -0.073976696
46 0.6952359 -0.07894534
1664 0.5402139 -0.41608605
1255 0.6069519 -0.2744531
267 0.6369839 -0.20540567
1009 0.5782759 -0.32211462
1233 0.5997771 -0.28720593
1390 0.61532986 -0.2492338
1722 0.5566427 -0.3925771
1421 0.7011063 -0.066233926
1648 0.5997126 -0.28712374
254 0.66280293 -0.1285542
1274 0.6256829 -0.23294419
1780 0.70243657 -0.058362093
454 0.82047135 0.20865092
1448 0.6871371 -0.10593716
312 0.6772296 -0.11153648
854 0.6044257 -0.27069715
1253 0.57798946 -0.32460028
93 0.69447416 -0.07872448
1164 0.5606291 -0.37577623
1153 0.4610993 -0.6025089
1638 0.5868844 -0.31757116
1552 0.6064571 -0.2612258
1018 0.60951555 -0.2739171
1542 0.51853675 -0.4729895
42 0.5772649 -0.33057162
90 0.5449206 -0.39011684
1602 0.6347852 -0.215238
112 0.6083285 -0.27539676
113 0.6214074 -0.23840594
375 0.5206132 -0.45763254
875 0.52442884 -0.45341152
203 0.603014 -0.27313387
527 0.6292874 -0.21145268
1037 0.60636985 -0.26387066
1717 0.53324294 -0.4375338
1211 0.7188184 -0.026104895
1536 0.62078476 -0.24561779
1063 0.6118339 -0.24173464
92 0.5767643 -0.33581656
1392 0.6147348 -0.24987034
1771 0.5084204 -0.48097223
213 0.5968754 -0.278338
287 0.573875 -0.3441247
195 0.6847853 -0.08912992
1582 0.59736747 -0.29417655
5 0.6393031 -0.20002261
1701 0.50389326 -0.5130001
310 0.6626899 -0.13789523
1298 0.6185988 -0.23299512
160 0.6358089 -0.19402301
303 0.61778593 -0.24740748
1100 0.5717404 -0.34592772
211 0.5201293 -0.46406373
1588 0.48096174 -0.55925167
296 0.61536074 -0.25676116
988 0.6564828 -0.15949474
284 0.5563162 -0.3771309
26 0.61476505 -0.25203648
1400 0.63253444 -0.22394103
1444 0.6620681 -0.14084668
279 0.6881031 -0.082540125
210 0.57961905 -0.33028236
1246 0.53824806 -0.43114164
1325 0.6314678 -0.21634431
1678 0.64718705 -0.17657273
49 0.49421874 -0.5328306
1708 0.6665261 -0.12906075
194 0.6451132 -0.18076362
1718 0.6427772 -0.17990457
1631 0.53569406 -0.43218064
289 0.6760547 -0.10746736
1050 0.6889526 -0.07567094
989 0.66585106 -0.14589001
19 0.5965139 -0.29957825
775 0.6673274 -0.1370305
1666 0.6340123 -0.19754088
33 0.6155812 -0.23967072
1494 0.7180733 -0.02385985
1010 0.65012956 -0.15875506
1522 0.5445963 -0.4109298
815 0.56125754 -0.36534256
356 0.6193415 -0.2450394
448 0.6745563 -0.12285315
755 0.6229849 -0.22255658
295 0.5952842 -0.30380106
1425 0.4595424 -0.5986352
1802 0.5191787 -0.45619962
141 0.59554803 -0.2854065
247 0.640009 -0.21141428
1639 0.62587166 -0.2295648
1594 0.57678956 -0.32768297
1727 0.59019756 -0.30910677
242 0.56273043 -0.35452428
1245 0.6241787 -0.21312574
227 0.7215457 -0.008944959
1746 0.58256215 -0.31604883
3 0.5847581 -0.3193392
1784 0.61687577 -0.24795152
1614 0.65082896 -0.16917853
1736 0.6390641 -0.20730358
1492 0.62273455 -0.2254317
1744 0.5661168 -0.36228636
1657 0.5265723 -0.44052383
281 0.7250379 -0.0021743076
1453 0.71673733 -0.027299667
244 0.6248756 -0.21256222
1178 0.66194427 -0.14974888
301 0.60181755 -0.2854632
682 0.6966648 -0.068923436
341 0.6591956 -0.1589851
1587 0.5617498 -0.38188642
1637 0.5507503 -0.3894468
1660 0.6831611 -0.094752416
1150 0.55265456 -0.39177898
1300 0.6721819 -0.13364759
520 0.48449123 -0.5523323
1502 0.5304477 -0.43345776
1316 0.6279352 -0.22821744
67 0.57215226 -0.34047955
1603 0.52360785 -0.44802
920 0.597772 -0.2847146
34 0.62685263 -0.21564642
536 0.5226297 -0.45197636
74 0.6490549 -0.16437669
118 0.60012734 -0.28977877
1407 0.73556536 0.004910177
225 0.69855124 -0.054932028
975 0.5929723 -0.2998627
265 0.5294334 -0.44232967
990 0.63268644 -0.22058986
1530 0.66802293 -0.12368973
1471 0.58832955 -0.30943486
136 0.5807564 -0.33341977
1252 0.6251413 -0.22004409
1640 0.6623174 -0.14543885
1573 0.57902795 -0.32957113
11 0.66800016 -0.1407064
1652 0.5891417 -0.31296927
293 0.5992607 -0.28876674
1480 0.6190074 -0.24465983
1322 0.69509035 -0.06894663
252 0.63880765 -0.18740903
1049 0.666125 -0.13913625
1445 0.57353663 -0.34925315
263 0.62750465 -0.21759538
1556 0.58322614 -0.31721842
1418 0.5956773 -0.27975574
1761 0.5403686 -0.4165629
236 0.66956586 -0.13353395
1786 0.6369648 -0.20924048
757 0.6639883 -0.13703269
1481 0.6282533 -0.22336327
1669 0.59077686 -0.30019644
1758 0.54048395 -0.42297146
1140 0.5334781 -0.4417793
1769 0.5589855 -0.38453692
429 0.56872755 -0.35455668
40 0.5268168 -0.44568154
1424 0.56995434 -0.34828478
976 0.478858 -0.5522259
178 0.7292666 -0.0042482517
1222 0.6301024 -0.2152519
1572 0.55710244 -0.36788923
985 0.5563222 -0.37490186
1210 0.57743984 -0.34111843
1554 0.65972495 -0.14966892
1339 0.5661894 -0.3662352
36 0.6406828 -0.18578705
234 0.6845981 -0.09330265
1499 0.5561032 -0.389444
94 0.5543615 -0.38599464
1574 0.63888305 -0.19300829
248 0.56311023 -0.37816697
132 0.8111051 0.19150735
745 0.57229114 -0.353697
205 0.74837416 0.0494397
1212 0.6273324 -0.22966325
733 0.5986828 -0.29350474
1333 0.7248673 -0.0023145694
1670 0.47216043 -0.57609797
283 0.64616436 -0.1756557
1045 0.5920634 -0.29363725
182 0.5945064 -0.3096554
271 0.564645 -0.37274423
1620 0.39472672 -0.75976336
180 0.6126789 -0.25595388
199 0.65207976 -0.17390986
1624 0.5461602 -0.41669694
179 0.49960354 -0.51098365
839 0.744816 0.040865604
32 0.60214007 -0.27778307
1729 0.5901853 -0.31180987
139 0.57756853 -0.33424383
156 0.78426033 0.11997045
369 0.5109817 -0.47172704
995 0.53719705 -0.42410198
1659 0.51689005 -0.4789805
28 0.7042515 -0.043263767
1775 0.46289122 -0.60944897
1334 0.57137007 -0.35723847
249 0.6624896 -0.15079379
1765 0.5981862 -0.2933901
1667 0.61190134 -0.2541738
1399 0.6244133 -0.22763978
1643 0.55716896 -0.3765658
1668 0.6379034 -0.20134903
1378 0.6479525 -0.16508445
455 0.7417189 0.04184631
206 0.6287444 -0.21039042
261 0.54145133 -0.41083297
297 0.5635859 -0.35745507
1605 0.68805444 -0.09004602
237 0.617466 -0.2418519
1803 0.56200355 -0.38199365
256 0.57022214 -0.32880804
24 0.69965976 -0.06167872
1693 0.54377925 -0.40807256
197 0.6251533 -0.23060493
1665 0.536988 -0.41577777
438 0.66114026 -0.15499894
460 0.7584677 0.07938738
183 0.746595 0.04522989
29 0.6677175 -0.14075471
290 0.64414865 -0.17703633
31 0.6295633 -0.22410743
517 0.5902027 -0.29944465
1032 0.5592649 -0.36914313
1799 0.49376774 -0.5442329
223 0.663776 -0.14987336
38 0.7076356 -0.031631272
456 0.7180887 -0.03418911
262 0.48565626 -0.54002386
1622 0.6067118 -0.2797866
1768 0.47413537 -0.56631505
127 0.6154714 -0.2513033
810 0.61908835 -0.24067523
1197 0.5870345 -0.31015903
1785 0.563626 -0.3693966
126 0.5485363 -0.4061077
163 0.6893718 -0.08525688
129 0.6730658 -0.11190188
44 0.6160808 -0.2414037
305 0.570303 -0.3472979
1766 0.5492598 -0.38813415
1315 0.58875227 -0.30517974
1443 0.68371725 -0.08861245
260 0.6056979 -0.27161863
1767 0.5576335 -0.37788463
1675 0.5257737 -0.46969086
452 0.53695554 -0.41998807
1336 0.65897954 -0.15772064
332 0.7211861 -0.009530798
120 0.61751044 -0.26088908
264 0.66207355 -0.14447314
51 0.6038522 -0.27996105
45 0.5564527 -0.37612888
88 0.58755594 -0.31291658
1794 0.6349174 -0.20408458
1760 0.48218733 -0.5588598
285 0.64456224 -0.20595323
1658 0.5807643 -0.3126596
220 0.63172555 -0.21174373
1475 0.6442475 -0.19310367
853 0.6612799 -0.14590634
128 0.6847715 -0.09657595
1343 0.4402288 -0.65917313
250 0.7608507 0.08559885
73 0.61707777 -0.24266195
689 0.58500785 -0.3196848
344 0.7356703 0.018453466
131 0.44522417 -0.6256175
122 0.6099947 -0.25244588
1177 0.6252748 -0.23089096
1616 0.5263766 -0.4417345
43 0.60629946 -0.281633
342 0.61456835 -0.2600361
496 0.721444 -0.01878055
47 0.73863024 0.036679793
1756 0.5079148 -0.4862512
1389 0.5797034 -0.3203061
1757 0.413694 -0.70235795
37 0.62689835 -0.21871534
41 0.6748917 -0.11093955
30 0.5949806 -0.29971042
462 0.75334257 0.05250333
35 0.5561644 -0.3903101
222 0.5998826 -0.28373325
495 0.6189066 -0.23823543
1774 0.48042908 -0.56799227
8 0.5915669 -0.3093582
461 0.6333069 -0.2226517
464 0.61992466 -0.22538105
209 0.6516308 -0.16918115
463 0.66181785 -0.14276233
214 0.74387866 0.03873214
176 0.5524553 -0.38731748
343 0.567313 -0.36337483
707 0.59024495 -0.30911976
704 0.43811318 -0.63879067
208 0.69252425 -0.092210434
1808 0.5529974 -0.40296036
1772 0.4580308 -0.61378676
1755 0.60550547 -0.27741164
1773 0.39458027 -0.7376995
465 0.70246005 -0.060791507
