1182 -1.7809240818023682 -1.4613286256790161
1321 -0.06658736616373062 -0.1044498085975647
1032 -0.06659138202667236 -0.1045217290520668
836 -0.06698991358280182 -0.10454752296209335
697 -0.06628277897834778 -0.10456269979476929
859 -0.0662863701581955 -0.10433212667703629
1255 -0.06641180068254471 -0.10441475361585617
1600 -0.06688573211431503 -0.10452110320329666
8 -0.06692622601985931 -0.10444406419992447
922 -0.06692627817392349 -0.1044875755906105
11 -0.06692053377628326 -0.10444407910108566
1434 -0.06629204005002975 -0.10452426970005035
1474 -0.0669904500246048 -0.1045202687382698
1586 -0.06699126958847046 -0.10441374778747559
873 -0.06643310934305191 -0.10452191531658173
674 -0.0666813850402832 -0.10452813655138016
1759 -0.06656932085752487 -0.10452014207839966
1234 -0.06699160486459732 -0.10443874448537827
823 -0.06621827930212021 -0.10456497222185135
1030 -0.06679300963878632 -0.10443928837776184
1168 -0.06688368320465088 -0.10452116280794144
1815 -0.06628364324569702 -0.10433205217123032
1052 -0.06692571192979813 -0.10451964288949966
984 -0.06571732461452484 -0.10444434732198715
1692 -0.06679484993219376 -0.10433252155780792
27 -0.06626106053590775 -0.10444909334182739
1314 -0.06621848046779633 -0.10433323681354523
857 -0.06676509976387024 -0.10456522554159164
401 -0.06620778143405914 -0.10457710176706314
1238 -0.06630463153123856 -0.10441410541534424
771 -0.06628280878067017 -0.10454819351434708
887 -0.0669209361076355 -0.10444407910108566
892 -0.06688657402992249 -0.10452071577310562
1750 -0.06692590564489365 -0.10451968759298325
1686 -0.06626064330339432 -0.10452267527580261
1035 -0.06679994612932205 -0.10456330329179764
935 -0.06692241132259369 -0.10444401949644089
770 -0.06691984087228775 -0.10444415360689163
889 -0.06692954897880554 -0.1045205220580101
542 -0.06614373624324799 -0.10454083979129791
536 -0.06679470837116241 -0.10433250665664673
1495 -0.06681185215711594 -0.1044129878282547
888 -0.06620779633522034 -0.10457701236009598
1461 -0.06692119687795639 -0.10446185618638992
1588 -0.06670616567134857 -0.10456597805023193
1590 -0.06657334417104721 -0.10441500693559647
1356 -0.06622866541147232 -0.10451702773571014
1162 -0.06596175581216812 -0.10451970249414444
1033 -0.06643280386924744 -0.10449667274951935
1918 -0.06707689166069031 -0.10441182553768158
882 -0.06628087908029556 -0.10451794415712357
1687 -0.06629805266857147 -0.10451816767454147
897 -0.06692381948232651 -0.10451962053775787
659 -0.06760358065366745 -0.10452031344175339
858 -0.06680098921060562 -0.10457509011030197
5 -0.06655064970254898 -0.10449130088090897
1776 -0.0662502571940422 -0.10456256568431854
1173 -0.06699103116989136 -0.1044137254357338
1683 -0.06699163466691971 -0.10441375523805618
1685 -0.06688763946294785 -0.10454787313938141
1419 -0.0668870061635971 -0.10444416105747223
1037 -0.06630973517894745 -0.10451920330524445
1456 -0.06699010729789734 -0.10443877428770065
1309 -0.06699021905660629 -0.10449136048555374
884 -0.06681464612483978 -0.10444296151399612
1019 -0.06620714068412781 -0.10457704961299896
1826 -0.06699038296937943 -0.1045202985405922
1359 -0.06688712537288666 -0.10456395894289017
695 -0.0667710080742836 -0.10433315485715866
1779 -0.06680431962013245 -0.10444854199886322
1159 -0.06698835641145706 -0.1044425368309021
1417 -0.06681060045957565 -0.10451963543891907
1081 -0.0668872594833374 -0.104547880589962
1379 -0.06681229174137115 -0.1044129878282547
1303 -0.06698977947235107 -0.10452031344175339
1365 -0.0669899433851242 -0.10449136048555374
1017 -0.06622625887393951 -0.10451706498861313
1024 -0.0668875053524971 -0.104547880589962
1206 -0.06699042022228241 -0.1045202761888504
1465 -0.06677663326263428 -0.10453452914953232
874 -0.06698974221944809 -0.10452039539813995
1208 -0.06698986142873764 -0.10449134558439255
1693 -0.06628572195768356 -0.10433214902877808
898 -0.06636478006839752 -0.10454874485731125
1016 -0.06699138134717941 -0.10441291332244873
1286 -0.06669553369283676 -0.10453750193119049
1694 -0.06676886975765228 -0.10452960431575775
890 -1.2639148235321045 1.2734936475753784
1011 -0.4057444632053375 -1.8099313974380493
1931 -0.6890219449996948 -1.141846776008606
1023 1.1412451267242432 1.0563617944717407
1045 0.4223584830760956 0.5366488099098206
1260 -1.1996268033981323 0.19194914400577545
1295 -0.5075897574424744 0.02068370394408703
1027 -0.2847534418106079 1.0656243562698364
1190 -0.11821082979440689 1.1388331651687622
930 -0.06818844377994537 0.18453700840473175
1795 -0.877590537071228 -0.47477903962135315
1891 -0.9012892246246338 -0.4578917622566223
1183 -0.8027607798576355 -0.8051738142967224
1177 0.6290884017944336 -1.3195830583572388
1973 0.4143012762069702 -0.775002121925354
19 -0.009758451953530312 0.2901836633682251
1205 0.2719516456127167 0.7647463083267212
1270 0.33976033329963684 0.03363923728466034
881 -0.31671369075775146 -1.229811668395996
1180 0.8029359579086304 0.5331436395645142
1199 -1.006615400314331 0.516981840133667
1029 -0.44148683547973633 -1.8050215244293213
1031 0.12127561122179031 -0.1607600599527359
1673 0.5429229736328125 0.9858303070068359
1350 -1.1245365142822266 0.22892159223556519
985 -0.023454083129763603 -0.1376464068889618
1439 -1.670299768447876 0.5521257519721985
1913 -0.062201425433158875 -0.458831250667572
1808 -0.05526953563094139 -0.4626823663711548
1026 0.2943337559700012 1.5913044214248657
1280 0.5440793037414551 -0.42493247985839844
1230 0.09434644877910614 0.012871104292571545
1929 -0.9084876775741577 0.01444222591817379
1271 0.4283449649810791 -0.5200428366661072
14 -0.3008531928062439 -0.8378997445106506
1022 -0.4797515571117401 -1.7938878536224365
1914 0.1583980768918991 -0.8275220394134521
31 1.6734917163848877 -0.5063576102256775
1351 -0.7178348898887634 0.7189164161682129
937 0.15573780238628387 -1.8565735816955566
1518 0.24832144379615784 -0.029351849108934402
1166 1.091069221496582 0.37368690967559814
1769 -0.35862547159194946 0.2416290044784546
1762 1.43996262550354 0.7048223614692688
52 -1.2796200513839722 1.2523430585861206
1211 -0.316324919462204 -0.6578932404518127
1664 0.34489670395851135 0.0452403649687767
1437 -1.7273969650268555 -0.2785891592502594
1018 -0.06699042022228241 -0.10452020913362503
1717 -0.38232898712158203 -0.38364177942276
1414 0.42825189232826233 -0.8034106492996216
34 1.0701231956481934 -1.5444459915161133
1171 -0.054290927946567535 -0.46531397104263306
924 -0.4723552167415619 -0.18092063069343567
864 -0.8797962069511414 -0.4809906780719757
1047 -0.17522604763507843 0.4459030032157898
1046 0.7997131943702698 0.5379584431648254
872 0.12986640632152557 -1.85514497756958
1348 1.2160513401031494 1.0167920589447021
1239 1.105201005935669 -0.09094718098640442
1028 1.3714169263839722 0.930175244808197
1676 -0.007695037871599197 -0.12240322679281235
1326 -0.4635220170021057 0.08294933289289474
1654 -0.166762575507164 -0.33078891038894653
1507 0.1319400817155838 1.5754793882369995
1153 0.9909656047821045 -0.7733968496322632
1905 1.563349962234497 0.48896756768226624
856 1.0122915506362915 1.2177643775939941
768 -0.4947211444377899 -0.015034591779112816
1677 0.21774601936340332 -1.866726279258728
1896 -0.3098120391368866 0.24427659809589386
1262 -0.6222460865974426 -1.525243878364563
1515 0.5539777278900146 -0.352721631526947
1184 -0.5929215550422668 1.6222635507583618
1256 -0.16304796934127808 -0.27032214403152466
1277 -0.4916225075721741 -0.16446846723556519
1207 1.6590908765792847 0.162837415933609
1462 -1.0314486026763916 -0.4048137068748474
1160 -0.24357075989246368 0.20264367759227753
1294 -0.20524518191814423 0.40637925267219543
1287 -0.6661083698272705 -1.6315659284591675
1775 0.08364555239677429 -0.002965901978313923
1778 1.0694326162338257 -0.041102368384599686
977 1.6320878267288208 -0.6872849464416504
1040 0.15462027490139008 -1.8556039333343506
990 0.03018231689929962 -0.09008844196796417
1226 -0.5245338082313538 -1.781327247619629
1370 -0.5062040090560913 -0.01294950395822525
1494 1.0949325561523438 1.1176363229751587
1498 0.5279650688171387 -0.3807508051395416
880 -0.14471347630023956 -0.25921061635017395
879 -0.006559346802532673 0.28529277443885803
1490 -0.6293841004371643 -1.444627285003662
1015 -0.0739097073674202 1.2441519498825073
920 0.40804409980773926 0.7915754914283752
921 -0.3739291727542877 -0.41945284605026245
1475 -0.016666008159518242 -0.12486885488033295
1466 1.320076823234558 -0.634842038154602
893 -1.7121137380599976 0.49476656317710876
549 0.039188385009765625 -1.3308357000350952
1479 -0.9993247389793396 -0.4189831018447876
868 1.449488639831543 0.7241153120994568
1320 -1.7016966342926025 0.5152129530906677
1633 -1.0236183404922485 -0.3669220209121704
1638 1.099198818206787 1.1116164922714233
1054 -0.4601441025733948 1.6470322608947754
871 1.5009980201721191 0.690232515335083
1261 -1.1659163236618042 1.3618981838226318
1361 -0.4957149922847748 -0.099365234375
1197 -0.21941474080085754 0.3950880467891693
1394 0.335665762424469 0.041022323071956635
1317 -0.726815402507782 -0.8926523327827454
1642 0.19254018366336823 0.15989983081817627
1163 -0.7058465480804443 0.7297646999359131
1758 0.3787078261375427 -1.2654733657836914
1496 -1.4776531457901 -0.3373011648654938
1021 0.587952196598053 -0.3480006158351898
1049 1.1288368701934814 -0.12663288414478302
1787 0.9887620210647583 -1.575239896774292
722 0.8228818774223328 -0.989020049571991
1358 -0.9018592238426208 1.3677046298980713
1764 -0.9280979037284851 -0.20459102094173431
1739 -0.31602075695991516 -0.6578644514083862
1448 -1.2912901639938354 1.1642022132873535
1051 -0.7571054697036743 -0.8639975786209106
79 0.30497437715530396 0.30033352971076965
1443 0.09037216007709503 -0.2653150260448456
1181 -0.7401294112205505 -0.7480186223983765
1288 -0.07903651148080826 -0.9174122214317322
1240 0.24232003092765808 0.9234814643859863
1244 1.6594700813293457 -0.232731893658638
1014 1.0929908752441406 -0.08511577546596527
1212 -0.13413527607917786 -0.8992873430252075
1453 0.4419116973876953 -0.8019585013389587
885 -0.0658465251326561 -0.4579133689403534
1268 0.28261420130729675 -0.12374059855937958
917 -0.050989553332328796 -0.4617304801940918
706 0.5033419132232666 0.36342838406562805
438 0.5430288910865784 0.9859142303466797
1719 -1.1711227893829346 0.20892879366874695
886 0.10258840024471283 -0.6680545806884766
1689 -0.5903804302215576 1.6227760314941406
1079 -0.37720003724098206 1.6579498052597046
1670 -0.2647427022457123 -0.5821784138679504
673 1.2421221733093262 -1.3870081901550293
1828 -1.0361871719360352 0.47754091024398804
918 0.12211071699857712 -0.8298352360725403
863 -0.22655223309993744 0.3852272629737854
1658 0.17972959578037262 1.0019371509552002
1514 -0.001963074319064617 -0.12886987626552582
1823 0.3093430697917938 1.5883054733276367
1216 -0.32687297463417053 -1.2302234172821045
1217 -0.006609877571463585 0.28580406308174133
1463 -0.7481827139854431 -0.8706461787223816
1412 0.004022566601634026 -1.8048791885375977
1898 -0.6295457482337952 -1.7287659645080566
1349 1.113909125328064 -0.5928544402122498
1377 1.0573519468307495 0.41631045937538147
1972 0.2646615207195282 0.2572132647037506
1383 0.20502762496471405 8.966540917754173e-05
1957 -0.3289736807346344 -1.228206753730774
405 -0.8990544080734253 -0.0019179880619049072
1415 0.6152217388153076 -0.11713219434022903
1061 0.5841476917266846 -1.747800588607788
1520 -1.033365249633789 0.4755944311618805
332 0.2369353026151657 -0.14818131923675537
989 0.5529744625091553 -0.35571399331092834
1609 -1.822162389755249 -0.10250342637300491
1627 1.5803147554397583 0.42490720748901367
1214 -0.2092442810535431 -1.2933298349380493
866 0.6677634119987488 0.6319655179977417
1254 -1.7139697074890137 0.49152714014053345
653 -0.0760153979063034 -1.298890471458435
1189 -0.27723199129104614 1.1453267335891724
1740 -0.47506779432296753 -0.1336718499660492
1492 -0.9173485040664673 -0.01883004605770111
1007 0.8541322946548462 -1.0409796237945557
1821 0.5212190747261047 0.3616636395454407
1720 -1.8296451568603516 -0.19184163212776184
1025 0.9755090475082397 -0.7840515375137329
1020 0.08349338173866272 0.010078275576233864
1878 -0.5835320949554443 0.7286482453346252
763 -1.5049220323562622 0.8820051550865173
1501 0.5883772969245911 -0.33390480279922485
1275 1.572507619857788 0.42452603578567505
1187 1.1749926805496216 1.030811071395874
1176 0.40203604102134705 0.5340752601623535
1170 0.2395361363887787 0.9384379386901855
1283 -0.03253672271966934 0.25251877307891846
1455 -0.49721023440361023 -0.003576937597244978
658 -0.06688936799764633 -0.10452114045619965
1645 0.16719530522823334 -0.8232001066207886
1763 0.27863404154777527 0.0994676873087883
1156 -1.7244640588760376 0.471312552690506
931 0.8278887271881104 -0.9844218492507935
1824 1.465004801750183 0.7643129825592041
1593 -0.3032200038433075 -0.6628262996673584
1477 0.30583569407463074 0.2940966486930847
1910 0.5983112454414368 -0.16289491951465607
78 -0.8116387128829956 0.6330854892730713
981 -1.7715799808502197 0.33859264850616455
647 -0.29309388995170593 1.110967755317688
1773 -0.23836523294448853 0.343123197555542
1157 -0.4204481542110443 -1.8093341588974
1833 -0.027224816381931305 -0.4840622544288635
1210 -1.0241330862045288 0.49089568853378296
753 -0.13965168595314026 -0.145957812666893
757 -0.24883046746253967 -0.49190229177474976
24 0.968952476978302 -0.8200598955154419
1312 -0.1396545022726059 -0.14594872295856476
876 1.6984366178512573 -0.3381291627883911
1433 -0.05896534025669098 -0.4747059941291809
1512 -0.44026121497154236 1.6507413387298584
1943 -1.1259758472442627 1.391798496246338
1597 -1.7887942790985107 0.1059921532869339
1036 -0.6246283650398254 1.6156508922576904
1241 -1.256746530532837 1.2700097560882568
1044 -0.7339650392532349 -0.8847833275794983
1418 -0.5023935437202454 -0.028798138722777367
306 0.6251920461654663 -0.30884304642677307
951 0.5844685435295105 -1.7465921640396118
1441 -1.0363075733184814 0.4705858826637268
1296 0.8259592056274414 0.3124295175075531
1757 0.3069615364074707 0.29582875967025757
1371 0.08394600450992584 0.0022570195142179728
1458 0.046134959906339645 1.322934627532959
1449 -0.41312795877456665 0.21689139306545258
1316 -1.246311068534851 1.2792168855667114
1675 0.7970003485679626 1.4103059768676758
1167 1.0086385011672974 -0.7587437629699707
145 1.1293243169784546 0.11022838950157166
929 -0.11262694001197815 0.17821691930294037
1825 -0.09074230492115021 -0.19940169155597687
1204 -0.8155431747436523 0.6274214386940002
906 -0.7345389127731323 -0.8827561140060425
1904 -0.012943235225975513 -1.3237169981002808
1432 -0.7358992099761963 0.7267373204231262
1221 1.4212052822113037 -0.6704316139221191
1155 1.5573689937591553 -0.020380660891532898
17 0.5022702217102051 -1.2351093292236328
1937 1.1254619359970093 -0.5563490390777588
867 0.1886845976114273 0.9963749647140503
1041 -0.8972700834274292 -0.46130630373954773
1637 0.8938581347465515 0.14634348452091217
1297 -0.009950162842869759 0.7081032395362854
1194 -0.17606383562088013 -0.7578281760215759
1751 -0.4922712445259094 0.7597122192382812
1761 -0.9659267663955688 0.5038465261459351
1392 1.6625694036483765 0.12917229533195496
1050 1.6183240413665771 -0.6744915246963501
312 -0.8915761709213257 -0.47192832827568054
1712 0.47634607553482056 0.38175350427627563
877 0.39880090951919556 0.5336717367172241
1674 -0.6514947414398193 -1.6991832256317139
1671 0.330034077167511 -1.2942132949829102
1464 0.2893447279930115 -0.8464401960372925
739 -0.6011202335357666 -1.7451090812683105
1363 0.5501716136932373 -0.39173778891563416
1158 -0.28329983353614807 -0.8529086709022522
914 -0.18633921444416046 0.42846426367759705
1938 -1.7106050252914429 0.496553510427475
875 -0.5893078446388245 1.6226520538330078
1672 0.03845295310020447 -0.08911045640707016
307 -0.010438265278935432 -0.14797602593898773
1634 -0.4878526031970978 0.12974481284618378
1631 0.8757684826850891 0.7062855362892151
1814 -0.342271625995636 -0.4719783067703247
923 -1.321803092956543 1.0785274505615234
1454 -1.8295646905899048 -0.18730783462524414
1794 -0.25647497177124023 0.4209197759628296
1791 0.03019414097070694 -0.09009559452533722
1819 0.6580100655555725 0.6410408020019531
1955 -1.7386524677276611 -0.295569509267807
1222 1.4290813207626343 -0.6488889455795288
913 -1.184180498123169 0.3416561484336853
1901 0.1955997347831726 -0.46445268392562866
1257 -0.7602283358573914 -0.8517294526100159
1338 -0.3037063181400299 1.0095882415771484
1886 0.6434964537620544 0.930257260799408
1053 -0.06966971606016159 -0.45646652579307556
1666 0.7991424202919006 1.4088354110717773
996 -0.7149698138237 -1.1371467113494873
738 0.4660574197769165 -0.7483429312705994
1709 0.21879184246063232 0.9991200566291809
61 -1.4960778951644897 -0.23584409058094025
64 -0.07703081518411636 0.21155525743961334
1738 0.06463068723678589 1.0383762121200562
1276 -0.045891501009464264 -0.4735156297683716
7 -0.5289448499679565 0.2050141990184784
1467 -0.49489134550094604 -0.12920023500919342
1519 -0.7530173063278198 0.7152614593505859
1444 0.8127661347389221 -1.0448145866394043
1253 0.42121925950050354 -0.513552725315094
537 -0.2614821791648865 0.4082472622394562
1497 0.2522076964378357 1.593812108039856
1215 -0.5128552913665771 0.02391948364675045
73 1.40571129322052 -0.9151703715324402
676 -0.47934287786483765 0.12611038982868195
1742 0.28752943873405457 0.8038129806518555
1841 -0.7226257920265198 0.7166606783866882
1770 0.22260671854019165 -0.47966092824935913
12 1.6442890167236328 -0.14527131617069244
1920 0.08142852038145065 -1.3189852237701416
1921 -0.03989141806960106 -0.4701874256134033
1924 0.4212193191051483 -0.5135527849197388
1499 -0.5055513978004456 0.023160384967923164
1252 0.296880841255188 0.08875162154436111
651 -0.4356381595134735 -1.8040244579315186
991 -0.8337497711181641 1.1762419939041138
1175 0.23730741441249847 -0.16667906939983368
1223 0.8373647928237915 -1.6497045755386353
1080 -0.48393961787223816 0.11672928929328918
869 1.0970215797424316 -0.6123411059379578
1325 -0.6563588976860046 1.5983036756515503
1893 -0.029646404087543488 0.2911774516105652
1405 1.5844175815582275 0.02211128920316696
80 -0.21020150184631348 -0.3273239731788635
986 -0.6110835671424866 -1.4649444818496704
926 0.33166253566741943 -0.8900110721588135
1229 0.7936210632324219 0.4119691550731659
1450 1.6567680835723877 -0.21653221547603607
1428 -0.4401378929615021 0.06279706954956055
736 0.854749858379364 0.7238514423370361
1744 -0.19390349090099335 0.4306294023990631
1741 1.1059889793395996 -0.056800518184900284
1169 -0.06682896614074707 -0.461436003446579
1629 1.6583133935928345 0.16895699501037598
1760 -1.1507166624069214 1.3976199626922607
1767 -0.7305856943130493 0.7118757963180542
1765 0.4818384051322937 0.38696974515914917
1472 -1.016342282295227 0.46001559495925903
1919 -0.32566988468170166 -1.2276889085769653
1310 0.24796248972415924 0.1720058172941208
645 -1.8277605772018433 -0.18593010306358337
1892 0.5285330414772034 0.3546285331249237
948 -0.11247644573450089 -0.5214563608169556
1746 0.9689232110977173 -0.8162868618965149
1298 0.5879709124565125 -0.33395320177078247
1001 -1.1674909591674805 0.22364366054534912
1225 -0.3376426696777344 1.1446983814239502
883 -0.08858043700456619 -0.4623478949069977
1409 -0.30098995566368103 -0.6600940227508545
85 -0.7145197987556458 0.72109055519104
1653 -0.9215041399002075 0.5224799513816833
1188 -0.32621991634368896 -1.2283343076705933
1805 0.6042943000793457 0.04935944452881813
1718 0.6777659058570862 -1.7032283544540405
1311 1.659663438796997 -0.554509162902832
891 0.03619437664747238 1.5938432216644287
1790 -0.331013560295105 -0.5889042615890503
1663 0.6168144941329956 -0.4122789800167084
1400 -0.28530818223953247 1.0380480289459229
1179 0.09653882682323456 -1.320502519607544
1178 -0.6042502522468567 -1.438350796699524
1613 0.8316264152526855 -1.655056357383728
694 -0.2994590997695923 -0.8700975775718689
1771 -0.9104738235473633 -0.0010651384945958853
1834 -0.1615879386663437 -0.26951637864112854
932 1.4114710092544556 0.6875023245811462
1900 -0.5818626284599304 1.6244292259216309
1304 1.1200587749481201 -0.6040855050086975
1684 0.023527417331933975 -0.10743015259504318
899 0.03837200999259949 -0.09518436342477798
1062 -0.21110740303993225 0.4080187678337097
707 1.70624577999115 -0.3159922957420349
1438 -1.7141307592391968 0.49151304364204407
992 -0.6216238141059875 -1.440912127494812
1797 0.06640486419200897 -1.3239858150482178
1299 1.533172607421875 -0.8417847156524658
1151 -0.06597580015659332 -0.4577227234840393
59 1.2599692344665527 -1.3655309677124023
1459 -0.03966318070888519 1.385247826576233
1442 -0.20530608296394348 0.4066576361656189
1680 0.30149388313293457 0.7396190762519836
1403 -0.49229902029037476 -0.10410531610250473
357 0.8277243971824646 -0.9847147464752197
1362 -0.738312304019928 0.7085132598876953
1505 0.1526215821504593 -1.8564478158950806
1481 -0.43055281043052673 -0.25054043531417847
65 0.8348487615585327 0.1038350760936737
909 -1.1297433376312256 0.24535292387008667
1476 0.3378286361694336 0.03784557804465294
1259 -0.2031691074371338 -1.296958565711975
1401 0.21556013822555542 0.9609348773956299
1745 -0.48711252212524414 -0.14890077710151672
1360 -0.7462726831436157 -0.6999509334564209
1756 -0.08676426857709885 0.43441715836524963
1452 0.6690590977668762 -1.2586075067520142
1468 1.0601253509521484 -0.025105299428105354
1324 1.6769065856933594 -0.4976237416267395
1328 0.8258624076843262 -0.9917510151863098
1888 -1.440660834312439 -0.08788832277059555
945 -0.43606653809547424 -0.30577588081359863
1341 0.23615537583827972 0.9396173357963562
1364 0.26331478357315063 0.2568650245666504
1969 0.0702403336763382 -0.28961220383644104
534 1.6481678485870361 -0.19689348340034485
1803 0.430397629737854 -0.8111609220504761
1484 1.4511932134628296 -1.0448603630065918
1928 -1.5375539064407349 0.8313062787055969
1372 -0.38226035237312317 -0.3836463689804077
1048 1.171016812324524 1.038118839263916
1263 1.253186821937561 -1.3957533836364746
941 0.09661953896284103 -1.8524404764175415
1517 -0.15649919211864471 -0.9158090949058533
1193 0.25512391328811646 -0.011215033940970898
1934 -0.3519321084022522 -0.45307236909866333
1843 0.3770779073238373 -0.8762550950050354
1698 0.8801971077919006 -1.6292113065719604
1323 -0.1733155995607376 -0.2020326405763626
1890 -0.04570223391056061 0.13013499975204468
1436 1.112442970275879 0.3467737138271332
1421 1.1324710845947266 1.0880204439163208
1516 1.5807145833969116 0.4341670870780945
1201 -1.2603133916854858 1.2671897411346436
1272 -0.23256288468837738 0.38861900568008423
1925 -0.29061031341552734 -0.8899564743041992
1927 -1.8301538228988647 -0.196636363863945
1935 0.6145541667938232 -0.10950634628534317
1735 -1.439086675643921 -0.04943421110510826
1847 -1.548722505569458 -0.2468685805797577
1876 1.445764422416687 -1.0537923574447632
1269 -0.25855088233947754 0.4129771590232849
894 0.6966910362243652 0.6061646938323975
696 -0.46069076657295227 -1.8016637563705444
1352 0.34156933426856995 0.04083740711212158
1889 -0.4648280143737793 -1.8014267683029175
1656 1.0855053663253784 0.33325183391571045
1347 -0.20858389139175415 0.4077843725681305
1355 -0.30661746859550476 1.0127850770950317
297 -0.8390536308288574 -0.770609974861145
103 0.43928152322769165 -0.7993201613426208
375 -1.1318925619125366 1.3963775634765625
1944 -1.2555205821990967 1.2731386423110962
1832 -1.324577808380127 -0.4796609580516815
1830 0.5124256610870361 -0.4768885672092438
1083 -0.43238234519958496 0.0774606391787529
1337 -0.3884901702404022 -1.0081188678741455
377 1.562471628189087 0.5516115427017212
1804 0.1278810352087021 -0.11172930151224136
1482 -0.5037159323692322 0.02003699354827404
1820 -1.2239322662353516 0.17698927223682404
902 -0.2846863865852356 1.0437469482421875
1668 -0.9058660864830017 0.015357262454926968
33 -0.9227089881896973 -0.20353379845619202
1396 -0.24403879046440125 -0.4813030958175659
1393 -1.616740107536316 0.6445474624633789
1491 -0.33631235361099243 -1.2263407707214355
1232 -0.6897750496864319 0.7283264398574829
928 0.962533175945282 -0.837210476398468
1922 -0.8983940482139587 -0.46111631393432617
1933 0.29117143154144287 1.50180983543396
903 0.22371172904968262 -0.5526053309440613
1894 0.10800834000110626 -0.16221292316913605
2007 -0.763221800327301 -0.84821617603302
1088 0.4329290986061096 -0.5192915797233582
1247 -0.06535016000270844 -1.3114268779754639
1420 -0.5110683441162109 0.016133300960063934
1639 -0.5050573945045471 -0.021861737594008446
1378 0.8987834453582764 0.07455406337976456
393 0.27250635623931885 0.24867744743824005
690 -0.24696104228496552 -0.4911298155784607
1777 -0.5060245394706726 0.02198454923927784
1236 -0.07321647554636002 -0.4568714499473572
1582 0.8038998246192932 1.400793194770813
1473 0.8213792443275452 -1.0460461378097534
1478 1.5880589485168457 -0.006750660482794046
1042 -0.3965452313423157 0.2532941401004791
1265 1.116256833076477 -0.5169122815132141
1469 0.2882251739501953 1.5923995971679688
895 -0.32534608244895935 -1.227817177772522
760 -0.2375335842370987 -0.4336811900138855
1661 -0.05721597373485565 -0.4616120457649231
987 -0.06753227859735489 -0.10451790690422058
1753 0.445977121591568 -0.7977041006088257
1281 -0.26781338453292847 1.1291455030441284
1617 -1.4387189149856567 -0.06036344915628433
1766 0.6241387128829956 -0.32720962166786194
1780 -0.33027613162994385 -1.2271803617477417
1782 -0.9197824597358704 -0.02449018694460392
1228 1.677852749824524 -0.5098374485969543
925 -0.33557218313217163 -0.7377328276634216
1279 0.6878150701522827 -1.3869881629943848
1636 0.0021274308674037457 -0.13369788229465485
1884 -0.09914257377386093 -0.1376551389694214
1290 -1.159321904182434 0.2603227198123932
1602 -0.4737071096897125 -0.1824459731578827
1772 -0.21879230439662933 0.35493597388267517
58 1.6873252391815186 -0.29825496673583984
1235 -0.6068414449691772 1.3207223415374756
10 1.1138978004455566 -0.5928918719291687
1827 -1.0049296617507935 0.5149744153022766
1596 0.09186667203903198 0.2987474799156189
1308 0.8384532332420349 -1.6506783962249756
973 0.5134930610656738 0.38785797357559204
775 -0.4931598901748657 -0.09166035056114197
1682 -0.2976069152355194 1.0210646390914917
1318 -0.22864538431167603 0.35388872027397156
1799 -0.7900916934013367 1.1903026103973389
995 -0.459323525428772 -1.7999975681304932
726 0.9102935791015625 -1.6125376224517822
1147 0.7958356142044067 1.409153699874878
545 0.968951940536499 -0.8201389908790588
1231 -0.0030006906017661095 -0.1303369104862213
1006 0.007651651278138161 0.7059147953987122
1822 -1.266634464263916 1.2627636194229126
1213 -0.7436531186103821 -0.7442978620529175
1854 0.12127595394849777 -0.16076000034809113
1301 -0.010618181899189949 1.5859283208847046
1688 0.15596473217010498 1.587288737297058
964 0.8018158078193665 1.403576374053955
1897 -0.21048696339130402 0.4017830491065979
1665 1.368090271949768 0.9340002536773682
1513 -0.5010717511177063 0.019808471202850342
1292 -0.4303685128688812 -0.25131431221961975
1220 -1.6082544326782227 0.6857637763023376
1246 -0.4883568584918976 -1.7902214527130127
911 -0.2056381106376648 0.40593835711479187
1034 0.23752598464488983 -0.15920276939868927
878 1.0934292078018188 -0.08252771943807602
1788 -0.4489918649196625 0.17720147967338562
1266 0.7899273037910461 1.4122205972671509
949 -0.5088579058647156 0.022360507398843765
1192 -0.22428525984287262 0.18417710065841675
392 -0.14687643945217133 0.7253391146659851
439 -1.7413501739501953 0.4388688802719116
146 1.0932563543319702 -0.0748787447810173
1710 0.10530152171850204 1.5767459869384766
978 0.07878642529249191 0.002826382638886571
76 1.0398592948913574 -0.05300069600343704
1258 0.10258836299180984 -0.6680544018745422
1404 -0.028149422258138657 0.29242050647735596
32 -0.7437227964401245 -0.7252640724182129
1422 0.6638836860656738 0.6304570436477661
1274 1.4887874126434326 0.6708976626396179
983 0.6553675532341003 0.6431276202201843
1345 0.967246949672699 -0.8234995603561401
424 -0.24330316483974457 -0.4859623908996582
1237 0.3437427878379822 0.03248756006360054
1357 -1.716979742050171 0.4817601144313812
23 1.4899088144302368 0.6683250069618225
656 0.15705132484436035 1.5731626749038696
669 -0.35718679428100586 -0.41994979977607727
1781 0.6112515330314636 -0.10667148977518082
708 -0.9277487397193909 -0.20997221767902374
1644 -0.23236557841300964 1.6608095169067383
1625 -0.00509796105325222 -1.806051254272461
1004 -0.22913791239261627 0.36327120661735535
1146 -0.14295697212219238 1.6327253580093384
1811 -0.06955920159816742 -0.456463098526001
1976 -0.7357404828071594 -0.8809648752212524
51 0.30216822028160095 0.30669793486595154
1711 -0.3677760362625122 -0.48905307054519653
1585 0.2936970591545105 1.5887165069580078
1039 0.6503849029541016 0.9577983617782593
751 0.5792825222015381 0.3197465240955353
1313 0.6716601848602295 0.6263622045516968
1342 -0.5207875370979309 0.022650931030511856
1793 -1.713484764099121 0.4874986410140991
1388 -0.32254746556282043 0.24355514347553253
560 0.7611144185066223 1.34689199924469
1195 -0.49511632323265076 -0.0843762755393982
1619 -0.2231583297252655 0.3964747190475464
1702 0.1440242975950241 0.4760909676551819
1729 -0.21738269925117493 0.3980942368507385
68 -0.32703933119773865 -1.230211853981018
1584 -1.0229442119598389 -0.3686513602733612
1457 1.0819114446640015 0.48525112867355347
331 -1.324512004852295 -0.4805174171924591
1635 -0.4506584107875824 -1.8014484643936157
1224 -1.8218616247177124 -0.1064409539103508
1385 1.4303722381591797 -1.0881634950637817
1598 0.1884230077266693 1.007557988166809
1903 -0.4905011057853699 -0.10657036304473877
1911 -0.5791576504707336 1.6253647804260254
1043 -0.7145037055015564 0.7207202911376953
1714 -0.15401099622249603 -0.26795196533203125
39 -0.22430722415447235 0.395982027053833
1248 0.5922988057136536 -0.3268268406391144
1752 -0.03630797192454338 -0.4707898497581482
1954 0.7402703166007996 -0.015414461493492126
1956 0.04761970415711403 -0.09579187631607056
1875 0.3964247405529022 0.5347135663032532
675 0.09054816514253616 0.7037970423698425
82 -0.16223925352096558 0.44692879915237427
999 -0.5049511790275574 -0.005164687521755695
128 -0.0025273915380239487 -0.12803204357624054
1165 0.09320546686649323 -0.8492550849914551
1227 1.5725805759429932 0.5361704230308533
1768 -0.25793734192848206 1.0677618980407715
546 -1.3164706230163574 -0.4898105263710022
1493 -1.1807887554168701 0.302620530128479
1831 -1.242973804473877 1.289007544517517
933 -0.7506142854690552 0.7504919767379761
1218 1.571264386177063 0.47015705704689026
310 -0.061723992228507996 -0.45867058634757996
1331 -0.13608451187610626 -0.207942396402359
1406 -0.18362626433372498 -0.8728120923042297
1242 -0.9688445329666138 -0.4268588721752167
1008 0.2866862118244171 0.8038893342018127
1445 -0.3004022538661957 0.2326655089855194
1868 1.6418402194976807 0.34463581442832947
105 0.30408820509910583 -0.8982394337654114
1626 -0.20945312082767487 0.4054471254348755
1395 -0.24931885302066803 0.7478079795837402
934 0.697674036026001 0.590122401714325
970 0.016350070014595985 -1.8007451295852661
860 -0.2893558740615845 -1.828071117401123
1681 0.08469434082508087 0.012307601980865002
1667 -0.9162904024124146 -0.4432260990142822
443 -0.2054755538702011 0.4064730703830719
1650 0.3440377116203308 -1.279116153717041
1649 0.01746363379061222 -0.4399111866950989
1186 0.580069363117218 -1.7491790056228638
1367 0.5788158774375916 -1.750797986984253
1200 -0.48553138971328735 -0.048597175627946854
900 -0.502679169178009 0.016893796622753143
1970 -1.0341991186141968 0.4769831597805023
1623 -0.7273854613304138 0.7122622132301331
919 -0.9232802391052246 0.5549332499504089
1591 0.23292295634746552 -0.013982136733829975
1202 0.3928540349006653 -0.8038415908813477
1460 0.5695674419403076 -0.358838826417923
1784 0.2395874559879303 1.5933994054794312
1669 0.17718279361724854 -0.4819777011871338
1402 -0.363343209028244 1.6547610759735107
1354 1.655753493309021 0.0978425145149231
1198 -0.7682230472564697 -0.850338339805603
1387 0.24756208062171936 -0.027806151658296585
369 1.1194722652435303 -0.6007950305938721
1128 -1.8285599946975708 -0.18885359168052673
629 -0.4833548069000244 -0.16933245956897736
1829 1.4224406480789185 -1.1039848327636719
915 -0.6439762115478516 -1.6050773859024048
1423 1.5888599157333374 -0.00727309612557292
1902 0.3071650266647339 0.2900913655757904
315 0.5777579545974731 -0.42994603514671326
1075 -1.6487709283828735 0.5892491936683655
1416 1.4645897150039673 -1.0150355100631714
1662 -0.312566339969635 0.2073780745267868
1380 -0.8934286832809448 -0.4684976041316986
106 0.7110598087310791 -1.6915324926376343
1191 -0.0021890527568757534 -0.12713760137557983
1196 0.568240761756897 -0.34432098269462585
1754 1.1250971555709839 0.047708433121442795
1941 0.7463831305503845 0.8224440217018127
1120 0.41358545422554016 -1.2594401836395264
1233 -0.9047518372535706 -0.4540025293827057
1858 1.06638503074646 1.1593326330184937
124 -0.16857220232486725 -0.3430052101612091
988 0.3736625909805298 -0.8122106790542603
49 -0.5988848209381104 -1.4410094022750854
1607 1.4714266061782837 -0.9895260334014893
699 -0.8177796602249146 1.1618237495422363
1817 1.4324443340301514 0.8090048432350159
1818 0.20230866968631744 -0.13362154364585876
1800 0.5080121159553528 -0.47697800397872925
1701 -1.1729495525360107 0.22098764777183533
938 -0.41619452834129333 0.2487623542547226
66 -0.444705069065094 0.24096336960792542
1789 -0.448774129152298 -1.8034931421279907
1895 -0.30496659874916077 1.0138188600540161
1339 -0.729548454284668 0.7131736278533936
81 0.13119903206825256 -1.8567781448364258
48 0.5011999011039734 1.5221763849258423
1005 -1.482222557067871 0.8805292844772339
655 -0.8677763938903809 -0.4999130368232727
50 1.0983381271362305 -0.08574451506137848
426 -0.6894880533218384 0.7274246215820312
1917 0.5885679721832275 -0.34980854392051697
36 0.84211665391922 0.35299384593963623
703 -0.20384161174297333 -0.20132920145988464
1566 -0.05804485082626343 -0.46026015281677246
1366 -1.4548463821411133 0.0904616117477417
689 1.5096015930175781 -0.6332746744155884
394 -0.8563516736030579 0.5663206577301025
1154 -1.8151284456253052 -0.030185243114829063
684 -0.19278600811958313 0.20630379021167755
1589 1.4553101062774658 0.7503421902656555
1278 1.5858756303787231 0.4176202118396759
1792 0.09142962843179703 -0.8498329520225525
1887 0.23532749712467194 -0.1476510912179947
1652 0.58580482006073 -0.379455029964447
295 0.3863580822944641 0.7808628082275391
912 -0.5282949209213257 -1.7802963256835938
1594 1.3295273780822754 -0.6863329410552979
1614 -0.004459814168512821 -0.13565726578235626
670 0.8758254647254944 -1.6340056657791138
1413 0.605410635471344 0.1099054217338562
692 0.26242414116859436 0.7399294376373291
644 0.2417389303445816 0.8432655334472656
1883 -0.4958001375198364 0.7468141317367554
940 -0.7298583388328552 0.7320690751075745
1435 1.082605004310608 0.34463992714881897
1646 -0.6661593914031982 -0.9376001954078674
1641 0.8036976456642151 1.4073055982589722
1209 -0.2050478756427765 0.4066855311393738
1446 -1.0303949117660522 -0.4140663743019104
1749 1.2742137908935547 -1.351105809211731
1289 0.09478563070297241 -0.09265310317277908
148 0.386854887008667 0.5381503105163574
1306 0.34278979897499084 -0.8833522200584412
648 1.0797215700149536 -0.030538473278284073
1509 1.0644052028656006 -1.514972448348999
125 -0.3196844458580017 -0.7274203896522522
1003 -0.00038683763705193996 1.0021778345108032
1605 -0.6001152396202087 -1.4424152374267578
1813 -0.3756332993507385 1.0639605522155762
904 0.8072644472122192 0.5047487616539001
1916 0.2799028158187866 0.8008342981338501
769 -1.1310313940048218 0.22438965737819672
1078 1.603358507156372 -0.7416010499000549
1336 -0.9659059643745422 -0.12598024308681488
1353 0.35904616117477417 0.6868124604225159
1592 0.34584829211235046 -0.8867069482803345
1569 -0.5054300427436829 -1.7889556884765625
1369 -1.5213346481323242 0.832943856716156
404 1.4297634363174438 -0.6491599082946777
1384 0.43274956941604614 -0.8045868277549744
1398 -0.10611777752637863 -0.9256665110588074
1391 -0.5000124573707581 -0.04900160804390907
1480 -0.7301108837127686 0.7074184417724609
1845 0.15513040125370026 -1.8560879230499268
972 0.024396557360887527 -0.09237978607416153
865 0.7996554374694824 1.4057741165161133
1074 0.7205235958099365 -1.413144826889038
543 -0.0731130838394165 -1.2990859746932983
1500 -1.5385231971740723 -0.2568807005882263
1429 -0.7301473021507263 -0.8990561366081238
1785 0.4915064573287964 -0.4704628884792328
1959 -0.3301856517791748 -1.2270487546920776
1488 1.4878767728805542 0.6637799143791199
950 -0.4850265681743622 -0.034782733768224716
1174 1.234081506729126 1.0039960145950317
1243 0.2343638688325882 -0.1445959210395813
1616 1.2670798301696777 -1.3576751947402954
367 0.2988411784172058 0.2990703284740448
1713 -1.4884936809539795 0.8775425553321838
958 -0.47153371572494507 -1.800193190574646
1850 0.9805005788803101 1.24625825881958
848 1.7027689218521118 -0.29994603991508484
1906 1.0834224224090576 -0.9125460386276245
440 -0.7337219715118408 -0.8911660313606262
1063 -0.2835438847541809 0.20625518262386322
1084 1.6415096521377563 -0.06572404503822327
765 -1.2836252450942993 -0.5359113216400146
1853 0.26687589287757874 -0.41186490654945374
1936 -1.0362037420272827 0.47104573249816895
907 0.654828667640686 0.6385324001312256
1697 -0.19113387167453766 -0.16566821932792664
1470 0.008258825168013573 -1.807535171508789
1915 0.03307662531733513 1.0421741008758545
1330 -1.4435611963272095 -0.09336194396018982
300 0.6126720905303955 -0.3734336793422699
1407 0.6537706255912781 -1.7129590511322021
1885 0.48964163661003113 0.38352757692337036
1424 -0.32827627658843994 -1.2280789613723755
1706 0.11654744297266006 0.4037472605705261
1708 0.6810972094535828 -1.3938764333724976
905 -0.06823991239070892 -0.45692479610443115
862 -0.294318288564682 1.0419944524765015
1335 0.052365742623806 -1.3249382972717285
1334 -0.38362517952919006 -0.5732128024101257
1866 0.6279818415641785 -0.2953372597694397
1327 -1.5314241647720337 0.8300979137420654
120 0.5594781041145325 -0.33252185583114624
939 0.5859056711196899 -1.7482452392578125
1447 1.020946741104126 -1.0794923305511475
1122 -0.15367275476455688 -0.34166282415390015
1715 -0.9050372838973999 -0.45164623856544495
1131 -1.7041150331497192 0.5055940747261047
1855 0.24745768308639526 -0.15210384130477905
1696 0.49836188554763794 1.5244596004486084
1877 1.4854103326797485 -0.9557104706764221
1874 -1.1317157745361328 0.2409663200378418
861 0.09528239071369171 -0.1486470252275467
1082 -1.1375752687454224 0.2611123323440552
947 1.5627909898757935 -0.8360775709152222
294 1.4346377849578857 -1.090958833694458
558 0.40533819794654846 0.5354198217391968
1381 0.7066889405250549 0.9935083389282227
1807 0.8300632834434509 -1.0135098695755005
1013 -1.174681305885315 0.3241747319698334
752 0.24666236340999603 -0.02805601991713047
764 0.40460577607154846 0.5353366136550903
946 -0.8967247009277344 -0.46710124611854553
1640 1.4883750677108765 0.6862502694129944
1774 1.054722547531128 -0.5388428568840027
1058 -0.24037569761276245 0.1989229917526245
21 1.1030919551849365 -0.06724637746810913
870 -0.6770758032798767 -1.6847288608551025
705 -0.04326038807630539 -0.4719916582107544
1340 -0.8357424139976501 -0.5717688798904419
936 1.6167718172073364 -0.6314211487770081
293 -0.0031383088789880276 -0.12675189971923828
1624 -0.021503012627363205 -0.4732544422149658
368 -1.4147557020187378 -0.44315293431282043
1604 -0.10271114856004715 -0.18415941298007965
147 -0.20456010103225708 0.4420260488986969
1073 -0.7470425367355347 0.7075096368789673
1659 -0.692405641078949 0.7291516661643982
1648 -0.43849363923072815 0.2212284505367279
561 -0.019772401079535484 -0.486447811126709
554 -0.13885696232318878 -0.8882099986076355
557 -0.7464290857315063 0.7177733182907104
1376 -0.5088129639625549 0.022783391177654266
1975 -0.5245978236198425 0.024333003908395767
1489 0.742298424243927 -1.6867460012435913
1000 -0.7404975295066833 -0.7204414010047913
62 -1.1345269680023193 0.2491561472415924
1857 -0.036915287375450134 -0.09933777898550034
1273 -1.8294991254806519 -0.1963321417570114
1085 0.1693209409713745 -1.8587652444839478
333 1.5892505645751953 -0.007295882795006037
579 0.007762853056192398 0.7058897018432617
1570 -0.0007796274730935693 -0.8932080864906311
403 0.13335469365119934 -1.3150490522384644
1344 1.1052335500717163 -0.05276915431022644
1977 1.7021987438201904 -0.35123926401138306
533 -0.29295986890792847 1.023234248161316
1251 1.026748538017273 1.2050588130950928
1958 -0.7297314405441284 0.7293264269828796
1486 0.5892055630683899 -0.34209299087524414
1009 0.8717387914657593 -1.6346933841705322
1305 -0.20537595450878143 0.4062141478061676
444 0.24550703167915344 -0.14514625072479248
1161 0.6034387946128845 0.33877959847450256
1620 -1.4805433750152588 0.8765527009963989
83 1.3912547826766968 -1.1702913045883179
1172 0.5585024356842041 1.5146175622940063
391 -0.012873252853751183 -1.3312633037567139
1386 -0.24367010593414307 -0.485960453748703
1971 -0.214628666639328 0.40223655104637146
1399 0.3981419503688812 -0.8332216739654541
1124 -0.16605907678604126 -0.3258633017539978
1836 0.2970152199268341 0.7771916389465332
1587 -0.21325251460075378 0.4030802547931671
1302 -0.22992043197155 0.372281014919281
1077 1.5685566663742065 0.4279745817184448
1329 -1.3114725351333618 1.0890556573867798
107 -0.8854442238807678 -0.4796639084815979
398 1.5710738897323608 0.4772565960884094
1716 -0.1685567945241928 -0.3429696559906006
1856 -0.4367794990539551 1.397904634475708
71 0.2610655725002289 0.7494896054267883
1319 0.6049895882606506 0.0886317566037178
896 -0.2877572178840637 1.0268946886062622
1410 0.23426739871501923 -0.14648957550525665
304 -0.2579520046710968 1.0717194080352783
1660 0.023379692807793617 -0.09254000335931778
1882 0.6675973534584045 -1.3874402046203613
942 0.3807198703289032 -1.265419840812683
1148 -1.2818723917007446 1.2505905628204346
1012 -0.6210409998893738 -1.43844735622406
910 -0.06038191169500351 -0.46021324396133423
22 -0.6925658583641052 -1.1405621767044067
29 0.5563380122184753 1.517988920211792
979 0.15504610538482666 -1.85609769821167
30 -0.14530625939369202 0.41551217436790466
1508 0.4688388705253601 0.3973662853240967
993 1.0253232717514038 -0.7521889805793762
1571 -0.33912956714630127 1.1505671739578247
654 -0.06392090022563934 -0.4714612662792206
1968 -1.5376198291778564 0.8313506841659546
1149 0.029574422165751457 -1.3305437564849854
1728 1.1254472732543945 -0.5563897490501404
1118 -0.1923259049654007 -0.16320423781871796
1451 0.5856072306632996 -0.3429774343967438
663 -0.4755884110927582 -0.06701173633337021
416 -0.6924092173576355 0.7296891212463379
1940 -0.23049990832805634 1.6623189449310303
1722 -0.6217365860939026 1.3114140033721924
916 0.6033969521522522 0.021574703976511955
1731 1.5619158744812012 0.4479311406612396
1783 0.1353195607662201 -1.8556358814239502
1786 -0.18824614584445953 -0.8547602295875549
1152 -0.2666529417037964 -0.879812479019165
28 -0.9237276315689087 -0.194363072514534
998 -0.24294321238994598 0.19506265223026276
1284 1.5672216415405273 0.48689278960227966
396 -0.6277439594268799 -1.4449882507324219
1923 -0.4842643141746521 -0.046165984123945236
1267 0.5104637145996094 -0.45572715997695923
1723 -0.26887866854667664 -1.8308314085006714
1930 -1.5317219495773315 -0.2509032189846039
1871 0.8288249969482422 -1.0197412967681885
1332 -0.4752546548843384 -0.06549569219350815
646 -1.769573450088501 0.3530271351337433
1487 0.2677925229072571 0.7690899968147278
1038 1.1979243755340576 1.0189629793167114
1842 0.049265820533037186 -0.27566006779670715
773 1.138388991355896 -0.4943857491016388
1678 0.1798287332057953 -0.49396073818206787
1322 0.7040204405784607 1.3195085525512695
735 1.1294223070144653 -0.5322316884994507
1572 -0.22110886871814728 0.38186487555503845
1343 -0.5368633270263672 1.627780795097351
1595 0.744436502456665 1.3376035690307617
700 -0.006979747675359249 -0.1355672925710678
982 0.02988751232624054 -1.3294309377670288
1966 1.0413860082626343 0.5077810883522034
698 0.5363517999649048 -1.2906036376953125
1835 -0.050385527312755585 -0.10323812067508698
1483 1.5944851636886597 0.020374678075313568
628 1.6216866970062256 -0.6638628244400024
402 -0.7895609736442566 -0.7744086980819702
1599 1.1071152687072754 -0.06773350387811661
1679 0.6112412810325623 -0.10654263943433762
1632 -0.8717448115348816 -0.49311888217926025
1563 -0.5116441249847412 0.021707113832235336
361 -0.19717608392238617 -0.2205992490053177
1974 -0.011313365772366524 -0.14754924178123474
149 1.3135279417037964 -1.3020732402801514
927 0.6150376796722412 -0.10821045190095901
1851 -0.39895471930503845 -1.8112492561340332
1300 0.5982772707939148 -0.21754826605319977
709 0.04607275500893593 0.7066267132759094
292 0.10828285664319992 -0.8357453942298889
1628 -0.4865841567516327 -0.0278242789208889
362 -0.01849331147968769 -0.13736188411712646
1816 1.6567672491073608 -0.21991880238056183
1802 0.37071630358695984 -1.2636356353759766
435 -0.32738208770751953 -1.228118896484375
60 0.4008862376213074 0.46527934074401855
1059 1.1462973356246948 -0.47574326395988464
9 -0.7213112115859985 0.7432082295417786
285 0.17972901463508606 -1.8585436344146729
1293 0.5906577706336975 -0.34128350019454956
431 0.8091457486152649 0.36565279960632324
1307 -0.726956307888031 -0.8923738598823547
976 -0.30521470308303833 -0.6647930145263672
1091 0.2418811172246933 -0.16527970135211945
1601 -0.03296714276075363 -0.48327115178108215
766 -0.9286776185035706 -0.1540665626525879
1725 0.35332536697387695 0.7651718854904175
1721 0.9794823527336121 -0.7962508201599121
1932 0.30553075671195984 0.3000798523426056
1010 0.04584610462188721 0.046434879302978516
968 -0.16610413789749146 -0.3344876170158386
1655 -0.0040538557805120945 -1.3545562028884888
1730 0.6070024371147156 -0.4066122770309448
1899 -0.1584174931049347 -0.8446923494338989
1066 0.24188603460788727 -0.12670134007930756
1881 1.1405425071716309 1.0410219430923462
84 -1.1993833780288696 0.3783275783061981
1657 -0.3518824875354767 -0.46252545714378357
734 -0.4914432168006897 -0.0992937907576561
417 0.054150618612766266 0.7116607427597046
1622 0.9492195248603821 1.2751115560531616
1726 -0.9741416573524475 -0.3390113115310669
67 -1.78306245803833 0.08165130019187927
1522 0.6163380742073059 -0.11658253520727158
1185 -0.9472799897193909 0.06393709778785706
1608 -0.8153625726699829 1.1870172023773193
1581 0.9766525030136108 1.2533820867538452
1736 -0.5088798403739929 0.022729013115167618
1219 0.5981937646865845 -0.2034151554107666
1908 -0.4952451288700104 -0.007842217572033405
1060 -0.059515442699193954 -0.4622192084789276
1502 0.4292715787887573 -0.8096529841423035
1743 -1.319570541381836 -0.48607778549194336
288 -1.0336400270462036 0.4763622581958771
374 0.1458570659160614 -0.6189088821411133
380 -0.9049797058105469 -0.4518888294696808
1806 -0.9260922074317932 0.014214488677680492
1485 0.2941443622112274 0.30280882120132446
1583 0.08896484971046448 0.010462081991136074
1690 0.34401750564575195 0.04362984001636505
1699 1.368613362312317 0.9320794343948364
944 1.4460307359695435 -1.0507534742355347
1397 -0.8631609678268433 1.2944631576538086
1837 -0.0034658568911254406 -0.8897674679756165
1839 0.7957650423049927 0.543429970741272
198 -0.4950315058231354 -1.790536880493164
1643 -0.5416353940963745 0.7490771412849426
397 -0.16671843826770782 -0.3256918787956238
1606 0.8956140279769897 0.07668931782245636
256 -0.45111459493637085 0.9015091061592102
1810 -0.38091567158699036 -0.43197426199913025
1630 -0.07117913663387299 1.606102466583252
1967 -0.08462256193161011 0.18089616298675537
314 0.2948788106441498 0.10750853270292282
710 -1.4860550165176392 -0.15008977055549622
1651 0.10063140839338303 -0.24870836734771729
1346 -1.0068448781967163 0.9971021413803101
1143 -1.0361424684524536 0.4718054234981537
1700 -0.4150323271751404 0.2292647659778595
1707 1.5274041891098022 -0.6650577783584595
1953 1.405340552330017 -1.1356258392333984
1002 0.14550524950027466 -1.856278657913208
1535 -0.7423015832901001 -0.8726810216903687
1440 0.5686776638031006 -0.34410610795021057
668 -1.4394407272338867 0.9518364667892456
953 0.6132212281227112 -0.1209913119673729
1747 -0.6832543611526489 -1.1458874940872192
371 -0.7341043949127197 -0.8842500448226929
1812 0.3221648633480072 -0.4409899413585663
1561 0.5506385564804077 1.5233417749404907
1691 0.7947368025779724 1.4132752418518066
299 0.40376484394073486 0.529089093208313
1755 0.8331298828125 0.20935703814029694
399 0.6019065976142883 0.10083866119384766
160 0.103180430829525 -1.3107664585113525
1950 -0.4741942882537842 -0.16442185640335083
687 -0.5088009834289551 0.022723080590367317
666 -0.5052012801170349 -0.020145997405052185
1864 -0.16222700476646423 0.43787360191345215
1071 1.0619776248931885 1.1382360458374023
952 -0.155690997838974 -0.7678901553153992
1408 -0.5096368193626404 0.02045121230185032
1506 -0.6676759123802185 -1.1630973815917969
720 0.23760230839252472 -0.16716210544109344
1946 -0.06856615096330643 -0.4597232937812805
758 -0.4722314476966858 -0.17911069095134735
1471 0.1910230964422226 1.006312608718872
1411 0.07752479612827301 0.030704056844115257
459 0.6155976057052612 -0.07187251001596451
320 0.8088138699531555 0.5121974945068359
737 -0.5722141265869141 1.628209114074707
1951 -0.00302368076518178 -1.8057968616485596
259 0.6053731441497803 0.03744794428348541
389 1.119529366493225 0.33796706795692444
1573 0.2469647228717804 -0.12478704750537872
959 0.2302892655134201 -0.492260217666626
1067 0.20907267928123474 1.022179126739502
704 -1.4907879829406738 0.881928563117981
688 0.2966311573982239 0.09328797459602356
1862 -1.1634941101074219 0.2410864233970642
966 0.23448418080806732 -0.16411380469799042
762 -1.0361517667770386 0.4709186851978302
1615 0.11163371801376343 -0.243078351020813
1840 0.6241697072982788 -0.3208291828632355
1926 1.1120672225952148 -0.5916700959205627
754 1.3712868690490723 0.9305704832077026
1844 -0.48269620537757874 -0.18193183839321136
664 -0.4893963038921356 -0.0859338790178299
1065 -0.7287192940711975 0.7140090465545654
1064 -0.06699047982692719 -0.10443875938653946
1796 -1.7054023742675781 -0.2848930060863495
366 -0.6675118803977966 -1.628530502319336
1704 -0.0717313140630722 -0.45693814754486084
1838 -0.5821053981781006 1.3001106977462769
1952 -0.2768097519874573 1.0327695608139038
476 0.12218260765075684 -0.1574360579252243
25 -1.4374276399612427 -0.05770854279398918
1503 -0.6496639847755432 -1.7149006128311157
1523 -0.30090010166168213 1.1094310283660889
1089 0.8326330184936523 -1.0088810920715332
1150 -1.2097738981246948 0.19968821108341217
535 1.6987087726593018 -0.43374475836753845
1727 -0.512460470199585 0.024043485522270203
1734 -0.8819643259048462 -0.4686962962150574
529 0.971129834651947 -0.7868169546127319
573 -0.14016421139240265 -0.24930156767368317
1510 0.13948078453540802 -0.5819045901298523
268 -0.05833548679947853 -0.46165958046913147
691 0.5844687819480896 -0.35007232427597046
257 0.4272628724575043 -0.8055598735809326
1859 1.6938180923461914 -0.34349891543388367
1511 -0.49125173687934875 -0.07746581733226776
1315 -0.18107767403125763 1.6545660495758057
1869 1.431580901145935 -1.082135558128357
301 -1.0234482288360596 0.5057923197746277
284 -0.16671516001224518 -0.32581961154937744
1368 -1.0141671895980835 0.4615151286125183
555 -0.23194806277751923 0.3984248638153076
1390 0.31183964014053345 0.29026713967323303
1737 0.18301156163215637 -0.48861783742904663
1057 -0.010431574657559395 -0.14797793328762054
1872 -0.16634269058704376 -0.3265184462070465
318 -0.9314104914665222 -0.22317831218242645
445 -0.28233107924461365 1.0571422576904297
961 -1.8292158842086792 -0.1936655044555664
954 -1.525249719619751 0.8337410688400269
1333 0.1324550360441208 1.5680303573608398
1983 0.15507055819034576 -1.8608142137527466
475 -0.2897088825702667 -0.8743167519569397
1961 -0.034195512533187866 0.293033629655838
756 0.2705962657928467 0.24894805252552032
1849 -0.5057159066200256 -0.016438886523246765
2020 -0.22022795677185059 0.39615628123283386
997 0.5927321314811707 0.1324886530637741
342 0.6257175803184509 -0.31112435460090637
1703 -0.9225213527679443 -0.20705407857894897
1907 -0.19436031579971313 0.43056029081344604
302 -0.2050733119249344 0.40671321749687195
2019 0.8390442132949829 -0.9867691993713379
1504 -0.6160266399383545 0.9048576354980469
325 0.7974055409431458 1.4122817516326904
562 0.7782661318778992 0.18912969529628754
541 -1.0331546068191528 0.4773661494255066
755 0.23847755789756775 -0.1503985971212387
1873 -0.212316632270813 0.3984391689300537
1912 -1.2642842531204224 1.2634015083312988
774 -0.695563793182373 0.7374359369277954
1264 0.7309249043464661 1.3296562433242798
336 -0.6944363117218018 0.7382976412773132
1129 -0.7146492600440979 1.5886046886444092
627 0.18578730523586273 -1.8660380840301514
1867 1.7050083875656128 -0.32818448543548584
2001 -0.2742637097835541 1.0445165634155273
1145 -0.028876062482595444 0.29269611835479736
1942 -0.621724009513855 -1.726883053779602
1945 -0.30278387665748596 0.2487364411354065
525 -1.137869954109192 1.3915513753890991
18 -1.1362512111663818 0.2593314051628113
1909 0.3502516746520996 -0.8829010128974915
974 1.4433612823486328 -1.0548439025878906
352 -0.003932002931833267 -0.14442968368530273
1578 -0.7947884202003479 -0.8171629309654236
1119 -0.921645998954773 -0.20921601355075836
957 1.350345492362976 0.923388659954071
2016 1.1204125881195068 0.29035159945487976
559 0.1888798475265503 1.003196120262146
1705 0.7967705130577087 0.5436930656433105
13 -0.49333304166793823 -0.23630639910697937
761 -1.4663599729537964 -0.08739905804395676
1072 1.0760926008224487 1.1281044483184814
596 0.9642323851585388 1.2557415962219238
449 0.5972998738288879 0.27976953983306885
337 0.28195610642433167 0.8009169101715088
943 0.6760152578353882 -1.3789304494857788
281 -0.8024723529815674 1.2084121704101562
980 -0.37822234630584717 -0.7599475979804993
511 -0.05309790000319481 -0.09388361871242523
650 -0.7706220149993896 1.1936404705047607
671 -0.8665879964828491 -0.5055208206176758
1979 0.9113960862159729 -1.613132357597351
430 -1.8046157360076904 0.18928974866867065
1135 -0.0852460265159607 -0.9227627515792847
1724 -0.4126838147640228 0.24848823249340057
1577 -0.2950829565525055 1.1269924640655518
956 0.5895072817802429 -0.34668856859207153
967 -0.9231184720993042 -0.20786818861961365
1964 0.5124879479408264 0.35404592752456665
1528 0.36190110445022583 -0.8838444948196411
711 0.0021362542174756527 -0.13371026515960693
1068 -0.18169841170310974 1.1133852005004883
731 -0.8840430974960327 1.2187726497650146
47 0.6636328101158142 0.6360969543457031
177 0.34269559383392334 0.03555659204721451
175 0.29318860173225403 -0.13448382914066315
623 0.0904727578163147 0.03643392398953438
667 0.2236253172159195 -0.048764701932668686
719 -0.05799073353409767 -0.4613851308822632
1291 -1.829784870147705 -0.19324955344200134
1389 -1.4852707386016846 0.8792141079902649
472 -0.15765473246574402 -0.8390610218048096
1733 -0.041585277765989304 -0.47028979659080505
1562 -0.19564564526081085 -0.1589238941669464
1995 1.5640442371368408 0.4964533746242523
432 0.8170162439346313 -1.0400902032852173
433 -1.1394463777542114 0.2572552263736725
1580 -0.7299135327339172 0.7143445014953613
908 -0.7492858171463013 -0.6905962824821472
1055 0.6233726739883423 -0.321001261472702
1860 0.0915667936205864 -0.1439511626958847
718 -0.0027324343100190163 -0.8876171708106995
1140 -0.7589496374130249 -0.8693222999572754
635 -1.0861207246780396 1.4229810237884521
2009 -0.1815398633480072 -1.3049813508987427
587 0.11538099497556686 0.39775288105010986
581 1.57832670211792 -0.8054181337356567
733 0.22987227141857147 -0.007062873337417841
395 -0.9021328091621399 -0.45043429732322693
1382 -0.05629575997591019 -1.306693196296692
963 0.028973985463380814 -1.3310269117355347
291 -0.38366058468818665 -0.5701692700386047
514 -0.01730775460600853 -0.13531412184238434
1373 0.2989586293697357 0.7507101893424988
544 -0.8950945734977722 -0.006067350506782532
157 0.39737024903297424 0.5342488884925842
317 -0.00010549277067184448 1.0086548328399658
1611 1.1404792070388794 1.04106605052948
303 -0.20927467942237854 -0.33460894227027893
1880 -0.3995487689971924 0.24849367141723633
701 -0.258091539144516 1.071375846862793
290 0.10686174035072327 -0.8415876626968384
1960 0.6812576055526733 0.6189181208610535
683 0.28789374232292175 -0.0998557060956955
1117 0.2598904073238373 0.7554207444190979
630 1.56597101688385 0.4384665787220001
1076 0.5159072279930115 -0.4493587017059326
1521 0.7667294144630432 1.3388378620147705
1536 -1.7358583211898804 0.45092374086380005
740 -0.05981640890240669 -0.47479793429374695
1056 -0.9039128422737122 0.005952160805463791
335 -0.0870596244931221 -0.1044534221291542
1567 -0.010065959766507149 0.2906810939311981
373 -0.2772154211997986 -0.5879400372505188
1732 -0.4867451786994934 -0.0418061688542366
1524 0.2208610475063324 1.5439540147781372
576 1.1679935455322266 0.3223857879638672
724 -0.9026808738708496 -0.44993606209754944
370 0.6196058392524719 -0.3390231132507324
1939 -1.8285105228424072 -0.18633300065994263
1112 0.2492292821407318 -0.028174279257655144
955 0.260853111743927 0.25664904713630676
994 -1.1339452266693115 1.3804517984390259
474 -1.8225839138031006 -0.1124960333108902
1576 1.2474706172943115 -1.405563235282898
1962 -1.8096122741699219 -0.002820173976942897
1996 -0.6536093950271606 -0.371641606092453
960 1.0642787218093872 -0.05473550781607628
649 0.7088304758071899 -1.4066375494003296
2010 -0.14982977509498596 0.7336227893829346
640 0.10146185010671616 -0.8451376557350159
556 -1.3257777690887451 -0.47308549284935
1848 -0.21377772092819214 0.3996744751930237
1846 -0.7588865756988525 -0.8540509939193726
617 -0.7752218842506409 1.2030200958251953
1430 0.5018045902252197 1.523123860359192
652 -0.6736858487129211 0.7502322196960449
166 -0.0708160400390625 -0.469021201133728
1121 -0.4357120394706726 -1.8038594722747803
16 0.6050077676773071 -0.17193886637687683
639 -0.2121122032403946 0.4018647372722626
642 -0.01259465329349041 -0.15261811017990112
1610 -1.2856545448303223 -0.5374981760978699
2008 0.624629557132721 -0.31718581914901733
660 -1.2710286378860474 1.2579147815704346
1568 0.7983543872833252 1.412768006324768
372 1.0496450662612915 0.4177681505680084
1250 -0.4964587986469269 -0.01186654344201088
1123 -0.28343260288238525 1.042833685874939
1087 1.0235800743103027 0.3124866485595703
969 -0.007431199308484793 -0.1403511017560959
575 0.41827839612960815 0.5178281664848328
1603 0.11261327564716339 -1.8491424322128296
154 -0.24058523774147034 0.4705337584018707
313 1.588648796081543 0.4157526195049286
1069 -0.9391564130783081 -0.15189692378044128
2012 1.0517196655273438 0.4639369547367096
384 1.0882089138031006 -0.07423830032348633
532 0.14578908681869507 -1.856557011604309
1525 -0.23014140129089355 0.38186269998550415
1134 -0.6020814776420593 -1.730137825012207
77 -0.487052857875824 -0.030908897519111633
339 0.4345425069332123 -0.6262953281402588
434 0.3116523325443268 0.2832131087779999
750 -0.7354882955551147 -1.1325424909591675
1861 0.6840371489524841 0.9826164245605469
577 -0.5013138651847839 0.01436060480773449
283 0.21039921045303345 1.0090430974960327
569 1.6322431564331055 0.06658032536506653
725 0.3930090665817261 -0.8056929111480713
721 1.252095103263855 -1.3985824584960938
1579 0.10287037491798401 -0.8440408706665039
1978 -0.4833398163318634 -0.07838001847267151
15 0.2497844696044922 -0.029337694868445396
20 -0.22954148054122925 1.6604900360107422
1086 -0.4467169940471649 0.20379337668418884
338 0.5011212825775146 0.3550783693790436
2011 -1.27993905544281 -0.544362485408783
353 1.0551660060882568 -0.70138019323349
1621 -0.7418116331100464 -0.8731610774993896
376 -0.6536957025527954 -1.7069756984710693
531 0.41415485739707947 0.5371271967887878
619 -0.08201567828655243 -0.9221419095993042
971 0.22645068168640137 0.988993227481842
287 1.4532874822616577 -1.04142427444458
159 -1.0251902341842651 -0.41574373841285706
686 0.6096325516700745 -0.10861078649759293
262 -0.13932810723781586 -0.26107874512672424
341 -0.00038340711034834385 1.0021798610687256
551 -0.7530694007873535 0.7288397550582886
1695 0.5850006341934204 -1.7448501586914062
2021 -0.21835215389728546 0.39871445298194885
1997 0.2752781808376312 1.5939557552337646
621 0.4379367232322693 -0.8097389340400696
1110 -0.2297891229391098 -0.4802313446998596
962 -1.136987566947937 0.23385082185268402
126 -0.3255964517593384 -1.2281373739242554
359 1.078446865081787 0.37936899065971375
278 -0.4332442581653595 -0.25040727853775024
742 -0.23396801948547363 0.39434584975242615
2015 0.22171497344970703 0.5640928149223328
344 -0.12629272043704987 0.17874440550804138
363 -1.3301180601119995 0.9006838798522949
530 1.1322392225265503 -0.4966738522052765
522 0.21692971885204315 -0.5442270040512085
855 0.8244211673736572 -1.007150650024414
1865 0.35542044043540955 1.5133590698242188
1965 0.24785272777080536 -0.18276378512382507
1540 1.2598541975021362 -1.365866780281067
1647 -0.12285607308149338 0.16286572813987732
570 -0.4934008717536926 -0.04959174618124962
44 -1.1688576936721802 0.22630362212657928
1144 0.062327973544597626 -0.019344761967658997
2184 -0.7084388136863708 1.3502967357635498
153 -1.033277988433838 0.47503066062927246
759 -1.6458765268325806 0.595314085483551
615 0.23651009798049927 -0.16699595749378204
1863 0.6020017266273499 0.05025417357683182
568 -1.0334562063217163 0.4775177538394928
270 -0.44028139114379883 0.07609979808330536
1139 -0.5152586698532104 0.021144963800907135
2023 1.632139801979065 0.06647183746099472
631 -0.6945686936378479 -1.1416702270507812
767 -0.017310025170445442 -0.1353052258491516
712 -0.03150280565023422 0.14961139857769012
2013 0.5010166168212891 1.5227408409118652
583 -1.5877273082733154 -0.005680501461029053
102 -0.10453218966722488 -0.924903392791748
552 0.4295554459095001 -1.2536602020263672
1618 -0.5102589130401611 0.02406706102192402
63 -0.4903865158557892 0.13610005378723145
2029 0.022923197597265244 -0.10415658354759216
730 -0.8020791411399841 0.6308810114860535
1986 -1.5316460132598877 0.8312957882881165
340 -0.5803070068359375 1.6266943216323853
1527 1.3858977556228638 0.9080504775047302
607 0.39568525552749634 -0.8008139133453369
480 -1.829471230506897 -0.19714900851249695
716 0.4329237639904022 -0.807755708694458
1985 -0.9317004680633545 -0.21887165307998657
1988 0.5222954154014587 0.35166269540786743
727 -0.28661754727363586 1.0573487281799316
1542 -0.05690477788448334 -0.4618622064590454
1809 0.08233334869146347 0.2970833480358124
606 0.5892090201377869 -0.3374154269695282
657 0.5900777578353882 -0.32799726724624634
723 1.3769335746765137 -1.194438099861145
550 -0.7431873679161072 -0.8713380098342896
1963 0.2645164132118225 -0.15640081465244293
1801 -0.2679719030857086 -1.8338215351104736
1132 -0.2668670117855072 -0.5852538347244263
1852 0.17513442039489746 -0.48653993010520935
637 0.07633882761001587 0.031839169561862946
748 -0.42793285846710205 -0.2669118046760559
446 -0.024584045633673668 0.13964766263961792
282 0.05064491555094719 -0.08601371198892593
286 0.7623800039291382 -1.4379867315292358
45 -0.2115650177001953 -0.3312622904777527
1142 -0.9001983404159546 -0.46013128757476807
622 -0.059201646596193314 -1.307030200958252
1097 -0.39246660470962524 -1.8113112449645996
595 0.1623724400997162 1.209937334060669
567 0.10800708085298538 -0.16220808029174805
1575 0.646881639957428 0.09639739245176315
26 0.612830400466919 -0.12182058393955231
597 0.30961981415748596 -0.8983395099639893
641 1.1257002353668213 -0.11285912990570068
1431 -1.6511746644973755 0.5872541666030884
277 0.34351563453674316 0.035378213971853256
1141 -0.4898671507835388 -0.24099871516227722
509 0.21720395982265472 0.9292231798171997
638 1.1358129978179932 -0.4910530745983124
665 0.0721050575375557 0.03978487476706505
599 -1.22148859500885 0.2204873412847519
1547 -0.7344672679901123 -0.7412184476852417
2017 -0.20514227449893951 0.4066244661808014
275 -0.8903286457061768 -0.01826900988817215
1990 0.24417835474014282 -0.8291001319885254
1948 0.2828180491924286 0.7890039086341858
478 0.23848731815814972 -0.017198270186781883
685 -0.9274176955223083 0.014333397150039673
365 -0.47681868076324463 -0.07069160789251328
1557 -0.46401190757751465 -1.8016042709350586
487 -1.5489307641983032 -0.29951462149620056
611 -0.20707674324512482 1.6594258546829224
2032 -0.7324285507202148 0.7062317132949829
1980 -0.4931619167327881 -0.08712876588106155
1612 -0.43719783425331116 0.07359549403190613
548 0.33391597867012024 -0.8927960395812988
164 -1.2474560737609863 1.2789710760116577
1558 -0.9224976897239685 -0.20714205503463745
422 -0.1969478726387024 0.4508151710033417
206 -1.7144465446472168 0.48553135991096497
504 -0.6393185257911682 -1.5985547304153442
481 -1.039937138557434 0.4677048325538635
493 -0.3292568624019623 -1.2282155752182007
316 -0.7395889759063721 -0.7442314624786377
470 0.1429603099822998 -1.8559354543685913
2120 0.09541904926300049 -0.4081656038761139
155 -0.7440275549888611 -0.732029378414154
2249 0.38571450114250183 -1.263710379600525
272 1.0527032613754272 0.3971219062805176
441 1.4441057443618774 -1.056472897529602
453 1.0512404441833496 0.40426328778266907
1203 -1.6607940196990967 0.5674407482147217
199 -0.7134861350059509 0.7380892634391785
194 0.1520451009273529 0.45002758502960205
632 0.35092276334762573 -0.823857843875885
713 0.3030279576778412 -0.09187609702348709
1539 -1.292301058769226 1.2489157915115356
347 0.33625710010528564 0.0434386283159256
274 0.4952712059020996 1.5265618562698364
527 0.011613219045102596 -0.11891487240791321
515 0.3174762725830078 -0.8970411419868469
749 1.107521653175354 -0.049651794135570526
1870 -0.21128447353839874 0.4066227376461029
2031 -0.6317204236984253 -1.246638536453247
681 -1.72732675075531 0.47097915410995483
1098 0.22197668254375458 0.9618156552314758
1127 -1.8040413856506348 0.19199669361114502
1109 -0.7124736905097961 0.7197861075401306
1984 -0.005796679295599461 -0.14604483544826508
566 -0.1458740234375 -0.268172949552536
1998 1.3388350009918213 0.6354938745498657
528 -0.03307107463479042 0.2865147590637207
1560 -1.5383591651916504 0.8308402895927429
305 -0.5037343502044678 -0.00674081314355135
1879 0.2529430389404297 0.7257551550865173
1092 0.7139630317687988 -1.6903691291809082
330 -0.32111865282058716 -1.2282272577285767
1113 -1.2306653261184692 1.2909601926803589
1164 0.247849240899086 -0.18276070058345795
620 -0.28451165556907654 -0.8760143518447876
467 0.5364484190940857 1.5240204334259033
2000 1.0147813558578491 0.5734931230545044
266 -0.6126832365989685 1.6171971559524536
729 0.47327056527137756 0.38731658458709717
2197 1.0960627794265747 -0.08531273901462555
383 -0.1775517463684082 0.7276132702827454
524 0.4813902676105499 -1.7890318632125854
523 0.3264085054397583 0.6954980492591858
193 0.4095154404640198 -0.5182912349700928
564 -0.17849259078502655 0.43006253242492676
1551 1.093181848526001 -0.08373847603797913
501 -0.6437065601348877 -1.6043182611465454
2018 1.097824215888977 -0.08473262935876846
585 0.12025495618581772 -0.15753769874572754
355 -1.2294094562530518 1.3075196743011475
693 -0.750115692615509 -0.7058565020561218
385 0.34167319536209106 0.03380093723535538
1090 -0.8993216753005981 -0.015823857858777046
677 -0.3151895999908447 0.24687930941581726
87 -0.062382642179727554 -0.4737813472747803
679 0.49848783016204834 1.5244039297103882
1537 -0.24283306300640106 -0.48570406436920166
625 -0.027805447578430176 -0.48164132237434387
633 -1.2011786699295044 0.19857951998710632
442 1.3489375114440918 0.9253742098808289
565 -0.46226564049720764 0.055506397038698196
1548 1.4252233505249023 0.6982840299606323
2175 1.1072288751602173 -0.06687083840370178
6 0.2626084089279175 0.7469733357429504
1529 -1.2902861833572388 -0.5315647721290588
473 -0.7484391331672668 0.7466241717338562
260 -0.20621290802955627 -1.3057055473327637
1989 -0.7339765429496765 -0.8834790587425232
173 -1.8297038078308105 -0.19843368232250214
388 -0.6485854387283325 -1.7019271850585938
1993 -0.7269072532653809 -0.8925309181213379
624 -0.40447282791137695 0.24833427369594574
636 1.0929514169692993 -0.0853860005736351
466 -1.6161925792694092 0.6453169584274292
2022 0.5026940703392029 1.5230437517166138
2247 0.31629496812820435 0.69846510887146
1553 -0.3199112117290497 -1.2304589748382568
150 -0.3076411783695221 -0.6608911156654358
600 1.7045246362686157 -0.33724725246429443
634 -0.003240136196836829 -0.1248728409409523
1249 0.23386655747890472 -0.01327105425298214
702 1.088313341140747 -0.07439874112606049
589 0.5024561882019043 1.519958734512329
271 0.49554815888404846 0.444510281085968
1574 1.588958501815796 -0.007348345126956701
1102 0.09793507307767868 -0.7231953740119934
2164 1.0763342380523682 0.41518110036849976
776 0.12199153751134872 -0.8298839926719666
2014 -0.4802575409412384 -0.17124247550964355
2150 0.6910312175750732 0.16385559737682343
682 0.5912131667137146 -0.377377986907959
184 0.31245240569114685 1.1802891492843628
2035 -0.7269978523254395 -0.8916581273078918
1798 -0.496715784072876 -0.06172536686062813
356 1.054989218711853 0.5462255477905273
115 1.3476874828338623 0.7964791059494019
170 0.36136847734451294 -0.8788033127784729
2188 0.8069449067115784 0.3890816271305084
152 0.4431679844856262 -0.8028759956359863
217 -0.4381246268749237 -0.31844252347946167
601 0.3762477934360504 0.5415549278259277
747 0.2907637059688568 1.5947295427322388
497 0.176469087600708 -1.8573501110076904
965 0.29406219720840454 -0.13505902886390686
732 -0.16222091019153595 0.4469163715839386
354 -0.26243889331817627 -0.581762433052063
1991 -1.490883231163025 0.8819636702537537
360 1.1297396421432495 -0.4872334599494934
610 0.4990982711315155 0.35690146684646606
593 -0.5523200631141663 1.631949782371521
448 0.1585562378168106 1.5885350704193115
643 1.645322322845459 -0.17599254846572876
1538 -0.29091376066207886 0.3266560435295105
2248 -0.5010711550712585 -0.17579276859760284
572 0.8019269704818726 1.4054292440414429
349 1.227904200553894 0.9944143295288086
428 0.0422690212726593 -0.09751333296298981
141 0.018454428762197495 -0.43969276547431946
602 -0.2910568118095398 -0.8740012645721436
482 -0.005236112046986818 1.5753976106643677
598 -0.49972039461135864 0.003415296319872141
1526 1.1045784950256348 -0.06780638545751572
267 -0.9215215444564819 -0.20794521272182465
273 -1.5204237699508667 0.8390390276908875
200 1.6589597463607788 0.10588151216506958
450 0.8137114644050598 -1.6613503694534302
185 -1.0422072410583496 -0.8485905528068542
1544 -0.1274907886981964 0.18175381422042847
69 1.0833927392959595 -0.008652504533529282
1096 -0.5034283995628357 0.09311368316411972
137 -0.5179623365402222 1.6336009502410889
539 -0.4027401804924011 -1.8110021352767944
488 0.3974434435367584 -0.8682800531387329
197 0.8710537552833557 0.12938745319843292
261 1.5703353881835938 0.4376978278160095
479 -0.2677294611930847 -0.5924301743507385
348 -0.7395144104957581 0.6839073300361633
553 -0.19178250432014465 -0.16633878648281097
538 -1.2002394199371338 0.3779953718185425
680 0.5765095353126526 -1.7535604238510132
2006 -0.5053635835647583 -0.005230736453086138
35 -0.14394401013851166 -0.2569256126880646
118 -0.14670315384864807 -0.2523205876350403
510 -0.9438316226005554 -0.44958019256591797
1949 0.6773659586906433 -1.393347978591919
508 -0.009888844564557076 0.28937211632728577
2245 -0.0032385389786213636 -0.124873585999012
246 0.7947466373443604 -0.19302129745483398
163 -0.327691912651062 -1.2269774675369263
1554 0.3440338671207428 0.04118629917502403
158 -0.747642993927002 -0.7067105174064636
169 0.501818835735321 1.5223432779312134
1987 -0.7528901696205139 -0.8640902042388916
86 -0.24819718301296234 1.6613988876342773
520 1.6057323217391968 0.05298084020614624
452 0.09703423827886581 -1.8521672487258911
172 -1.0254534482955933 -0.41587504744529724
53 -0.21044620871543884 0.4035685360431671
1137 -0.2832496762275696 -0.8242506980895996
214 0.5166031122207642 1.5184829235076904
280 -0.3044663369655609 -0.662494421005249
343 -0.010889868251979351 -0.1477787047624588
410 -0.4790150225162506 -0.07463160157203674
1136 0.15384173393249512 -1.8564774990081787
458 -0.3260129392147064 -0.4639133810997009
2121 -0.6712592840194702 0.7394446730613708
2127 0.6170442700386047 0.10098400712013245
1565 0.3943980038166046 -0.8041266798973083
1748 -0.2852989435195923 -1.2289950847625732
46 -0.5037583708763123 -0.0072991978377103806
594 0.44228488206863403 -1.2504496574401855
408 -0.923527717590332 -0.20669719576835632
253 1.077217936515808 1.1243482828140259
1552 -0.17076826095581055 -0.7557845115661621
54 0.09497293084859848 0.012082003988325596
512 -0.5060296058654785 -0.012286397628486156
228 -0.9226091504096985 -0.010473009198904037
311 0.17400749027729034 -1.8620508909225464
714 -0.8766832947731018 -0.4781308174133301
334 -0.4936394989490509 -0.08351854234933853
603 -1.618140459060669 0.6419721841812134
746 -0.47726014256477356 -0.29028648138046265
2024 -1.062532901763916 1.4369739294052124
1070 -0.4719927906990051 -0.17772145569324493
678 0.1763162463903427 -0.48418596386909485
604 -0.2719344198703766 1.095672607421875
486 -0.02798284962773323 -0.4865919053554535
571 -1.8294305801391602 -0.19668874144554138
1981 1.0591069459915161 -0.650924801826477
41 1.6964601278305054 -0.4247417449951172
547 -0.29070743918418884 1.6610511541366577
140 -0.263079434633255 0.4155547618865967
207 0.04926566407084465 -0.2756596505641937
2185 0.9745057225227356 -0.8023062348365784
1108 0.6196646690368652 0.7068436741828918
618 -0.508849561214447 0.01981179229915142
319 0.609595775604248 -0.11016873270273209
2003 0.15818755328655243 -1.8619745969772339
2124 -0.3936081528663635 0.25411272048950195
2034 -0.28409674763679504 -0.8239626288414001
40 0.28574904799461365 -0.1295747458934784
276 0.24799861013889313 0.92073655128479
97 -1.7148287296295166 0.484854131937027
626 0.15221506357192993 1.0043636560440063
2190 -0.09395942091941833 -0.4785837233066559
143 -0.49281740188598633 -0.056187957525253296
1530 -1.7794634103775024 0.18076562881469727
2126 -0.9192291498184204 -0.013803227804601192
1982 -0.42357051372528076 0.2496030032634735
2042 0.2361898124217987 0.9705955982208252
2049 -0.32985422015190125 -0.727861762046814
251 0.540663480758667 1.5151309967041016
1138 -0.6528183221817017 1.2839778661727905
451 0.30799660086631775 0.29811814427375793
279 -1.7276948690414429 0.46792665123939514
1999 1.4503147602081299 -1.0465435981750488
540 -0.8953959941864014 0.0009308056905865669
55 -0.30972397327423096 -0.660910427570343
421 0.3231952488422394 -1.2981253862380981
590 -0.1126207560300827 1.616982102394104
378 -0.2201680690050125 0.399583101272583
1115 0.24246659874916077 -0.15300069749355316
580 0.7120027542114258 -1.691175937652588
92 -0.21018816530704498 -0.3273167312145233
386 0.06245783343911171 -0.11326371133327484
1947 -0.2118174135684967 0.4036240875720978
824 0.05917718634009361 -1.319885015487671
196 -1.8063433170318604 0.18626075983047485
308 -0.3736027479171753 -0.7598065733909607
136 0.6918802857398987 -1.3979568481445312
586 0.8319944143295288 -1.036206841468811
247 0.3459167182445526 0.03220553323626518
518 -0.47514212131500244 -0.2689659893512726
505 -1.5584386587142944 -0.24118182063102722
350 -0.17836998403072357 -0.2022281438112259
168 -0.020256638526916504 0.14986488223075867
229 -0.21880267560482025 0.3549450933933258
513 0.7091889381408691 1.3304780721664429
463 0.6283249855041504 -0.31955257058143616
183 -1.6521190404891968 0.5860371589660645
322 -1.8249574899673462 -0.137844055891037
715 -0.06274460256099701 -0.4734135866165161
499 -0.3274620771408081 -1.2269896268844604
309 -0.5031089782714844 -0.02579396963119507
1994 0.2919410169124603 1.5920768976211548
1114 1.5303741693496704 -0.8434363603591919
269 1.694414734840393 -0.3623088300228119
728 1.0454459190368652 -0.5301752090454102
414 -1.8286621570587158 -0.17452749609947205
189 1.0590146780014038 0.43697136640548706
2246 0.870311975479126 0.12357394397258759
208 0.17836540937423706 -1.8599445819854736
605 0.3043527603149414 0.7719547748565674
181 -0.0007596436189487576 -0.8932061791419983
2130 -0.3819217085838318 -0.42123308777809143
471 -0.2767804265022278 1.1450934410095215
1532 -0.013410410843789577 -0.12304516136646271
425 -0.0011926660081371665 -0.1307532787322998
613 0.08848706632852554 -1.318729281425476
498 -0.9019604921340942 0.0007237889803946018
495 -0.7610165476799011 -0.8509095907211304
491 -0.001801892532967031 -0.1300993263721466
327 1.4390473365783691 -0.858026385307312
387 -0.7944394946098328 1.146153450012207
2206 0.6808612942695618 -1.3935033082962036
2181 -0.33045029640197754 -0.6111498475074768
225 0.5879549384117126 -0.3479997217655182
156 0.4151065945625305 -0.815933883190155
144 -0.35300660133361816 -0.4536323845386505
242 0.41845059394836426 -1.260095477104187
413 1.0642513036727905 1.1759535074234009
176 0.8005143404006958 1.407096266746521
411 1.0884311199188232 -0.6078031659126282
187 -0.9515548348426819 -0.43638256192207336
662 0.3122546970844269 0.2894306182861328
38 0.37614548206329346 -0.8828113079071045
123 1.5886963605880737 -0.0077594006434082985
464 -0.3410354256629944 -0.4626798629760742
263 0.26799875497817993 0.2522535026073456
457 0.052584853023290634 0.7120801210403442
379 0.7967734336853027 1.4126676321029663
174 0.3923273980617523 -0.8639292120933533
258 0.8195270895957947 0.7711168527603149
255 0.4780252277851105 0.3780534565448761
2187 0.15343759953975677 1.0143665075302124
1106 -0.32554948329925537 1.6580723524093628
469 1.6610543727874756 -0.25812020897865295
171 1.0964936017990112 1.114743947982788
1125 0.5904043316841125 -0.34093835949897766
1103 -1.1698753833770752 0.205916166305542
1107 0.3002218008041382 0.7473134398460388
2025 0.5038042664527893 0.36227676272392273
2028 1.580837607383728 -0.001918909139931202
661 0.23656319081783295 0.16158616542816162
592 0.43413689732551575 -0.8084426522254944
390 0.40437817573547363 0.5283486247062683
437 -1.6502951383590698 -0.26349517703056335
2096 0.8344645500183105 -1.652978777885437
489 -0.05568523705005646 -0.4605415463447571
745 0.8015462756156921 0.5374871492385864
975 -0.0038972501643002033 -0.13085238635540009
1095 -0.29360610246658325 1.660420298576355
454 0.09592606127262115 -1.8526548147201538
250 -0.2101234644651413 -0.32731297612190247
57 0.41395872831344604 -0.5251823663711548
744 -0.9074267148971558 -0.4525112509727478
133 -1.254078984260559 1.2827266454696655
462 1.1034079790115356 -0.0652531236410141
345 -0.800046443939209 0.6208459138870239
298 1.050771713256836 0.40548276901245117
1130 -0.49496352672576904 -0.04981841519474983
204 0.8445382118225098 -0.982337474822998
588 -1.2063233852386475 1.3244121074676514
42 -1.2900103330612183 -0.525317907333374
526 -0.7938042283058167 -0.8172053694725037
485 0.4507409632205963 -0.7593314051628113
2119 -1.2385293245315552 1.292001724243164
72 1.5641833543777466 0.4960553050041199
1093 -0.12657542526721954 1.0992827415466309
88 -0.01482969056814909 0.25096479058265686
161 -0.9269014000892639 -0.19452105462551117
1094 1.2550241947174072 -1.3715280294418335
578 0.5727721452713013 -1.7523343563079834
2075 -0.3253372013568878 -1.2278159856796265
205 -0.4863347113132477 -0.11357956379652023
484 0.8386816382408142 -0.9865503311157227
477 1.2344200611114502 1.0012130737304688
2005 -0.5040909647941589 -1.789040207862854
265 0.23751023411750793 -0.1591721624135971
563 -0.04492838308215141 -1.2963587045669556
407 -0.7832221984863281 1.190340280532837
1126 1.4848262071609497 -0.9563198089599609
494 -0.8672152161598206 -0.4993261396884918
43 0.6115432381629944 -0.14958752691745758
741 -1.007601261138916 0.5149065852165222
521 0.18598288297653198 1.565079927444458
429 0.6717454791069031 0.9451472163200378
2095 -0.6211673021316528 -1.7267028093338013
1531 0.11854332685470581 -0.829232394695282
75 0.588753342628479 -0.368673712015152
591 -0.4804849326610565 -0.14392484724521637
582 0.11450037360191345 1.5795650482177734
364 0.4047008454799652 0.5331297516822815
1133 1.5623642206192017 0.44678109884262085
507 -0.05997904762625694 -1.3070021867752075
460 0.417405903339386 0.5145134329795837
2036 -1.3318731784820557 0.4032161235809326
89 0.31309372186660767 -0.845879077911377
358 -0.07303775101900101 -0.4662224352359772
221 0.9983420372009277 1.2399100065231323
191 0.49157005548477173 -0.7863032817840576
506 -0.22258655726909637 0.37766504287719727
254 1.0354351997375488 0.4536302089691162
483 -0.18145295977592468 0.43330901861190796
195 -0.793462872505188 -0.8151488900184631
574 0.9412270784378052 -1.5976957082748413
104 -0.48856520652770996 -0.04337066784501076
1546 0.22946679592132568 0.2758650779724121
412 0.10208609700202942 -0.8442201614379883
2203 -0.2984961271286011 1.134454369544983
223 -0.20682455599308014 -0.44830307364463806
517 -0.2904397249221802 -1.2293773889541626
2099 1.0903739929199219 -0.0833151787519455
406 -0.16785115003585815 0.43448406457901
2132 0.27159741520881653 0.27248015999794006
2243 -0.5384209752082825 1.502653956413269
1116 0.11213894933462143 -0.24493294954299927
382 -0.06093430146574974 -0.4728942811489105
236 0.43795326352119446 -0.8098195791244507
826 -1.804388403892517 0.01554738637059927
490 0.6308371424674988 -1.3209162950515747
74 -1.8244067430496216 -0.12146671116352081
138 1.093204379081726 -0.08438484370708466
2145 0.4472189247608185 -0.7975564002990723
608 -0.2126419097185135 0.3720797300338745
190 0.6879778504371643 -1.387047529220581
135 -0.15609373152256012 0.44396695494651794
409 -0.6649609804153442 -0.9376292824745178
249 -0.001643102033995092 -0.12914934754371643
1104 1.0004048347473145 0.618769645690918
2160 1.543947696685791 -0.5890645384788513
2104 1.0965193510055542 -0.08652295917272568
328 0.3346124291419983 -0.8428469896316528
2091 -0.6635633707046509 -0.3349567651748657
1101 -0.32605522871017456 -0.7115700244903564
2196 0.7096631526947021 -1.6920702457427979
2200 -0.5348529815673828 1.6357544660568237
2199 0.023135187104344368 -0.10754390805959702
243 0.6096034646034241 -0.11011304706335068
224 0.24453528225421906 -0.023880252614617348
1992 0.218022421002388 0.9985078573226929
351 0.14075817167758942 1.0196133852005005
1245 -1.4856427907943726 0.882204532623291
56 -1.2352683544158936 1.2848646640777588
2109 0.16637247800827026 0.02411179430782795
165 -1.741160273551941 -0.292331337928772
202 -0.09197117388248444 1.606067419052124
2004 0.08859613537788391 0.012288017198443413
264 -0.16621510684490204 -0.3345049321651459
108 -0.20665095746517181 -0.44813305139541626
1559 -1.5306425094604492 -0.24925518035888672
2026 0.2625083327293396 1.5973833799362183
114 -0.2114400714635849 0.4027073085308075
142 -0.7422611117362976 -0.8718451857566833
614 0.5883147120475769 -0.3468494713306427
1541 0.4282766878604889 -1.2540466785430908
503 0.42626774311065674 -1.2532389163970947
2166 0.5941826105117798 -0.3647948205471039
1549 -0.009508931078016758 -0.14724379777908325
2147 -1.6176072359085083 0.6444677114486694
2144 1.6635878086090088 0.12314216047525406
2102 -1.7383846044540405 0.43150463700294495
211 -0.2848900854587555 1.0149396657943726
218 1.078535795211792 -0.07127296924591064
2108 -0.3259696662425995 0.25229519605636597
2103 -0.47429460287094116 -0.17812347412109375
117 0.030193617567420006 -0.09009544551372528
248 -0.17600560188293457 -0.14425793290138245
2156 1.0037376880645752 0.570729672908783
212 -1.0375889539718628 0.4708356559276581
134 -0.4964565336704254 -0.01474957074970007
1285 -0.16609716415405273 -0.3344970941543579
2098 -0.5134144425392151 0.01970248855650425
609 -0.9249162673950195 1.4232138395309448
2240 1.1928025484085083 1.0373727083206177
1543 -0.49148762226104736 -0.0824030414223671
213 1.5650421380996704 0.48668065667152405
2129 -0.10289683192968369 0.43988779187202454
2072 -0.06535477936267853 0.1815505474805832
2037 0.8286620378494263 -0.9863935112953186
447 -0.5064765810966492 -0.006160810589790344
232 0.8286936283111572 -0.9942808151245117
519 1.6084593534469604 0.054785385727882385
1111 1.0772536993026733 -0.6249104738235474
2131 -1.7022181749343872 0.5141857862472534
90 0.8436928987503052 0.753076434135437
162 1.4446964263916016 0.7149645090103149
227 0.3092239499092102 -0.8983929753303528
2100 0.8806890845298767 1.2919801473617554
1533 -1.323089838027954 -0.4808327555656433
2063 0.32327473163604736 0.08222977072000504
241 -0.28388676047325134 1.0185215473175049
1556 0.23826390504837036 -0.1539800465106964
427 -0.1227567121386528 -0.5275759100914001
230 0.1662413477897644 1.5752698183059692
2097 -0.2237604856491089 1.6625242233276367
1545 -0.00902946200221777 0.28635087609291077
2125 -0.47790780663490295 0.12181336432695389
455 0.5027911067008972 1.5219846963882446
111 -1.8292193412780762 -0.19374051690101624
116 -0.0023521017283201218 -1.3341104984283447
1564 -0.399169921875 -1.8101040124893188
2041 1.632202386856079 0.06659216433763504
2201 0.4022005498409271 0.5257495641708374
222 -0.941431999206543 -0.14489613473415375
2212 1.3480647802352905 0.9206480979919434
238 -0.10574154555797577 1.6133776903152466
2027 0.3230088949203491 0.0881304144859314
2030 0.5887992978096008 -0.3466263711452484
456 1.5642458200454712 0.5111767649650574
2186 -0.7102565765380859 0.7131356596946716
2033 -0.0673072561621666 -0.4581589996814728
132 -0.5088597536087036 0.022785168141126633
226 0.8306341767311096 -0.9858806133270264
2173 -1.6548094749450684 0.5845711827278137
2002 -0.5569475293159485 1.318716049194336
326 1.4418991804122925 -1.0628573894500732
465 -0.21540023386478424 1.6594655513763428
901 -0.42838263511657715 1.2154309749603271
496 -0.2050742208957672 0.40671539306640625
717 0.09518401324748993 -0.7262423038482666
612 1.2481745481491089 -1.400894284248352
203 -0.1887357383966446 0.1959642767906189
186 -0.7283979058265686 0.7149290442466736
2105 -0.9134365320205688 -0.015549374744296074
129 1.0649043321609497 -1.1179356575012207
500 -0.17526036500930786 0.443753182888031
492 -0.476877897977829 -0.07612471282482147
127 -0.7339242696762085 -0.8847299218177795
2048 -0.01383543387055397 -0.14767898619174957
167 -0.7606465220451355 -0.8643450736999512
188 1.1023987531661987 1.0963571071624756
70 0.2051466703414917 0.16837219893932343
179 0.026951635256409645 0.056383755058050156
2191 1.7008566856384277 -0.3286019265651703
2193 -0.47791773080825806 0.12181100249290466
220 -0.3297045826911926 -1.2272660732269287
2135 1.1151610612869263 -0.5849887132644653
2122 0.013131096959114075 -0.45605844259262085
94 -0.07226276397705078 0.19822438061237335
584 -0.01949615404009819 -0.487002432346344
2154 0.42386701703071594 0.5270542502403259
98 1.1041030883789062 -0.04977793991565704
423 0.8333460688591003 -1.0111593008041382
2140 0.027224967256188393 -0.09078914672136307
192 -0.038176532834768295 -0.46777454018592834
2163 0.2330414354801178 -0.14389626681804657
743 -0.6893818974494934 -1.1408865451812744
231 -0.6291229724884033 -1.251119613647461
2172 -0.337497740983963 0.30256199836730957
420 -0.2467741221189499 1.6614667177200317
419 0.6288337707519531 -0.2957428991794586
329 -0.2252057045698166 0.39433953166007996
1427 -0.7366687655448914 0.7292375564575195
461 -1.4230319261550903 -0.33979007601737976
346 -0.6914376616477966 -1.1717609167099
415 -0.923696756362915 -0.20355206727981567
239 0.5969702005386353 0.05164269357919693
2174 0.04049116373062134 -1.327249526977539
244 -0.7272034287452698 0.714832067489624
2155 -0.9280961751937866 -0.20498180389404297
131 -0.6302244663238525 1.6144832372665405
2050 0.2630913257598877 -0.15174277126789093
2182 1.0943471193313599 1.1246747970581055
2162 0.12763842940330505 -0.28040245175361633
400 -0.5922449231147766 -1.4435474872589111
139 0.6114367842674255 -0.10934016853570938
2192 1.1044461727142334 -0.056925177574157715
119 -1.1556107997894287 0.21885135769844055
2079 -0.36718860268592834 -0.4186260402202606
1555 -0.7264707088470459 -0.8921884894371033
1099 0.1325010508298874 -1.2914307117462158
2137 0.34225741028785706 0.04202619194984436
2176 0.2603203356266022 -0.03264228627085686
240 0.09527651220560074 -0.14863188564777374
2198 1.667999267578125 -0.2821703553199768
2090 0.6251513957977295 -0.3092939853668213
180 0.2397092580795288 0.9921870231628418
252 -1.3215450048446655 -0.48258304595947266
91 0.43182945251464844 -0.8093475699424744
201 -1.2322672605514526 1.3038722276687622
2143 0.21331852674484253 0.15485084056854248
324 -1.4166673421859741 -0.3458383083343506
2242 -0.8860372304916382 -0.4723939299583435
245 -0.24931327998638153 1.6612963676452637
1534 -0.1672419011592865 -0.3356579840183258
1105 -1.0387111902236938 0.4677664637565613
2078 1.6769111156463623 -0.49888455867767334
2077 0.9593541026115417 1.2600754499435425
296 -0.7571246027946472 -0.8559374213218689
418 -0.8816366195678711 0.5534829497337341
381 -0.7781745791435242 1.1871412992477417
210 -1.1349711418151855 0.24865122139453888
2139 -0.5038384199142456 -0.021254055202007294
2052 -1.6735570430755615 -0.025590410456061363
235 1.0719149112701416 0.43842649459838867
2112 -0.22126853466033936 0.3992915153503418
2051 1.373977780342102 0.923858106136322
2238 0.305100679397583 0.28441834449768066
2101 -0.011111892759799957 1.0169302225112915
1100 1.6406934261322021 -0.10629875212907791
219 0.399602472782135 0.5266438126564026
2209 -0.8410027027130127 -0.7689386010169983
2084 -0.4619174301624298 0.07114413380622864
37 0.1222429871559143 1.5774039030075073
468 0.27294909954071045 0.269061803817749
2074 0.282497376203537 0.26450416445732117
2085 1.4079852104187012 -1.1234169006347656
2177 -0.05115322023630142 -0.09665272384881973
2087 1.363634705543518 0.662926971912384
216 -0.7285142540931702 0.714485764503479
182 -0.5339080691337585 -1.7684787511825562
2241 0.27147969603538513 -0.15562763810157776
2194 0.705066442489624 0.9309448003768921
2134 -0.04389149695634842 -0.47422367334365845
516 1.6510560512542725 0.17259235680103302
321 -0.297199547290802 1.0124051570892334
2070 -0.38013261556625366 -0.38273385167121887
2045 0.720411479473114 0.9900938272476196
1550 -1.4683958292007446 -0.40597566962242126
2082 -1.821807622909546 -0.10469423979520798
2080 -0.7700605392456055 1.190703272819519
2123 -0.10036052763462067 0.1794450432062149
2205 1.6420652866363525 -0.1957513839006424
237 -0.4136752784252167 0.2487872838973999
2161 -0.13470867276191711 -0.24032455682754517
616 1.2411017417907715 -1.4090063571929932
772 0.06955353915691376 -0.2613377571105957
2046 -0.2193153202533722 0.39519163966178894
2043 -1.1696079969406128 1.3591474294662476
2195 -0.06033369526267052 -0.46274200081825256
2141 1.0585119724273682 -1.5595513582229614
215 -0.8709552884101868 -0.4903552830219269
2180 -1.0360549688339233 0.46975627541542053
209 0.5862208008766174 -0.34804654121398926
2107 0.7935993671417236 1.4050941467285156
2106 0.14678023755550385 -1.8565508127212524
2040 -0.004609040915966034 -0.13477975130081177
99 -1.6115350723266602 0.680034875869751
178 1.092827558517456 -0.06914825737476349
2118 -0.30086860060691833 -0.6597285866737366
2189 0.021333282813429832 -0.4394567906856537
2047 -1.6703585386276245 -0.2850501835346222
2128 -0.8712642192840576 -0.48973897099494934
2073 0.8388510942459106 -0.987156093120575
2089 -0.05765337869524956 -0.46240368485450745
2237 -0.07197146862745285 -0.457905650138855
2071 -1.6099295616149902 -0.3483114242553711
93 -1.0092947483062744 -0.39722108840942383
2115 0.7441478967666626 1.3312151432037354
2059 0.07413389533758163 0.027189411222934723
2179 -1.3239442110061646 -0.4842526316642761
2250 -0.7361003160476685 0.748548686504364
2159 -0.022724609822034836 0.1471572369337082
2239 -1.3216133117675781 -0.48308873176574707
2165 -0.05671484395861626 -0.45992106199264526
2044 1.1843878030776978 1.0465887784957886
502 0.0046171750873327255 -0.13446202874183655
2183 0.27457043528556824 0.25669804215431213
234 1.5617834329605103 0.4470198154449463
233 -0.09940024465322495 -0.11104348301887512
2086 0.2357100546360016 0.2731781005859375
2142 -1.828643560409546 -0.17433275282382965
323 0.17671504616737366 -1.8579920530319214
121 0.2677253484725952 0.25531163811683655
2088 0.5930302739143372 -0.3420426547527313
2092 0.7032589912414551 -1.6946725845336914
2178 0.6875612735748291 -1.7016713619232178
2117 -1.7701343297958374 0.3545878231525421
2170 0.2915608882904053 1.592409610748291
2039 -0.9010062217712402 -0.45765063166618347
2151 0.27503442764282227 -0.15762747824192047
2069 1.1194454431533813 -0.5895236730575562
2081 0.4856090545654297 0.38270822167396545
2148 0.18602582812309265 0.9987151622772217
672 -0.5155559778213501 0.009192245081067085
2076 1.4431759119033813 -1.0552558898925781
151 -0.6895040273666382 1.3218867778778076
2083 -0.7520641684532166 -0.8653942346572876
2168 0.42021626234054565 0.5366213917732239
2136 -0.1766267865896225 -0.8792335987091064
2210 -0.7448670268058777 0.7493166923522949
2152 0.6164851188659668 -0.4190463423728943
2138 1.6750496625900269 -0.5047118067741394
2113 0.0006996538722887635 -1.8099459409713745
2157 1.135301113128662 -0.48778340220451355
1425 1.6240215301513672 -0.029501520097255707
122 0.8478268384933472 -1.0376800298690796
130 -0.003239505225792527 -0.12487342208623886
110 -1.1811108589172363 0.301260769367218
2202 1.6952775716781616 -0.42118778824806213
100 0.7393136024475098 0.9751567840576172
2056 -1.1809583902359009 0.25509727001190186
436 -1.5281274318695068 0.8354964256286621
2146 -0.011432269588112831 -1.3312431573867798
2038 0.3279985189437866 -1.289107322692871
2153 0.551043689250946 -0.3508240282535553
2169 -0.3172507584095001 1.668682336807251
2211 0.9147060513496399 -1.5119775533676147
2234 -1.1701042652130127 -1.500443458557129
2236 -1.186349868774414 -1.4798637628555298
2116 -1.5970089435577393 -0.9481087327003479
2068 -1.1820266246795654 -1.4808239936828613
2067 -1.2235006093978882 -1.432572603225708
113 -1.5785372257232666 -0.9683884382247925
289 -1.6624953746795654 -0.8481636643409729
2244 -1.6624953746795654 -0.8481636643409729
2057 -1.6624953746795654 -0.8481636643409729
2058 -1.1572473049163818 -1.514341115951538
95 -1.1572468280792236 -1.5143418312072754
2207 -1.6409245729446411 -0.8855783939361572
2114 -1.6624953746795654 -0.8481636643409729
2221 -1.2108007669448853 -1.4509241580963135
2204 -1.1820793151855469 -1.480798363685608
2149 -1.6624953746795654 -0.8481636643409729
2060 -1.210801124572754 -1.4509228467941284
2111 -1.1572028398513794 -1.514384150505066
2055 -1.4861737489700317 -1.1387664079666138
96 -1.2381062507629395 -1.1537296772003174
2065 1.4420757293701172 -1.0603951215744019
2216 -0.02967201918363571 0.29309648275375366
2066 0.5971439480781555 -1.7360597848892212
2054 0.7808929681777954 -1.4468204975128174
2062 -0.07439358532428741 0.16647905111312866
2167 -0.9009847640991211 -0.45823341608047485
2220 -0.136894091963768 -0.24546244740486145
2217 -0.8998402953147888 -0.4581112265586853
101 -0.029489729553461075 0.2928175628185272
109 1.1042907238006592 -0.5632038116455078
2232 -0.7425088882446289 0.6864854097366333
2110 0.5428172945976257 0.9894231557846069
112 0.04210411757230759 -1.3236098289489746
2133 0.37870824337005615 -1.265473484992981
2053 -0.7915089130401611 -0.7966307401657104
2219 1.0115705728530884 -0.80708247423172
2222 1.0966789722442627 1.1092126369476318
2064 1.4912112951278687 0.6665023565292358
1282 1.0552159547805786 -0.5668262839317322
2094 -0.4927613437175751 -0.09321857243776321
2061 0.6016696691513062 0.029632944613695145
2215 -1.7759273052215576 0.08018903434276581
810 -1.3186577558517456 1.0833362340927124
2218 0.4012521505355835 0.5358671545982361
2229 -0.033936500549316406 0.15354697406291962
2227 1.0829811096191406 0.46454131603240967
781 -0.051152076572179794 -0.09665029495954514
2235 -1.7895357608795166 0.10661836713552475
782 -0.7485167980194092 -0.8704838752746582
2223 -0.14898157119750977 0.4491721987724304
2233 -0.4789336323738098 -0.17495372891426086
2230 -0.21079449355602264 0.40354034304618835
803 -0.2855170965194702 -0.8498752117156982
2226 -0.012316553853452206 -0.13657383620738983
2228 0.7363942265510559 -1.426700234413147
1426 -1.5054398775100708 -0.2174670547246933
1375 1.1359226703643799 0.1342013031244278
2231 -1.8221416473388672 -0.10243751108646393
2225 -0.7308515310287476 0.7102078795433044
2093 0.7029098272323608 -1.39829683303833
827 0.0011525630252435803 -0.4596651494503021
2224 0.1630607396364212 -1.3176904916763306
809 -0.8266215920448303 1.0372523069381714
2208 -0.37587520480155945 -0.42520880699157715
808 -0.05146670714020729 -0.4615689218044281
2214 -0.7985823154449463 1.178864598274231
854 -0.7933958768844604 -0.8190521597862244
802 -1.257290244102478 1.2698071002960205
2158 -0.4997403919696808 -0.005704884883016348
780 -1.6624953746795654 -0.8481636643409729
1374 -1.2540273666381836 -1.2121208906173706
779 -1.2377408742904663 -1.1522763967514038
788 -1.6624953746795654 -0.8481636643409729
2213 -1.2234911918640137 -1.4325811862945557
818 -1.217721700668335 -1.4196560382843018
3 -1.6117658615112305 -0.9291386008262634
835 -1.174904227256775 -1.4890440702438354
834 -1.578855276107788 -0.9679153561592102
829 -1.2541718482971191 -1.2130706310272217
837 -1.2401652336120605 -1.1689343452453613
2251 -1.6624953746795654 -0.8481636643409729
801 -1.2143778800964355 -1.4301981925964355
2 -1.2189587354660034 -1.4349863529205322
841 -1.5487085580825806 -1.0267822742462158
797 -1.6624953746795654 -0.8481636643409729
842 -1.6624953746795654 -0.8481636643409729
804 -1.6273072957992554 -0.9044684171676636
814 -1.5970089435577393 -0.9481087327003479
2171 -1.21439528465271 -1.4301704168319702
822 -1.255779504776001 -1.2146536111831665
794 -1.2509289979934692 -1.1991944313049316
793 -1.2611720561981201 -1.2290120124816895
807 -1.1757278442382812 -1.4825410842895508
851 -1.2108007669448853 -1.4509241580963135
786 -1.6624953746795654 -0.8481636643409729
846 -1.546724796295166 -1.0304244756698608
816 -1.5641988515853882 -0.9962546825408936
813 -1.2509289979934692 -1.1991944313049316
838 -1.2545678615570068 -1.2121508121490479
844 -1.6624953746795654 -0.8481636643409729
825 -1.6624953746795654 -0.8481636643409729
796 -1.2108008861541748 -1.4509239196777344
800 -1.5805457830429077 -0.9670311212539673
795 -1.1749062538146973 -1.4890422821044922
831 -1.6144187450408936 -0.9237754940986633
839 -1.1820266246795654 -1.4808239936828613
791 -1.5483324527740479 -1.0274434089660645
817 -1.5252127647399902 -1.0624313354492188
4 -1.1572431325912476 -1.5143439769744873
1 -1.6624953746795654 -0.8481636643409729
832 -1.2597544193267822 -1.2115505933761597
784 -1.6624953746795654 -0.8481636643409729
799 -1.1572010517120361 -1.5143860578536987
833 -1.5970089435577393 -0.9481087327003479
821 -1.5320549011230469 -1.0456792116165161
787 -1.1827247142791748 -1.47995126247406
812 -1.6624953746795654 -0.8481636643409729
849 -1.174905776977539 -1.4890331029891968
777 -1.2177315950393677 -1.4196381568908691
830 -1.5035812854766846 -1.106534719467163
845 -1.1753243207931519 -1.4887638092041016
792 -1.6624953746795654 -0.8481636643409729
850 -1.210801601409912 -1.450921654701233
820 -1.266331672668457 -1.236553430557251
811 -1.210801601409912 -1.450921654701233
847 -1.5809029340744019 -0.9660196900367737
852 -1.1820406913757324 -1.4808048009872437
789 -1.174905776977539 -1.4890331029891968
798 -1.59337317943573 -0.9512122273445129
840 -1.5970089435577393 -0.9481087327003479
778 -1.1612173318862915 -1.510727882385254
790 -1.6624953746795654 -0.8481636643409729
785 -1.6624953746795654 -0.8481636643409729
853 -1.6624953746795654 -0.8481636643409729
783 -1.182078242301941 -1.4807430505752563
819 -1.48664391040802 -1.1382781267166138
843 -1.1753243207931519 -1.4887638092041016
815 -1.5037338733673096 -1.1063038110733032
805 -1.6340278387069702 -0.891308605670929
806 -1.6397395133972168 -0.8852182030677795
2252 -0.06622026115655899 -0.10441426932811737
828 -0.06716377288103104 -0.10450617223978043
