301 -2.1168160438537598 1.5370768308639526
1492 -0.3172941505908966 0.3894951641559601
722 -0.3174721598625183 0.3893705904483795
838 -0.3170638382434845 0.3894927203655243
648 -0.317294180393219 0.3894951045513153
900 -0.3170638978481293 0.38946157693862915
422 -0.31729641556739807 0.3894249200820923
921 -0.31717240810394287 0.3894599676132202
1572 -0.31706398725509644 0.3894921839237213
1259 -0.3170938193798065 0.3892081081867218
1686 -0.3174763321876526 0.38945960998535156
50 -0.31706443428993225 0.3894922435283661
1122 -0.31706440448760986 0.3894922435283661
445 -0.3174532651901245 0.38921672105789185
174 -0.31747695803642273 0.38945966958999634
1298 -0.317294180393219 0.3894951045513153
1450 -0.3172942101955414 0.3894951641559601
11 -0.3170643746852875 0.3894922137260437
214 -0.3170645833015442 0.3894922733306885
1598 -0.3170640170574188 0.38946160674095154
972 -0.3170638680458069 0.38946154713630676
1141 -0.3170641362667084 0.3894921839237213
692 -0.31729647517204285 0.3894249200820923
475 -0.3174769878387451 0.38945963978767395
499 -0.3174532651901245 0.38921669125556946
101 -0.31706374883651733 0.3894926607608795
1083 -0.317476361989975 0.38945966958999634
909 -0.3171851634979248 0.3894934356212616
637 -0.31706443428993225 0.3894922137260437
668 -0.3174769878387451 0.3894597291946411
1035 -0.3172945976257324 0.38946428894996643
471 -0.3174769878387451 0.38945966958999634
885 -0.31729644536972046 0.3894248902797699
1317 -0.3173094391822815 0.3894576132297516
1365 -0.3174769878387451 0.38945963978767395
731 -0.31706440448760986 0.3894922137260437
23 -0.31706440448760986 0.3894922137260437
1370 -0.3172941505908966 0.3894951641559601
566 -0.3170640468597412 0.3894927203655243
1127 -0.31706398725509644 0.3894921541213989
1315 -0.3174769878387451 0.3894597291946411
1000 -0.31718507409095764 0.38949352502822876
27 -0.31718674302101135 0.3892085552215576
792 -0.31706368923187256 0.38949263095855713
658 -0.31706440448760986 0.3894922733306885
449 -0.3170640766620636 0.38946157693862915
185 -0.3172945976257324 0.38946428894996643
1526 -0.3170638978481293 0.38946160674095154
659 -0.44780489802360535 -1.3162497282028198
568 -0.31658321619033813 0.3897986114025116
217 -0.31717240810394287 0.38945990800857544
1597 -0.31747016310691833 0.38946011662483215
1381 -0.3172945976257324 0.38946428894996643
974 -0.3174763321876526 0.38945960998535156
1319 -0.317294180393219 0.3894951045513153
1644 -0.317294180393219 0.3894951343536377
995 -0.31706422567367554 0.3894922435283661
802 -0.3172945976257324 0.38946428894996643
406 -0.31706371903419495 0.3894927203655243
219 -0.31729647517204285 0.3894248604774475
887 -0.31706398725509644 0.3894926905632019
479 -0.3172941505908966 0.3894951045513153
226 -0.3171723484992981 0.3894599676132202
509 -0.31706392765045166 0.3894922435283661
1308 -0.3174770176410675 0.38945963978767395
1360 -0.3174769878387451 0.38945963978767395
257 -0.3171849846839905 0.38949349522590637
1076 -0.3174770176410675 0.38945963978767395
1386 -0.3172941505908966 0.3894950747489929
169 -0.31718677282333374 0.3892085552215576
570 -0.317294180393219 0.3894951343536377
1524 -0.31706374883651733 0.3894926607608795
1013 -0.317064106464386 0.38949212431907654
240 -0.3174769878387451 0.38945966958999634
1351 -0.31706419587135315 0.3894921541213989
1056 -0.3173094391822815 0.3894576132297516
1187 -0.3174770176410675 0.38945963978767395
1362 -0.3174769878387451 0.3894597291946411
78 -0.3174532651901245 0.38921675086021423
1708 -0.3171723484992981 0.3894599676132202
1172 -0.31706756353378296 0.389428049325943
1669 -0.3172946870326996 0.3894643187522888
1378 -0.3171384036540985 0.38946327567100525
1065 -0.3170890808105469 0.38934195041656494
401 -0.317476361989975 0.38945966958999634
249 -0.3174769878387451 0.3894597291946411
647 -0.3172954320907593 0.3892102837562561
105 -0.3174762725830078 0.38945963978767395
1534 0.6589813232421875 0.050810981541872025
1435 -1.1498194932937622 0.2373654544353485
808 -0.16050571203231812 0.9390475749969482
1215 -0.6079346537590027 0.24837176501750946
1600 -0.4316650331020355 0.2400299459695816
57 0.7755683660507202 1.7840297222137451
204 0.03347688540816307 0.12916401028633118
932 -1.0457407236099243 -0.6599318385124207
400 0.4329443871974945 0.8393417000770569
1134 0.10841118544340134 0.08715251088142395
1251 1.1672134399414062 -0.17808079719543457
47 -0.3170638382434845 0.38945749402046204
1299 0.06025733798742294 0.22918781638145447
1255 1.442445993423462 0.5098935961723328
891 0.04990793764591217 0.3372756540775299
1195 -0.0185842327773571 -1.3478795289993286
395 -0.07808198034763336 -1.3538706302642822
1283 -0.5404834747314453 0.28849074244499207
242 -0.277670681476593 0.834781289100647
232 -0.5841437578201294 0.28106895089149475
709 0.10075724124908447 0.3847423195838928
794 1.1958339214324951 -0.1327582597732544
548 -0.5949608087539673 0.2639457583427429
1194 1.1179474592208862 -0.6738590002059937
632 -0.24438412487506866 -1.3265300989151
1114 1.1146258115768433 -0.6668455600738525
830 -0.3590534031391144 0.26231032609939575
1239 0.0028415387496352196 -1.109139323234558
1518 0.05054759979248047 -0.7863237261772156
759 -1.9219238758087158 0.38148829340934753
645 -0.6395034790039062 0.8173320293426514
221 -0.26382285356521606 0.8392135500907898
1042 -1.5662182569503784 -0.9093548655509949
576 0.23717063665390015 -0.4264657497406006
254 1.192629098892212 -0.5472651124000549
766 0.09639935940504074 0.07368849962949753
778 0.5283123254776001 1.9546130895614624
763 -0.7589564919471741 0.7387802004814148
1168 0.06440466642379761 0.22797635197639465
1555 1.159973382949829 -0.613640308380127
935 -0.26112100481987 0.8246911764144897
1388 -0.07163574546575546 0.6445580124855042
500 0.7369686961174011 1.8004286289215088
728 -0.3599443733692169 1.6167834997177124
804 0.5044639706611633 -1.2035210132598877
518 0.011557348072528839 0.828843891620636
795 -0.23899389803409576 0.37985244393348694
178 -0.7379025816917419 2.0564515590667725
91 -1.8627972602844238 -0.5168037414550781
1511 1.4457900524139404 -0.009399013593792915
862 0.9218546748161316 0.9215443730354309
1100 0.9147824645042419 0.9410951733589172
447 0.8840836882591248 -0.8749271631240845
459 0.04440603405237198 -1.3124098777770996
184 0.9477347731590271 0.37866559624671936
1300 0.09986662119626999 0.08327260613441467
936 -0.932341456413269 0.8454400300979614
1345 -0.02162116765975952 0.15558603405952454
159 -1.0476253032684326 0.5707362294197083
1603 -0.3475548028945923 0.39885249733924866
842 0.4335457980632782 0.7823295593261719
282 -0.8117536306381226 0.7665114402770996
828 -1.8818687200546265 -0.4694085717201233
243 -0.5994822382926941 0.8145774602890015
1316 0.9477121233940125 0.3786092698574066
170 0.23469237983226776 1.0788930654525757
521 0.490487664937973 0.6862679123878479
158 -0.41416317224502563 1.3294998407363892
361 0.9012441635131836 0.9733818769454956
799 -0.10752604901790619 0.019086569547653198
1533 1.1409162282943726 1.3509174585342407
511 1.0933234691619873 1.4036928415298462
624 -1.9858213663101196 -0.1330142617225647
717 -0.5797601938247681 0.26958951354026794
1080 0.29211506247520447 -0.5712007880210876
83 1.4427660703659058 0.501340389251709
1256 0.07960851490497589 0.7960023283958435
211 0.40865954756736755 0.7366198301315308
1116 -1.0551154613494873 0.5198670029640198
1618 -0.2861570119857788 0.6898816227912903
1599 -2.0228724479675293 0.3265071511268616
116 -1.5573971271514893 -0.911048173904419
784 -0.2503129839897156 0.8370562791824341
1394 -0.6224091649055481 -0.33812519907951355
1099 -0.474209189414978 -0.05121086537837982
869 0.0905294343829155 1.5547971725463867
1098 -0.22225075960159302 0.43722930550575256
260 1.3828710317611694 0.9463666677474976
1154 -0.7075284123420715 0.8782892227172852
540 0.056714192032814026 2.0863325595855713
1549 -0.7351502180099487 2.04754900932312
944 -0.8618437647819519 -1.3096857070922852
87 -1.196446180343628 -0.003744726534932852
145 -0.2427789270877838 0.40990447998046875
1197 -1.1971862316131592 -0.025903400033712387
292 0.05708005651831627 0.21987274289131165
100 1.4419000148773193 0.6154441237449646
675 -0.2663232386112213 0.48680129647254944
1196 0.49758508801460266 1.4128038883209229
1364 -0.506436288356781 -1.3434877395629883
466 -0.24867933988571167 0.8514177203178406
726 0.061415895819664 2.0551695823669434
1306 0.036385904997587204 0.24316376447677612
1484 -0.26576530933380127 -0.92817622423172
1079 0.5775860548019409 -0.041608527302742004
1565 1.4265080690383911 0.4481906294822693
1615 -0.08383023738861084 -0.012567410245537758
12 -0.7080803513526917 0.8806116580963135
1103 -0.22513996064662933 -1.319719910621643
538 -0.7492594718933105 0.9734242558479309
684 0.9689522981643677 0.2978702783584595
476 -0.703618049621582 2.1117641925811768
17 -0.018448157235980034 -1.3478425741195679
1675 -0.2675253748893738 0.8220770359039307
672 -1.9241055250167847 0.3810727298259735
38 -1.1647357940673828 0.3405139744281769
194 -0.2794989347457886 -0.49034383893013
973 -0.3174763321876526 0.38945960998535156
405 1.4369252920150757 0.603711724281311
1674 -0.19655388593673706 -0.12297704815864563
164 0.15004946291446686 2.034682035446167
1601 -0.44880589842796326 -0.38174015283584595
1455 -1.8877636194229126 0.3708020746707916
1095 -1.5663787126541138 -0.9092023372650146
805 -0.376090407371521 -0.07006973773241043
1348 -1.075157642364502 0.5307489037513733
1096 -1.519339680671692 0.4148605763912201
925 -0.8616576790809631 -1.3097587823867798
1400 -1.0754753351211548 0.699417233467102
95 -0.33777564764022827 0.4785926342010498
1417 -1.4938855171203613 -0.31197473406791687
1383 -1.0036952495574951 1.4387762546539307
1265 -0.5771462917327881 0.295983225107193
1294 -0.15305361151695251 -1.3338756561279297
86 -0.6258847713470459 0.16474248468875885
1159 -0.676732063293457 0.9298608303070068
251 -1.0333830118179321 0.5790844559669495
396 -0.06733043491840363 1.4649920463562012
1683 -0.2935018837451935 0.7451462149620056
15 0.44353556632995605 0.8254635334014893
1688 -0.01843513920903206 -1.3478443622589111
1327 -0.5398648381233215 -0.296833872795105
715 -0.3265795409679413 0.519914448261261
575 0.7360138893127441 0.3184821307659149
1178 -0.5478123426437378 2.1125328540802
127 -1.5639902353286743 -0.37672626972198486
1352 -0.9682192206382751 1.9147844314575195
886 0.5360240340232849 -0.38764500617980957
689 0.10336361080408096 0.08847665786743164
477 -0.43371227383613586 -0.03964374586939812
774 0.038436345756053925 0.09808956831693649
1092 -0.983678936958313 1.8612005710601807
1286 0.25836899876594543 1.3997867107391357
24 0.9708684086799622 0.30161750316619873
1701 -0.9814718961715698 1.9286484718322754
993 0.3090918958187103 -0.5635810494422913
1344 -0.4481821656227112 -0.381551593542099
1393 -0.7921984195709229 -0.20032036304473877
1216 0.03631727397441864 0.10076136142015457
79 1.0785813331604004 1.4428209066390991
1152 -0.6139697432518005 0.8358936309814453
1305 -0.6257249116897583 2.0859785079956055
1354 0.4619404971599579 -1.218990445137024
187 0.4062252640724182 1.517001986503601
651 0.32474851608276367 1.3890101909637451
1140 -0.5726020336151123 0.10399013012647629
833 -0.9803536534309387 1.2218374013900757
514 -0.6281560659408569 0.29068607091903687
92 0.9188628792762756 0.9037744402885437
1491 -0.7054638862609863 0.8788213133811951
1161 -0.9858191013336182 -0.7972056865692139
51 0.42481324076652527 1.522788643836975
744 -0.23559418320655823 0.6564544439315796
1072 -0.9908572435379028 1.3002105951309204
749 -1.1479300260543823 0.37807875871658325
216 0.2889953851699829 -0.5679399967193604
646 0.0851856917142868 0.0849306732416153
798 -0.41848909854888916 1.3140816688537598
762 1.4254306554794312 0.6690783500671387
1007 -0.612908661365509 0.24757586419582367
1073 0.8027265667915344 0.0927007645368576
1546 0.07076135277748108 0.0813247337937355
816 -0.44749730825424194 -0.38157370686531067
883 0.03570336475968361 0.8111339211463928
924 -0.4492330551147461 -0.3859446942806244
729 -1.0657000541687012 0.5260624885559082
901 0.02641746960580349 0.8227660059928894
1224 -1.0643305778503418 0.5223879814147949
1130 -0.5864714980125427 0.27009645104408264
244 0.37673285603523254 0.8440486192703247
1091 -0.5481212139129639 0.289228618144989
1147 0.7417144179344177 -1.0277667045593262
1062 -1.9882962703704834 0.11073346436023712
556 -0.27465975284576416 0.834828794002533
790 -0.9860249757766724 -0.4693005681037903
1444 -1.0583796501159668 -1.0672980546951294
1567 -0.9478068351745605 0.6624828577041626
71 -0.9817649722099304 1.6460763216018677
1191 -0.6385857462882996 0.23202210664749146
1347 -1.0980924367904663 -0.9487895369529724
693 0.348148912191391 -0.25812429189682007
1459 -1.2016388177871704 -0.6203683614730835
1297 0.2828982472419739 -0.5704951882362366
769 -0.5659241676330566 0.2922922670841217
161 1.4464406967163086 -0.00039680051850154996
1487 -0.2534615993499756 0.7803723812103271
1289 -0.5788455009460449 0.28487810492515564
220 -1.5109505653381348 -0.3932838439941406
88 0.037832845002412796 0.14443282783031464
977 0.194309800863266 -0.6893704533576965
1442 -1.8984098434448242 0.38306933641433716
690 0.5130631327629089 0.46939966082572937
800 -0.842860221862793 -0.223509281873703
1310 -1.8845326900482178 -0.4101128876209259
531 0.6207562685012817 -0.2974119782447815
1231 -1.5814332962036133 -0.8644888997077942
1006 0.22807250916957855 0.5064786672592163
1420 1.1257964372634888 1.3490544557571411
1002 -0.29578328132629395 0.7581967115402222
1158 1.0154211521148682 -0.7430846095085144
238 -0.3129379451274872 0.5012630224227905
710 1.4719480276107788 0.13500753045082092
829 0.7622488737106323 0.43253567814826965
388 -0.34838032722473145 0.46687600016593933
510 -0.9215040802955627 0.5432190299034119
826 1.0577571392059326 -0.5164029002189636
1697 0.670741617679596 0.06423576921224594
458 -2.0284039974212646 0.3097709119319916
29 0.7862740159034729 -0.27151253819465637
1179 1.0187879800796509 -0.7338363528251648
1015 -0.5340437293052673 0.9261904954910278
457 -0.37461575865745544 1.3298214673995972
535 -1.5388522148132324 -0.2412087470293045
469 0.1068696528673172 -0.1389801949262619
130 0.9937976598739624 -0.7637825608253479
631 -1.8609641790390015 -0.503993570804596
1426 -0.6286076903343201 0.20221924781799316
1457 0.8896045684814453 0.9612424969673157
831 -0.940561830997467 0.714040994644165
420 -0.11763760447502136 0.020397549495100975
529 -1.058333158493042 -1.2343568801879883
1508 1.189500331878662 -0.13629157841205597
652 -0.40479591488838196 1.322348952293396
1064 -1.0092494487762451 1.4163143634796143
129 1.4135627746582031 0.0024377726949751377
199 -0.6019802689552307 0.2633071839809418
1709 0.38484397530555725 0.8382988572120667
1180 1.1806715726852417 1.3060898780822754
1200 -0.6193747520446777 0.24575091898441315
768 -0.707539439201355 0.8782922625541687
245 -0.5272821187973022 0.2127697616815567
849 -1.061065912246704 -1.2463948726654053
1008 1.442580223083496 0.5349088311195374
382 -1.5574307441711426 -0.9110138416290283
202 -0.5355266332626343 0.28516072034835815
1012 0.0877220630645752 0.8029236197471619
97 -0.9558002948760986 0.7398998737335205
1126 -0.2402552366256714 0.37717825174331665
144 -0.2403409779071808 0.37717002630233765
554 -1.3165005445480347 -0.5619648694992065
1123 0.4170648455619812 1.661468267440796
536 -0.3916403651237488 -0.1484151929616928
1118 -0.49621960520744324 0.21116840839385986
1057 -0.3064764738082886 0.760050892829895
513 0.4387587606906891 0.7216576337814331
892 -0.845885694026947 -1.3124473094940186
1609 0.7781921625137329 -0.9793684482574463
545 -0.2645013928413391 0.6924301981925964
528 -0.6117861866950989 0.028208650648593903
660 -0.2682056725025177 0.6935977339744568
44 -1.3227781057357788 0.38434937596321106
355 -1.0241825580596924 1.2207615375518799
1604 -1.285879373550415 0.17040438950061798
201 0.6000966429710388 -0.018892358988523483
559 -0.7053674459457397 0.8798167705535889
415 -0.7375512719154358 2.047502040863037
976 -1.0533396005630493 -0.8482949137687683
1519 -0.4934540390968323 0.20376722514629364
994 -0.34907400608062744 -1.3230082988739014
275 0.07608991116285324 2.031848430633545
1475 -0.4549143612384796 1.3079215288162231
695 0.968953013420105 0.2978757619857788
419 1.096062421798706 1.3937596082687378
186 -0.583260715007782 0.290532648563385
1382 -1.6092499494552612 0.4332542419433594
231 0.5329594612121582 0.47603029012680054
1366 -0.9980785250663757 -0.4479931890964508
882 0.861820638179779 1.738656759262085
1706 0.011838668957352638 0.8303292989730835
1284 -0.6101095676422119 0.330322265625
896 -0.25245729088783264 0.8489184379577637
847 1.0814015865325928 1.4837439060211182
1488 0.4432792365550995 2.002479076385498
460 -1.149931788444519 0.35268256068229675
738 0.29211458563804626 -0.5712013840675354
1260 0.7623363137245178 -1.0023982524871826
1204 0.03728198632597923 0.10935579985380173
765 0.1032603457570076 2.075270175933838
1097 1.1799391508102417 -0.5593166351318359
1048 0.07919811457395554 2.030665397644043
629 -0.34865206480026245 -0.21076208353042603
1606 0.879688024520874 -0.8764473795890808
468 0.9206644892692566 0.9487177729606628
167 1.4420965909957886 0.5480675101280212
897 -1.404991626739502 -0.128817617893219
754 0.38519230484962463 -0.23987449705600739
912 0.4911992847919464 1.9757333993911743
996 -0.40103334188461304 1.3219541311264038
881 0.9168980717658997 0.935937762260437
1060 -0.8637812733650208 -1.3064411878585815
723 -0.4300687611103058 2.0972821712493896
1536 -0.8797566890716553 1.1248111724853516
1668 -0.5663318634033203 0.2920534312725067
653 -0.25823748111724854 0.7882806062698364
1520 -0.24174579977989197 1.5141159296035767
41 0.5206802487373352 -0.40474221110343933
708 -0.26862969994544983 1.4717339277267456
417 -0.25004491209983826 0.7648859024047852
416 -2.0170538425445557 0.33224496245384216
444 0.7028247117996216 0.08035372197628021
907 -1.0024666786193848 1.244438648223877
1082 -1.3194023370742798 0.13918612897396088
1054 -0.8427479863166809 -1.3145042657852173
1612 -0.6864244341850281 0.9243125319480896
206 -1.9206817150115967 0.380292683839798
737 -1.1258461475372314 -0.35371729731559753
903 0.9087075591087341 1.6940808296203613
1313 0.00439273240044713 0.7513861060142517
532 -0.3174769878387451 0.38945966958999634
852 1.1926718950271606 -0.1361151784658432
890 -0.8126206994056702 -0.237784743309021
1143 -1.0109962224960327 0.6254162192344666
85 -0.2997328042984009 -1.332273006439209
498 0.6178321838378906 -0.30505621433258057
128 1.2779688835144043 -0.38863998651504517
386 0.12360650300979614 0.38494375348091125
450 -0.9137279391288757 0.7490449547767639
845 0.0671154335141182 0.220281183719635
574 0.040615323930978775 2.042348861694336
1471 -0.48625269532203674 0.806721031665802
913 1.4422632455825806 0.5567147135734558
1119 1.440847396850586 0.09032941609621048
1193 -0.40984559059143066 -0.9164125323295593
771 -0.5182967185974121 -1.3513237237930298
1446 -0.5338377356529236 -0.8910998106002808
1587 0.5971090197563171 -0.3076832592487335
1326 0.13039161264896393 1.4091837406158447
1135 0.009015616029500961 -0.8745644688606262
970 -1.97770094871521 -0.15155141055583954
1582 0.9946390390396118 0.3432435989379883
537 0.15963588654994965 0.20824812352657318
933 -1.4471676349639893 -0.20145906507968903
809 -0.23921631276607513 1.8072036504745483
1340 -0.6879100203514099 0.9184607863426208
1545 0.164515420794487 1.3991968631744385
834 0.03385937586426735 0.15198570489883423
209 -0.5917368531227112 0.3325015604496002
1247 0.03754642978310585 0.8074111342430115
62 1.054777979850769 0.3461323380470276
837 -1.974960207939148 -0.14126691222190857
497 1.4436060190200806 0.5172503590583801
872 -0.2732827067375183 -0.4804615080356598
915 -0.723860502243042 -0.19587798416614532
1028 0.20404517650604248 0.6636291742324829
1517 -0.6157309412956238 -0.33907076716423035
627 -0.2894483804702759 -0.5533497929573059
1527 0.06368386745452881 0.7530148029327393
237 -0.37883689999580383 0.23135511577129364
1050 1.4264366626739502 0.6217343211174011
1513 -0.6183398365974426 -0.9243170619010925
551 -0.26160740852355957 0.6911165118217468
827 -1.0477391481399536 0.5714735388755798
1445 -0.19955657422542572 -0.051146697252988815
1229 1.1092907190322876 -0.6777232885360718
19 -0.36072397232055664 1.615572214126587
1569 -0.5377048850059509 0.2854379713535309
1479 -0.9934024810791016 1.2857000827789307
1514 0.5185211300849915 0.4717596173286438
9 -0.1693134307861328 1.4658561944961548
946 1.051529049873352 -0.02938946895301342
1622 1.0792655944824219 1.4141896963119507
959 0.5185198783874512 0.47176051139831543
56 -0.7674569487571716 -0.31907904148101807
1494 -0.2197044938802719 0.9465422034263611
696 0.319715678691864 1.4071177244186401
1558 -1.5316438674926758 -0.7702915668487549
391 0.3122267425060272 0.6187323331832886
815 0.04434771463274956 0.1822633594274521
541 -1.267281174659729 0.389503538608551
984 -0.6238018274307251 -0.3134751319885254
1454 -1.1808737516403198 0.17312394082546234
82 -0.12073676288127899 0.915817141532898
451 -1.4065499305725098 -0.0497448593378067
1602 -0.3107545077800751 2.120731830596924
103 -0.8531741499900818 -0.21633286774158478
992 0.07919272035360336 2.030675172805786
1629 -1.0582178831100464 0.4089343547821045
534 0.23352156579494476 1.0799973011016846
102 -0.4487932026386261 -0.3817390501499176
1061 -0.8650318384170532 -1.3065564632415771
1684 -0.413547545671463 -0.0540371797978878
230 0.502561092376709 -1.1171249151229858
293 -0.7685872316360474 -0.2861995995044708
824 0.8538475036621094 1.2145845890045166
397 -1.0109940767288208 0.6254155039787292
66 0.5822857022285461 1.465966820716858
218 0.17362377047538757 -0.5011453628540039
636 -0.5063544511795044 0.7830193638801575
1101 0.16922834515571594 0.20014236867427826
796 -0.6005528569221497 0.2836550772190094
758 0.2366395890712738 0.11325955390930176
1476 -1.1733474731445312 0.33219191431999207
1164 -0.03248065337538719 0.17016461491584778
983 -1.0109854936599731 0.6253445148468018
572 -0.24280032515525818 0.6514074206352234
588 -0.47453272342681885 2.1070802211761475
638 -1.5797293186187744 -0.86628657579422
1089 -1.8627941608428955 -0.5168073177337646
1671 0.8533099889755249 -0.8898311257362366
1322 -0.2704695463180542 -0.5067206621170044
407 0.24141868948936462 -1.2811799049377441
628 -1.0337079763412476 -1.2403080463409424
1586 0.4985722005367279 1.9583206176757812
747 -0.43303999304771423 -0.03860068693757057
233 1.0663925409317017 -0.7039745450019836
1032 -1.2261930704116821 0.2584512531757355
75 -1.0846365690231323 -0.3428618907928467
931 -0.27048760652542114 0.8369255065917969
284 -0.5742663145065308 0.2794053554534912
1343 0.2812289595603943 -0.849028468132019
1490 -1.1964023113250732 -0.0033140035811811686
1596 -0.981094479560852 1.9163227081298828
1106 -0.31642255187034607 -1.3165181875228882
895 1.090145468711853 1.4067442417144775
1485 0.9477123618125916 0.3786139488220215
414 0.0492560938000679 0.20244140923023224
1407 0.29425305128097534 -0.5594019889831543
462 -0.0654854103922844 0.6645475029945374
1336 -0.9801544547080994 1.9285200834274292
676 -0.2957617938518524 -0.4708811938762665
791 -0.792195737361908 -0.20031842589378357
1390 -1.2685396671295166 0.0047882115468382835
1108 0.11823306232690811 1.1089420318603516
363 -1.0896360874176025 0.49661943316459656
277 -0.4474232792854309 -0.3815799355506897
399 1.0845715999603271 -0.14125707745552063
980 -0.973318874835968 1.8836767673492432
825 0.16312773525714874 -0.03630363941192627
33 -0.6400243639945984 0.8180956840515137
246 -0.27574580907821655 1.4817529916763306
387 -0.3330215811729431 -1.3098546266555786
998 0.4832092821598053 1.3486326932907104
1009 -0.6067306995391846 0.8084887862205505
1349 -0.060040298849344254 0.7814887762069702
151 1.387824535369873 -0.1970934122800827
22 -0.8363946676254272 -1.3154670000076294
549 -0.9630175828933716 1.335853934288025
1667 0.21280625462532043 1.4222480058670044
146 0.7802057266235352 -0.12277204543352127
841 -1.4576921463012695 0.38932064175605774
139 0.31222593784332275 0.6187322735786438
291 -0.003333193250000477 0.8173409700393677
712 -0.5762001276016235 0.29630041122436523
1607 -0.4983745217323303 -0.049554768949747086
165 -0.5527180433273315 1.3935627937316895
1509 0.43389278650283813 0.8250692486763
520 0.04934430494904518 0.1111239343881607
1312 -0.5740475058555603 0.2994254231452942
1014 0.04309336096048355 0.16426581144332886
25 1.047930121421814 0.3329973816871643
1395 -0.14798609912395477 0.9961439371109009
530 -0.5636054873466492 0.2811122536659241
1398 0.05748702585697174 -0.811930775642395
1258 -0.2353258579969406 0.6462849378585815
13 -0.3177155554294586 1.6267930269241333
752 0.5329605937004089 0.47603335976600647
480 0.5896856188774109 -0.3085579574108124
1413 -0.5643280148506165 0.2929222285747528
677 -0.10307647287845612 0.009993123821914196
1111 -0.21824626624584198 0.44252467155456543
198 0.03502727299928665 0.1033162996172905
1373 -0.9373232126235962 0.6722434759140015
776 1.3874253034591675 -0.1984192430973053
259 -0.5698941946029663 0.2960563004016876
1469 -1.9283702373504639 -0.31628066301345825
853 -1.9241873025894165 0.3766711950302124
148 -1.9285790920257568 -0.3006281852722168
442 0.33297520875930786 0.5943958759307861
889 -0.19371482729911804 2.096682071685791
183 -0.9629494547843933 -1.288106083869934
372 -1.6787073612213135 -0.23146681487560272
1170 0.047929830849170685 0.2251136153936386
856 0.9689542651176453 0.2978755533695221
821 -1.2693560123443604 -0.032653581351041794
58 1.3791193962097168 0.9442956447601318
840 -0.255050390958786 0.6694331169128418
439 0.9477061629295349 0.3785945475101471
558 0.49715811014175415 1.3308616876602173
512 -0.5266724824905396 2.1011526584625244
1171 0.11097413301467896 0.3634915053844452
1304 -0.11726340651512146 -1.3272027969360352
811 -0.5818362832069397 0.2821156978607178
1078 0.07340901345014572 2.0557403564453125
1677 -0.16098210215568542 -0.0455646887421608
999 0.7270109057426453 -1.0276669263839722
727 1.368146300315857 0.9930842518806458
906 0.040171559900045395 0.08463310450315475
1548 0.04115168750286102 0.1856304556131363
700 -0.9596406817436218 0.6987727880477905
154 -0.617550790309906 0.2941741645336151
1705 0.09184620529413223 0.246532142162323
543 -0.786072313785553 -0.2981002628803253
1329 -0.5418784618377686 2.111501455307007
1498 -0.24861402809619904 0.46484464406967163
1516 -0.44982045888900757 -0.37773916125297546
1285 0.4441179633140564 1.4996230602264404
706 -1.9361963272094727 -0.2797452211380005
553 0.4296867549419403 0.7377192378044128
266 -0.29971617460250854 0.7629841566085815
113 0.03737733140587807 0.1782117336988449
670 -0.3712475299835205 1.3311805725097656
1185 0.7833546996116638 1.77765691280365
1212 -0.22733576595783234 0.4239268898963928
64 0.28593453764915466 -1.267697811126709
1438 0.8399031162261963 -0.9172295928001404
1431 -0.4316747486591339 0.2400253862142563
1416 -0.38812941312789917 1.6000043153762817
1543 0.8343226313591003 -0.9085859656333923
1369 -0.5838534235954285 0.2755938470363617
1493 -0.47896793484687805 1.5649818181991577
671 -1.1569209098815918 -0.77498859167099
569 0.7624226212501526 1.5348137617111206
1550 0.5824346542358398 -0.03798827528953552
743 -0.2861570119857788 0.6898822784423828
40 0.3509424328804016 -0.24844421446323395
1374 -1.475996494293213 -0.20392079651355743
721 0.17375779151916504 0.07339692115783691
1643 0.8767709732055664 0.15980742871761322
1451 -1.0036402940750122 -1.1962546110153198
1563 -1.320412039756775 -0.07523342221975327
461 0.8887950778007507 1.7120071649551392
643 -0.8155531287193298 -0.21142514050006866
188 -1.517081618309021 -0.18030202388763428
1619 -0.0010733029339462519 0.8145655393600464
63 -0.5691742300987244 0.2801232635974884
1282 -0.7702877521514893 -1.3358896970748901
633 0.03878316655755043 0.10774322599172592
287 0.011556733399629593 0.8288446664810181
296 -0.002768963109701872 -0.9741539359092712
987 -0.5144525766372681 -1.3451738357543945
656 -0.6514081358909607 0.15339244902133942
376 -0.9243808388710022 0.8154746890068054
1169 0.8791189789772034 0.1163073256611824
60 0.9201069474220276 0.9186226725578308
1685 -1.8832025527954102 -0.4117085337638855
639 -0.9365394115447998 0.7020965218544006
861 -0.7701050639152527 1.1308718919754028
1384 -0.5684747099876404 -0.8892114162445068
635 -1.0303735733032227 0.5881785154342651
1086 -0.2334420382976532 0.42754027247428894
626 0.2862132787704468 -0.5650416612625122
1261 1.3752214908599854 0.9149615168571472
851 0.5203196406364441 0.4757557213306427
760 0.8382599949836731 1.7529423236846924
482 1.0718269348144531 1.4206267595291138
1115 0.15712745487689972 0.2727358341217041
1137 -0.8022751212120056 -1.3211685419082642
779 -0.05044659227132797 1.4271596670150757
1463 -0.4345156252384186 2.1234147548675537
1296 -0.6203520894050598 0.2166755348443985
735 0.03364776447415352 2.03800630569458
1087 -1.9209879636764526 0.380238801240921
76 -0.7053414583206177 0.8798374533653259
678 -0.5533853769302368 0.2921188473701477
52 -1.2168904542922974 0.2566068470478058
1001 -0.2598530650138855 0.7606993913650513
705 -0.4291715919971466 1.3308368921279907
1468 0.04156199470162392 2.03564190864563
1401 -0.9733834266662598 1.8508715629577637
864 -0.1364494413137436 0.017770644277334213
1557 0.5363348722457886 1.947731614112854
968 0.5775649547576904 -0.04288490116596222
1664 0.5160878896713257 1.9446132183074951
68 -0.18170423805713654 -0.07419996708631516
505 -0.9746215343475342 1.9538824558258057
45 -0.2640446424484253 0.8389794230461121
1638 0.11928718537092209 1.4474687576293945
1495 0.3753736615180969 0.8316683173179626
952 0.029169155284762383 1.8260254859924316
236 -1.982460618019104 -0.13715355098247528
210 -0.9864488840103149 0.7314960956573486
1166 1.4277182817459106 0.44450509548187256
1377 -0.2876981794834137 0.6923062801361084
474 -0.3364535868167877 -0.48499804735183716
1334 1.443077802658081 0.5714498162269592
1570 -0.22673456370830536 0.43129026889801025
844 -0.7687510251998901 -0.2861168682575226
134 -1.0210455656051636 1.3554117679595947
93 -0.26934465765953064 0.4869725704193115
781 0.4079321324825287 2.019595146179199
1217 0.7850683927536011 -0.9866870641708374
1610 0.16233371198177338 -1.3090245723724365
1223 -0.5381664633750916 2.1229350566864014
902 0.6672397255897522 -1.0572731494903564
650 -0.9382082223892212 -0.4842371642589569
567 -0.26362931728363037 0.8402643799781799
525 0.3852097988128662 0.837264358997345
1501 0.9034469723701477 0.9718836545944214
384 1.157716989517212 -0.6289516091346741
418 -0.39114290475845337 -0.11868208646774292
297 -0.19173936545848846 2.095414638519287
550 -0.7063227295875549 0.08457155525684357
1273 0.15877127647399902 0.1187998354434967
733 -0.9263260364532471 0.7095743417739868
74 1.2847760915756226 1.179394006729126
136 0.03464953973889351 0.12910844385623932
1181 -0.9136282205581665 1.432539463043213
1553 0.08031304180622101 0.4100785553455353
1422 -0.9619477987289429 -1.2894251346588135
955 -0.27005982398986816 -0.5058417916297913
1033 -0.9850531220436096 0.7029306888580322
1030 1.4696353673934937 0.16427353024482727
1448 -0.38952067494392395 1.6199746131896973
1673 -0.6310821175575256 0.15422292053699493
392 -1.9896293878555298 -0.10485140979290009
1437 -0.9513506293296814 1.9324105978012085
1051 0.2610030472278595 0.7372807860374451
751 0.4777606725692749 1.3571676015853882
1462 1.0845823287963867 -0.02799255959689617
1632 -1.9361698627471924 -0.2797732353210449
1611 -0.6377124786376953 0.10735562443733215
523 -0.5139161944389343 1.5895229578018188
1662 0.4983600080013275 1.6285916566848755
1246 -0.5509868264198303 0.2930451035499573
654 -1.0064512491226196 1.4308946132659912
1342 0.16020728647708893 -1.311224102973938
256 0.47497206926345825 0.8329604864120483
1564 -0.26415109634399414 0.41088876128196716
1392 -0.16098344326019287 -0.045552998781204224
1504 -1.324985384941101 -0.09526453912258148
985 -0.5288594961166382 0.07209069281816483
1666 -1.0680886507034302 0.5339694023132324
916 -1.5789686441421509 -0.8736186623573303
969 -0.6100625395774841 0.3204313814640045
36 0.052385907620191574 1.4972937107086182
142 -1.485949993133545 0.33467021584510803
1647 -0.24351078271865845 0.8027387261390686
898 -0.1317717581987381 0.9574134945869446
166 0.7028299570083618 0.08047012984752655
203 -2.013592004776001 0.18543699383735657
1138 0.3553890287876129 1.4214749336242676
1314 -1.5568301677703857 -0.9116103649139404
168 -0.8801364898681641 1.2448276281356812
1439 -0.2751055955886841 1.482163906097412
353 0.7399246692657471 -0.12997543811798096
486 -0.8344812393188477 0.4634574055671692
118 0.3118637502193451 0.6152456402778625
1074 -0.208017498254776 2.1180310249328613
1531 0.03606020286679268 0.08768689632415771
687 0.17471836507320404 1.397166132926941
247 -0.5928923487663269 -0.2984437644481659
1049 -0.4992927312850952 0.22748786211013794
1293 0.08366063237190247 2.0288608074188232
1630 -0.5767450928688049 0.28445589542388916
1043 -0.7731481194496155 -1.335688829421997
894 -0.5215271711349487 1.329277515411377
736 -0.7726491093635559 -0.2752631902694702
867 -1.455310583114624 0.38971540331840515
725 -0.4949931502342224 0.21927101910114288
179 0.04262780025601387 0.20447951555252075
173 -1.2019355297088623 0.28548792004585266
1589 -0.5863444209098816 0.27813518047332764
383 0.2368151843547821 -0.6476568579673767
1192 -0.5765686631202698 0.2846720516681671
904 1.4457902908325195 -0.009397555142641068
1069 -2.0270261764526367 0.30316510796546936
667 -0.22990204393863678 1.144637107849121
865 -0.24196501076221466 0.4033629298210144
1059 -0.37362149357795715 -0.32919982075691223
951 1.1074349880218506 0.3392940163612366
813 -2.0246951580047607 0.323099821805954
1077 -0.9815952777862549 -1.2627487182617188
1350 -2.0206992626190186 0.3331981897354126
222 -0.7609949111938477 -0.30818405747413635
448 1.3622263669967651 1.0112347602844238
1341 -0.47001856565475464 -0.04858455806970596
621 -0.4621231257915497 -1.3260231018066406
789 -1.575482964515686 0.4423050582408905
1120 0.106102854013443 0.0217532217502594
1136 -0.01966841146349907 0.8008424639701843
1376 0.46335023641586304 0.6321396231651306
160 1.4417965412139893 0.6157916188240051
1292 -0.44799157977104187 -0.3815474510192871
1053 0.2181030809879303 -1.2876352071762085
410 -1.3941903114318848 -0.19703292846679688
640 0.47878599166870117 -0.7847832441329956
481 1.3564757108688354 -0.2751159965991974
740 -1.173037052154541 0.32998427748680115
1642 1.4435882568359375 0.536458432674408
1575 -1.1145086288452148 -0.31648799777030945
1318 -0.26376113295555115 0.8395525217056274
873 0.7464538812637329 0.0035978122614324093
1291 1.022824764251709 0.35402822494506836
1547 0.3254692554473877 -0.5455479025840759
1361 -0.8297171592712402 -0.23871983587741852
478 -0.19213615357875824 1.1148275136947632
1288 0.8027521967887878 0.09279408305883408
272 -0.8732853531837463 1.0983432531356812
524 -0.503952145576477 0.2077593356370926
1456 1.1613571643829346 -0.6117311120033264
1506 1.386362910270691 -0.18964897096157074
655 0.21196816861629486 -1.2909653186798096
1037 -0.2791379988193512 0.8277206420898438
1279 -0.7353377342224121 1.0199652910232544
1621 -0.11951198428869247 1.4589060544967651
918 0.28471729159355164 -0.6357247233390808
69 -0.2718847990036011 0.8398377299308777
1651 -0.604644775390625 0.2570825517177582
96 -0.7470086812973022 1.0069644451141357
123 -1.0688421726226807 0.5316527485847473
664 -0.4479908049106598 -0.38155117630958557
1427 -0.2810102701187134 -0.4859923720359802
1275 -1.8975050449371338 0.3838350176811218
104 -0.9465493559837341 0.6883341073989868
812 0.3829585015773773 0.8352852463722229
557 0.2796632647514343 1.393201470375061
192 0.15947669744491577 -0.5043493509292603
866 -0.7014780044555664 0.892910361289978
1088 0.8878872990608215 0.9855118989944458
496 0.9202708601951599 0.9483329653739929
1332 -0.7421911954879761 0.9711593985557556
801 -0.2573959231376648 -0.525187611579895
1105 -0.27013182640075684 -0.48694145679473877
911 -0.4996211528778076 -0.045089833438396454
884 -0.42533063888549805 0.2493746429681778
1574 -0.22690261900424957 -0.08172561228275299
1554 1.408371090888977 0.800974428653717
761 0.05499229580163956 0.21017789840698242
467 -0.1898939460515976 -0.08191648870706558
490 -0.42131298780441284 1.4237477779388428
1663 -0.4181791841983795 -0.37458401918411255
1371 0.22290536761283875 -0.677241325378418
1623 -0.8225501775741577 -0.7145602107048035
375 0.41618385910987854 -1.233028531074524
1452 -0.8364810347557068 -0.24115891754627228
930 -0.25263258814811707 0.8458579182624817
506 0.7226312160491943 -0.15732206404209137
533 0.1251586526632309 1.4288303852081299
1235 -0.31709280610084534 0.38946253061294556
858 -0.9978039860725403 1.2418534755706787
836 -0.747008740901947 1.0069659948349
1005 -0.5393790006637573 1.386691927909851
746 -0.3309919834136963 0.37983906269073486
1269 1.0015977621078491 -0.7566171288490295
1402 -0.750751256942749 2.0549423694610596
732 -0.33246830105781555 0.5875359773635864
964 0.9231643080711365 0.9356866478919983
1583 -0.5857300162315369 0.2719074785709381
1067 0.10976772010326385 0.4049244225025177
89 -0.4575558006763458 1.3146597146987915
456 -1.0428739786148071 -0.9050895571708679
84 -0.1536053866147995 0.9313555359840393
702 -0.19213616847991943 -0.08828350156545639
1173 0.29382774233818054 -0.5642472505569458
893 -1.378373146057129 -0.05472704768180847
1580 0.490570068359375 0.6860056519508362
1262 0.8633524775505066 1.7380369901657104
1011 -0.6642540693283081 0.9376100301742554
1085 -0.30282023549079895 -1.3368446826934814
385 -0.12038546055555344 -1.3357750177383423
806 -0.2899639308452606 0.6595837473869324
503 -0.4243297874927521 1.3112038373947144
1689 -0.5398634672164917 -0.29683899879455566
1372 -0.35032787919044495 -1.3086915016174316
1321 -0.4488059878349304 -0.38174036145210266
1004 -1.0476722717285156 0.5706366300582886
1397 0.1959376037120819 -0.4416965842247009
1650 0.043069105595350266 0.2252291589975357
1213 -0.9623622298240662 1.238430142402649
562 -0.2306324690580368 0.4077049493789673
1287 0.9398177266120911 0.9654989838600159
197 0.4645219147205353 0.6580346822738647
1399 -0.4489288926124573 -0.8912226557731628
874 -1.1820887327194214 -0.7714055776596069
1497 -0.3633173704147339 -0.9238055944442749
472 -0.2948697507381439 -0.9326985478401184
942 0.5434053540229797 -0.38169094920158386
1640 -0.4057205021381378 1.3244448900222778
1659 -1.0159364938735962 0.5986683368682861
1616 -0.5881668925285339 0.35626843571662903
1478 1.2883718013763428 1.1685454845428467
522 -0.46833541989326477 -0.9188238978385925
642 -1.3033719062805176 -0.6901870369911194
1280 0.03917201608419418 0.8131334185600281
491 1.3898818492889404 0.9044034481048584
1189 -0.39247485995292664 1.323283076286316
686 0.0873115286231041 0.8026996850967407
1595 0.88731449842453 0.9371150732040405
661 -0.9259726405143738 0.7519329190254211
143 0.9477044343948364 0.37859010696411133
413 -1.6452298164367676 0.45063716173171997
470 -0.5240584015846252 0.8859348893165588
767 -1.3091849088668823 -0.558340847492218
1404 0.1881675124168396 0.5230806469917297
398 -0.9243118166923523 0.6537278890609741
975 -1.2598726749420166 -0.030841011554002762
956 0.12711356580257416 -0.1291867196559906
16 -0.4486933648586273 -0.3858675956726074
1566 1.3940410614013672 0.8912627696990967
1676 -0.2528850734233856 0.634540855884552
107 0.008875097148120403 -0.8683156967163086
131 -1.0544281005859375 0.5145102143287659
1018 -0.7452995777130127 0.9752084612846375
1266 -0.5762953162193298 0.2846529483795166
1510 0.8278534412384033 1.7532957792282104
124 -0.6010028719902039 0.24297742545604706
1503 -1.9285783767700195 -0.3006327152252197
1430 0.8164092302322388 1.7551617622375488
1522 -0.7039172649383545 0.8742654323577881
662 0.4312095046043396 -1.2274372577667236
112 -0.251143217086792 0.48129624128341675
1188 0.1337396800518036 -0.5306046605110168
1670 -1.0931110382080078 0.32812273502349854
1512 0.5130640268325806 0.46939998865127563
753 -0.2690050005912781 -0.4864746928215027
484 -1.385056495666504 -0.268370658159256
991 -0.28102657198905945 0.6981756687164307
378 -0.7461713552474976 -0.6829646229743958
694 -0.5398686528205872 -0.29683953523635864
1167 -0.1982858031988144 0.9850046634674072
641 -0.9347829818725586 0.700132429599762
1237 -0.3229825496673584 2.124277114868164
261 -0.24927307665348053 0.6010012626647949
435 0.398648202419281 -1.2395540475845337
55 -0.6958773732185364 1.5468921661376953
922 0.2718241512775421 -0.5900960564613342
1693 -0.24257051944732666 0.6501040458679199
1226 0.08729079365730286 0.8026823997497559
519 -0.8617466688156128 0.9642901420593262
394 -0.20101456344127655 1.7976610660552979
803 -0.15892386436462402 -0.6605952382087708
252 -0.49450549483299255 -0.9178820252418518
454 -0.4481285512447357 -0.38155290484428406
832 -0.6279104948043823 0.17914335429668427
262 1.4643689393997192 0.20041222870349884
649 -0.15558494627475739 0.9829338788986206
1020 -0.9232105016708374 0.6681788563728333
573 -0.012781311757862568 0.7355136275291443
1157 0.3822177052497864 1.3399345874786377
1165 0.03690267354249954 0.1784427911043167
1665 0.040481578558683395 0.18953095376491547
162 -1.1328766345977783 -1.2247053384780884
928 -0.7864851951599121 -0.22297927737236023
679 0.8796747326850891 -0.8764601945877075
1214 0.6599116325378418 0.9776250123977661
279 -0.6215440630912781 0.22175705432891846
971 -1.2282884120941162 0.23416659235954285
1309 -0.46187663078308105 0.22346808016300201
147 -1.2168700695037842 0.2567819654941559
1500 0.03582419082522392 0.20927193760871887
1058 -0.6779761910438538 0.9162659049034119
1419 -0.9931144714355469 -0.4651321470737457
965 -1.1644562482833862 0.33899620175361633
1627 -0.2539736032485962 -1.3240478038787842
860 0.31102728843688965 0.5970516800880432
290 -0.9718630313873291 0.5765965580940247
657 -1.5368703603744507 0.4212697446346283
1070 0.6951155066490173 -0.17455829679965973
1323 -1.8428150415420532 -0.5190194845199585
121 0.11663776636123657 0.3853473663330078
1539 -0.9726113677024841 -1.2658400535583496
1010 -1.007972002029419 1.2813910245895386
258 0.4520476460456848 -1.221951961517334
443 -1.1078110933303833 -0.3217150568962097
1031 0.11436154693365097 0.05396759882569313
77 -2.0049216747283936 0.17270998656749725
493 -0.7453000545501709 0.9752078652381897
673 -0.22289763391017914 0.9527590274810791
1707 1.0896543264389038 0.2974748909473419
854 0.9880537390708923 0.36194145679473877
1571 0.5792690515518188 -0.03547217696905136
526 -1.1986801624298096 0.18376021087169647
1117 -1.3597673177719116 -0.6482717990875244
26 -0.1159401535987854 0.9367849826812744
366 -1.1342542171478271 -0.8923743367195129
8 0.08090337365865707 0.2075803428888321
908 1.1926661729812622 -0.13572828471660614
950 1.1172329187393188 -0.6739153265953064
1661 -0.5474411249160767 0.2577647268772125
542 -0.6167194843292236 0.1816723346710205
119 -0.2552863359451294 0.6449122428894043
680 -0.6400229930877686 0.8181169629096985
764 0.5428928136825562 0.50084388256073
72 -0.9522945880889893 -0.8919913172721863
30 0.0753532275557518 0.08490299433469772
1267 -0.792198657989502 -0.20031946897506714
1552 0.6866710782051086 -1.057502269744873
871 0.01501711830496788 -0.8853549957275391
1568 -0.25079378485679626 0.48104551434516907
350 -0.6232665777206421 0.17110522091388702
404 -0.5233782529830933 0.8963716626167297
1278 0.9014952778816223 1.1827155351638794
863 -0.9611772298812866 -1.2831226587295532
190 -0.5658113360404968 -0.28944990038871765
748 -1.098667025566101 -1.2327169179916382
899 -0.5398647785186768 -0.29683470726013184
947 1.382779836654663 0.9493449926376343
411 -1.2845948934555054 -0.005494232755154371
1094 -0.9877874255180359 1.2220048904418945
18 -0.2817295789718628 0.8342833518981934
1449 -0.030536986887454987 0.8287409543991089
644 0.9710179567337036 0.3019028604030609
377 -0.9598684310913086 0.6635488867759705
153 -0.5976685881614685 0.2840638756752014
1068 0.4766694903373718 0.5753337144851685
1241 -0.2778720259666443 -0.45836958289146423
1489 -0.1947452276945114 -0.5269905924797058
561 -0.5033494830131531 -1.3404638767242432
150 -1.1900612115859985 -0.009449499659240246
1041 -1.2627577781677246 -0.6348487734794617
1529 0.40725237131118774 0.8436961770057678
716 0.9476969242095947 0.37857702374458313
489 -1.5434256792068481 -0.8868507742881775
1532 -0.01533791609108448 -0.8437378406524658
835 0.40524864196777344 -0.21314458549022675
1339 -0.253048300743103 -0.4854215979576111
1303 0.2041843831539154 0.03322078287601471
54 -0.23186896741390228 0.3835148811340332
374 0.9143510460853577 0.9998313784599304
1380 -0.5731436610221863 0.29314810037612915
182 -0.9648644924163818 1.9162105321884155
1199 0.4256885349750519 1.987265706062317
432 -0.9745977520942688 1.9539774656295776
1090 0.23451820015907288 1.3960745334625244
843 -0.757388710975647 -0.21136434376239777
1021 0.5633119940757751 1.2863678932189941
1433 -0.5776938796043396 0.29627013206481934
1190 -0.4700199067592621 -0.04858329892158508
859 0.9477120637893677 0.3786095678806305
979 -0.9119466543197632 0.5159408450126648
1368 -0.2831265330314636 -1.33125638961792
1486 0.7444337010383606 -0.1644854098558426
81 0.048059359192848206 0.2373627871274948
110 -0.8900700807571411 1.9843783378601074
1649 -0.27042171359062195 0.8279700875282288
504 -1.2687053680419922 -0.00717195263132453
1066 0.9197964072227478 0.9290180206298828
539 -0.5618408918380737 0.3505336344242096
1150 1.3525002002716064 -0.26787304878234863
785 -0.7749212384223938 0.7406057119369507
1110 -0.5204740762710571 0.2851371467113495
1024 0.10264777392148972 0.08448631316423416
1660 0.29939818382263184 -0.5696490406990051
786 -0.05051538348197937 1.4271711111068726
755 -1.020058035850525 -0.7539206743240356
1702 0.01153157651424408 0.8288182020187378
1174 0.04230761528015137 2.0354604721069336
963 -1.2626687288284302 0.2102847546339035
1645 0.09562776982784271 -0.5259217619895935
868 -0.9043446779251099 1.9707406759262085
1579 -1.1445761919021606 0.4415830671787262
294 0.9852946400642395 0.026595991104841232
961 0.32471802830696106 0.5911890864372253
1240 0.5377135276794434 1.942219853401184
465 0.06528739631175995 0.07869807630777359
711 -0.8797568082809448 1.1021062135696411
878 -0.9746075868606567 1.953948974609375
455 1.4260408878326416 0.4446977376937866
1264 -0.27190542221069336 -0.5433788895606995
1236 -1.9828795194625854 -0.1407400220632553
1409 -2.0282623767852783 0.24077799916267395
941 -0.21234719455242157 0.8573787212371826
876 -0.9742835760116577 1.954984188079834
734 0.552492618560791 -1.1692548990249634
1682 -0.2876613140106201 0.6980018019676208
223 -0.5417286157608032 -0.8954077363014221
132 -0.5834643244743347 0.2737426459789276
777 -0.2951715290546417 0.7823016047477722
205 0.47378233075141907 0.6221693158149719
1331 0.38449499011039734 0.5850048065185547
1499 -1.0130681991577148 0.5986473560333252
1142 -1.0797864198684692 0.3311222791671753
1502 -0.2301950454711914 2.1294517517089844
163 1.04698646068573 0.3389999568462372
393 -0.4738997220993042 -0.9189847111701965
227 -1.9503819942474365 -0.24986869096755981
966 1.378252387046814 -0.20325399935245514
1160 -0.7546797394752502 -0.2571130394935608
953 -0.3132416605949402 0.5254278779029846
424 -0.8904815316200256 1.9843406677246094
1620 0.5622541308403015 1.2854163646697998
1410 0.8045146465301514 -0.2617306411266327
1359 -0.5824878215789795 0.44486063718795776
1198 -0.23983849585056305 2.1295526027679443
697 -0.5998643636703491 0.25361332297325134
1680 -0.49904629588127136 -0.901153564453125
699 -2.0226500034332275 0.30440184473991394
1515 0.03283581882715225 0.10969748347997665
807 -0.019669095054268837 0.8008468151092529
1530 0.08577705919742584 2.0350182056427
1003 0.24722875654697418 1.4109636545181274
501 -2.021279811859131 0.3361864686012268
1412 -2.013864517211914 0.3406272530555725
1385 1.4636074304580688 0.2766166627407074
1248 1.445797085762024 -0.009373510256409645
669 -0.9970521330833435 1.235794186592102
1149 0.5404128432273865 -0.3852574825286865
739 -0.8604722619056702 1.1013344526290894
1353 -0.6845372915267944 0.923369824886322
940 1.13519287109375 1.356311559677124
927 0.099024198949337 0.408869206905365
1535 0.490570068359375 0.6860146522521973
283 -1.1986709833145142 0.18387563526630402
1592 -0.5726454854011536 0.14171452820301056
241 -1.078375220298767 -0.3441242277622223
720 0.5103235840797424 0.47317710518836975
1472 -0.8100538849830627 -0.23584796488285065
1162 -0.5436298251152039 -0.9036425352096558
1470 -1.5903807878494263 -0.8227441906929016
1594 -1.1564725637435913 0.35640397667884827
106 -0.5971661806106567 0.34510886669158936
1281 -1.1808840036392212 0.17303156852722168
35 -0.45260530710220337 1.3146165609359741
1473 0.5185201168060303 0.47176051139831543
1023 1.3883761167526245 -0.19633005559444427
1337 0.8670731782913208 0.9654927253723145
1641 -0.032127369195222855 -0.13409876823425293
1436 0.42474544048309326 1.3307684659957886
402 -1.167793869972229 -1.1960182189941406
115 -0.24827907979488373 0.6624630093574524
149 0.0945008173584938 0.7984691262245178
155 -0.973564863204956 -1.206208348274231
108 -0.5738545060157776 0.29940640926361084
1017 -1.1901013851165771 -0.009541970677673817
195 1.1534875631332397 1.3203502893447876
1538 -0.23931023478507996 0.3848210275173187
817 -0.5264554023742676 1.5671110153198242
196 0.8897810578346252 0.9827391505241394
373 0.355388343334198 1.4214752912521362
344 -0.279110848903656 -0.4907338321208954
1577 -0.43672627210617065 1.3093559741973877
555 0.46389085054397583 -1.1055305004119873
298 -0.7921981811523438 -0.20031991600990295
1363 -0.996306300163269 -0.6944352388381958
80 1.1259620189666748 1.3488376140594482
346 0.13062816858291626 0.3480837941169739
141 -1.1078137159347534 -0.32171574234962463
515 -0.5695466995239258 -0.020000338554382324
1146 -0.53746497631073 0.939049243927002
1093 -0.029998863115906715 0.15529005229473114
215 -0.2645016610622406 0.6924354434013367
67 -0.548048734664917 0.2966650128364563
1346 -0.5382190346717834 2.1229419708251953
1107 -1.5801489353179932 -0.8658426403999329
228 -0.7704172134399414 1.1312006711959839
793 -0.9059435725212097 -0.6407855153083801
888 -0.5161179304122925 -0.9211600422859192
1415 0.6863669157028198 0.10410550236701965
463 -0.3669544756412506 0.46541839838027954
276 -0.539417028427124 2.1097445487976074
224 -0.5928981900215149 -0.2984431982040405
494 0.028951190412044525 0.23471097648143768
938 0.03788705915212631 0.1119336187839508
1202 -2.0280604362487793 0.24013982713222504
1102 -0.0283920019865036 0.7541990280151367
1617 0.3098893165588379 -0.564704954624176
683 0.10297611355781555 0.08388584852218628
48 -0.3947966396808624 -0.08010265976190567
1421 0.0019797184504568577 0.7675319910049438
1460 0.02452215738594532 0.1799059510231018
1556 1.192448377609253 -0.1358659267425537
544 -2.0157949924468994 0.2025083750486374
1585 -0.970055878162384 1.8096351623535156
730 0.2798434793949127 -0.5869778990745544
1155 -0.23663176596164703 0.4214833676815033
1328 -0.5992826223373413 0.2544191777706146
1528 0.5307430028915405 1.9496803283691406
1245 -0.25059938430786133 0.6636124849319458
235 -0.19473320245742798 -0.5269815921783447
1290 -0.5788208246231079 1.9071694612503052
978 -0.22285188734531403 0.4370061159133911
1507 -0.4024641811847687 -0.9205435514450073
850 -0.8618619441986084 -1.309678554534912
239 0.11411400139331818 2.021648406982422
1496 -0.5188648700714111 0.22620654106140137
1411 0.11065339297056198 0.08674617856740952
986 -0.4500487148761749 -0.3777392506599426
357 0.5674489736557007 -0.32525336742401123
3 0.9708647131919861 0.3016042709350586
117 -2.0415844917297363 0.31799089908599854
967 -0.38863933086395264 2.116255044937134
920 0.5780566930770874 -1.1007176637649536
981 0.5156453847885132 1.7121429443359375
1652 -0.6326408982276917 0.20199409127235413
98 -1.2168644666671753 0.25683072209358215
914 0.5830314755439758 -0.3027476966381073
61 0.19104208052158356 -1.297803521156311
483 -0.41355255246162415 1.604600191116333
910 0.40747079253196716 2.017629623413086
172 0.5952203869819641 1.8974756002426147
1128 -0.26959875226020813 -0.5065096020698547
263 -1.9233628511428833 -0.32560840249061584
423 -0.2525082528591156 0.37905895709991455
773 0.07775634527206421 2.029559850692749
403 -0.23107202351093292 0.3834242522716522
1047 -0.24465449154376984 -0.5114996433258057
43 -0.38445529341697693 -0.17053218185901642
703 -2.0190210342407227 0.3329313099384308
1584 1.1998279094696045 1.291433572769165
704 -1.2556679248809814 -0.646014928817749
1631 -1.5396019220352173 -0.9371016621589661
1040 -0.5103422403335571 0.19938066601753235
152 -1.2196002006530762 0.4030533730983734
349 0.33015385270118713 0.592585563659668
839 -1.5574994087219238 -0.9109460711479187
1357 1.143315076828003 1.3290135860443115
1113 -0.5773916840553284 0.2925432324409485
488 1.3850958347320557 -0.19675123691558838
31 -0.9498575329780579 -0.5442070364952087
1276 -0.591497540473938 0.1154286190867424
1207 0.8843143582344055 -0.3493269085884094
1205 0.9401511549949646 -0.8397199511528015
299 1.0065597295761108 1.5964339971542358
1330 -0.28032177686691284 -0.4600124657154083
1605 1.199213981628418 -0.5446084141731262
1588 -0.5799788236618042 0.2841770648956299
745 0.2174294888973236 -0.6657292246818542
42 0.23529238998889923 1.4171470403671265
408 0.4716729521751404 1.9867850542068481
1403 0.2302616685628891 0.03373214602470398
714 -0.4681899845600128 1.2940751314163208
1537 -2.0304555892944336 0.32897090911865234
1257 0.5353755354881287 0.4831092953681946
997 -0.280752569437027 -0.5205418467521667
797 0.30888479948043823 1.3834377527236938
770 -1.130266547203064 -0.3502960503101349
1025 -0.27950483560562134 -0.49034541845321655
368 0.07605990767478943 2.0297763347625732
517 -0.9765979051589966 1.3050774335861206
171 0.12551428377628326 0.3384682834148407
782 0.8568888902664185 1.7265257835388184
156 0.3587157726287842 1.3814568519592285
73 0.9066048860549927 1.6929833889007568
1055 0.7956010103225708 1.7713308334350586
1505 0.035617709159851074 0.1266893744468689
1311 -0.25818949937820435 0.6762652397155762
516 -0.577531635761261 0.3149603605270386
565 -1.191243290901184 -0.006810782011598349
1578 0.6185991168022156 -0.3068908452987671
880 -0.8697033524513245 0.6824329495429993
46 0.21479344367980957 -1.294182300567627
1559 -0.17779994010925293 1.0646700859069824
742 -0.5798592567443848 0.28354984521865845
917 -0.9554159045219421 0.7006834149360657
846 -0.5159942507743835 -0.9211700558662415
212 0.032423026859760284 0.13680210709571838
1124 -0.2672543227672577 0.8385035395622253
682 -0.04377944394946098 0.16056011617183685
1477 -0.9496178030967712 1.9303346872329712
1434 -1.9818189144134521 -0.005516196601092815
1625 1.0031993389129639 -0.742580771446228
1521 0.6936723589897156 0.10778451710939407
208 0.033513568341732025 0.15666411817073822
49 1.0721361637115479 1.5197765827178955
1408 -1.1516005992889404 0.25981074571609497
855 -1.0298811197280884 1.3363440036773682
990 -1.191931128501892 0.21947748959064484
1375 -1.6511213779449463 0.42570191621780396
546 -0.8363252878189087 -0.22596974670886993
724 -0.6403719186782837 0.09454736113548279
340 0.09183085709810257 0.0751919224858284
225 -1.1492698192596436 -0.8141617774963379
810 0.46267935633659363 1.320635437965393
527 -0.2640698254108429 -0.49495792388916016
453 -0.23193520307540894 0.7813270688056946
177 -1.8867579698562622 -0.3946724236011505
135 -0.18565349280834198 -0.12089962512254715
560 -0.7014979124069214 2.0841619968414307
905 0.17949117720127106 0.11329496651887894
1175 -0.99257493019104 1.2503184080123901
339 -0.29239824414253235 -0.4961009621620178
1636 1.0132983922958374 -0.7417730689048767
255 0.2142331451177597 -1.291181206703186
1414 -0.22355814278125763 0.41063177585601807
1242 0.05499011650681496 0.21021156013011932
312 -0.3417706787586212 2.1161420345306396
1679 0.05502791702747345 0.8473905920982361
919 -0.666300892829895 0.03700163960456848
756 0.390471488237381 0.8421775102615356
285 0.8896831274032593 -0.06682150810956955
879 0.04806375876069069 0.23728428781032562
1176 -1.5433567762374878 -0.8869223594665527
988 -0.5304273366928101 1.566283941268921
877 -0.23778073489665985 -0.08228495717048645
1201 -0.7465050220489502 0.9727715253829956
1562 -1.0426547527313232 -0.6647161841392517
1221 0.5151538848876953 -0.4073992669582367
274 0.08605271577835083 0.09353654831647873
822 0.25883468985557556 -0.6753591895103455
787 0.048608385026454926 0.2742529809474945
126 1.1621479988098145 -0.6143653988838196
718 -1.0541836023330688 0.5150725245475769
1429 -0.0858946293592453 0.9857466816902161
120 -0.5867533683776855 -0.8712452054023743
1184 -1.8539921045303345 0.40249577164649963
1482 0.09646099805831909 2.0813417434692383
1209 -0.1283438801765442 0.9369466304779053
94 -0.24163132905960083 0.655285656452179
1271 -1.0613943338394165 -0.3461720049381256
685 0.0017431483138352633 0.838636040687561
300 -0.5596460103988647 0.35074344277381897
1613 -0.24695762991905212 1.4951716661453247
317 0.5201945304870605 0.48049435019493103
122 0.7546315789222717 -1.009283185005188
1232 -0.7050512433052063 0.8791558146476746
1544 0.33495160937309265 -1.2478392124176025
1560 -0.268950492143631 -0.48631423711776733
362 -0.5537670850753784 0.49466031789779663
1628 -0.22919824719429016 0.8773415684700012
1129 0.03300784155726433 0.1093888059258461
1268 0.285115122795105 -0.581810712814331
1022 -1.255195140838623 -0.6394532322883606
306 0.8324155807495117 1.2159725427627563
929 -0.01817765086889267 0.8396597504615784
303 -1.9778119325637817 -0.16103586554527283
1148 0.10019800812005997 0.086485356092453
982 1.2886593341827393 1.1679372787475586
1338 -1.8831828832626343 -0.41174042224884033
1254 -0.2768472135066986 0.826669454574585
1145 0.509996235370636 0.8251457214355469
34 -1.3003945350646973 -0.6492971181869507
564 -1.048620343208313 0.564842700958252
1573 0.9182617664337158 0.9155322313308716
1252 -0.737630307674408 2.0474777221679688
1131 -0.41405588388442993 0.2581491768360138
1132 0.5185201168060303 0.47176018357276917
820 -0.9214955568313599 1.4192720651626587
351 -0.31113430857658386 1.6721057891845703
446 0.22167561948299408 -0.43298104405403137
823 -1.048209309577942 0.5669426918029785
1183 -0.16422389447689056 -0.12275006622076035
1379 -0.26880359649658203 -0.4863201379776001
1424 -0.9257727861404419 1.9557454586029053
688 -0.46032771468162537 1.3133906126022339
1480 -0.5252652168273926 1.3222923278808594
434 0.4562199115753174 0.7025988101959229
1081 -1.923550009727478 0.38141629099845886
4 -0.4584195911884308 -1.322998046875
114 -0.8646320104598999 1.088478446006775
7 0.24823221564292908 -0.3580924868583679
381 0.32013460993766785 0.6595930457115173
1542 -0.1021815836429596 1.9137088060379028
1218 0.5185210108757019 0.47175997495651245
1432 0.031999457627534866 0.13782452046871185
427 0.09016360342502594 -0.7887049913406372
37 -1.8848369121551514 0.36953410506248474
1274 0.9600321054458618 -0.4795667827129364
547 -1.5755757093429565 -0.2940231263637543
348 0.48332634568214417 1.3485870361328125
1441 -0.9836751818656921 1.8612161874771118
281 -0.7052642703056335 0.8797945380210876
691 -0.4369131028652191 2.1245641708374023
1461 0.7094389796257019 0.19905170798301697
1151 0.3591548800468445 2.0501880645751953
1075 -0.9643605947494507 -0.7921010255813599
1389 0.5862865447998047 -0.341696560382843
1576 -0.5558638572692871 0.4458156228065491
1635 -1.142551302909851 0.40322670340538025
1405 -0.5843791961669922 0.2792772352695465
1672 -1.4407724142074585 -0.19570554792881012
1234 -1.5756199359893799 0.4361545145511627
1464 -1.5067484378814697 -0.6885612607002258
1125 -0.24196289479732513 0.6597645282745361
1071 -0.5217645764350891 0.7602641582489014
495 -0.9147089123725891 0.7716720700263977
5 -1.3068045377731323 -1.1178702116012573
1233 -0.4487909972667694 -0.3817363381385803
32 -0.9373255372047424 0.672228217124939
28 0.30155062675476074 -0.5729902386665344
1333 -1.5761076211929321 -0.8696487545967102
1541 -0.7164510488510132 2.0343868732452393
571 -1.9437772035598755 -0.2496461421251297
926 0.03797568380832672 0.8118943572044373
1203 0.16410143673419952 -1.3070390224456787
289 0.7521254420280457 -0.06430225819349289
428 -1.8751307725906372 -0.4175589680671692
421 0.0382152758538723 0.11237166076898575
337 -0.24041105806827545 0.6585066318511963
1425 -0.9162883758544922 1.9962153434753418
431 0.9138583540916443 1.678987741470337
1698 1.4399785995483398 0.08778364956378937
248 0.12150928378105164 0.41984793543815613
701 -0.7051346302032471 0.8793691992759705
1703 0.17513391375541687 1.3853930234909058
267 0.4389306306838989 1.3391313552856445
1626 -1.5699187517166138 -0.5352768898010254
1244 1.3870495557785034 -0.19925905764102936
356 -0.13055002689361572 -1.3334380388259888
1210 -0.6675000190734863 0.9397984743118286
848 1.4427661895751953 -0.004725709557533264
814 0.3986857235431671 0.8460237383842468
412 1.1690932512283325 -0.5715054869651794
1406 0.30000102519989014 -1.2614182233810425
1624 0.08092410862445831 0.07740382850170135
1027 0.033154528588056564 0.10909320414066315
741 0.7207077145576477 -0.23651230335235596
783 0.05505024641752243 0.24081148207187653
579 0.5187116265296936 -0.3996676802635193
623 0.7615581154823303 0.43309202790260315
341 0.015205591917037964 0.8759989142417908
1356 0.5149557590484619 0.4933984875679016
1186 -0.2291819155216217 0.4095374643802643
1163 -0.7170869708061218 2.034299373626709
1540 0.7942616939544678 -0.9915463924407959
937 0.2883036136627197 -0.5702745318412781
923 0.08584940433502197 0.08078546077013016
954 0.7952482104301453 -0.23403815925121307
1367 0.6951342225074768 -0.17461340129375458
99 -1.0397059917449951 -0.8633034229278564
1581 -0.25574302673339844 -0.5062904953956604
1466 -1.379729986190796 0.436056911945343
286 0.4360763132572174 0.733921468257904
109 0.057419560849666595 1.465584397315979
507 0.9249081015586853 0.9413132667541504
452 -0.23532505333423615 0.8581510186195374
352 -1.2293962240219116 0.2428625375032425
1052 0.22621095180511475 1.5332529544830322
1153 -0.7912049889564514 1.1324206590652466
1634 -1.4063317775726318 -0.04907722771167755
707 0.0853608250617981 0.08642496168613434
1243 0.03871331736445427 0.812681257724762
1465 -1.30757474899292 -0.6397489905357361
750 -0.997184157371521 1.2215001583099365
473 -0.5772862434387207 0.2917124927043915
180 1.4252824783325195 0.43745073676109314
1039 0.7806147336959839 -0.9880272746086121
295 0.32774224877357483 -0.2909788191318512
584 -0.2902067005634308 -0.48135581612586975
1678 -1.2850850820541382 -0.05479798465967178
360 0.21717402338981628 1.4194293022155762
425 0.31023862957954407 0.622277557849884
213 0.040561743080616 0.08122537285089493
364 -0.3585495948791504 0.46477678418159485
665 0.4071066677570343 0.8447436094284058
441 -0.34828904271125793 -0.2106943130493164
1230 0.36430424451828003 0.8495069742202759
1019 -0.8279983401298523 -0.21238139271736145
14 -0.5879362225532532 0.2705754041671753
271 -0.8308942914009094 -0.20174400508403778
229 1.4440033435821533 0.5140908360481262
1133 0.3015901446342468 -0.5785941481590271
1699 0.9042279124259949 0.9688152074813843
1295 -0.1983862817287445 -0.074413001537323
857 -0.02640245296061039 0.14186815917491913
409 -0.8751271963119507 1.0859309434890747
1523 -1.3742064237594604 -0.11620722711086273
948 0.34448400139808655 1.3759652376174927
250 0.31218579411506653 0.6039077043533325
1301 0.49050432443618774 0.6862308382987976
430 0.03866313397884369 0.10054873675107956
945 -0.6561685800552368 0.07039082050323486
563 -0.4684949815273285 0.2196323424577713
1335 -1.62056303024292 0.43261536955833435
426 0.4715779721736908 1.9868416786193848
1447 -0.5286543369293213 -0.310818076133728
1637 -1.5441076755523682 -0.931576669216156
1481 -2.0241103172302246 0.3164284825325012
666 0.037566836923360825 0.8074199557304382
1320 -0.1334903985261917 0.917655885219574
719 -0.8315358757972717 -0.24259161949157715
1561 0.659004807472229 -0.2268843650817871
125 -1.5534316301345825 -0.874747097492218
1270 -0.6901501417160034 0.889487624168396
1046 0.1521136462688446 0.2704847455024719
157 -0.9800313711166382 1.9282728433609009
1063 0.4044080078601837 0.6333034038543701
1658 1.4034838676452637 0.8294072151184082
1263 -0.1508306860923767 -1.3276488780975342
309 0.392944872379303 0.8500065803527832
780 0.03698107600212097 0.8117160797119141
70 -1.2994223833084106 -0.371017724275589
1551 -0.8602907061576843 1.1014738082885742
389 -0.14924326539039612 -0.08578074723482132
502 -0.43507206439971924 1.3184459209442139
1396 0.5276442170143127 0.4718889892101288
1443 -0.2918813228607178 0.7504728436470032
1423 -1.9817794561386108 -0.013073869980871677
1029 -0.07456393539905548 2.1168198585510254
189 -1.5856633186340332 -0.8569223284721375
875 -0.5513556003570557 0.2895505130290985
234 -0.5846405029296875 0.2729295790195465
1104 0.5384688377380371 -1.188069462776184
358 0.4390752613544464 0.83270663022995
1467 -0.024314312264323235 0.7384724617004395
347 0.7296631932258606 1.8067117929458618
713 0.4365077018737793 -1.22507905960083
698 -0.5931272506713867 0.26214495301246643
634 -0.10139181464910507 0.9131227135658264
1307 0.022740796208381653 -0.13950957357883453
1695 -0.5752150416374207 0.2878701388835907
819 -1.9674975872039795 -0.18108931183815002
1633 -0.7477548718452454 0.9642701148986816
1084 -0.20948442816734314 2.1143038272857666
1219 -0.2692389488220215 -0.48654505610466003
1704 -0.6215718984603882 2.0818536281585693
370 -0.24794624745845795 0.663155734539032
630 0.027911758050322533 0.24654385447502136
1272 -2.0238966941833496 0.3152388334274292
308 0.8250253796577454 -0.9433922171592712
1038 -0.36438697576522827 0.46935492753982544
6 -0.5673820972442627 1.3879468441009521
1639 -0.5538988709449768 0.27002063393592834
464 -0.23609553277492523 -1.3128857612609863
949 -0.27103519439697266 0.8384466767311096
772 -0.1856532096862793 -0.12089570611715317
962 -0.574486494064331 0.29890039563179016
663 -0.19837643206119537 -0.07443661987781525
53 -0.4455000162124634 1.3082455396652222
1222 0.45645081996917725 1.5057473182678223
1458 -0.5902261137962341 0.27022114396095276
365 0.0380031019449234 0.8119224905967712
65 -1.512223243713379 -0.6996336579322815
775 1.0796077251434326 -0.04905267432332039
39 -0.252797931432724 0.6352564692497253
1277 0.46476903557777405 0.655670702457428
1474 -0.41948598623275757 -0.38572195172309875
508 -0.18509119749069214 -0.09038706868886948
390 -0.005321892444044352 1.9091367721557617
577 0.8791453838348389 1.2124139070510864
181 -0.7077711820602417 0.87214595079422
1139 -0.5872864127159119 0.2708907723426819
265 0.10660100728273392 1.4468495845794678
207 0.07875821739435196 0.2751384973526001
1302 0.10263392329216003 0.06041983515024185
1440 1.44391930103302 0.5145373940467834
1208 -0.8670753240585327 1.0889219045639038
1614 0.08693061769008636 2.0301754474639893
1648 0.9017463326454163 -0.8601971864700317
1590 -0.5445525050163269 0.42052504420280457
318 0.03398752585053444 0.10789131373167038
1182 0.10402048379182816 0.08504603803157806
137 0.1066586971282959 0.08129161596298218
788 -1.9439142942428589 -0.24922606348991394
1591 1.1365344524383545 1.354025959968567
1525 -0.0775814950466156 1.017958641052246
1220 -1.876936912536621 0.37383946776390076
302 1.3789438009262085 0.9426798820495605
989 -1.015846848487854 0.5991295576095581
1253 0.14726756513118744 0.2837110161781311
934 1.1518410444259644 1.320833683013916
380 0.16655652225017548 -1.3066800832748413
1034 -0.268108606338501 0.6909134984016418
1206 -0.47145557403564453 1.2974863052368164
870 -0.9688734412193298 -1.266324520111084
818 -0.5774445533752441 0.2837747037410736
175 -0.9691935777664185 1.8452574014663696
1121 -1.1262966394424438 -0.9009307026863098
319 0.31300508975982666 -0.5646982789039612
552 1.4408824443817139 0.5926706790924072
1593 -0.26248079538345337 -0.5050386190414429
59 -1.2452633380889893 0.07134202122688293
1358 -1.0428194999694824 0.5722622871398926
133 -1.208299994468689 -0.011734231375157833
1692 -0.9264313578605652 0.7096248865127563
1016 -0.9162735342979431 1.970822811126709
1691 -0.5796117782592773 0.28367647528648376
20 -0.29939398169517517 -1.331984519958496
310 -1.175382137298584 0.3277222216129303
138 -0.9672614336013794 -1.2014598846435547
140 -0.2419285774230957 0.880921483039856
1144 0.9449182748794556 0.11455325782299042
1112 -0.2563088834285736 -1.3279386758804321
1391 0.3511712849140167 0.8445477485656738
438 0.8968368768692017 1.0132843255996704
1324 1.3829540014266968 0.9403883218765259
1228 -0.4703061580657959 -0.9098791480064392
585 -5.485236761160195e-05 1.899794101715088
111 0.01908404566347599 0.7939962148666382
330 1.0889852046966553 1.406821846961975
1646 -0.5217816233634949 0.7602314352989197
1387 0.6749351620674133 0.0609196275472641
1177 -0.12786829471588135 0.954826295375824
343 -0.7661103010177612 -0.29576975107192993
1026 -1.509082317352295 1.6658928394317627
1657 -1.986242651939392 1.0026254653930664
1690 -1.5090869665145874 1.6658921241760254
1250 -1.5908886194229126 0.9945740699768066
1238 -1.9862436056137085 1.0026265382766724
625 -1.9861876964569092 1.0026459693908691
21 -1.557185411453247 0.9631733298301697
264 -1.5090785026550293 1.6658755540847778
1325 -1.5090755224227905 1.6658819913864136
1355 -1.5758779048919678 0.9616973400115967
960 -1.509083867073059 1.665875792503357
1225 -1.5090817213058472 1.6658682823181152
176 -1.5496652126312256 1.0258352756500244
10 -1.4738730192184448 1.0831190347671509
304 -1.9862792491912842 1.0026664733886719
436 -1.5010484457015991 1.6959211826324463
1156 -1.4681718349456787 1.1470133066177368
371 -1.6555724143981934 1.4886784553527832
437 -1.6972044706344604 1.4232611656188965
1109 -1.5010484457015991 1.6959211826324463
1418 -1.9862855672836304 1.0026618242263794
1687 -1.9862419366836548 1.002626895904541
90 -1.5090793371200562 1.6658893823623657
191 -1.98618483543396 1.002646803855896
487 -1.9862792491912842 1.0026664733886719
278 -1.9862772226333618 1.0026638507843018
345 -1.5496652126312256 1.0258352756500244
253 -1.595890760421753 0.9940993785858154
354 -1.9862439632415771 1.0026237964630127
1681 -1.7286378145217896 0.9959554672241211
1227 -1.570981502532959 0.9916979670524597
322 -1.986270785331726 1.0026706457138062
1045 -1.9861793518066406 1.0026485919952393
1696 -1.5789657831192017 0.973543643951416
1700 -1.5010484457015991 1.6959211826324463
674 -1.9862397909164429 1.0026261806488037
620 -1.6531269550323486 1.492619514465332
273 -1.509078860282898 1.6658960580825806
288 -1.986270785331726 1.0026706457138062
367 -1.84038507938385 0.3902672529220581
1249 -0.8650665879249573 -0.19901011884212494
338 -1.8664146661758423 -0.5076111555099487
333 -0.9472984671592712 -0.13392814993858337
587 -1.013075828552246 0.5987415909767151
943 -0.5883924961090088 0.307969331741333
359 1.3932740688323975 0.8968721628189087
321 0.49057692289352417 0.6860004663467407
332 0.43125414848327637 2.0042996406555176
957 -0.9238262176513672 -0.4564753472805023
578 0.6853998303413391 -1.0580909252166748
939 -0.4555568993091583 -0.054313112050294876
492 -0.9468648433685303 1.580692172050476
193 -1.98618745803833 1.0026464462280273
1428 -1.5496652126312256 1.0258352756500244
1044 -1.5090831518173218 1.6658824682235718
335 -1.6199153661727905 1.540051817893982
280 -1.5496652126312256 1.0258352756500244
1036 -1.4893481731414795 1.1142094135284424
1453 -1.9862419366836548 1.002626895904541
1694 -1.5338544845581055 1.0362191200256348
757 -1.509083867073059 1.6658958196640015
329 -1.9862887859344482 1.002662181854248
379 -1.6705185174942017 1.4596202373504639
1655 -1.5010484457015991 1.6959211826324463
1656 -1.986187219619751 1.0026463270187378
1653 -1.5496652126312256 1.0258352756500244
485 -1.5496652126312256 1.0258352756500244
313 -1.6351481676101685 1.526460886001587
433 -1.5670642852783203 0.9691095948219299
1608 -1.6743804216384888 1.4602398872375488
1483 -1.9862782955169678 1.0026663541793823
369 -1.5496652126312256 1.0258352756500244
311 -1.6863341331481934 1.428128719329834
200 -1.5670642852783203 0.9691095948219299
681 -1.6705185174942017 1.4596202373504639
342 -1.5090831518173218 1.6658824682235718
315 -1.9862414598464966 1.0026267766952515
323 -1.5496652126312256 1.0258352756500244
320 -1.5090785026550293 1.665902853012085
316 -1.9862772226333618 1.0026638507843018
305 -1.5670642852783203 0.9691095948219299
331 -1.986270785331726 1.0026706457138062
1654 -1.5417771339416504 1.043707251548767
324 -1.98628568649292 1.0026625394821167
1211 -1.555991291999817 0.9749051928520203
429 -1.6246758699417114 1.5350192785263062
580 -1.5670642852783203 0.9691095948219299
328 -1.5496652126312256 1.0258352756500244
334 -1.5090785026550293 1.665899634361267
440 -1.5010484457015991 1.6959211826324463
336 -1.509082317352295 1.665907382965088
314 -1.5496652126312256 1.0258352756500244
307 -1.6523902416229248 1.4882742166519165
270 -1.5090785026550293 1.6659029722213745
581 -1.5010484457015991 1.6959211826324463
582 -1.9862650632858276 1.002671718597412
586 -1.6705185174942017 1.4596202373504639
326 -1.5090845823287964 1.6659029722213745
327 -1.5090863704681396 1.665891408920288
583 -1.509081482887268 1.6659027338027954
1710 -1.557215690612793 0.976690948009491
622 -1.629191279411316 0.983045220375061
268 -1.5010484457015991 1.6959211826324463
325 -1.9862772226333618 1.0026638507843018
269 -0.31717246770858765 0.3894599378108978
619 -0.317294180393219 0.3894951045513153
