1 1
2 2
3 3 4 5 6 7 8 9 10 11 12 13 14 15 16 17 18 19
4 20
5 21
6 22
7 23 24 25
8 26 27
9 28 29 30
10 31
11 32 33 34 35 36
12 37
13 38 39 40 41
14 42
15 43 44 45
16 46
17 47 48 49 50 51
18 52 53 54
19 55
20 56
21 57 58
22 59 60
23 61 62
24 63
25 64 65 66
26 67
27 68
28 69 70
29 71
30 72 73
31 74
32 75
33 76
34 77
35 78
36 79 80 81
37 82 83 84
38 85 86 87
39 88
40 89
41 90 91 92
42 93
43 94
44 95
45 96
46 97 98 99
47 100
48 101
49 102 103 104 105
50 106
51 107 108 109 110 111
52 112 113
53 114 115 116 117 118
54 119
55 120
56 121 122 123 124 125
57 126
58 127 128
59 129 130 131 132 133 134
60 135 136 137
61 138
62 139 140 141 142 143 144
63 145 146
64 147
65 148
66 149 150
67 151
68 152
69 153
70 154 155 156 157
71 158 159 160
72 161
73 162
74 163
75 164 165
76 166 167 168 169 170 171
77 172
78 173 174 175 176 177 178 179 180 181 182
79 183 184 185 186
80 187
81 188
82 189 190 191 192 193 194 195 196 197 198 199 200
83 201
84 202 203 204 205 206
85 207
86 208
87 209 210 211
88 212 213 214 215 216
89 217
90 218
91 219 220
92 221
93 222 223 224
94 225
95 226 227 228 229
96 230 231 232
97 233 234 235 236 237 238
98 239
99 240 241 242 243
100 244 245 246
101 247
102 248 249 250
103 251 252 253
104 254 255 256
105 257 258
106 259
107 260
108 261
109 262 263
110 264
111 265 266 267
112 268 269 270 271
113 272 273 274 275
114 276
115 277 278 279
116 280
117 281
118 282
119 283 284
120 285
121 286
122 287
123 288
124 289 290 291
125 292
126 293
127 294
128 295 296
129 297 298 299
130 300 301 302 303 304
131 305
132 306 307 308
133 309 310
134 311
135 312 313
136 314
137 315 316
138 317
139 318 319 320 321 322
140 323
141 324 325 326
142 327 328 329
143 330
144 331
145 332 333 334
146 335 336 337
147 338
148 339 340
149 341 342 343 344 345 346 347 348 349 350
150 351 352 353 354 355 356 357 358 359 360 361 362 363 364 365 366 367
151 368 369 370 371
152 372 373
153 374 375 376
154 377 378 379 380
155 381 382 383 384 385
156 386
157 387
158 388 389
159 390 391 392
160 393 394 395 396
161 397 398 399 400 401 402
162 403 404 405
163 406
164 407
165 408
166 409
167 410
168 411
