1 1
2 2
3 3
4 4 5
5 6 7
6 8 9
7 10
8 11 12
9 13 14 15
10 16
11 17 18
12 19 20
13 21
14 22
15 23
16 24
17 25
18 26
19 27
20 28
21 29
22 30
23 31
24 32 33
25 34 35 36
26 37 38 39
27 40
28 41 42 43 44 45 46 47
29 48 49 50
30 51 52 53
31 54 55
32 56 57 58
33 59
34 60
35 61
36 62
37 63
38 64
39 65 66
40 67 68
41 69
42 70
43 71 72 73 74
44 75 76
45 77
46 78
47 79 80
48 81 82 83
49 84
50 85
51 86 87 88 89 90 91
52 92 93
53 94 95
54 96
55 97 98 99 100 101
56 102
57 103
58 104 105 106
59 107 108 109
60 110 111 112 113
61 114
62 115 116 117
63 118
64 119 120
65 121 122
66 123 124 125 126 127
67 128 129
68 130 131 132 133
69 134
70 135
71 136
72 137
73 138 139
74 140 141 142 143
75 144 145 146 147 148 149 150 151
76 152 153 154
77 155 156 157 158
78 159 160
79 161 162
80 163
81 164
82 165 166 167
83 168
84 169
85 170 171 172
86 173 174 175 176 177
87 178
88 179 180 181
89 182
90 183
91 184
92 185 186 187 188
93 189 190 191
94 192 193 194
95 195 196
96 197 198 199 200 201 202 203 204
97 205 206
98 207 208 209 210
99 211
100 212 213
101 214
102 215 216
103 217
104 218
105 219
106 220 221 222
107 223
108 224
109 225
110 226
111 227 228 229
112 230
113 231 232
114 233 234
115 235 236 237 238 239
116 240 241
117 242 243 244 245
118 246
119 247
120 248 249
121 250
122 251
123 252 253 254
124 255
125 256 257
126 258 259 260
127 261 262 263
128 264
129 265 266
130 267 268 269 270 271
131 272 273 274 275 276 277 278 279
132 280
133 281
134 282 283
135 284 285 286
136 287
137 288
138 289
139 290
140 291 292 293 294 295
141 296 297 298
142 299
143 300 301
144 302
145 303
146 304
147 305
148 306
