1554 2
996 0.6601501 -0.16558453
1004 0.598086 -0.32047436
261 0.6716793 -0.1251995
1001 0.61098796 -0.3087247
277 0.6647598 -0.14551081
625 0.6358676 -0.21221806
172 0.61115086 -0.27793846
1613 0.63832 -0.19899125
493 0.6296957 -0.23203002
185 0.6471478 -0.18317333
342 0.7147844 -0.016573496
934 0.65172434 -0.16900083
255 0.6830395 -0.08892202
1006 0.6399093 -0.2225599
555 0.6942162 -0.06537313
484 0.68600035 -0.09516979
1640 0.6423504 -0.19472854
967 0.68548363 -0.08444172
283 0.6734936 -0.123067826
279 0.6181764 -0.27881894
1131 0.59225535 -0.32937732
517 0.60352075 -0.31158313
1705 0.673828 -0.13477577
937 0.6646573 -0.13045762
559 0.614172 -0.28515178
1330 0.6080525 -0.29787967
503 0.65431625 -0.16314717
627 0.63272226 -0.23159453
389 0.7169245 -0.010239227
544 0.63658893 -0.2086343
542 0.66519004 -0.14730003
558 0.65742934 -0.16276242
359 0.6606174 -0.15490536
995 0.6205577 -0.25510257
536 0.585096 -0.34528437
1618 0.6019088 -0.2942257
1375 0.6307433 -0.22496863
1739 0.57465863 -0.35524458
1634 0.633635 -0.224019
361 0.6497031 -0.18854438
280 0.6068194 -0.28205654
987 0.5923504 -0.33103737
1078 0.55777013 -0.42409155
972 0.6071446 -0.2944552
1454 0.6372263 -0.20986992
932 0.602583 -0.31068602
183 0.6323869 -0.21981384
1558 0.52845544 -0.49855217
1679 0.65196246 -0.17001876
253 0.65972567 -0.15797643
968 0.65997267 -0.14914598
1425 0.5891444 -0.33539817
672 0.6274662 -0.244986
630 0.64113873 -0.19243851
979 0.5985345 -0.31035322
1010 0.59882814 -0.31203237
1657 0.5944705 -0.32396242
1589 0.46981975 -0.64323205
1338 0.6440185 -0.21218032
498 0.63130975 -0.22837642
992 0.6470092 -0.18933736
1099 0.5614373 -0.42361253
1136 0.67505753 -0.10701258
638 0.5946574 -0.31538868
214 0.61482584 -0.27381277
1771 0.69439423 -0.06859902
1167 0.66289914 -0.14250588
215 0.66572297 -0.14901213
487 0.57617223 -0.36849427
99 0.706054 -0.041534234
340 0.7020718 -0.03832212
1513 0.6213464 -0.2570948
177 0.6245301 -0.24970946
488 0.6708081 -0.11392946
175 0.67964876 -0.08641653
489 0.6694393 -0.121929966
951 0.66517234 -0.13635612
423 0.70574355 -0.03226578
623 0.67398804 -0.10842085
1141 0.6479543 -0.18445285
108 0.6152267 -0.2680556
1384 0.7029147 -0.04363314
1698 0.64314127 -0.19496283
1080 0.6281956 -0.23212472
983 0.60903704 -0.29073316
969 0.61786604 -0.24251176
1020 0.59612924 -0.31569496
1169 0.5791382 -0.37748986
1154 0.63861287 -0.21927364
387 0.59788483 -0.31427407
1575 0.5689196 -0.40044847
1127 0.5708708 -0.3707143
1743 0.63441026 -0.22873196
929 0.59348035 -0.3293667
1734 0.5678071 -0.40138626
1008 0.6635761 -0.13558541
973 0.6466789 -0.1948111
205 0.5650059 -0.40528634
1693 0.595004 -0.3100022
1322 0.5211447 -0.5128085
390 0.67102134 -0.13444556
626 0.7035422 -0.040477637
505 0.6714195 -0.12720506
1628 0.62266177 -0.26078165
1133 0.5581048 -0.41803023
946 0.6038138 -0.30649886
1339 0.60845065 -0.29578137
980 0.5863852 -0.3446439
504 0.621574 -0.2468135
1018 0.5820659 -0.344204
285 0.6872416 -0.08480058
1688 0.66311425 -0.16962634
1650 0.54681647 -0.44748858
1415 0.6114016 -0.2829043
945 0.62091684 -0.24607414
624 0.68454844 -0.090131834
396 0.6395587 -0.21137486
1581 0.6001369 -0.3096849
1747 0.6631385 -0.14632377
1005 0.66952556 -0.1187292
1067 0.6181024 -0.26047844
180 0.6327907 -0.20955646
1147 0.64103615 -0.20364732
1583 0.55673605 -0.4332869
557 0.67450804 -0.107228905
1432 0.5715479 -0.38700163
1632 0.6099298 -0.2894524
1711 0.58039147 -0.35487872
388 0.6669324 -0.142221
635 0.6323867 -0.234335
1023 0.56879663 -0.4014046
1745 0.5484331 -0.45331398
1515 0.5844209 -0.35281196
325 0.72525036 0.012800391
956 0.56021154 -0.40124652
947 0.6238325 -0.23271647
976 0.5830335 -0.37194946
269 0.63679796 -0.21881048
530 0.57785606 -0.3661111
1029 0.600362 -0.2990007
275 0.6075115 -0.30481437
1655 0.60435236 -0.30267122
1053 0.5360387 -0.4751303
1417 0.60788006 -0.27774087
1000 0.6457347 -0.20112866
197 0.62486637 -0.25022256
1616 0.5846493 -0.35582253
129 0.5882817 -0.3301242
1326 0.5500306 -0.43202773
1673 0.5900192 -0.3434847
398 0.6814566 -0.09681172
1612 0.56806546 -0.3981772
1577 0.54896843 -0.4328162
1713 0.6706258 -0.1149562
986 0.55678695 -0.40903568
1135 0.620665 -0.26048946
1110 0.63984543 -0.20191467
1022 0.6118408 -0.27382067
349 0.71871793 -0.0047939895
1627 0.6015857 -0.3088929
475 0.6713565 -0.11882824
1071 0.6080422 -0.2971473
497 0.68151593 -0.098680705
531 0.61378646 -0.26872012
263 0.6500799 -0.1846575
988 0.6068424 -0.28744084
540 0.6322683 -0.22536278
1158 0.67067397 -0.12394693
380 0.6957915 -0.044567224
1229 0.510207 -0.54122686
267 0.63730305 -0.21786717
1014 0.62496895 -0.24702549
1164 0.6266641 -0.23225322
73 0.7313067 0.038175113
514 0.6140435 -0.27189735
395 0.6871468 -0.07175797
1118 0.5255844 -0.5114375
1555 0.5382684 -0.46831292
1061 0.5530031 -0.41594163
1724 0.62317437 -0.22871305
386 0.7079437 -0.014709284
1088 0.585679 -0.3400807
561 0.6293878 -0.2169536
631 0.6137966 -0.27275643
1328 0.5889125 -0.3330617
1162 0.5956917 -0.3036479
258 0.6746473 -0.1135343
1712 0.65440536 -0.18769647
135 0.5950548 -0.33222696
1064 0.61385906 -0.26971412
938 0.62839836 -0.23607065
512 0.5828634 -0.3624591
1619 0.59014523 -0.3372367
200 0.64681333 -0.19171378
572 0.7370966 0.041245207
1730 0.6159528 -0.28536353
1336 0.63371587 -0.22979902
1176 0.5906877 -0.32703996
994 0.6105162 -0.27507788
351 0.6752978 -0.11265339
965 0.6228463 -0.2619333
1605 0.60260844 -0.29871216
217 0.7507602 0.077645935
500 0.67666954 -0.10871056
1411 0.6747879 -0.12228182
208 0.7327014 0.031668335
1333 0.58906394 -0.34576112
391 0.748315 0.09240573
1683 0.6578372 -0.12936473
1324 0.59553134 -0.3121962
1576 0.5739824 -0.38108724
1013 0.61061436 -0.26931474
1149 0.7056418 -0.049710866
358 0.6162526 -0.24796721
416 0.64046204 -0.21032108
984 0.57497615 -0.37945855
551 0.62957376 -0.24212216
176 0.5856225 -0.35417002
247 0.65822417 -0.1542869
1505 0.5731711 -0.3893361
952 0.5971811 -0.32563886
1159 0.6314962 -0.2443013
1009 0.6309292 -0.22840682
184 0.6642151 -0.14826104
257 0.6629077 -0.14664154
392 0.615421 -0.25876877
941 0.58268434 -0.37021372
1052 0.5301688 -0.51157117
1379 0.6913088 -0.08269798
1060 0.5658143 -0.4010343
1686 0.61966 -0.24809757
1015 0.6263015 -0.2604591
407 0.62113327 -0.23753126
456 0.64755696 -0.19144401
1132 0.57712036 -0.36586854
1161 0.6135571 -0.2769389
1138 0.709658 -0.031647667
1140 0.6320219 -0.22636285
1565 0.5967851 -0.31747264
999 0.6431336 -0.19834463
634 0.6691032 -0.13474445
406 0.62567437 -0.23113804
1148 0.6384864 -0.20877908
345 0.6440177 -0.19731635
1727 0.6957542 -0.0658418
1625 0.6445621 -0.19689812
1741 0.633831 -0.22379953
541 0.61536723 -0.27420014
1740 0.6494865 -0.19837928
1466 0.5527707 -0.41917226
199 0.638355 -0.22565512
509 0.645992 -0.18930545
515 0.642127 -0.19551504
403 0.5696733 -0.39155948
931 0.5612187 -0.41778725
1770 0.61178464 -0.28587744
262 0.6267686 -0.2388492
1150 0.65503 -0.17595492
1459 0.5949142 -0.33259746
1079 0.6199198 -0.24332727
526 0.58145577 -0.35428742
1703 0.68473583 -0.08328102
1081 0.6134778 -0.27685875
461 0.62148464 -0.25751978
190 0.5971449 -0.30616263
1483 0.5332658 -0.48720235
186 0.72160774 0.007464884
1332 0.6681171 -0.13532382
653 0.6228659 -0.24986866
1802 0.65963846 -0.1462687
467 0.73483026 0.048270267
252 0.66525084 -0.15314443
935 0.6584317 -0.15766898
318 0.66034704 -0.15712933
1509 0.59942925 -0.30716264
1718 0.6183465 -0.2727821
977 0.51811284 -0.53235006
618 0.6971071 -0.0527082
248 0.6666253 -0.1311388
106 0.64944416 -0.16560765
1691 0.62471217 -0.23669365
1803 0.6724635 -0.13813658
1348 0.6255637 -0.25431135
1631 0.6454856 -0.1784504
350 0.7021247 -0.032564517
460 0.6498146 -0.18124382
1123 0.62789357 -0.24501644
1285 0.5073104 -0.56098026
1638 0.55234206 -0.4377116
1152 0.65496546 -0.17420898
219 0.7710849 0.13804857
1069 0.58731365 -0.33922577
404 0.65277433 -0.17828307
483 0.61174256 -0.2804304
1103 0.55299234 -0.43391028
1729 0.6473858 -0.17814915
668 0.56065536 -0.4162404
338 0.63248664 -0.22518782
1447 0.558998 -0.42309904
1130 0.64121777 -0.19537565
1309 0.4924052 -0.588724
1556 0.56740415 -0.39052865
319 0.7407716 0.060496908
352 0.6341581 -0.22517173
639 0.61415994 -0.26518387
1626 0.54815924 -0.45266312
347 0.7129215 -0.012719272
981 0.60882473 -0.28020033
1111 0.5445034 -0.44736487
511 0.6305959 -0.23561841
1463 0.6280235 -0.22652154
1374 0.62011063 -0.2554206
1507 0.6052551 -0.31308424
1757 0.6028531 -0.2864783
553 0.67279774 -0.116330236
1496 0.62904686 -0.24903694
580 0.70464486 -0.027347812
189 0.59007233 -0.33077645
343 0.73009866 0.02033193
1323 0.57804173 -0.368339
1298 0.52855605 -0.49609616
479 0.65565896 -0.17344761
1471 0.6140422 -0.2807072
1076 0.66630155 -0.13391182
1663 0.60563016 -0.29332805
1436 0.5827189 -0.34524593
259 0.61154103 -0.2800908
1378 0.7190987 -0.00095492543
127 0.58292466 -0.3520736
1341 0.6259709 -0.2503453
948 0.6251355 -0.24110779
245 0.62851113 -0.22325842
1342 0.7025777 -0.056222506
1604 0.53190726 -0.47913337
1163 0.61965597 -0.26136187
962 0.594626 -0.3236022
1343 0.62396497 -0.2385432
1476 0.52268386 -0.5168514
80 0.7287993 0.021362102
1653 0.58193696 -0.34526142
1034 0.5519463 -0.4217574
1115 0.57173514 -0.39290026
100 0.656079 -0.16929302
1340 0.64386886 -0.20172922
161 0.6487964 -0.17734957
1736 0.5369872 -0.4789268
978 0.51717776 -0.5378537
1706 0.6263628 -0.24060358
566 0.70941526 -0.028451022
1460 0.6748377 -0.1189585
1074 0.5525588 -0.44293466
1329 0.6269769 -0.24661422
1720 0.6661059 -0.14339942
272 0.64101446 -0.19819559
178 0.65885085 -0.15307942
1458 0.58156335 -0.35963508
1026 0.58663046 -0.34885263
249 0.6847355 -0.10765355
1068 0.6172308 -0.2731502
116 0.61515206 -0.2858948
1572 0.5260313 -0.51751804
1444 0.595053 -0.30877137
104 0.61218816 -0.27987057
90 0.7495677 0.072166376
1413 0.61993074 -0.2653426
1254 0.53317577 -0.5018936
692 0.5292253 -0.50129265
1707 0.6193999 -0.26629612
1002 0.6418058 -0.19195832
287 0.75941956 0.09537097
1457 0.6063958 -0.28655455
144 0.5719046 -0.37981963
974 0.64286083 -0.1965754
268 0.6205043 -0.24777424
954 0.6367758 -0.23252411
1721 0.6616829 -0.14853711
513 0.5812121 -0.3794817
1177 0.55522466 -0.42637455
1289 0.53752816 -0.46560976
1562 0.59395254 -0.31019604
188 0.63867545 -0.21866328
1304 0.5587989 -0.41284558
552 0.6729587 -0.12918493
1781 0.6556673 -0.16190003
1320 0.49085084 -0.60860413
420 0.6729117 -0.11346232
1334 0.6528162 -0.16932389
1354 0.6805221 -0.100142024
1327 0.5815071 -0.36112532
1090 0.5390273 -0.4635934
1754 0.5374175 -0.45873174
1735 0.5650342 -0.40436706
1077 0.55155617 -0.43271512
1755 0.5734703 -0.3781664
124 0.570162 -0.37639695
286 0.678503 -0.101634756
1498 0.63763714 -0.22015786
201 0.68050116 -0.09062914
507 0.6297941 -0.24097584
171 0.65770257 -0.17693098
394 0.6901455 -0.083228864
1435 0.63649344 -0.22592188
1185 0.5910154 -0.32949498
1121 0.5925819 -0.33045742
1681 0.55671924 -0.4264787
1611 0.4770397 -0.63101697
619 0.70887643 -0.04246788
1550 0.54546994 -0.44307527
419 0.7243342 0.023540592
957 0.5473885 -0.42698735
1480 0.55625725 -0.41594407
476 0.69724274 -0.057103015
1668 0.55428857 -0.4165344
963 0.6478595 -0.18367976
1114 0.62683266 -0.24494913
250 0.6738784 -0.12193
1731 0.5785074 -0.3615472
348 0.6606454 -0.1539035
1139 0.6822444 -0.10797265
1526 0.5512898 -0.43434286
353 0.70179963 -0.04507842
1709 0.61938 -0.25442246
495 0.6185558 -0.2583938
179 0.66511345 -0.13754377
312 0.6815155 -0.104354076
1784 0.7120109 0.00077288016
560 0.6503348 -0.15065363
1408 0.6584537 -0.16436239
496 0.69885 -0.056807544
1659 0.53243154 -0.48973498
1621 0.62433493 -0.23447074
118 0.5993276 -0.3215996
1680 0.6091094 -0.28088447
102 0.6180502 -0.27458906
1112 0.56658345 -0.39305523
1615 0.6434058 -0.21442086
1440 0.57887596 -0.36338827
1532 0.5643427 -0.42597356
485 0.6959849 -0.06454447
393 0.6274695 -0.22477862
545 0.6367839 -0.22290884
1753 0.6739177 -0.120350435
1430 0.6635054 -0.13943267
1491 0.612368 -0.2831498
1607 0.55307907 -0.4247491
1156 0.6209585 -0.26179355
1658 0.5532336 -0.42641965
1500 0.63373137 -0.2167142
23 0.6730436 -0.12588571
207 0.6461471 -0.20706727
547 0.6629183 -0.14326458
323 0.68620026 -0.06176203
482 0.6646389 -0.1553548
1559 0.5674863 -0.39713097
417 0.71693724 0.0026256943
1083 0.6505938 -0.19072141
936 0.6500086 -0.17654094
1142 0.7055305 -0.036403645
1245 0.48439127 -0.6130199
960 0.59976804 -0.32044894
1369 0.6187446 -0.26743606
1170 0.56401485 -0.39922804
239 0.7482626 0.07899038
628 0.65799516 -0.1451357
940 0.6145187 -0.2576812
1617 0.5598754 -0.41931263
1563 0.53595716 -0.48017082
1677 0.59551215 -0.3135313
103 0.71771663 -0.007732866
468 0.6634885 -0.15147808
1120 0.56816065 -0.38709724
1166 0.6039123 -0.30738428
1155 0.62037295 -0.27062824
1007 0.616551 -0.27676797
1542 0.56950146 -0.40649614
425 0.7135396 -0.028876105
964 0.5824267 -0.37347963
408 0.61660606 -0.26866072
454 0.70204365 -0.03652917
535 0.6083115 -0.2854247
182 0.6539727 -0.17440109
1715 0.64719146 -0.181053
1487 0.6645549 -0.14115165
382 0.67721194 -0.0916248
167 0.6308764 -0.23150313
1412 0.5895489 -0.34369466
1608 0.5412983 -0.46161786
1592 0.54660517 -0.44751462
1126 0.53722674 -0.4826695
1450 0.52642107 -0.49393094
83 0.6682935 -0.14110216
990 0.586787 -0.355523
203 0.58431613 -0.3722066
1704 0.618471 -0.2642549
271 0.67477864 -0.11358553
1441 0.65984017 -0.1607986
381 0.65697753 -0.15829246
1700 0.6483192 -0.186303
314 0.6727014 -0.11474473
93 0.72132975 0.006845119
1109 0.5628965 -0.39324385
953 0.621416 -0.24038616
1019 0.54291224 -0.43989694
1171 0.62249094 -0.24224791
949 0.61321574 -0.2762295
114 0.60252815 -0.30736434
1351 0.6145479 -0.2832626
1692 0.65548813 -0.17901452
1175 0.6391592 -0.19335295
1622 0.5899907 -0.33598563
1119 0.6103095 -0.29704422
1772 0.62037283 -0.27531603
1467 0.59907573 -0.31696773
1652 0.51895434 -0.53077257
1137 0.60533077 -0.3044974
993 0.60796374 -0.29997322
1011 0.68015134 -0.114824936
997 0.6650671 -0.13342519
1350 0.64015704 -0.2078447
321 0.7427054 0.05991063
492 0.7164016 0.003835425
685 0.5784477 -0.3712739
193 0.63528425 -0.21905002
1193 0.5220859 -0.5207169
449 0.71863157 -0.003238345
264 0.65868986 -0.15450346
385 0.647209 -0.17268036
360 0.6698993 -0.117467985
1410 0.6922947 -0.07993473
537 0.70478815 -0.049375046
1380 0.6075964 -0.28710002
1682 0.5730137 -0.3852265
1660 0.6011806 -0.30268034
1335 0.63147146 -0.22687954
244 0.74935067 0.0654442
276 0.62140524 -0.25349414
1675 0.53302675 -0.48397523
295 0.71750844 0.013658406
187 0.6447613 -0.1985802
998 0.6111137 -0.2959729
414 0.68914944 -0.06666102
1049 0.5659906 -0.41484457
1241 0.5276098 -0.51372194
1642 0.63373834 -0.20937625
415 0.7686048 0.12766579
1337 0.593209 -0.331949
1689 0.6766275 -0.10127947
1548 0.5663338 -0.40883002
474 0.64719284 -0.18142365
136 0.59630203 -0.32823393
1478 0.49914125 -0.569249
313 0.7071276 -0.026984826
562 0.6522961 -0.18137625
1473 0.47528282 -0.6429887
98 0.69358903 -0.07134694
1699 0.6616168 -0.14285061
1442 0.5831176 -0.35727403
281 0.72180134 0.000106936604
126 0.628001 -0.23607233
384 0.69125104 -0.062191203
1649 0.5777615 -0.37893352
985 0.62172455 -0.2532017
1746 0.6127053 -0.26826593
1451 0.65167284 -0.17159465
1116 0.5830217 -0.36309296
1453 0.628952 -0.25636688
1486 0.5570855 -0.42252114
1383 0.6424753 -0.19461209
1062 0.6401355 -0.20383765
481 0.69332767 -0.061871547
939 0.6171398 -0.2740786
1510 0.6251637 -0.2504483
251 0.66277725 -0.14888299
1016 0.6673583 -0.15369688
1744 0.61517096 -0.2525814
1585 0.54726934 -0.45115826
1385 0.60365695 -0.28688905
1283 0.55170506 -0.44263065
1737 0.6612696 -0.14789501
1670 0.6165003 -0.26049885
156 0.6045642 -0.29747614
1319 0.59160537 -0.316622
1184 0.49416947 -0.5854257
1107 0.57151777 -0.38511768
621 0.7605966 0.118225925
1347 0.64642966 -0.1967672
1582 0.52993274 -0.49831626
563 0.6852979 -0.084722534
1122 0.5502227 -0.44709763
506 0.6666675 -0.13926741
1639 0.60846907 -0.3036672
1594 0.565436 -0.40161443
1128 0.5859429 -0.34677613
1503 0.6181392 -0.25172767
1093 0.5576474 -0.41227978
1221 0.47709075 -0.63751656
1066 0.72625506 0.005318339
1073 0.581271 -0.35204896
397 0.65293664 -0.17267
357 0.6624514 -0.16161698
224 0.72803855 0.032615777
1072 0.6070629 -0.2957776
1433 0.64559394 -0.19042893
1396 0.66077584 -0.15593627
1465 0.6197523 -0.26125157
265 0.61898303 -0.24079311
146 0.58860195 -0.3325346
107 0.6680322 -0.13487571
1179 0.5649637 -0.3899452
1233 0.47126704 -0.6498356
1362 0.6587662 -0.15795241
1065 0.5851447 -0.35524592
1647 0.55562437 -0.43069032
970 0.6246246 -0.25092298
1701 0.6869042 -0.082437836
989 0.6190381 -0.25250158
1438 0.6835338 -0.071890436
523 0.5839026 -0.34431094
1134 0.5757282 -0.36749163
1623 0.6371449 -0.21240857
1738 0.6015481 -0.30854154
1407 0.6798017 -0.11145323
453 0.68630606 -0.089501485
191 0.62007236 -0.258636
1564 0.64244604 -0.20021175
85 0.6828962 -0.076192126
1105 0.60541445 -0.29407927
152 0.53735054 -0.4826956
354 0.7513467 0.08395199
670 0.55116016 -0.44748902
1178 0.60887307 -0.29363957
1031 0.5088888 -0.55680203
1129 0.6588298 -0.16160175
1517 0.53836256 -0.4792448
1388 0.68081015 -0.09685109
1521 0.50936586 -0.55384123
1580 0.5607978 -0.42052868
1030 0.53105396 -0.49441844
1687 0.63952774 -0.19752224
109 0.61656016 -0.2623062
688 0.5284858 -0.5086504
273 0.6408195 -0.19520363
1482 0.5770641 -0.36613497
695 0.5182644 -0.5247401
1303 0.5345207 -0.46751928
1547 0.5721997 -0.38749152
1104 0.54578704 -0.45728326
1100 0.6046313 -0.3036524
1033 0.54362625 -0.46376592
1783 0.67760265 -0.12669638
1570 0.60021937 -0.29615834
442 0.7284718 0.03012836
1602 0.55291456 -0.43060878
550 0.6342033 -0.23106213
1601 0.5267762 -0.50586957
1546 0.58783656 -0.33386493
632 0.60739386 -0.28793266
633 0.5982426 -0.32213712
1124 0.6032239 -0.31671643
1391 0.7052514 -0.034238942
943 0.61149293 -0.28464648
1382 0.6657104 -0.14597951
1377 0.6730844 -0.13240229
1676 0.55182403 -0.4455542
1716 0.65467435 -0.16589046
221 0.6967195 -0.060167372
1762 0.67956764 -0.10572893
1376 0.6714855 -0.13105436
1063 0.6057476 -0.28161278
1050 0.56609845 -0.4064146
326 0.73851377 0.0538196
1479 0.58199066 -0.37696844
556 0.6562095 -0.15904506
256 0.7204323 0.01234987
1603 0.5483276 -0.44473296
1606 0.5072585 -0.5467148
341 0.684757 -0.076539256
355 0.6995095 -0.045548066
518 0.5879005 -0.33265904
1697 0.64212763 -0.20628393
1519 0.46697882 -0.6599464
1598 0.6063255 -0.2939277
1313 0.5130535 -0.5514531
1752 0.6625442 -0.15488592
260 0.64653456 -0.18866643
1662 0.543235 -0.47097835
1654 0.58702105 -0.34377843
1648 0.5935729 -0.3141827
153 0.6247367 -0.23672344
294 0.7270547 0.02436571
971 0.5962461 -0.3345913
617 0.7278064 0.03679141
573 0.7153736 -0.003904823
1144 0.5985439 -0.31881884
282 0.7222578 0.01866005
1386 0.5804885 -0.36443004
1635 0.6771721 -0.105039805
1215 0.5417494 -0.47367188
1774 0.6660083 -0.12110118
1055 0.546722 -0.45008448
629 0.6541906 -0.15802477
1732 0.59463537 -0.34316882
123 0.56901187 -0.38282478
139 0.5271418 -0.49753082
1168 0.61082625 -0.28663075
1485 0.5891541 -0.3222985
1429 0.5046409 -0.56886214
79 0.733769 0.025825933
1437 0.6576915 -0.16354175
202 0.6568697 -0.16026008
1275 0.49213776 -0.5928628
1520 0.5288162 -0.5133513
226 0.730234 0.038355622
1579 0.5739376 -0.39350277
538 0.5558278 -0.44046766
72 0.71479696 -0.0029767673
228 0.72013885 0.007500644
1370 0.6867078 -0.07332366
1439 0.6461634 -0.19061615
1690 0.6566691 -0.16608757
432 0.7543763 0.08908333
1182 0.5736652 -0.38865116
1102 0.64761096 -0.20441121
1484 0.5304132 -0.49512127
1021 0.5749846 -0.37959749
421 0.66472226 -0.13419431
1037 0.55473405 -0.43207073
383 0.6658617 -0.13510273
88 0.741412 0.0651575
1098 0.527422 -0.50315076
1253 0.5870864 -0.32212135
96 0.7198912 -0.0018010418
1353 0.6412646 -0.18321839
1667 0.60973287 -0.28313795
673 0.5320585 -0.48643252
546 0.6492739 -0.17040715
466 0.61120135 -0.2644348
163 0.537817 -0.4655957
599 0.7162414 0.0023916822
1554 0.5242042 -0.5141649
1726 0.5556543 -0.4202578
1545 0.5957672 -0.31632584
669 0.6707641 -0.13666199
1041 0.51326233 -0.5478374
1719 0.6713883 -0.114359535
455 0.68323267 -0.08557989
320 0.75217724 0.07842259
1587 0.55492866 -0.41617435
1209 0.42895445 -0.7676548
508 0.5800324 -0.3816087
246 0.7194957 0.013988567
1113 0.60005647 -0.31402373
362 0.59997046 -0.3110543
1751 0.63600886 -0.22097987
1728 0.6493383 -0.18474366
1238 0.5185928 -0.53747797
315 0.7134147 -0.024946934
477 0.69653386 -0.062338356
1174 0.64784986 -0.19405088
1636 0.612038 -0.27467996
1409 0.675685 -0.10712935
1669 0.56575996 -0.3957268
1722 0.6655813 -0.1406045
1499 0.63746977 -0.22072919
274 0.66431487 -0.15077509
1392 0.6571044 -0.14851391
1801 0.7342643 0.05379489
266 0.671332 -0.12695582
356 0.6142464 -0.2823563
1586 0.54905623 -0.43911117
401 0.6549645 -0.17607974
213 0.6975433 -0.058837797
1768 0.66638744 -0.16487812
620 0.71471673 -0.008393055
1763 0.6751794 -0.1284854
1511 0.6033249 -0.30631062
1508 0.5771478 -0.35486352
181 0.72086996 -0.0009350773
1331 0.5838548 -0.35472614
1512 0.5797434 -0.36472002
1003 0.6255044 -0.2445656
27 0.75693786 0.09666452
130 0.60921055 -0.28130013
502 0.67531395 -0.10811182
532 0.59302706 -0.31262988
110 0.6053358 -0.29627293
1028 0.5238698 -0.50989985
1600 0.5215559 -0.5200541
478 0.6492378 -0.17415427
975 0.6943739 -0.05380663
955 0.6211896 -0.25876486
194 0.6395483 -0.21350017
1462 0.6200856 -0.25188845
1445 0.60602605 -0.29563305
1685 0.5770814 -0.37417644
1767 0.6135278 -0.27518845
548 0.73717636 0.057536766
1048 0.52769667 -0.50661004
1527 0.5611266 -0.424804
151 0.6186651 -0.2613789
1597 0.52468485 -0.51487464
1431 0.64374095 -0.1920907
1672 0.5535722 -0.43349558
1443 0.6331641 -0.22716099
169 0.61983097 -0.25237423
690 0.49510002 -0.5853463
75 0.6537441 -0.17179738
1671 0.6103921 -0.2903405
499 0.6159352 -0.27013293
1345 0.69901496 -0.05020606
443 0.70456195 -0.045020167
1190 0.5030662 -0.56764495
1106 0.5854098 -0.33777627
524 0.6006397 -0.32412645
209 0.66761553 -0.13362595
289 0.7329675 0.032947056
1143 0.6085231 -0.2787955
1325 0.54048103 -0.46822402
413 0.6486392 -0.17315996
1202 0.5468645 -0.45239148
1038 0.5832155 -0.35193744
1042 0.5318106 -0.47750318
959 0.6193248 -0.2481679
1086 0.53749466 -0.4654857
1561 0.5174075 -0.5343351
1651 0.5953797 -0.3288776
1742 0.6608936 -0.15817778
1070 0.5634034 -0.41443893
1355 0.66968095 -0.12610203
458 0.6956151 -0.081010886
1469 0.57909966 -0.37040752
1477 0.59610784 -0.31096846
1310 0.4585832 -0.69784355
1318 0.5620178 -0.4054543
1761 0.6061277 -0.29883733
1593 0.5066348 -0.5549267
344 0.6408641 -0.20687303
521 0.571778 -0.3959148
112 0.60016114 -0.2953734
173 0.6735068 -0.09859915
1399 0.6237205 -0.24876043
462 0.60470974 -0.29091433
1101 0.6522689 -0.17374553
119 0.6088306 -0.28348985
1514 0.6111245 -0.29724994
480 0.6053163 -0.2949244
411 0.64391565 -0.22753483
1644 0.6070005 -0.3069134
81 0.64051294 -0.20020862
543 0.66901606 -0.11576105
19 0.64032376 -0.20628622
1356 0.65706486 -0.1640122
966 0.5717013 -0.38585347
958 0.6008594 -0.3248144
1733 0.6280135 -0.24704598
928 0.54807425 -0.45168892
982 0.6468543 -0.17845121
529 0.7083231 -0.037745964
1723 0.6269102 -0.24740334
134 0.5980524 -0.31644398
377 0.6802922 -0.096408844
1633 0.65422 -0.18973067
1368 0.6724481 -0.1321767
284 0.67207855 -0.12731318
16 0.69928384 -0.05291818
549 0.6784517 -0.10602792
933 0.620193 -0.25086525
1024 0.5904755 -0.3360821
1428 0.62434644 -0.24923643
1089 0.52836853 -0.50266767
324 0.77916074 0.13453859
1096 0.47837892 -0.61426216
1165 0.60205865 -0.30735335
1760 0.62633586 -0.24022225
405 0.6105443 -0.27066788
469 0.717769 -0.0034739021
225 0.6998923 -0.06078355
346 0.63440233 -0.21482694
1047 0.50547004 -0.55313504
1357 0.6763322 -0.100523785
1180 0.5720723 -0.38849932
424 0.6814705 -0.109550655
1027 0.48435524 -0.60552394
622 0.6948056 -0.07158067
445 0.75125587 0.08103499
1145 0.68093914 -0.09255198
433 0.72673434 0.02358503
235 0.7041273 -0.03301906
522 0.5965262 -0.3228898
1272 0.5199185 -0.5213759
528 0.61453724 -0.28563166
422 0.77376366 0.14784658
1717 0.63005924 -0.24071148
1294 0.48999205 -0.5875725
170 0.62232935 -0.25318205
1244 0.503736 -0.564429
1464 0.61664146 -0.26446816
1596 0.521562 -0.5201185
1390 0.6794508 -0.095672436
1765 0.5951793 -0.31213486
950 0.61358786 -0.26783103
1160 0.6013612 -0.29476285
1207 0.43739226 -0.73485565
434 0.73341876 0.02043542
1574 0.5658871 -0.40387693
138 0.5519451 -0.4173907
94 0.7531518 0.08809146
101 0.67048866 -0.12371156
399 0.66428185 -0.1459696
1358 0.5998024 -0.2981443
1501 0.61213785 -0.28828824
288 0.7266626 0.024151448
1566 0.58177966 -0.36834875
1157 0.63117176 -0.23669687
1225 0.4979767 -0.57350576
470 0.73203087 0.038806103
596 0.8174001 0.25112426
1025 0.66395617 -0.15412283
1204 0.5417742 -0.4612466
254 0.64207476 -0.2102906
1533 0.59009784 -0.33564785
278 0.6981707 -0.05558197
581 0.6678246 -0.12525284
1557 0.52677697 -0.51636016
519 0.61613625 -0.27457657
1656 0.5968655 -0.3202992
1666 0.5934356 -0.31324407
1614 0.6083175 -0.28320706
69 0.7082357 -0.031624027
516 0.6268201 -0.25226787
292 0.7543086 0.09721668
1750 0.63208437 -0.22789979
636 0.61233133 -0.2554022
1629 0.64620656 -0.19338284
463 0.59476286 -0.31631184
637 0.6315567 -0.23276152
1630 0.6172586 -0.27759618
1710 0.6324405 -0.22579576
1522 0.49480915 -0.59012014
1361 0.6477746 -0.1938846
459 0.6584658 -0.17106979
165 0.5716192 -0.3901931
1045 0.54158133 -0.4562431
686 0.5084579 -0.5505346
290 0.6702453 -0.121475674
160 0.63480294 -0.21086371
195 0.6106169 -0.29815608
86 0.66429067 -0.13929445
1314 0.5367255 -0.47730762
1624 0.5645706 -0.39437747
1346 0.6299765 -0.23760597
322 0.75880915 0.08940066
486 0.6569718 -0.1631781
1194 0.4362857 -0.7481146
1461 0.56424195 -0.4275272
1085 0.5736899 -0.38842297
1684 0.59323233 -0.32863668
339 0.72960967 0.0180986
1504 0.6597755 -0.15467514
510 0.6407556 -0.18445598
1665 0.57245195 -0.38674155
133 0.61267596 -0.2785307
1240 0.46939313 -0.63544065
1091 0.5951872 -0.3173904
426 0.719106 0.011821079
1035 0.55335075 -0.44223648
1367 0.6769418 -0.10823531
1300 0.55681103 -0.42243895
464 0.72098273 0.00010785648
1643 0.6024484 -0.30901468
1400 0.6341663 -0.22878623
402 0.5935114 -0.31651947
1524 0.47118452 -0.6475466
520 0.65792334 -0.15040809
1800 0.7246181 0.009984796
1560 0.5761253 -0.3739936
1234 0.4698531 -0.6449336
554 0.708332 -0.047589984
87 0.70855427 -0.009570538
534 0.6077835 -0.30585122
1365 0.65733653 -0.16832794
700 0.4972669 -0.58047026
229 0.76457757 0.13082224
494 0.69786805 -0.058782335
1472 0.5245969 -0.505802
1591 0.5829465 -0.3465733
1344 0.67526793 -0.12186058
1773 0.68516815 -0.07541546
1571 0.62190884 -0.25012255
1544 0.59704417 -0.31842974
1075 0.57918036 -0.39477372
113 0.61772376 -0.27624252
211 0.62130684 -0.241235
539 0.57289654 -0.39552745
1044 0.5391492 -0.46565458
1446 0.6041861 -0.3156363
1416 0.6705481 -0.12616496
61 0.7629216 0.104025446
218 0.7081997 -0.035696574
58 0.8037132 0.21318659
1036 0.6247378 -0.2341808
991 0.6185692 -0.2692226
47 0.7922846 0.18387432
293 0.75515956 0.08722827
567 0.70099103 -0.03441537
1352 0.6379498 -0.21220124
1299 0.49816662 -0.58613056
1316 0.5641467 -0.40237713
1317 0.5395757 -0.45592287
1393 0.6597817 -0.12458677
24 0.72451115 0.021605901
1678 0.58990335 -0.31931543
1528 0.5666485 -0.39732718
1488 0.60121727 -0.2885874
1502 0.69014925 -0.07633348
1538 0.5132265 -0.54300225
91 0.7766854 0.1385534
121 0.544511 -0.45714453
95 0.6732245 -0.104312405
491 0.6780279 -0.0982583
1372 0.6610374 -0.1617285
1714 0.68253064 -0.09408515
418 0.69045895 -0.08124724
232 0.6377658 -0.18943313
1595 0.5747899 -0.37460452
92 0.70978177 -0.019957127
78 0.7047154 -0.047367334
1599 0.58246887 -0.35241884
8 0.7562961 0.112145185
1497 0.66104406 -0.1445211
1387 0.6965341 -0.07206553
1188 0.4518135 -0.7299647
1674 0.6183719 -0.26100287
1696 0.69113296 -0.06390307
1756 0.6022114 -0.3025461
192 0.60249436 -0.30955514
1087 0.51799375 -0.5422385
1646 0.56081384 -0.39052874
1293 0.44714162 -0.71612865
71 0.7442069 0.06622683
236 0.7430724 0.05985191
1306 0.4465967 -0.7104206
125 0.60698074 -0.29224676
1610 0.59121335 -0.343987
1779 0.72050506 0.016783075
610 0.74878556 0.08136098
204 0.5078222 -0.5399918
122 0.5825579 -0.3442441
74 0.67672694 -0.087133534
1518 0.50456923 -0.5510223
579 0.6855579 -0.073294945
1108 0.5769746 -0.34880468
1506 0.6373333 -0.22113568
1448 0.54144037 -0.46796814
1153 0.6724815 -0.12554654
111 0.60631186 -0.29055703
132 0.6807169 -0.10624799
1470 0.58537954 -0.35363355
140 0.6192404 -0.250806
694 0.5850209 -0.36197293
473 0.6586067 -0.13832195
1366 0.7009441 -0.035871834
166 0.55383646 -0.42038962
1552 0.51550794 -0.5303294
1569 0.56005836 -0.4147297
1525 0.55634695 -0.42508104
1641 0.66595227 -0.14464436
1645 0.6146644 -0.28060225
501 0.7125444 0.0012792604
1764 0.6319274 -0.23528798
1481 0.6174267 -0.25204104
216 0.6484886 -0.18335563
1312 0.5198193 -0.52932733
1146 0.62209123 -0.2569888
1054 0.58519834 -0.34209484
400 0.67815185 -0.106887504
1725 0.5617528 -0.39445356
1302 0.5651356 -0.39593056
1609 0.49119946 -0.58906376
1359 0.67435104 -0.10270666
1224 0.5265467 -0.51376516
1797 0.6838395 -0.09597158
1321 0.58485657 -0.33489445
1452 0.5589398 -0.40589967
105 0.66215897 -0.15292849
1051 0.5589902 -0.4236983
1373 0.6515965 -0.18397652
1749 0.60508513 -0.31499383
162 0.66273105 -0.15854755
604 0.77847016 0.14174521
212 0.6766978 -0.12972566
1551 0.5153714 -0.53522754
1097 0.5436442 -0.45116273
447 0.72918576 0.030801939
1531 0.5830885 -0.3469763
1281 0.49325338 -0.6056897
671 0.64452887 -0.18242368
1173 0.6133 -0.2873892
233 0.70825624 -0.02999916
1151 0.63340855 -0.2280168
196 0.610248 -0.27579218
1434 0.6442481 -0.17844945
1661 0.55971795 -0.4251556
1588 0.5967438 -0.3152233
961 0.602596 -0.3162075
1395 0.6793396 -0.106820874
1590 0.5519592 -0.44238418
1084 0.57363844 -0.393821
17 0.6622022 -0.15296465
66 0.694894 -0.06705221
1468 0.6015868 -0.31418848
942 0.625803 -0.24774943
1043 0.4879705 -0.6036152
440 0.6959196 -0.066241026
1255 0.4502011 -0.71009743
150 0.590004 -0.33275193
446 0.7639118 0.10924936
143 0.58292 -0.35782552
1235 0.509214 -0.55005485
82 0.6720881 -0.09525522
317 0.68526876 -0.09395035
1758 0.6127785 -0.28157416
1239 0.53705776 -0.46875188
1568 0.52837753 -0.5009677
1057 0.58010435 -0.37001857
198 0.649903 -0.18525481
1516 0.65849966 -0.16433282
84 0.6619369 -0.15804388
1247 0.5023321 -0.57447124
689 0.5259974 -0.5081121
1095 0.54765093 -0.4603894
1125 0.60383475 -0.297836
18 0.697477 -0.040650327
1766 0.6333079 -0.23265988
1455 0.57509184 -0.38148043
206 0.636569 -0.21592693
311 0.6528295 -0.17296514
1206 0.53327376 -0.50320524
1637 0.6365032 -0.21729569
1397 0.605728 -0.29544288
1261 0.44124284 -0.73717713
316 0.72990936 0.034806196
131 0.6217522 -0.24868451
465 0.6891679 -0.07063214
448 0.71067274 -0.02364196
1046 0.5438364 -0.45082808
457 0.6245014 -0.25849786
1529 0.56946826 -0.3956694
1273 0.4978913 -0.5768903
598 0.774959 0.13430263
409 0.6591785 -0.15128721
70 0.7586722 0.093244106
1039 0.5422742 -0.46000525
1578 0.59207976 -0.3349331
1748 0.6454057 -0.1984339
1056 0.6251481 -0.243555
1213 0.4978832 -0.57574385
1427 0.5565773 -0.42197725
564 0.70869297 -0.027079318
1217 0.5772838 -0.37343898
1267 0.49801537 -0.57821465
611 0.7409542 0.05894013
1414 0.6465052 -0.19328907
615 0.70901996 -0.020980565
1195 0.49547106 -0.5966808
291 0.75336915 0.09841734
1549 0.5336318 -0.4957924
363 0.6163992 -0.23922414
1290 0.5330665 -0.48822471
141 0.57090896 -0.39068502
142 0.55968255 -0.42394957
1311 0.55084455 -0.43784806
533 0.6243434 -0.24187218
22 0.6341047 -0.21091847
145 0.5318244 -0.50177634
37 0.8486994 0.31735003
1252 0.52592963 -0.5130706
1256 0.47099808 -0.6458275
1364 0.68856686 -0.08828334
1389 0.6627614 -0.14195938
693 0.58493423 -0.36321804
1371 0.6209815 -0.26159635
1702 0.63730615 -0.20480093
1228 0.49784952 -0.5713048
1780 0.6673025 -0.12126096
571 0.6993404 -0.047259808
117 0.5706814 -0.37799588
565 0.73994 0.057084452
12 0.7693335 0.1330657
687 0.5756209 -0.36514214
1694 0.62486166 -0.23217228
1251 0.51498216 -0.53654194
1205 0.45833585 -0.68803066
608 0.7422226 0.07449973
1268 0.4869383 -0.6087981
270 0.5803746 -0.34127888
1012 0.6224663 -0.24602163
1794 0.7143658 -0.012011517
1537 0.49663332 -0.5949573
222 0.7384596 0.06050892
137 0.5423804 -0.45696956
242 0.6751683 -0.104925185
49 0.83755696 0.30206642
1242 0.5862689 -0.35476726
1192 0.46387577 -0.6816746
696 0.55859977 -0.4220506
1199 0.49146837 -0.5989881
1798 0.6769048 -0.10214548
1059 0.58910245 -0.34509882
1573 0.5333996 -0.4914641
1394 0.6342568 -0.22151007
1363 0.63925815 -0.20729023
616 0.7872583 0.18061052
4 0.8231025 0.27161664
59 0.7534648 0.08829689
691 0.5253226 -0.5072935
97 0.64692485 -0.20333984
1286 0.4754777 -0.64239013
7 0.7441956 0.04115136
164 0.6485259 -0.16717389
1456 0.5872327 -0.32933533
1535 0.52384245 -0.5198351
1266 0.5134519 -0.5451161
1790 0.7349499 0.05494024
30 0.71302426 -0.016762832
1495 0.61010045 -0.2692614
600 0.7596586 0.100381255
1223 0.51066047 -0.5509112
1259 0.5390347 -0.48334467
379 0.8190071 0.2512069
441 0.7461635 0.07680292
149 0.56495154 -0.40102223
57 0.75395405 0.09369512
154 0.5881077 -0.35045746
1775 0.6979691 -0.0494776
115 0.6405204 -0.19450751
10 0.81933653 0.2696181
1263 0.53107476 -0.49820784
128 0.5980948 -0.31538114
168 0.65721434 -0.15542659
1230 0.53312665 -0.5069419
427 0.74472773 0.076560564
444 0.789083 0.17513476
1292 0.48726505 -0.6146111
1664 0.5701453 -0.3903583
296 0.7766637 0.1525309
32 0.71756697 0.0008608047
241 0.7787329 0.16303566
120 0.4869622 -0.60706204
147 0.62013364 -0.26947352
1222 0.4531981 -0.6973373
697 0.57895297 -0.3563234
1186 0.5006169 -0.577732
1695 0.67264754 -0.12871115
15 0.87340534 0.39471948
1567 0.5071033 -0.5495996
1620 0.61190933 -0.26423872
6 0.7131046 -0.015517793
602 0.80663615 0.212077
1248 0.4835053 -0.61203593
67 0.7455705 0.06663744
148 0.5791154 -0.36869806
1534 0.5691031 -0.3774466
1017 0.66234875 -0.14258794
1584 0.5279667 -0.4757044
1282 0.48985854 -0.6036754
1271 0.4796911 -0.6389455
1219 0.4805 -0.6213812
1181 0.50710815 -0.5446101
1058 0.57655895 -0.37167823
1494 0.53494596 -0.48600554
525 0.5919361 -0.32927456
603 0.7785805 0.15431885
1474 0.5003236 -0.5565432
944 0.58247936 -0.35267612
597 0.7767608 0.13656925
435 0.73875386 0.049296156
227 0.6519709 -0.1644479
1315 0.5254828 -0.49882245
1788 0.6370205 -0.20968193
614 0.7362457 0.04853051
1094 0.6105079 -0.28164157
1296 0.5160335 -0.5448063
234 0.73643994 0.039836098
223 0.75852305 0.09637049
89 0.7740763 0.14860746
578 0.7504894 0.08602168
1264 0.529162 -0.49654397
1349 0.6271325 -0.22125879
40 0.7431549 0.063613944
1553 0.53143716 -0.47705507
698 0.5593138 -0.42062178
1279 0.43035704 -0.7488307
220 0.7861457 0.17717534
1759 0.6525209 -0.16941988
210 0.6942631 -0.07528294
1265 0.48153383 -0.62093884
1404 0.6265307 -0.25983572
159 0.6179876 -0.27449623
1040 0.52443695 -0.507447
1172 0.64721256 -0.19925067
1307 0.512383 -0.539714
1543 0.50328827 -0.5502242
490 0.6396603 -0.19458154
33 0.7981808 0.20143065
1540 0.53601414 -0.49511567
1398 0.67078227 -0.14659497
77 0.79453915 0.18948464
1187 0.53127575 -0.49126187
11 0.7987727 0.19364575
701 0.5004443 -0.58479935
34 0.75602144 0.09927698
472 0.76767766 0.12568246
1210 0.5550432 -0.40382406
237 0.8477229 0.31885448
1493 0.6269315 -0.24617085
1301 0.5330241 -0.48770195
527 0.62715805 -0.23946507
1305 0.5437568 -0.46287474
1777 0.6571649 -0.14889494
157 0.6043678 -0.29791552
1117 0.50970703 -0.52419996
1201 0.45953164 -0.68024313
1291 0.5319656 -0.47305682
1270 0.47223338 -0.63535833
1539 0.52564514 -0.5189314
41 0.8418794 0.29792264
471 0.65027195 -0.18160667
652 0.5779472 -0.35328302
1381 0.6236178 -0.24194223
63 0.7576892 0.10654117
1276 0.45325762 -0.6905123
1191 0.4674381 -0.654677
230 0.7558813 0.093961716
28 0.7396582 0.04923267
64 0.68731093 -0.07734916
68 0.7160786 0.0083896
1778 0.70913297 -0.019023754
1082 0.5665421 -0.39950556
1269 0.4758856 -0.64423615
1280 0.50741714 -0.5609716
1249 0.41534394 -0.8016444
1246 0.4869048 -0.6076102
240 0.7721558 0.1535154
1250 0.53634614 -0.4604721
1288 0.4399064 -0.7405861
1232 0.49706367 -0.5876746
1092 0.55566704 -0.40178996
1791 0.65054345 -0.17114276
1197 0.43749276 -0.7457264
1284 0.53625864 -0.45183212
364 0.7230957 0.015914595
25 0.78082156 0.14626381
1295 0.5542399 -0.42051172
46 0.7695871 0.12877674
1189 0.42657322 -0.7779826
1787 0.7357542 0.045929886
1530 0.5666227 -0.4096998
38 0.71415186 -0.0030326585
601 0.7822724 0.14392911
158 0.5737128 -0.376125
3 0.75565094 0.09335292
1449 0.66236883 -0.14906612
1226 0.49054706 -0.60381156
410 0.62452114 -0.25988808
1278 0.5056929 -0.572163
1200 0.44962165 -0.7141467
1490 0.63818914 -0.20944123
1214 0.48190588 -0.62015426
648 0.60085523 -0.3187921
1708 0.61707044 -0.26162705
650 0.6029758 -0.3199178
155 0.6371939 -0.21072085
584 0.77461374 0.14555854
31 0.7251126 0.018976174
1227 0.53349453 -0.49548084
1523 0.5222358 -0.5075461
1475 0.59063727 -0.31333944
1258 0.46791866 -0.66439956
76 0.7890277 0.20695974
1785 0.69728196 -0.06935927
231 0.7567961 0.104739256
1799 0.71287584 -0.020465348
1796 0.7051638 -0.022940032
1541 0.5336564 -0.50766915
1426 0.55938673 -0.40088707
51 0.83302873 0.2718285
1196 0.48866895 -0.6054587
1274 0.49697202 -0.5800356
1789 0.77097386 0.13259834
1183 0.427374 -0.7794493
1203 0.5006321 -0.5685813
1216 0.49846846 -0.59076226
613 0.7444296 0.06408242
1776 0.70659065 -0.021800792
1308 0.48621276 -0.6040305
1032 0.5441725 -0.46202645
1492 0.6739166 -0.14279218
20 0.665542 -0.15202585
595 0.80560005 0.22654691
1243 0.49109176 -0.58802825
302 0.7809865 0.15877113
56 0.8066806 0.21993583
1262 0.54448205 -0.46171424
65 0.7315617 0.036557134
1212 0.4499195 -0.71561104
609 0.7993962 0.19229853
1277 0.48508126 -0.625189
570 0.74897045 0.08657225
1792 0.6983523 -0.047932535
174 0.66839236 -0.12717414
1360 0.66736835 -0.13035022
304 0.75948256 0.109302826
577 0.78401583 0.14573441
1297 0.4286355 -0.7795964
1257 0.50810176 -0.5619854
1795 0.6991447 -0.05066007
1786 0.7222257 0.013180604
243 0.84720796 0.3194084
26 0.77031505 0.13060448
1231 0.49239954 -0.5878573
412 0.7117726 -0.011929941
1208 0.4724528 -0.6371897
651 0.53563106 -0.48757958
303 0.72975343 0.03167961
1793 0.72906506 0.025427626
612 0.7272281 0.021193229
50 0.7931943 0.17283711
238 0.81667095 0.23636575
48 0.8014648 0.21059117
702 0.5439435 -0.46207738
1782 0.7356379 0.022468368
310 0.8188754 0.24752218
594 0.77563137 0.1551491
585 0.767556 0.11318829
1260 0.49156794 -0.5921707
587 0.7715776 0.11851822
39 0.839079 0.3030981
1287 0.413438 -0.8227057
62 0.7533848 0.08511732
1406 0.6498217 -0.18019305
1402 0.65499204 -0.14568263
35 0.78308934 0.15039138
36 0.7881597 0.18066265
930 0.49673223 -0.5819932
29 0.79534423 0.17906727
1236 0.47949946 -0.63199115
378 0.860065 0.35078308
703 0.45051342 -0.71362734
1218 0.46608996 -0.6759011
680 0.5218418 -0.52659935
14 0.72112894 0.0035726218
586 0.7917025 0.190608
55 0.79191756 0.18638605
1536 0.5116254 -0.55964386
42 0.7784828 0.1521472
45 0.7666903 0.10679014
21 0.81605715 0.24892429
431 0.7920588 0.19805592
699 0.4787923 -0.634797
1211 0.46941072 -0.65544444
1237 0.5074219 -0.54820293
649 0.5026104 -0.5667094
52 0.77041996 0.14492427
43 0.84600717 0.3255225
5 0.75097513 0.09335741
1220 0.5011573 -0.558249
678 0.49186307 -0.6001666
60 0.7513121 0.072375
9 0.73525465 0.045365453
1198 0.39127204 -0.85444313
376 0.83984095 0.3151285
2 0.7634528 0.12615086
679 0.5158765 -0.53707176
13 0.82878196 0.2994073
1403 0.6886738 -0.08143917
583 0.8736938 0.4027544
335 0.7352363 0.052152917
677 0.48638847 -0.61631477
1420 0.47063616 -0.64604783
334 0.7850807 0.18553515
654 0.5682278 -0.40402386
44 0.8533285 0.34808376
657 0.5215358 -0.5234014
705 0.4363833 -0.74128467
428 0.90455586 0.48100752
53 0.9573006 0.59042317
684 0.50353557 -0.5942056
437 0.86607134 0.38133258
704 0.41161856 -0.8285468
1401 0.6940805 -0.065400854
1489 0.6332804 -0.22535333
640 0.6290049 -0.22195195
593 0.9498756 0.55313665
1769 0.60761744 -0.29646966
641 0.5257204 -0.49721584
372 0.8427975 0.3423785
366 0.8109766 0.25590494
1804 0.82484496 0.2599232
54 0.93830204 0.54354566
373 0.8299339 0.27802113
607 0.8794317 0.3886288
452 0.7706063 0.1370044
647 0.5832305 -0.3328545
706 0.42308158 -0.7951601
1405 0.6788493 -0.1176816
305 0.9729898 0.6301006
658 0.5151117 -0.5162963
306 1.0488302 0.81166005
327 0.83574384 0.2982285
681 0.43631998 -0.75843817
675 0.5441778 -0.46818832
333 0.80997705 0.24152157
646 0.5734387 -0.37783387
644 0.47652557 -0.6168287
659 0.4757035 -0.63137764
367 0.80921996 0.23310257
588 0.9496308 0.5592497
667 0.5143937 -0.5409658
308 0.822698 0.2741055
1418 0.59964234 -0.32650325
582 1.013847 0.7480959
1421 0.44336239 -0.7308201
439 0.94133085 0.5529707
642 0.54906195 -0.43791905
365 0.8367914 0.32886806
1419 0.4541884 -0.70512575
589 0.9759485 0.6445481
375 0.8783377 0.4141403
592 0.9794853 0.65673697
1422 0.41955006 -0.78523314
436 0.8716533 0.40164906
643 0.52546173 -0.48138234
666 0.516909 -0.54408956
307 0.7603771 0.11455964
301 1.0049149 0.71338475
299 0.97092336 0.6199284
1424 0.43924668 -0.7358727
1423 0.47806305 -0.63411766
676 0.4516314 -0.6833002
337 0.827811 0.27710125
300 0.924468 0.513782
336 0.80410975 0.24962954
309 0.7774975 0.14841218
332 0.80416685 0.20680232
674 0.5453544 -0.4562043
662 0.5557925 -0.42318442
660 0.45044693 -0.721055
328 0.94265455 0.5670451
371 0.7714231 0.14282069
645 0.47818774 -0.66073596
298 0.91570324 0.510427
574 0.85399234 0.34694865
374 0.73906916 0.08777052
