1 -1.0481412410736084 -0.22991369664669037
2 0.8363313674926758 0.18013952672481537
3 0.8368152379989624 0.18018487095832825
4 0.8363320827484131 0.180185928940773
5 0.8363320827484131 0.18018598854541779
6 0.836340606212616 0.1801864206790924
7 0.8363314270973206 0.18013949692249298
8 0.8367753028869629 0.18018491566181183
9 0.8363407254219055 0.18018533289432526
10 0.8363320827484131 0.1801859438419342
11 0.8363524079322815 0.1801854521036148
12 0.836340606212616 0.18018531799316406
13 0.8363320231437683 0.18018493056297302
14 0.8363313674926758 0.1801394671201706
15 0.8363407850265503 0.18018534779548645
16 0.8367694616317749 0.18018405139446259
17 0.8363313674926758 0.1801394373178482
18 0.8368152976036072 0.18018494546413422
19 0.8368332386016846 0.18018393218517303
20 0.8363320827484131 0.1801859438419342
21 0.8368155360221863 0.18018494546413422
22 0.8369431495666504 0.18018457293510437
23 0.8363085389137268 0.18018653988838196
24 0.8368331789970398 0.18018393218517303
25 0.8368154168128967 0.18018490076065063
26 0.8363320231437683 0.18018494546413422
27 0.8368149995803833 0.1801849603652954
28 0.8363407850265503 0.1803898960351944
29 0.8363313674926758 0.18013952672481537
30 0.8363750576972961 0.18018561601638794
31 0.8369433879852295 0.18018455803394318
32 0.8363314270973206 0.18013949692249298
33 0.8363316655158997 0.18018604815006256
34 0.8363314867019653 0.18013949692249298
35 0.836627185344696 0.18053868412971497
36 0.836331307888031 0.18013949692249298
37 0.8363320827484131 0.1801859587430954
38 0.8368332386016846 0.18018394708633423
39 0.8363406658172607 0.18018533289432526
40 0.8363320231437683 0.18018494546413422
41 0.8364355564117432 0.18018527328968048
42 0.8368710875511169 0.18018271028995514
43 0.8369432091712952 0.18018457293510437
44 0.8380888104438782 0.18019364774227142
45 0.8363409042358398 0.18018536269664764
46 0.8363320827484131 0.1801849603652954
47 0.8363406658172607 0.18018530309200287
48 0.8368332386016846 0.18018394708633423
49 0.8368152976036072 0.18018490076065063
50 0.8363524079322815 0.1801854521036148
51 0.8280152678489685 0.18006236851215363
52 0.8368152976036072 0.18018494546413422
53 0.836340606212616 0.18018534779548645
54 0.836331307888031 0.18013949692249298
55 0.836769163608551 0.1801840364933014
56 0.8368152976036072 0.18018490076065063
57 0.8368152976036072 0.18018490076065063
58 0.8363320827484131 0.18018598854541779
59 0.8363320827484131 0.1801849603652954
60 0.8364818096160889 0.1798882633447647
61 0.8368151187896729 0.18018494546413422
62 0.8364453911781311 0.18018634617328644
63 0.8363320827484131 0.1801859587430954
64 0.836943507194519 0.18018455803394318
65 0.8363314270973206 0.1801394671201706
66 0.8363524079322815 0.1801854521036148
67 0.8364453911781311 0.18018636107444763
68 0.8368152976036072 0.18018490076065063
69 0.8368149995803833 0.1801849603652954
70 0.8363320231437683 0.18018598854541779
71 0.8363314270973206 0.1801394671201706
72 0.8368710875511169 0.18018271028995514
73 0.8363314270973206 0.18013949692249298
74 0.8363408446311951 0.18018530309200287
75 0.8363313674926758 0.18013952672481537
76 0.8363320827484131 0.1801859587430954
77 0.8363406658172607 0.18018533289432526
78 0.8363407254219055 0.18018533289432526
79 0.8368151783943176 0.18018493056297302
80 0.8368331789970398 0.18018393218517303
81 0.8363407850265503 0.1803898960351944
82 0.8363319635391235 0.18018554151058197
83 0.8368148803710938 0.1801849603652954
84 0.8363313674926758 0.1801394522190094
85 0.8367647528648376 0.18018510937690735
86 0.8363408446311951 0.18018530309200287
87 0.8367693424224854 0.1801840364933014
88 0.8363317847251892 0.18018491566181183
89 0.8368154168128967 0.18018490076065063
90 0.8366270065307617 0.18053874373435974
91 2.5268466472625732 -0.2756096422672272
92 0.10934695601463318 -0.44168275594711304
93 0.05459994822740555 -0.2928310036659241
94 0.7133515477180481 -1.5277420282363892
95 1.5129603147506714 1.0725836753845215
96 0.16575486958026886 0.2572455406188965
97 -0.6668701767921448 -0.4233492910861969
98 -0.7341647744178772 -0.29151973128318787
99 0.8803410530090332 1.8937839269638062
100 1.2455072402954102 1.1640119552612305
101 1.8404147624969482 -0.763363242149353
102 -0.11864937096834183 -1.1253727674484253
103 -0.4791475832462311 -0.7732915878295898
104 0.3800399601459503 -0.503985583782196
105 -0.9435181617736816 0.4916849732398987
106 1.4599313735961914 0.08058620989322662
107 1.2831631898880005 0.5112797617912292
108 2.118992567062378 0.3207961320877075
109 0.7888530492782593 -0.31902629137039185
110 1.0608566999435425 -1.5703097581863403
111 -0.3910374641418457 -0.965105414390564
112 2.031226634979248 0.42317312955856323
113 0.4027343988418579 -0.16687846183776855
114 0.9682303071022034 -0.921247661113739
115 0.9498289227485657 -0.34770962595939636
116 0.5820689797401428 0.6463942527770996
117 2.5849826335906982 0.04360435903072357
118 0.3166683316230774 -0.5071780681610107
119 0.18755464255809784 -1.4098522663116455
120 0.2790217101573944 -1.4179974794387817
121 -0.5009332895278931 -0.7107144594192505
122 0.4146309494972229 0.6573406457901001
123 1.9233263731002808 -0.26289939880371094
124 0.8608165383338928 1.8839826583862305
125 0.8608176112174988 1.8839861154556274
126 0.7354551553726196 -0.8237552046775818
127 1.5547103881835938 0.6230863332748413
128 1.9606341123580933 0.5545702576637268
129 -0.9085367321968079 0.7334897518157959
130 1.1336756944656372 -0.32139018177986145
131 0.7472096681594849 -0.30152735114097595
132 1.6221460103988647 1.791835904121399
133 1.1707377433776855 -0.2281510829925537
134 0.29901498556137085 0.502358615398407
135 1.7193794250488281 0.17504242062568665
136 1.379753828048706 -0.8796319365501404
137 -0.7624531984329224 -0.4104021191596985
138 -0.33368492126464844 0.28702759742736816
139 1.362979531288147 -0.09052300453186035
140 0.9486247897148132 -0.34667450189590454
141 0.6945616602897644 -1.5458135604858398
142 1.1028378009796143 0.6441071033477783
143 -0.795864999294281 -0.33434295654296875
144 -0.043221380561590195 -0.2394561916589737
145 0.2929967939853668 0.029216941446065903
146 0.378616601228714 1.859871506690979
147 0.5999062657356262 -0.24929507076740265
148 0.4173949956893921 -0.4697836637496948
149 -0.9560878872871399 0.45763498544692993
150 1.2757110595703125 1.1400576829910278
151 1.2530564069747925 -0.21976232528686523
152 0.37994733452796936 0.0016844100318849087
153 -0.22285480797290802 0.035980697721242905
154 0.31811192631721497 1.4905927181243896
155 1.6156970262527466 1.1651511192321777
186 1.986229658126831 -1.1809463500976562
187 -0.4848177433013916 1.4048185348510742
188 2.2382261753082275 1.2008717060089111
189 -0.08083933591842651 -1.1591200828552246
190 0.6175055503845215 -0.7593779563903809
191 0.0319194421172142 -0.6058968305587769
192 0.48116162419319153 0.42210298776626587
193 1.4459056854248047 0.054799363017082214
194 2.4561173915863037 1.0013200044631958
195 1.7653359174728394 0.8343415856361389
196 0.8691774010658264 -0.3225548565387726
197 0.848745584487915 0.7625638246536255
198 0.19036614894866943 -1.3951704502105713
199 0.6767711639404297 0.5902346968650818
200 -0.7873952984809875 0.972501277923584
201 2.3453526496887207 0.8196142315864563
202 0.18905428051948547 -1.4087754487991333
203 0.37862086296081543 1.8598679304122925
204 1.1108757257461548 1.17136549949646
205 0.6023876667022705 1.0223355293273926
206 -0.12682673335075378 1.5664608478546143
207 0.1874861717224121 -1.4100852012634277
208 0.32379183173179626 0.5418035984039307
209 0.8083553314208984 0.8298057317733765
210 2.259442090988159 -0.8675118088722229
211 2.483096122741699 -0.4897628128528595
212 0.5740932822227478 -0.21077223122119904
213 1.334579348564148 0.4685112237930298
214 -0.6533561944961548 0.31549280881881714
215 0.836769163608551 0.1801840364933014
216 1.8782836198806763 1.659889817237854
217 0.16719500720500946 0.24184760451316833
218 1.9174885749816895 0.5925832986831665
219 2.112959146499634 0.10092779248952866
220 -0.5713133811950684 0.9228252172470093
221 -0.2646960914134979 0.0608706995844841
222 1.2368364334106445 -1.0686873197555542
223 0.021424058824777603 -1.3125813007354736
224 0.757804811000824 0.39493218064308167
225 2.119164228439331 0.11536725610494614
226 1.2486348152160645 1.1885985136032104
227 1.6298617124557495 -0.5796518921852112
228 -0.11642172187566757 -1.1042944192886353
229 -0.7716742157936096 0.96788090467453
230 1.4237878322601318 0.00621752580627799
231 0.3449198305606842 -1.0240516662597656
232 2.238213539123535 1.2008819580078125
233 2.0008187294006348 -1.1492184400558472
234 2.2884089946746826 1.242594599723816
235 0.348441481590271 -1.0184096097946167
236 -0.007215147837996483 -0.2530452013015747
237 -0.8026154637336731 0.4143044650554657
238 0.9215390086174011 1.7915456295013428
239 -0.22450052201747894 0.010352720506489277
240 0.21928930282592773 0.7557772397994995
241 0.255307674407959 0.22734865546226501
242 1.5881767272949219 -1.3877503871917725
243 -0.9069492220878601 0.21369048953056335
244 1.2856532335281372 0.5075257420539856
245 -0.3932293951511383 0.39838001132011414
246 1.2414941787719727 -0.8709826469421387
247 1.4046313762664795 -0.0066037867218256
248 0.49872666597366333 -1.5276880264282227
249 2.44437575340271 -0.6359745860099792
250 -0.47591066360473633 -0.8441023230552673
251 1.1190592050552368 -0.9680331349372864
252 0.5633933544158936 -0.20909073948860168
253 1.081266164779663 0.6533715724945068
254 0.8898226022720337 0.6699346899986267
255 0.07446393370628357 1.8266174793243408
256 -0.8403899669647217 -0.1981329768896103
257 2.063140869140625 0.4769570231437683
258 -0.00011027324944734573 1.5658583641052246
259 1.1111598014831543 -0.9645416736602783
260 1.4400880336761475 0.057775575667619705
261 1.3656785488128662 -0.06055966764688492
262 0.3047772943973541 0.4655425250530243
263 1.0740759372711182 -0.9266442060470581
264 2.0387051105499268 -0.19378378987312317
265 0.3511691093444824 0.19111531972885132
266 0.6100420355796814 0.8977323770523071
267 0.395499587059021 0.20598793029785156
268 0.3794725835323334 0.0688663050532341
269 2.5853476524353027 0.042530205100774765
270 0.6471828818321228 1.0434845685958862
271 0.902008593082428 -0.3446892201900482
272 0.8605203628540039 1.870147466659546
273 1.2756712436676025 -1.5544716119766235
274 1.887005090713501 1.6224093437194824
275 0.20230744779109955 0.0903649777173996
276 1.59469735622406 -0.8258656859397888
277 1.5097323656082153 1.8010543584823608
278 -0.3523060381412506 0.2710937559604645
279 2.6189212799072266 0.478672057390213
280 2.3183705806732178 1.198734998703003
281 1.1615922451019287 0.5934329628944397
282 1.551963210105896 1.7753366231918335
283 0.4213089942932129 0.45662742853164673
284 1.9238016605377197 -0.286104679107666
285 1.6957513093948364 0.15096591413021088
286 -0.5311874747276306 -0.7262675762176514
287 2.274077892303467 0.8554264903068542
288 -0.5345220565795898 -0.6164615750312805
289 0.08272568136453629 -0.4146873354911804
290 1.653706431388855 0.5568777918815613
291 -0.1777474731206894 -0.13844361901283264
292 1.6990234851837158 0.12591902911663055
293 0.6291499733924866 -0.9038174748420715
294 1.9770307540893555 -1.1802130937576294
295 0.9679084420204163 0.5599474906921387
296 0.6190084218978882 1.2882477045059204
297 -0.15990644693374634 -0.2117345780134201
298 1.1505130529403687 1.189626693725586
299 1.2492929697036743 -1.5481963157653809
300 1.1358001232147217 0.464742511510849
301 0.3965112864971161 1.8972660303115845
302 2.2278716564178467 1.0618126392364502
303 1.6740143299102783 -0.5985590219497681
304 1.1212035417556763 0.6440290808677673
305 0.662053644657135 -0.3005180060863495
306 1.6215240955352783 1.1005884408950806
307 2.4937751293182373 -0.4749455749988556
308 -0.2310676872730255 0.8677713871002197
309 0.5158734321594238 1.342202067375183
310 1.1062910556793213 1.8978087902069092
311 1.695521354675293 1.202542781829834
312 1.6282507181167603 1.1583526134490967
313 0.16019530594348907 -1.274835467338562
314 -0.3958611488342285 -0.9722782969474792
315 0.383716881275177 -0.05617907643318176
316 1.0809296369552612 -0.30795180797576904
317 0.3091025650501251 0.5417672395706177
318 0.2860577702522278 0.6933406591415405
319 0.8084901571273804 0.7949533462524414
320 1.347639560699463 0.4605914056301117
321 -0.9052025675773621 0.24847939610481262
322 1.2720482349395752 0.6167604923248291
323 -0.31148380041122437 1.51947820186615
324 1.9122949838638306 0.5640761256217957
325 -0.32884305715560913 1.2523211240768433
326 0.60763019323349 1.0158213376998901
327 1.2384097576141357 0.5802015662193298
328 2.350308895111084 1.1556639671325684
329 0.7019892334938049 -0.8164634704589844
330 1.199880599975586 -0.24822936952114105
331 1.2197962999343872 -1.5592483282089233
332 1.5794011354446411 0.16521167755126953
333 1.1180983781814575 -0.9580965042114258
334 0.172486811876297 1.8513636589050293
335 0.9192646741867065 1.784838318824768
336 0.5017600655555725 1.8363125324249268
337 -0.7275951504707336 0.9766894578933716
338 -0.8918853402137756 0.6838464140892029
339 1.6988312005996704 -0.7345348000526428
340 0.1938759982585907 0.7621374130249023
341 -0.7467421293258667 -0.30180004239082336
342 0.33425256609916687 0.18299011886119843
343 -0.08502838760614395 -1.153138279914856
344 -0.36231741309165955 0.6681797504425049
345 1.2739887237548828 -0.12431873381137848
346 1.2440760135650635 -0.23274146020412445
347 1.5333524942398071 1.7601344585418701
348 1.877737045288086 0.6267827153205872
349 -0.011052243411540985 1.5209120512008667
350 0.8971266746520996 0.536861777305603
351 -0.6736587882041931 0.7813541293144226
352 0.6985917687416077 -0.8183128833770752
353 0.6266525387763977 0.6206560134887695
354 1.9128705263137817 -0.27689477801322937
355 0.9470165371894836 -0.3557656705379486
356 0.5706371068954468 -0.21077339351177216
357 1.232077956199646 -1.5521408319473267
358 1.5579240322113037 -0.7986237406730652
359 0.22355321049690247 0.13597658276557922
360 1.258448600769043 -0.17161419987678528
361 0.5408556461334229 0.7891414165496826
362 -0.8052505254745483 0.9487597942352295
363 1.3470903635025024 0.4879240393638611
364 1.4589014053344727 0.10699179768562317
365 2.1466617584228516 -0.9813189506530762
366 2.2131705284118652 0.4108341932296753
367 0.10534779727458954 -0.40356525778770447
368 1.6859933137893677 -0.6016578674316406
369 1.1117759943008423 -0.3093709349632263
370 -0.30440279841423035 -1.0632065534591675
371 0.5213640928268433 0.49475789070129395
372 1.9822702407836914 -1.1702616214752197
373 -0.36087337136268616 0.3508738577365875
374 0.3944299519062042 0.2085835337638855
375 1.6331220865249634 1.1386985778808594
376 1.320648193359375 0.5033642053604126
377 1.9811065196990967 0.5273650884628296
378 1.4283380508422852 0.048618413507938385
379 0.39252060651779175 0.2002895623445511
380 -0.14295963943004608 0.8310649991035461
381 0.5932217836380005 0.6399847269058228
382 1.4200031757354736 0.2021670937538147
383 0.6197510957717896 -0.2158483862876892
384 0.4642435312271118 -0.3278934061527252
385 -0.6882870197296143 -0.3569638133049011
386 1.2955355644226074 0.4526745080947876
387 0.7997980713844299 1.8003772497177124
388 0.4935232996940613 -0.6598125100135803
389 1.2256405353546143 -0.22328326106071472
390 0.8872147798538208 -0.3369155526161194
391 -0.6266818046569824 -0.4863418936729431
392 2.163313150405884 0.4398438036441803
393 1.3943389654159546 -0.8334166407585144
394 0.17384670674800873 0.26325783133506775
395 1.2045201063156128 1.1928054094314575
396 1.205912709236145 0.6294276118278503
397 1.962780475616455 0.5613285899162292
398 1.6235488653182983 1.128214955329895
399 0.9326421618461609 -1.594233751296997
400 0.19041214883327484 0.763996958732605
401 2.5853357315063477 0.04248296469449997
402 1.3683793544769287 0.5947760939598083
403 1.5465309619903564 1.787742018699646
404 0.8368331789970398 0.18018393218517303
405 1.317864179611206 1.8734705448150635
406 -0.2510097026824951 0.04303654283285141
407 2.3459391593933105 1.161693811416626
408 0.6985451579093933 -0.8183279037475586
409 -0.2725931704044342 0.8544424772262573
410 -0.64529949426651 -0.4940089285373688
411 2.5262131690979004 -0.3191296458244324
412 1.4154044389724731 0.6012969613075256
413 0.6068689823150635 -0.68918776512146
414 2.407099962234497 -0.10411983728408813
415 0.8139294981956482 0.608989953994751
416 -0.22428299486637115 1.639398455619812
417 0.6460953950881958 -0.952245831489563
418 -0.9192844033241272 0.19478505849838257
419 0.18791253864765167 -1.3932241201400757
420 0.03250619024038315 0.7602561712265015
421 1.6988575458526611 -0.7345211505889893
422 1.2311128377914429 0.4552662968635559
423 1.7263803482055664 0.16295738518238068
424 1.4213025569915771 0.06684176623821259
425 0.730586588382721 -1.5360673666000366
426 0.5877973437309265 1.8423691987991333
427 2.5212156772613525 -0.27032536268234253
428 -0.48631712794303894 1.0718942880630493
429 0.35080069303512573 -0.16404879093170166
430 2.5876216888427734 0.03498540818691254
431 -0.6299080848693848 1.3418217897415161
432 0.21393945813179016 0.747117280960083
433 1.8874539136886597 1.621968388557434
434 1.7033324241638184 0.15574036538600922
435 -0.3251070976257324 -1.06358003616333
436 1.9980237483978271 1.4828087091445923
437 1.1376197338104248 -0.31800541281700134
438 2.311567783355713 1.2101576328277588
439 1.114770531654358 0.6471768617630005
440 0.029127102345228195 0.32812196016311646
441 0.9210819602012634 0.5041724443435669
442 0.6185343265533447 0.9748132824897766
443 1.8874541521072388 1.6219650506973267
444 0.06310775876045227 0.31239452958106995
445 2.547440767288208 0.18831680715084076
446 1.6680256128311157 0.9704733490943909
447 1.3166391849517822 -1.5580329895019531
448 2.297733783721924 -0.8232491612434387
449 0.45375683903694153 -0.5257614254951477
450 0.38881197571754456 -0.03721960633993149
451 1.2074081897735596 -0.16975313425064087
452 -0.6024495959281921 0.38660427927970886
453 0.6023890376091003 1.0223357677459717
454 1.9132888317108154 -0.2752661108970642
455 1.4093044996261597 -0.28753918409347534
456 0.3533264696598053 -0.4847632944583893
457 1.2643957138061523 -1.5492148399353027
458 1.8765285015106201 0.6298332810401917
459 1.729516625404358 -1.403899073600769
460 0.8129198551177979 1.289237141609192
461 0.7192397713661194 1.864259958267212
462 1.0236310958862305 -0.948406457901001
463 1.2311100959777832 0.6692116856575012
464 -0.5416514873504639 1.3773093223571777
465 -0.9160558581352234 0.24046798050403595
466 0.17106251418590546 1.2529758214950562
467 -0.18870995938777924 -0.9222824573516846
468 1.9743435382843018 -1.1648632287979126
469 0.30016833543777466 0.041399091482162476
470 1.5427331924438477 -1.5051164627075195
471 1.01829993724823 -0.2870127558708191
472 0.621462345123291 -1.5182627439498901
473 2.4058830738067627 1.0951037406921387
474 1.0041064023971558 -0.3447662889957428
475 -0.11844076216220856 -1.1027146577835083
476 1.3672617673873901 1.2555660009384155
477 -0.6167207360267639 1.3485767841339111
478 -0.11938929557800293 1.1324272155761719
479 0.5570003986358643 1.0006399154663086
480 0.6570267677307129 0.608281135559082
481 0.4716593027114868 0.7590402364730835
482 0.5031043887138367 0.7843749523162842
483 2.133155345916748 -0.24317601323127747
484 1.4151856899261475 0.043366145342588425
485 0.4906158447265625 1.2765451669692993
486 -0.9792059659957886 0.09664900600910187
487 0.5799111127853394 0.6367648839950562
488 -0.35696524381637573 -1.0575916767120361
489 -0.18997682631015778 1.1144002676010132
490 2.067140579223633 -1.1181329488754272
491 0.05909554660320282 1.5930203199386597
492 1.0968468189239502 0.537833034992218
493 2.45546817779541 -0.6017284989356995
494 -0.11923595517873764 -1.1021201610565186
495 2.3179399967193604 1.202864170074463
496 1.1077367067337036 0.5414199233055115
497 1.4235154390335083 0.04249484837055206
498 1.154563546180725 1.2012382745742798
499 1.2440804243087769 -0.23269762098789215
500 1.6988345384597778 -0.7345302104949951
501 1.420759677886963 0.04163125902414322
502 0.38883858919143677 0.4769049882888794
503 1.0065717697143555 1.3485839366912842
504 1.078459620475769 -0.3065210282802582
505 0.5249243974685669 1.785085916519165
506 1.1485780477523804 0.6202679872512817
507 1.1602895259857178 1.200350046157837
508 -0.12696538865566254 1.567177414894104
509 1.420905351638794 0.07957744598388672
510 1.150816798210144 1.205025553703308
511 0.16324260830879211 0.25656870007514954
512 1.7653682231903076 0.8343585133552551
513 -0.09643656015396118 -0.17430081963539124
514 0.29769423604011536 0.020671378821134567
515 0.5799210667610168 -1.4884717464447021
516 -0.9455925226211548 0.02923046052455902
517 -0.6401082873344421 -0.44216251373291016
518 -0.6902426481246948 0.8783339858055115
519 0.5866310000419617 -0.2389746606349945
520 0.2115207314491272 0.6627429127693176
521 0.8585156798362732 -0.9182791113853455
523 1.267045021057129 1.1470435857772827
524 1.070420742034912 -0.302827388048172
525 0.4950987696647644 0.38179370760917664
526 1.260799527168274 -0.8726705312728882
527 1.428532361984253 0.04411480575799942
528 -0.4149540662765503 -0.9317678809165955
529 1.1473884582519531 0.6262099146842957
530 2.246570587158203 -0.8729236721992493
531 -0.005882558412849903 -1.2277954816818237
532 1.2541691064834595 0.6257274746894836
533 -0.44613102078437805 -0.8087309002876282
534 1.9655176401138306 0.9040591716766357
535 -0.6297754645347595 -0.48829585313796997
536 1.4986244440078735 0.11754336208105087
537 0.8470098972320557 -0.8760778307914734
538 0.4208942949771881 -0.11048591881990433
539 0.6175771355628967 -0.7594907879829407
540 0.9482086896896362 -0.34639325737953186
541 0.03254178911447525 -1.2984368801116943
542 1.6104388236999512 -1.490466833114624
543 0.6027567982673645 0.8834781646728516
544 -0.2586088180541992 0.9084501266479492
545 1.9472826719284058 1.5436248779296875
546 0.8207306265830994 0.6216816902160645
547 0.25820985436439514 0.682295024394989
548 0.40290653705596924 -0.4024546146392822
549 0.9329660534858704 0.6312029957771301
550 1.9435744285583496 0.3634372353553772
551 -0.17811982333660126 1.66842782497406
552 1.8936249017715454 1.6217082738876343
553 -0.06020006537437439 1.0403399467468262
554 2.606992721557617 0.617409884929657
555 0.9172787070274353 0.6100098490715027
556 0.049636948853731155 1.8097468614578247
557 -0.498052716255188 -0.6991986036300659
558 0.42393919825553894 -0.426533967256546
559 1.7768163681030273 -1.3929316997528076
560 0.3492388129234314 0.6925731301307678
561 1.6060385704040527 1.108256220817566
562 1.456660509109497 0.022846395149827003
563 -0.42113855481147766 0.2212015688419342
564 1.1388328075408936 1.2008038759231567
565 -0.16074594855308533 0.8162911534309387
566 1.4237946271896362 0.006183702498674393
567 0.37172064185142517 -0.1250891089439392
568 0.16644853353500366 -0.416016548871994
569 1.1882480382919312 0.6063678860664368
570 2.5536305904388428 0.1613801121711731
571 1.275705337524414 1.140069842338562
572 1.7643402814865112 0.7542220950126648
573 1.0623841285705566 1.9307101964950562
574 1.302312970161438 0.4637167453765869
575 1.4603984355926514 1.7634907960891724
576 -0.5136180520057678 -0.6761279106140137
577 0.4127097427845001 1.3257802724838257
578 0.742904007434845 0.9552274942398071
579 2.5983328819274902 0.5907770991325378
580 1.3979082107543945 -0.04260129854083061
581 2.619306802749634 0.4800156354904175
582 0.342570424079895 -0.4910427927970886
583 1.2406303882598877 1.181597113609314
584 1.454042673110962 1.8379848003387451
585 0.9201310873031616 1.2289988994598389
586 0.6690276861190796 1.348222017288208
587 -0.39613211154937744 -0.9742103219032288
588 0.4591466188430786 1.822648525238037
589 0.8587327599525452 -0.8997011780738831
590 2.605123996734619 0.6379450559616089
591 -0.4469892978668213 0.355862021446228
592 0.6150880455970764 0.8731120824813843
593 1.5302132368087769 -1.514646291732788
594 0.5490548610687256 1.0204752683639526
595 0.6603478789329529 1.3306152820587158
596 1.9205067157745361 1.3837400674819946
597 2.028066873550415 -1.1458107233047485
598 0.7648736238479614 1.8622846603393555
599 0.6475043296813965 -0.26202693581581116
600 -0.028460504487156868 0.36123666167259216
601 1.6014670133590698 -1.4929276704788208
602 1.9073747396469116 -0.27673086524009705
603 0.07021263986825943 1.8182896375656128
604 0.054959338158369064 1.2021443843841553
605 0.18931816518306732 -1.4105627536773682
606 1.7487173080444336 0.1781795769929886
607 0.9250431656837463 0.6681002378463745
608 -0.1535465121269226 0.7570939064025879
609 1.3150168657302856 1.874322533607483
610 1.3415378332138062 -0.8450605869293213
611 0.5708020925521851 1.8330917358398438
612 1.2736690044403076 0.4433956444263458
613 -0.534388542175293 1.4142307043075562
614 0.38178932666778564 -0.4479191303253174
615 0.36886465549468994 -0.9258663058280945
616 2.220426321029663 0.5080074667930603
617 -0.22745482623577118 0.012347778305411339
618 2.1780529022216797 0.47867125272750854
619 -0.8756832480430603 0.8414806127548218
620 0.24249880015850067 -0.03571638464927673
621 0.3527613580226898 -0.4746924042701721
622 0.9360874891281128 0.5079319477081299
623 0.7299522161483765 -1.5360586643218994
624 1.9317747354507446 -0.27804630994796753
625 1.9901186227798462 -0.2474847137928009
626 2.33986234664917 -0.7749286890029907
627 -0.814105749130249 -0.20113450288772583
628 0.39213982224464417 0.1996021717786789
629 2.6168129444122314 0.3400772511959076
630 0.9306588768959045 -0.3239176273345947
631 0.3683983385562897 -0.9163335561752319
632 1.1782002449035645 1.88583242893219
633 -0.2997189462184906 0.09319094568490982
634 -0.16548842191696167 1.4009982347488403
635 1.2426344156265259 -0.8647421598434448
636 1.69987154006958 0.9834194183349609
637 0.8725070357322693 -1.566033959388733
638 0.8893826007843018 -0.33344852924346924
639 0.6085807085037231 -0.2892707288265228
640 0.30752092599868774 0.6713253855705261
641 1.4092848300933838 1.227207064628601
642 -0.7841405272483826 -0.2387300580739975
643 0.9729568362236023 -0.3617916405200958
644 0.9819481372833252 0.6472667455673218
645 0.7033923864364624 0.6496981978416443
646 0.2876179814338684 0.14096243679523468
647 -0.3554149568080902 0.2816506028175354
648 0.32715168595314026 0.37117674946784973
649 0.3564491271972656 -0.4859394431114197
650 2.215963125228882 -0.2987843155860901
651 0.4244559705257416 0.4107600450515747
652 1.7523847818374634 0.15359260141849518
653 1.2916579246520996 0.4940013885498047
654 1.0334633588790894 1.2169877290725708
655 2.255885601043701 0.824268102645874
656 0.5714127421379089 0.43086758255958557
657 0.9360036253929138 -0.34809747338294983
658 0.055293820798397064 -0.30121517181396484
659 0.03344205766916275 0.3256632387638092
660 1.5027974843978882 1.8117715120315552
661 0.8898091316223145 0.669908344745636
662 2.3710200786590576 1.1245357990264893
663 1.158414602279663 0.6129332780838013
664 1.0729142427444458 -0.3059121370315552
665 1.2415658235549927 -0.8709602355957031
666 -0.23650570213794708 0.8392099142074585
667 1.3117529153823853 0.4641510844230652
668 1.9043042659759521 -1.271873116493225
669 2.2159600257873535 -0.2987803816795349
670 -0.9049750566482544 0.23832812905311584
671 1.6735286712646484 -0.7542787194252014
672 1.228658676147461 -1.5529505014419556
673 1.5665366649627686 -0.7814509868621826
674 2.3395164012908936 -0.7791567444801331
675 -0.3732316792011261 0.42837175726890564
676 1.4092448949813843 1.2271515130996704
677 1.9665827751159668 1.5008447170257568
678 1.9189376831054688 -0.27333953976631165
679 -0.49746042490005493 1.4081120491027832
680 1.1044741868972778 -0.3064374327659607
681 -0.4029628336429596 1.1310936212539673
682 0.15983663499355316 0.2600823938846588
683 2.585336685180664 0.042483847588300705
684 1.3475576639175415 0.47812971472740173
685 1.1415276527404785 -0.21632727980613708
686 1.653681755065918 -0.609072744846344
687 2.2556092739105225 -0.8704424500465393
688 -0.12801001965999603 -0.9546270966529846
689 1.1975961923599243 -0.24670656025409698
690 0.2405661642551422 0.7612114548683167
691 0.8173368573188782 -0.8646730184555054
692 0.5670652985572815 1.2819362878799438
693 -0.9046096801757812 0.788427472114563
694 1.45303213596344 0.06040852516889572
695 1.5044116973876953 -0.7943678498268127
696 1.6630666255950928 -0.7264166474342346
697 1.1681993007659912 -1.2103297710418701
698 1.6374449729919434 0.6200957894325256
699 0.5825555920600891 -0.20984765887260437
700 2.6256027221679688 0.4018494784832001
701 2.559551477432251 -0.09300736337900162
702 1.650217890739441 0.16981318593025208
703 0.13703356683254242 0.24054014682769775
704 0.06597000360488892 1.8075958490371704
705 0.25787994265556335 0.12604326009750366
706 1.1021767854690552 -0.22926302254199982
707 1.276934266090393 -0.14035220444202423
708 0.1591702550649643 0.26045602560043335
709 1.4171136617660522 0.04334767907857895
710 1.066042184829712 0.5365067720413208
711 2.2109103202819824 -0.8943827152252197
712 0.7016737461090088 -1.5269625186920166
713 1.426524043083191 0.06235320493578911
714 -0.3036695122718811 -1.0311505794525146
715 0.3827801048755646 -0.49214476346969604
716 0.5984821319580078 -0.24974730610847473
717 0.8779152035713196 -0.8995144963264465
718 1.243176817893982 -0.8698936700820923
719 0.6822118163108826 1.0420374870300293
720 1.1740680932998657 1.9442951679229736
721 0.6135016679763794 0.60062175989151
722 0.4035748839378357 1.323603868484497
723 -0.7310283184051514 -0.26676347851753235
724 -0.5937806367874146 -0.7025928497314453
725 0.629845380783081 -0.2583523392677307
726 -0.004602581728249788 1.339112401008606
727 1.340595006942749 0.4625600278377533
728 -0.15668585896492004 0.3760245144367218
729 0.9175946712493896 -0.3375281095504761
730 0.3770756721496582 -0.0012198155745863914
731 -0.8510301113128662 -0.15191709995269775
732 0.9306462407112122 -0.3238956332206726
733 0.6046966910362244 -0.19790467619895935
734 0.49517133831977844 -0.2543253004550934
735 1.0812667608261108 -0.9287861585617065
736 0.15900874137878418 -1.2829670906066895
737 1.1525436639785767 -0.323716938495636
738 2.567779779434204 0.15716731548309326
739 0.8220187425613403 1.8678566217422485
740 0.3911425769329071 1.8949674367904663
741 0.6123319268226624 1.0266000032424927
742 1.9436306953430176 -0.2811581492424011
743 0.2633918821811676 0.7194686532020569
744 2.6008999347686768 0.5626148581504822
745 0.17792634665966034 -0.18617713451385498
746 0.8318014740943909 -1.562146782875061
747 1.6013190746307373 1.122994065284729
748 0.26186293363571167 -0.2187124490737915
749 0.3796921968460083 -0.5275879502296448
750 0.35413551330566406 -1.3672842979431152
751 1.2805520296096802 -0.1391811966896057
752 -0.36977559328079224 1.4981803894042969
753 0.6530832052230835 -1.515465497970581
754 0.138039231300354 0.2659512162208557
755 0.29901036620140076 0.5023568272590637
756 0.6085827350616455 -0.2892744243144989
757 -0.9040635228157043 0.4131188988685608
758 1.6637001037597656 -0.731289267539978
759 0.14404146373271942 0.2689436972141266
760 0.9660301208496094 -0.3501230776309967
761 1.3485326766967773 0.45761001110076904
762 0.0988701581954956 -0.33296769857406616
763 2.0214407444000244 -0.2749340534210205
764 0.9045419096946716 1.2299857139587402
765 1.270736813545227 -0.17106212675571442
766 1.511240839958191 1.8009459972381592
767 1.1629694700241089 -0.1467357575893402
768 -0.8273354172706604 0.5515627861022949
769 -0.10279961675405502 1.02822744846344
770 0.19470933079719543 0.771416425704956
771 2.5152831077575684 -0.39361071586608887
772 0.4957164525985718 -1.5392385721206665
773 2.4534518718719482 -0.5865598320960999
774 -0.7196276187896729 -0.31047317385673523
775 2.039163827896118 0.7320913672447205
776 0.3937128186225891 0.8198968172073364
777 0.9590769410133362 0.6785560846328735
778 0.6201291680335999 0.52972412109375
779 0.005347082391381264 -0.27103862166404724
780 0.6628846526145935 -0.7692041993141174
781 0.8364939093589783 0.1801847517490387
