191 0.23437054455280304 1.0118370056152344
192 0.31615570187568665 -0.9142951369285583
193 0.3160007894039154 -0.9152437448501587
194 0.3160007894039154 -0.9152436852455139
195 0.31587111949920654 -0.9142950773239136
196 0.3158313035964966 -0.9151228070259094
197 0.31617528200149536 -0.9142230153083801
198 0.3161078095436096 -0.9145790338516235
199 0.31615573167800903 -0.9142952561378479
200 0.31592270731925964 -0.9142968654632568
201 0.3161078095436096 -0.9145790338516235
202 0.3159109055995941 -0.9140955805778503
203 0.31592094898223877 -0.9140955805778503
204 0.3159226179122925 -0.9142968058586121
205 0.3161075711250305 -0.9152385592460632
206 0.316000759601593 -0.9152435064315796
207 0.3159109055995941 -0.9140955805778503
208 0.31586983799934387 -0.9142228960990906
209 0.3160007894039154 -0.9152436852455139
210 0.3159724771976471 -0.9154537916183472
211 0.316000759601593 -0.9152435064315796
212 0.3159719407558441 -0.9154124855995178
213 0.315517395734787 -0.9143516421318054
214 0.3157672584056854 -0.9152427315711975
215 0.3161075711250305 -0.9152385592460632
216 0.31592097878456116 -0.9140955805778503
217 0.31615573167800903 -0.9142952561378479
218 0.3160007894039154 -0.9152436852455139
219 0.3159981667995453 -0.9151178598403931
220 0.31615573167800903 -0.9142952561378479
221 0.31591081619262695 -0.9140955209732056
222 0.31592097878456116 -0.9140955805778503
223 0.3161075711250305 -0.9152385592460632
224 0.315286248922348 -0.9140946269035339
225 0.3160008192062378 -0.9152435064315796
226 0.31599175930023193 -0.9149450063705444
227 0.31597578525543213 -0.9149633049964905
228 0.31615573167800903 -0.9142952561378479
229 0.3160007894039154 -0.9152436852455139
230 0.31591081619262695 -0.9140955209732056
231 0.3161075711250305 -0.9152385592460632
232 0.3160007894039154 -0.9152437448501587
233 0.3158313035964966 -0.9151229858398438
234 0.3158704936504364 -0.9142736792564392
235 0.3160007894039154 -0.9152436852455139
236 0.31591081619262695 -0.9140954613685608
237 0.315517395734787 -0.9143516421318054
238 0.3159758150577545 -0.9149634838104248
239 0.31591081619262695 -0.9140955209732056
240 0.31664636731147766 -0.9083872437477112
241 0.31528621912002563 -0.9140945672988892
242 0.3159981369972229 -0.9151180386543274
243 0.31599169969558716 -0.914945125579834
244 0.31615570187568665 -0.9142951369285583
245 0.3160008192062378 -0.9152435064315796
246 0.3158313035964966 -0.9151228070259094
247 0.3158707022666931 -0.9142594933509827
248 0.5422105193138123 -0.37906375527381897
249 0.31583139300346375 -0.914588212966919
250 0.31617528200149536 -0.9142230153083801
251 0.3161075711250305 -0.9152385592460632
252 0.3160007894039154 -0.9152436852455139
253 0.31586983799934387 -0.9142228364944458
254 0.31586965918540955 -0.9142227172851562
255 0.316000759601593 -0.9152435064315796
256 0.3161075711250305 -0.9152385592460632
257 0.3161078095436096 -0.9145790338516235
258 0.31528621912002563 -0.9140945672988892
259 0.31599175930023193 -0.9149450063705444
260 0.3158706724643707 -0.9142596125602722
261 0.3159720301628113 -0.9154124855995178
262 0.315870463848114 -0.914273738861084
263 0.3161075711250305 -0.9152385592460632
264 0.3159109055995941 -0.9140955805778503
265 0.31528621912002563 -0.9140945672988892
266 0.3161075711250305 -0.9152385592460632
267 0.315286248922348 -0.9140945672988892
268 0.31586968898773193 -0.914222776889801
269 0.31592094898223877 -0.9140955805778503
270 0.3158334493637085 -0.9151227474212646
271 0.31599172949790955 -0.9149447083473206
272 0.3158707022666931 -0.9142594933509827
273 0.3161075711250305 -0.9152385592460632
274 0.31586962938308716 -0.9142227172851562
275 0.3159981369972229 -0.9151179194450378
276 0.315286248922348 -0.9140945672988892
277 0.31583136320114136 -0.9145882725715637
278 0.3158312737941742 -0.9151229858398438
279 0.3159719705581665 -0.915412425994873
280 0.31580859422683716 -0.9150545597076416
281 0.727451503276825 -1.2563292980194092
282 0.4900684952735901 -0.3848699927330017
283 0.1382567286491394 -0.5326140522956848
284 0.5028479099273682 -1.4436534643173218
285 0.2429756075143814 -1.785974144935608
286 0.672182559967041 -1.1324536800384521
287 1.057182788848877 -1.8088109493255615
288 1.6383675336837769 -2.006140947341919
289 0.5923399329185486 0.7790493369102478
290 -0.1857629269361496 0.7613825798034668
291 -1.2563860416412354 -1.7762863636016846
292 -0.8768584728240967 -1.0610461235046387
293 -0.4364338517189026 -0.901886522769928
294 0.3837268352508545 -0.4646250307559967
295 1.2692266702651978 0.06304449588060379
296 -0.08381478488445282 -0.025451820343732834
297 -1.113964557647705 -1.2452752590179443
298 0.8913963437080383 -0.6229977607727051
299 0.25116315484046936 -1.781548261642456
300 1.1055009365081787 0.6947615742683411
301 0.13371694087982178 0.02029666118323803
302 -0.2222142070531845 -1.2514231204986572
303 1.2509329319000244 -2.402860403060913
304 0.24825792014598846 -1.7841769456863403
305 -0.42104312777519226 -0.11784084886312485
306 -0.22846834361553192 -1.3083305358886719
307 0.31555142998695374 -0.915345311164856
308 0.21805374324321747 -0.5037027597427368
309 0.6451082229614258 -2.1009342670440674
310 1.9245593547821045 -1.649781584739685
311 0.9825419187545776 0.1843487024307251
312 0.1712297946214676 -0.5265756845474243
313 -1.2946332693099976 -0.3451216518878937
314 0.8473072052001953 -0.6940214037895203
315 0.6943798661231995 -1.1578400135040283
316 -0.17669878900051117 -0.8733586072921753
317 0.12210102379322052 -0.46071842312812805
318 1.462188720703125 -0.5276672840118408
319 0.1841786801815033 -2.6300816535949707
320 0.9679591655731201 0.25218841433525085
321 -0.10676280409097672 -2.6572790145874023
322 1.1950167417526245 -1.5313878059387207
323 0.26852768659591675 -0.5530073046684265
324 0.585559606552124 -2.68634295463562
325 0.2631339430809021 -0.4927583932876587
326 0.6923201084136963 -1.1697274446487427
327 0.4515158236026764 -1.483328104019165
328 1.1584945917129517 -1.5688775777816772
329 -0.2790636718273163 -2.0019187927246094
330 1.7655315399169922 0.07795120030641556
331 1.022556185722351 -0.3099522888660431
332 -0.04976404458284378 -0.01774493046104908
333 -0.15847522020339966 -0.07777419686317444
334 0.9595204591751099 -0.35688158869743347
335 0.7826828956604004 -1.016713261604309
336 1.6348506212234497 -2.013343572616577
337 0.8029247522354126 -0.9934784770011902
338 0.2119647115468979 -0.4936561584472656
339 0.1369774490594864 0.022085990756750107
340 0.1692100167274475 -1.5286678075790405
341 0.49223339557647705 -0.3843136131763458
342 0.7991809844970703 -0.5585364103317261
343 0.958276629447937 -0.9559495449066162
344 -0.8933741450309753 0.03164708614349365
345 1.4892843961715698 -0.581558346748352
346 -0.25856903195381165 -2.6150903701782227
347 1.4740735292434692 -0.570077657699585
348 0.20549547672271729 0.05925019085407257
349 0.2165008783340454 0.04711909592151642
350 0.5580275058746338 -0.3666043281555176
351 -1.4607247114181519 -1.1855509281158447
352 1.4869105815887451 -0.5854319930076599
353 0.8244312405586243 -0.5142340064048767
354 1.4769537448883057 -0.5646384358406067
355 0.22653666138648987 -1.5633792877197266
356 0.39684778451919556 -1.3451030254364014
357 -0.229970321059227 -1.1260100603103638
358 0.29750746488571167 -0.511330246925354
359 -1.4474929571151733 -0.8319222927093506
360 1.5236035585403442 0.4201320707798004
361 0.6777119040489197 -2.66489315032959
362 0.3001560866832733 -1.5314521789550781
363 0.5113850235939026 -1.465004563331604
364 0.44606253504753113 -2.66475248336792
365 -1.0815794467926025 -2.027324914932251
366 1.8377617597579956 -1.7800989151000977
367 2.0113961696624756 -0.8409973382949829
368 -1.3039913177490234 -0.3329867720603943
369 1.243180751800537 -1.4747973680496216
370 1.680057406425476 -1.9361884593963623
371 1.4621907472610474 -0.5276859402656555
372 1.589672327041626 -2.079557180404663
373 0.11136068403720856 0.7840322256088257
374 0.8002681136131287 -0.5400920510292053
375 -1.0350244045257568 0.20081603527069092
376 0.6130562424659729 0.237528458237648
377 0.704051673412323 -2.667721748352051
378 -0.8513480424880981 -2.215195894241333
379 -0.2961323857307434 -0.48084813356399536
380 0.1997540295124054 -2.619248151779175
381 -0.3160739541053772 -1.9485563039779663
382 -0.2370137870311737 -2.073970317840576
383 1.6520615816116333 0.29115134477615356
384 0.13664527237415314 0.023632077500224113
385 0.031099610030651093 0.5153619050979614
386 0.14725999534130096 -0.7677830457687378
387 0.910883367061615 -2.598822593688965
388 1.0302307605743408 0.7073187828063965
389 -0.8039650321006775 -0.07958173751831055
390 0.7208930850028992 -1.27961003780365
391 0.003988156095147133 0.6850208044052124
392 -1.21696937084198 -1.8863104581832886
393 -1.4488763809204102 -0.7987256646156311
394 0.21806782484054565 -1.5604156255722046
395 -0.1263929009437561 -0.3954036831855774
396 0.3938616216182709 -1.3095859289169312
397 0.30944299697875977 -0.4994249641895294
398 1.4870619773864746 -0.5781753063201904
399 0.3299694359302521 -1.6277004480361938
400 -0.30690300464630127 -0.47059136629104614
401 -0.7887287735939026 -0.8271304965019226
402 -0.6365480422973633 -0.60953289270401
403 -0.14405131340026855 -2.026728630065918
404 -0.004623878747224808 -1.3214820623397827
405 -1.4317973852157593 -0.6889351606369019
406 2.0199673175811768 -1.3720420598983765
407 -0.9975664019584656 -1.1920661926269531
408 1.0503365993499756 -0.7102000713348389
409 -1.0951159000396729 0.09469576925039291
410 0.7894772291183472 -1.0070618391036987
411 1.190098762512207 -1.520911455154419
412 2.0121216773986816 -0.839378833770752
413 -0.18853117525577545 -2.1565780639648438
414 0.4996475279331207 -1.1178580522537231
415 -0.2269013375043869 -1.2864936590194702
416 0.7981916069984436 -1.0040903091430664
417 0.6894397735595703 0.15243969857692719
418 1.2924364805221558 0.6016358137130737
419 0.6102107167243958 -2.1710891723632812
420 -0.05356808379292488 -2.662529230117798
421 0.30183592438697815 -0.5072899460792542
422 0.4124625623226166 0.8164494037628174
423 1.4358469247817993 -0.42760947346687317
424 -0.4020918607711792 -0.953552782535553
425 -0.1722513735294342 -1.2001745700836182
426 -1.2878000736236572 -0.29207560420036316
427 -0.8932994604110718 -2.1446495056152344
428 0.3159716725349426 -0.9152366518974304
429 -0.23859651386737823 -1.2218981981277466
430 1.0965321063995361 0.7035491466522217
431 -1.09421968460083 -0.20460456609725952
432 -0.8757839798927307 0.40572476387023926
433 0.17025350034236908 -0.893704891204834
434 -0.2075500786304474 -2.0784759521484375
435 0.9178798794746399 -1.918247103691101
436 -1.4429353475570679 -1.2191373109817505
437 1.4704833030700684 -0.5766757726669312
438 -0.3570731580257416 -0.9719391465187073
439 -0.8898622989654541 0.3817071318626404
440 0.6595368981361389 -1.5234109163284302
441 -1.0878379344940186 -2.0249838829040527
442 -0.850868284702301 -0.8312578201293945
443 0.13831603527069092 -0.5107429027557373
444 -0.24341729283332825 -1.2101821899414062
445 2.012698173522949 -1.4580246210098267
446 -0.07890206575393677 -1.693253517150879
447 1.7962794303894043 -1.876940131187439
448 -0.3477969467639923 -1.0178122520446777
449 1.1978235244750977 -1.5347198247909546
450 1.4563792943954468 0.478015661239624
451 -0.4263475835323334 -0.8889317512512207
452 0.6137292981147766 -2.480041027069092
453 0.10343828052282333 -0.8432231545448303
454 -0.7343789339065552 -1.5551981925964355
455 -1.3327404260635376 -0.529181957244873
456 0.4813216030597687 -2.2379281520843506
457 0.2690495252609253 -0.934360921382904
458 -0.3745853900909424 -0.09226562082767487
459 -0.21989288926124573 -1.2351913452148438
460 1.194840908050537 -1.5312097072601318
461 -1.3619452714920044 -0.6278542876243591
462 0.6378956437110901 0.16245487332344055
463 0.7967902421951294 -0.9999659061431885
464 -0.5916439294815063 -2.3723959922790527
465 2.045053482055664 -0.5011419653892517
466 1.9265923500061035 -1.468063473701477
467 -0.5114725828170776 0.5201283693313599
468 -0.8649821281433105 -0.9709879755973816
469 2.057446002960205 -1.0215436220169067
470 -0.22053617238998413 -1.251306414604187
471 0.09307201951742172 -0.832939863204956
472 0.13236993551254272 -0.870134711265564
473 0.449584037065506 -1.2849079370498657
474 -0.3204030692577362 -1.9644330739974976
475 0.6724677085876465 -1.132527232170105
476 1.4875870943069458 -0.5751016139984131
477 0.12344211339950562 0.02275758422911167
478 -1.2763524055480957 -0.2904740869998932
479 -0.19934983551502228 -0.27817749977111816
480 1.538823127746582 -2.170804738998413
481 0.5346346497535706 -0.36747506260871887
482 0.8131110668182373 -0.9824629426002502
483 1.502183198928833 -0.48793962597846985
484 1.4854044914245605 -0.5723647475242615
485 1.0459425449371338 -0.7085514664649963
486 0.8146957159042358 -0.5693068504333496
487 1.8072577714920044 -0.06578794121742249
488 1.5170059204101562 0.425150990486145
489 -0.9416047930717468 -2.1054742336273193
490 -0.49613186717033386 0.47727125883102417
491 0.3901413083076477 0.8127180337905884
492 1.4159903526306152 -1.206410527229309
493 -0.23921306431293488 -1.4143767356872559
494 0.9197242856025696 0.7370398640632629
495 0.6790903210639954 -1.523894190788269
496 -0.8609583377838135 -2.207735061645508
497 1.4737375974655151 0.02671186253428459
498 -0.4858962893486023 -0.22003260254859924
499 -0.8594199419021606 -0.9705448746681213
500 -0.5142617225646973 -2.4765195846557617
501 -0.16691680252552032 -1.2235004901885986
502 0.11648820340633392 -1.7688968181610107
503 2.0390195846557617 -0.43132349848747253
504 -0.48791491985321045 0.3567845821380615
505 -0.06302725523710251 0.568588137626648
506 1.1742366552352905 -0.1827010214328766
507 0.5407568216323853 -0.38299742341041565
508 -1.2814509868621826 -0.22987225651741028
509 1.4115995168685913 -1.2092069387435913
510 0.4542877972126007 -1.2807087898254395
511 0.1259884387254715 -1.8492451906204224
512 0.1666872799396515 0.03010953776538372
513 0.1913660615682602 -0.4853864908218384
514 1.2705525159835815 -2.391543388366699
515 0.16998927295207977 -2.6553730964660645
516 0.2642333209514618 -1.617500901222229
517 -1.3254351615905762 -1.7211544513702393
518 0.17015193402767181 -2.6526293754577637
519 -0.8838738203048706 0.3868187665939331
520 0.5705172419548035 -0.3754308223724365
521 -0.8614107370376587 -0.9577864408493042
522 1.2054815292358398 -2.43399977684021
523 -0.21015609800815582 -0.27843812108039856
524 -1.4526042938232422 -0.7936972975730896
525 0.4827331304550171 0.7981887459754944
526 -0.6207460165023804 -0.6334023475646973
527 1.9720884561538696 -1.5528420209884644
528 -0.3526073694229126 -0.14145579934120178
529 -0.5018007159233093 -0.8128405809402466
530 1.1897926330566406 -1.526258945465088
531 2.025848150253296 -0.844537079334259
532 2.0157694816589355 -0.834098756313324
533 -0.5020415782928467 0.4726884663105011
534 0.35227546095848083 0.12580996751785278
535 0.3652874529361725 -1.5609372854232788
536 -0.8601548671722412 -0.9698115587234497
537 -1.4428735971450806 -1.3182426691055298
538 -0.39661547541618347 -1.9249019622802734
539 1.0130795240402222 -2.5382654666900635
540 0.305244117975235 -0.512397289276123
541 0.2541203200817108 -1.0178786516189575
542 1.074121117591858 -2.5060763359069824
543 -0.3490036129951477 0.7471565008163452
544 0.7404533624649048 -1.3220086097717285
545 0.6971852779388428 0.21059617400169373
546 -0.8392908573150635 -0.872141420841217
547 -0.6179727911949158 -2.3609890937805176
548 -0.8481701612472534 -1.4655647277832031
549 1.4749360084533691 -0.5757085680961609
550 -0.3155636489391327 -1.9495084285736084
551 0.2542644143104553 -0.48962652683258057
552 -0.22690536081790924 -1.2808505296707153
553 1.7718340158462524 0.07110244035720825
554 0.6926030516624451 -1.1754082441329956
555 0.9066665172576904 -0.9148241877555847
556 0.4701453745365143 -2.245166301727295
557 0.128025084733963 -0.7535650134086609
558 0.3424007296562195 -0.490544855594635
559 0.8237115740776062 -0.5534380078315735
560 0.5212693214416504 -0.38027670979499817
561 -0.7263145446777344 -1.5049391984939575
562 0.3416301906108856 -1.506901502609253
563 1.704277753829956 0.18543902039527893
564 -0.1771504282951355 -0.878387451171875
565 0.21483725309371948 -1.7843862771987915
566 0.7493001818656921 -2.027360439300537
567 0.8599764704704285 -0.5854281783103943
568 -0.7667849063873291 0.5115641951560974
569 1.0693105459213257 -1.746177077293396
570 1.680255651473999 -1.952472448348999
571 0.34459811449050903 -1.6817963123321533
572 1.6792020797729492 -1.9585180282592773
573 0.5762877464294434 0.7846775650978088
574 -0.07633178681135178 -0.05070735514163971
575 1.7232284545898438 -1.930944561958313
576 1.86637544631958 -1.7397593259811401
577 -1.148044228553772 -1.9505739212036133
578 0.40176790952682495 0.7954967021942139
579 0.16943582892417908 -0.9719799757003784
580 -0.2918831408023834 -0.5019435286521912
581 0.25076866149902344 -0.9981163144111633
582 2.0177221298217773 -0.8391631245613098
583 -0.09853068739175797 0.7082101106643677
584 0.2997569143772125 -0.49595609307289124
585 1.2057499885559082 -2.4338226318359375
586 0.6942619681358337 -1.1774462461471558
587 -0.8655480742454529 -0.045831963419914246
588 0.0062899235635995865 -0.3632700741291046
589 0.75846266746521 -0.5692161917686462
590 -0.8724278211593628 -0.9762300252914429
591 -0.22162500023841858 -1.539452075958252
592 0.7936987280845642 -1.0312150716781616
593 2.056302785873413 -1.10881507396698
594 0.1557648479938507 -0.46311643719673157
595 0.28726938366889954 -0.49759355187416077
596 0.5300634503364563 -0.38001754879951477
597 1.4818315505981445 -0.5868657827377319
598 1.104427695274353 0.69600909948349
599 -1.2924110889434814 -0.346038281917572
600 1.410829782485962 -1.2108160257339478
601 -0.8543498516082764 -0.9565818905830383
602 -0.9550381898880005 -1.3976269960403442
603 -0.9556658267974854 -2.1500754356384277
604 0.3348372280597687 -1.5370597839355469
605 -0.424576073884964 -0.10232200473546982
606 0.8471633791923523 -1.9519931077957153
607 -0.7165007591247559 -1.5897043943405151
608 -0.26403236389160156 -2.6128323078155518
609 -0.2295217216014862 -1.346091389656067
610 0.28546321392059326 -1.575903058052063
611 0.11927327513694763 -0.8876073360443115
612 -0.5264779329299927 -2.4658069610595703
613 1.196413516998291 0.647925615310669
614 -1.4708824157714844 -1.353643536567688
615 -0.6038259267807007 0.505275309085846
616 -0.2817639708518982 -2.6043288707733154
617 -0.0011109404731541872 -2.181502103805542
618 0.9979540705680847 0.1739591658115387
619 -0.811859130859375 -0.5285003185272217
620 0.7349449992179871 -1.2254161834716797
621 0.7853195071220398 -1.046454668045044
622 -0.21635882556438446 -1.1129703521728516
623 -0.22555500268936157 -1.2655396461486816
624 -0.22006115317344666 -0.24168069660663605
625 -0.276247501373291 -0.47569212317466736
626 -0.5374060273170471 -1.7800229787826538
627 1.5092298984527588 0.4350464940071106
628 -0.727357804775238 -1.575307011604309
629 0.8351479768753052 -0.6827988624572754
630 -0.8882313370704651 0.35355669260025024
631 -0.7053256034851074 -0.7482262253761292
632 -0.4223008155822754 -0.46973922848701477
633 0.6878789067268372 -1.4980454444885254
634 -0.16834478080272675 -0.8880313634872437
635 1.9245526790618896 -1.649806261062622
636 -1.4500107765197754 -0.8018922209739685
637 -0.46182164549827576 -0.8542749285697937
638 1.877372145652771 -1.7166789770126343
639 0.8407358527183533 -0.9798082709312439
640 0.9160735607147217 -0.3639352321624756
641 0.7462263703346252 -2.6624832153320312
642 0.5934637188911438 -2.687824010848999
643 0.828671395778656 -0.5421743988990784
644 -0.3100285530090332 -0.47319620847702026
645 -0.21148456633090973 -0.2532624304294586
646 0.21827062964439392 -1.5736867189407349
647 0.38750654458999634 -1.5594443082809448
648 -0.7746469974517822 0.5037789344787598
649 0.8880491852760315 -1.9671134948730469
650 -0.23866935074329376 -1.222150206565857
651 1.39738130569458 -1.2276177406311035
652 0.09244255721569061 -0.8292431235313416
653 -0.1689358949661255 -0.775378406047821
654 2.0643608570098877 -1.1440229415893555
655 0.14913374185562134 -2.6639785766601562
656 0.2354225367307663 -0.9934196472167969
657 1.3338336944580078 0.032988227903842926
658 -0.562684178352356 0.5118289589881897
659 -0.1644885092973709 -0.11929333955049515
660 0.91450035572052 -1.9091275930404663
661 0.2391478717327118 0.06987664848566055
662 -0.8178965449333191 -0.1878236085176468
663 0.8018746376037598 -0.9987546801567078
664 -0.519198477268219 0.5176578760147095
665 -1.093039870262146 0.1031331866979599
666 2.0577292442321777 -1.1001343727111816
667 0.17103494703769684 0.7661224007606506
668 1.7107126712799072 0.16043278574943542
669 0.31592264771461487 -0.9142966866493225
670 0.09245418757200241 -0.8292525410652161
671 0.4857666790485382 -0.3767157793045044
672 1.0588289499282837 0.14811637997627258
673 0.5656511783599854 -1.1112710237503052
674 -0.22084899246692657 -1.2471849918365479
675 -0.5187082290649414 -0.27622243762016296
676 1.3972903490066528 -1.2533073425292969
677 0.18392394483089447 -2.6571805477142334
678 1.4129735231399536 -1.207606315612793
679 1.1319520473480225 -1.6029261350631714
680 0.20927220582962036 0.05148931220173836
681 0.788688600063324 -0.5670398473739624
682 1.1843076944351196 -1.5332776308059692
683 -1.1002415418624878 0.11716315150260925
684 1.4138704538345337 -2.2742369174957275
685 0.6917268633842468 -1.5182822942733765
686 -0.880393385887146 0.40342816710472107
687 0.23931388556957245 -0.9949539303779602
688 0.06690141558647156 0.4833335280418396
689 -0.22825999557971954 -1.2617976665496826
690 1.0805517435073853 0.09969514608383179
691 -0.5983577370643616 -1.6397956609725952
692 1.4301693439483643 -1.2123379707336426
693 0.35357043147087097 -1.3415803909301758
694 0.6582057476043701 -0.367380291223526
695 -0.7077308893203735 -2.2963554859161377
696 -1.1414769887924194 0.09127886593341827
697 1.9888015985488892 -0.9195427894592285
698 -0.6057836413383484 -1.976446509361267
699 1.4104955196380615 -1.210900068283081
700 0.3049773871898651 -0.5080139636993408
701 0.4681517481803894 -2.240845203399658
702 0.553686261177063 -0.37744370102882385
703 -0.512481153011322 0.5120354890823364
704 0.13812758028507233 -0.5399740934371948
705 0.8309997320175171 -0.6920257806777954
706 1.3293278217315674 -0.14499947428703308
707 -0.3863581120967865 -0.6250544190406799
708 0.9387320876121521 -0.35562485456466675
709 1.4991893768310547 0.4436684250831604
710 1.4141260385513306 -1.2064751386642456
711 0.6033661961555481 -1.1372579336166382
712 0.2441788762807846 -0.47448480129241943
713 0.5550125241279602 -0.3605424165725708
714 0.1496630311012268 -2.355630874633789
715 0.6962906122207642 -1.4955053329467773
716 -1.4058643579483032 -1.391730785369873
717 0.6903407573699951 0.23563101887702942
718 -0.6365642547607422 -0.6094974875450134
719 1.8727062940597534 -1.725616693496704
720 -1.3013256788253784 -0.3099696636199951
721 0.35068392753601074 -1.3441712856292725
722 0.3268807828426361 -1.6530030965805054
723 -0.2558695077896118 -0.49037057161331177
724 -0.5739129781723022 0.5173313617706299
725 0.6102107763290405 -1.5938451290130615
726 -0.16658836603164673 -2.1627776622772217
727 2.0176305770874023 -0.3569393455982208
728 -0.23398394882678986 -1.308677315711975
729 0.9358853101730347 -0.3714005649089813
730 -0.08643247932195663 -2.1269876956939697
731 -0.19642573595046997 -0.9579994678497314
732 0.17128005623817444 -1.4207741022109985
733 0.5533556342124939 -0.3773539960384369
734 -0.27772611379623413 -0.4765319526195526
735 2.020864963531494 -0.3682657778263092
736 0.16909542679786682 -0.4685709476470947
737 0.48024696111679077 -0.3856858015060425
738 -0.18469586968421936 -0.9054596424102783
739 -0.201526939868927 -2.074571132659912
740 -0.31169649958610535 -0.476185142993927
741 -1.3527429103851318 -0.6194403171539307
742 1.5166683197021484 -0.5047230124473572
743 1.5748786926269531 -2.092503070831299
744 -0.4977896809577942 0.4723847210407257
745 0.588134229183197 -0.36672326922416687
746 -0.08756643533706665 -1.1918001174926758
747 0.22527028620243073 -1.562107801437378
748 -1.4268277883529663 -0.7043607831001282
749 -0.22541822493076324 -1.2703841924667358
750 -0.7832745909690857 -0.8288040161132812
751 -0.15964743494987488 -0.7640023827552795
752 0.09245634078979492 -0.8292520046234131
753 0.42162129282951355 0.8204254508018494
754 -0.16266778111457825 -1.2143168449401855
755 1.9842283725738525 -0.9414050579071045
756 0.8334842324256897 -0.6780686974525452
757 1.9928756952285767 -0.9388747811317444
758 -1.0056517124176025 -0.2836242616176605
759 1.4169344902038574 -1.192099928855896
760 0.9178754687309265 -1.9160901308059692
761 -0.18043065071105957 -2.092221260070801
762 1.0829492807388306 -1.743615746498108
763 -0.8589441776275635 -0.9610840678215027
764 0.5197861194610596 0.15387870371341705
765 0.19952386617660522 -1.5572785139083862
766 0.9125624299049377 -0.7325929403305054
767 -0.18108785152435303 0.6207032203674316
768 -0.5168222784996033 -2.479743480682373
769 0.7375908493995667 -2.039977550506592
770 1.8710156679153442 -1.7276619672775269
771 0.7879878282546997 -1.0068038702011108
772 0.6051077246665955 -1.1430301666259766
773 0.8127192258834839 -0.5480472445487976
774 0.1482168436050415 -0.8986047506332397
775 1.0682768821716309 -0.8533558249473572
776 0.7151579260826111 0.13903966546058655
777 -0.5983589291572571 -1.6397910118103027
778 0.7965903282165527 -0.9981999397277832
779 0.42748668789863586 -0.4911119341850281
780 -0.7524681091308594 -2.294633626937866
781 -0.870317816734314 -0.9718495011329651
782 0.2905685603618622 -0.5235057473182678
783 0.7943807244300842 0.744820237159729
784 -0.7331193089485168 -0.7684237957000732
785 -0.5570448637008667 0.5113610029220581
786 0.7863321900367737 -0.9683602452278137
787 -0.22434979677200317 -1.202418565750122
788 -0.09375815093517303 0.028203783556818962
789 0.7708317637443542 -0.5458714365959167
790 -0.9498234987258911 -1.3661390542984009
791 -0.3595620393753052 -0.9618274569511414
792 0.9110323190689087 -2.5987424850463867
793 0.9707496166229248 0.21018651127815247
794 -0.6179814338684082 -2.360978603363037
795 0.8979367613792419 -0.6988856792449951
796 0.10607898980379105 -0.8534277677536011
797 -0.9014793634414673 -0.11733300983905792
798 -1.4449338912963867 -1.3172200918197632
799 -0.22552210092544556 -1.2655702829360962
800 0.797435998916626 -1.0098674297332764
801 -0.22000455856323242 -1.2033408880233765
802 1.01044499874115 -0.8812239170074463
803 0.7784252166748047 -1.0575060844421387
804 0.9309148192405701 -2.588939666748047
805 -0.08963849395513535 -1.747854232788086
806 -1.390326738357544 -1.4686135053634644
807 -0.20129792392253876 -0.015786105766892433
808 1.6547671556472778 0.289213627576828
809 0.7001147270202637 -2.0519509315490723
810 0.6900017261505127 0.2357950657606125
811 -0.22219982743263245 -1.2728443145751953
812 -1.0924984216690063 -2.0198254585266113
813 1.269172191619873 0.06330274045467377
814 -0.23084452748298645 -1.3806897401809692
815 1.3868637084960938 -2.309177875518799
816 0.17393483221530914 0.7575104832649231
817 0.6919813752174377 -1.177498698234558
818 -1.0809504985809326 -1.1429356336593628
819 -0.29612186551094055 -0.4808482229709625
820 0.22438298165798187 0.07014966756105423
821 -1.4011890888214111 -1.4936577081680298
822 0.6800200343132019 0.222250834107399
823 0.28439101576805115 -1.7990623712539673
824 1.9516799449920654 -0.18002980947494507
825 1.9674948453903198 -0.20096339285373688
826 0.11921074241399765 0.018206162378191948
827 0.7019416093826294 -2.659104108810425
828 0.884718656539917 -1.920759916305542
829 0.7797884345054626 -1.0156923532485962
830 0.3210906982421875 -0.49005547165870667
831 -0.16947630047798157 -0.14521576464176178
832 0.7541329860687256 0.2135583609342575
833 1.4893195629119873 -0.581678569316864
834 0.5061755180358887 -0.3789719045162201
835 -0.00856006145477295 -2.17922043800354
836 -0.18017059564590454 -0.8937432169914246
837 0.6640028357505798 -1.4032071828842163
838 -0.22902034223079681 -1.2656930685043335
839 1.100217580795288 -0.40345844626426697
840 0.7386919260025024 0.7561153769493103
841 -1.401570200920105 -1.4192430973052979
842 0.8693190217018127 -0.49464356899261475
843 -0.29977908730506897 -0.47171705961227417
844 0.2208499312400818 0.0616774782538414
845 1.4120457172393799 -1.2149451971054077
846 1.3975439071655273 -2.3005785942077637
847 0.7725264430046082 -0.35767289996147156
848 -0.17512114346027374 -1.6760027408599854
849 0.7033974528312683 -1.1819536685943604
850 -1.1606093645095825 -0.2194317728281021
851 0.19490425288677216 -0.9494816660881042
852 0.06510885804891586 0.6393230557441711
853 2.010380268096924 -0.3497892916202545
854 0.8341891169548035 -0.9944559931755066
855 -1.0429044961929321 0.19776025414466858
856 -0.9464604258537292 -1.3841832876205444
857 0.9705140590667725 0.7263854742050171
858 1.1623127460479736 -1.5517208576202393
859 -0.31848713755607605 -0.46774524450302124
860 0.24288134276866913 -2.594881057739258
861 0.7107136249542236 -1.5107582807540894
862 -0.27258554100990295 -0.10117135941982269
863 -1.3935303688049316 -1.4609642028808594
864 -0.05229222774505615 -0.6419910788536072
865 0.10802654922008514 -0.85550856590271
866 -0.8669268488883972 -1.5001016855239868
867 1.589185118675232 -2.07991623878479
868 1.1942871809005737 -1.5192989110946655
870 0.6894403100013733 0.1524381786584854
871 -0.7369664311408997 -1.5534626245498657
872 -1.3111311197280884 -0.5010005235671997
873 2.013554334640503 -1.4147073030471802
874 1.2154875993728638 -2.4210808277130127
875 2.0440285205841064 -0.4965933859348297
876 0.6107661128044128 -1.114635705947876
877 0.29047566652297974 -1.220689296722412
878 -0.32653918862342834 -2.589768171310425
879 0.6978419423103333 -2.059598922729492
880 0.19137564301490784 -0.5076842904090881
881 1.0458987951278687 0.17480318248271942
882 0.6804124116897583 -2.05780291557312
883 -1.13179349899292 0.12154200673103333
884 1.0462325811386108 -0.7674524784088135
885 1.1643775701522827 0.06537118554115295
886 0.8242613673210144 -0.4905617833137512
887 0.8001933693885803 -0.5403632521629333
888 -0.21599255502223969 -0.6992167234420776
889 1.5595109462738037 -2.1178410053253174
890 0.15526962280273438 -0.46007677912712097
891 -1.324126124382019 -1.6474249362945557
892 -0.16030041873455048 -0.8626909852027893
893 -0.5381175875663757 -0.5370268225669861
894 1.397149682044983 -1.2529188394546509
895 0.9825601577758789 0.23970313370227814
896 0.17402876913547516 -0.9556589722633362
897 -0.2784336507320404 -0.5037345886230469
898 1.4039689302444458 -1.2151957750320435
899 0.8654593229293823 -0.41265156865119934
900 -0.04785944148898125 -2.6577670574188232
901 -0.22779275476932526 -1.3179852962493896
902 1.388366937637329 -1.281883716583252
903 0.516464352607727 -2.692814588546753
904 0.2257203757762909 -1.567887783050537
905 -0.8838754296302795 0.38681456446647644
906 -0.6251716613769531 -0.7198538780212402
907 -0.24144500494003296 -1.317542314529419
908 0.46729332208633423 0.8068670630455017
909 0.7106826305389404 0.24572686851024628
910 -0.03134765848517418 -2.1685492992401123
911 0.8360662460327148 -0.4936409592628479
912 -1.0021551847457886 -0.3267407715320587
913 1.0781266689300537 0.6964620351791382
914 0.5737226009368896 -2.226414680480957
915 1.1925485134124756 -1.5235557556152344
916 1.1923695802688599 -1.5462509393692017
917 0.5332648754119873 -2.2377851009368896
918 -1.3866044282913208 -0.6699885129928589
919 -0.5479124188423157 0.44804978370666504
920 0.4269953668117523 0.8128336668014526
921 0.9711776375770569 -0.9238675236701965
922 0.8803016543388367 -0.9019280076026917
923 0.22835341095924377 -1.5782595872879028
924 0.9238802194595337 -0.3702179789543152
925 2.018186330795288 -0.836012065410614
926 1.4122018814086914 -1.2078324556350708
927 1.1902213096618652 -1.5228608846664429
928 0.8944157958030701 -0.4482964277267456
929 -0.19183240830898285 -1.2596429586410522
930 -0.8999889492988586 -0.12652821838855743
931 -0.22575373947620392 0.7244475483894348
932 0.37610769271850586 -1.3213621377944946
933 0.3416881859302521 -1.5068944692611694
934 -0.6637877821922302 -2.3292112350463867
935 -0.853517472743988 -0.9625248312950134
936 -1.4100388288497925 -1.378325343132019
937 0.7755320072174072 -0.989005446434021
938 -0.7871572971343994 -2.292001724243164
939 1.4290434122085571 -2.263148307800293
940 0.22572490572929382 -1.5678796768188477
941 -0.30570080876350403 -0.47599339485168457
942 0.20658981800079346 -0.934919536113739
943 0.46321019530296326 -1.2729519605636597
944 -0.19804692268371582 0.7628827095031738
945 1.998846411705017 -0.9664970636367798
946 2.020820140838623 -0.3699910640716553
947 -1.106321096420288 -2.0031611919403076
948 0.2642286419868469 -1.6174979209899902
949 0.8324885964393616 -0.690322995185852
950 0.2263820469379425 -1.5804845094680786
951 1.2061110734939575 -2.4301581382751465
952 0.014212274923920631 0.05131400376558304
953 1.487088918685913 -0.5724316239356995
954 0.34942546486854553 -1.3381761312484741
955 0.9080036282539368 -2.5886592864990234
956 1.415498971939087 -1.2006771564483643
957 0.3796388804912567 -0.4841032922267914
958 -0.18992406129837036 -1.2103585004806519
959 0.1440427303314209 0.764774739742279
960 0.7328217029571533 -1.2594404220581055
961 -0.10718478262424469 -2.6571714878082275
962 1.4971837997436523 -0.5623134970664978
963 0.406991183757782 -1.3399109840393066
964 0.9592472314834595 -1.873669147491455
965 0.2049839049577713 -1.5337872505187988
966 0.16961297392845154 -1.5281641483306885
967 -0.13055238127708435 -0.06902177631855011
968 1.471273422241211 -0.9835394620895386
969 0.5637595057487488 -1.1115072965621948
970 -0.7771804928779602 -0.5367664694786072
971 0.8965240120887756 -1.9128284454345703
972 2.0223898887634277 -0.30512961745262146
973 1.226662516593933 0.6310579776763916
974 2.0305631160736084 -0.32756611704826355
975 2.0617668628692627 -1.1934658288955688
976 -1.4817142486572266 -1.0338119268417358
977 0.3849336504936218 0.11445610225200653
978 0.023943234235048294 0.788159191608429
979 -0.7606588006019592 -1.5306743383407593
980 1.4138579368591309 -0.18339909613132477
981 -0.7316895723342896 -0.7721741795539856
982 -0.23910225927829742 -1.5534464120864868
983 0.8637814521789551 -0.4757543206214905
984 0.10405275970697403 -0.5534538626670837
985 2.0138750076293945 -1.3994780778884888
986 -0.572265625 -1.6843907833099365
987 0.9371933341026306 0.7257980704307556
988 -0.47427141666412354 -0.26695963740348816
989 -0.5693424344062805 -0.18211759626865387
990 0.7542974948883057 -2.0307793617248535
991 1.4124623537063599 -1.2145882844924927
992 -0.5142840147018433 -0.2637566030025482
993 0.10500513017177582 -0.8105579614639282
994 1.3851652145385742 -2.3128325939178467
995 0.496499240398407 -2.2408018112182617
996 1.1690959930419922 -1.5413413047790527
997 1.0384901762008667 -0.8627633452415466
998 -0.21485668420791626 -2.6244776248931885
999 -1.2952611446380615 -1.753966212272644
1000 1.7967606782913208 0.042156536132097244
1001 1.4621896743774414 -0.5276806950569153
1002 -0.36557745933532715 0.7470493316650391
1003 0.6938547492027283 -1.1563477516174316
1004 1.2773553133010864 0.024058133363723755
1005 0.9104551076889038 -1.919324278831482
1006 -0.25171712040901184 -0.10450796782970428
1007 0.26966631412506104 -1.799437165260315
1008 0.16273227334022522 -0.5076706409454346
1009 -0.01718273013830185 -2.1907665729522705
1010 2.0111773014068604 -0.8415623903274536
1011 0.2903589606285095 -1.3398884534835815
1012 1.5026922225952148 0.015950001776218414
1013 0.27786028385162354 -2.596057415008545
1014 2.0189361572265625 -1.398638367652893
1015 0.0989762619137764 -0.8418898582458496
1016 0.6867406964302063 0.18258172273635864
1017 -0.6051748991012573 -1.6818313598632812
1018 -0.42351633310317993 -0.47088053822517395
1019 0.22637441754341125 -1.5804879665374756
1020 0.6837748885154724 -1.181802749633789
1021 -0.9934432506561279 -2.0539844036102295
1022 1.9810360670089722 -1.5091344118118286
1023 -0.6708130240440369 -2.3257997035980225
1024 0.5682136416435242 -1.2025737762451172
1025 1.2875707149505615 0.6049187183380127
1026 -1.4544134140014648 -0.8498544096946716
1027 -0.12382593005895615 -1.734713077545166
1028 0.531397819519043 0.7785962224006653
1029 -0.2653430700302124 -0.11369632184505463
1030 1.258238673210144 -2.4001622200012207
1031 -1.2913084030151367 -0.3321009874343872
1032 -0.2252492606639862 -1.3838361501693726
1033 0.17629410326480865 -2.3499181270599365
1034 -0.21394197642803192 -1.1170207262039185
1035 1.027644395828247 -1.8014247417449951
1036 0.1836109310388565 -1.761102557182312
1037 1.2805402278900146 -1.368638515472412
1038 -0.21254178881645203 -0.93312007188797
1039 0.5251433253288269 -0.37800392508506775
1040 -1.45810866355896 -0.7869138717651367
1041 0.9596749544143677 -0.7331604957580566
1042 -0.2582830488681793 -0.5083693861961365
1043 -0.2582748532295227 -0.5083655118942261
1044 0.5411003828048706 -2.2363967895507812
1045 -1.2924809455871582 -1.6749824285507202
1046 -0.8171428442001343 -1.4880568981170654
1047 2.0178310871124268 -0.3576299846172333
1048 -1.4537866115570068 -1.2141320705413818
1049 0.8503479957580566 -0.609004557132721
1050 2.012634038925171 -1.4061309099197388
1051 1.6512384414672852 0.28845906257629395
1052 0.22319284081459045 -0.9756744503974915
1053 0.04563682898879051 -1.3625394105911255
1054 -0.3116949498653412 -0.47618523240089417
1055 -0.5643401145935059 0.5229094624519348
1056 -0.8396912813186646 -1.4830946922302246
1057 1.4053410291671753 -1.1952664852142334
1058 0.2099798321723938 -2.6263463497161865
1059 0.2904858887195587 -1.180145025253296
1060 1.2368619441986084 -1.496313452720642
1061 -1.373557686805725 -0.6073595285415649
1062 -0.8648675084114075 -0.9681148529052734
1063 0.19949345290660858 0.047680266201496124
1064 0.9284688234329224 -1.9016549587249756
1065 0.20815566182136536 -0.5091143250465393
1066 0.0066603682935237885 -1.3166807889938354
1067 0.08099687099456787 0.6918185949325562
1068 -0.6101465225219727 -2.382763385772705
1069 1.786637783050537 0.05767790228128433
1070 0.48015233874320984 -0.3853569030761719
1071 -0.17141112685203552 -0.765102744102478
1072 -0.3101087212562561 -0.4761076867580414
1073 -1.2541992664337158 -0.2865616977214813
1074 0.6881058216094971 -1.1657062768936157
1075 0.10607016831636429 -0.8534190654754639
1076 1.4154980182647705 -1.2006765604019165
1077 1.2011512517929077 0.015581847168505192
1078 0.14614930748939514 -0.3830608129501343
1079 0.17742528021335602 0.7509278655052185
1080 0.4565017521381378 -1.501816987991333
1081 0.7245111465454102 0.2302328199148178
1082 0.8928596377372742 -0.719007134437561
1083 0.9178904294967651 -2.594926595687866
1084 0.7011249661445618 -1.1542589664459229
1085 -0.218523308634758 -1.031424641609192
1086 0.2419322431087494 0.1891828328371048
1087 -0.6580497026443481 -1.655982255935669
1088 0.6855303049087524 -1.150248408317566
1089 0.5210805535316467 -0.38028740882873535
1090 -0.05265408754348755 -2.183577537536621
1091 0.7943269610404968 -0.5858520269393921
1092 0.7180528044700623 -1.2822996377944946
1093 0.5623940229415894 -0.3860364556312561
1094 1.1929690837860107 0.6584645509719849
1095 1.4700578451156616 -0.3966195285320282
1096 -0.7738922834396362 -2.3042337894439697
1097 -0.2637486159801483 -2.6128897666931152
1098 0.5963926315307617 -1.5128487348556519
1099 0.10982736945152283 0.010649347677826881
1100 -0.027143336832523346 0.4459916651248932
1101 1.56748628616333 0.38298696279525757
1102 0.23932014405727386 -0.9949556589126587
1103 -1.0899739265441895 0.1043231263756752
1104 0.13826638460159302 0.7245096564292908
1105 0.9680711030960083 0.7265230417251587
1106 0.6891525983810425 0.23582088947296143
1107 0.7291883826255798 -1.26095712184906
1108 -1.2150218486785889 -1.8176316022872925
1109 -0.9559602737426758 -1.359336018562317
1110 -0.1723562777042389 -0.8753564357757568
1111 -0.7370011806488037 -1.5511524677276611
1112 -0.5320791006088257 0.45173516869544983
1113 -0.29612189531326294 -0.48084789514541626
1114 -0.15848129987716675 -0.8626963496208191
1115 -0.23385578393936157 -0.9593623280525208
1116 0.09336532652378082 -1.388774037361145
1117 2.0508909225463867 -1.0171566009521484
1118 2.0071914196014404 -0.9748594164848328
1119 0.013302810490131378 -2.1976048946380615
1120 -1.4441765546798706 -0.7892286777496338
1121 -0.06024179980158806 0.5885075330734253
1122 0.04123791307210922 0.6393604874610901
1123 0.7168735861778259 0.7841053605079651
1124 1.8157902956008911 0.017363499850034714
1126 -0.441864937543869 -0.9046252369880676
1127 0.5286188125610352 -0.3811364769935608
1128 1.5833733081817627 -2.085045099258423
1129 1.0674433708190918 -1.7738778591156006
1130 -0.951704740524292 -2.1023473739624023
1131 0.2687509059906006 -0.9381898045539856
1132 0.5426517128944397 -0.37748682498931885
1133 0.5895047187805176 0.18272501230239868
1134 -0.2232627272605896 -1.2674825191497803
1135 0.5648515224456787 -2.688262701034546
1136 0.12313573062419891 0.022540871053934097
1137 0.9425932765007019 -1.8902504444122314
1138 1.154111623764038 -1.5536973476409912
1139 -0.22449812293052673 -1.284519076347351
1140 0.7259567379951477 0.7861544489860535
1141 0.3163234293460846 -1.640195369720459
1142 -0.7539501190185547 -1.5354411602020264
1143 0.48048001527786255 -0.3838631212711334
1144 1.5268135070800781 -2.163714647293091
1145 1.469200611114502 0.03389580175280571
1146 -1.0659726858139038 0.17235349118709564
1147 1.9768102169036865 -0.2185579538345337
1148 0.7928354740142822 -1.0040255784988403
1149 0.21987202763557434 -1.5606753826141357
1150 -1.2763601541519165 -0.2904268205165863
1151 0.8817567229270935 -0.9474000930786133
1152 0.31597191095352173 -0.9154125452041626
