1 0.5909985899925232 -1.6143022775650024
2 -0.1642860621213913 0.11902458965778351
3 -0.16428537666797638 0.11864376813173294
4 -0.16431838274002075 0.1187380850315094
5 -0.16428399085998535 0.11873771995306015
6 -0.16431942582130432 0.11862438172101974
7 -0.16428402066230774 0.11873779445886612
8 -0.164285808801651 0.11873775720596313
9 -0.16411298513412476 0.11866432428359985
10 -0.16411229968070984 0.11886468529701233
11 -0.16431860625743866 0.11864333599805832
12 -0.16428640484809875 0.11851689219474792
13 -0.16431860625743866 0.11864335089921951
14 -0.16428537666797638 0.11864377558231354
15 -0.16398397088050842 0.11902350932359695
16 -0.1643030345439911 0.11886876076459885
17 -0.16411195695400238 0.11887072771787643
18 -0.16410040855407715 0.11889155954122543
19 -0.1643027514219284 0.11875549703836441
20 -0.164092019200325 0.11873697489500046
21 -0.16428598761558533 0.1185932606458664
22 -0.16411198675632477 0.11884859204292297
23 -0.16428732872009277 0.11866217106580734
24 -0.16411201655864716 0.11887051165103912
25 -0.164302259683609 0.1188175231218338
26 -0.16411231458187103 0.11861047893762589
27 -0.16428732872009277 0.11866153031587601
28 -0.16428536176681519 0.1186436265707016
29 -0.16437837481498718 0.1186889037489891
30 -0.1641124188899994 0.11886507272720337
31 -0.16437077522277832 0.11876988410949707
32 -0.1641010046005249 0.11864318698644638
33 -0.16411209106445312 0.11887062340974808
34 -0.16410812735557556 0.1190507784485817
35 -0.16431929171085358 0.11896512657403946
36 -0.16431909799575806 0.11922507733106613
37 -0.1642768234014511 0.11866487562656403
38 -0.1641131341457367 0.11866436153650284
39 -0.16421209275722504 0.11881006509065628
40 -0.16428546607494354 0.11864374577999115
41 -0.16428400576114655 0.11873556673526764
42 -0.1642858386039734 0.11896409839391708
43 -0.16398398578166962 0.1190234050154686
44 -0.16410799324512482 0.11886899173259735
45 -1.7620173692703247 0.8540106415748596
46 -0.16431942582130432 0.11886949092149734
47 -0.16428400576114655 0.11873769015073776
48 -0.16437125205993652 0.1189761534333229
49 -0.16410811245441437 0.11905194073915482
50 -0.16054584085941315 0.11440686881542206
51 -0.16411203145980835 0.11873717606067657
52 -0.1643027514219284 0.11873771250247955
53 -0.16411304473876953 0.11866424232721329
54 -0.16428568959236145 0.11857763677835464
55 -0.16437101364135742 0.11872531473636627
56 -0.16430585086345673 0.11902441084384918
57 -0.16411203145980835 0.11873726546764374
58 -0.16430586576461792 0.11902440339326859
59 -0.16400448977947235 0.11902449280023575
60 -0.16430222988128662 0.11881759017705917
61 -0.16431847214698792 0.11874483525753021
62 -0.16398398578166962 0.1190234124660492
63 -0.1641080528497696 0.11904734373092651
64 -0.16431832313537598 0.11875401437282562
65 -0.1642860621213913 0.11902457475662231
66 -0.16411192715168 0.1188485324382782
67 -0.16430272161960602 0.11883080005645752
68 -0.16398398578166962 0.11902350187301636
69 -0.16430529952049255 0.11874378472566605
70 -0.16428546607494354 0.11864374577999115
71 -0.16428010165691376 0.11868860572576523
72 -0.16400451958179474 0.11902444809675217
73 -0.1642971783876419 0.11866524070501328
74 -0.16431860625743866 0.11864332854747772
75 -0.16428545117378235 0.11864370107650757
76 -0.16427618265151978 0.11885755509138107
77 -0.16411200165748596 0.1188703328371048
78 -0.16428399085998535 0.11892642080783844
79 -0.1639840006828308 0.1190234050154686
80 -0.16411297023296356 0.1186651885509491
81 -0.16437813639640808 0.11884991079568863
82 -0.16431811451911926 0.11864329129457474
83 -0.16436918079853058 0.118809774518013
84 -0.16428546607494354 0.11864368617534637
85 -0.16431891918182373 0.1186046451330185
86 -0.16431906819343567 0.11922112107276917
87 -0.1641131490468979 0.11866413056850433
88 -0.1641124039888382 0.11886505782604218
89 -0.16427241265773773 0.11933355778455734
90 0.17044030129909515 -0.049714650958776474
91 0.5066013932228088 -0.5603736042976379
92 0.2944479286670685 -1.5449650287628174
93 -0.16411297023296356 0.1186651885509491
94 -1.3561586141586304 1.3232423067092896
95 0.9325906038284302 0.5516687035560608
96 -1.3105981349945068 -0.5278410315513611
97 -1.921937346458435 -0.16302184760570526
98 -0.5705686807632446 1.8025885820388794
99 1.5053167343139648 -0.08742232620716095
100 -0.3906063735485077 -1.6195459365844727
101 -1.2878193855285645 -0.18087977170944214
102 -0.6234971284866333 0.11862108111381531
103 -0.02527381107211113 -1.1361992359161377
104 -0.07796226441860199 1.819076418876648
105 -1.7610777616500854 0.8467311263084412
106 -0.8097020983695984 0.6224005818367004
107 0.5676751136779785 0.28756582736968994
108 -0.22008734941482544 0.371600866317749
109 -0.2662211060523987 0.30993348360061646
110 -0.9108998775482178 -1.4613269567489624
111 1.3848692178726196 -0.4683215916156769
112 -0.9045191407203674 1.7038904428482056
113 -0.25216081738471985 0.07168491929769516
114 -0.9075183868408203 1.6958154439926147
115 -0.9078181982040405 1.695999264717102
116 0.9142258167266846 0.7286043763160706
117 -1.7637944221496582 0.8423879146575928
118 -0.3058435618877411 0.1376606523990631
119 0.8968256711959839 -0.8257952928543091
120 1.175122857093811 -0.9333720207214355
121 0.19835665822029114 0.47010526061058044
122 0.7227553725242615 0.9663951396942139
123 -0.7796617746353149 -0.9178692102432251
124 1.314677119255066 1.181009292602539
125 -0.350576251745224 0.9063418507575989
126 -0.7597187757492065 0.6901827454566956
127 -0.8081650733947754 0.6118649244308472
128 0.7472451329231262 -1.2902504205703735
129 -0.47500383853912354 1.817713737487793
130 1.118300199508667 1.4054784774780273
131 -1.3455491065979004 -1.2690373659133911
132 -0.70703125 -0.0017134081572294235
133 -1.2642338275909424 0.844757080078125
134 -1.1763821840286255 -1.4123705625534058
135 0.12187662720680237 -0.04243464767932892
136 -1.7240687608718872 -0.8196038007736206
137 -0.375654935836792 1.3513908386230469
138 -0.43319958448410034 -0.37587594985961914
139 -0.3655598759651184 -1.068035364151001
140 0.060414478182792664 1.0741970539093018
141 -0.6814990043640137 -1.5426996946334839
142 1.04317045211792 0.5711293816566467
143 0.2508648633956909 -1.5919785499572754
144 -1.1801456212997437 -1.291201114654541
145 -0.702610969543457 0.003301729913800955
146 0.24691036343574524 -1.6141115427017212
147 0.3623415231704712 0.12796397507190704
148 -0.042900796979665756 1.1111130714416504
149 -1.4281831979751587 1.313410758972168
150 0.40873679518699646 0.43297895789146423
151 0.21102291345596313 0.47405725717544556
152 -0.905432403087616 1.699925184249878
153 0.25043243169784546 -1.5934967994689941
154 1.5061345100402832 -0.08711251616477966
155 -0.2370937168598175 0.39680996537208557
156 0.1300925612449646 1.1339576244354248
157 0.48389384150505066 0.9495649337768555
158 -0.9083643555641174 -1.035793662071228
159 1.418908715248108 0.9411717057228088
160 -0.38386496901512146 -0.8713836073875427
161 -0.6942533254623413 -0.28826969861984253
162 -0.005296866875141859 -0.3029324412345886
163 -1.218299150466919 0.1368749439716339
164 -0.44969791173934937 1.8145835399627686
165 0.9273947477340698 0.6101219058036804
166 0.8998516798019409 -0.22902469336986542
167 0.0799136608839035 0.5910892486572266
168 0.2862823009490967 -1.5559725761413574
169 0.7016364932060242 -0.26541364192962646
170 0.7445011138916016 -1.4069876670837402
171 -0.07122471183538437 -0.30167239904403687
172 -1.2340079545974731 0.12578703463077545
173 1.5968247652053833 0.26008784770965576
174 -0.38245415687561035 -0.8709500432014465
175 -1.9232993125915527 -0.15161924064159393
176 -0.0447499044239521 -1.50824773311615
177 -0.8011024594306946 -0.9043371081352234
178 0.9626662731170654 1.5101810693740845
179 1.3319655656814575 -0.8996943235397339
180 -0.9172049760818481 1.2639977931976318
181 -0.44108060002326965 0.8662824034690857
182 -1.736176609992981 -0.8524467945098877
183 -0.31549951434135437 0.309589684009552
184 -1.279628038406372 -0.23315851390361786
185 -0.8234055042266846 1.2929654121398926
186 -0.05114477872848511 0.6397047638893127
187 -0.12717266380786896 0.43963512778282166
188 -0.9395777583122253 0.2660081386566162
189 0.054490748792886734 1.0801622867584229
190 0.25020626187324524 -1.5917950868606567
191 -0.16400457918643951 0.11902354657649994
192 -0.2708377242088318 -0.5103313326835632
193 -0.8304541110992432 0.9770657420158386
194 -0.4888092577457428 0.1513025462627411
195 -0.6685491800308228 -0.4417317509651184
196 0.35418352484703064 0.3755137622356415
197 1.002602458000183 -1.0886107683181763
198 -0.17886026203632355 -0.28002047538757324
199 -0.5049962997436523 1.8156070709228516
200 -0.47515904903411865 -1.0638748407363892
201 0.3758327066898346 0.9894457459449768
202 -0.35236793756484985 1.364770770072937
203 0.12014369666576385 0.0018869130872189999
204 0.965192973613739 0.2728544771671295
205 1.1306880712509155 0.8259626626968384
206 -0.8077732920646667 0.6108469367027283
207 0.6765212416648865 1.0396114587783813
208 -0.4868234694004059 0.1763909012079239
209 -0.0954354852437973 -0.1570005714893341
210 -1.331996202468872 -0.4076022505760193
211 0.6080432534217834 1.6507354974746704
212 0.2751966416835785 -0.9660228490829468
213 -0.8315809369087219 -0.904490053653717
214 0.4676687717437744 0.13627471029758453
215 0.3547461926937103 -0.7099125385284424
216 -0.7006309032440186 0.004296013619750738
217 -1.9226828813552856 -0.16038581728935242
218 -0.12200284749269485 0.44471368193626404
219 -0.003711876692250371 -0.30044978857040405
220 -1.047078013420105 -1.391261100769043
221 -0.6776400804519653 -0.30969342589378357
222 -0.4267931282520294 -0.4401387870311737
223 0.9310485124588013 -0.14160829782485962
224 -1.821282982826233 0.47562339901924133
225 -0.2856314480304718 0.9209350347518921
226 0.2980055809020996 1.0320048332214355
227 -0.8952881097793579 1.7017550468444824
228 0.489408016204834 1.7147679328918457
229 -1.8342913389205933 0.43125614523887634
230 -0.6820520758628845 -1.5434143543243408
231 0.4480472505092621 -0.8821200132369995
232 -0.19129130244255066 -0.5529046654701233
233 0.06876248121261597 -0.0016245909500867128
234 -0.46982237696647644 1.8215389251708984
235 -0.9586664438247681 0.5741228461265564
236 -0.2893044650554657 0.20303861796855927
237 -0.22530649602413177 0.379092276096344
238 -0.13579276204109192 0.803004264831543
239 -0.4599345028400421 -1.0589226484298706
240 -0.1870371401309967 0.4084419906139374
241 0.8706473708152771 -0.8057682514190674
242 -0.18531720340251923 0.40946242213249207
243 0.0021644695661962032 -0.3018002510070801
244 -0.12732809782028198 -1.603811264038086
245 -0.39117690920829773 0.9032427668571472
246 -0.2557764947414398 0.3583711087703705
247 -1.2777140140533447 -0.5667495131492615
248 -0.904170036315918 1.6991031169891357
249 -0.16353937983512878 -0.5561418533325195
250 1.5447171926498413 0.6260791420936584
251 -0.24438245594501495 0.056560076773166656
252 0.43979018926620483 0.9760724306106567
253 -0.011418990790843964 -0.30203375220298767
254 -1.8248825073242188 0.4453350603580475
255 1.036231279373169 0.600971519947052
256 0.962891697883606 0.07558087259531021
257 0.1216592863202095 -0.014567432925105095
258 0.5558631420135498 0.9331948757171631
259 0.9117829203605652 -0.23661375045776367
260 -0.6768266558647156 -1.546103835105896
261 0.673444390296936 -0.23399537801742554
262 1.529417634010315 0.0008034998318180442
263 -0.6067426800727844 -1.5746945142745972
264 -1.2449122667312622 0.12435764074325562
265 0.5063740015029907 0.9566285014152527
266 -0.7236565351486206 0.012639741413295269
267 0.5881656408309937 0.331987589597702
268 -0.6478930115699768 -0.23915903270244598
269 -0.42411065101623535 -0.8830478191375732
270 -1.9058332443237305 -0.24768224358558655
271 -1.0597399473190308 -0.8409565091133118
272 -0.372143030166626 -1.6216607093811035
273 -0.1403762698173523 -1.071015477180481
274 -0.03026721067726612 -0.3118270933628082
275 -1.4322174787521362 -1.1979886293411255
276 -0.030613048002123833 -1.1948573589324951
277 -0.3342547118663788 1.672277808189392
278 0.9344186782836914 -1.0613794326782227
279 0.5993494391441345 0.3345537483692169
280 -1.7583945989608765 0.8716825246810913
281 0.3047827184200287 -0.15532176196575165
282 -0.46453139185905457 -1.0659010410308838
283 -0.24438512325286865 0.05583791434764862
284 -0.6403537392616272 -0.33369362354278564
285 -0.13427449762821198 -0.2803816497325897
286 -1.5047004222869873 -0.8631016612052917
287 -0.7474748492240906 -1.5293737649917603
288 0.10819463431835175 0.0020073559135198593
289 -1.7615647315979004 0.8472982048988342
290 0.4158620238304138 0.4304039478302002
291 -0.4409063756465912 0.8957343697547913
292 -1.1038790941238403 -0.7379072904586792
293 0.18804830312728882 0.4917651116847992
294 -0.6863464117050171 -0.27559927105903625
295 -1.2107930183410645 1.1908866167068481
296 0.6927461624145508 -0.7418326735496521
297 -0.15825867652893066 -0.5540016293525696
298 0.6185052394866943 0.9054729342460632
299 0.23089288175106049 -0.8268975019454956
300 -1.8308689594268799 0.3685153126716614
301 0.3045373558998108 -0.15598268806934357
302 -1.2126727104187012 0.1601298302412033
303 0.37593287229537964 -0.7003947496414185
304 -0.14384402334690094 0.4058547019958496
305 -0.49058228731155396 0.17376361787319183
306 0.7164269685745239 -1.416759967803955
307 -0.7316595315933228 -0.29680323600769043
308 1.044090986251831 1.4244781732559204
309 1.0344573259353638 1.4457534551620483
310 -1.7957401275634766 -0.6613571047782898
311 -0.4904782176017761 0.23020513355731964
312 -0.31159791350364685 0.17192420363426208
313 0.46669697761535645 0.16818228363990784
314 -0.9291238784790039 0.28522273898124695
315 -0.3899097144603729 0.9195027947425842
316 0.10925451666116714 0.0007363858167082071
317 0.20558568835258484 0.46638911962509155
318 0.45269301533699036 0.40953290462493896
319 -0.12908315658569336 1.7277222871780396
320 -1.4111236333847046 1.3279825448989868
321 -0.6643866896629333 -0.315470814704895
322 1.1759684085845947 -0.9329302310943604
323 -0.3386288285255432 0.922482430934906
324 -0.0905601978302002 -1.5943530797958374
325 0.9255436658859253 0.5768638253211975
326 0.5328669548034668 0.9578187465667725
327 -0.9493879675865173 0.5774177312850952
328 -0.22984406352043152 0.38282307982444763
329 -1.3665271997451782 0.8730003237724304
330 0.20698772370815277 0.47432422637939453
331 -0.06802056729793549 0.6490438580513
332 -0.35340428352355957 -1.6197564601898193
333 -1.4613956212997437 1.2832179069519043
334 -1.2339738607406616 0.1246771365404129
335 -0.22313255071640015 0.37988904118537903
336 0.11684995144605637 -0.025074347853660583
337 1.4024925231933594 -0.6475431323051453
338 0.054381437599658966 -1.0624067783355713
339 -0.8215025663375854 0.5663020014762878
340 0.6627691984176636 -0.7324972748756409
341 -1.8310922384262085 0.2095743715763092
342 -1.2403370141983032 0.10309500992298126
343 -0.28212684392929077 0.3612244129180908
344 -0.24103230237960815 -0.5223618149757385
345 0.3941199481487274 1.7575621604919434
346 1.3641688823699951 0.316900372505188
347 0.6074010729789734 -0.8021714091300964
348 -1.9249699115753174 -0.032450057566165924
349 0.5790510177612305 0.9522870182991028
350 -0.9029219746589661 -1.4589970111846924
351 0.16587848961353302 1.102159857749939
352 -0.825542151927948 1.3385893106460571
353 0.3255000114440918 -0.15417981147766113
354 0.1084764301776886 -0.0029778822790831327
355 -0.37019073963165283 -0.8740708827972412
356 -0.6586574912071228 -0.27068158984184265
357 -1.2684744596481323 -0.029292309656739235
358 1.5350615978240967 0.005857307463884354
359 0.5139901041984558 -0.5601435303688049
360 -0.486850768327713 0.17515060305595398
361 -0.9052099585533142 1.5882607698440552
362 -0.2594873011112213 1.7453973293304443
363 1.385154128074646 -0.4693724513053894
364 0.7010341286659241 -1.4060202836990356
365 -0.011867768131196499 -0.2998166084289551
366 1.0016134977340698 0.7972326874732971
367 0.9811326265335083 0.09919558465480804
368 -0.7306535243988037 0.7211152911186218
369 -0.5071718692779541 0.20685100555419922
370 0.1575927585363388 -0.05670487880706787
371 -0.6920741200447083 -0.30118700861930847
372 -0.49292436242103577 0.17390647530555725
373 0.9806865453720093 0.26181554794311523
374 -1.0363140106201172 1.2395508289337158
375 0.3845970034599304 0.9886108636856079
376 0.9428638815879822 -0.15445253252983093
377 -0.6186040639877319 0.1288207620382309
378 -1.3153718709945679 -1.2366501092910767
379 -1.8107352256774902 -0.6103222966194153
380 -1.2974135875701904 -0.15535397827625275
381 -1.69965660572052 -0.8548759818077087
382 -0.491421639919281 0.14049436151981354
383 -0.49332624673843384 0.1430799663066864
384 0.9666409492492676 0.21958905458450317
385 -0.4953160881996155 0.2113090455532074
386 -0.1643027663230896 0.11866503208875656
387 0.393868625164032 -0.6770579218864441
388 -1.870733380317688 -0.4489079415798187
389 -0.9938506484031677 0.5612872838973999
390 0.4780031144618988 0.17050431668758392
391 -0.7067020535469055 -0.3401806056499481
392 -0.49078500270843506 0.17276334762573242
393 -1.311366081237793 0.7387864589691162
394 -1.3325510025024414 -0.419977068901062
395 -1.9242204427719116 -0.08149552345275879
396 1.371272087097168 1.0175540447235107
397 -1.6958163976669312 -0.8652562499046326
398 -0.029020443558692932 0.649593710899353
399 0.7820472717285156 -1.3122870922088623
400 0.47345539927482605 0.12192320823669434
401 -0.6226239204406738 0.11991950124502182
402 0.7085590362548828 0.8788687586784363
403 0.717319905757904 -0.23344022035598755
404 0.46755969524383545 0.1595667451620102
405 -0.2954309582710266 1.7562968730926514
406 -1.670748233795166 -0.8961033225059509
407 -0.9430907964706421 -1.4262248277664185
408 1.3783445358276367 -0.5006691813468933
409 0.40436580777168274 0.4343329966068268
410 1.1126149892807007 1.3936071395874023
411 0.08722734451293945 -0.017906920984387398
412 0.34792834520339966 1.7561161518096924
413 -0.9921739101409912 0.56142657995224
414 0.7131969928741455 -0.2376922369003296
415 -0.6929214596748352 -0.3020724952220917
416 -0.45558780431747437 -1.0696109533309937
417 0.272509902715683 0.45365169644355774
418 0.26378345489501953 0.4595681130886078
419 0.7237607836723328 -0.22949844598770142
420 0.46763238310813904 0.1353052258491516
421 0.35413676500320435 -0.7064038515090942
422 1.4626487493515015 0.8452802896499634
423 -1.8487931489944458 0.25340011715888977
424 0.7332078218460083 -1.3168781995773315
425 1.1282579898834229 -0.9052778482437134
426 -0.38454678654670715 1.3572239875793457
427 1.5852371454238892 0.19764046370983124
428 -1.4531152248382568 -1.0247384309768677
429 0.5744719505310059 -0.8023033142089844
430 0.3759060800075531 0.9850301742553711
431 -1.206386685371399 0.2211943119764328
432 0.9533858895301819 -1.0963492393493652
433 -0.6729041337966919 -0.32636916637420654
434 -0.48636990785598755 0.17305733263492584
435 0.4757233262062073 0.16930676996707916
436 -0.3869238495826721 -0.8699154257774353
437 0.968970000743866 1.519879937171936
438 1.0480718612670898 0.5920273661613464
439 0.33762961626052856 1.7725871801376343
440 -0.4590021073818207 -0.4710872173309326
441 -0.24640147387981415 0.06375178694725037
442 -0.006120890844613314 1.2306190729141235
443 0.4039037823677063 1.7561862468719482
444 0.08158373832702637 -0.018558930605649948
445 0.11305517703294754 0.0016953879967331886
446 -0.8607823848724365 -1.4878480434417725
447 0.1151263490319252 -0.030020762234926224
448 0.36201512813568115 -0.7029281258583069
449 1.5490702390670776 0.015294492244720459
450 1.3751239776611328 -0.5129626989364624
451 -0.6611940264701843 0.08654908835887909
452 -0.3216822147369385 -1.0733917951583862
453 0.9061316251754761 -0.23020809888839722
454 -0.7542821168899536 -0.29437682032585144
455 -0.4727661609649658 1.8128372430801392
456 -0.018385009840130806 0.6491989493370056
457 0.3533138036727905 1.754636287689209
458 -1.3385292291641235 -0.40967774391174316
459 1.2101657390594482 1.111586570739746
460 -0.39818450808525085 1.3644529581069946
461 -1.0979371070861816 -1.1064037084579468
462 -0.004790066741406918 -0.31491926312446594
463 0.11570633202791214 0.0017094220966100693
464 -0.9319479465484619 0.5912347435951233
465 1.1763644218444824 -0.9340360760688782
466 -0.6710065603256226 -0.2817944586277008
467 -1.4740744829177856 -1.15497624874115
468 1.0320541858673096 0.5852199196815491
469 -1.1033437252044678 -1.3483388423919678
470 -0.2255903035402298 -0.05473025515675545
471 -0.3810642957687378 -0.4747038781642914
472 -0.6230576038360596 0.11871287226676941
473 0.0967322364449501 0.5745165944099426
474 0.12654098868370056 -0.004671943839639425
475 -0.9319485425949097 0.5912338495254517
476 0.41973790526390076 -0.6449459791183472
477 -0.20909176766872406 -0.5223687887191772
478 -0.47980767488479614 1.8182263374328613
479 0.1684008687734604 -0.8556991219520569
480 -0.39991143345832825 1.3719485998153687
481 0.4230494499206543 0.4316104054450989
482 -1.31647789478302 0.7476945519447327
483 0.0823068916797638 -0.02463787980377674
484 -0.21459317207336426 0.39587685465812683
485 1.3783067464828491 -0.5192921161651611
486 1.034050464630127 -1.1967780590057373
487 1.5564355850219727 0.579764723777771
488 -1.0891066789627075 -1.3723909854888916
489 -1.2436062097549438 -0.8953978419303894
490 1.5595602989196777 0.11704964935779572
491 -0.7371709942817688 0.033435359597206116
492 -0.08912155777215958 -1.5899370908737183
493 0.9202309250831604 0.6136942505836487
494 0.5184783935546875 -0.554938018321991
495 0.09951304644346237 -0.0018396838568150997
496 -1.0768780708312988 -0.7565067410469055
497 -1.3609987497329712 -0.4683312177658081
498 0.13308587670326233 -0.06373059749603271
499 -1.2810578346252441 -1.33034348487854
500 -0.8158730864524841 1.7133903503417969
501 0.4042953550815582 1.7556016445159912
502 0.5573097467422485 0.9394645094871521
503 0.1155785471200943 0.0018757651560008526
504 -0.29789793491363525 -0.4963780343532562
505 0.8923524022102356 -0.2679310142993927
506 0.32047003507614136 -0.14131362736225128
507 -1.0177189111709595 -0.8483550548553467
508 -1.2861664295196533 -0.2873974144458771
509 0.4132418930530548 0.9763742685317993
510 -0.36046072840690613 -0.4807943105697632
511 -0.6704009175300598 -0.3309030532836914
512 -1.925981879234314 -0.04187004268169403
513 -1.9168813228607178 -0.20571695268154144
514 -0.7045937180519104 -0.0019890828989446163
515 -0.4905953109264374 0.1831224113702774
516 1.3764845132827759 -0.512990415096283
517 -1.7628846168518066 0.8480080962181091
518 -0.34868714213371277 1.34371018409729
519 1.5425012111663818 0.07619647681713104
520 -0.1534890979528427 -0.5569907426834106
521 0.10544005781412125 0.0002578373532742262
522 -0.876477837562561 1.3178828954696655
523 -0.3628471791744232 -0.42073771357536316
524 -1.8036482334136963 -0.6186982989311218
525 -1.3711422681808472 0.9385027885437012
526 -0.9684345722198486 0.5667784214019775
527 -0.6002797484397888 -0.354347288608551
528 0.44589293003082275 -0.6306613683700562
529 -0.9596060514450073 0.5756387114524841
530 0.9830593466758728 -0.025279391556978226
531 -1.1066030263900757 -0.7583411335945129
532 0.16776873171329498 1.1467149257659912
533 0.2242988497018814 0.47995054721832275
534 -0.2044362723827362 -1.618543267250061
535 -0.5962805151939392 0.11224822700023651
536 -0.47963082790374756 1.818149447441101
537 -0.9706206321716309 0.5681203603744507
538 -0.1447516530752182 0.05987713485956192
539 -1.1103591918945312 0.1891406774520874
540 -0.6824410557746887 -0.006534328684210777
541 0.47066307067871094 0.18556442856788635
542 1.517795443534851 -0.0021015070378780365
543 -1.9241098165512085 -0.10603535175323486
544 0.17728692293167114 1.0913431644439697
545 -1.5387334823608398 -1.066381812095642
546 1.0203514099121094 -0.8999300599098206
547 -0.7193724513053894 0.7662286758422852
548 0.7358171343803406 -0.24154594540596008
549 1.0388448238372803 0.7509499788284302
550 -0.658383846282959 -1.5556246042251587
551 -0.616441547870636 0.1949639767408371
552 0.16745266318321228 -1.0583722591400146
553 -0.13467897474765778 0.43718627095222473
554 -1.2307356595993042 0.13887055218219757
555 1.391007423400879 -0.6950591802597046
556 0.4182955026626587 0.43470650911331177
557 -0.21815825998783112 0.3812158405780792
558 -1.439203143119812 1.2957161664962769
559 -0.24046286940574646 -0.015533900819718838
560 -0.4775671064853668 -0.48417747020721436
561 -0.1438232660293579 1.3506370782852173
562 1.5869024991989136 0.1950168013572693
563 0.38167664408683777 -0.6957511901855469
564 1.5144261121749878 -0.2558042109012604
565 -0.6502441763877869 -0.03776009380817413
566 0.2744409441947937 0.45272570848464966
567 -0.037058115005493164 -1.0782413482666016
568 -1.7067639827728271 -0.8453627228736877
569 0.6105620861053467 1.6500095129013062
570 -0.6230734586715698 0.21781772375106812
571 -0.9527753591537476 0.5701161623001099
572 -1.284333348274231 -0.2517346143722534
573 0.2517426609992981 -1.5724226236343384
574 -0.09791993349790573 0.4387771189212799
575 -0.49216166138648987 0.2302762269973755
576 -0.1312127560377121 0.43547311425209045
577 0.16799800097942352 1.1521453857421875
578 -0.9925903677940369 0.5612289905548096
579 -1.2450518608093262 0.1251067966222763
580 -0.4648627042770386 1.817506194114685
581 0.8562062978744507 -0.22243982553482056
611 0.6324570178985596 1.6106629371643066
616 0.16325145959854126 -1.0644675493240356
617 -0.19422151148319244 0.4166702330112457
618 -0.3275696635246277 -1.6162192821502686
619 -0.13868539035320282 0.42757293581962585
620 0.528178870677948 -0.5411743521690369
621 1.5721675157546997 0.14381587505340576
622 -1.8335813283920288 0.44048556685447693
623 1.473445177078247 0.8145868182182312
624 0.9682863354682922 0.13947492837905884
625 -0.181950643658638 -0.27403032779693604
626 0.37118589878082275 0.9961089491844177
627 -0.053224921226501465 -0.06447834521532059
628 -0.012260474264621735 1.8738747835159302
629 -0.9986904859542847 1.6592103242874146
630 0.9778332114219666 0.6138380169868469
631 -0.7533231377601624 0.693135142326355
632 0.035067908465862274 1.8405253887176514
633 0.6943992972373962 -0.22925835847854614
634 -0.03279181942343712 -1.2177878618240356
635 -0.21976995468139648 0.3872859477996826
636 -0.7038977146148682 -0.31022390723228455
637 1.0599100589752197 1.410295844078064
638 -0.15121938288211823 -1.068334698677063
639 1.4814282655715942 -0.49644041061401367
640 -0.08255644142627716 -1.0768067836761475
641 -1.3974593877792358 0.836197018623352
642 -0.06313019245862961 0.6397757530212402
643 0.11609666794538498 0.00470891036093235
644 -0.5007845163345337 -1.0358169078826904
645 0.32132649421691895 -0.247035950422287
646 -0.9560911059379578 0.5736326575279236
647 -0.617048442363739 0.29429498314857483
648 -1.9270700216293335 -0.030902525410056114
649 -1.8295577764511108 0.4317237138748169
650 -1.2279973030090332 -1.3882063627243042
651 0.11027264595031738 0.5697827935218811
652 -0.48850083351135254 0.17838552594184875
653 -0.49759820103645325 0.2168237864971161
654 0.7198110818862915 -0.24660752713680267
655 1.485794186592102 0.7841902375221252
656 -0.7155942916870117 0.004627334885299206
657 0.10689149796962738 0.0025217034853994846
658 -0.05984361469745636 0.6409891843795776
659 -0.4476851224899292 0.8815039992332458
660 -0.6690421104431152 -0.3346761167049408
661 -1.327061414718628 -0.3094716966152191
662 -0.1363152265548706 0.06470838934183121
663 -0.26209673285484314 1.7074636220932007
664 -0.8928708434104919 1.3148192167282104
665 1.4472992420196533 0.5026746988296509
666 -1.7614219188690186 0.8472106456756592
667 0.17932477593421936 -0.049031201750040054
668 0.47151365876197815 0.16259396076202393
669 1.0518927574157715 1.4248396158218384
670 -0.8077724575996399 0.6122459173202515
671 0.3284052908420563 0.3956191837787628
672 -0.6088466644287109 0.11975876241922379
673 -0.9044687151908875 1.7033147811889648
674 0.7376721501350403 -0.2505654990673065
675 -1.081226110458374 1.6385154724121094
676 -1.5005158185958862 1.2402318716049194
677 -0.3786294460296631 -0.8704148530960083
678 -1.2857896089553833 0.2436048686504364
679 0.6248053908348083 0.4270881116390228
680 0.5744829177856445 0.9678495526313782
681 -1.7156462669372559 -0.2892703711986542
682 -0.621547520160675 0.1277296394109726
683 -0.6494387984275818 -1.5583293437957764
684 -0.259011834859848 -1.6133224964141846
685 -0.13746826350688934 0.4329383373260498
686 0.22926712036132812 -0.7898954749107361
687 -0.062207385897636414 0.6527469158172607
688 -1.9223997592926025 -0.16942653059959412
689 0.8884122967720032 -0.21139492094516754
690 -1.1614699363708496 -1.3450279235839844
691 -0.10958030819892883 -0.2871496379375458
692 0.15705958008766174 1.0996354818344116
693 -1.3391380310058594 1.3307281732559204
694 0.39561277627944946 0.44141173362731934
695 -0.20034168660640717 0.3945106863975525
696 0.011995958164334297 -0.3070109486579895
697 1.0365498065948486 0.6018017530441284
698 1.2188472747802734 -0.9895586371421814
699 0.9366786479949951 -0.11841703951358795
700 -0.18327564001083374 -0.27433842420578003
701 -1.7632508277893066 0.8470306396484375
702 -0.009535507299005985 -0.3035997450351715
703 0.47612234950065613 0.17210449278354645
704 -0.48837780952453613 0.1592286229133606
705 -0.8035134673118591 -0.9030877351760864
706 0.5622007846832275 1.662663221359253
707 -1.3580036163330078 -0.33690565824508667
708 1.072229027748108 0.45309290289878845
709 -0.3296491205692291 0.1326746791601181
710 1.0523637533187866 1.4255473613739014
711 -0.5046573281288147 0.23392823338508606
712 -0.002289714990183711 -0.29829302430152893
713 -0.49075159430503845 0.2244727611541748
714 -0.8144998550415039 1.7100101709365845
715 -0.44738519191741943 0.8732340931892395
716 0.0004200078547000885 1.6554944515228271
717 -0.24082762002944946 0.39584168791770935
718 1.385756015777588 -0.46876639127731323
719 0.9651785492897034 0.5270550847053528
720 0.4269725978374481 -0.6365943551063538
721 -1.2343825101852417 0.1255137026309967
722 1.3896816968917847 -0.547416627407074
723 0.10893618315458298 -0.0036867805756628513
724 -0.7193702459335327 0.7662318348884583
725 -1.38153076171875 0.8071108460426331
727 -0.7353358268737793 -0.2993749678134918
728 0.09297497570514679 0.010514294728636742
729 0.5520572662353516 1.6798797845840454
730 -0.7644673585891724 0.7139235138893127
731 -0.4911031723022461 0.17625005543231964
732 -0.7004785537719727 -0.00023417547345161438
733 0.37080928683280945 -1.1827201843261719
734 -0.4976465106010437 0.943827211856842
735 -0.06177426874637604 -0.29880189895629883
736 -0.2950739562511444 1.7594141960144043
737 0.9517112374305725 0.060102514922618866
738 0.6093218326568604 1.6239172220230103
739 -0.49328702688217163 0.23990309238433838
740 -0.37285611033439636 0.9207733273506165
741 0.36447012424468994 0.9993059635162354
742 -0.38691627979278564 -0.8699148297309875
743 -1.3042385578155518 1.166036605834961
744 -0.7632591724395752 0.7064460515975952
745 -0.4000675082206726 -0.46635928750038147
746 0.7190845012664795 -0.2483738511800766
751 0.3834741711616516 -0.6963922381401062
752 -0.6668129563331604 -0.023799143731594086
753 0.05095960199832916 -0.0230272114276886
754 -0.008272937498986721 -0.30839627981185913
755 -0.5315871834754944 0.8519414663314819
756 -1.297313928604126 -0.1560741513967514
757 -0.2692970335483551 1.744462251663208
758 0.9409381151199341 -0.029889781028032303
759 0.6182699203491211 1.641718864440918
760 -0.377184122800827 -1.0699083805084229
761 0.6967962384223938 0.9444424510002136
762 1.3830299377441406 0.9974985122680664
763 -0.4735376834869385 -1.0588167905807495
764 0.12526437640190125 -0.05453461781144142
765 0.2844305634498596 -1.5549041032791138
766 0.3998807668685913 -0.6665011048316956
767 -0.8563507199287415 1.3204913139343262
768 -0.8693248629570007 -1.4782466888427734
769 -0.9439093470573425 0.5735920667648315
770 1.5359305143356323 -0.0009609459666535258
771 0.6930755376815796 -0.2222980111837387
772 0.176598459482193 -0.045903753489255905
773 0.1096920371055603 0.0037489139940589666
774 -0.5169365406036377 0.2420405000448227
775 -0.8781240582466125 -1.4727095365524292
776 -0.06729871779680252 1.0007027387619019
777 -1.2558268308639526 0.006043665111064911
778 0.9746606945991516 0.2246680110692978
779 -0.050367265939712524 -1.6024248600006104
780 -1.8346513509750366 0.3590223789215088
781 -0.24703486263751984 -0.5423960089683533
782 1.1288095712661743 -0.9075270891189575
783 -0.5712882280349731 0.9653974175453186
784 -0.16435548663139343 0.45332789421081543
785 -0.29037415981292725 0.20811475813388824
786 1.118295669555664 1.4054840803146362
787 0.2865231931209564 -1.5554038286209106
788 1.1071940660476685 -0.9006350040435791
789 -1.3992289304733276 1.0692801475524902
790 0.5899359583854675 0.9836490750312805
791 -0.010847239755094051 -0.2998431324958801
792 1.544419527053833 0.6260397434234619
793 1.3785641193389893 -0.5194910764694214
794 -1.8303314447402954 0.4366763234138489
795 -0.496574342250824 -1.0187880992889404
796 0.12930317223072052 1.1456998586654663
797 0.7386907935142517 -0.24061663448810577
798 0.3386535048484802 -0.7170814275741577
799 -0.08487258106470108 1.8213974237442017
800 -0.7189170718193054 0.0140057522803545
801 -1.6896603107452393 -0.9257911443710327
802 -1.8675276041030884 -0.47394925355911255
803 -0.6714311242103577 -0.3128553330898285
804 -1.3628307580947876 -0.3715966045856476
805 -1.2835357189178467 -0.23998118937015533
806 -0.1742965579032898 -1.617385745048523
807 -0.22482633590698242 -0.07394946366548538
808 -1.4042134284973145 -0.3658115863800049
809 -0.6656273007392883 -0.9472870826721191
810 1.0020354986190796 -1.2176051139831543
811 -0.3284861147403717 0.903656005859375
812 0.012138407677412033 -0.30082908272743225
813 -0.1642860621213913 0.11902458965778351
814 -0.28119322657585144 0.20729036629199982
815 -0.01121005229651928 -0.30861297249794006
816 -0.4639362394809723 -1.605911135673523
817 0.4442277252674103 0.42313352227211
818 -1.3363991975784302 -0.4076491594314575
819 -0.49212655425071716 0.19579187035560608
820 -0.3646792471408844 -0.46913790702819824
821 -0.5034390687942505 0.23286792635917664
822 0.25504282116889954 -1.5822988748550415
823 0.09336831420660019 0.5775471329689026
824 0.3964281976222992 0.3766555190086365
825 -0.0020539741963148117 -0.3037758469581604
826 -0.01986408233642578 -0.30268797278404236
827 -1.3497145175933838 0.3648538291454315
828 0.8805959224700928 -0.2135629504919052
829 0.4692631661891937 -0.6082589626312256
830 -1.2419984340667725 0.12209337204694748
831 -1.2199444770812988 0.1377372294664383
832 1.0554993152618408 -0.9334480166435242
833 0.22577601671218872 -0.9849558472633362
834 -1.8694390058517456 -0.46702438592910767
835 -0.26799193024635315 0.33580702543258667
836 -0.18657861649990082 0.40488120913505554
837 -0.4377168118953705 0.8966306447982788
838 -0.16861531138420105 -1.6118535995483398
839 0.11330835521221161 1.1327146291732788
840 -1.3664182424545288 1.3166453838348389
841 -0.11966168135404587 -1.5986958742141724
842 0.1278565675020218 1.1244909763336182
843 -0.4452430307865143 0.8702212572097778
844 -0.12153363972902298 -1.5986732244491577
845 -0.6759685277938843 -0.27804723381996155
846 -1.3322558403015137 -1.2913818359375
847 1.206891417503357 -0.9760176539421082
848 0.5319532752037048 -0.5341423749923706
849 -0.21712857484817505 0.38379040360450745
850 -0.49033161997795105 0.18060585856437683
851 -0.847152054309845 -0.8950780630111694
852 -1.8209995031356812 0.36594367027282715
853 1.2658225297927856 1.080368995666504
854 -0.4691992402076721 1.822778582572937
855 0.6489213705062866 -0.250790536403656
856 1.5731136798858643 0.1131356954574585
857 1.3741127252578735 -0.46282410621643066
858 -0.6943579316139221 -0.0071482365019619465
859 -0.16884805262088776 0.4036044478416443
860 -1.4550223350524902 -1.1414313316345215
861 -1.221498727798462 0.14655612409114838
862 -1.8113597631454468 -0.6088650822639465
863 1.5382434129714966 0.6473924517631531
864 0.5058062076568604 -0.5849381685256958
865 -0.4879308342933655 1.3724266290664673
866 0.49009189009666443 -0.6021347641944885
867 -0.5116435289382935 0.19986474514007568
868 0.12238970398902893 0.0008449298329651356
869 1.5071463584899902 -0.0879942923784256
870 0.3695509731769562 -0.6996908187866211
871 -1.3315421342849731 -0.40948978066444397
872 0.40735191106796265 -0.6526690721511841
873 0.6939958333969116 0.9473069310188293
874 1.0166834592819214 -0.9010797739028931
875 0.7731665372848511 -1.2842310667037964
876 1.2066738605499268 0.9618748426437378
877 1.5484100580215454 0.09627822786569595
878 0.006701219826936722 1.117645025253296
879 0.1652851402759552 -0.050493959337472916
880 1.059739112854004 1.170802354812622
881 0.9687795042991638 0.3118302524089813
882 -1.110675573348999 0.18275846540927887
883 -0.4503619372844696 1.6765620708465576
884 0.07332034409046173 1.7000980377197266
885 -0.981328010559082 0.27476221323013306
886 -1.2485334873199463 0.12807220220565796
887 -1.8338501453399658 0.45903947949409485
888 0.936519205570221 -0.1589476615190506
889 0.5435620546340942 0.9639462828636169
890 0.4676436185836792 0.15977224707603455
891 -1.4937021732330322 1.2462921142578125
892 -0.19546203315258026 -0.5525127649307251
893 -0.2145988792181015 -1.0983002185821533
894 -0.4999799132347107 0.9405494928359985
895 -0.14365683495998383 1.3481462001800537
896 -1.1132036447525024 -0.7728553414344788
897 -0.2294583022594452 0.3806381821632385
898 -0.41662847995758057 0.8787341713905334
899 -0.1641581803560257 -0.05960787460207939
900 1.506990909576416 -0.08730015903711319
901 1.3521360158920288 1.0472972393035889
902 -0.24177441000938416 0.04742869362235069
903 -0.025292718783020973 -0.30541685223579407
904 -0.13675080239772797 1.7144526243209839
905 -0.514495849609375 1.8186615705490112
906 -1.8323148488998413 0.309498131275177
907 -0.4874248504638672 0.1736028641462326
908 -0.691444456577301 -1.539422631263733
909 0.6401056051254272 1.65141761302948
910 -0.011724615469574928 -0.2997641861438751
911 -0.024650853127241135 -0.3065798878669739
912 -0.38861528038978577 0.9202831387519836
913 -0.7450271248817444 0.05812296271324158
914 -0.030624739825725555 0.6386888027191162
915 -0.23135219514369965 0.39663341641426086
916 -1.8206936120986938 0.43299517035484314
917 -0.6027489900588989 -1.584700584411621
918 -0.3665746748447418 -0.47800472378730774
919 -0.008497430011630058 -0.3017524778842926
920 -1.82163405418396 0.35546454787254333
921 -0.9570276141166687 0.5685639977455139
922 -0.7638739943504333 0.7156828045845032
923 -0.13452132046222687 0.7128533720970154
924 -0.46170666813850403 -1.6052031517028809
925 -0.4912079870700836 0.09600157290697098
926 0.31334570050239563 -0.13955625891685486
927 -0.013729576952755451 -0.30927348136901855
928 0.9268755912780762 0.597955584526062
929 -1.3732739686965942 0.759894609451294
930 0.20098832249641418 0.4670635163784027
931 1.0498461723327637 0.5980173945426941
932 -0.13109686970710754 1.7760618925094604
933 0.24983146786689758 -1.5951719284057617
934 -0.20122912526130676 0.10846143215894699
935 -0.3724861741065979 -0.4762837290763855
936 0.9495431184768677 0.5493429899215698
937 0.06477170437574387 0.6003166437149048
938 -1.2821193933486938 -0.21937885880470276
939 0.44995754957199097 -0.6278911828994751
940 0.9332067370414734 -0.13132165372371674
941 -0.01503846887499094 -0.2981725335121155
942 -1.3316621780395508 -0.4084577262401581
943 0.14004579186439514 -0.028216548264026642
944 -0.381829172372818 1.3584157228469849
945 0.6123881936073303 1.6358981132507324
946 0.13389870524406433 -0.08540049195289612
947 1.3742411136627197 -0.4625445306301117
948 -0.671950101852417 -0.2755505442619324
949 -0.49129119515419006 0.17597053945064545
950 -0.9045419692993164 1.7047960758209229
951 0.4756399691104889 0.14706745743751526
952 -0.019411059096455574 -0.3117462396621704
953 0.05562441423535347 0.6369558572769165
954 -0.7888376116752625 -0.9105952382087708
955 1.3874788284301758 -0.47551244497299194
956 0.31337690353393555 -0.13879169523715973
957 0.546798050403595 -0.48091641068458557
958 -1.281541347503662 -0.24090002477169037
959 0.7366456389427185 -0.24371914565563202
960 -0.19626180827617645 0.40283718705177307
961 -0.2105388641357422 0.3862158954143524
962 -0.6619499921798706 -0.45198267698287964
963 0.6478176712989807 0.9319437146186829
964 1.501840353012085 0.746898889541626
965 -0.020671743899583817 -0.30992206931114197
966 -0.1881895363330841 0.3888261020183563
967 0.40547609329223633 0.43509191274642944
968 0.1880323886871338 -0.04471870884299278
969 1.2561256885528564 1.2682414054870605
970 1.5619529485702515 0.3276562988758087
971 -0.3720676302909851 -0.4556964933872223
972 -0.21708282828330994 0.40270617604255676
973 -0.4394475817680359 0.8682552576065063
974 -0.16914880275726318 0.4241861402988434
975 1.5357959270477295 0.3406257629394531
976 0.47574010491371155 0.16993996500968933
977 -1.2673977613449097 -0.01729189231991768
978 -1.8189363479614258 0.35980698466300964
979 0.4235115349292755 0.4310724437236786
980 -0.935369074344635 0.286065936088562
981 1.5786043405532837 0.1686655580997467
982 -0.36960873007774353 -0.47050875425338745
983 1.5694899559020996 0.09835150837898254
984 -1.0694314241409302 1.1957813501358032
985 -0.8939209580421448 -1.4622280597686768
986 0.789342999458313 1.0130823850631714
987 1.5271804332733154 -0.05519999563694
988 -0.7118942737579346 0.0072762989439070225
989 0.4038895070552826 0.4370037913322449
990 -0.18459050357341766 0.07852679491043091
991 -1.0982298851013184 -0.7385329604148865
992 0.21649068593978882 -1.0303997993469238
993 -0.7897688150405884 -0.9048082828521729
994 -1.779966950416565 0.7995354533195496
995 -1.060564398765564 1.0634733438491821
996 -0.19892625510692596 -0.5326897501945496
997 1.3979499340057373 -0.6253321766853333
998 -0.6764491200447083 -0.3461836874485016
999 -1.3386285305023193 0.39084362983703613
1000 -0.6501291394233704 -0.035569120198488235
1001 0.1751086562871933 -0.05520448088645935
1002 1.0178567171096802 1.3213038444519043
1003 -1.251197338104248 0.05485675856471062
1004 0.753640353679657 0.913973867893219
1005 -0.5085206031799316 0.8568400144577026
1006 -0.16083014011383057 -0.05816473811864853
1007 1.2345833778381348 0.9688686728477478
1008 1.3766316175460815 -0.5130850076675415
1009 -0.9606941342353821 0.5687885880470276
1010 0.5805952548980713 1.655334711074829
1011 0.5718439221382141 0.9609206914901733
1012 0.623598575592041 1.6192957162857056
1013 0.25141435861587524 -1.5822644233703613
1014 0.4913840591907501 1.714597225189209
1015 1.3796186447143555 -0.5158466696739197
1016 -0.06225013732910156 0.6430791616439819
1017 0.1017351895570755 -0.00866780336946249
1018 -0.0038919623475521803 -0.30172252655029297
1019 -0.7065709829330444 0.9643357396125793
1020 0.136920765042305 1.1393789052963257
1021 0.23814572393894196 1.0672870874404907
1022 1.4929156303405762 -0.5014549493789673
1023 -0.4984521269798279 0.9340734481811523
1024 -0.7625430226325989 -0.9232585430145264
1025 -1.8339295387268066 0.4421517252922058
1026 -1.6937525272369385 -0.9146144986152649
1027 -0.24399040639400482 -0.5479037761688232
1028 -0.03707171231508255 -1.232301950454712
1029 -0.12906230986118317 0.4141651690006256
1030 0.10975797474384308 -1.0048165321350098
1031 -0.27373006939888 -0.5359638929367065
1032 -1.8297199010849 0.4322574734687805
1033 1.3797680139541626 -0.5417481064796448
1034 1.3797637224197388 -0.5417584180831909
1035 -1.0979743003845215 -1.1064097881317139
1036 -0.6976894736289978 -0.08936449140310287
1037 0.13087734580039978 -0.030202269554138184
1038 -0.8926214575767517 -0.8822787404060364
1039 -0.2311851531267166 0.00017714477144181728
1040 -0.32832765579223633 0.9035139083862305
1041 -1.925084114074707 -0.037570249289274216
1042 0.9825091361999512 0.2449556440114975
1043 -0.6936803460121155 -0.0036182119511067867
1044 0.4438469409942627 0.4200722873210907
1045 0.20475652813911438 1.1189062595367432
1046 -1.7332336902618408 -0.8064985275268555
1047 -0.3204406499862671 -0.840420663356781
1048 0.3708789646625519 -1.3893688917160034
1049 -1.3412890434265137 1.329316258430481
1050 1.1076382398605347 -0.9437435865402222
1051 -0.6126741766929626 0.2699488401412964
1052 -1.7752857208251953 0.8133936524391174
1053 0.16809074580669403 1.0939301252365112
1054 -0.33719465136528015 -0.4447367787361145
1055 1.523309350013733 -0.0914711132645607
1056 -0.7175860404968262 -0.14440836012363434
1057 -1.0393240451812744 -0.8590598702430725
1058 0.9286989569664001 -0.04977215826511383
1059 -0.13468267023563385 0.4368678331375122
1060 0.23261985182762146 -0.8079670667648315
1061 0.04424140602350235 -1.0981239080429077
1062 -0.8552401661872864 1.3543723821640015
1063 0.4752107560634613 0.1472630649805069
1064 -1.3595657348632812 -0.34021100401878357
1065 1.0316150188446045 0.5999979972839355
1066 -0.1286870837211609 0.45065227150917053
1067 0.4608602821826935 0.160050168633461
1068 -1.2892556190490723 1.390377402305603
1069 -0.9922749400138855 0.5605915784835815
1070 0.19413843750953674 0.48663201928138733
1071 -0.192779541015625 0.409443199634552
1072 -1.4635151624679565 1.2853082418441772
1073 -1.178181767463684 0.13599464297294617
1074 1.0371297597885132 0.5950501561164856
1075 -0.4810657501220703 -1.606258749961853
1076 -0.7193692922592163 0.7662317752838135
1077 0.12105419486761093 -0.04674571752548218
1078 -0.2412247657775879 0.39479172229766846
1079 -0.6710871458053589 -0.02193458564579487
1080 -0.7128125429153442 0.0087277851998806
1081 0.4035998284816742 -0.6555789709091187
1082 0.4191121459007263 -0.6476613283157349
1083 -0.06303369998931885 0.0703788474202156
1084 -0.8153339624404907 1.7186071872711182
1085 -1.3491144180297852 0.6629449725151062
1086 -0.6315937638282776 -0.10293994098901749
1087 -0.37072381377220154 -0.47686007618904114
1088 0.7435891032218933 -1.297944188117981
1089 -0.7511036992073059 0.6526007652282715
1090 -0.42149293422698975 -0.3603708744049072
1091 0.5898298621177673 1.6541099548339844
1092 -1.7613521814346313 0.846960186958313
1093 -1.342778205871582 -0.38224759697914124
1094 -1.015164852142334 -0.8152644634246826
1095 -0.8518922328948975 -0.8977970480918884
1096 -0.35714420676231384 -1.6226526498794556
1097 -0.23134200274944305 3.475812263786793e-05
1098 0.42963671684265137 -0.644282877445221
1099 0.29604578018188477 -0.7367121577262878
1100 1.0610926151275635 1.4182443618774414
1101 0.40113991498947144 0.43696311116218567
1102 -1.2953832149505615 -1.3167896270751953
1103 -0.9971896409988403 0.5678775310516357
1104 -0.8139147162437439 0.6098615527153015
1105 1.3691152334213257 1.1436492204666138
1106 -0.43718820810317993 0.8692453503608704
1107 -1.927807092666626 -0.002881217747926712
1108 0.009911720640957355 -1.0750411748886108
1109 1.3216066360473633 -0.9019507169723511
1110 -0.039099566638469696 -1.2080477476119995
1111 -0.21667426824569702 0.41534286737442017
1112 -0.18990395963191986 0.05402207374572754
1113 -0.5028719902038574 0.09112916886806488
1114 0.7838715314865112 -1.2645282745361328
1115 -1.338096022605896 -0.4604257643222809
1116 -0.2633635401725769 1.6982829570770264
1117 -0.718557596206665 -0.1689521223306656
1118 -0.4601048529148102 1.8176672458648682
1119 -0.16102874279022217 0.4287114441394806
1120 0.5151286721229553 0.9516316652297974
1121 -0.7632150053977966 0.7206898927688599
1122 -1.2943429946899414 -1.314845085144043
1123 0.7430339455604553 -0.2407558262348175
1124 -1.800136685371399 -0.6643995642662048
1125 -1.9185514450073242 -0.22337166965007782
1126 -0.5134897828102112 0.24380239844322205
1127 -0.2314562201499939 0.38067254424095154
1128 -0.8787740468978882 -0.8930833339691162
1129 -0.5267879366874695 0.8545135855674744
1130 0.18599849939346313 -1.371273159980774
1131 -0.8651571273803711 1.3140243291854858
1132 -1.237555742263794 0.11842362582683563
1133 0.3460482060909271 1.7586784362792969
1134 0.3142380714416504 -0.9370614886283875
1135 -0.35399752855300903 0.8977915048599243
1136 -0.0650206059217453 -0.34038108587265015
1137 -0.13814789056777954 0.4298495054244995
1138 0.3101944923400879 -0.15467719733715057
1139 -1.0620540380477905 -0.7695145606994629
1140 -1.3827649354934692 0.6827664375305176
1141 -1.557875633239746 -1.050632357597351
1142 -1.2753409147262573 1.4132952690124512
1143 0.44508859515190125 0.4130861759185791
1144 -0.48975616693496704 0.17174309492111206
1145 -0.13394761085510254 0.04353303089737892
1146 1.5391291379928589 0.6445144414901733
1147 -0.12188506871461868 0.6961959004402161
1148 -0.8788241147994995 0.5758112668991089
1149 -1.362684726715088 1.3199540376663208
1150 0.3956781327724457 -0.6668608784675598
1151 0.932697594165802 0.5514639019966125
1152 -1.8376587629318237 0.4227469861507416
1153 -1.3934612274169922 -0.2907230854034424
1154 -0.19589543342590332 0.4027332067489624
1155 0.06832006573677063 -0.007484368048608303
1156 -0.5725512504577637 0.9348455667495728
1157 -0.959242045879364 -0.879234254360199
1158 -1.9197819232940674 -0.21216000616550446
1159 -0.16083338856697083 -1.079738736152649
1160 -0.09821373224258423 0.051142919808626175
1161 1.0040267705917358 -1.0869582891464233
1162 0.4742979407310486 0.16527149081230164
1163 -0.8791469931602478 -1.4684711694717407
1164 -1.7620136737823486 0.8515534996986389
1165 0.10650192201137543 0.0028881141915917397
1166 -0.6041078567504883 -0.09048086404800415
1167 -0.0017636057455092669 -0.3189503252506256
1168 -0.4865409731864929 0.22853948175907135
1169 -0.4408440589904785 0.8847339749336243
1170 1.0182803869247437 1.3216279745101929
1171 -0.27851393818855286 -0.5213695168495178
1172 -1.2760393619537354 -1.0329676866531372
1173 -1.0851006507873535 1.6320433616638184
1174 -0.16689488291740417 0.41528749465942383
1175 -0.45833927392959595 0.862792432308197
1176 -1.9249992370605469 -0.08901619911193848
1177 -0.48779621720314026 0.22533206641674042
1178 -0.25006625056266785 -0.5239956974983215
1179 -0.37924811244010925 -0.45354801416397095
1180 0.2720986604690552 1.0544089078903198
1181 -0.8093502521514893 0.6207981109619141
1182 1.3721182346343994 -0.5123201012611389
1183 0.9458844065666199 0.1198798269033432
1184 -0.47484415769577026 -1.603162169456482
1185 -0.4608529806137085 -1.0374830961227417
1186 1.1306126117706299 -0.8980205059051514
1187 0.3943454325199127 0.9854146838188171
1188 0.35351553559303284 1.7545500993728638
1189 -1.9201159477233887 -0.1816253811120987
1190 -1.4227783679962158 0.7925984263420105
1191 -0.19277417659759521 0.4094434678554535
1192 0.8755133152008057 -0.8274163603782654
1193 -1.8270260095596313 0.44456660747528076
1194 -0.16419503092765808 0.42194291949272156
1195 0.5828216671943665 1.6587356328964233
1196 -0.08124338835477829 0.6501017212867737
1197 -0.7042780518531799 0.771498441696167
1198 0.23505981266498566 0.46115273237228394
1199 0.5375770330429077 0.9498217701911926
1200 0.19727599620819092 1.1419976949691772
1201 0.0759681910276413 1.8564187288284302
1202 -0.19462907314300537 0.40079087018966675
1203 0.5824252963066101 0.9984140396118164
1204 -1.4991930723190308 -0.8449331521987915
1205 1.0484633445739746 1.429758906364441
1206 -1.445022463798523 1.2952080965042114
1207 -0.10869304090738297 1.8122248649597168
1208 0.6966540217399597 -0.22306090593338013
1209 -1.396366000175476 0.8380352854728699
1210 0.14676479995250702 -0.04404456540942192
1211 -0.3538852035999298 1.3629560470581055
1212 -0.4025859832763672 1.3621728420257568
1213 -0.6338236927986145 -0.28920575976371765
1214 -0.3983374834060669 -1.0684479475021362
1215 -1.4872092008590698 1.2569581270217896
1216 1.4367550611495972 0.8750088214874268
1217 1.0522658824920654 1.2969268560409546
1218 1.220367670059204 -0.9991481304168701
1219 0.09316560626029968 0.009494834579527378
1220 1.5138722658157349 0.3791095018386841
1221 -1.1767328977584839 1.5423070192337036
1222 0.21084623038768768 -0.8024906516075134
1223 0.05266394093632698 1.6981621980667114
1224 0.7475772500038147 -1.299996018409729
1225 -0.1384057253599167 0.7187566161155701
1226 0.5917639136314392 0.3103014826774597
1227 0.14413751661777496 -0.0021845921874046326
1228 -0.44563403725624084 0.8772720098495483
1229 0.9806663393974304 0.288923054933548
1230 1.522279143333435 -0.08816131949424744
1231 -0.24018092453479767 0.017086664214730263
1232 -0.23680390417575836 0.048660218715667725
1233 0.12559081614017487 1.129360556602478
1234 -1.2834831476211548 -0.2466021031141281
1235 0.18685410916805267 -1.0425578355789185
1236 1.061686396598816 1.4137744903564453
1237 0.10813277959823608 -0.002696409821510315
1238 -1.7613301277160645 0.8458534479141235
1239 -0.4408279061317444 0.8847392797470093
1240 1.5311193466186523 0.6721754670143127
1241 -0.3438636362552643 0.9045827984809875
1242 -0.5312096476554871 -1.0045603513717651
1243 0.4440998435020447 0.4205007255077362
1244 -1.3584829568862915 1.2290444374084473
1245 0.941586434841156 -0.16076740622520447
1246 1.0710504055023193 -1.1399011611938477
1247 -0.1323331743478775 0.43982014060020447
1248 0.5201845169067383 -0.5831115245819092
1249 0.6142702102661133 1.641048789024353
1250 -1.448879361152649 -1.035814642906189
1251 -0.21870216727256775 0.3812151551246643
1252 0.18502625823020935 -1.2995294332504272
1253 -0.6268607378005981 0.23837502300739288
1254 -1.105473518371582 1.6182184219360352
1255 -0.00017807827680371702 -0.3018210232257843
1256 0.9768748879432678 0.2662408649921417
1257 0.15952202677726746 1.1513079404830933
1258 0.9653858542442322 0.07992643117904663
1259 -0.36159858107566833 0.9029311537742615
1260 0.16898304224014282 0.537652850151062
1261 1.0254712104797363 0.5799187421798706
1262 0.05155055597424507 0.6095634698867798
1263 -0.6746800541877747 -0.01476537436246872
1264 0.9773988723754883 0.8209453821182251
1265 -0.9503598809242249 -1.3265891075134277
1266 -0.1604819893836975 -0.5624451041221619
1267 -0.5981879234313965 0.26456621289253235
1268 -0.3783428370952606 -1.6198962926864624
1269 0.3785371482372284 -1.4398378133773804
1270 1.33187997341156 1.2029527425765991
1271 -0.17940093576908112 -0.555522620677948
1272 -0.32129183411598206 0.1502220332622528
1273 -0.11481266468763351 1.7892788648605347
1274 0.2409151941537857 0.4593104124069214
1275 -0.49828043580055237 0.20328913629055023
1276 0.10839115083217621 1.132996678352356
1277 -0.011914987117052078 -0.3022528290748596
1278 0.10624916851520538 -0.016491729766130447
1279 0.7308072447776794 -0.23285672068595886
1280 -0.49315324425697327 0.1574072241783142
1281 0.7730020880699158 0.9164965152740479
1282 1.2181777954101562 -0.9998229146003723
1283 0.20032277703285217 1.0827057361602783
1284 0.5120088458061218 0.954234778881073
1285 -0.4729900658130646 1.820598840713501
1286 -0.5191006064414978 1.3559935092926025
1287 -0.43316373229026794 0.8700407147407532
1288 -0.002734120935201645 -0.2970373332500458
1289 -0.4214935898780823 -0.36037442088127136
1290 -0.9198537468910217 -1.4561090469360352
1291 0.19512148201465607 0.4746950566768646
1292 -0.7518870234489441 0.6525838375091553
1293 0.053476154804229736 1.6592305898666382
1294 -0.24987585842609406 0.37948039174079895
1295 -0.6416903734207153 -0.12484027445316315
1296 0.3693907558917999 1.001880407333374
1297 1.4958584308624268 -0.3407849967479706
1298 -0.6888663172721863 -0.33544185757637024
1299 0.050520721822977066 -1.0911287069320679
1300 0.6732931137084961 -0.23650813102722168
1301 0.727337121963501 -0.24371890723705292
1302 0.10934863239526749 0.0009076360147446394
1303 -1.1537649631500244 0.2366199493408203
1304 0.4201326072216034 1.7443180084228516
1305 0.30039364099502563 1.7701014280319214
1306 -0.47954219579696655 -1.0555163621902466
1307 -0.026457322761416435 0.6425483822822571
1308 0.2318536788225174 -0.9803528189659119
1309 0.3015967905521393 -0.14602412283420563
1310 -0.1568426638841629 -0.5555552840232849
1311 0.11953005194664001 -0.019031153991818428
1312 -0.1413586288690567 0.43513932824134827
1313 0.47495922446250916 -0.8918524980545044
1314 -0.7204030752182007 0.7557918429374695
1315 -1.7662837505340576 0.8253787755966187
1316 0.5419328808784485 -0.5089401006698608
1317 0.6266518831253052 -1.328913688659668
1318 -0.13028761744499207 0.44477081298828125
1319 0.1216743215918541 -0.014568539336323738
1320 -0.21516717970371246 0.38453996181488037
1321 0.6771113872528076 -0.27998191118240356
1322 0.7327852249145508 -1.3397576808929443
1323 -0.7620800137519836 -0.920055627822876
1324 -1.562532901763916 -1.0447609424591064
1325 -1.2810323238372803 -0.3085501492023468
1326 -0.19852912425994873 -1.6202930212020874
1327 0.7354822158813477 -0.21795406937599182
1328 -0.05210985243320465 -0.34251275658607483
1329 -0.09003900736570358 0.6640899777412415
1330 -0.6887071132659912 -0.3142481744289398
1331 -0.18248394131660461 -0.5558995604515076
1332 0.8667348027229309 1.5342447757720947
1333 0.10963868349790573 0.01577630825340748
1334 -0.08165953308343887 0.6462142467498779
1335 -0.6841838359832764 -0.2661372125148773
1336 -0.1320728212594986 0.7091383934020996
1337 -1.3316442966461182 -0.40856632590293884
1338 0.12644663453102112 -0.05130474269390106
1339 -0.9609315395355225 0.5709044933319092
1340 -0.2645253837108612 -0.5180956125259399
1341 -0.26277002692222595 -0.5230547785758972
1342 -0.3715001046657562 -0.8738362789154053
1343 -1.7674890756607056 0.8301808834075928
1344 0.15555457770824432 -0.05485474690794945
1345 0.7443697452545166 -1.4071017503738403
1346 1.043210506439209 1.436245322227478
1347 0.5388305187225342 -0.5030792355537415
1348 0.7218819856643677 -1.4152977466583252
1349 -1.1087034940719604 -0.6499232649803162
1350 -0.5150761008262634 0.8867253661155701
1351 0.14741353690624237 1.1304492950439453
1352 0.30960559844970703 -1.523545503616333
1353 1.4740952253341675 0.8130512833595276
1354 -0.6932852268218994 -0.3010845184326172
1355 -0.24478229880332947 -1.619605302810669
1356 -1.9074532985687256 0.12236405164003372
1357 1.215665578842163 -1.0014911890029907
1358 1.5704950094223022 0.041228536516427994
1359 -1.0621064901351929 1.1866673231124878
1360 1.52852463722229 0.6798610687255859
1361 1.3848779201507568 -0.4702703058719635
1362 -1.252516746520996 0.13548743724822998
1363 -1.3814460039138794 0.8070574998855591
1364 -0.4691791832447052 -1.0599637031555176
1365 -0.6201375722885132 0.12236183881759644
1366 -0.6498643159866333 -0.4261505603790283
1367 -0.029688717797398567 -0.3093033730983734
1368 1.3868714570999146 -0.5196341276168823
1369 -1.3951226472854614 0.8259389400482178
1370 -0.6560360789299011 -0.2520638704299927
1371 1.0388444662094116 0.7509485483169556
1372 0.21100734174251556 0.48759162425994873
1373 -0.5334081053733826 0.2552182972431183
1374 -0.01903386414051056 -0.30145886540412903
1375 -1.8492341041564941 0.27530136704444885
1376 -0.1401492953300476 0.721614420413971
1377 0.09726041555404663 0.575537919998169
1378 -0.5745866894721985 0.9632018804550171
1379 -0.8730791211128235 0.5440816879272461
1380 0.15736733376979828 1.1511257886886597
1381 -1.804296612739563 -0.6191307306289673
1382 1.4146093130111694 0.36250627040863037
1383 -0.17679177224636078 0.39474278688430786
1384 1.3988527059555054 -0.6175406575202942
1385 -0.8788226246833801 0.5758121609687805
1386 -0.4540608823299408 -1.0690248012542725
1387 0.9101786017417908 0.5782265663146973
1388 0.190482497215271 -0.04774715006351471
1389 0.2042696624994278 0.474990576505661
1390 0.24213047325611115 -0.02650664933025837
1391 -1.9280040264129639 0.018934670835733414
1392 0.11794976890087128 -0.0393173024058342
1393 -1.1072558164596558 -0.7409087419509888
1394 0.4747031033039093 0.1630723774433136
1395 -0.3169371485710144 0.17136654257774353
1396 0.17931455373764038 -0.04902989789843559
1397 1.5652114152908325 0.026280734688043594
1398 0.37198755145072937 -1.4607810974121094
1399 -0.3702054023742676 -0.4838685691356659
1400 0.44811421632766724 0.41074302792549133
1401 0.7407079935073853 -1.2885299921035767
1402 0.11962935328483582 0.013410602696239948
1403 -1.274086356163025 1.3950608968734741
1404 0.9345021843910217 -1.0616201162338257
1405 0.13620281219482422 1.129895806312561
1406 -1.2469780445098877 0.02621397003531456
1407 -1.335142970085144 -0.4115547239780426
1408 -0.6380466818809509 -0.2244836390018463
1409 -0.7651880979537964 0.648206353187561
1410 -1.3474472761154175 0.39140084385871887
1411 -0.2745054364204407 0.3235528767108917
1412 0.4713391959667206 0.1641816645860672
1413 -0.7085233926773071 0.7797003388404846
1414 -0.4815329611301422 0.2197328358888626
1415 -0.7019000053405762 1.0450557470321655
1416 0.4785451889038086 0.17843054234981537
1417 -1.1027584075927734 -0.742803156375885
1418 0.4693412780761719 -0.6153003573417664
1419 -0.01649552211165428 -0.3020399808883667
1420 0.16654078662395477 1.1447532176971436
1421 -0.4036032557487488 0.8956767320632935
1422 0.14761881530284882 -0.04524827003479004
1423 -1.9173309803009033 -0.18484461307525635
1424 -0.34778282046318054 1.3441493511199951
1425 -1.2560065984725952 0.11526414752006531
1426 0.4886220395565033 1.71518075466156
1427 -0.6671792268753052 -0.018866389989852905
1428 1.0349136590957642 0.5841628909111023
1429 -0.21425804495811462 0.3971174657344818
1430 -0.373054563999176 -0.47595036029815674
1431 0.3466774523258209 0.40230056643486023
1432 -0.3857075273990631 0.9008742570877075
1433 0.12903949618339539 1.1361745595932007
1435 0.6272006630897522 1.6229581832885742
1436 -0.6507291197776794 -0.035687100142240524
1437 -0.10350167751312256 1.7956825494766235
1438 0.7387360334396362 -1.274982213973999
1439 -1.2679005861282349 0.34259146451950073
1440 -0.4026276767253876 -0.46376943588256836
1441 -0.6653338670730591 -0.2711181640625
1442 -1.3894108533859253 0.732585072517395
1443 -0.6558035612106323 -0.26663529872894287
1444 0.17850616574287415 1.1484339237213135
1445 -0.041255827993154526 -1.2272582054138184
1446 -1.4430487155914307 -1.0140531063079834
1447 -0.9075520038604736 1.6957931518554688
1448 0.10893984138965607 -0.0036865209694951773
1449 0.738592803478241 -1.3377580642700195
1450 0.3934727609157562 0.9935572743415833
1451 0.7183627486228943 -0.240669384598732
1452 -0.16189110279083252 -0.556083083152771
1453 1.3783327341079712 -0.5107158422470093
1454 -1.8227684497833252 0.3480352461338043
1455 -0.37944093346595764 -0.8706265687942505
1456 -0.3783777952194214 -0.8708008527755737
1457 -0.491356760263443 0.21855413913726807
1458 -1.3377704620361328 1.3299002647399902
1459 -1.4293016195297241 1.312652826309204
1460 0.19171176850795746 0.4752363860607147
1461 -1.245436191558838 0.030868180096149445
1462 -0.9890506267547607 0.5682501196861267
1463 -1.3657509088516235 0.7030772566795349
1464 -0.40609031915664673 0.8944073915481567
1465 1.560856580734253 0.5636420845985413
1466 1.5839378833770752 0.44945135712623596
1467 0.3653646409511566 -0.7038828134536743
1468 -0.8106059432029724 0.6145321726799011
1469 0.4050860106945038 0.4363413453102112
1470 -0.6096475124359131 -0.10738207399845123
1471 0.9920610785484314 -1.0930677652359009
1472 0.7639698386192322 -1.3078436851501465
1473 -0.8948720097541809 1.7072858810424805
1474 -0.14599597454071045 1.7068204879760742
1475 -1.5320265293121338 0.3304064869880676
1476 0.40593260526657104 0.43603089451789856
1477 0.01542553212493658 1.8760099411010742
1478 -0.17950308322906494 -1.066569209098816
1479 -0.18219658732414246 -0.2716832756996155
1480 0.22028443217277527 0.47447893023490906
1481 0.7168784141540527 -0.24808961153030396
1482 0.5298964977264404 0.9598042964935303
1483 -1.8324458599090576 0.4188038408756256
1484 -0.49686309695243835 0.22293831408023834
1485 0.07816032320261002 1.6908711194992065
1486 0.40612998604774475 0.4356294274330139
1487 0.4775860011577606 0.17689771950244904
1488 0.4408894181251526 -0.6334270238876343
1489 0.4180602729320526 0.42173823714256287
1490 0.11012841761112213 0.0010647447779774666
1491 -1.286863088607788 -0.18918800354003906
1492 0.7354970574378967 -1.4046812057495117
1493 0.3317823112010956 -1.490577220916748
1494 -0.6959017515182495 0.0023122618440538645
1495 0.09998437017202377 0.0004072170704603195
1496 -0.865239679813385 -1.4844744205474854
1497 0.3348977565765381 -0.22999413311481476
1498 -0.1611824929714203 0.42738136649131775
1499 -0.02174064889550209 -0.29974600672721863
1500 -0.9684097170829773 0.5694525241851807
1501 -0.21576954424381256 0.3544382154941559
1502 0.4229980707168579 0.4317762851715088
1503 -0.8251026272773743 1.7110313177108765
1504 0.43660691380500793 0.9718177914619446
1505 -0.6595532894134521 -0.29360756278038025
1506 -0.7660589814186096 0.7138276696205139
1507 -1.8377981185913086 0.43169546127319336
1508 -1.0883018970489502 -0.725904107093811
1509 -0.49059632420539856 0.18320907652378082
1510 -0.3595708906650543 -0.48242053389549255
1511 -0.6703627109527588 -0.3189111053943634
1512 -0.01385126356035471 0.6424885392189026
1513 1.039224624633789 1.4298021793365479
1514 -0.6814867854118347 -1.5427056550979614
1515 -0.03036242537200451 -0.3005312383174896
1516 -0.07756306231021881 0.6272574067115784
1517 -0.2430693507194519 0.03562550246715546
1518 -0.3641418516635895 -0.48074331879615784
1519 -0.5917221903800964 0.24969534575939178
1520 0.10265104472637177 -0.004836040083318949
1521 -0.006854449864476919 1.8743577003479004
1522 1.0542913675308228 0.5855833888053894
1523 0.30911317467689514 -0.7301130890846252
1524 -0.876457929611206 1.3178982734680176
1525 1.5753015279769897 0.3290700614452362
1526 -0.02869030088186264 -0.3033110499382019
1527 0.9969882965087891 1.2012312412261963
1528 0.3087749183177948 -1.5252952575683594
1529 -0.2396596074104309 0.37636974453926086
1530 0.2285025417804718 1.0719702243804932
1531 -0.29037442803382874 0.20811627805233002
1532 -1.3092008829116821 0.7352808713912964
1533 0.4060647189617157 0.4359906017780304
1534 -0.21052663028240204 0.38423699140548706
1535 0.47501567006111145 0.16815893352031708
1536 0.21254988014698029 0.4660683870315552
1537 -1.8841842412948608 -0.3823223114013672
1538 -0.06260369718074799 0.6532027721405029
1539 -0.13240638375282288 0.4343060851097107
1540 -0.3857113718986511 0.9008731842041016
1541 -0.9170888066291809 -0.8879760503768921
1542 0.975492000579834 0.22767716646194458
1543 0.4416879117488861 -0.6348375678062439
1544 0.39274173974990845 1.7562596797943115
1545 0.4244110882282257 0.42998191714286804
1546 0.4044940173625946 0.43589624762535095
1547 -0.4464220702648163 0.8764031529426575
1548 -0.3422463834285736 -0.3529285788536072
1549 -0.9982100129127502 1.1824564933776855
1550 -0.15574924647808075 -0.5560717582702637
1551 -1.489508867263794 1.2462341785430908
1552 -1.1038669347763062 -0.7379226088523865
1553 1.4016011953353882 1.0079902410507202
1554 1.0299125909805298 0.5880029797554016
1555 0.44301334023475647 0.05114257335662842
1556 -1.3824269771575928 1.167226791381836
1557 -0.44704023003578186 0.877605140209198
1558 -1.761042594909668 0.8460962772369385
1559 -0.9133917093276978 1.3730409145355225
1560 -0.001632100436836481 1.867361068725586
1561 -0.2937382757663727 0.36131176352500916
1562 1.418899655342102 0.9106811881065369
1563 -1.5198771953582764 -0.6829748153686523
1564 0.3179551362991333 1.766408085823059
1565 -0.3799428939819336 1.3546236753463745
1566 0.5684588551521301 0.24098147451877594
1567 -0.9604887962341309 1.666062355041504
1568 -0.6575952172279358 -0.030908437445759773
1569 -0.39958295226097107 -0.4659515619277954
1570 -0.46482688188552856 -1.065943956375122
1571 0.47975775599479675 0.13110481202602386
1572 -0.6769209504127502 -0.015688806772232056
1573 0.12092848867177963 -0.04576095566153526
1574 0.928738534450531 -0.11374973505735397
1575 -0.9761711359024048 -0.8783156275749207
1576 -0.9438708424568176 0.5765982866287231
1577 1.0737111568450928 -1.1370059251785278
1578 -0.4824402630329132 0.19082118570804596
1579 -1.4189316034317017 1.321174144744873
1580 0.4776008129119873 0.17003501951694489
1581 0.25820299983024597 -1.5952723026275635
1582 -0.9020954370498657 1.6994118690490723
1583 -1.284043550491333 -0.24738921225070953
1584 -1.0304675102233887 -0.8440297245979309
1585 -0.15288947522640228 -0.553342878818512
1586 0.36947551369667053 -0.698706865310669
1587 1.5954543352127075 0.22957733273506165
1588 -1.22541344165802 -0.22318589687347412
1589 1.3977465629577637 -0.6366559267044067
1590 0.37631094455718994 -1.4188978672027588
1591 -0.7087468504905701 0.7790155410766602
1592 -0.16421210765838623 0.11881006509065628
