381 0.9437852501869202 1.645849585533142
382 0.04283555969595909 -0.09329887479543686
383 0.04283570498228073 -0.0930723175406456
384 0.04228460043668747 -0.09319766610860825
385 0.042836036533117294 -0.09319771081209183
386 0.04283600300550461 -0.09311425685882568
387 0.04248349741101265 -0.09303546696901321
388 0.042815834283828735 -0.09323926270008087
389 0.04228416457772255 -0.09305340051651001
390 0.04281578212976456 -0.09323924779891968
391 0.04283557087182999 -0.09329886734485626
392 0.04281596466898918 -0.09323927015066147
393 0.042835790663957596 -0.09321951866149902
394 0.04272455722093582 -0.09328290820121765
395 0.04313257336616516 -0.09323916584253311
396 0.04283556342124939 -0.09329885244369507
397 0.0428360253572464 -0.09319772571325302
398 0.04313547536730766 -0.09323914349079132
399 0.04283583536744118 -0.09321953356266022
400 0.04283573478460312 -0.09321951866149902
401 0.042836010456085205 -0.09319773316383362
402 0.042284123599529266 -0.0930534303188324
403 0.04296988993883133 -0.09324967116117477
404 0.04228417947888374 -0.09319809824228287
405 0.042835723608732224 -0.09321954846382141
406 0.04283559322357178 -0.09329885989427567
407 0.04283558204770088 -0.09329887479543686
408 0.04228416085243225 -0.09305346757173538
409 0.04285937547683716 -0.09327864646911621
410 0.0428360216319561 -0.09319771081209183
411 0.04272457957267761 -0.09328289330005646
412 0.04283560812473297 -0.09329884499311447
413 0.042284198105335236 -0.0930534228682518
414 0.04283574968576431 -0.09321951121091843
415 0.0428357757627964 -0.09321951866149902
416 0.042284198105335236 -0.09319809824228287
417 0.04283582419157028 -0.09321951121091843
418 0.04283610358834267 -0.09311425685882568
419 0.04283549636602402 -0.09329886734485626
420 0.042724549770355225 -0.09328287094831467
421 0.04258393496274948 -0.09323950111865997
422 0.0427095890045166 -0.09302961081266403
423 0.042835745960474014 -0.09321951121091843
424 0.04241442307829857 -0.09312687814235687
425 0.042835745960474014 -0.09321951866149902
426 0.04283570870757103 -0.09321951121091843
427 0.04272455722093582 -0.09328290075063705
428 0.042836111038923264 -0.09311430156230927
429 0.04343923181295395 -0.08783284574747086
430 0.04283547401428223 -0.09329889714717865
431 0.04248352348804474 -0.09303547441959381
432 0.04258827120065689 -0.0932198166847229
433 0.042969960719347 -0.09324969351291656
434 0.043127913028001785 -0.09323913604021072
435 0.04283582791686058 -0.09321951866149902
436 1.7481428384780884 -0.3463650941848755
437 0.04228420928120613 -0.09305344521999359
438 0.04228401184082031 -0.09326732903718948
439 0.042835745960474014 -0.09321954846382141
440 0.042835600674152374 -0.09329887479543686
441 0.042835481464862823 -0.09320025891065598
442 0.0429702065885067 -0.09324966371059418
443 0.04258923605084419 -0.09318152815103531
444 0.04283559322357178 -0.09329883009195328
445 0.042835988104343414 -0.09311428666114807
446 0.04283573478460312 -0.09321952611207962
447 0.042835768312215805 -0.09321951866149902
448 0.04283569008111954 -0.09321951866149902
449 0.042284272611141205 -0.09305346012115479
450 0.042336709797382355 -0.09319781512022018
451 0.04228418692946434 -0.0930534303188324
452 0.04258829355239868 -0.0932198166847229
453 0.04246518015861511 -0.09329989552497864
454 0.042483534663915634 -0.09303540736436844
455 0.04228423535823822 -0.09305345267057419
456 0.042284172028303146 -0.09305345267057419
457 0.042835574597120285 -0.09329888224601746
458 0.0428355410695076 -0.09329886734485626
459 0.04228419065475464 -0.09319810569286346
460 0.042821936309337616 -0.09323921799659729
461 0.043135154992341995 -0.09323916584253311
462 0.04248342663049698 -0.09306826442480087
463 0.04283582419157028 -0.09321950376033783
464 0.0428355373442173 -0.09329885989427567
465 0.042284123599529266 -0.09319810569286346
466 0.04272446781396866 -0.09323927015066147
467 0.042284127324819565 -0.09319808334112167
468 0.042588233947753906 -0.0932198315858841
469 0.04233008623123169 -0.09369497746229172
470 -0.2579655945301056 0.9317069053649902
471 0.5851495862007141 1.5692224502563477
472 -0.4194643199443817 -0.3511224389076233
473 1.0095126628875732 0.037362467497587204
474 -1.0437142848968506 -0.4036233425140381
475 -0.5203219652175903 -0.019222751259803772
476 -0.11633599549531937 -0.1357220858335495
477 0.5957583785057068 -0.46387699246406555
478 0.8967726826667786 -0.6475839018821716
479 0.2320883870124817 -1.821546196937561
480 -0.01386942993849516 -0.31526467204093933
481 0.025696832686662674 0.22541210055351257
482 -0.32703015208244324 0.12440496683120728
483 -0.13174597918987274 -0.5382887721061707
484 -0.42636534571647644 -0.41021159291267395
485 0.2245946079492569 0.19077473878860474
486 -0.39081069827079773 -0.39732593297958374
487 -1.045412540435791 -1.4944865703582764
488 0.30647867918014526 -0.8830980062484741
489 -0.03184523433446884 -0.44672444462776184
490 -1.2969985008239746 -1.128267526626587
491 -0.1941448301076889 -0.11955004185438156
492 1.0100650787353516 0.04717554897069931
493 -1.676741361618042 -0.4630885720252991
494 -0.038661472499370575 -0.45727789402008057
495 0.0427095927298069 -0.09302964806556702
496 -0.5041571855545044 1.5661166906356812
497 -0.45593148469924927 1.567775845527649
498 0.4350673258304596 -0.2692562937736511
499 1.4317407608032227 0.0851907730102539
500 1.7080729007720947 -0.5442811250686646
501 0.407307505607605 -0.2906714677810669
502 0.4771333336830139 -0.19575074315071106
503 0.18949805200099945 -0.583895206451416
504 1.704930067062378 0.38326555490493774
505 0.3670834004878998 0.6791471838951111
506 0.4494521915912628 -1.0866508483886719
507 -0.041517991572618484 -1.182443618774414
508 1.0802892446517944 -0.6764044165611267
509 1.088923692703247 -0.37874820828437805
510 1.1419795751571655 -0.5318082571029663
511 1.5172362327575684 0.21515391767024994
512 -0.652458667755127 -1.714252233505249
513 0.7993597388267517 0.6491411924362183
514 0.5842444896697998 1.5681310892105103
515 0.38242486119270325 -1.153483271598816
516 0.21237829327583313 0.21218150854110718
517 0.19515638053417206 0.17378585040569305
518 -1.6966276168823242 -0.442192941904068
519 -0.7803553938865662 -1.6043449640274048
520 1.7267038822174072 -0.40272510051727295
521 1.071898102760315 1.1457523107528687
522 0.8639952540397644 1.4005534648895264
523 0.08770711719989777 -1.5318019390106201
524 -0.04297342896461487 0.28758808970451355
525 0.3868551552295685 0.6489256620407104
526 -0.8231874108314514 -1.5761048793792725
527 1.0313960313796997 -0.04129449278116226
528 0.0352151021361351 -1.6015875339508057
529 0.1795833706855774 0.17949196696281433
530 0.09700975567102432 0.645282506942749
531 -0.7048823833465576 1.3500601053237915
532 -0.26856693625450134 -0.8721249103546143
533 1.196029782295227 -1.4627351760864258
534 0.7465126514434814 0.4401134252548218
535 0.8473535776138306 -0.496214896440506
536 -0.24112366139888763 -1.1872384548187256
537 1.735405683517456 -0.438551127910614
538 0.10448610782623291 0.24339555203914642
539 -0.04494072496891022 0.2950590252876282
540 0.489582359790802 -0.24670778214931488
541 1.372036337852478 -0.8072757720947266
542 0.995927631855011 0.10799871385097504
543 0.9320715069770813 1.306078314781189
544 -1.7049697637557983 -0.42416468262672424
545 -0.2993142008781433 0.8122814297676086
546 0.6228757500648499 -0.6111581921577454
547 -0.9458636045455933 0.6133521795272827
548 1.3876473903656006 0.021078139543533325
549 -0.6979695558547974 0.7225103974342346
550 0.8183310031890869 -1.3478730916976929
551 -0.38967829942703247 -0.3935205936431885
552 -0.06619103997945786 1.2416538000106812
553 -0.6327304244041443 -0.9784096479415894
554 1.691940188407898 0.3941476047039032
555 0.8723055124282837 -1.6479244232177734
556 -1.126495599746704 0.007620953023433685
557 -0.7490715384483337 0.11146198213100433
558 0.0117001598700881 -0.4991486072540283
559 0.7001444101333618 -1.7335928678512573
560 -0.39912426471710205 -0.3960653245449066
561 -0.682925820350647 0.09063165634870529
562 -1.1205288171768188 -0.2982030212879181
563 -1.1200549602508545 -0.26644518971443176
564 -0.3350064754486084 0.4051060676574707
565 0.007234376855194569 -0.47564437985420227
566 1.6131813526153564 0.1451186239719391
567 0.4521103799343109 0.7678694725036621
568 0.3930041193962097 -1.1502494812011719
569 1.4689823389053345 -1.2006922960281372
570 -0.6734067797660828 0.7447100281715393
571 0.00909917801618576 -0.4856506586074829
572 -0.8718218803405762 -0.8477428555488586
573 0.16296160221099854 0.13197718560695648
574 -1.183824896812439 -0.24398356676101685
575 -1.488287091255188 0.752963125705719
576 0.0029617915861308575 -0.4865557849407196
577 0.3863496482372284 -0.07709784060716629
578 1.083750605583191 -0.6343017816543579
579 0.004939812235534191 -0.4906596839427948
580 0.004807486664503813 -0.49269524216651917
581 -0.19463245570659637 -1.8292171955108643
582 -1.5523439645767212 -0.7727641463279724
583 0.8220217823982239 -1.3357863426208496
584 -0.8215988278388977 0.7645577192306519
585 -0.23883368074893951 -0.9692509174346924
586 0.10508094727993011 0.22313439846038818
587 1.0970218181610107 -0.6094897985458374
588 1.5680499076843262 0.6148515343666077
589 -0.8044545650482178 1.3902121782302856
590 -0.9175741672515869 -1.5325807332992554
591 -1.4538474082946777 -0.9488723874092102
592 -0.08359432220458984 -0.4677288830280304
593 -1.4360679388046265 0.8097852468490601
594 -1.6364561319351196 0.3759614825248718
595 -0.2830534875392914 -1.0270668268203735
596 -0.7651341557502747 -0.8973616361618042
597 -0.41347479820251465 0.13824908435344696
598 -0.8310657143592834 -0.8468455672264099
599 1.3793504238128662 0.019120916724205017
600 0.7647554874420166 1.446496605873108
601 0.20983727276325226 0.22272615134716034
602 -0.18837712705135345 0.7562167048454285
603 -1.521014928817749 0.6847890615463257
604 0.41671448945999146 -0.08249315619468689
605 -0.3583109676837921 0.08826525509357452
606 -0.7053115963935852 -1.6831763982772827
607 -0.536965012550354 0.15335743129253387
608 1.1376724243164062 -0.40855321288108826
609 -0.06310093402862549 1.6592494249343872
610 -0.5939461588859558 0.05127466842532158
611 -0.30301985144615173 0.8649382591247559
612 -0.01843678578734398 0.8728705048561096
613 1.4813549518585205 0.8074639439582825
614 -0.40161722898483276 -0.3943234384059906
615 0.4280845820903778 -0.048191145062446594
616 0.04228419438004494 -0.0930534154176712
617 0.44272276759147644 1.2418359518051147
618 1.1563019752502441 -0.30003583431243896
619 0.1705099642276764 0.14659544825553894
620 -0.4639213979244232 -0.4022911489009857
621 0.7443611025810242 -1.3615095615386963
622 -0.009111608378589153 -0.4920247793197632
623 -0.15231379866600037 -1.2065414190292358
624 0.8717082738876343 0.29179826378822327
625 0.8488554954528809 0.272480845451355
626 -0.298290878534317 0.8144380450248718
627 0.3907795548439026 0.6706642508506775
628 -1.4882265329360962 0.8869572877883911
629 -0.027399959042668343 -0.4416486322879791
630 0.7977554798126221 0.6541648507118225
631 -1.0815980434417725 -0.3436240553855896
632 0.008512664586305618 -0.4964000880718231
633 0.4367098808288574 -0.2663702964782715
634 1.175537109375 -0.7990477681159973
635 -1.057768702507019 1.330352544784546
636 -1.2128679752349854 0.12228398025035858
637 -0.41782236099243164 0.14058919250965118
638 -0.22005079686641693 -1.2094361782073975
639 -0.22005265951156616 -1.2094296216964722
640 -0.06347031891345978 -0.09516414254903793
641 1.0964585542678833 -0.6132993698120117
642 0.04070659726858139 1.6341317892074585
643 1.099949836730957 -0.5884043574333191
644 -0.9343829154968262 -0.7438132166862488
645 -1.647822380065918 0.28700950741767883
646 0.4255342185497284 -0.05956698954105377
647 0.014117931947112083 -0.5115584135055542
648 0.6001800894737244 -0.7727707028388977
649 -0.088303342461586 -0.09780781716108322
650 0.6802183985710144 -0.6683598160743713
651 -0.9364712238311768 1.416163444519043
652 -1.640775203704834 0.29194217920303345
653 -1.670681357383728 0.0194382406771183
654 0.7465106248855591 0.44010689854621887
655 0.14028792083263397 -0.5166777968406677
656 -0.6645022630691528 0.07521377503871918
657 -0.20198476314544678 -1.8345938920974731
658 -0.056433964520692825 -1.183327555656433
659 0.4270074963569641 -0.10284554958343506
660 -0.22427727282047272 -0.45450589060783386
661 -0.41262656450271606 -0.010746135376393795
662 -1.6717206239700317 -0.13759998977184296
663 -0.4016430675983429 0.8985978364944458
664 -0.38601014018058777 -0.528974711894989
665 1.0897657871246338 1.1931648254394531
666 -1.2362223863601685 1.1631280183792114
667 0.1130404993891716 0.2412981390953064
668 -0.5693436861038208 0.027851324528455734
669 -1.186946988105774 1.2244402170181274
670 -0.40167343616485596 -0.3510429263114929
671 0.07064082473516464 -1.165075659751892
672 1.574338674545288 0.6082493662834167
673 -1.332098364830017 1.0008296966552734
674 1.095481038093567 1.1481389999389648
675 -0.4386630654335022 0.1731129139661789
676 -0.05641886219382286 -1.1833314895629883
677 -1.4675183296203613 0.7942370176315308
678 -0.24168597161769867 0.15749108791351318
679 -1.3382394313812256 -1.1371043920516968
680 -0.7500008940696716 0.12178457528352737
681 0.7943968176841736 1.1194992065429688
682 -0.0008292856509797275 1.2619304656982422
683 -0.8508820533752441 -1.5663654804229736
684 -0.22260622680187225 -1.052260160446167
685 -0.8242841958999634 0.7735745310783386
686 -0.00012508686631917953 -0.5080194473266602
687 -0.2247285395860672 0.7717300653457642
688 0.43866243958473206 -0.2745414674282074
689 0.12792500853538513 0.2553749084472656
690 -0.06095419079065323 0.29264628887176514
691 -0.638065755367279 -1.7193048000335693
692 0.3890106976032257 0.649139404296875
693 0.3978137671947479 0.6505381464958191
694 0.0034674496855586767 0.24515755474567413
695 -0.8720536828041077 -0.8101398944854736
696 -1.5603773593902588 -0.7684897184371948
697 0.4264058470726013 -0.07479228079319
698 -0.9947048425674438 -1.5010740756988525
699 0.31137311458587646 0.01827836036682129
700 0.44284674525260925 1.2562520503997803
701 -0.673437237739563 -0.29696977138519287
702 -0.8729392886161804 -0.7984523177146912
703 0.4306775629520416 0.6300360560417175
704 0.9779548048973083 1.29209303855896
705 0.8507407903671265 0.2724951505661011
706 -1.341989517211914 -1.1239672899246216
707 -0.2393832504749298 -1.1053791046142578
708 0.1091991513967514 0.2402605563402176
709 0.27744153141975403 0.09209674596786499
710 0.8990175724029541 -0.8174669742584229
711 0.6793949604034424 0.6529069542884827
712 0.8443981409072876 0.2887483239173889
713 -1.0492533445358276 1.338160514831543
714 -1.6639318466186523 0.2067459225654602
715 -0.019776832312345505 -0.4472865164279938
716 0.8932557702064514 1.2940863370895386
717 0.09997069835662842 1.2329856157302856
718 -0.06353331357240677 1.6590428352355957
719 1.7976582050323486 -0.1430172473192215
720 0.2298305481672287 1.3400427103042603
721 1.657202959060669 -0.8116002082824707
722 0.2796815037727356 0.11288899183273315
723 -0.9105383157730103 1.3566608428955078
724 0.0632467120885849 0.20437735319137573
725 -1.6570534706115723 0.21347208321094513
726 -1.0299443006515503 0.5339040756225586
727 1.0664758682250977 -0.17829713225364685
728 -1.0494434833526611 -0.40344011783599854
729 -0.24460946023464203 -1.1773678064346313
730 0.11234182119369507 1.2343463897705078
731 0.4359438419342041 -0.2673501968383789
732 -0.1359492838382721 -0.026608766987919807
733 -0.38245469331741333 -0.35774049162864685
734 -1.6571416854858398 -0.1215861365199089
735 0.2534448206424713 0.763370931148529
736 -0.2301810085773468 -0.43194660544395447
737 -0.567366898059845 1.5450125932693481
738 -1.1211224794387817 -0.273584246635437
739 -0.8721883296966553 0.6947246193885803
740 0.5230970978736877 -0.7141176462173462
741 -1.4973572492599487 0.7530775666236877
742 1.3585623502731323 -0.046217598021030426
743 1.7489476203918457 -0.31974485516548157
744 -1.2615740299224854 1.1576341390609741
745 1.7511597871780396 -0.3172995448112488
746 -1.6409366130828857 0.30876362323760986
747 -0.3686900734901428 0.18183380365371704
748 -0.4625498950481415 0.16841945052146912
749 -0.42613425850868225 -0.3825547695159912
750 -1.4024882316589355 0.8794463872909546
751 0.3937331736087799 0.6289569735527039
752 -0.3007763624191284 0.8514805436134338
753 -0.8350436687469482 0.8044944405555725
754 -0.9505418539047241 -1.5229579210281372
755 1.4020764827728271 -1.296380639076233
756 0.58378005027771 1.5709540843963623
757 -1.3466072082519531 -1.1094956398010254
758 -1.6084022521972656 0.41836389899253845
759 0.4857443869113922 -0.2641415297985077
760 -1.337001919746399 1.0753388404846191
761 -0.19150491058826447 0.1695917844772339
762 -1.7024625539779663 -0.2060130387544632
763 -1.6784969568252563 0.017705461010336876
764 -0.8330010175704956 -0.10948260873556137
765 -0.9997684955596924 -1.4948354959487915
766 0.5842215418815613 1.5681440830230713
767 -1.5823837518692017 -0.023781580850481987
768 -0.041046615689992905 0.28740230202674866
769 0.4429070055484772 0.7688472867012024
770 -1.6381027698516846 0.09619098156690598
771 0.986437201499939 0.04990086331963539
772 -0.21869400143623352 -0.11600559949874878
773 0.8446701765060425 0.3457590639591217
774 0.4347034692764282 -0.27294525504112244
775 -0.7323499917984009 0.08222895115613937
776 0.41015303134918213 -0.07886765897274017
777 0.1533491313457489 -1.791543960571289
778 -0.02494281902909279 -0.43945544958114624
779 -0.26909396052360535 -1.827222228050232
780 -0.3893481492996216 -0.35090354084968567
781 -0.4492388963699341 -1.7836966514587402
782 0.9337631464004517 -0.8380209803581238
783 -1.5292553901672363 0.6648831963539124
784 0.3958485424518585 0.6374549269676208
785 0.3991560935974121 -0.29293882846832275
786 1.0745421648025513 -0.6846243739128113
787 0.4034709334373474 -0.7881564497947693
788 0.18303602933883667 0.19194798171520233
789 1.2813936471939087 1.1071182489395142
790 -1.673759937286377 -0.49082982540130615
791 -0.042513858526945114 -0.4543391764163971
792 -0.898175835609436 -0.8009627461433411
793 0.6618785262107849 -0.6774489879608154
794 -0.43452444672584534 -0.3608086109161377
795 0.3703140914440155 -1.1824607849121094
796 -0.5312236547470093 -0.4021320939064026
797 -0.10040871053934097 1.6592566967010498
798 1.2585020065307617 -0.39426225423812866
799 0.8655190467834473 1.3948100805282593
800 1.4805828332901 0.7943549156188965
801 -1.114943265914917 -0.31873250007629395
802 -0.07908424735069275 0.2973344624042511
803 0.540628969669342 -0.3737124800682068
804 1.737885594367981 -0.3319081962108612
805 -1.1935921907424927 1.219962477684021
806 0.1798173189163208 1.2775861024856567
807 1.0598607063293457 -0.17271554470062256
808 0.8993587493896484 1.3131505250930786
809 0.03888304904103279 -1.557586431503296
810 1.2906594276428223 1.083892822265625
811 0.481525719165802 -1.823622703552246
812 1.5507028102874756 0.6819338798522949
813 -0.43267497420310974 1.5871548652648926
814 0.35945388674736023 -0.31955745816230774
815 0.6754084825515747 0.6405431628227234
816 -1.0282491445541382 -1.4906880855560303
817 0.1945226639509201 0.16600975394248962
818 0.8610060214996338 0.26899832487106323
819 -0.2989274263381958 0.85621577501297
820 -1.4650416374206543 0.8457645177841187
821 0.47061866521835327 1.2634245157241821
822 -0.7716045379638672 0.7079131603240967
823 0.8551616668701172 0.2818431854248047
824 -1.6709644794464111 -0.4923185706138611
825 0.521923840045929 -0.4316699206829071
826 0.18097688257694244 1.3296173810958862
827 -0.2954278886318207 0.7964248061180115
828 -1.0965653657913208 -0.3276594877243042
829 0.7187240123748779 -1.7301485538482666
830 -0.08169775456190109 -0.15803658962249756
831 1.099297285079956 1.1380505561828613
832 -0.8315229415893555 -0.8502461314201355
833 -1.6727869510650635 -0.49122709035873413
834 -0.16214366257190704 -0.003963698633015156
835 -0.4357644319534302 1.5863394737243652
836 -0.19243189692497253 -1.8296219110488892
837 0.8538153171539307 0.26530733704566956
838 1.232450008392334 -1.4423260688781738
839 -0.1348423957824707 -0.09991537034511566
840 -1.3958131074905396 0.8917087912559509
841 -0.7714958786964417 0.702790379524231
842 0.6452769637107849 -1.0584355592727661
843 0.2611784338951111 -1.1819859743118286
844 0.4189877510070801 -0.06982963532209396
845 0.4794733226299286 1.2105295658111572
846 -0.7086214423179626 -1.6560732126235962
847 -0.013140872120857239 0.24695105850696564
848 0.4397706687450409 0.7373667359352112
849 -0.045413922518491745 -0.4464009702205658
850 1.1161906719207764 -0.41388842463493347
851 0.4835377335548401 -0.28981679677963257
852 1.013400673866272 0.03874552994966507
853 1.5575387477874756 -1.0261787176132202
854 0.5517330765724182 -0.8047422170639038
855 -1.6265981197357178 0.3947990834712982
856 -0.7904271483421326 0.7041864395141602
857 0.04228424280881882 -0.0930534154176712
858 1.5909361839294434 0.6159393787384033
859 -0.2941317856311798 0.9006343483924866
860 0.67319256067276 -1.7469139099121094
861 -0.22502954304218292 -1.0784157514572144
862 0.8459540605545044 0.2974080741405487
863 0.9386658668518066 0.22594726085662842
864 -1.1075825691223145 -0.31672269105911255
865 -0.9646466374397278 1.3957444429397583
866 1.0161494016647339 -0.04073447734117508
867 -0.47655028104782104 -1.3085882663726807
868 0.9106760025024414 0.2421940714120865
869 0.11120389401912689 0.23007701337337494
870 -1.0786759853363037 -1.3857088088989258
871 0.2569129168987274 -0.9153568148612976
872 -0.7354687452316284 -1.625707745552063
873 -1.0778803825378418 -0.3495688736438751
874 0.7908578515052795 0.6456623077392578
875 1.1263540983200073 -0.5215383172035217
876 -0.15132631361484528 -0.032981134951114655
877 -0.028072118759155273 -0.4404376745223999
878 0.4971301853656769 -0.8206549286842346
879 0.22194524109363556 0.20242169499397278
880 1.6426671743392944 -0.8424952626228333
881 -0.03930387273430824 -0.4421515166759491
882 0.42456698417663574 -0.03398338705301285
883 -0.22137314081192017 -0.44962286949157715
884 0.06430567055940628 -0.5730807781219482
885 1.3753610849380493 0.019040977582335472
886 0.2991609275341034 -1.1571797132492065
887 -0.7742303609848022 -1.6076894998550415
888 -0.11142347007989883 -0.471475750207901
889 0.8193511366844177 -1.3477754592895508
890 -0.43900710344314575 0.10989176481962204
891 -0.14155511558055878 -1.2041244506835938
892 0.2987714409828186 -0.8896687626838684
893 0.01228419505059719 -0.5089857578277588
894 0.4881038963794708 -0.2479076087474823
895 -0.9350538849830627 1.4170887470245361
896 0.6806355118751526 -1.7413086891174316
897 0.17888961732387543 0.6407529711723328
898 0.7587370276451111 0.49444687366485596
899 0.4232790768146515 -0.09938882291316986
900 -1.0674678087234497 -1.4707133769989014
901 -0.45832595229148865 0.1735384166240692
902 0.42310503125190735 -0.06485206633806229
903 -1.4810981750488281 0.7665675282478333
904 -0.7878590226173401 0.1976102888584137
905 0.7741146683692932 0.6661168336868286
906 -1.051809549331665 0.4191325604915619
907 0.007349813356995583 -0.4758143424987793
908 -0.4610576033592224 0.16953174769878387
909 -1.553483009338379 -0.768837034702301
910 0.9880927205085754 -1.0242782831192017
911 -0.30208414793014526 0.8051969408988953
912 0.42953580617904663 -0.04224908724427223
913 -0.39265111088752747 -0.367697536945343
914 1.4746326208114624 -1.1919468641281128
915 -0.4949762523174286 1.5579372644424438
916 -0.12970739603042603 1.6577666997909546
917 -0.19379249215126038 -1.8366872072219849
918 1.7053968906402588 -0.51833575963974
919 1.1160560846328735 1.2078815698623657
920 -0.44921883940696716 -1.78370201587677
921 -0.8253477811813354 0.7608278393745422
922 -0.03349465876817703 -0.4420750141143799
923 0.4723115861415863 -0.2696860730648041
924 -0.8505967855453491 -0.8347088694572449
925 0.24295532703399658 -1.8242571353912354
926 0.7875171303749084 0.6430984139442444
927 -1.3105041980743408 -1.2337783575057983
928 0.3966332972049713 0.6367387771606445
929 -1.3151682615280151 1.1122628450393677
930 -0.49052730202674866 0.06135622784495354
931 1.7380527257919312 -0.3279794752597809
932 -0.8551774024963379 -0.8298682570457458
933 -0.500336766242981 0.02598060667514801
934 -1.4752250909805298 0.7757131457328796
935 -1.6545099020004272 -0.12192803621292114
936 -0.8537973761558533 -0.8219065070152283
937 0.6346936821937561 -0.6828264594078064
938 0.8715528845787048 0.304958701133728
939 -0.24418561160564423 -1.1807093620300293
940 0.1753639429807663 -1.3459393978118896
941 -1.3427927494049072 -1.1195173263549805
942 -1.2109394073486328 -1.3255192041397095
943 0.8623836040496826 -1.6569266319274902
944 1.4499564170837402 0.08262157440185547
945 0.7175596356391907 -1.24583899974823
946 -0.37608614563941956 0.11743934452533722
947 -0.9174985289573669 -1.5326268672943115
948 -0.3781093955039978 -0.3526919484138489
949 -0.34460270404815674 -0.8643203377723694
950 -1.6589524745941162 0.006694421637803316
951 -0.863670825958252 0.6624497175216675
952 1.098298192024231 -0.6011406779289246
953 -0.19309164583683014 0.13862913846969604
954 0.5000325441360474 -0.828596293926239
955 1.2923359870910645 1.0873534679412842
956 1.3918505907058716 0.02003762498497963
957 0.4746967554092407 -0.4270339608192444
958 -0.05891510099172592 -0.12025021016597748
959 -1.6950011253356934 -0.45083510875701904
960 0.11644190549850464 0.23745454847812653
961 -0.6953446865081787 0.2535460293292999
962 0.5714851021766663 1.5645114183425903
963 0.6219995021820068 -0.6480335593223572
964 -0.21472592651844025 -1.2072314023971558
965 0.051517415791749954 1.3404637575149536
966 -0.4237740635871887 1.5888804197311401
967 -0.8537306785583496 -0.8223690390586853
968 0.022692175582051277 -0.5265644192695618
969 1.638533592224121 0.15090103447437286
970 0.0855635404586792 -1.5521608591079712
971 -1.1021628379821777 -1.3463077545166016
972 0.4668903052806854 -0.2671053111553192
973 0.19630320370197296 -1.7974518537521362
974 -0.052140574902296066 1.6586947441101074
975 -1.6640641689300537 -0.09914997220039368
976 1.0993387699127197 -0.6306825876235962
977 0.9388017654418945 -1.615541696548462
978 0.1400093287229538 -1.7785837650299072
979 0.46695274114608765 -0.26971539855003357
980 0.17467132210731506 -1.7929607629776
981 0.4323509931564331 0.708649218082428
982 1.1395087242126465 -0.8369098901748657
983 -1.2132211923599243 -1.3124877214431763
984 0.34119051694869995 0.059372760355472565
985 -1.1212559938430786 -0.2728746831417084
986 -0.8749528527259827 0.6201645731925964
987 0.6612457633018494 -1.177679419517517
988 1.0384783744812012 -0.9471994042396545
989 0.025306575000286102 0.23049557209014893
990 -0.44690456986427307 -1.7842576503753662
991 -1.4269436597824097 0.11784641444683075
992 -1.0334752798080444 1.350404977798462
993 0.4778664708137512 -0.3362106382846832
994 0.14028368890285492 -0.5569557547569275
995 1.4742487668991089 0.8039793372154236
996 0.38318967819213867 -0.08448338508605957
997 -1.0912058353424072 -0.338542640209198
998 -0.4523913860321045 -1.7823559045791626
999 0.4326290190219879 1.508596420288086
1000 -0.4506707489490509 -1.7826497554779053
1001 1.7044577598571777 0.3881169557571411
1002 0.8520504236221313 -1.6612228155136108
1003 0.37049242854118347 1.5264235734939575
1004 -0.0004617474041879177 0.19471345841884613
1005 -0.5532410144805908 0.1567188948392868
1006 1.0972108840942383 -0.5907579064369202
1007 -0.04511484503746033 -1.1821171045303345
1008 -0.6074663400650024 0.04767952486872673
1009 0.8655200004577637 1.3948112726211548
1010 0.05921567976474762 1.6045304536819458
1011 -0.0003458675928413868 -0.4717312157154083
1012 -1.6049432754516602 0.4123011529445648
1013 0.1880115419626236 0.18054498732089996
1014 -0.2789275348186493 -0.9945526719093323
1015 0.7399844527244568 -0.8155796527862549
1016 -0.129580557346344 -0.06622248142957687
1017 0.5818667411804199 1.5633430480957031
1018 1.1891756057739258 0.5530205368995667
1019 0.3119555115699768 0.09991408884525299
1020 0.1620369255542755 -1.6870076656341553
1021 -1.6793020963668823 -0.4540560245513916
1022 0.11801465600728989 0.25078901648521423
1023 -0.8618802428245544 -0.8170881271362305
1024 1.6166788339614868 -0.9075800180435181
1025 0.11444002389907837 0.24110986292362213
1026 -0.08725164085626602 -0.06751854717731476
1027 0.6683406233787537 -0.6591724753379822
1028 1.1075026988983154 1.1263182163238525
1029 -0.4690522849559784 0.09337330609560013
1030 0.40637972950935364 -0.2935551404953003
1031 0.9849844574928284 -1.0061676502227783
1032 0.925748884677887 -0.8839490413665771
1033 0.011324746534228325 -0.4880392551422119
1034 1.2816798686981201 1.1067959070205688
1035 0.025246698409318924 0.23088021576404572
1036 0.10866119712591171 -0.6102651357650757
1037 -0.7573181986808777 0.13566948473453522
1038 -1.439290165901184 0.2069692760705948
1039 1.7267382144927979 -0.4035132825374603
1040 0.46810340881347656 -0.2647286057472229
1041 0.41274788975715637 -0.07009149342775345
1042 0.5823596119880676 1.569088101387024
1043 0.5639851093292236 1.5621297359466553
1044 -1.6939295530319214 -0.447653591632843
1045 0.8243184089660645 0.36634355783462524
1046 0.6451897621154785 -1.762770414352417
1047 -0.8299731612205505 0.7691986560821533
1048 0.1629105508327484 0.1320439577102661
1049 -1.5569559335708618 -0.766546368598938
1050 -0.30229705572128296 0.8568395376205444
1051 -0.11698159575462341 -1.1974784135818481
1052 -0.9079501628875732 0.5569732189178467
1053 -1.6427959203720093 0.30189457535743713
1054 1.7004538774490356 0.3879742920398712
1055 -0.6813300848007202 -1.7005428075790405
1056 0.43643367290496826 0.7396393418312073
1057 0.45152372121810913 0.7664819359779358
1058 -1.4835305213928223 0.7552646398544312
1059 -0.5804610252380371 0.0020524016581475735
1060 -0.17740947008132935 0.33343634009361267
1061 -1.402379035949707 0.8804870247840881
1062 -1.6546812057495117 0.003345276229083538
1063 0.1086493581533432 1.2234100103378296
1064 -1.3484444618225098 -1.1065330505371094
1065 1.5947065353393555 0.6011465787887573
1066 -0.3447878062725067 0.3985004127025604
1067 0.3587036728858948 -1.1819649934768677
1068 0.011610505171120167 -0.48554274439811707
1069 0.7085145711898804 0.6366042494773865
1070 0.16598477959632874 0.6420641541481018
1071 1.3465864658355713 1.0601974725723267
1072 0.5527753829956055 -0.35057252645492554
1073 0.8736473321914673 -1.648224949836731
1074 0.707788348197937 0.6483378410339355
1075 -0.0649276077747345 -0.09336404502391815
1076 0.4861871898174286 -0.7779791951179504
1077 -0.2546849846839905 -1.1573508977890015
1078 -0.030194802209734917 -0.4405936300754547
1079 0.3064775764942169 -0.8830986618995667
1080 0.12794731557369232 0.2450961172580719
1081 -0.04934294894337654 -0.4510333836078644
1082 -0.45818933844566345 1.5765643119812012
1083 -0.8007143139839172 1.4118695259094238
1084 -0.3884408175945282 -0.3525107502937317
1085 -0.03538111224770546 -0.4386945962905884
1086 -1.4752949476242065 -0.9061773419380188
1087 0.9076095223426819 -1.6277790069580078
1088 0.39514973759651184 -0.12612539529800415
1089 0.0038547897711396217 0.19957754015922546
1090 -1.1784995794296265 0.1268734484910965
1091 0.5443528294563293 -1.7995778322219849
1092 0.21347659826278687 0.7288089394569397
1093 0.03486606851220131 1.6360291242599487
1094 -0.859377920627594 -0.8240718841552734
1095 0.1140037551522255 0.23814980685710907
1096 1.0661616325378418 -0.2676478922367096
1097 0.8989951014518738 -1.636989951133728
1098 -0.5859205722808838 -0.46248698234558105
1099 0.019221795722842216 0.21985279023647308
1100 0.20040856301784515 1.603219747543335
1101 -1.1688021421432495 0.17613837122917175
1102 -0.700751006603241 -1.6527520418167114
1103 -0.3427305221557617 -0.8546609878540039
1104 -1.116018533706665 0.2664794623851776
1105 0.4454896152019501 -0.2713896930217743
1106 0.13430771231651306 0.6456406712532043
1107 -0.8590349555015564 -0.8238704204559326
1108 1.5593106746673584 0.1328398436307907
1109 -0.4114575684070587 -0.411452978849411
1110 0.2730403542518616 0.06398399919271469
1111 1.6537227630615234 0.4711315333843231
1112 -0.028706487268209457 -0.4405154287815094
1113 0.22228170931339264 0.20578093826770782
1114 1.4948358535766602 -0.9574329853057861
1115 0.4325484335422516 -0.04971187561750412
1116 0.4342435598373413 0.7426146268844604
1117 -0.34248700737953186 0.15679733455181122
1118 0.4792453646659851 -0.27095767855644226
1119 -0.568915843963623 -1.010188341140747
1120 1.7668671607971191 -0.06491236388683319
1121 1.58432936668396 0.5193597078323364
1122 -1.7066649198532104 -0.4262978136539459
1123 1.5763845443725586 0.5998611450195312
1124 -0.2953314483165741 0.8645780086517334
1125 -1.5402635335922241 0.644322395324707
1126 0.04279780015349388 0.1936519294977188
1127 1.7044613361358643 0.38812386989593506
1128 -0.3969942629337311 -0.39570295810699463
1129 0.029582060873508453 -1.1788489818572998
1130 0.049265000969171524 -1.170750379562378
1131 -0.387886106967926 -0.6215478777885437
1132 1.2879396677017212 1.1015080213546753
1133 0.42341548204421997 -0.057057127356529236
1134 -1.1878445148468018 -0.04521841183304787
1135 0.40891486406326294 -1.136552333831787
1136 0.12769663333892822 0.25051841139793396
1137 0.6239891052246094 -1.1581134796142578
1138 1.081764578819275 1.1555593013763428
1139 -0.30135321617126465 0.8488026857376099
1140 0.8502144813537598 -1.6620887517929077
1141 0.39188480377197266 -1.1395598649978638
1142 0.23408515751361847 0.20665544271469116
1143 1.7332607507705688 -0.4108961224555969
1144 1.6928470134735107 0.17803670465946198
1145 -1.0166990756988525 1.3653167486190796
1146 -0.3005595803260803 0.8542890548706055
1147 0.49401190876960754 -1.812037467956543
1148 -0.29921671748161316 0.8545570969581604
1149 -1.1281336545944214 0.1426153928041458
1150 -0.19413965940475464 -0.1195673868060112
1151 0.19067175686359406 1.3111661672592163
1152 -0.8162491917610168 0.7655919790267944
1153 0.390336275100708 -1.132153034210205
1154 0.8282675743103027 -1.335968255996704
1155 0.6428833603858948 -1.1553806066513062
1156 -0.4058019816875458 -0.4137973189353943
1157 -0.37797996401786804 -0.3468586504459381
1158 0.45003771781921387 -0.27436497807502747
1159 0.029669826850295067 0.20481467247009277
1160 -0.39157965779304504 -0.3513786196708679
1161 -0.09799274057149887 -0.13044816255569458
1162 0.44864824414253235 0.7702036499977112
1163 0.007223969791084528 -0.4756186604499817
1164 0.21178142726421356 0.19691629707813263
1165 0.007751028053462505 -0.47702181339263916
1166 -0.33966323733329773 0.11930631846189499
1167 0.03956577926874161 1.6272612810134888
1168 0.47429829835891724 -0.27212926745414734
1169 0.2906184792518616 -1.1639059782028198
1170 -1.517473816871643 0.6925739645957947
1171 0.5040544867515564 1.2338050603866577
1172 -0.3779798150062561 -0.34686005115509033
1173 1.4713019132614136 -1.197090983390808
1174 0.8475882411003113 0.2894388437271118
1175 1.156017541885376 -0.29879820346832275
1176 0.5140615105628967 -0.8048761487007141
1177 -0.015183736570179462 1.659137487411499
1178 -0.17764800786972046 -1.8292382955551147
1179 1.6127182245254517 -0.9187686443328857
1180 -0.14973394572734833 -0.030881980434060097
1181 -0.2957894206047058 0.8107672929763794
1182 0.4631645381450653 0.8364080190658569
1183 -1.2182155847549438 -1.3211236000061035
1184 0.018600579351186752 0.20365849137306213
1185 -0.08524622768163681 -0.0711822509765625
1186 -1.0388240814208984 -1.4906777143478394
1187 -1.0847629308700562 1.3170902729034424
1188 0.8665918111801147 0.28923165798187256
1189 -1.1362659931182861 0.031214337795972824
1190 -0.028509467840194702 -0.4455098509788513
1191 -0.7683994174003601 0.711845874786377
1192 1.7502340078353882 -0.3198518753051758
1193 1.7007428407669067 0.3882013261318207
1194 0.18932710587978363 0.17687782645225525
1195 0.009317049756646156 -0.5011749267578125
1196 -0.6739816665649414 0.08421039581298828
1197 0.5366154909133911 -0.3716828227043152
1198 0.8430610299110413 0.3991166651248932
1199 -0.6858447790145874 -0.9897615909576416
1200 0.10823261737823486 -0.6438612341880798
1201 -0.41251254081726074 0.12572069466114044
1202 -0.36809518933296204 -1.0006169080734253
1203 1.3534693717956543 1.0524005889892578
1204 -0.2416810691356659 0.15748347342014313
1205 0.10149267315864563 -1.6756176948547363
1206 -0.4565127193927765 -0.48002904653549194
1207 -0.4492591321468353 1.580525517463684
1208 0.06948906928300858 -1.4182112216949463
1209 -1.6150014400482178 0.41706186532974243
1210 -0.39721396565437317 0.8793931603431702
1211 1.0461347103118896 -1.5653563737869263
1212 0.7533082365989685 1.4616504907608032
1213 0.1971600204706192 0.6315577626228333
1214 0.08872417360544205 0.6922924518585205
1215 0.39685529470443726 -0.08230932056903839
1216 0.841439425945282 0.2826871871948242
1217 1.0551337003707886 -0.2613418996334076
1218 -0.300114244222641 0.13270361721515656
1219 0.34179627895355225 -1.8522802591323853
1220 -0.8192780017852783 0.6926793456077576
1221 0.47525811195373535 -0.2647061049938202
1222 -0.3942466080188751 -0.5298776626586914
1223 0.4983428716659546 -0.824064314365387
1224 1.7958403825759888 -0.15126554667949677
1225 0.12803465127944946 0.25881683826446533
1226 0.47060006856918335 -0.2650560140609741
1227 -0.7562878727912903 -0.8960055112838745
1228 -1.2132489681243896 -0.06593835353851318
1229 0.5573228001594543 -0.35078951716423035
1230 -0.039745260030031204 -1.182580590248108
1231 -0.035363852977752686 -0.45065099000930786
1232 -1.0923714637756348 0.2473042756319046
1233 0.23773743212223053 -1.847182273864746
1234 -0.5185163021087646 -0.004290361888706684
1235 0.3763006627559662 -0.08392524719238281
1236 1.1764785051345825 -0.7998867630958557
1237 -0.6385498046875 1.506120204925537
1238 -0.292746365070343 0.8187286853790283
1239 1.7619119882583618 -0.04181091859936714
1240 -0.12790507078170776 -0.06893998384475708
1241 0.5811998844146729 1.5680506229400635
1242 1.0863085985183716 1.220387578010559
1243 -0.14228704571723938 -0.022362062707543373
1244 0.48228275775909424 -0.2644970417022705
1245 1.4671839475631714 0.8342861533164978
1246 -0.8551366329193115 -0.8299087285995483
1247 0.16675136983394623 0.6480735540390015
1248 -1.03730309009552 1.2326701879501343
1249 -1.0345290899276733 0.5323002338409424
1250 0.39080876111984253 -0.12287579476833344
1251 -0.5436484813690186 0.06375372409820557
1252 -0.014413205906748772 1.662366509437561
1253 -1.0589536428451538 -1.474254846572876
1254 -1.5732017755508423 0.5664807558059692
1255 0.16415756940841675 0.1547362357378006
1256 -0.566536009311676 0.07092199474573135
1257 1.1291139125823975 -0.4325350522994995
1258 -0.8371841311454773 -0.21032775938510895
1259 0.0074305664747953415 -0.4947444498538971
1260 -0.18428829312324524 -1.8274755477905273
1261 0.23971277475357056 -1.8249092102050781
1262 0.4950508773326874 -0.4106481969356537
1263 -0.45616069436073303 -0.4803037941455841
1264 -0.04769493639469147 1.6594982147216797
1265 0.9059386849403381 1.3016183376312256
1266 1.6297420263290405 -0.8564454913139343
1267 -0.040861576795578 -0.4451681971549988
1268 -1.150977373123169 0.19433185458183289
1269 0.5786758065223694 1.5635489225387573
1270 -1.0589332580566406 -0.37585800886154175
1271 0.3298293948173523 -1.1823393106460571
1272 0.14983533322811127 0.6552778482437134
1273 -0.22558562457561493 -0.06004699692130089
1274 -0.7245969176292419 1.403711199760437
1275 -0.5277449488639832 -0.4080308675765991
1276 0.48771363496780396 -0.41495850682258606
1277 0.2922457158565521 -1.8580275774002075
1278 -0.045446548610925674 1.6596943140029907
1279 0.1245679184794426 -0.7026286125183105
1280 0.14351975917816162 -0.5646954774856567
1281 -0.17106512188911438 -0.006900137290358543
1282 -1.6772639751434326 0.06451357901096344
1283 -0.7338733077049255 0.1361246258020401
1284 0.9147354364395142 -1.6257661581039429
1285 0.012060439214110374 -0.5108938217163086
1286 -0.9714953303337097 0.5651540756225586
1287 0.42074891924858093 -0.0662454143166542
1288 1.6546106338500977 -0.7807818651199341
1289 0.3828684985637665 -1.1397278308868408
1290 -0.4883524775505066 1.5594033002853394
1291 -1.1772576570510864 0.10781502723693848
1292 0.17549459636211395 0.16457973420619965
1293 -0.6538698077201843 -1.5107412338256836
1294 0.2112826257944107 1.603203296661377
1295 0.13756996393203735 0.21001093089580536
1296 -0.05160502344369888 -1.1850929260253906
1297 0.4660129249095917 -0.2714030146598816
1298 -0.4327830970287323 -0.3637141287326813
1299 -0.9939855933189392 -0.6512550711631775
1300 -0.3968619406223297 0.8884086012840271
1301 1.7513854503631592 -0.3171440064907074
1302 0.19813355803489685 0.1765420287847519
1303 -0.06277026981115341 0.30069661140441895
1304 1.2891252040863037 1.0868278741836548
1305 0.8523860573768616 0.296283483505249
1306 0.028535662218928337 0.21615181863307953
1307 0.4041101336479187 -0.2927424907684326
1308 1.4747211933135986 0.7940812706947327
1309 -0.021686872467398643 -0.4243895709514618
1310 0.187828928232193 0.17677153646945953
1311 0.2833295464515686 -0.9094836711883545
1312 -0.5977116227149963 0.05871815234422684
1313 1.1694086790084839 1.123309850692749
1314 -0.07052990794181824 -0.48687151074409485
1315 -0.1934296190738678 0.7561728954315186
1316 0.5639569759368896 1.5621497631072998
1317 -0.7356848120689392 -0.9106791615486145
1318 -0.06179731339216232 0.311235636472702
1319 0.42377182841300964 -0.0675087422132492
1320 -0.610863983631134 0.06293389201164246
1321 -1.045273780822754 -0.40425223112106323
1322 0.17782582342624664 1.331416130065918
1323 0.7159668207168579 -1.2704029083251953
1324 -1.6871694326400757 0.02159242145717144
1325 0.011951451189815998 -0.5095552802085876
1326 0.9282297492027283 -1.6235935688018799
1327 -0.7886186838150024 0.19757065176963806
1328 0.7328346371650696 -1.2214016914367676
1329 -0.19433799386024475 0.7620019912719727
1330 0.443035751581192 0.7659754753112793
1331 0.8388582468032837 0.3247242569923401
1332 -0.580991268157959 -1.001892328262329
1333 -0.08891035616397858 -0.1115688681602478
1334 0.42692965269088745 -0.051987722516059875
1335 0.4335422217845917 0.7444408535957336
1336 0.4616983234882355 -0.39779409766197205
1337 0.042969971895217896 -0.09324966371059418
1338 -0.10218757390975952 -0.5541355013847351
1339 -0.687317967414856 0.7201628088951111
1340 0.6939786672592163 0.6331888437271118
1341 -1.1454659700393677 1.2752310037612915
1342 -1.7063469886779785 -0.42296990752220154
1343 0.783327043056488 0.38203200697898865
1344 0.9090188145637512 1.312416911125183
1345 0.9166103601455688 -1.6286472082138062
1346 0.6241952180862427 -1.1582717895507812
1347 -0.3914450407028198 -0.3514527678489685
1348 0.552547812461853 -0.3614550530910492
1349 0.48124703764915466 -0.26715222001075745
1350 -0.40451645851135254 0.8581292629241943
1351 0.4263593256473541 -0.04862039163708687
1352 -0.246785506606102 -1.1664658784866333
1353 0.17090870440006256 -1.795514464378357
1354 0.9179664254188538 1.3561898469924927
1355 -1.4289512634277344 -1.0008769035339355
1356 -0.4919612407684326 1.5616638660430908
1357 -0.4565578103065491 1.5770225524902344
1358 0.5522405505180359 -0.38870862126350403
1359 1.724674105644226 -0.3936102092266083
1360 -1.5242016315460205 0.6745886206626892
1361 -0.5621827244758606 0.15490145981311798
1362 -1.582768440246582 0.5313339233398438
1363 0.0826323851943016 -1.4684514999389648
1364 -1.1220425367355347 -0.27282580733299255
1365 -0.5546243786811829 -1.017165184020996
1366 0.6632375717163086 0.576137363910675
1367 0.4764876663684845 -0.27529069781303406
1368 0.7733405232429504 1.11826753616333
1369 1.0209574699401855 -1.0753751993179321
1370 -0.28332000970840454 -0.9590260982513428
1371 -0.39547231793403625 0.1599406898021698
1372 -0.26631560921669006 -0.9445504546165466
1373 -0.011450797319412231 -0.49971824884414673
1374 -1.068684458732605 -1.4617769718170166
1375 1.7617707252502441 -0.28609713912010193
1376 0.918718159198761 1.3644710779190063
1377 -0.604424774646759 0.06560727953910828
1378 0.7329357266426086 -1.7286007404327393
1379 0.40624698996543884 -0.289485365152359
1380 -1.5706018209457397 -0.740115761756897
1381 -0.43159762024879456 1.5881359577178955
1382 -0.405752032995224 0.8732978105545044
1383 -0.7950466275215149 1.4130457639694214
1384 0.4266805350780487 -1.2394723892211914
1385 0.3849407136440277 -0.08929044753313065
1386 0.41884317994117737 -0.046934209764003754
1387 0.2411806434392929 0.7287117838859558
1388 0.1671353578567505 0.648300051689148
1389 -0.0397285521030426 -0.571072518825531
1390 1.1284987926483154 -0.5429784655570984
1391 -0.04521017149090767 -0.4562361240386963
1392 0.42937615513801575 -0.07316865026950836
1393 -1.5575238466262817 -0.7739729285240173
1394 -1.1435173749923706 0.1957661360502243
1395 1.4780442714691162 0.794050395488739
1396 -1.02924644947052 0.5223535299301147
1397 1.626758098602295 -0.8624809980392456
1398 0.45999014377593994 0.874233603477478
1399 -0.8585936427116394 -0.8225842714309692
1400 -1.5548104047775269 -0.01578526385128498
1401 1.7219430208206177 -0.5193057060241699
1402 0.1048695519566536 0.2234400510787964
1403 -1.1193368434906006 -0.1530456691980362
1404 0.9193242788314819 -0.8304171562194824
1405 0.0674634650349617 1.2590484619140625
1406 -1.5265175104141235 -0.8497192859649658
1407 -0.3974115252494812 -0.3927347958087921
1408 1.500498652458191 -1.1484497785568237
1409 0.4768507778644562 -0.2698334753513336
1410 0.8717876672744751 0.29302549362182617
1411 1.089052677154541 -0.24356618523597717
1412 0.46288105845451355 -0.262397438287735
1413 -0.7864766120910645 0.20501522719860077
1414 0.024412726983428 0.23232142627239227
1415 0.5973418951034546 -0.5246631503105164
1416 0.18949531018733978 -0.5838941335678101
1417 0.44688087701797485 0.6147129535675049
1418 0.5665600895881653 1.5622594356536865
1419 0.3943396210670471 -0.0900849848985672
1420 -0.30605554580688477 0.8098013401031494
1421 1.4677934646606445 0.833385169506073
1422 -0.38331320881843567 -0.3522469401359558
1423 -0.8925333023071289 -0.8005229234695435
1424 0.48858803510665894 -0.25615638494491577
1425 0.024830706417560577 0.22263342142105103
1426 -1.0654295682907104 -0.37036699056625366
1427 1.7384424209594727 -0.33361679315567017
1428 -1.6067798137664795 0.4215697646141052
1429 -0.12172779440879822 1.6584277153015137
1430 -0.22693100571632385 -0.13474275171756744
1431 -0.019633570685982704 -0.4403344690799713
1432 -0.12757231295108795 0.2991231679916382
1433 -0.026055023074150085 0.8789425492286682
1434 -0.41205692291259766 -1.7883696556091309
1435 0.7600647807121277 -1.2775810956954956
1436 0.16118234395980835 0.654536783695221
1437 -1.6784508228302002 -0.455753356218338
1438 0.395764023065567 -0.046751029789447784
1439 0.4492051303386688 0.7841663956642151
1440 0.16411474347114563 0.6473010182380676
1441 -0.24038714170455933 -0.9105843305587769
1442 0.48694825172424316 -0.2671700417995453
1443 -0.24173101782798767 -0.9300416111946106
1444 1.292141318321228 1.0875842571258545
1445 0.8565862774848938 0.2764880955219269
1446 -1.1100735664367676 -0.31234654784202576
1447 0.7805438041687012 0.3866528272628784
1448 -0.3896719217300415 -0.3935260772705078
1449 1.737148642539978 -0.41853639483451843
1450 -0.03512533754110336 -0.45627549290657043
1451 0.40991073846817017 -0.29077214002609253
1452 -1.1601779460906982 0.20860174298286438
1453 -1.4458783864974976 0.8328304886817932
1454 -1.063348650932312 -1.4534610509872437
1455 -0.9419211745262146 -0.7256066203117371
1456 -0.8661689162254333 -0.8109928369522095
1457 0.10788962244987488 1.2272188663482666
1458 -1.0295798778533936 0.5280695557594299
1459 0.6957820057868958 0.654957115650177
1460 0.1652820110321045 0.6483166217803955
1461 -1.5552388429641724 -0.7616199851036072
1462 -1.4937480688095093 0.7420065999031067
1463 -1.6566709280014038 0.030994102358818054
1464 -1.6242249011993408 0.40120482444763184
1465 -1.1518934965133667 0.17552559077739716
1466 1.7770230770111084 -0.24035263061523438
1467 0.6648156046867371 -0.6640306711196899
1468 1.4774513244628906 -0.8498892188072205
1469 1.1984846591949463 -1.4598459005355835
1470 0.42925116419792175 -0.2785240709781647
1471 -0.2829433083534241 0.8093500137329102
1472 -0.4022302031517029 1.5928597450256348
1473 -1.038256049156189 0.5075405240058899
1474 1.7004432678222656 0.38798514008522034
1475 0.007033764384686947 -0.4889547526836395
1476 -0.7538608312606812 -0.3345605432987213
1477 -1.0282413959503174 -1.4906914234161377
1478 0.6178991794586182 -0.7725186944007874
1479 0.5059670209884644 1.2555502653121948
1480 1.7362654209136963 -0.4184505343437195
1481 -0.4991888999938965 1.5539419651031494
1482 -0.8910175561904907 0.7132315039634705
1483 0.7803156971931458 0.3899358808994293
1484 -0.7010494470596313 -1.6526834964752197
1485 0.4876338541507721 -0.41440218687057495
1486 1.4597448110580444 0.8404942750930786
1487 0.400847464799881 -0.293439656496048
1488 1.7221201658248901 -0.46562185883522034
1489 1.462489366531372 0.834126889705658
1490 -1.0927473306655884 0.24667929112911224
1491 1.3808822631835938 0.02699497900903225
1492 1.7623481750488281 -0.04038896784186363
1493 0.4058084487915039 -0.2903168499469757
1494 -0.3792075216770172 0.11916761845350266
1495 0.030851276591420174 0.21112926304340363
1496 -0.49728167057037354 1.5672695636749268
1497 -0.45245277881622314 1.5791280269622803
1498 -1.2856332063674927 -1.052004337310791
1499 -0.36294057965278625 -0.40108156204223633
1500 -1.1579670906066895 0.04307488352060318
1501 -0.10912152379751205 -0.13270728290081024
1502 -0.32147684693336487 0.12625476717948914
1503 1.7464815378189087 0.28016194701194763
1504 0.27968326210975647 0.112889364361763
1505 -0.4244420528411865 -0.3827463388442993
1506 0.3891526758670807 0.6476330161094666
1507 -0.4233589470386505 -0.3963066637516022
1508 -1.642195701599121 0.3036172389984131
1509 0.762854814529419 -1.355789065361023
1510 0.006237877532839775 -0.49999478459358215
1511 -1.0970454216003418 -1.3548790216445923
1512 0.04921635985374451 -1.1668665409088135
1513 1.3495726585388184 -1.387060284614563
1514 -0.845949113368988 -0.8352195024490356
1515 -0.22669897973537445 -1.1897181272506714
1516 1.7222009897232056 -0.040555547922849655
1517 -1.0291706323623657 0.5281888842582703
1518 0.05502188950777054 1.612244963645935
1519 -1.6761739253997803 -0.49242687225341797
1520 0.8260459303855896 0.3626895546913147
1521 0.16690489649772644 0.6477016806602478
1522 -0.3320518434047699 0.3544727563858032
1523 0.5158649682998657 -0.8125428557395935
1524 -0.9926402568817139 -1.5004597902297974
1525 -0.7713181376457214 1.3592661619186401
1526 1.5460976362228394 0.13170556724071503
1527 -0.9079574346542358 0.5569711923599243
1528 0.9838008284568787 0.12343283742666245
1529 -0.2664065957069397 -0.9048349261283875
1530 1.2685343027114868 1.1105387210845947
1531 0.893240213394165 1.2940922975540161
1532 0.5867075324058533 -0.38726142048835754
1533 0.8715413212776184 0.2471323162317276
1534 -0.44378861784935 0.17006045579910278
1535 -0.2216564416885376 -1.0523306131362915
1536 0.8932031989097595 1.2941008806228638
1537 -1.1915875673294067 -1.3359252214431763
1538 0.3473455011844635 -0.8795861005783081
1539 1.1897279024124146 -0.8043789863586426
1540 1.6537131071090698 0.47119569778442383
1541 0.9245165586471558 -1.6245628595352173
1542 1.3529199361801147 1.0456252098083496
1543 -0.049657706171274185 1.6589435338974
1544 0.42612743377685547 -0.0379820317029953
1545 -0.3915807008743286 -0.35137826204299927
1546 1.0029067993164062 0.056748226284980774
1547 0.3425488770008087 -1.1781560182571411
1548 -0.021046873182058334 -0.4510909914970398
1549 -0.2994457185268402 0.8520302772521973
1550 -0.1977410912513733 -1.8362467288970947
1551 1.0666810274124146 -0.1785551756620407
1552 -0.7341518998146057 -0.9224843978881836
1553 0.45671185851097107 -0.26663821935653687
1554 1.7004406452178955 0.3879919946193695
1555 0.4351920485496521 -0.2682284116744995
1556 -0.02946159988641739 -0.44463133811950684
1557 -0.019128043204545975 -0.44054466485977173
1558 -1.186902403831482 -0.2515481412410736
1559 -0.001071115955710411 -0.49388810992240906
1560 -0.5587114691734314 -1.7505966424942017
1561 -0.3769909143447876 0.1459273248910904
1562 -1.2257200479507446 0.14880827069282532
1563 0.11156243830919266 0.22794215381145477
1564 1.4835193157196045 0.8074727654457092
1565 0.40024131536483765 -0.07977753132581711
1566 -0.32582682371139526 0.1440736949443817
1567 0.10448554158210754 0.2433948665857315
1568 0.4674907326698303 -0.27031105756759644
1569 1.748862624168396 -0.31978893280029297
1570 1.1070972681045532 0.04399549961090088
1571 0.41739484667778015 -0.11071330308914185
1572 -1.121006965637207 -0.30061203241348267
1573 -0.3661944568157196 0.16117824614048004
1574 -1.0355968475341797 -0.47677916288375854
1575 0.795077383518219 0.6527231335639954
1576 -0.16095666587352753 1.6568657159805298
1577 -0.048952873796224594 1.6591688394546509
1578 0.059846099466085434 0.19550181925296783
1579 -0.3848660886287689 0.17183081805706024
1580 0.029506511986255646 -1.1787561178207397
1581 -0.7555349469184875 -0.8967735767364502
1582 -1.119336485862732 -0.15301527082920074
1583 1.2369199991226196 -1.4207922220230103
1584 -0.5866350531578064 -1.1291723251342773
1585 -1.1506123542785645 0.1964748650789261
1586 -0.03042752295732498 -0.4404774308204651
1587 1.1021015644073486 -0.5708058476448059
1588 1.4614372253417969 0.8342582583427429
1589 0.1950168013572693 0.1962546408176422
1590 0.08984892070293427 0.2260562628507614
1591 -0.21874429285526276 -0.11606375128030777
1592 0.4244272708892822 -0.062307897955179214
1593 -1.1395275592803955 -0.22664904594421387
1594 0.16925160586833954 0.6420413255691528
1595 0.5840901136398315 1.5693645477294922
1596 -0.8408820629119873 -0.8382773995399475
1597 0.7626087665557861 1.4425995349884033
1598 0.2689549922943115 0.08631197363138199
1599 0.39810627698898315 -0.2902108430862427
1600 0.4418901801109314 0.7729086875915527
1601 -0.0257426667958498 -0.4411780834197998
1602 1.7157313823699951 -0.036203183233737946
1603 0.5069380402565002 -0.4145471453666687
1604 -0.5344774127006531 0.13598495721817017
1605 -0.06364999711513519 -0.09369557350873947
1606 0.01294814981520176 -0.5039340853691101
1607 0.7335867285728455 -0.5974645018577576
1608 0.20390091836452484 -0.5673587918281555
1609 -1.5930887460708618 0.5020989179611206
1610 0.750238299369812 -0.4989008903503418
1611 1.083888292312622 1.2085936069488525
1612 1.7044596672058105 0.3881109356880188
1613 -0.8285343050956726 0.7545672655105591
1614 -0.710166335105896 -1.6678158044815063
1615 -0.13112501800060272 -0.5382030010223389
1616 -0.156952366232872 -1.2043890953063965
1617 -0.8348128795623779 0.8046062588691711
1618 0.1651207059621811 0.647620677947998
1619 -0.4119737148284912 -0.3899407684803009
1620 1.7638758420944214 -0.05737584829330444
1621 1.574478030204773 0.6080682277679443
1622 -0.8188807964324951 -0.15701182186603546
1623 1.0497270822525024 -0.07177774608135223
1624 0.13402342796325684 0.2458527684211731
1625 1.400260090827942 -1.297255277633667
1626 0.48280924558639526 -0.2693978548049927
1627 -0.28850439190864563 0.8552733659744263
1628 1.2021872997283936 0.5917974710464478
1629 -0.3901911675930023 -0.3844558298587799
1630 -0.026361700147390366 -0.4406733512878418
1631 -0.12933452427387238 -0.03176749497652054
1632 -1.6821765899658203 -0.45751017332077026
1633 1.5489345788955688 0.6835002899169922
1634 1.7343590259552002 0.2974908649921417
1635 1.285760521888733 1.0942002534866333
1636 -1.024943470954895 1.3489375114440918
1637 0.3520752787590027 -0.011876382865011692
1638 -0.16162310540676117 -0.00478487741202116
1639 -0.46937111020088196 0.09322874993085861
1640 1.715725064277649 -0.5347606539726257
1641 0.38547182083129883 0.635356605052948
1642 -1.1744409799575806 -0.27529409527778625
1643 -0.7722945809364319 -0.883120059967041
1644 -0.044409263879060745 -0.45377078652381897
1645 -0.24157287180423737 0.15737996995449066
1646 -0.09031963348388672 0.307995468378067
1647 0.4614047408103943 -0.2729921340942383
1648 -0.7777765393257141 1.3784972429275513
1649 -0.300265371799469 0.8044031262397766
1650 0.3682665526866913 -0.05464121699333191
1651 1.5383039712905884 0.7324399948120117
1652 -0.24642938375473022 0.1485198438167572
1653 -0.26147276163101196 -1.8286064863204956
1654 0.9749423861503601 0.13035531342029572
1655 0.8586387634277344 0.27744534611701965
1656 0.18654410541057587 1.3170241117477417
1657 0.047251179814338684 1.6152397394180298
1658 0.7832081317901611 0.3873949348926544
1659 -0.11686961352825165 -1.1983517408370972
1660 0.3932303786277771 0.646070122718811
1661 -0.24629999697208405 -1.1680597066879272
1662 -1.5264246463775635 -0.8498726487159729
1663 -0.9805569052696228 -0.6827582120895386
1664 1.098392128944397 -0.6327968835830688
1665 0.4834922254085541 -0.21390488743782043
1666 1.3992334604263306 0.014244952239096165
1667 0.38134458661079407 0.6411689519882202
1668 -0.46223998069763184 -1.3240203857421875
1669 0.8647811412811279 0.2659291625022888
1670 0.18037404119968414 0.17964030802249908
1671 -0.8583333492279053 0.6303972005844116
1672 -0.6680729389190674 1.3964701890945435
1673 0.2948674261569977 0.12468493729829788
1674 0.4739517867565155 -0.2702939212322235
1675 -1.1421921253204346 -0.8740103244781494
1676 0.860350489616394 0.2833947539329529
1677 -0.8298376202583313 -0.8518638014793396
1678 1.0118584632873535 0.017183834686875343
1679 -0.16363850235939026 -0.5018303394317627
1680 0.8612821698188782 1.3944149017333984
1681 -0.13801415264606476 -0.029736122116446495
1682 0.4772466719150543 -0.33460959792137146
1683 -0.8104527592658997 -0.2163013368844986
1684 0.6136617064476013 -0.7844880819320679
1685 0.056042902171611786 0.20476916432380676
1686 -0.828316867351532 0.7976169586181641
1687 0.9745287299156189 0.13501626253128052
1688 1.4616529941558838 0.8333092927932739
1689 -0.4130866229534149 0.8930364847183228
1690 -0.22002571821212769 -1.2095556259155273
1691 0.5159181952476501 -0.7651426196098328
1692 -1.3143187761306763 -1.20368230342865
1693 -0.39827480912208557 0.8832287788391113
1694 1.7740511894226074 -0.249730184674263
1695 -0.30232441425323486 -0.5011227130889893
1696 -0.7533764243125916 0.132577046751976
1697 -1.0855621099472046 -0.3453060984611511
1698 -1.0647313594818115 -0.3847426176071167
1699 -0.4651986062526703 -1.7790846824645996
1700 -0.2955997884273529 0.8326923847198486
1701 -0.3004232943058014 0.8121783137321472
1702 0.881565272808075 0.27810853719711304
1703 0.46214231848716736 -0.43739989399909973
1704 -0.030697066336870193 0.2815980911254883
1705 1.469030737876892 0.8263619542121887
1706 -0.017102060839533806 -0.44433751702308655
1707 0.12528736889362335 0.25203558802604675
1708 0.409525066614151 0.7338458299636841
1709 0.18522484600543976 0.17834369838237762
1710 1.4069664478302002 -1.2897770404815674
1711 0.609584629535675 -0.43503743410110474
1712 -0.4583147168159485 0.17353083193302155
1713 0.3855431377887726 0.6514837741851807
1714 -0.04569094255566597 0.2897670269012451
1715 0.2521061599254608 -1.3528006076812744
1716 0.5014650821685791 -0.7985249757766724
1717 -0.34681397676467896 0.12124413996934891
1718 -0.42007339000701904 -1.7898478507995605
1719 -0.040711659938097 -1.1824551820755005
1720 -0.08772175759077072 -0.07448863983154297
1721 -0.027331767603754997 -0.44193777441978455
1722 -0.3894149959087372 -0.3516237139701843
1723 1.7274612188339233 -0.47785598039627075
1724 -0.42991548776626587 -0.411577433347702
1725 -0.8794678449630737 -0.7998443245887756
1726 -0.09571491181850433 -0.0672125443816185
1727 -1.5189212560653687 -0.8357441425323486
1728 -0.023135926574468613 -0.44568929076194763
1729 -0.4802923798561096 -0.4402366280555725
1730 0.2303333282470703 0.15826936066150665
1731 0.5675036907196045 1.5616012811660767
1732 -0.23944483697414398 -1.011781930923462
1733 -0.10342613607645035 -0.07330029457807541
1734 -1.6503374576568604 0.2676948010921478
1735 0.2545067071914673 -0.5661792755126953
1736 0.4605761170387268 -0.26358562707901
1739 -0.36329877376556396 0.39241936802864075
1740 -1.5537511110305786 -0.7683008909225464
1741 1.4669150114059448 0.8358133435249329
1742 -0.5113580226898193 -1.0486156940460205
1743 -0.4524717330932617 -1.7823373079299927
1744 0.8956721425056458 -1.6384629011154175
1745 0.5786245465278625 -1.7863329648971558
1746 -0.35020458698272705 0.36630186438560486
1747 -0.20221109688282013 -1.8345792293548584
1748 0.23915144801139832 0.12851354479789734
1749 0.42210593819618225 -0.0689791813492775
1750 -0.4155068099498749 0.14382025599479675
1751 -0.3320987820625305 0.12647344172000885
1752 -0.8224836587905884 0.7344151139259338
1753 1.2367854118347168 -1.4207533597946167
1754 0.028650732710957527 0.22488737106323242
1755 -0.5119072794914246 1.5628281831741333
1756 0.25582170486450195 0.7542862296104431
1757 1.1039948463439941 -0.5521305203437805
1758 -0.9136441946029663 0.6182037591934204
1759 -1.0778785943984985 -0.3495863974094391
1760 -0.07802554219961166 -0.07323483377695084
1761 -0.3266355097293854 0.12478521466255188
1762 0.3939179480075836 -0.0907214805483818
1763 1.5500805377960205 0.6824057698249817
1764 -0.7077873349189758 0.7308871746063232
1765 0.23908807337284088 -0.8993091583251953
1766 -0.7002691626548767 1.342813491821289
1767 -1.0651859045028687 1.328544020652771
1768 0.1659850776195526 0.64206463098526
1769 -0.8619645237922668 0.6176016926765442
1770 -0.4230723977088928 0.8910011649131775
1771 0.7803155183792114 0.38994643092155457
1772 -0.4084782600402832 -1.789086937904358
1773 0.48639044165611267 -0.2680753171443939
1774 0.6281149387359619 -1.1575132608413696
1775 0.38528257608413696 0.6483657360076904
1776 -0.008686408400535583 -0.29977911710739136
1777 -0.02589339204132557 -0.44474151730537415
1778 0.3556409478187561 -1.1860076189041138
1779 -0.4328347146511078 -1.0890828371047974
1780 -1.1584868431091309 1.263157606124878
1781 1.5376423597335815 -1.0586013793945312
1782 0.7629964351654053 0.6380539536476135
1783 -0.5578743815422058 -1.1084542274475098
1784 -0.12405423074960709 -0.06361550092697144
1785 1.5798090696334839 -0.9874725341796875
1786 -0.8147304058074951 -0.212462916970253
1787 0.34944388270378113 1.5845427513122559
1788 0.4346312880516052 -0.030358904972672462
1789 0.009943405166268349 0.22917723655700684
1790 0.27741506695747375 0.09209010004997253
1791 -0.029817471280694008 -0.44031932950019836
1792 1.5342614650726318 -1.0732818841934204
1793 -0.34477996826171875 -0.9734205007553101
1794 0.8763968348503113 -1.341046929359436
1795 -0.04260139539837837 0.2882051169872284
1796 1.040900468826294 -0.25417590141296387
1797 0.17903806269168854 0.17937766015529633
1798 0.6964346170425415 0.5728351473808289
1799 0.030728520825505257 0.21614986658096313
1800 -0.12507513165473938 -0.03086925484240055
1801 0.5358459949493408 1.5243207216262817
1802 1.0981498956680298 -0.6331531405448914
1803 -0.9196469187736511 1.4210127592086792
1804 0.03048212081193924 0.20591913163661957
1805 1.1591829061508179 -0.8469911217689514
1806 -0.2827085256576538 0.9462478756904602
1807 -0.6666125655174255 1.337569236755371
1808 -0.36992618441581726 -0.5771417617797852
1809 -0.43838977813720703 0.1513974964618683
1810 -0.593969464302063 0.05141947418451309
1811 0.16954578459262848 0.6501463651657104
1812 -1.538953185081482 -0.7627360224723816
1813 -0.30645889043807983 -0.8801771998405457
1814 -0.02702159807085991 -0.4405132234096527
1815 0.08761252462863922 0.22522257268428802
1816 -1.0942680835723877 1.3056902885437012
1817 0.5495083928108215 1.4962191581726074
1818 0.460528165102005 -0.27120399475097656
1819 0.35966920852661133 1.5442694425582886
1820 0.4005407989025116 -0.2933005094528198
1821 -1.5265978574752808 0.6716227531433105
1822 -1.4949142932891846 -0.8946716785430908
1823 0.9373487234115601 1.2547345161437988
1824 -0.7720009088516235 0.7035132050514221
1825 1.290242314338684 1.0925793647766113
1826 1.1382588148117065 -0.6222586035728455
1827 0.1564849466085434 -1.797168493270874
1828 0.5766215920448303 1.5269300937652588
1829 1.7384132146835327 -0.3526775538921356
1830 -0.13482066988945007 -0.05268516764044762
1831 -1.446568250656128 -0.9619176387786865
1832 -1.0410339832305908 0.4952387809753418
1833 1.0984469652175903 -0.6298449039459229
1834 1.5341377258300781 0.7468553185462952
1835 0.6336809992790222 0.6234586834907532
1836 0.6462365984916687 -1.1551735401153564
1837 0.8733038306236267 0.24634897708892822
1838 0.15402258932590485 -1.7880841493606567
1839 1.5380897521972656 0.12801475822925568
1840 -0.33994224667549133 0.3354968726634979
1841 0.6451843976974487 -1.1551315784454346
1842 0.9917547702789307 -1.0569868087768555
1843 -1.3407254219055176 -1.124739170074463
1844 -0.5517808198928833 -0.4070717394351959
1845 -0.1332172304391861 -0.012271832674741745
1846 -1.6803524494171143 0.06539556384086609
1847 -0.42396828532218933 -0.12184581160545349
1848 -0.7824127078056335 1.4091308116912842
1849 -0.36152970790863037 0.3219081163406372
1850 0.13749021291732788 -1.7519280910491943
1851 1.1079057455062866 -0.5524964928627014
1852 0.4639577269554138 -0.388316810131073
1853 -0.0635358989238739 -0.0937681496143341
1854 -0.4245016276836395 -0.5075400471687317
1855 1.6481837034225464 -0.8304651379585266
1856 0.4363940358161926 0.6212217211723328
1857 0.4165746867656708 -0.06530778855085373
1858 0.41447263956069946 -0.05316700041294098
1859 -0.05395513400435448 1.2404065132141113
1860 -1.0482004880905151 -0.408681720495224
1861 -1.4794883728027344 0.8965694308280945
1862 -0.003100946545600891 -0.48887231945991516
1863 1.3754751682281494 -0.8276986479759216
1864 0.5824652910232544 1.5688954591751099
1865 0.22802996635437012 -1.8207253217697144
1866 1.6322051286697388 -0.8555283546447754
1867 0.3871239721775055 -0.0909065306186676
1868 -1.5516902208328247 -0.7740540504455566
1869 0.38642919063568115 -0.08387729525566101
1870 -1.6664869785308838 -0.4586242437362671
1871 -0.7867275476455688 1.3731383085250854
1872 0.7950067520141602 -1.2791378498077393
1873 -0.03324657678604126 -0.4442483186721802
1874 0.6148272156715393 -0.7811656594276428
1875 0.05606396868824959 1.344642162322998
1876 0.7968464493751526 -0.4795096516609192
1877 -0.8000216484069824 0.6937359571456909
1878 -1.2051509618759155 1.2037971019744873
1879 -1.6454054117202759 -0.1173252984881401
1880 -1.7065452337265015 -0.4220595955848694
1881 -0.57338947057724 -1.7463637590408325
1882 1.1100176572799683 -0.5615308880805969
1883 -0.07964756339788437 -0.07766111940145493
1884 1.6857092380523682 0.1777278184890747
1885 -0.7863532900810242 0.19721189141273499
1886 -0.5072374939918518 1.5592290163040161
1887 1.28073251247406 1.1074382066726685
1888 0.10038501024246216 -1.6646860837936401
1889 -0.022558804601430893 -0.4400557577610016
1890 -0.5176126956939697 -0.3875780403614044
1891 -0.8534983992576599 -0.8226473331451416
1892 0.032295629382133484 0.21721366047859192
1893 0.29952430725097656 -0.8867257833480835
1894 -1.348361611366272 -1.106441617012024
1895 0.05603313073515892 0.20481103658676147
1896 0.8232632279396057 -1.6726882457733154
1897 0.8036261200904846 0.6665170788764954
1898 0.4503868818283081 -0.2804586887359619
1899 -1.6212629079818726 0.43511131405830383
1900 -0.034050341695547104 -0.44147172570228577
1901 -0.8497166633605957 -0.8356192111968994
1902 -1.0568231344223022 0.45182594656944275
1903 -0.19402645528316498 0.7708584666252136
1904 -0.049124859273433685 -0.09120947122573853
1905 0.186268612742424 0.17883208394050598
1906 -1.0391258001327515 -0.44436249136924744
1907 0.4433947503566742 0.730363130569458
1908 -1.3160550594329834 1.116952657699585
1909 1.0256024599075317 -0.015213867649435997
1910 0.47473204135894775 -0.4270493984222412
1911 0.6761245131492615 0.47157686948776245
1912 0.4030221402645111 -0.11413229256868362
1913 1.461753487586975 -0.03742242977023125
1914 -0.39365091919898987 -0.3946976959705353
1915 -0.8273961544036865 0.8034168481826782
1916 -0.30208784341812134 0.8513538837432861
1917 -0.0878734439611435 -1.1855614185333252
1918 0.7231350541114807 -1.7297425270080566
1919 1.0468075275421143 -0.9979872107505798
1920 -0.378173291683197 0.14138779044151306
1921 -0.24668154120445251 -0.9026445746421814
1922 -0.1259462535381317 -0.029423804953694344
1923 -0.29938504099845886 0.7934975624084473
1924 -0.2467777132987976 -0.9023277759552002
1925 -0.29552170634269714 0.8063376545906067
1926 0.7866531014442444 0.6484355926513672
1927 0.8702750205993652 -1.6496397256851196
1928 0.012360624969005585 0.24204868078231812
1929 1.6400718688964844 -0.847388744354248
1930 -0.025311967357993126 1.253506064414978
1931 -1.6765586137771606 -0.46319180727005005
1932 0.8504499793052673 0.29493358731269836
1933 -0.39728274941444397 0.12073753029108047
1934 -1.6465973854064941 0.0012772224145010114
1935 1.1205627918243408 -0.558680534362793
1936 0.4511338770389557 0.7696484327316284
1937 -1.0107423067092896 -0.6144881248474121
1938 1.5003036260604858 -0.03861931711435318
1939 0.9404274821281433 -0.9750320315361023
1940 1.6410846710205078 -0.8441779613494873
1941 1.7004079818725586 0.3880024254322052
1942 0.18191242218017578 -1.7944926023483276
1943 -0.33025282621383667 -0.9333317279815674
1944 1.446654200553894 0.09895254671573639
1945 0.1993483155965805 0.1935528814792633
1946 -0.41427740454673767 -0.4031752645969391
1947 -1.197633981704712 1.2126991748809814
1948 -0.37535494565963745 0.13367126882076263
1949 -0.3283678889274597 0.11912298202514648
1950 0.16622458398342133 0.6428951025009155
1951 0.9738637804985046 -0.025733429938554764
1952 -0.6160644888877869 -0.4355994164943695
1953 -1.1320452690124512 -0.20067033171653748
1954 -1.0632730722427368 -1.4569731950759888
1955 0.9412090182304382 1.2941213846206665
1956 0.9962822794914246 -0.02025081403553486
1957 0.008010976016521454 -0.48112988471984863
1958 -0.7642070055007935 -0.22980692982673645
1959 0.6255962252616882 -0.6481607556343079
1960 -0.3969472348690033 0.8796676397323608
1961 1.0892534255981445 1.152000904083252
1962 0.1804502159357071 -1.7946736812591553
1963 -0.33559471368789673 0.11971598863601685
1964 -0.7615540027618408 -1.6177475452423096
1965 0.8575838804244995 0.27321135997772217
1966 -0.3005719780921936 0.8611061573028564
1967 -0.6835193037986755 0.7414587140083313
1968 0.20369255542755127 0.19485628604888916
1969 -0.7869977951049805 0.20326672494411469
1970 -0.060504548251628876 0.2995547354221344
1971 -0.5105677247047424 1.547646164894104
1972 -1.515807867050171 0.6942151188850403
1973 0.757246732711792 -0.4937300682067871
1974 0.17117339372634888 0.6489903926849365
1975 0.5233543515205383 -0.6908109188079834
1976 1.7475813627243042 -0.3449804484844208
1977 -0.39744633436203003 -0.352801650762558
1978 0.8983275890350342 -1.631585717201233
1979 0.47465795278549194 -0.4270217716693878
1980 -0.1454135775566101 1.6544737815856934
1981 -0.36507880687713623 0.1671554148197174
1982 -0.398105651140213 -0.3837094008922577
1983 -1.3618968725204468 -0.10042896866798401
1984 -0.19754399359226227 -1.8356810808181763
1985 0.5683512687683105 1.5657535791397095
1986 0.38485297560691833 0.6514893174171448
1987 0.2233901470899582 -1.8205106258392334
1988 0.29802364110946655 -0.8851130604743958
1989 0.4040488302707672 -0.11705099791288376
1990 -0.16881754994392395 1.653106927871704
1991 0.02758960612118244 -0.535967230796814
1992 1.7083899974822998 -0.5114691853523254
1993 -0.06007776036858559 0.28803372383117676
1994 -0.064927838742733 -0.09336431324481964
1995 -1.0730665922164917 -1.4409451484680176
1996 -0.6053460240364075 -0.43228206038475037
1997 -0.41025498509407043 0.12469147145748138
1998 -1.5580854415893555 -0.7660031318664551
1999 -0.5813228487968445 -1.0134086608886719
2000 1.4090546369552612 -1.2719130516052246
2001 -0.8290268778800964 0.7944307923316956
2002 0.39553019404411316 0.6452847719192505
2003 -0.0010252411011606455 -0.38955020904541016
2004 -0.4298724830150604 0.12444829940795898
2005 0.027848057448863983 0.2203325629234314
2006 -0.2559994161128998 -0.9265119433403015
2007 1.0010629892349243 -1.009285569190979
2008 -1.0685120820999146 -1.4444712400436401
2009 -1.1928142309188843 -1.305341362953186
2010 0.8842555284500122 0.2454351782798767
2011 -0.23480242490768433 -0.4268020987510681
2012 0.5464158654212952 -0.3668847978115082
2013 -0.05563315376639366 -0.5031746625900269
2014 -0.32559850811958313 0.12160633504390717
2015 0.2665782570838928 -0.8958855867385864
2016 0.4531114995479584 0.7696291208267212
2017 -0.32456788420677185 0.7936635613441467
2018 0.028330646455287933 0.2140972912311554
2019 0.3888119161128998 0.6973151564598083
2020 -0.5654250979423523 0.1528013050556183
2021 -0.6357322335243225 0.06132214888930321
2022 -0.04104670509696007 -0.44837629795074463
2023 -0.032729752361774445 -0.43861910700798035
2024 -1.5907056331634521 0.4957570731639862
2025 0.1326899379491806 1.2374610900878906
2026 -1.028639554977417 0.5222452282905579
2027 -0.26909327507019043 -1.827223539352417
2028 -1.0108107328414917 -1.5151506662368774
2029 -1.645071029663086 0.27095526456832886
2030 -0.14910712838172913 -0.010036686435341835
2031 -0.922224760055542 1.4207353591918945
2032 0.36996060609817505 -1.8449922800064087
2033 1.5788565874099731 -0.9931802153587341
2034 0.4421660006046295 -0.02443898841738701
2035 -1.2264530658721924 -1.3096363544464111
2036 -1.0975712537765503 -0.33302655816078186
2037 1.0716338157653809 1.1458351612091064
2038 -0.06889655441045761 -0.09296286106109619
2039 0.9890151619911194 0.14011412858963013
2040 1.1478945016860962 1.1068618297576904
2041 1.0914008617401123 -0.41687899827957153
2042 0.2760353684425354 0.09381798654794693
2043 -0.22530798614025116 -1.0306637287139893
2044 0.0415133573114872 -1.6348950862884521
2045 0.12123499065637589 -1.730177640914917
2046 1.7125155925750732 0.3786417841911316
2047 0.16606411337852478 0.647121787071228
2048 -1.4890689849853516 -0.8846190571784973
2049 0.5803829431533813 -0.5811330676078796
2050 1.429009199142456 -1.2462705373764038
2051 -0.8377463817596436 0.7894893288612366
2052 -0.322858601808548 0.11741282045841217
2053 -0.7870745658874512 0.20284059643745422
2054 -0.08844033628702164 -0.0980488583445549
2055 -0.4019361734390259 0.8658193349838257
2056 1.5896155834197998 -0.9779282212257385
2057 -0.4093327224254608 0.14864468574523926
2058 -0.37848106026649475 0.16115570068359375
2059 0.4961736500263214 -0.8317680954933167
2060 -0.22137778997421265 -0.44962364435195923
2061 -0.031465571373701096 -0.44862568378448486
2062 -0.47669923305511475 0.17490483820438385
2063 -1.0076621770858765 -0.6275889873504639
2064 1.0243908166885376 -0.024830611422657967
2065 -0.04533004015684128 0.2939090430736542
2066 -1.5051758289337158 0.721140444278717
2067 0.5049620866775513 -1.8094514608383179
2068 -1.670042872428894 0.033928923308849335
2069 0.8671526312828064 0.2639928162097931
2070 0.38289183378219604 -1.13972008228302
2071 -1.4584122896194458 -0.9407591223716736
2072 -0.8486307859420776 0.6846702694892883
2073 -0.4311535656452179 0.16575346887111664
2074 0.5455495119094849 -0.3612161874771118
2075 -0.8309516906738281 0.8128302097320557
2076 0.06597109138965607 -0.5736321806907654
2077 1.4809294939041138 0.7923578023910522
2078 0.41262027621269226 -0.08784779906272888
2079 0.29808008670806885 -0.8874134421348572
2080 1.0319240093231201 -0.040008772164583206
2081 1.0040552616119385 -0.9545519948005676
2082 1.0130438804626465 0.044912632554769516
2083 -0.1513483077287674 -0.032960835844278336
2084 -1.0280693769454956 -0.46144044399261475
2085 -0.03892131894826889 -0.4475685656070709
2086 -1.1195124387741089 -0.16044758260250092
2087 -1.0073825120925903 -0.6300073266029358
2088 0.02930467575788498 0.22374451160430908
2089 -0.3287684917449951 0.12700748443603516
2090 -0.8289767503738403 0.7695034742355347
2091 -0.04930296912789345 1.6589953899383545
2092 -0.7324138879776001 0.08186223357915878
2093 -1.6711739301681519 -0.1374952644109726
2094 -0.40646135807037354 -0.3946753740310669
2095 0.42769065499305725 -0.2854062616825104
2096 -0.5657116174697876 0.004329327028244734
2097 1.7045845985412598 0.38819509744644165
2098 -1.6419918537139893 0.30395910143852234
2099 0.27967211604118347 0.11288771033287048
2100 -0.40048837661743164 -0.009268096648156643
2101 0.6464970707893372 0.6207125782966614
2102 0.826593279838562 0.3184317648410797
2103 -0.28754764795303345 0.16991674900054932
2104 -0.1764649748802185 0.10407800227403641
2105 -0.5312785506248474 0.15499764680862427
2106 0.8816454410552979 0.2779451310634613
2107 -0.19015711545944214 0.7705398201942444
2108 -0.03463798761367798 -0.44735851883888245
2109 0.369967520236969 -1.8449889421463013
2110 1.7287698984146118 -0.3767317235469818
2111 -0.7341613173484802 -0.9224788546562195
2112 -0.3447859287261963 0.3658987283706665
2113 1.5495470762252808 -1.0400785207748413
2114 -1.4669138193130493 -0.9171409010887146
2115 0.39883607625961304 -0.010628682561218739
2116 -0.024008138105273247 -0.4414082169532776
2117 0.8613433241844177 0.26436033844947815
2118 0.030204972252249718 1.3622339963912964
2119 -0.26413318514823914 -0.8740374445915222
2120 -1.3027269840240479 1.1257288455963135
2121 1.0474311113357544 -1.0941849946975708
2122 1.3614670038223267 -0.0005742381326854229
2123 0.2070981115102768 1.6052680015563965
2124 0.4854484498500824 -0.8399080038070679
2125 0.9259066581726074 -1.6247097253799438
2126 0.3824535608291626 -0.09190985560417175
2127 -0.34848588705062866 0.3973780572414398
2128 -0.18233902752399445 0.13690808415412903
2129 0.18654155731201172 1.3166874647140503
2130 -1.2292505502700806 1.1952170133590698
2131 0.43947890400886536 -0.2659766376018524
2132 0.1137096956372261 0.6240002512931824
2133 -0.3909914791584015 -0.3972150981426239
2134 -0.23848026990890503 -1.1065692901611328
2135 1.1078866720199585 -0.5646889209747314
2136 0.2534966766834259 -1.3531255722045898
2137 -0.7357996106147766 -0.27056196331977844
2138 -0.14758095145225525 -0.01464711595326662
2139 1.0618585348129272 -0.24533453583717346
2140 1.5351113080978394 -1.0706877708435059
2141 -0.22358667850494385 -0.10946386307477951
2142 1.1767061948776245 -0.793971061706543
2143 1.7592854499816895 -0.03984277695417404
2144 1.1743347644805908 -1.494745135307312
2145 -0.46168768405914307 -1.779978632926941
2146 1.4775933027267456 0.7950151562690735
2147 -0.2980935275554657 0.8507630228996277
2148 -0.42023617029190063 1.5830411911010742
2149 1.5467737913131714 0.7032724022865295
2150 0.6509694457054138 -1.1606254577636719
2151 0.8671906590461731 0.45835644006729126
2152 -0.03215600177645683 -0.44236719608306885
2153 -1.556351661682129 -0.7811282277107239
2154 -0.13801714777946472 -0.022348547354340553
2155 0.2827985882759094 -1.8589568138122559
2156 0.20657747983932495 0.19836632907390594
2157 0.38663387298583984 -1.1539183855056763
2158 0.3691292703151703 -0.054303545504808426
2159 0.007219720631837845 -0.49011194705963135
2160 0.29807937145233154 -0.8874133229255676
2161 0.9020247459411621 0.22076816856861115
2162 0.8584195375442505 -0.8496125340461731
2163 1.0397402048110962 0.04244699329137802
2164 0.5594094395637512 -0.7948147654533386
2165 -0.2984895408153534 0.8064125776290894
2166 -0.8209598660469055 0.7601925730705261
2167 1.1751201152801514 -0.7985367178916931
2168 1.0983915328979492 -0.6327975988388062
2169 -0.6529920101165771 0.07662366330623627
2170 0.18966391682624817 0.18196024000644684
2171 1.6793065071105957 0.4006935954093933
2172 0.34872299432754517 -0.8806981444358826
2173 -0.5722221732139587 -0.40179553627967834
2174 0.03499104455113411 -1.602516770362854
2175 1.491335391998291 -1.1627482175827026
2176 1.477697730064392 -1.1870830059051514
2177 0.5054020285606384 -0.7764918804168701
2178 -0.21475961804389954 -1.2073767185211182
2179 -0.7179586291313171 0.7309734225273132
2180 -0.8515234589576721 -0.8294184803962708
2181 1.1833511590957642 1.1416934728622437
2182 -1.4175902605056763 -0.4241013526916504
2183 -0.20536202192306519 -0.10548150539398193
2184 -0.21087069809436798 -1.0503896474838257
2185 -0.9118620157241821 0.584111750125885
2186 -0.04784992337226868 -0.4483758211135864
2187 -0.9484807848930359 0.5571397542953491
2188 0.010621916502714157 -0.5040844082832336
2189 0.18708135187625885 0.1930151730775833
2190 -0.6406363248825073 -0.4280417859554291
2191 0.08430071175098419 0.7059814929962158
2192 0.7339044213294983 0.6486744284629822
2193 0.35454681515693665 -1.1904776096343994
2194 -0.14390519261360168 -0.034717969596385956
2195 -0.2868999242782593 0.13356433808803558
2196 0.8759845495223999 0.2520001530647278
2197 1.6298025846481323 0.46344244480133057
2198 -0.38277360796928406 -0.35256028175354004
2199 0.20096106827259064 -0.8663224577903748
2200 0.2891813814640045 0.10613320022821426
2201 1.0766335725784302 -1.161503553390503
2202 -0.7649140954017639 0.1592213362455368
2203 -0.33700358867645264 0.12228026241064072
2204 -1.0413352251052856 0.48312249779701233
2205 1.5757181644439697 0.13325828313827515
2206 -0.24196963012218475 0.7871869802474976
2207 1.1566015481948853 -0.2992851734161377
2208 1.1925811767578125 0.5694199800491333
2209 0.4232013523578644 -0.06584125757217407
2210 -0.31132856011390686 0.6622338891029358
2211 0.7357175350189209 -1.2766577005386353
2212 1.3469958305358887 -0.044248953461647034
2213 0.4198009967803955 -0.06799695640802383
2214 -0.4226663410663605 1.5905237197875977
2215 0.8019102811813354 0.38162529468536377
2216 1.4685468673706055 -1.1894313097000122
2217 0.0334613174200058 0.20882833003997803
2218 0.8140071630477905 0.43543365597724915
2219 1.5208673477172852 0.763673722743988
2220 -0.43601614236831665 -1.3074557781219482
2221 0.6467966437339783 -1.1548631191253662
2222 0.1868828535079956 0.18027950823307037
2223 -1.0823206901550293 -0.35260477662086487
2224 -0.2256745994091034 -1.030828595161438
2225 0.47381436824798584 -0.27168306708335876
2226 1.1552047729492188 -1.4614055156707764
2227 0.2252650111913681 0.7237112522125244
2228 -0.12539497017860413 -0.038501910865306854
2229 -0.7464900612831116 0.7171997427940369
2230 -1.6200438737869263 -0.665000319480896
2231 0.1323074847459793 0.6586602330207825
2232 1.0334886312484741 -1.0637975931167603
2233 0.6590717434883118 -0.6618587970733643
2234 -1.1492934226989746 0.04638595134019852
2235 0.41072335839271545 -0.2898117005825043
2236 -0.44052132964134216 -1.2849950790405273
2237 -0.4012502431869507 0.8730709552764893
2238 0.2563995122909546 0.7448089122772217
2239 -0.48474836349487305 -1.7716801166534424
2240 -0.3505256175994873 0.36533069610595703
2241 -0.08588222414255142 1.2097301483154297
2242 0.9774156212806702 1.291703462600708
2243 0.6006796956062317 -0.28632715344429016
2244 -0.38594818115234375 -0.35141515731811523
2245 0.05426109954714775 1.3894119262695312
2246 0.17316311597824097 0.16533121466636658
2247 0.3820677697658539 0.13942715525627136
2248 1.425699234008789 0.024708321318030357
2251 1.4808977842330933 0.7941508293151855
2252 -0.11511838436126709 -0.13247913122177124
2253 -0.6382240653038025 -1.3564717769622803
2254 -0.38221225142478943 -0.36221304535865784
2255 -0.13711987435817719 -0.5393586158752441
2256 -1.6757044792175293 -0.45351308584213257
2257 -0.3032636344432831 0.8463679552078247
2258 -0.6527785658836365 -1.7141129970550537
2259 0.0788697749376297 -1.4507949352264404
2260 0.42830950021743774 -0.05638103187084198
2261 -0.008946297690272331 -0.009671716950833797
2262 0.4762616753578186 -0.26336905360221863
2263 -1.3434574604034424 -1.1171317100524902
2264 -0.9405595660209656 -0.7267907857894897
2265 -0.2795312702655792 -0.5446575284004211
2266 0.4177655279636383 -0.07598260790109634
2267 -1.6469351053237915 -0.001830031513236463
2268 0.35455161333084106 1.5429311990737915
2269 -0.4392654299736023 0.17833878099918365
2270 0.11743682622909546 0.6219090819358826
2271 -0.19467024505138397 -1.8292135000228882
2272 0.3978242576122284 -1.1701853275299072
2273 0.7757279872894287 0.3959600627422333
2274 0.8157532215118408 0.6697215437889099
2275 0.2612369656562805 0.7651580572128296
2276 -0.4016816020011902 -0.3647322356700897
2277 0.8758980631828308 0.247341588139534
2278 1.0632336139678955 -0.8645482063293457
2279 -0.39656558632850647 -0.39532846212387085
2280 -0.6954190135002136 0.2533904016017914
2281 -0.15992304682731628 0.9582569599151611
2282 -0.04104625806212425 0.2873995304107666
2283 -0.08543599396944046 1.209075927734375
2284 0.0060833222232759 -0.49930837750434875
2285 -0.29260748624801636 0.8083897829055786
2286 -0.058656830340623856 1.2205181121826172
2287 1.1249228715896606 -0.5463075637817383
2289 -1.0716865062713623 -1.4514235258102417
2290 -1.0382733345031738 1.3036495447158813
2291 0.3933299481868744 0.6461218595504761
2292 0.15629960596561432 0.20965498685836792
2293 1.7613927125930786 -0.286634236574173
2295 0.8721073269844055 1.3870964050292969
2296 0.8304166197776794 -1.3878588676452637
2297 -0.02224091626703739 0.00518881157040596
2298 0.38948237895965576 -1.1322968006134033
2299 -1.348408818244934 -1.1106301546096802
2300 -0.8199874758720398 -0.2514890432357788
2301 0.7621986865997314 1.4509731531143188
2302 -0.7351352572441101 -0.9175881743431091
2303 0.042969901114702225 -0.09324968606233597
