1 22835000 23255000
2 23615000 23720000
3 25565000 25695000
4 25955000 26190000
5 27120000 28315000
6 29415000 29750000
7 30010000 30375000
8 31190000 31435000
9 31490000 31795000
10 31830000 32445000
11 32920000 33305000
12 33360000 33530000
13 33570000 34005000
14 34030000 34295000
15 34335000 34515000
16 34520000 34665000
17 34920000 35155000
18 35355000 35785000
19 35835000 36010000
20 36025000 36680000
21 36830000 37115000
22 37175000 37400000
23 37500000 38160000
24 38280000 38685000
25 38730000 38995000
26 39420000 39890000
27 39965000 40065000
28 40070000 40730000
29 40800000 41100000
30 41130000 41520000
31 41725000 42220000
32 42265000 42440000
33 42460000 42765000
34 42780000 42955000
35 42995000 43235000
36 43480000 43605000
37 43690000 43805000
38 44185000 44365000
39 44655000 44810000
40 44850000 45085000
41 45130000 45225000
42 45240000 45335000
43 45420000 45940000
44 46000000 47455000
45 47995000 48285000
46 48380000 48605000
47 48640000 49085000
48 49125000 49450000
49 49510000 50445000
50 50465000 50610000
51 50620000 51255000
52 51425000 51705000
53 51810000 52125000
54 52255000 52445000
55 52530000 53045000
56 53070000 54045000
57 54805000 54895000
58 55480000 55735000
59 55795000 56160000
60 56395000 56755000
61 56775000 57105000
62 57180000 57605000
63 57625000 57835000
64 57850000 58485000
65 58515000 59065000
66 59225000 59980000
67 59985000 60620000
68 60640000 61245000
69 61450000 62125000
70 62145000 62370000
71 62400000 62605000
72 62665000 63035000
73 63065000 63390000
74 63405000 63895000
75 63900000 64980000
76 65010000 65285000
77 65320000 65695000
78 65925000 66165000
79 66205000 66580000
80 66600000 66800000
81 66865000 67160000
82 67225000 67600000
83 67620000 67730000
84 67745000 68130000
85 68140000 68495000
86 68525000 69245000
87 69315000 69705000
88 69755000 70840000
89 71175000 71735000
90 71740000 72025000
91 72110000 72465000
92 72485000 72925000
93 72990000 73510000
94 73575000 74040000
95 74410000 74615000
96 74655000 75250000
97 75320000 75500000
98 75635000 76110000
99 76120000 76210000
100 76245000 76445000
101 76475000 76635000
102 76640000 77175000
103 77195000 77380000
104 77400000 77840000
105 77860000 78175000
106 78230000 78555000
107 78595000 78720000
108 78730000 78855000
109 78905000 79030000
110 79050000 79165000
111 79170000 79525000
112 79630000 79890000
113 80165000 80470000
114 80695000 81260000
115 81275000 81710000
116 82380000 82585000
117 83210000 83890000
118 83910000 84075000
119 84395000 84710000
120 85120000 85350000
121 85365000 85475000
122 85495000 85610000
123 85820000 86130000
124 86145000 86265000
125 86270000 86720000
126 89000000 89395000
127 89425000 89745000
128 89785000 89875000
129 89880000 90120000
130 90250000 90645000
131 90670000 91585000
132 91595000 91825000
133 92395000 92625000
134 93055000 93275000
135 93325000 93570000
136 93610000 94670000
137 94700000 94870000
138 96400000 96890000
139 98845000 98970000
140 99030000 99790000
141 99795000 100300000
142 100345000 100465000
143 100470000 100950000
144 101160000 101425000
145 101455000 101550000
146 101590000 101820000
147 101840000 102180000
148 102190000 102285000
