236 -2.015026330947876 0.7310922741889954
501 -0.16973955929279327 0.4629700779914856
227 -0.16954171657562256 0.46485087275505066
370 -0.16959834098815918 0.46650952100753784
411 -0.16959837079048157 0.46650952100753784
209 -0.170192688703537 0.4642564058303833
231 -0.170192688703537 0.4642564058303833
342 -0.16921530663967133 0.46434640884399414
346 -0.16924411058425903 0.46434447169303894
287 -0.16921491920948029 0.46380501985549927
186 -0.1692149043083191 0.4638049900531769
490 -0.1692153662443161 0.46434468030929565
306 -0.16921493411064148 0.4638049900531769
377 -0.16977880895137787 0.46439695358276367
263 -0.17019276320934296 0.4642563462257385
391 -0.16955414414405823 0.464260458946228
278 -0.16921494901180267 0.4638049900531769
386 -0.16973960399627686 0.4629700481891632
421 -0.16892223060131073 0.4644569754600525
201 -0.16921477019786835 0.4638049602508545
469 -0.1691945344209671 0.46494051814079285
351 -0.16973954439163208 0.4629700481891632
270 -0.16920557618141174 0.4637811481952667
271 -0.16973955929279327 0.4629700779914856
372 -0.170192688703537 0.4642564058303833
242 -0.16959846019744873 0.46650955080986023
439 -0.16903235018253326 0.46658197045326233
193 -0.1687222570180893 0.4643053412437439
191 -0.16920095682144165 0.46445849537849426
317 -0.16920562088489532 0.4637811481952667
502 -0.16923177242279053 0.4643516540527344
332 -0.16921503841876984 0.4638049602508545
343 -0.16954170167446136 0.46485084295272827
259 -0.16959844529628754 0.46650952100753784
348 -0.17012009024620056 0.46425721049308777
340 -0.16920562088489532 0.4637811481952667
350 -0.1692056506872177 0.4637812077999115
327 -0.16959841549396515 0.466509610414505
356 -0.1695542335510254 0.46426042914390564
403 -0.16959844529628754 0.46650955080986023
420 -0.16973955929279327 0.4629700481891632
286 -0.16957518458366394 0.4643994867801666
293 -0.16959846019744873 0.466509610414505
399 -0.16951884329319 0.4643130302429199
485 -0.16918879747390747 0.4638170003890991
262 -0.1692149043083191 0.4638049304485321
423 -0.16921497881412506 0.4638049304485321
455 -0.16929221153259277 0.4643636643886566
441 -0.16954176127910614 0.46485090255737305
487 -0.16920560598373413 0.4637811779975891
438 -0.16921545565128326 0.46434473991394043
264 -0.16317883133888245 0.4712711572647095
279 -0.1701926589012146 0.4642564058303833
396 -0.1692153960466385 0.46434471011161804
311 -0.16959846019744873 0.4665095806121826
261 -0.16954170167446136 0.46485093235969543
353 -0.16955429315567017 0.464260458946228
398 -0.16921554505825043 0.46434473991394043
239 -0.16892212629318237 0.4644569456577301
337 -0.17019274830818176 0.4642563760280609
478 -0.16918882727622986 0.46381697058677673
314 -0.16921497881412506 0.4638049900531769
338 -0.1691945195198059 0.46494045853614807
315 -0.16920094192028046 0.46445849537849426
367 -0.1695541888475418 0.46426042914390564
184 -0.16872219741344452 0.46430543065071106
266 -0.16919460892677307 0.46494051814079285
405 -0.16968631744384766 0.46484243869781494
212 -0.16903233528137207 0.46658194065093994
480 -0.16920094192028046 0.4644584655761719
210 -0.1701926738023758 0.4642564356327057
374 -0.16959844529628754 0.4665095806121826
381 -0.1689220815896988 0.4644568860530853
245 -0.16921494901180267 0.4638049602508545
339 -0.1692149043083191 0.4638049900531769
464 -0.1689220815896988 0.4644570052623749
461 -0.16920560598373413 0.4637811779975891
252 -0.16892187297344208 0.46484270691871643
451 -0.16954171657562256 0.46485087275505066
491 -0.1695416271686554 0.46485084295272827
349 -0.17019273340702057 0.4642564058303833
187 -0.1695416271686554 0.46485087275505066
208 -0.16921530663967133 0.4643462896347046
254 -0.1695753037929535 0.464399516582489
289 -0.16973958909511566 0.4629700481891632
459 -0.16921491920948029 0.4638049900531769
483 -0.1695188730955124 0.46431300044059753
185 -0.16959841549396515 0.46650955080986023
179 -0.17019277811050415 0.4642563462257385
380 -0.17019261419773102 0.4642563462257385
474 -0.166801318526268 0.46398690342903137
273 -1.029153823852539 0.2584987282752991
409 -1.0798869132995605 0.3272565007209778
378 -0.15245823562145233 -0.4780314266681671
379 0.22191157937049866 -0.4484204649925232
476 -0.6906687021255493 1.1723576784133911
233 -0.9351946115493774 -0.2315526157617569
225 1.1352550983428955 -0.6457616090774536
177 -0.6651539206504822 -0.27753913402557373
355 0.2891235649585724 -0.41560572385787964
465 -0.25415173172950745 1.384530782699585
200 -1.724401831626892 -0.01822507381439209
223 -0.6482437252998352 1.195845365524292
362 0.33810243010520935 2.053997278213501
195 -0.5370784997940063 -1.1234920024871826
344 -1.83024263381958 0.4157155156135559
214 -0.07568772882223129 1.398270606994629
388 0.2010965645313263 -1.2549548149108887
265 -1.003432035446167 0.35016539692878723
468 -0.5264151692390442 -0.3054697811603546
507 0.09393500536680222 -0.48468801379203796
364 1.524828553199768 0.4191313683986664
430 -1.1282086372375488 -0.8130256533622742
510 -1.6929079294204712 0.9493414759635925
333 -0.9067891836166382 -0.8287031650543213
292 -0.9078094363212585 0.9246268272399902
230 -1.81902277469635 0.3315907418727875
251 -0.36577945947647095 -0.4359486401081085
316 0.7969189882278442 0.5617196559906006
183 -0.6700477004051208 1.1845347881317139
280 -1.3022576570510864 1.1671088933944702
283 -0.4920226037502289 -1.129012107849121
392 0.010695203207433224 1.4032596349716187
359 0.9273797273635864 -0.8402409553527832
285 0.6900596022605896 1.9561872482299805
336 -0.9551976919174194 0.8766271471977234
365 -1.715213656425476 0.8550434708595276
295 -0.8893105983734131 1.903684139251709
417 -0.06139405816793442 2.130067825317383
497 -1.5517208576202393 0.22051796317100525
308 0.3598008155822754 2.1040329933166504
241 -0.6337081789970398 1.2037582397460938
180 -0.8068034648895264 1.9329246282577515
376 -0.3396797180175781 1.4164289236068726
189 0.7047135829925537 -0.01063688937574625
310 0.4805683493614197 1.192245364189148
431 -1.0797991752624512 0.3851120173931122
404 -0.10607478022575378 -0.4721407890319824
296 0.787157416343689 1.880489706993103
358 -1.4006662368774414 -0.6031956672668457
232 -0.4215911626815796 2.095824956893921
506 -1.5593637228012085 -0.47313192486763
462 1.210655927658081 1.5158131122589111
258 0.7137887477874756 0.40580207109451294
488 -0.7670994997024536 -0.15060266852378845
375 -1.079800009727478 0.3851138949394226
178 0.7208444476127625 0.44548359513282776
234 0.48675537109375 -0.19994795322418213
452 -1.279176115989685 1.6158827543258667
312 1.3001278638839722 -0.49028074741363525
277 -0.03214001655578613 -0.4510727822780609
322 1.215253472328186 -0.5780683755874634
454 0.8246545195579529 1.8480150699615479
224 -1.0904760360717773 0.5534423589706421
389 -1.4082069396972656 -0.5914953947067261
253 -0.18138930201530457 -1.1944103240966797
472 0.6055752038955688 1.0182592868804932
426 -0.49828827381134033 2.0778987407684326
489 -0.9331461787223816 0.039728567004203796
499 -0.6301241517066956 1.2036794424057007
194 0.7175616025924683 0.4269219934940338
335 0.7137941122055054 0.40584737062454224
171 1.495579719543457 0.11014535278081894
442 1.4944806098937988 0.10192382335662842
176 -1.7130415439605713 -0.009602241218090057
237 -1.1101001501083374 1.6769647598266602
324 1.2106550931930542 1.5158132314682007
260 0.6849678158760071 -1.009412407875061
360 0.705552339553833 0.5132328271865845
471 -0.16921502351760864 0.4638049304485321
493 0.49072712659835815 -0.20668606460094452
272 0.8814192414283752 -0.8772791624069214
456 0.5592547655105591 1.0488101243972778
215 -0.6355370879173279 1.1999173164367676
390 -1.0945039987564087 0.5422643423080444
500 1.4859572649002075 0.13264378905296326
422 0.21207736432552338 1.3396780490875244
329 -0.8428706526756287 -0.05692506209015846
486 -0.21205700933933258 1.384682536125183
397 0.5845109820365906 1.7280128002166748
444 -0.989023745059967 0.8629894256591797
323 -0.9132688641548157 0.031752120703458786
460 1.0534429550170898 1.636812448501587
247 -1.3189985752105713 1.6806726455688477
341 0.7580894231796265 0.07070764899253845
299 -0.2390822172164917 1.3824691772460938
509 -0.5497055649757385 -0.3510339856147766
276 -0.47903552651405334 -1.1644912958145142
368 0.6217517256736755 1.005324125289917
445 0.16513009369373322 1.348181128501892
406 0.2120775282382965 1.3396795988082886
434 1.4898202419281006 0.09333527088165283
294 -1.7852140665054321 0.37849587202072144
198 -1.6250121593475342 1.1415494680404663
477 0.7690658569335938 0.05993096902966499
448 -1.3977978229522705 -0.5901731848716736
309 0.6055762767791748 1.0182610750198364
181 -0.9110783338546753 -0.9920722246170044
400 0.9686750769615173 0.7646095156669617
449 1.483845591545105 0.9817731380462646
466 -0.2366679310798645 1.38185453414917
384 1.4783847332000732 0.9590181112289429
347 -1.090808391571045 -0.7124820351600647
213 0.2984006106853485 -0.4257716238498688
192 -1.730204701423645 1.1093716621398926
363 -0.03213764354586601 -0.4510708153247833
496 0.7580949068069458 0.07070355117321014
366 0.7411227822303772 0.047504302114248276
288 -1.2223824262619019 -0.7531710863113403
334 -0.08817937225103378 -0.43334367871284485
416 0.7156395316123962 0.5087240934371948
437 0.4869757294654846 1.1974661350250244
492 0.9862444400787354 0.8889201879501343
250 -0.7545849680900574 -0.14443552494049072
222 0.500850260257721 -1.0779564380645752
498 0.48868852853775024 -0.9632082581520081
331 -0.9503281712532043 0.8818606734275818
387 -0.49893468618392944 1.2769408226013184
281 -1.7236367464065552 0.9222104549407959
412 -0.9116182327270508 0.02877044305205345
297 1.0651243925094604 1.6446212530136108
435 -0.8141964077949524 1.0885800123214722
470 -1.7868584394454956 0.4737730622291565
313 -1.0818036794662476 0.39863449335098267
275 1.293723702430725 1.3702400922775269
494 0.620239794254303 1.0058265924453735
274 -0.17769822478294373 -1.2141282558441162
268 -0.9328838586807251 0.0767434760928154
482 -0.5327981114387512 -1.0703293085098267
354 -0.3643105924129486 -0.4399912655353546
410 -1.0990712642669678 0.5361036062240601
320 0.605577826499939 1.0182595252990723
257 0.7349569797515869 -0.009677663445472717
321 -0.4488579332828522 2.087012767791748
255 -1.3900742530822754 -0.5908661484718323
238 0.34467265009880066 1.7565501928329468
450 -1.6699758768081665 1.0915254354476929
202 -0.8523977994918823 -1.0148767232894897
382 -0.2484867125749588 1.3826853036880493
226 0.4810035824775696 -0.22939272224903107
220 -1.2441377639770508 -0.7312392592430115
197 -0.03447394073009491 -0.45961707830429077
330 0.009768607094883919 1.4034767150878906
302 -0.9339174032211304 0.9615126848220825
369 0.4840083718299866 -0.20529520511627197
307 0.6397355794906616 2.005202531814575
413 0.827144205570221 0.5909608006477356
407 0.2906855344772339 -0.4581177532672882
290 -0.9502401947975159 0.8833754658699036
385 -0.5939093232154846 1.8166298866271973
401 -0.040066223591566086 -0.4663337767124176
203 1.2870875597000122 -0.4794076085090637
446 0.9687281847000122 0.7646179795265198
473 -0.9159694314002991 0.02400987781584263
419 -0.3706475496292114 -0.4260251522064209
361 -0.6824741959571838 1.1796925067901611
425 0.7055544257164001 0.5132272839546204
284 -0.47006604075431824 -0.38624563813209534
433 -0.892772912979126 0.9939149022102356
511 0.4821479022502899 -1.0412095785140991
182 1.472179889678955 -0.07472628355026245
229 0.7190288305282593 0.4941188395023346
463 0.9608751535415649 -0.15421350300312042
393 0.48418110609054565 1.1984992027282715
357 -0.1567355841398239 1.3701858520507812
328 -0.25401192903518677 1.3888007402420044
429 -0.034332986921072006 -0.4672689437866211
199 0.4450192153453827 1.2273192405700684
243 -1.8161170482635498 0.5195371508598328
291 -1.7789980173110962 0.06426599621772766
298 -1.0077472925186157 1.8409721851348877
475 0.012514226138591766 2.1363022327423096
503 0.4745942950248718 1.206458330154419
174 -1.1115156412124634 0.4484633505344391
326 1.4753601551055908 0.9712310433387756
371 -0.5910676717758179 -0.2940361499786377
484 -0.5033348798751831 -1.110113263130188
267 1.4751518964767456 0.8513556718826294
453 0.7139269113540649 -0.05837800353765488
424 -0.852398157119751 -1.0148899555206299
246 0.4867539405822754 -0.19995218515396118
512 1.4751884937286377 0.7834872007369995
173 0.2151356041431427 -1.1992623805999756
190 -1.513482928276062 1.4612412452697754
325 -0.06975705176591873 -1.2286427021026611
244 -0.6457465291023254 2.0650153160095215
373 -0.0613255500793457 2.130073308944702
301 -0.6001603007316589 -0.3114308714866638
211 1.460789442062378 1.0134345293045044
196 0.2906791567802429 -0.4581170678138733
428 -0.6824773550033569 1.1796903610229492
172 0.16238436102867126 -0.4332907199859619
479 -0.9310193657875061 -0.9663296937942505
219 -0.07627340406179428 2.1370151042938232
415 -0.11821753531694412 -1.200279951095581
414 1.3867778778076172 1.0598572492599487
248 0.4161064028739929 1.277355670928955
204 -0.9989848732948303 1.8989449739456177
175 0.7057291269302368 0.4193817973136902
282 -0.947986364364624 0.8850523233413696
345 -1.741810917854309 0.045139066874980927
505 -1.0974763631820679 0.540678083896637
240 0.5901768207550049 1.0288856029510498
495 -1.597903847694397 -0.4052909016609192
305 -1.099488615989685 0.606505811214447
402 1.2780834436416626 1.4559462070465088
436 0.025331050157546997 -1.2088500261306763
457 -0.7230052351951599 -0.22180700302124023
304 0.7032212615013123 0.03220823407173157
427 -1.2034132480621338 1.7845982313156128
235 -1.6668734550476074 0.9162877202033997
418 0.2630455195903778 -0.41478481888771057
432 1.5079504251480103 0.377012699842453
352 -1.6512094736099243 -0.1837933361530304
269 0.6055766940116882 1.018261194229126
394 -1.4446381330490112 1.5258805751800537
467 1.2152724266052246 -0.5780438184738159
440 -1.4643865823745728 1.5369775295257568
303 -0.6435863971710205 -0.2854011058807373
395 0.7185335755348206 0.39703497290611267
300 -0.6265119910240173 2.0733067989349365
319 -0.8879491090774536 -0.030989479273557663
318 -0.9265184998512268 0.8912372589111328
458 0.22075039148330688 1.3230401277542114
256 0.6002578139305115 1.0118757486343384
408 -1.1900980472564697 -0.12074877321720123
228 0.48275476694107056 -0.2265823483467102
443 0.0393386110663414 1.399693489074707
508 0.18543624877929688 2.0938446521759033
447 1.4859590530395508 0.13263417780399323
221 -0.40491318702697754 2.1016340255737305
383 0.5761886835098267 -0.9636310338973999
504 -0.4308450222015381 -0.4008801281452179
249 -1.1580040454864502 1.7389601469039917
481 0.9522697925567627 -0.08418403565883636
170 -1.5558298826217651 1.4226831197738647
513 0.7223860025405884 -0.9526680111885071
169 -0.1069730818271637 1.383932113647461
218 -1.639793872833252 -0.20228369534015656
205 0.49444013833999634 2.053934097290039
164 1.215251088142395 -0.5780707001686096
161 -0.169554203748703 0.46426042914390564
