1054 0.7517061233520508 1.8149235248565674
954 0.3580647110939026 -0.272505521774292
1549 0.358115553855896 -0.27215322852134705
1437 0.3580651879310608 -0.2726912796497345
1037 0.3580644726753235 -0.2726553678512573
375 0.35813671350479126 -0.2724769711494446
734 0.3582313656806946 -0.2724699378013611
1478 0.358136385679245 -0.27280062437057495
351 0.35826733708381653 -0.27239060401916504
173 0.3581157624721527 -0.27241867780685425
646 0.35813063383102417 -0.27223703265190125
1000 0.3580557107925415 -0.2725389897823334
975 0.35806819796562195 -0.2723625898361206
669 0.3579854369163513 -0.27236267924308777
361 0.35805168747901917 -0.27247098088264465
1189 0.35823217034339905 -0.2725635766983032
559 0.35831013321876526 -0.2724032998085022
713 0.35811635851860046 -0.2723662257194519
542 0.35801154375076294 -0.2728349268436432
443 0.3581163287162781 -0.2723661959171295
1316 0.3582294285297394 -0.2723236382007599
836 0.3581364154815674 -0.27280116081237793
240 0.35798707604408264 -0.27239280939102173
1343 0.3580176532268524 -0.2724560499191284
1014 0.35821667313575745 -0.27255842089653015
869 0.35821664333343506 -0.2725584805011749
1027 0.3580123782157898 -0.2736032009124756
338 0.35798540711402893 -0.27236250042915344
1496 0.35805097222328186 -0.2724657356739044
942 0.3581319749355316 -0.27341756224632263
531 0.3580646216869354 -0.27236199378967285
971 0.35801777243614197 -0.27245649695396423
760 0.3581165373325348 -0.2736154794692993
398 0.35813644528388977 -0.27251872420310974
1296 0.3582321107387543 -0.2725635766983032
1388 0.3580174744129181 -0.2727774381637573
1502 0.3580556809902191 -0.2725491225719452
1007 0.35806843638420105 -0.272386759519577
643 0.3580690324306488 -0.2724148631095886
553 0.3582320511341095 -0.27256372570991516
696 0.35811612010002136 -0.27236267924308777
908 0.358146995306015 -0.2722837030887604
981 0.35806456208229065 -0.27250543236732483
731 0.28315192461013794 -1.1659774780273438
1099 0.35811567306518555 -0.27241867780685425
419 0.35801252722740173 -0.27251747250556946
943 0.35801202058792114 -0.2725639343261719
10 0.35811641812324524 -0.27268898487091064
1121 0.35811591148376465 -0.27239990234375
320 0.3590739965438843 -0.27266526222229004
1292 0.35811561346054077 -0.27215495705604553
782 0.35811635851860046 -0.2723662853240967
270 0.3581159710884094 -0.2723996341228485
1040 0.3582321107387543 -0.27256372570991516
1015 0.35823214054107666 -0.27256354689598083
629 0.3582319915294647 -0.2724654972553253
1545 0.3582321107387543 -0.27256375551223755
668 0.35801205039024353 -0.27256375551223755
1005 0.3582272529602051 -0.2727898955345154
750 0.3580687344074249 -0.27236539125442505
468 0.3582320809364319 -0.2725639343261719
697 0.35801756381988525 -0.27277812361717224
472 0.35811668634414673 -0.2727581858634949
1167 0.3582320511341095 -0.2725626826286316
845 0.35813647508621216 -0.2725151479244232
775 0.3581477701663971 -0.272168904542923
1092 0.3583170473575592 -0.2724655866622925
1527 0.35811591148376465 -0.2723953127861023
805 0.35822731256484985 -0.27278709411621094
360 0.35830870270729065 -0.27279847860336304
96 0.358136385679245 -0.27279990911483765
985 0.3581165373325348 -0.273628830909729
246 0.35813406109809875 -0.27341943979263306
1284 0.3581297993659973 -0.27236318588256836
1188 0.3581012785434723 -0.27239012718200684
362 0.3580177128314972 -0.2724561393260956
827 0.35801178216934204 -0.27266019582748413
1076 0.3580120801925659 -0.2725638747215271
387 0.35805168747901917 -0.2724322974681854
807 0.3580118715763092 -0.2723214328289032
1100 0.3580542206764221 -0.2728951573371887
707 0.35800135135650635 -0.27238729596138
945 0.3581465482711792 -0.27225449681282043
957 0.3582319915294647 -0.27250614762306213
30 0.35826876759529114 -0.2725311815738678
244 0.3580644428730011 -0.272655725479126
1327 0.35813185572624207 -0.27225440740585327
388 0.35811689496040344 -0.27363720536231995
810 1.1357251405715942 -0.022946102544665337
382 0.3581157624721527 -0.27241864800453186
93 0.18327981233596802 -0.5278452038764954
824 -1.3118233680725098 -0.902588427066803
278 0.004127933643758297 0.706723153591156
1011 -0.43939295411109924 1.3852072954177856
714 0.4051162004470825 -0.08157935738563538
458 -0.4444536864757538 1.213303804397583
579 0.9746497869491577 -0.3664552867412567
662 -0.8297160863876343 -1.5332311391830444
652 0.01133230235427618 0.02735421434044838
1543 0.9849869608879089 -0.9146366715431213
855 0.313854455947876 -0.08453425765037537
99 0.8606404662132263 0.24581100046634674
1025 -1.280572772026062 -0.9811486601829529
441 -0.053986556828022 -0.34696701169013977
346 0.5881221294403076 -0.34781819581985474
113 -0.1666499376296997 0.4180307984352112
1244 0.7682603001594543 0.21292968094348907
217 1.5886210203170776 -0.4179441034793854
149 0.4075343608856201 -0.07967083156108856
762 0.7533780932426453 0.23605507612228394
22 -0.4958938956260681 0.9257444739341736
771 -1.3849554061889648 -0.5692033767700195
806 -0.49056777358055115 -0.16378356516361237
732 -0.4454721212387085 0.28219926357269287
224 0.04842822998762131 0.02501486986875534
1002 0.22973908483982086 -2.0058987140655518
739 1.6701112985610962 0.6949664354324341
239 1.2942748069763184 0.062006376683712006
1517 -0.350888729095459 -0.013916121795773506
1396 0.2800220549106598 -0.25430530309677124
1298 0.3095119297504425 -0.09456310421228409
249 1.946671724319458 0.2660931646823883
856 2.0082483291625977 -0.004444143734872341
1265 0.1631188839673996 -1.0485962629318237
412 0.9963124394416809 -1.9949864149093628
1162 -1.0620626211166382 0.4456111192703247
1057 0.6581229567527771 0.30395349860191345
535 0.6797202825546265 -0.3992648720741272
168 -0.41055265069007874 -1.0842857360839844
1228 0.6028311848640442 0.3231513500213623
1196 -1.371303677558899 -0.0771624743938446
1373 -0.35105738043785095 -0.010354448109865189
1067 0.7445355653762817 -1.5565862655639648
1103 0.6596227288246155 -0.3371371924877167
1177 0.0678144246339798 -0.4067918360233307
832 -0.07817496359348297 0.36041900515556335
1289 0.15857131779193878 -0.9667876958847046
247 -1.3769025802612305 -0.5604557394981384
1346 -0.771018385887146 0.7454777956008911
1139 2.125947952270508 -0.6909456849098206
561 1.6263699531555176 0.7330378293991089
797 0.12584638595581055 -0.819811999797821
538 1.1115624904632568 -1.4049867391586304
8 0.46106386184692383 -0.8740272521972656
474 1.3609400987625122 0.0887739509344101
1004 0.306363970041275 0.36201006174087524
1176 0.9919906854629517 -0.5067997574806213
1297 -0.6620663404464722 -1.7062621116638184
1529 0.2849152088165283 -0.21845825016498566
720 2.1144425868988037 -0.6151149868965149
634 0.9509156346321106 -0.30089959502220154
992 1.8041789531707764 -1.2697967290878296
711 0.6079434752464294 -1.4524480104446411
761 -1.103618860244751 0.3245179057121277
1173 -0.43046191334724426 0.27371975779533386
876 0.32159170508384705 -0.025458484888076782
1302 0.846235990524292 -1.0063984394073486
952 0.02238071709871292 0.7774587869644165
871 0.38833388686180115 -0.47852376103401184
1383 1.8180454969406128 -1.2505656480789185
648 -0.11787854880094528 -1.4742848873138428
1483 0.9058310389518738 -0.1885894387960434
661 1.1264889240264893 0.2641308307647705
682 1.1156959533691406 -1.474605679512024
621 1.632825255393982 -1.3985241651535034
1160 0.8257859349250793 -1.0058244466781616
1102 1.9995931386947632 0.06733522564172745
937 0.40407633781433105 -0.08246313780546188
430 -1.2540266513824463 -1.0020794868469238
1510 0.4187452495098114 -1.6518616676330566
820 0.5030481815338135 -1.6349596977233887
868 0.3028905391693115 -0.11070014536380768
828 0.3378097414970398 -0.4431825280189514
1481 0.6012395024299622 -1.4573864936828613
570 0.23232848942279816 0.6155171394348145
503 1.4942632913589478 0.9296721816062927
471 0.46385711431503296 -0.8743845820426941
259 -1.37508225440979 -0.4363129436969757
1499 0.6828938722610474 -0.3926309049129486
140 1.483722448348999 0.9389559626579285
958 -1.371475338935852 -0.5432789325714111
708 0.6486101746559143 -0.33146724104881287
700 0.3879552185535431 -0.6227210164070129
1023 -1.08024001121521 0.8033312559127808
260 -0.4595704972743988 0.2003878951072693
1094 0.3581162095069885 -0.2721739709377289
125 -0.16492776572704315 0.4992782175540924
414 -0.0007147812284529209 -0.257980078458786
672 -0.6144707798957825 -0.8465644121170044
439 0.5713863968849182 -0.23741281032562256
534 1.6362618207931519 -0.45125359296798706
785 1.1536906957626343 -0.9084560871124268
844 1.6887609958648682 0.7095546126365662
1305 1.5033471584320068 -1.650956630706787
1324 0.4106539487838745 -0.08364024758338928
979 -0.9157488942146301 -0.4637213945388794
681 -1.1083046197891235 0.37903085350990295
381 0.362693190574646 -0.018470020964741707
1243 -0.1438734233379364 -0.4365701973438263
155 1.006369709968567 -0.8127447366714478
822 0.5043558478355408 -2.011152982711792
1525 -1.341788411140442 -0.8732004761695862
803 -1.2061212062835693 -1.1723309755325317
197 0.6141866445541382 -1.4468011856079102
929 2.113286018371582 -0.6714028716087341
580 -0.9963269829750061 -1.3662896156311035
723 -0.12000522762537003 -0.498943030834198
204 1.2401742935180664 -0.2877254784107208
1299 0.28180262446403503 0.07935398072004318
976 0.8744768500328064 -0.18444520235061646
265 -0.3980708420276642 -1.2875679731369019
986 -0.13794386386871338 -0.4980919361114502
1208 0.6376298069953918 0.309874951839447
1391 -0.21438439190387726 -1.9556021690368652
1119 -1.1630620956420898 0.31709328293800354
978 -0.1250731647014618 0.37347522377967834
1165 -1.3702424764633179 -0.7889493703842163
344 -0.3715357184410095 -1.1049203872680664
1212 -0.9990366697311401 -1.3726977109909058
1066 0.8427171111106873 0.03309677168726921
499 0.22967447340488434 -1.9895267486572266
1326 0.06135625019669533 0.0376424565911293
1052 -0.7984632849693298 -0.29464155435562134
1012 0.19128963351249695 -1.8376550674438477
998 -0.1706830859184265 0.40172815322875977
1330 2.1151957511901855 -0.1832701563835144
61 0.20752720534801483 -0.9473752379417419
1397 -1.3630937337875366 -0.1057642251253128
997 2.0082502365112305 -0.004447774961590767
1321 0.9830334782600403 -0.9062935709953308
29 0.7510650753974915 0.2103792279958725
1261 0.28320610523223877 -0.04606804996728897
234 0.08052641153335571 -0.41333839297294617
1141 1.0681850910186768 -0.8608793616294861
337 0.3637731969356537 0.7036575675010681
878 1.6092665195465088 0.7712885141372681
203 -0.37638914585113525 -0.038998786360025406
304 0.3559333086013794 -0.0496237687766552
238 -0.30558162927627563 -0.8171703815460205
1082 -0.1722995936870575 -1.4441349506378174
969 0.7611128091812134 0.2320801466703415
1516 -0.09688673913478851 -1.5183285474777222
654 1.4713850021362305 0.9519718885421753
37 -0.7544066309928894 -0.32681146264076233
670 1.0941537618637085 -1.940401554107666
1149 0.8878033757209778 0.21130068600177765
1341 -0.21984829008579254 -0.40891653299331665
28 1.1280291080474854 0.2685377299785614
1115 1.946668267250061 0.26606518030166626
348 0.5726748704910278 -0.23434199392795563
729 1.3049867153167725 -0.09088192135095596
305 0.19479991495609283 0.599364161491394
842 -0.12461665272712708 -0.5708867311477661
427 -0.04972120746970177 -0.21423280239105225
1073 -0.6188639998435974 -1.712383508682251
322 1.0981212854385376 -0.8644976615905762
1385 0.3533064126968384 -0.4190763831138611
1536 -0.4104490876197815 -1.0841761827468872
686 0.18099667131900787 -1.0913159847259521
440 0.17314979434013367 -0.2280862033367157
1147 1.1726289987564087 -0.13221710920333862
706 0.3269156217575073 0.3310787081718445
1417 0.389794260263443 -0.620113730430603
395 -0.1577589213848114 0.38046079874038696
840 0.05439483001828194 0.030133189633488655
1086 -1.1815179586410522 0.2415691316127777
850 0.6863943934440613 -0.4200824499130249
81 0.13214179873466492 0.30339035391807556
1035 -0.17771627008914948 0.6542064547538757
429 -0.2618454098701477 1.266331672668457
1107 0.8338465094566345 0.08735809475183487
725 0.1953955888748169 0.38621824979782104
1074 0.19478632509708405 -0.12512335181236267
90 1.9426965713500977 0.2189415842294693
1075 0.19665713608264923 -0.2522399127483368
693 -0.03773864358663559 -0.17262880504131317
1230 1.445429801940918 0.951380729675293
315 1.7713819742202759 -1.310189962387085
460 0.6895989775657654 -0.45578521490097046
770 2.1300721168518066 -0.25753724575042725
506 1.6946675777435303 0.7054690718650818
1006 2.1358704566955566 -0.43922218680381775
1065 -1.2080971002578735 -1.1593652963638306
649 -0.17893588542938232 -0.8818358182907104
1159 0.6535714268684387 -0.33653780817985535
453 0.6156604290008545 -0.32053235173225403
1424 2.130429267883301 -0.26658591628074646
1240 1.6257377862930298 -0.6064687967300415
177 0.3375438451766968 -0.44496864080429077
169 0.5726295113563538 0.32944637537002563
550 0.19309304654598236 -0.5373435020446777
1328 0.36027973890304565 -1.992637038230896
741 -0.06809718906879425 -0.13783378899097443
1091 0.9182028770446777 -0.9776476621627808
1482 0.9688510894775391 -0.44007307291030884
1131 -0.063471220433712 0.40044453740119934
977 0.5706626176834106 0.33184298872947693
1378 -1.1768875122070312 0.2934812903404236
715 0.5431782603263855 -0.451144278049469
554 0.22388726472854614 -0.7974839806556702
830 1.9388275146484375 0.28382694721221924
1249 0.523651123046875 0.36705103516578674
448 1.1219093799591064 0.2746412456035614
1413 -1.3847955465316772 -0.46453529596328735
690 -1.3479009866714478 0.011527800932526588
425 1.6089192628860474 -0.6076340079307556
147 -0.1545930653810501 -0.6160964369773865
1384 -0.04361262917518616 -0.3778045177459717
1190 1.3622560501098633 0.09388338774442673
666 1.2305657863616943 -0.2601114809513092
939 0.22420191764831543 -1.1559514999389648
413 0.965394914150238 -0.38919174671173096
1254 0.9756132960319519 -0.3712823987007141
1390 1.1884217262268066 -1.4309812784194946
684 0.9854115843772888 -0.6748934388160706
727 -0.37136662006378174 -1.1052182912826538
644 0.957601010799408 -0.28913092613220215
1369 0.4557698965072632 -0.8722882270812988
730 1.7524765729904175 -1.3331959247589111
308 0.5907132625579834 0.3283849060535431
156 -0.24142193794250488 1.251395344734192
1238 -0.5525659322738647 -0.8935405611991882
786 0.6669221520423889 -0.42196890711784363
91 -0.12219110876321793 -0.5145700573921204
1026 1.1271131038665771 0.26101750135421753
1363 0.9370720386505127 -0.9910551309585571
1008 -0.3731920123100281 -1.103456974029541
833 1.0059211254119873 -0.7954509854316711
870 -0.12000089138746262 -0.4988807737827301
324 0.9864715337753296 -0.4406752586364746
355 -0.3118530213832855 1.2719687223434448
1491 -1.3539981842041016 -0.7314041256904602
390 0.19033148884773254 0.3596332371234894
216 -0.2821442782878876 -0.005836353171616793
505 0.4526516795158386 -0.6259012222290039
288 0.686345100402832 -0.42008766531944275
1544 1.0493288040161133 -1.3699129819869995
73 -1.3371464014053345 0.008783983998000622
1392 0.6444639563560486 -0.34859901666641235
946 0.17706245183944702 -0.13618525862693787
699 1.2954216003417969 0.10682272911071777
866 -0.8561539649963379 0.6662762761116028
1133 -0.5451785326004028 -0.9089479446411133
1049 -0.08792940527200699 0.4041935205459595
819 -0.4621697962284088 -0.12680523097515106
757 0.11984579265117645 0.28542324900627136
291 -1.0480374097824097 0.7881032228469849
69 -0.13465692102909088 -0.5144769549369812
1420 0.750771164894104 0.20763632655143738
1336 -1.1809548139572144 0.7036415934562683
334 0.9281585216522217 -0.23304882645606995
445 0.47496917843818665 -0.5157132148742676
1353 0.6226392984390259 0.3093316853046417
678 0.35223838686943054 -0.43318137526512146
551 0.9839888215065002 -1.5456185340881348
306 0.7492427229881287 0.3059537410736084
745 1.2325700521469116 -0.26119792461395264
656 1.1520992517471313 -0.04337593913078308
956 1.4810590744018555 -0.9195376038551331
41 -0.2639086842536926 -0.0093528525903821
1234 1.7709516286849976 -1.3133193254470825
1533 1.4453322887420654 1.0126084089279175
115 -0.8542440533638 -1.423569917678833
366 0.29580095410346985 -0.09313127398490906
859 1.3341439962387085 0.07751336693763733
1355 -0.15696345269680023 -0.4385477602481842
1435 -0.03587254509329796 -0.13679136335849762
311 0.0819433405995369 0.6954907774925232
463 -0.12646806240081787 -0.4556829035282135
1548 0.24064210057258606 0.37515783309936523
657 -0.8627706170082092 0.7477560043334961
159 -0.6429225206375122 0.9628458023071289
767 1.725235104560852 0.678094744682312
748 0.029774708673357964 0.021260246634483337
1306 -0.7078337669372559 -0.04242429509758949
508 0.6033226847648621 -0.35902246832847595
356 0.3583086133003235 -0.27279773354530334
200 0.4442729651927948 -0.8706908822059631
1213 0.13133080303668976 -0.9307783842086792
754 -0.5199044942855835 -0.9380199313163757
166 -1.370008945465088 -0.6816004514694214
467 -0.7609901428222656 -0.41729408502578735
1202 -1.182901382446289 -1.180184006690979
576 2.129798412322998 -0.5690141320228577
181 0.752582848072052 0.2663905620574951
1455 0.8141641020774841 -1.0644451379776
271 -0.06611467152833939 0.6689249873161316
875 -0.2699003517627716 -1.9188416004180908
857 0.4131163954734802 -0.08189516514539719
243 -0.745831310749054 1.200209379196167
961 -1.39573335647583 -0.15018817782402039
778 0.5365608334541321 -1.7325706481933594
283 -0.04681549593806267 -0.3837178349494934
773 1.7599515914916992 -1.327890157699585
549 0.6366609930992126 0.3131760060787201
1245 0.31409329175949097 -0.08932872116565704
1135 0.04809355363249779 0.028152180835604668
325 -0.41913172602653503 1.3555580377578735
307 2.1372764110565186 -0.29777467250823975
655 -0.23538565635681152 -1.9438743591308594
673 0.5778699517250061 -1.5980238914489746
399 -0.4566914141178131 1.2233595848083496
949 1.5620331764221191 -0.349425345659256
728 -0.2708037793636322 -1.9194198846817017
339 0.9587303400039673 -0.28979188203811646
642 1.0082497596740723 -1.4320926666259766
935 0.9300602674484253 0.5965691208839417
1443 0.05196882039308548 -0.40077829360961914
275 0.4522666037082672 -0.8692827820777893
449 -0.28523916006088257 -1.915220856666565
106 -0.12283133715391159 0.6936599016189575
1097 0.19914314150810242 -0.12367507815361023
959 -1.3856147527694702 -0.2096899300813675
279 -0.12878407537937164 -0.5245641469955444
1185 0.9595118761062622 -0.3767581284046173
647 0.9815238118171692 -1.2638405561447144
151 0.7717382311820984 0.22071777284145355
774 -0.378945529460907 -1.1229135990142822
1001 -0.052942320704460144 -1.4939194917678833
980 0.960254967212677 -0.3761507272720337
473 1.5999398231506348 -1.5525442361831665
882 -0.9635330438613892 -1.4126826524734497
790 1.6424140930175781 -1.1341172456741333
1278 -0.5017340183258057 1.1580042839050293
162 0.5994677543640137 0.3187474012374878
811 0.6159037351608276 0.318617582321167
1262 -0.5111379623413086 1.1922701597213745
982 -0.23278243839740753 -1.9421216249465942
1345 0.8312186002731323 0.08572681248188019
736 1.1034307479858398 -1.4982081651687622
1192 -0.44117289781570435 -0.1525377482175827
1479 0.24207448959350586 -0.5437547564506531
132 1.3071142435073853 -1.4848978519439697
87 1.5500571727752686 -0.8937320709228516
262 0.23014332354068756 0.35551348328590393
829 1.1221145391464233 0.2768307328224182
863 -0.8685098886489868 -0.6001695990562439
1504 -1.3437366485595703 -0.7278894782066345
556 -1.0992454290390015 0.30922508239746094
397 0.2893064320087433 -0.10879407078027725
631 0.8610203266143799 -0.07077179849147797
154 0.11267515271902084 -1.0895975828170776
492 -1.1727508306503296 0.7229756712913513
972 -0.18414773046970367 -1.4153984785079956
744 0.7510585188865662 -0.9309103488922119
195 0.9888920187950134 -1.0409551858901978
122 0.21130558848381042 -1.1113160848617554
839 1.2786056995391846 -1.8092365264892578
482 0.006901879794895649 0.02145644836127758
884 -1.3580989837646484 -0.07071536779403687
1120 -0.03942076116800308 0.7805747985839844
1440 2.1331253051757812 -0.26441535353660583
1072 -0.675152599811554 0.9930555820465088
574 -0.1238744854927063 0.3573872148990631
541 0.5905986428260803 -0.313609778881073
424 0.35341641306877136 -0.4213852882385254
1366 0.37542757391929626 -0.6133972406387329
402 -0.2643935978412628 -1.9203567504882812
1220 0.6103207468986511 -0.32780423760414124
680 -0.5558762550354004 -0.9084157943725586
1205 0.9140065312385559 0.5889301300048828
747 1.9467194080352783 0.26509296894073486
1354 1.455834150314331 0.9224345088005066
1110 0.4615728557109833 -0.09098542481660843
1098 -0.1974996030330658 -0.43028944730758667
632 0.06574686616659164 0.03999659791588783
83 0.9957032799720764 -0.9219073057174683
174 0.18183961510658264 -0.9934456944465637
294 0.9136913418769836 0.570213258266449
1043 -0.4643596112728119 -0.13507254421710968
89 1.177973747253418 0.11650655418634415
1471 -0.47702887654304504 -0.11982889473438263
1357 1.8239612579345703 -1.2451198101043701
1484 0.606253981590271 0.3163938820362091
813 0.6756283044815063 -0.3722582757472992
1474 1.2776585817337036 -1.8160462379455566
1301 -0.6070403456687927 -0.8683083653450012
1498 0.19677117466926575 -0.8233206868171692
1122 1.4590826034545898 0.9769992232322693
357 -0.3408682346343994 1.2696533203125
1193 -0.5757505297660828 -1.7043317556381226
965 -0.7596271634101868 -0.37243932485580444
726 -0.9489830136299133 -1.3574937582015991
645 0.24667073786258698 -0.8234840035438538
130 0.18521636724472046 -0.533116340637207
540 -1.3338667154312134 0.04772302135825157
327 -0.5741772651672363 0.9805591702461243
60 0.28292664885520935 -0.046514127403497696
231 2.0759987831115723 -0.13616587221622467
872 -0.6198867559432983 -1.7338086366653442
1236 1.698782205581665 0.7424612045288086
376 0.46601444482803345 -0.8691939115524292
903 -0.7229359149932861 0.6287451386451721
129 0.3911657929420471 -0.48301053047180176
1398 0.3619981110095978 0.7133611440658569
372 0.35471248626708984 -1.9911357164382935
1044 0.8402268886566162 0.05362087860703468
490 0.2895425260066986 -0.12387177348136902
35 -0.14731864631175995 -0.4952631890773773
1371 -1.3781365156173706 -0.5622709393501282
1013 -0.7570701837539673 1.1670989990234375
795 0.644199788570404 -0.32687970995903015
948 0.6696997880935669 0.3086231052875519
163 1.329869031906128 0.07598530501127243
466 1.4792327880859375 -1.0891945362091064
1528 0.17968285083770752 -1.0431249141693115
955 0.5476298332214355 0.03765520453453064
1256 1.550053358078003 -0.8937300443649292
779 0.8346415758132935 -0.9733339548110962
1050 1.5749746561050415 -0.36219826340675354
941 1.2893551588058472 -1.8016448020935059
1117 0.17668430507183075 -0.5262743234634399
23 -0.9983658790588379 -0.566370964050293
703 2.0044808387756348 0.006234991364181042
340 -0.8410398364067078 -1.4229979515075684
442 -1.009368896484375 -1.353018879890442
392 0.7057943344116211 -2.1057522296905518
1509 -1.3837509155273438 -0.17642945051193237
814 0.8109045624732971 -0.947365403175354
396 0.3032369613647461 -0.1263052225112915
1187 1.603228211402893 0.7963915467262268
555 -0.17906348407268524 -0.7861113548278809
1051 0.004835872910916805 0.01615983061492443
812 0.7747450470924377 0.2189358025789261
907 1.467764973640442 0.9607052803039551
408 -0.7843905687332153 -1.5877223014831543
1495 -0.8688297867774963 -0.5888953804969788
253 1.1768953800201416 0.12486746907234192
776 1.0988092422485352 0.30210983753204346
1315 0.48606133460998535 -2.00945782661438
862 -1.0344913005828857 0.8510465025901794
321 1.0702061653137207 -1.3612741231918335
370 1.2161303758621216 0.12045728415250778
808 -0.21471472084522247 -0.4120977818965912
546 -0.6149819493293762 -1.71254301071167
374 -0.26003924012184143 -1.9278302192687988
160 -0.5229193568229675 -0.12399958074092865
475 0.7535077929496765 0.21969608962535858
201 0.8468398451805115 0.26473361253738403
1034 0.9601276516914368 -0.3749975562095642
1163 1.919440746307373 -1.11422598361969
420 0.6817370057106018 -0.46044614911079407
312 -1.0789071321487427 0.21183954179286957
953 0.938808262348175 -0.9877353310585022
82 -0.7743964791297913 0.8440622091293335
379 0.9528836011886597 -0.9853251576423645
145 1.2372244596481323 -0.27126866579055786
753 -0.19833610951900482 -1.3996474742889404
1364 1.8931974172592163 -0.7842820286750793
536 1.460620403289795 0.9477611184120178
874 0.1470136195421219 0.3001115620136261
118 0.9888185262680054 -0.9269253611564636
989 -0.28867536783218384 -1.9144619703292847
384 0.0825333446264267 -0.4119466245174408
838 0.5201094150543213 -2.0126583576202393
170 0.2082228809595108 -0.12252519279718399
385 0.41028717160224915 -0.08485115319490433
180 0.7485702037811279 0.24252957105636597
1319 1.0065306425094604 -0.40507227182388306
794 1.6256771087646484 -0.5644888281822205
1203 0.24305817484855652 0.6232798099517822
1184 0.24955198168754578 0.3523993194103241
438 -0.46104925870895386 0.20688506960868835
206 -0.8328461647033691 -1.2929103374481201
309 1.8151991367340088 0.5408010482788086
88 0.25550249218940735 -1.0278698205947876
676 1.0113266706466675 -0.5193068385124207
268 0.30400317907333374 -0.11725164204835892
214 1.1359686851501465 0.25803956389427185
963 0.24068982899188995 0.3762102723121643
1311 -0.7569622993469238 -1.6459017992019653
401 0.3530251085758209 -0.43698760867118835
990 -0.7392580509185791 -0.45629003643989563
32 0.7631056308746338 0.2785795331001282
749 1.6048192977905273 -0.46731293201446533
1546 -0.14216142892837524 0.39601168036460876
789 0.16779404878616333 0.3291008472442627
186 0.9290242195129395 -0.29275673627853394
80 1.0060762166976929 -0.40498030185699463
454 1.9321975708007812 0.2947896420955658
1427 0.1915615350008011 -0.243641197681427
1148 0.5573883652687073 -1.455836296081543
365 0.7188100218772888 -0.36622026562690735
689 0.6837636828422546 -0.35749539732933044
746 1.1257978677749634 -0.03231752663850784
793 0.4519249498844147 -0.8716956377029419
974 -0.9919349551200867 -1.3625038862228394
101 -0.2298375964164734 -0.40537646412849426
906 -1.0591596364974976 0.5746777653694153
853 0.20243336260318756 -1.112615704536438
675 1.1279016733169556 0.2468874752521515
146 0.15547028183937073 -0.8176559805870056
266 0.4442434012889862 -0.8707197308540344
1239 0.455865740776062 -0.8793269395828247
1181 1.1731053590774536 -0.1958869993686676
633 2.130423069000244 -0.266508013010025
1030 1.6906393766403198 -0.7491155862808228
341 -0.15743692219257355 0.49910208582878113
1048 0.4778275489807129 -0.9913294911384583
157 0.04738724231719971 0.024802200496196747
1522 -0.703841507434845 -1.6944490671157837
1129 0.3143885135650635 -0.09284105151891708
1356 1.9324322938919067 0.2911282181739807
569 -0.10258876532316208 -0.6397510170936584
1143 1.096881628036499 -0.8511281609535217
333 1.00137197971344 -0.5173600316047668
1106 0.8014122247695923 -0.8821427822113037
787 1.9323174953460693 0.29263922572135925
267 -0.39484983682632446 -0.029259052127599716
405 0.9304202795028687 0.5890449285507202
415 0.9905983805656433 -0.9052176475524902
403 -1.3338667154312134 0.04772302135825157
1003 -0.8766769766807556 -0.5812798738479614
988 0.1794014573097229 -1.0238105058670044
352 1.0872409343719482 -0.8497263789176941
1215 0.8795459270477295 -0.964039146900177
476 0.17666029930114746 -0.9794684648513794
1447 1.0867780447006226 0.32342207431793213
284 -0.12320271134376526 -1.9727791547775269
1009 -0.580885112285614 -1.7067930698394775
462 0.9175576567649841 -0.9791350960731506
763 -0.6530078649520874 -0.815315842628479
1089 0.6362777948379517 0.30521973967552185
532 0.5855833292007446 -1.766358733177185
766 0.35129356384277344 -0.41476595401763916
293 0.05116558447480202 -0.9290749430656433
1468 -0.0821569412946701 0.36635926365852356
1372 -0.8337453007698059 -1.3309053182601929
519 1.9560561180114746 0.25715580582618713
220 0.31290575861930847 0.6961817145347595
1331 0.7518836855888367 -0.9314426779747009
960 -0.7039833068847656 -1.6940648555755615
915 -0.2769908308982849 1.2641000747680664
1277 -0.17448440194129944 -0.8617005348205566
432 2.0082473754882812 -0.004444153048098087
103 -0.7212480306625366 -0.13371555507183075
756 -0.6201943159103394 -1.7335113286972046
752 0.16591337323188782 -0.9798028469085693
435 0.6529009938240051 -0.33198481798171997
71 0.42667829990386963 0.06825761497020721
640 -0.12649784982204437 -0.8014898300170898
751 -0.16287997364997864 -0.4435350298881531
1423 -1.2887495756149292 -0.9572355151176453
758 -0.24405601620674133 1.2337102890014648
1348 -0.592371940612793 -0.044175729155540466
491 0.05646301060914993 -1.0462697744369507
1295 0.6873656511306763 -1.4296414852142334
651 2.076263427734375 -0.13881991803646088
1400 0.6203856468200684 0.31745636463165283
849 -0.4738987684249878 -0.05158728361129761
1021 0.46167445182800293 -1.039019227027893
800 2.008249044418335 -0.004447914194315672
92 -0.1335197538137436 -0.42955565452575684
426 0.9427266716957092 -1.1923846006393433
916 -0.5549173951148987 0.9282945394515991
1064 0.8891470432281494 0.5927740931510925
735 0.9139530062675476 0.5752658843994141
967 -0.471927285194397 0.19958534836769104
533 1.9466631412506104 0.26617902517318726
1269 0.6817470788955688 -0.46044284105300903
227 -0.9464232325553894 0.8699424862861633
1448 -0.7378770112991333 0.9458503723144531
258 0.3037678301334381 -0.13266918063163757
373 -0.7828279137611389 -0.5167993307113647
1248 0.3099665641784668 -0.26478156447410583
421 0.6503702402114868 -0.31755468249320984
1113 1.1944767236709595 -1.8733208179473877
733 -0.4091508686542511 1.2388064861297607
951 -0.4169561266899109 1.360992193222046
1454 0.6825767755508423 -0.4504825174808502
877 -0.12935632467269897 -0.5128023028373718
63 2.1301162242889404 -0.2626647651195526
1434 -0.6728238463401794 -0.050772130489349365
98 -0.2874140441417694 -1.916917324066162
127 0.966096818447113 -0.3943033516407013
552 -0.15550430119037628 -0.42416396737098694
1088 0.22646857798099518 -1.100670576095581
1258 0.9156011343002319 -0.24663010239601135
1286 1.059197187423706 -1.9529751539230347
1271 -0.2686668932437897 -0.8606191873550415
179 -1.3369380235671997 0.060131195932626724
798 -0.1391102373600006 0.3924127221107483
484 -0.38178083300590515 -0.7734146118164062
1200 1.3880213499069214 -0.1943950653076172
788 0.5073301792144775 0.08573240786790848
1084 0.4668387472629547 0.056115251034498215
1104 1.4300968647003174 -1.7012920379638672
769 0.3874383568763733 0.33129939436912537
27 -0.7914894223213196 -0.3490805923938751
1179 1.474872350692749 0.952564537525177
1283 1.328815221786499 -0.15932144224643707
843 -1.0312315225601196 0.32220837473869324
687 -0.4015270173549652 1.227737545967102
1053 -0.22579152882099152 -0.40296322107315063
573 -1.0065186023712158 -1.360921025276184
1317 -0.4036310911178589 0.3044244945049286
1222 0.33605700731277466 -0.14320418238639832
926 -0.10437342524528503 -0.6392658948898315
184 0.5906770825386047 -0.3136161267757416
410 -0.7010937929153442 0.006962141953408718
1226 0.6245713233947754 -1.0896427631378174
1379 0.26346996426582336 -0.8386633396148682
653 2.1344878673553467 -0.9189051985740662
1393 2.155987501144409 -0.7386652827262878
1151 0.404806911945343 -1.6473175287246704
910 0.681916356086731 -1.4766466617584229
1333 0.9872419834136963 -0.9270274043083191
543 -0.4477313160896301 0.19095461070537567
1019 0.31376907229423523 0.05669447034597397
1335 0.24009348452091217 0.7232322096824646
1170 1.946671962738037 0.2660868167877197
1425 -1.3470476865768433 -0.12884435057640076
664 -0.6999872922897339 -0.16908077895641327
924 0.39109179377555847 -0.6162896752357483
1246 1.8454933166503906 0.49129611253738403
641 0.30315127968788147 -0.058372195810079575
768 -0.039412181824445724 0.7804369330406189
1250 0.3031502366065979 -0.05837336927652359
14 1.768326997756958 0.7187021374702454
791 -0.17907902598381042 -0.8599647283554077
1257 -0.04842080920934677 -0.37682828307151794
1069 1.8911473751068115 0.36949241161346436
1329 -0.5257457494735718 -0.9296829700469971
577 1.0447444915771484 -1.364784836769104
947 0.6049434542655945 0.3221951425075531
1063 -0.910815417766571 0.812941312789917
479 -0.0005090116756036878 0.7723172903060913
182 -0.6619265079498291 -1.7063935995101929
1276 1.604819893836975 -0.46731290221214294
637 0.3563636243343353 -0.04969273507595062
996 0.16538231074810028 -0.8227224349975586
927 -1.3329660892486572 -0.13716425001621246
564 -0.4482276439666748 0.2844310998916626
627 -0.16341903805732727 -0.4426571726799011
422 -0.7395890951156616 0.6245710253715515
5 0.6112821698188782 0.31339654326438904
465 -0.21014049649238586 -0.4215632975101471
1058 -1.3717303276062012 -0.5394230484962463
717 -1.3220332860946655 -0.8997554183006287
1279 1.678972601890564 -0.7797785401344299
428 -0.14691655337810516 -0.44386595487594604
1376 1.7834762334823608 -1.2966746091842651
622 0.41139647364616394 0.31941795349121094
323 0.46650001406669617 0.05603640154004097
477 -0.4879647195339203 0.9384893774986267
1272 0.38471460342407227 -1.997700810432434
1430 -0.491275817155838 -0.13740211725234985
994 -0.4619819223880768 0.19972920417785645
815 0.6578477621078491 -0.332122802734375
665 1.0098719596862793 -0.9436262249946594
185 0.6973653435707092 -2.097865104675293
572 0.8092716336250305 -0.9608501195907593
1362 0.22381971776485443 -0.8037053346633911
1227 1.6238592863082886 -0.6930017471313477
1451 -0.5255391597747803 -0.9298843145370483
1144 0.6784819960594177 -0.42037105560302734
354 0.1825389713048935 -0.525814950466156
225 0.3580135107040405 -0.272317498922348
1112 -0.16719181835651398 -0.5767606496810913
498 1.006790041923523 -0.4048377275466919
663 1.0836435556411743 -1.9531362056732178
695 1.567402958869934 -0.3371436297893524
423 0.6862093210220337 -0.3858095407485962
158 0.9315322637557983 -2.0067296028137207
1219 -0.14148463308811188 -0.4599491059780121
1146 -0.8306713104248047 0.6325474977493286
252 1.272121787071228 -1.8134911060333252
198 0.4749734401702881 -0.5157111883163452
24 -0.26184749603271484 -1.9191691875457764
772 0.45593446493148804 -0.8761533498764038
962 0.05220490321516991 -0.3964569568634033
1280 1.773242712020874 -1.3071439266204834
434 0.1959085613489151 -0.14009179174900055
1381 -1.1612939834594727 0.3011779487133026
1408 -0.12990634143352509 0.3679211735725403
417 0.6799799203872681 -0.5408934950828552
1124 0.8461093902587891 -1.0058414936065674
504 2.1203737258911133 -0.20183581113815308
1551 -0.048515189439058304 -0.3746044933795929
933 -0.6595977544784546 -0.8108928799629211
1101 -0.5333335399627686 -0.9042822122573853
938 -1.2418805360794067 -1.0163484811782837
280 1.2971482276916504 -0.09277749061584473
1218 0.46114322543144226 -0.8751978278160095
1045 0.9575289487838745 0.5793870091438293
509 1.5595041513442993 -1.6198174953460693
343 -0.4924294650554657 -0.1321287602186203
218 0.05906621739268303 0.04599183797836304
276 0.6558519005775452 0.4743311405181885
230 0.28867748379707336 -0.10973503440618515
932 -0.1694566160440445 0.6636572480201721
236 0.22892914712429047 -0.3158220648765564
1538 -0.48443716764450073 -0.11226300895214081
409 0.04176601022481918 0.031248465180397034
194 0.18297907710075378 -0.5269412994384766
452 1.2724250555038452 -1.546429991722107
1274 -0.7230886816978455 -0.0837424173951149
1197 -0.46627187728881836 0.19732971489429474
1485 0.0042166560888290405 0.7067177295684814
1428 0.3031495213508606 -0.058372944593429565
418 -0.4455658793449402 -0.15089274942874908
1382 0.19980140030384064 0.38724255561828613
221 0.890889048576355 -0.9620274305343628
386 -1.3520252704620361 -0.0011006919667124748
51 -1.145716905593872 0.39535173773765564
1180 0.08316397666931152 -0.41522127389907837
161 0.4559774100780487 -0.8762570023536682
377 2.128739833831787 -0.2268466055393219
764 0.7492244839668274 0.30598703026771545
299 1.1552157402038574 -1.1016021966934204
1352 1.227127194404602 -1.552129864692688
261 0.1930929273366928 -0.537342369556427
295 -1.1776200532913208 -1.1840527057647705
406 -0.9674214720726013 -0.5410880446434021
1547 -0.05295752361416817 -1.4936914443969727
1068 0.2367364764213562 0.6250177025794983
557 0.2092602550983429 -0.5459736585617065
128 -0.471676766872406 0.20646829903125763
1310 0.7731909155845642 -1.5587027072906494
1158 0.9992641806602478 -0.7984895706176758
563 -0.33365651965141296 1.319307565689087
1334 -0.6710248589515686 -0.8021349906921387
799 -0.4615829586982727 0.20237846672534943
1078 0.15855960547924042 -0.976131796836853
112 1.7356475591659546 0.7098654508590698
638 0.46586325764656067 -0.8754502534866333
68 -0.45510533452033997 -0.13802771270275116
1041 -0.12925872206687927 -0.5129364132881165
510 0.3206823468208313 0.7049475908279419
854 0.38524550199508667 -0.6203346252441406
1367 0.7149024605751038 0.3028664290904999
883 1.1361244916915894 0.296600341796875
15 -1.0584355592727661 0.5743762254714966
164 -0.7297364473342896 -0.1838960498571396
545 0.3883289694786072 0.32874515652656555
1090 0.23146314918994904 -0.8280918002128601
289 -0.7883919477462769 -0.5145944952964783
255 1.5758541822433472 -0.38316383957862854
459 -1.366591215133667 -0.09965062886476517
885 0.6138326525688171 0.3204597234725952
802 0.9535432457923889 -0.26278042793273926
1291 -0.8419851064682007 -1.5024387836456299
1469 1.1551164388656616 0.2170160710811615
801 1.0202702283859253 -0.5725072026252747
1047 0.4561201333999634 -0.8765731453895569
1377 1.0809903144836426 -1.9525554180145264
1070 -0.44636616110801697 -0.1584000438451767
209 0.04596700146794319 0.0295881275087595
310 -0.39467906951904297 1.3528010845184326
233 0.9363061189651489 0.29326608777046204
1470 0.1530902236700058 -1.0612144470214844
335 -0.44807860255241394 -0.1497323215007782
636 -0.6896101236343384 -0.17010396718978882
539 0.1849164515733719 0.32800355553627014
1155 -0.19355271756649017 -1.396351933479309
1514 0.45240747928619385 -1.0377198457717896
537 0.6366074681282043 -1.5161417722702026
1114 0.6211856603622437 -0.35907089710235596
251 -0.9890362620353699 -0.5549688339233398
1532 0.3652503788471222 0.34139129519462585
999 0.5906871557235718 -0.31361648440361023
1507 0.671638011932373 -2.0307068824768066
1056 0.18206103146076202 0.32955506443977356
1036 -1.138647437095642 0.3667988181114197
950 0.36257806420326233 -0.4197743237018585
1130 0.6863375902175903 -0.42009058594703674
502 -1.2394683361053467 -1.0229660272598267
1206 -0.9694482684135437 -1.4093769788742065
349 1.5636028051376343 -0.35610300302505493
1526 1.1196465492248535 -0.01560815330594778
66 0.9882724285125732 -0.6931852102279663
1446 1.0849004983901978 -0.825493574142456
6 0.7575758695602417 0.23252545297145844
1467 -1.0046199560165405 -1.3488627672195435
139 -0.7990387678146362 -1.5529252290725708
784 -0.20602935552597046 -0.8538457751274109
1473 0.15855801105499268 -0.9761276841163635
1307 0.6638779044151306 -0.34365442395210266
17 0.04129108041524887 -0.3795754015445709
350 1.3309189081192017 0.06957846879959106
1029 0.1831652671098709 -0.9968377947807312
683 -0.9784634709358215 -1.3834739923477173
1171 0.9259434938430786 -0.26167142391204834
478 0.7499090433120728 0.5681093335151672
208 1.7775665521621704 -1.3024446964263916
1457 -0.1819133311510086 -1.4176208972930908
229 -0.8418444991111755 1.0908915996551514
837 -1.2832895517349243 -0.9846972227096558
851 0.9245679974555969 -0.2786353528499603
1079 1.2354543209075928 -0.2850106954574585
738 -0.37193700671195984 -1.1129029989242554
928 1.4403021335601807 0.9522482752799988
183 1.4557112455368042 0.9326008558273315
1325 -1.2308317422866821 -1.0514532327651978
995 -0.1350555270910263 -0.5070152878761292
1531 -0.8592703938484192 -0.6817430853843689
192 -0.9606006145477295 0.4690324366092682
1530 0.22688092291355133 -1.9888105392456055
973 1.7620530128479004 -1.3263665437698364
581 0.40444663166999817 -0.480015367269516
7 2.1298651695251465 -0.5664008259773254
1062 0.9964205622673035 -0.5563637018203735
131 1.7523791790008545 -1.3213989734649658
274 -0.1448829025030136 -1.4585554599761963
792 0.5348637104034424 -2.0156564712524414
199 1.5602329969406128 -0.3472100496292114
126 1.946672797203064 0.2660398781299591
858 0.636582612991333 0.3090782165527344
740 1.847054123878479 -1.1757307052612305
371 1.6326876878738403 -0.5916091799736023
796 0.36010560393333435 -0.012036695145070553
1268 -0.433040976524353 0.2764202356338501
1282 1.6674120426177979 -1.5127251148223877
152 0.5646240711212158 -0.4024164378643036
1476 0.20728616416454315 -1.1802639961242676
1211 1.065898060798645 -0.6027354598045349
456 0.5602297782897949 -0.4061676859855652
940 0.36395934224128723 -0.41569793224334717
1506 -0.46758511662483215 -0.13018493354320526
1375 0.5875844359397888 -1.7762744426727295
1337 0.42858344316482544 -2.0041615962982178
759 0.5229557156562805 -1.6016731262207031
19 0.34867849946022034 -0.4364459216594696
302 1.2003363370895386 0.1236739307641983
964 1.1153589487075806 0.31133586168289185
191 1.7186566591262817 0.5692352056503296
1493 0.19245703518390656 -0.5379829406738281
264 1.0861330032348633 -0.849714457988739
389 0.1029740497469902 -1.165709376335144
1318 1.6120617389678955 -0.6946731209754944
367 0.28706032037734985 -0.044681765139102936
848 1.93220853805542 0.2947622537612915
970 0.671899676322937 -0.5377235412597656
1123 0.24194729328155518 0.6254092454910278
500 0.6718999147415161 -0.5377258062362671
171 0.9597052931785583 -1.4697980880737305
176 -0.12195464968681335 -0.5007070302963257
272 0.1903153657913208 0.7212457656860352
719 -0.876213014125824 1.0732471942901611
1198 1.2038346529006958 0.13668273389339447
1126 0.5670536160469055 -0.39510855078697205
142 0.33286336064338684 0.7092862129211426
18 -0.12383396178483963 -1.972631812095642
1358 0.9850775003433228 -0.9928598999977112
1513 0.5196647047996521 -0.4019313156604767
1132 -0.16134057939052582 -1.439985990524292
1247 0.5764638781547546 0.32637232542037964
1347 1.0113716125488281 -1.430320382118225
1223 0.4215860962867737 -0.1884049028158188
336 0.22295522689819336 -0.8246569633483887
1183 0.1598481833934784 -0.969157338142395
1312 0.23332169651985168 0.6182421445846558
1224 0.6845977902412415 -0.3780454397201538
223 1.0855021476745605 -0.8604062795639038
485 -0.3465796113014221 -0.012095145881175995
148 1.6058628559112549 0.7880204916000366
671 -0.17639192938804626 0.46770942211151123
117 0.02223759889602661 0.007096599787473679
431 0.6633568406105042 -0.3393188416957855
1061 1.5622442960739136 -0.35886260867118835
331 1.6036592721939087 -0.6211858987808228
501 0.15709322690963745 -1.0995101928710938
287 -1.0150513648986816 -0.5722641944885254
248 1.945258617401123 -1.0898027420043945
205 0.2990139126777649 -0.06159745529294014
495 -0.18801948428153992 -0.41905349493026733
548 0.3206922113895416 0.7049444913864136
1231 0.9832355380058289 -0.4095156490802765
1405 -1.1474215984344482 0.32719686627388
900 0.11267189681529999 -0.9480598568916321
1093 1.4412988424301147 0.9625329971313477
816 0.5496910810470581 -2.0182223320007324
86 1.4581454992294312 0.9686141014099121
316 0.5050634145736694 0.06337050348520279
1293 -0.7609943151473999 -0.4172993302345276
1475 2.1372759342193604 -0.29777929186820984
983 0.289309024810791 -0.10879480838775635
658 -0.2091442048549652 -1.3859034776687622
464 -1.36691415309906 -0.1025325134396553
743 -0.1535881757736206 0.3712017834186554
79 0.22060662508010864 -0.8248296976089478
968 0.11379386484622955 -1.177815556526184
667 0.17446886003017426 -0.9777721762657166
446 -1.0696159601211548 0.3414815366268158
219 -0.7555797100067139 -0.4558746814727783
393 1.9426956176757812 0.2189372330904007
1164 0.04633929207921028 0.026579072698950768
705 1.264203667640686 -1.830885648727417
455 0.22903569042682648 -1.9891395568847656
1503 1.8041785955429077 -1.2698003053665161
1486 1.5271661281585693 0.25498440861701965
470 -0.4221799075603485 1.3776648044586182
1242 -0.6896105408668518 -0.17010974884033203
1552 0.3478797674179077 -0.05803718790411949
1361 0.11379701644182205 -1.1778112649917603
1287 0.4589005708694458 -0.8756078481674194
451 -0.38754767179489136 -0.13279810547828674
1081 -1.3780940771102905 -0.5499882698059082
1332 1.687386155128479 0.6636623740196228
630 -0.11630852520465851 -0.4642171859741211
121 -0.1768660992383957 -0.8813855648040771
529 2.007753849029541 0.01746496558189392
1463 2.139216184616089 -0.5635141134262085
1142 1.0078009366989136 -0.6877248883247375
303 1.2271080017089844 -1.5521279573440552
818 -0.06930384784936905 -0.13807493448257446
991 0.3514547049999237 -0.414875328540802
44 0.46891069412231445 0.04763384535908699
1125 1.879622459411621 -0.8036410808563232
486 0.4836176335811615 -2.013451099395752
566 1.7115293741226196 0.6829257607460022
1285 1.5611796379089355 0.8445744514465332
718 0.4108516573905945 0.06339897215366364
1541 -0.3318605422973633 -1.9005324840545654
111 -0.8503335118293762 -0.48836982250213623
450 -0.3543800413608551 -0.007069009821861982
56 0.7513999342918396 0.21232134103775024
328 0.8908929824829102 -0.9620276093482971
804 0.2906055450439453 -0.12405043095350266
1550 0.544537365436554 -1.6046233177185059
188 1.6756459474563599 0.6878254413604736
226 -0.11541150510311127 0.698610246181488
993 -0.1654086410999298 -1.4448704719543457
1339 1.125472903251648 0.2765527069568634
1386 -0.4687710702419281 0.2109663337469101
724 -1.3569154739379883 -0.728481113910675
369 -1.3623961210250854 -0.12055666744709015
694 -1.1517748832702637 0.319734126329422
298 -1.3514553308486938 -0.6861900687217712
1136 0.06669864803552628 0.04199802875518799
363 0.688430905342102 -0.5113434791564941
1105 1.3634483814239502 -1.7520736455917358
624 0.93144291639328 -0.9846962690353394
136 0.6285244226455688 0.3097710907459259
210 0.9580433368682861 -0.8967787027359009
825 -0.7689653635025024 -1.651525855064392
1028 -1.1022194623947144 0.7976038455963135
94 -0.031582724303007126 -0.38096585869789124
1461 -0.4521864950656891 0.19920945167541504
1389 -0.9414733648300171 -0.3553529977798462
496 0.39843422174453735 -0.6152828335762024
481 0.6340113878250122 0.30634114146232605
879 0.3455113172531128 0.05884498730301857
1494 1.8760812282562256 -0.9207686185836792
1241 0.42179957032203674 -1.6561757326126099
461 1.8280187845230103 -0.9208523035049438
685 1.2748332023620605 0.01406807266175747
737 -0.162877157330513 -0.44354012608528137
1488 0.16536901891231537 -1.0527008771896362
494 0.41218116879463196 -0.07758532464504242
1395 0.8850218653678894 -0.1556197702884674
104 1.1779775619506836 0.1165095642209053
1419 2.144625425338745 -0.506142795085907
1477 -0.16278664767742157 -0.040495723485946655
1452 0.2889111638069153 -0.10975026339292526
1399 -0.2520187497138977 -1.9222668409347534
1118 0.2590562105178833 0.044281668961048126
1351 -0.5858399271965027 0.817613959312439
1263 1.8219588994979858 -1.2468459606170654
777 -0.15282286703586578 -1.4485081434249878
628 0.7501164674758911 0.20763005316257477
1294 -0.04912891983985901 -0.37740957736968994
480 0.6132092475891113 0.35080814361572266
296 1.0302026271820068 -0.9028883576393127
211 0.3574967682361603 -0.4181341230869293
1022 -0.46062561869621277 0.29707661271095276
578 -0.4488157331943512 0.2818966209888458
1232 -0.6861643195152283 -0.786379873752594
378 -0.5747876763343811 -0.8689327836036682
1221 -1.3651156425476074 -0.8075189590454102
1010 -0.4005333483219147 0.30240297317504883
1134 0.22004711627960205 -1.9922980070114136
1174 -0.11638335138559341 -0.51448655128479
650 1.118847370147705 0.3125007450580597
281 0.3618491590023041 -0.4107697010040283
123 0.8472534418106079 0.5456891655921936
483 0.18221770226955414 0.38414669036865234
1508 -0.0336490124464035 -0.1537773311138153
1199 -1.1437726020812988 0.5405259132385254
134 -0.7991494536399841 -0.3076035678386688
1161 0.6520317196846008 -0.3293762505054474
639 0.2230023592710495 -0.13258615136146545
1153 0.33245041966438293 0.7085256576538086
172 0.23807263374328613 -1.128775954246521
1127 0.19506841897964478 -0.13652805984020233
1466 0.763822078704834 -1.4968267679214478
286 0.461892694234848 -0.8698257207870483
1252 1.586600661277771 0.8178330063819885
263 0.004428749904036522 0.7067373991012573
835 0.22346316277980804 -1.9888936281204224
1438 -0.7467710971832275 1.203995704650879
1083 1.7741115093231201 -1.3121544122695923
141 0.6535727977752686 -0.33653706312179565
100 1.0848937034606934 -0.8255056738853455
547 0.4650205671787262 -0.8689826726913452
45 -0.4737057387828827 0.21426858007907867
153 0.43384528160095215 -1.497936725616455
102 1.174306869506836 -1.8789182901382446
1492 -0.21800446510314941 -1.9511308670043945
1169 0.21980899572372437 -2.0039584636688232
1233 0.6673738956451416 0.30902302265167236
1314 -0.8783089518547058 -0.5621920228004456
193 -0.4208696484565735 1.2212843894958496
1464 0.2083270400762558 0.39088156819343567
881 -0.616346538066864 -1.7112348079681396
558 0.2032454013824463 -0.8258823752403259
571 -1.3113726377487183 -0.9132257699966431
70 1.9805399179458618 0.13187284767627716
215 0.39999446272850037 -0.1703261137008667
85 1.0567920207977295 -1.958066463470459
1462 -1.3857728242874146 -0.2883165180683136
457 0.46902549266815186 -2.013198137283325
1338 -0.3630484938621521 -0.03690022975206375
165 -0.1207842081785202 -0.4853202998638153
659 2.1485702991485596 -0.4252898395061493
1264 1.714431881904602 0.7234128713607788
292 0.852955162525177 0.5767692923545837
34 0.8462356328964233 -1.006399154663086
691 0.8609707355499268 0.596101701259613
834 0.4103134870529175 -0.07774669677019119
282 1.3224294185638428 -0.11522699147462845
1191 1.4680168628692627 0.9313485622406006
212 0.056601960211992264 0.026858706027269363
1085 1.9466795921325684 0.2659589946269989
25 0.31995025277137756 0.6992257237434387
1060 -0.2019750475883484 0.7472602725028992
1217 0.30493900179862976 -1.7942008972167969
317 -0.12002220004796982 0.38280022144317627
1365 0.1846282035112381 -0.5319386720657349
1442 0.939301609992981 -0.2880485951900482
433 1.1164305210113525 0.31005150079727173
1108 1.9603323936462402 0.17042458057403564
1445 0.4644010663032532 -0.8782536387443542
1018 -0.15540386736392975 -0.446522980928421
894 -0.16200372576713562 -1.4381896257400513
619 -0.7222868204116821 -0.07689143717288971
250 1.5951216220855713 0.8167272806167603
1553 -1.3716416358947754 -0.1627197116613388
1414 0.26159459352493286 0.07193848490715027
514 -0.11029651015996933 -0.5573183298110962
1340 -0.44264453649520874 0.2771945297718048
1145 -0.14995288848876953 0.4036819338798523
1168 1.1268539428710938 0.29718708992004395
1229 0.9629517197608948 0.5799483060836792
256 0.2560294568538666 -1.656064510345459
1309 1.0848901271820068 -0.8254925608634949
277 0.4230142831802368 0.05567539855837822
1207 -0.632373034954071 0.7486047744750977
1303 -0.2639663517475128 1.2681018114089966
1300 -0.9168471097946167 0.8129565715789795
626 1.078051209449768 -0.853341281414032
861 -0.36126381158828735 -0.017181264236569405
1020 1.5372368097305298 -1.6346957683563232
135 -0.9607325196266174 -1.4126948118209839
391 1.5885820388793945 -0.4120132625102997
823 -0.11841793358325958 0.40516406297683716
1032 -0.4300674498081207 -0.2405065894126892
124 -0.12190219014883041 0.36174115538597107
380 1.4679913520812988 0.9361209869384766
904 1.5663539171218872 -0.3471595346927643
1038 -1.134469747543335 0.3067288100719452
860 2.1344847679138184 -0.9189010858535767
1216 1.6089168787002563 -0.6076310873031616
301 -0.36235442757606506 1.2906008958816528
1095 0.3391781449317932 -1.9889464378356934
1480 -1.1197823286056519 0.37384453415870667
1422 1.2599096298217773 -1.8308217525482178
1059 0.7445492148399353 -1.5565732717514038
1096 -1.3421366214752197 -0.13400636613368988
864 1.31440007686615 0.10249102115631104
1505 0.9593039751052856 -0.3450475335121155
488 0.6095772385597229 -1.4511983394622803
33 0.9135899543762207 0.5658714175224304
565 1.141825795173645 -1.439339280128479
254 0.7597654461860657 0.27277129888534546
95 1.977539300918579 -1.0616490840911865
841 0.379686176776886 -0.43194514513015747
1429 1.1431599855422974 -1.8950591087341309
119 -0.670659601688385 -0.8017217516899109
582 1.8714945316314697 0.3839130401611328
1360 -0.9559853076934814 -1.393141269683838
404 1.6849305629730225 0.7147640585899353
511 0.1872548907995224 -1.0036712884902954
150 2.1333258152008057 -0.4571181535720825
1251 0.3460234999656677 -0.43800869584083557
826 0.4599481225013733 -0.8722637295722961
1031 0.2102002054452896 -0.12690164148807526
1166 -0.1103595644235611 -0.5129815340042114
765 0.005784561391919851 -0.25453779101371765
285 1.8667384386062622 -1.189504861831665
1521 0.3171079456806183 -0.08486153185367584
16 1.7367799282073975 -1.351993203163147
330 2.1309046745300293 -0.7856535315513611
925 1.735093355178833 -1.3527542352676392
1394 1.6733074188232422 -0.7573125958442688
1359 -0.5476104021072388 -0.9083547592163086
1415 1.5909925699234009 -1.5066174268722534
383 0.1930037885904312 -1.1530216932296753
110 -0.41762447357177734 -1.0741899013519287
781 -0.7584528923034668 -1.632251262664795
625 2.0762360095977783 -0.13871000707149506
318 1.9466619491577148 0.2661653459072113
1374 -0.37490761280059814 -1.185336947441101
332 0.3528998792171478 -0.41579049825668335
1449 1.567956566810608 -0.5326719284057617
1140 0.05967994034290314 0.03671722859144211
674 -1.1674386262893677 0.5183032751083374
290 -1.1116572618484497 0.5260632038116455
436 0.5145528316497803 0.37147578597068787
1453 1.6461279392242432 -0.6976969242095947
1288 0.673710823059082 -0.37178874015808105
1460 0.04381883144378662 0.026385391131043434
934 -0.7078554630279541 -0.04239419102668762
1270 0.4569823145866394 -0.8610540628433228
698 -0.7567510008811951 -1.6378873586654663
105 0.0473879836499691 0.024803126230835915
31 -0.043192699551582336 0.7696114182472229
1111 0.6737106442451477 -0.37179386615753174
567 -0.12910893559455872 -1.4703998565673828
347 1.296844482421875 0.09533978253602982
620 -0.18860602378845215 -1.4088354110717773
269 2.0585415363311768 -0.8436873555183411
36 0.06654082238674164 0.03668104484677315
76 1.7585384845733643 0.6355003714561462
1156 0.42730066180229187 0.15321390330791473
635 0.9330652356147766 -0.26285409927368164
512 0.9009335041046143 -0.22381921112537384
1259 -0.11419115960597992 0.695633590221405
1380 0.3529452979564667 -0.424157977104187
3 1.150134801864624 -1.1233869791030884
575 -0.1824571043252945 -7.490703137591481e-05
1444 0.29900315403938293 -0.21037089824676514
1323 0.47496283054351807 -0.5157139301300049
232 -1.1537326574325562 0.47807860374450684
1421 -0.4385729432106018 0.2813320755958557
1344 0.9745658040046692 -0.4523010551929474
712 0.3943699598312378 -0.1507500559091568
783 0.1840534657239914 -1.0714601278305054
1266 0.19307638704776764 -0.13348102569580078
1042 0.1879940927028656 -1.6345899105072021
242 0.18675853312015533 0.32688209414482117
1456 1.225225806236267 0.11026943475008011
114 1.083078145980835 -0.8573055863380432
237 -0.5432772636413574 -0.9043226838111877
196 -1.3529731035232544 -0.02596784383058548
42 0.5211176872253418 -1.5070774555206299
821 -0.16959580779075623 -0.8547327518463135
326 0.9661710858345032 -1.0004963874816895
107 -0.6275451183319092 -0.8370977640151978
944 0.19580815732479095 -2.0008742809295654
9 1.2780553102493286 -1.81398344039917
497 0.06097831577062607 -0.3940284848213196
1087 0.3867494463920593 -1.663420557975769
257 -1.1467639207839966 0.4486258327960968
1322 -0.18206243216991425 -0.47376224398612976
120 -1.2692255973815918 -0.9981791377067566
359 2.010448694229126 -0.013845574110746384
1225 -0.11159689724445343 -1.973791241645813
314 -0.16350698471069336 -0.44275590777397156
568 0.23635990917682648 -1.0800635814666748
584 0.5959137082099915 -0.35110390186309814
716 -1.0447064638137817 0.8551383018493652
780 -0.12314442545175552 0.36952531337738037
1194 0.3013117015361786 -0.11692876368761063
1497 -1.2425627708435059 -1.0195492506027222
1275 0.9698936939239502 -0.41057533025741577
47 2.1268680095672607 -0.24105724692344666
329 -0.15309086441993713 -0.4444440007209778
72 0.4090789258480072 -0.49456483125686646
809 1.7999581098556519 -1.2710330486297607
50 -0.2317010909318924 1.2424215078353882
701 1.7762978076934814 0.7153688073158264
521 0.9734762907028198 -0.46659374237060547
1512 -0.12362486124038696 -1.9744356870651245
688 1.5666210651397705 -0.36303165555000305
133 -0.5466351509094238 0.8538318872451782
1182 0.35562029480934143 -0.42947185039520264
583 0.6710709929466248 -2.0886621475219727
984 -0.11473589390516281 -0.5338321924209595
660 0.8716498017311096 -0.12824690341949463
1138 -0.14836549758911133 -0.43914279341697693
235 -0.8482639193534851 -1.3303083181381226
1255 0.1918526142835617 -1.0809366703033447
1313 -0.8723761439323425 0.6760350465774536
1515 -0.7399317026138306 -1.6797693967819214
817 -0.15533499419689178 0.366207093000412
1055 -0.16328498721122742 -0.44266965985298157
222 -0.866797685623169 1.076371669769287
109 0.4006107449531555 -0.16973376274108887
1370 0.6892768740653992 -0.504978597164154
1472 -1.3640214204788208 -0.0890718400478363
560 -0.64995938539505 -0.8233511447906494
213 1.6996009349822998 0.68898606300354
1154 0.7445453405380249 -1.556593656539917
189 -0.45243310928344727 1.2485778331756592
677 0.0877612754702568 -1.0170254707336426
679 -1.0274966955184937 0.8562737703323364
1024 -0.14709454774856567 0.587191104888916
364 -1.377061128616333 -0.1550365835428238
1432 1.0895705223083496 -1.9538953304290771
1537 -0.1706998646259308 0.5466064810752869
895 -0.1481008678674698 0.4165639579296112
1406 0.9897372722625732 -0.5357968211174011
1500 1.1964383125305176 -0.10765206068754196
873 -0.6349875330924988 -0.8359668850898743
755 0.6456524133682251 0.30396294593811035
345 -0.9440023303031921 -0.5096805095672607
1401 1.161270022392273 -1.893358588218689
931 -0.5626574158668518 -0.8946583271026611
1511 -0.12056715041399002 -0.5048723816871643
358 -1.0356125831604004 0.8202289342880249
1387 0.6796755790710449 0.3049861490726471
487 0.6342065334320068 0.3103928565979004
846 -1.357335090637207 -0.024446820840239525
562 0.6090853810310364 -0.3486345410346985
48 1.3005728721618652 0.046399831771850586
1214 -0.7172982096672058 -0.7785590887069702
1186 0.4071209728717804 -0.6536425948143005
1046 0.32643452286720276 -0.07684987038373947
55 -0.4232095777988434 1.3015676736831665
313 -0.08159872889518738 0.7343942523002625
447 0.31421324610710144 0.6983640789985657
1487 1.235093116760254 -0.2869611382484436
1520 0.9886087775230408 -0.9063876867294312
507 0.4068624675273895 -0.597514808177948
241 0.9301415085792542 0.5721181035041809
116 -0.16128799319267273 0.5449015498161316
1175 0.5739851593971252 0.33498042821884155
4 0.6737107038497925 -0.371795117855072
623 0.320029616355896 -0.08860811591148376
1039 0.4527733325958252 -0.9921056628227234
108 1.525679588317871 0.34517669677734375
319 -0.2515655755996704 1.2408442497253418
84 0.3540966808795929 -0.4197082817554474
49 -0.5393245220184326 0.91651850938797
202 -0.511248767375946 -0.9528424739837646
138 -0.04217296093702316 -0.372467964887619
1077 -0.15942510962486267 0.3974294364452362
52 -0.4695194959640503 0.9143818616867065
1534 0.14177164435386658 -0.8179430961608887
1210 0.6814685463905334 -0.45110321044921875
178 -0.20149503648281097 -1.397897720336914
1418 0.33766084909439087 -0.43614116311073303
1416 0.20340806245803833 -0.8930019736289978
97 1.6321684122085571 -0.6788657307624817
444 2.049851894378662 -0.867348313331604
1237 0.9550307393074036 -0.45123210549354553
865 1.9815661907196045 0.17082613706588745
1267 -0.6417781114578247 -0.827307403087616
893 -0.6210821866989136 -0.8430289626121521
936 1.5607773065567017 -0.35206854343414307
416 -0.055495455861091614 -0.297490656375885
1403 0.9744568467140198 -0.3624773621559143
1116 0.4749619960784912 -0.5157163143157959
77 0.2893102169036865 -0.10879506915807724
1150 -0.52054762840271 -0.3802729547023773
187 1.0263447761535645 -1.3553311824798584
1128 -0.9991105794906616 0.714175820350647
190 -0.3945590853691101 -1.0878612995147705
1137 0.3543331027030945 -1.6451148986816406
20 0.9690673351287842 -0.8781857490539551
1152 0.9867857694625854 -1.4891287088394165
1489 -0.14863821864128113 -1.4484353065490723
1431 0.47782593965530396 -0.9913327693939209
880 0.9787282943725586 -0.8627988696098328
40 0.8603072762489319 -1.461193323135376
64 1.1552127599716187 -1.1015994548797607
1290 0.9678786993026733 -0.37354883551597595
1540 0.37745776772499084 -0.6097436547279358
300 0.17836883664131165 -0.9251377582550049
54 1.9466724395751953 0.2660398781299591
831 -0.3180515170097351 1.2976796627044678
1178 1.460640788078308 0.9476870894432068
702 -0.8031682968139648 -0.2801419794559479
1412 -0.22791756689548492 -1.9465785026550293
709 -0.7421084642410278 -0.19406770169734955
1273 0.7624193429946899 0.20067772269248962
692 0.19840241968631744 -1.1341586112976074
144 1.726666808128357 0.6659187078475952
75 0.4593256413936615 -0.8614020347595215
353 1.6118191480636597 -0.6946099996566772
1080 1.7629568576812744 0.7243245244026184
368 1.5706125497817993 -0.3581431806087494
1304 0.16537299752235413 -1.052700161933899
518 1.780441164970398 -1.2966614961624146
902 1.0068219900131226 0.3571586310863495
207 -1.1431183815002441 0.7584760189056396
852 1.5540552139282227 -0.3437929153442383
966 1.6820038557052612 -0.7523450255393982
67 -1.2431074380874634 0.25791487097740173
245 -0.29818010330200195 1.2624447345733643
527 0.33124658465385437 -1.9882720708847046
78 1.2231444120407104 -1.8440593481063843
1539 1.574096441268921 -1.6240357160568237
411 -0.2862580418586731 1.286287546157837
175 0.5045629143714905 0.15590746700763702
515 0.45729532837867737 -2.009251832962036
437 0.2278098613023758 -1.9890964031219482
394 -1.1555265188217163 -0.0004154882626608014
59 -0.4309644103050232 0.2710707187652588
1349 0.9212608337402344 -0.23716522753238678
1235 -0.7778704166412354 1.166745901107788
1109 -1.3618273735046387 -0.7078514099121094
1490 -0.8875388503074646 -1.3563296794891357
1195 0.9016270041465759 0.5788791179656982
1501 0.7719632387161255 0.22330348193645477
987 -0.08385331928730011 0.7057149410247803
930 -0.6695060729980469 -0.7986411452293396
847 1.4675732851028442 0.9535872936248779
62 -0.11286352574825287 0.6692686676979065
516 -0.5419824123382568 -0.9122756123542786
1368 -1.364603042602539 -0.1056230366230011
400 1.2348334789276123 -0.281858891248703
1436 -0.03481227904558182 -0.3888242244720459
1411 -0.14275990426540375 -1.5002254247665405
1542 1.0064805746078491 -0.40695521235466003
407 1.8419318199157715 -0.7996247410774231
517 -0.15300524234771729 -0.4489336907863617
489 -0.6874875426292419 -0.7990700006484985
1204 0.30307188630104065 -0.2072618007659912
585 0.41233372688293457 -0.07827231287956238
513 0.010747781954705715 0.03153232857584953
1157 0.6800389885902405 1.4188753366470337
11 1.0041143894195557 1.314549207687378
43 0.2524659037590027 1.4125277996063232
297 1.1033930778503418 1.2353434562683105
1281 0.24597008526325226 1.4689092636108398
26 0.7164409160614014 1.414739966392517
1320 0.6584652066230774 1.4274919033050537
544 0.1984861046075821 1.4450734853744507
890 0.6971984505653381 1.4318584203720093
53 0.6386293768882751 1.4285989999771118
1409 1.0785729885101318 1.245262861251831
1209 0.2945680618286133 1.372193455696106
1426 0.46608006954193115 0.8916158080101013
469 0.593163251876831 0.8941129446029663
57 1.0785729885101318 1.245262861251831
1033 0.9895232915878296 1.3083248138427734
1450 0.4770827293395996 0.8905667066574097
1524 0.592983603477478 0.8941442966461182
143 0.49126794934272766 0.8847814798355103
520 0.6864639520645142 1.4203003644943237
1172 0.2034856528043747 1.4370037317276
167 0.592983603477478 0.8941442966461182
137 0.8258480429649353 1.3769396543502808
21 1.0935641527175903 1.2344748973846436
273 0.7397580742835999 1.4286713600158691
618 0.5168004631996155 1.4475387334823608
1071 1.1013782024383545 1.231908917427063
342 1.0087224245071411 1.3169025182724
1410 0.2676529288291931 1.383437156677246
1342 0.283080518245697 1.3958886861801147
46 0.5474856495857239 1.4459495544433594
74 0.825847327709198 1.3769330978393555
909 0.2601417899131775 1.3737825155258179
1350 0.24688200652599335 1.3949419260025024
922 0.2358148992061615 1.4247084856033325
526 0.253237783908844 1.4162663221359253
1260 0.6479558944702148 1.4313766956329346
1308 0.8522872924804688 1.3994243144989014
1518 0.28145965933799744 1.4105947017669678
704 1.0939382314682007 1.2462762594223022
1458 0.35936397314071655 1.4752205610275269
1253 0.6399045586585999 1.440916657447815
1519 1.1584258079528809 1.3124498128890991
867 0.577751636505127 0.9015051126480103
228 1.5107015371322632 0.19848434627056122
921 -1.0723497867584229 0.4688795506954193
65 -0.19254660606384277 -1.9590651988983154
38 0.275073379278183 1.3738982677459717
1441 1.0915687084197998 1.2337675094604492
742 0.24058984220027924 1.4002180099487305
1465 1.093062162399292 1.238996148109436
1523 0.5967117547988892 0.9111205339431763
914 1.0785729885101318 1.245262861251831
911 1.103360891342163 1.2352969646453857
13 0.1998102366924286 1.4525442123413086
1439 1.103398084640503 1.2353541851043701
905 0.1795368194580078 1.4155352115631104
530 0.9190497994422913 1.3346072435379028
1459 0.8258072733879089 1.3770155906677246
2 0.5157713294029236 0.8975195288658142
919 1.0798214673995972 1.245823860168457
1404 0.260067880153656 1.37389075756073
899 1.0942820310592651 1.2417168617248535
913 0.5928091406822205 0.894165575504303
1535 0.2358148992061615 1.4247084856033325
39 0.19958233833312988 1.4523115158081055
897 0.531140148639679 0.8815593719482422
901 1.086574912071228 1.2435425519943237
889 0.574917733669281 0.8949324488639832
58 0.28145965933799744 1.4105947017669678
896 0.35936397314071655 1.4752205610275269
898 1.09345281124115 1.2413456439971924
886 1.0785729885101318 1.245262861251831
887 0.5171043872833252 0.8995880484580994
888 0.2034856528043747 1.4370037317276
586 0.25207480788230896 1.3905853033065796
912 1.094286322593689 1.2417298555374146
920 1.0868998765945435 1.2363489866256714
923 0.592983603477478 0.8941442966461182
917 0.172598198056221 1.4613958597183228
918 0.4662019908428192 0.8861361145973206
891 0.49008190631866455 0.8796234130859375
1407 1.1048862934112549 1.237624168395996
892 0.2524659037590027 1.4125277996063232
1201 0.23384425044059753 1.4572906494140625
1016 0.635362982749939 1.4354581832885742
1017 0.2524659037590027 1.4125277996063232
1433 1.0785729885101318 1.245262861251831
1 0.5869935750961304 0.9346977472305298
522 0.7354860305786133 1.395034909248352
710 0.7277528643608093 1.4043744802474976
528 1.0125963687896729 1.3173434734344482
721 1.0924726724624634 1.239824652671814
722 0.9425637722015381 1.3293801546096802
1402 0.35830867290496826 -0.2727978229522705
12 0.3580114543437958 -0.2724965214729309
