401 -0.8668709993362427 -0.9558999538421631
402 1.0681452751159668 -0.05351874977350235
403 1.067629098892212 -0.053520653396844864
404 1.0678781270980835 -0.0535568967461586
408 1.0675569772720337 -0.05352024734020233
409 1.0681415796279907 -0.053556133061647415
410 1.0679000616073608 -0.053520411252975464
411 1.0676482915878296 -0.053531087934970856
412 1.0681489706039429 -0.05351869761943817
413 1.0675569772720337 -0.053520217537879944
417 1.0677160024642944 -0.053558237850666046
418 1.0675313472747803 -0.053486935794353485
419 1.0675575733184814 -0.053554631769657135
424 1.067893147468567 -0.053487107157707214
425 1.0676677227020264 -0.05352158099412918
438 1.0676511526107788 -0.05350211262702942
439 1.067832112312317 -0.053486909717321396
440 1.0675677061080933 -0.053521014750003815
441 1.067557692527771 -0.053554609417915344
444 1.0678999423980713 -0.05352027714252472
446 1.0681593418121338 -0.05348127335309982
447 1.0676229000091553 -0.05352041497826576
448 1.0676761865615845 -0.05352308973670006
449 1.0676567554473877 -0.05348761007189751
450 1.0677149295806885 -0.05355582758784294
451 1.0675747394561768 -0.05349734425544739
452 1.0676482915878296 -0.05353115499019623
454 1.0678021907806396 -0.05348705127835274
456 1.067713975906372 -0.05353061109781265
457 1.067623257637024 -0.05352035537362099
458 1.0681495666503906 -0.05351869389414787
459 1.067624568939209 -0.053503699600696564
460 1.067651391029358 -0.05350235849618912
461 1.0676259994506836 -0.053520333021879196
462 1.0677167177200317 -0.05355582386255264
463 1.0675573348999023 -0.05355463922023773
464 1.0678774118423462 -0.05355428159236908
465 1.0678706169128418 -0.05350126326084137
466 1.0679550170898438 -0.05350107327103615
467 1.0676593780517578 -0.05345994234085083
470 1.0675687789916992 -0.05352092534303665
473 1.0678929090499878 -0.053487055003643036
474 1.067623496055603 -0.053520314395427704
475 1.0680471658706665 -0.05347573012113571
476 1.0675569772720337 -0.053554717451334
477 1.327897548675537 -1.2879031896591187
478 1.0676321983337402 -0.05350320041179657
479 1.0678386688232422 -0.05352964997291565
480 1.0676218271255493 -0.053556811064481735
481 1.0669894218444824 -0.053844548761844635
482 1.0675134658813477 -0.05349843576550484
483 1.067629098892212 -0.05350282043218613
484 1.0681766271591187 -0.05350032076239586
485 1.0676374435424805 -0.05353020131587982
486 1.0680270195007324 -0.053555928170681
487 1.067557692527771 -0.05355462804436684
488 1.0676230192184448 -0.05352034792304039
489 1.0676229000091553 -0.05352027714252472
490 1.067854881286621 -0.053556207567453384
491 1.0678930282592773 -0.05348706617951393
492 1.067585825920105 -0.053520508110523224
493 1.0686777830123901 -0.05349871516227722
494 1.0676480531692505 -0.05353114753961563
495 1.0678391456604004 -0.053482841700315475
496 1.068148136138916 -0.053518738597631454
497 1.067622184753418 -0.05348726734519005
498 1.0676918029785156 -0.05355574190616608
499 1.067482590675354 -0.05350310355424881
500 1.0678091049194336 -0.05350159853696823
501 1.067893147468567 -0.05348704755306244
502 1.0676482915878296 -0.05353112891316414
503 1.067893147468567 -0.05348706990480423
504 1.06764817237854 -0.0535312294960022
505 1.0676394701004028 -0.05354849994182587
506 1.0676233768463135 -0.05352037772536278
507 1.0678099393844604 -0.05350174754858017
508 1.0676486492156982 -0.05353130027651787
509 1.0678633451461792 -0.05352146551012993
510 1.0675569772720337 -0.05352019518613815
511 1.0676217079162598 -0.05348733067512512
512 1.0675573348999023 -0.05352025106549263
513 1.067892074584961 -0.053520068526268005
514 1.0676515102386475 -0.05350237339735031
515 1.0676512718200684 -0.05350218713283539
516 1.067691445350647 -0.05355752632021904
517 1.0679103136062622 -0.05352863669395447
518 1.0676592588424683 -0.05345994234085083
519 1.0676592588424683 -0.053525347262620926
520 2.204050302505493 -1.4343706369400024
521 1.0838927030563354 -0.3118644058704376
522 0.971122145652771 -0.8538224101066589
523 1.6672675609588623 -0.23235484957695007
524 1.082107663154602 -0.31338655948638916
525 1.0638256072998047 0.3543933033943176
526 1.0676233768463135 -0.05352037027478218
527 1.0649222135543823 0.020855730399489403
528 0.003296959213912487 -0.2686084508895874
529 2.4293065071105957 0.6735225915908813
530 -0.3673270046710968 1.0296599864959717
531 0.7656357884407043 1.6590996980667114
532 0.502163290977478 -0.384545236825943
533 1.4944988489151 0.31369563937187195
534 0.7863302826881409 -0.04070255905389786
535 0.475862979888916 0.06921865791082382
536 2.123608112335205 0.7473931312561035
537 0.518377423286438 0.022847456857562065
538 1.1181176900863647 -0.010076937265694141
539 0.5494604706764221 -0.3295888602733612
540 2.7914748191833496 -0.23431557416915894
541 1.479053258895874 0.3728846609592438
542 0.20569102466106415 -1.5344266891479492
543 1.0529539585113525 -0.8165891170501709
544 2.3683290481567383 -0.35205668210983276
545 0.9912823438644409 -0.842481791973114
546 -0.616172730922699 0.25408071279525757
547 1.3040003776550293 0.48564398288726807
548 1.6426315307617188 -0.07820066809654236
549 1.428711175918579 0.8950762152671814
550 0.8511916399002075 -0.013031106442213058
551 -0.08581791818141937 0.14394742250442505
552 1.1095080375671387 -0.31491875648498535
553 0.8359717130661011 0.4402177035808563
554 2.5258262157440186 -1.0413247346878052
555 0.43688902258872986 0.9261459708213806
556 2.1792869567871094 0.7638046741485596
557 0.6384491324424744 -1.771648645401001
558 2.401528835296631 -0.22591528296470642
559 1.737261414527893 -1.67462956905365
560 1.3894922733306885 0.9259980320930481
561 1.130624771118164 -0.38812801241874695
562 1.4076091051101685 -0.46033355593681335
563 1.3902515172958374 -1.784441590309143
564 1.0339999198913574 -0.3026007413864136
565 -0.09774017333984375 0.32999733090400696
566 1.7100144624710083 1.5843714475631714
567 0.46187824010849 0.34546762704849243
568 0.6715110540390015 -0.5883041620254517
569 0.30067411065101624 -1.6411830186843872
570 1.9915504455566406 0.08182021975517273
571 0.9843527674674988 1.046770453453064
572 1.2414389848709106 -1.266778826713562
575 0.9105508327484131 0.018329432234168053
579 1.1767046451568604 -0.01761365495622158
580 -0.0031410465016961098 -0.2388300895690918
581 2.7413394451141357 -0.0025606495328247547
582 1.09123694896698 0.015601967461407185
583 1.2087101936340332 1.6966679096221924
584 0.6914190053939819 -0.10777747631072998
585 0.9832921028137207 -0.2581561505794525
586 2.8067290782928467 0.04704369604587555
587 1.9976835250854492 -0.8041908740997314
588 1.687888741493225 -0.24215947091579437
589 0.920520544052124 -0.23251654207706451
590 0.2995319664478302 -1.591072678565979
591 1.0883573293685913 0.33949702978134155
592 1.441435694694519 -0.4265140891075134
593 1.717159390449524 -0.27867671847343445
594 2.5554776191711426 0.9620382189750671
595 1.6078382730484009 -0.6942681670188904
596 1.0649226903915405 0.020856410264968872
597 1.4838006496429443 0.33088040351867676
598 1.5537974834442139 1.2616294622421265
599 0.8007601499557495 0.9261883497238159
600 2.565796136856079 0.9579592943191528
601 1.084644079208374 -0.3120369017124176
602 2.5077412128448486 -1.059970498085022
603 1.116820216178894 0.34422269463539124
604 0.8428782224655151 0.4234159290790558
605 0.3833683729171753 -1.4893051385879517
606 0.6345977187156677 -0.68903648853302
607 1.7739711999893188 -1.6483792066574097
608 0.464328795671463 1.4326744079589844
616 0.39737704396247864 0.20117028057575226
619 -0.10638412088155746 0.14229010045528412
620 2.0713281631469727 0.7505478858947754
621 1.6220855712890625 -0.09992514550685883
622 1.2502951622009277 0.7716522216796875
623 2.153377056121826 -1.4238430261611938
624 1.8825063705444336 0.31115293502807617
625 0.8350241780281067 0.40294402837753296
626 1.677972435951233 -0.22918450832366943
627 1.362484335899353 -0.12711583077907562
628 2.743208408355713 -0.0014871885068714619
629 1.6254152059555054 -0.17792819440364838
630 0.4484878480434418 0.33634185791015625
631 1.361633539199829 0.4349149763584137
632 2.683525323867798 -0.7774327993392944
633 0.9710678458213806 -0.8538345098495483
634 0.6103028655052185 -1.0464847087860107
635 0.328466534614563 0.20138804614543915
636 0.8918277621269226 0.7888942956924438
637 1.3328421115875244 -1.2715446949005127
638 -0.09121505916118622 0.1360573023557663
639 2.2438125610351562 -0.5131795406341553
640 1.0676764249801636 -0.05352560430765152
641 0.9395899772644043 -1.7250903844833374
642 1.1275116205215454 -0.3271216154098511
643 1.1146643161773682 0.34462857246398926
644 1.4826953411102295 0.27997905015945435
645 1.7755093574523926 0.8249293565750122
646 1.5350735187530518 1.6264172792434692
647 2.1459765434265137 -0.46610671281814575
648 1.5771390199661255 -0.8418503403663635
649 1.3964486122131348 0.2510325014591217
651 1.1175259351730347 0.33938440680503845
657 0.9740021228790283 0.3257657289505005
658 1.3758503198623657 -1.1371842622756958
659 2.1480841636657715 -0.5723833441734314
660 1.3748286962509155 1.6571712493896484
661 2.3074042797088623 1.1767882108688354
662 2.8086869716644287 -0.3010175824165344
663 1.642618179321289 -0.07828211784362793
664 0.5102481245994568 -0.35120004415512085
665 0.21911396086215973 1.408951997756958
666 -0.002424861304461956 -0.3218728005886078
667 0.0012045460753142834 -0.3619363307952881
668 1.5745195150375366 -0.8670819401741028
669 0.6260624527931213 0.3911384642124176
670 1.8028043508529663 0.08087307214736938
671 1.174761414527893 0.5753476619720459
672 1.1292616128921509 0.3414815068244934
673 2.1541390419006348 -0.5766706466674805
674 1.2135858535766602 -0.32551339268684387
675 0.9376685619354248 -0.20565937459468842
676 2.3847503662109375 1.1160051822662354
677 1.2575920820236206 0.3883854150772095
678 1.5804738998413086 -0.8001306653022766
679 2.001697063446045 1.4553678035736084
680 2.0914759635925293 0.5699551105499268
681 1.7401028871536255 1.1104400157928467
682 1.7334905862808228 1.3848352432250977
683 0.935913622379303 1.6844815015792847
684 2.044355630874634 -1.546066403388977
685 1.1212413311004639 -0.335619181394577
686 1.074249267578125 -0.30365440249443054
687 1.3843495845794678 -1.154084324836731
688 0.4397965669631958 0.1102750226855278
689 0.9175059199333191 -1.7225929498672485
690 0.7007961869239807 0.7780773043632507
691 1.2445939779281616 0.38506633043289185
692 0.9800592064857483 -0.8474484086036682
693 0.5174281001091003 -0.316657692193985
694 -0.0858193188905716 0.14394836127758026
695 0.38912907242774963 0.006723357830196619
696 0.8053252100944519 -1.439379334449768
697 1.4478003978729248 1.628086805343628
698 0.7098676562309265 -0.595042884349823
699 -0.5006974339485168 0.7976817488670349
700 2.511251926422119 0.9853759407997131
701 2.5645267963409424 0.9559973478317261
702 2.7725796699523926 -0.6016148328781128
703 2.7649407386779785 0.5354623198509216
704 1.525545597076416 0.2086152285337448
705 1.0754016637802124 0.3508979082107544
706 0.6665993928909302 0.7732483148574829
707 1.5335049629211426 0.964077353477478
708 1.0268208980560303 1.5060012340545654
709 0.13338306546211243 0.8022058010101318
710 2.7309978008270264 0.7169578671455383
711 1.469050645828247 0.28298163414001465
712 1.1041322946548462 0.02542305178940296
713 0.5783596634864807 -1.0315778255462646
714 -0.026747841387987137 -0.17819659411907196
715 1.0111656188964844 0.041060496121644974
716 2.582597494125366 -0.036379244178533554
717 1.9477150440216064 0.35602423548698425
718 1.1334537267684937 0.3663398027420044
719 -0.628143846988678 0.4137769639492035
720 1.6774007081985474 -0.23962284624576569
721 0.9768326282501221 1.6192854642868042
722 -0.5180778503417969 0.7853600382804871
723 0.41955700516700745 1.279632568359375
724 1.0649222135543823 0.020856184884905815
725 1.8801802396774292 0.9787102937698364
726 0.6263039708137512 0.36317795515060425
727 0.22083857655525208 1.228747844696045
728 1.0713298320770264 0.0030486248433589935
729 0.11190592497587204 0.8206578493118286
730 1.3763017654418945 1.6569173336029053
731 0.9981966614723206 0.885753870010376
732 0.1396891474723816 -0.5298330187797546
733 1.3848073482513428 0.9015896320343018
734 1.1607370376586914 -0.033629707992076874
735 0.5445828437805176 1.6598632335662842
736 2.214160203933716 0.48068857192993164
737 2.031524896621704 1.4424587488174438
738 1.116444706916809 -0.3073471188545227
739 2.370335578918457 0.35416021943092346
740 0.5570938587188721 -0.7054314017295837
741 0.6426993012428284 -0.142257958650589
742 0.4414031505584717 1.5288578271865845
743 2.7972443103790283 -0.46884122490882874
744 -0.4450250267982483 0.9353825449943542
745 1.6184475421905518 -0.0868530198931694
746 2.1219496726989746 0.724016547203064
747 2.8132848739624023 0.22990326583385468
748 1.9926577806472778 1.4540674686431885
749 0.4181552529335022 1.291115403175354
750 1.390965461730957 -0.4976886510848999
751 1.730085849761963 -0.23715868592262268
752 0.4862082898616791 -0.17162838578224182
753 0.23961423337459564 1.3828893899917603
754 0.04211004078388214 0.7425014972686768
755 2.0609090328216553 -1.539562702178955
756 2.7702760696411133 0.5117275714874268
757 1.3920772075653076 0.2723313868045807
758 1.45130455493927 0.4035618305206299
759 2.005218029022217 -0.025453202426433563
760 1.6724469661712646 -1.0574443340301514
761 1.9871171712875366 -0.8046985864639282
762 1.449832797050476 -0.42853429913520813
763 1.8250092267990112 0.9814067482948303
764 1.3053405284881592 -1.2600421905517578
765 1.3930907249450684 -0.4670077860355377
766 1.0804200172424316 0.034572623670101166
767 0.617199718952179 -0.8350682258605957
768 1.8473297357559204 -1.6143929958343506
769 1.073835849761963 -0.31077179312705994
770 1.8036179542541504 0.21156169474124908
771 0.9008619785308838 -1.4276398420333862
772 -0.23838016390800476 0.4245620667934418
773 0.4480556547641754 0.0822233334183693
774 2.5460851192474365 -1.0186642408370972
775 1.3453998565673828 -0.5131509900093079
776 1.5936917066574097 -1.7185369729995728
777 1.483580470085144 0.31922829151153564
778 1.6724493503570557 -1.0574396848678589
779 0.15824934840202332 0.8225517868995667
780 1.7877542972564697 0.19934412837028503
781 2.765994071960449 0.5202687978744507
782 1.086177945137024 -0.3212886452674866
783 2.057694435119629 0.3735434412956238
784 1.9387789964675903 0.3569954037666321
785 1.9554548263549805 1.455514907836914
786 0.7918734550476074 0.7634683847427368
787 1.0494598150253296 -0.8106375932693481
788 0.11809760332107544 0.79224693775177
789 0.8287855386734009 0.43420007824897766
790 1.427356243133545 0.261566162109375
791 1.0685800313949585 -0.312233030796051
792 0.8979666233062744 -0.28445273637771606
793 1.4948163032531738 -1.1508173942565918
794 2.1728591918945312 -0.44807055592536926
795 0.5017977952957153 -0.3579268753528595
796 -0.15814681351184845 1.249994158744812
797 0.5640054941177368 -0.8484254479408264
798 0.5121758580207825 1.6462925672531128
799 -0.6356515288352966 0.3618360161781311
800 0.175568625330925 -1.497191071510315
801 2.114497661590576 0.7350262999534607
802 1.3852119445800781 0.27017223834991455
803 1.162184476852417 0.7476372122764587
804 -0.09759886562824249 0.42396655678749084
805 1.033111572265625 1.3059277534484863
806 2.1246378421783447 1.3632361888885498
807 2.0355334281921387 0.9140726327896118
808 1.6089438199996948 -1.7186355590820312
809 1.5810580253601074 -1.7296748161315918
810 0.8226130604743958 0.3882262706756592
811 0.9419328570365906 1.5768485069274902
812 -0.424786776304245 0.9531159996986389
813 1.4729634523391724 0.3276270627975464
814 1.2441316843032837 -0.3234863579273224
815 1.6333274841308594 -0.057994943112134933
816 0.8516400456428528 0.7572733759880066
817 0.22124870121479034 1.4028419256210327
818 2.5497286319732666 -1.0136302709579468
819 1.3123935461044312 -1.1463313102722168
820 1.9841368198394775 -0.002016053069382906
821 0.17850376665592194 -1.5184625387191772
822 1.6445966958999634 1.3376044034957886
823 1.667839765548706 1.3033132553100586
824 1.379886507987976 0.2581438720226288
825 0.838441789150238 -0.03658358007669449
826 1.4847464561462402 -0.3281237483024597
827 1.609466552734375 -1.721317172050476
828 1.9228490591049194 -0.8782476782798767
829 0.9300257563591003 1.0351393222808838
830 0.43777209520339966 0.2610602378845215
831 0.4832272231578827 -0.09362108260393143
832 1.9782084226608276 -0.0016772777307778597
833 0.8338550925254822 0.3947834074497223
834 1.090467929840088 -0.3063032627105713
835 0.8383193612098694 0.3981320858001709
836 0.10487408936023712 0.7907516360282898
837 0.3810693919658661 0.47490188479423523
838 1.1633721590042114 -0.37274277210235596
839 1.5632026195526123 -0.84710294008255
840 1.4965320825576782 0.2904925048351288
841 1.091709017753601 0.34610021114349365
842 0.8982658386230469 -0.2852194905281067
843 1.1498651504516602 -1.8106188774108887
844 0.22634974122047424 1.4315632581710815
845 1.0675575733184814 -0.053554654121398926
846 0.4327341914176941 0.08251543343067169
847 0.49667036533355713 -1.4831746816635132
848 1.4899694919586182 0.29000261425971985
849 2.04443359375 -0.7532016634941101
850 0.5552274584770203 -0.8149223923683167
851 2.3998589515686035 -1.1674691438674927
852 1.6476811170578003 -0.079520583152771
853 2.653074026107788 -0.9236133098602295
854 -0.0134990643709898 -0.3340587317943573
855 1.0502045154571533 1.1095012426376343
856 1.7610427141189575 0.1381673514842987
857 -0.17484071850776672 1.2339357137680054
858 2.817439317703247 0.10544179379940033
859 0.43615853786468506 -0.18306688964366913
860 1.6064594984054565 -0.7411400675773621
861 0.6918432116508484 0.7761780619621277
862 -0.1492086946964264 1.263769507408142
863 0.5368385910987854 -0.3647000193595886
864 0.49386200308799744 0.0007391486433334649
865 1.0356358289718628 -0.8200706839561462
866 0.4132312536239624 1.5584899187088013
867 0.807052493095398 -1.7154152393341064
868 0.7029445767402649 0.7812736630439758
869 1.6336660385131836 -0.10330202430486679
870 2.1535561084747314 -0.5555394291877747
871 -0.6264433264732361 0.4276333749294281
872 1.545636534690857 0.7899746894836426
873 0.9843587279319763 1.0467689037322998
874 1.3920036554336548 0.26618683338165283
875 0.5482302308082581 0.46961817145347595
876 0.6086300611495972 0.9188966155052185
877 1.071508765220642 -0.7998802065849304
878 0.10962413251399994 -0.5922287702560425
879 2.7657787799835205 0.5344845652580261
880 1.667320966720581 -0.21110884845256805
881 1.7956565618515015 -0.9012134075164795
882 1.4542306661605835 0.2829502522945404
883 0.2665618360042572 0.12491180747747421
884 1.6319748163223267 -0.13832226395606995
885 1.2605996131896973 0.3901766538619995
886 2.7653591632843018 0.5309938788414001
887 0.4137723743915558 0.09488891810178757
888 2.333693265914917 -0.4032474160194397
889 1.3492038249969482 0.46467137336730957
890 -0.1463424265384674 1.2646565437316895
891 0.31288036704063416 1.3420735597610474
892 1.0601294040679932 0.3544829487800598
893 0.5610213279724121 0.3886713683605194
894 1.8375773429870605 0.377230703830719
895 0.7058221697807312 -0.1602332442998886
896 0.5515534281730652 -0.8225994110107422
897 1.0420435667037964 1.090175986289978
898 0.6504114270210266 -0.6785560846328735
899 1.166835904121399 0.3674752712249756
900 0.19946834444999695 1.2200345993041992
901 -0.608689546585083 0.3557901978492737
902 2.148719549179077 -1.435322642326355
903 0.8950908780097961 1.6500252485275269
904 1.804961919784546 0.21869690716266632
905 2.081353187561035 0.4286007285118103
906 0.8416312336921692 -0.051386307924985886
907 2.7975895404815674 -0.4781932830810547
908 1.7548621892929077 1.0883393287658691
909 1.9100260734558105 0.39683544635772705
910 1.0824018716812134 -0.31949496269226074
911 0.505913496017456 -0.3680075407028198
912 1.9792145490646362 -0.03760886937379837
913 1.9778844118118286 -0.819335401058197
914 0.49302220344543457 -1.0150907039642334
915 1.6633344888687134 -0.23336513340473175
916 1.485453486442566 0.28464096784591675
917 2.5308761596679688 0.9622223973274231
918 1.663190484046936 -0.06443655490875244
919 1.050553560256958 -0.817406415939331
920 1.0937550067901611 0.025704575702548027
921 0.8045940399169922 -1.724120855331421
922 1.144801139831543 0.32530704140663147
923 1.0838834047317505 1.5405347347259521
924 2.8018128871917725 0.2662579417228699
925 0.9740724563598633 1.5008071660995483
926 1.7924058437347412 -0.8747021555900574
927 0.4248964190483093 0.07535219937562943
928 1.3909553289413452 -1.1380246877670288
929 1.759965181350708 -1.6672383546829224
930 0.991278350353241 -0.8424836993217468
931 0.22460654377937317 0.8473179936408997
932 0.08643031120300293 0.05272771790623665
933 2.7627432346343994 0.4961828589439392
934 0.6903908848762512 -0.08623385429382324
935 0.8459606170654297 -0.05128486454486847
936 1.0447351932525635 0.036685336381196976
937 0.29907578229904175 -1.5982860326766968
938 2.0012543201446533 0.08176400512456894
939 0.5791980028152466 -1.007432222366333
940 -0.11024113744497299 0.536536455154419
941 2.0302000045776367 -0.7756790518760681
942 0.8437443971633911 -0.04213932901620865
943 1.0649230480194092 0.02085673063993454
944 2.1475284099578857 -0.5823715329170227
945 0.49517643451690674 -0.09102252125740051
946 0.4620923697948456 0.352641761302948
947 -0.1112799346446991 0.1906416118144989
948 0.6395657658576965 -1.0462793111801147
949 1.4600545167922974 -1.1876236200332642
950 0.14011327922344208 -1.485836148262024
951 1.3491978645324707 0.46468088030815125
952 2.8097424507141113 0.057753123342990875
953 -0.029421918094158173 0.6815061569213867
954 0.986791729927063 -0.3270135223865509
955 1.0667277574539185 0.35992059111595154
956 0.991261899471283 -0.8424878716468811
957 2.8113279342651367 0.14277894794940948
958 -0.6264179944992065 0.42768850922584534
959 1.637308955192566 -0.10450837016105652
960 1.6372162103652954 -0.10827496647834778
961 1.3414939641952515 -1.2653577327728271
962 0.9899308681488037 1.073936104774475
963 2.162790536880493 -0.5388129353523254
964 1.48433518409729 0.20789426565170288
965 -0.33682093024253845 1.066448450088501
966 2.770210027694702 -0.008613026700913906
967 1.953527569770813 -0.823802649974823
968 1.6355171203613281 -0.12657326459884644
969 0.23571868240833282 1.3963313102722168
970 1.4842119216918945 -0.42448890209198
971 0.6988822221755981 -0.17484359443187714
972 1.2379398345947266 -1.7966933250427246
973 2.151815176010132 -0.6160225868225098
974 2.768991708755493 0.5268075466156006
975 1.3329709768295288 -0.04676804319024086
976 1.0508408546447754 1.1125233173370361
977 1.2950783967971802 -0.17895694077014923
978 1.3969712257385254 -1.783887267112732
979 1.761185884475708 1.032699704170227
980 1.1750794649124146 -0.3290802240371704
981 1.6693123579025269 -0.23578935861587524
982 0.36989328265190125 0.06434989720582962
983 -0.2480582743883133 0.23301143944263458
984 1.3944753408432007 0.2687341868877411
985 0.7047799825668335 0.7824952006340027
986 1.034133791923523 -0.3021031320095062
987 1.4255648851394653 0.9024076461791992
988 2.8066465854644775 -0.2682361304759979
989 0.6286442279815674 -1.0395859479904175
990 1.5818219184875488 -0.7995175719261169
991 2.299443006515503 -0.4855303466320038
992 1.3987009525299072 0.26732438802719116
993 1.068580150604248 -0.3122326731681824
994 0.1750878393650055 1.1947343349456787
995 2.436366081237793 -0.21056663990020752
996 -0.3534368872642517 1.0504146814346313
997 1.032217264175415 0.3414713144302368
998 1.0139825344085693 1.6114304065704346
999 1.389732003211975 1.6539204120635986
1000 2.4145359992980957 -0.19391083717346191
1001 0.5339506268501282 -0.3697146475315094
1002 0.6674260497093201 0.38036254048347473
1003 0.1975453943014145 1.4189146757125854
1004 1.269210696220398 -0.3254867196083069
1005 1.066884160041809 -0.781186044216156
1006 1.1292091608047485 0.3352395296096802
1007 0.9904868602752686 1.0982247591018677
1008 1.0816477537155151 -0.3155708611011505
1009 0.44448724389076233 0.35151830315589905
1010 1.7990418672561646 -0.8468801379203796
1011 1.6240404844284058 -0.08787056803703308
1012 0.6063840389251709 -0.5948687195777893
1013 1.4279780387878418 0.9012746810913086
1014 2.789015531539917 0.10246662050485611
1015 0.5532101392745972 -0.8268210291862488
1016 1.6201105117797852 -0.1023351326584816
1017 2.7754554748535156 0.31545528769493103
1018 0.8216267228126526 0.3896324634552002
1019 2.2394964694976807 1.242859959602356
1020 1.6652976274490356 -0.20132718980312347
1021 1.4428744316101074 0.9028964638710022
1022 1.483710765838623 0.8566309213638306
1023 1.1772030591964722 -0.3693074882030487
1024 1.0839084386825562 -0.31191760301589966
1025 0.17571061849594116 -1.5311298370361328
1026 2.1665942668914795 -0.5350014567375183
1027 0.4318186640739441 -1.4881094694137573
1028 1.071666955947876 -0.3041127920150757
1029 2.7774882316589355 -0.573513925075531
1030 0.980882465839386 -0.8513615131378174
1031 1.6705085039138794 1.324713110923767
1032 1.057093858718872 0.03273267671465874
1033 2.531764268875122 -1.0240468978881836
1034 1.6538896560668945 -0.17099148035049438
1035 1.5794970989227295 1.6175167560577393
1036 1.0852235555648804 -0.31505924463272095
1037 1.4304587841033936 -0.4576583802700043
1038 0.6269744634628296 0.3643072843551636
1039 0.4627917408943176 0.49326351284980774
1040 0.3901185989379883 0.19021090865135193
1041 0.95530766248703 0.3558863401412964
1042 1.1047039031982422 -0.2706906497478485
1043 0.5516362190246582 0.06643010675907135
1044 -0.23303145170211792 0.16772988438606262
1045 1.0761349201202393 0.011681951582431793
1046 0.8309704661369324 0.014588476158678532
1047 2.290520191192627 1.2049294710159302
1048 2.7971317768096924 -0.48524290323257446
1049 2.164137363433838 -0.5425844192504883
1050 0.4220941960811615 1.545792818069458
1051 1.5488829612731934 -1.7476985454559326
1052 2.182344675064087 -0.5265562534332275
1053 0.9230685830116272 1.634793758392334
1054 0.222226083278656 -1.3962303400039673
1055 0.4908559024333954 -0.08411769568920135
1056 2.1691524982452393 -0.5418556332588196
1057 1.147701382637024 0.32935187220573425
1058 0.307742178440094 -1.6090728044509888
1059 2.4659440517425537 0.23765701055526733
1060 0.810308575630188 -0.042147278785705566
1061 2.731060028076172 0.7167968153953552
1062 0.1510240137577057 0.8224369883537292
1063 2.0148839950561523 0.7550750374794006
1064 1.55414617061615 -0.8323646187782288
1065 0.5158431529998779 -0.3477616608142853
1066 2.7639381885528564 0.3702904284000397
1067 0.08922210335731506 0.7919632792472839
1068 0.6473694443702698 0.37000328302383423
1069 4.902807995676994e-05 -0.3267585337162018
1070 0.4763158857822418 -0.2755904793739319
1071 0.9099704623222351 0.4321101903915405
1072 1.3373708724975586 0.4439206123352051
1073 -0.5610665678977966 0.5722442269325256
1074 -0.08519160747528076 0.1692088097333908
1075 1.346909761428833 0.900111973285675
1076 1.6271681785583496 -0.14429129660129547
1077 0.2951706051826477 -1.5871083736419678
1078 1.412917137145996 0.9095633625984192
1079 0.032735228538513184 0.7493003010749817
1080 1.6370519399642944 -0.12035634368658066
1081 1.0811477899551392 0.36023080348968506
1082 -0.6362391710281372 0.35022327303886414
1083 0.349148154258728 -1.307991623878479
1084 -0.2535211741924286 1.165457844734192
1085 1.4292129278182983 -0.4395231008529663
1086 1.7311218976974487 0.3750780522823334
1087 0.6037849187850952 0.3588045835494995
1088 1.0649229288101196 0.020856643095612526
1089 2.2044155597686768 -1.4364798069000244
1090 1.4910495281219482 -0.31748950481414795
1091 0.6408405900001526 0.3704890310764313
1092 2.0531444549560547 0.6423012018203735
1093 2.20272159576416 0.758899450302124
1094 1.0495318174362183 -0.8106127381324768
1095 1.071776270866394 -0.3043181598186493
1096 0.6285866498947144 0.3693092167377472
1097 2.1617848873138428 -0.5461217761039734
1098 2.2201359272003174 0.652198314666748
1099 2.0006396770477295 -0.010810029692947865
1100 -0.2872942090034485 1.1295193433761597
1101 1.487534523010254 0.8556306958198547
1102 0.838874876499176 0.41307827830314636
1103 1.6104779243469238 -0.6967893242835999
1104 0.4738629162311554 0.31733715534210205
1105 0.5530588626861572 -0.4101749658584595
1106 1.0649195909500122 0.020856915041804314
1107 0.5576496124267578 1.6600322723388672
1108 0.986028790473938 -0.8475953340530396
1109 0.4959840774536133 -0.08916356414556503
1110 1.8307651281356812 0.39191892743110657
1111 0.7101501822471619 0.7800856232643127
1112 1.6028269529342651 -1.1100505590438843
1113 2.1532061100006104 -1.4365923404693604
1114 1.6359951496124268 -0.11966132372617722
1115 2.773829936981201 -0.004891479387879372
1116 0.25641992688179016 0.04683158919215202
1117 1.1541379690170288 -0.26132842898368835
1118 1.0650858879089355 0.021303147077560425
1119 1.5828371047973633 0.7714213132858276
1120 1.9513353109359741 1.034390926361084
1121 0.4626005291938782 0.3301948606967926
1122 -0.024711403995752335 -0.13858036696910858
1123 1.359181523323059 -1.7874950170516968
1124 0.4770609736442566 1.602094054222107
1125 1.1791484355926514 1.6999558210372925
1126 0.5289061665534973 -0.3388042449951172
1127 1.0203335285186768 0.0031534985173493624
1128 0.48694878816604614 -0.20950251817703247
1129 0.6251179575920105 -0.8460988402366638
1130 1.6226580142974854 -0.24999728798866272
1131 0.5536856651306152 0.46074461936950684
1132 2.2734615802764893 -0.5402050018310547
1133 1.474116563796997 0.20759008824825287
1134 0.4691353738307953 1.440851092338562
1135 1.5622754096984863 0.7914897799491882
1136 1.8363622426986694 0.17359954118728638
1137 2.192918539047241 -0.5210898518562317
1138 2.0418052673339844 1.4144974946975708
1139 1.4179455041885376 0.25875815749168396
1140 1.1888043880462646 0.3600214719772339
1141 1.1309847831726074 0.33817774057388306
1142 1.474031925201416 -0.42247751355171204
1143 1.622666358947754 -0.1273612529039383
1144 0.511451005935669 0.028081009164452553
1145 -0.6356112957000732 0.3538764715194702
1146 0.21523521840572357 1.4339370727539062
1147 0.5554597973823547 -0.40937113761901855
1148 0.6773269772529602 0.3853188455104828
1149 2.1347532272338867 -0.5024753212928772
1150 1.5176117420196533 -0.8129761815071106
1151 1.0935901403427124 1.558692455291748
1152 0.6920173168182373 -0.22953763604164124
1153 0.43830248713493347 0.09074367582798004
1154 2.689591884613037 -0.7681189179420471
1155 0.8413422703742981 -0.051301248371601105
1156 0.7799186706542969 0.778640866279602
1157 0.6413911581039429 0.7624728679656982
1158 1.9730620384216309 0.0060476334765553474
1159 1.6817867755889893 0.9136500358581543
1160 1.2286981344223022 -0.05147933214902878
1161 0.444212943315506 0.12173407524824142
1162 1.9228492975234985 -0.8782480359077454
1163 0.7532826662063599 1.6878080368041992
1164 2.7976150512695312 -0.47151488065719604
1165 0.48825788497924805 1.6134849786758423
1166 1.9251627922058105 0.2697641849517822
1167 0.5595344305038452 -0.35590529441833496
1168 1.391247272491455 -1.784307599067688
1169 2.5284571647644043 -1.0374715328216553
1170 1.0717847347259521 0.34194061160087585
1171 -0.014392967335879803 -0.32581934332847595
1172 0.8216994404792786 1.6604588031768799
1173 1.6293154954910278 0.7550389170646667
1174 2.436464309692383 1.0137685537338257
1175 0.4528227150440216 1.439737319946289
1176 0.5081319808959961 -0.3597433865070343
1177 0.47415322065353394 0.29600492119789124
1178 0.885351836681366 1.3313318490982056
1179 1.1206965446472168 0.3456449806690216
1180 2.729118824005127 0.6421752572059631
1181 1.1949212551116943 -0.01669679954648018
1182 0.454784095287323 0.13682156801223755
1183 1.4532387256622314 0.3321281671524048
1184 0.8807010054588318 -0.14258204400539398
1185 1.7254513502120972 -0.2325161099433899
1186 2.4052202701568604 -1.1673563718795776
1187 2.795116901397705 -0.5107814073562622
1188 2.273094415664673 0.5363596677780151
1189 0.49373114109039307 0.06319672614336014
1190 1.161379337310791 -0.3705713450908661
1191 0.019021030515432358 -0.45104163885116577
1192 2.146014928817749 -1.4375057220458984
1193 0.1267976313829422 0.8054192066192627
1194 0.8858036398887634 -0.24403123557567596
1195 1.3451582193374634 0.2758339047431946
1196 2.2027194499969482 0.7588977813720703
1197 1.3838812112808228 -0.48894864320755005
1198 1.0449625253677368 -0.2975538969039917
1199 1.6174119710922241 -1.0938173532485962
1200 1.0182723999023438 0.020817063748836517
1201 0.4648522138595581 1.4315588474273682
1202 -0.23524639010429382 1.1845078468322754
1203 2.368396282196045 -0.35194501280784607
1204 0.8187861442565918 0.8050689697265625
1205 0.5346969366073608 -0.4046206772327423
1206 1.4307548999786377 1.6337109804153442
1207 0.4701489806175232 0.003380904672667384
1208 -0.6355901956558228 0.35460516810417175
1209 1.0717899799346924 -0.30735746026039124
1210 1.3652856349945068 1.65961754322052
1211 0.46926429867744446 0.37949949502944946
1212 1.6271694898605347 -0.14429938793182373
1213 2.749263048171997 0.49439698457717896
1214 2.7806360721588135 -0.2055351436138153
1215 0.046297796070575714 0.8005913496017456
1216 1.5483709573745728 -0.7726877927780151
1217 0.3891162574291229 0.0067199040204286575
1218 1.272720217704773 -0.24336309731006622
1219 2.1090803146362305 0.5243555307388306
1220 0.5173778533935547 -1.0175741910934448
1221 -0.028962409123778343 -0.18309402465820312
1222 1.1475995779037476 -0.3546045124530792
1223 1.3848075866699219 0.9015893340110779
1224 1.4149609804153442 -0.46346816420555115
1225 0.503212571144104 -0.36385098099708557
1226 2.3548922538757324 0.4808354675769806
1227 1.0649189949035645 0.020856602117419243
1228 1.161378264427185 -0.33106720447540283
1229 1.995842456817627 -0.787318766117096
1230 1.8513824939727783 1.4854472875595093
1231 0.997196614742279 1.0588477849960327
1232 1.1735843420028687 0.582755982875824
1233 1.3354055881500244 1.677173137664795
1234 -0.5183665752410889 0.7443307042121887
1235 0.7107555866241455 0.03803464025259018
1236 1.8448553085327148 0.846375584602356
1237 2.477267026901245 0.2281528264284134
1238 0.25689658522605896 -0.7817814350128174
1239 1.0334439277648926 0.039006464183330536
1240 1.0927635431289673 -0.3144332468509674
1241 0.7040550112724304 -1.7531672716140747
1242 1.0675113201141357 -0.05349854752421379
1243 0.16598884761333466 -1.5446821451187134
1244 1.468266487121582 -1.151149868965149
1245 1.6295334100723267 -0.13214042782783508
1246 1.6094093322753906 -1.719705581665039
1247 0.06884264945983887 0.7725075483322144
1248 1.405707836151123 -0.4551704227924347
1249 -0.17149575054645538 1.2379180192947388
1250 2.0027475357055664 -0.024521879851818085
1251 0.6727780103683472 -0.39043423533439636
1252 2.002309560775757 -0.7940375208854675
1253 -0.6191874742507935 0.4636671245098114
1254 2.1846799850463867 1.285076379776001
1255 1.0768852233886719 -0.6045076847076416
1256 2.377331495285034 1.1053365468978882
1257 0.2955889105796814 -1.2856926918029785
1258 0.9363385438919067 1.6845917701721191
1259 1.0773909091949463 -1.8135336637496948
1260 0.1370891034603119 0.8182335495948792
1261 2.2280421257019043 -1.3901748657226562
1262 0.628554105758667 -1.0395543575286865
1263 2.816880226135254 0.1872817426919937
1264 1.0804671049118042 0.03459148481488228
1265 1.0111643075942993 0.04106111451983452
1266 0.06639830023050308 1.403953194618225
1267 1.7842847108840942 -0.8752127885818481
1268 1.7369699478149414 -1.6747673749923706
1269 2.3255183696746826 -0.017501531168818474
1270 1.9583656787872314 0.04038744419813156
1271 2.378053903579712 -1.1932870149612427
1272 1.4876556396484375 -0.4175698459148407
1273 0.975024402141571 0.32456156611442566
1274 0.5461907386779785 -0.4516490399837494
1275 0.7099966406822205 0.7853662371635437
1276 1.4182419776916504 0.3841439187526703
1277 1.404456615447998 0.9046198725700378
1278 1.5162099599838257 -0.7561246156692505
1279 1.3907796144485474 -1.1537803411483765
1280 0.7978088855743408 -1.7148213386535645
1281 0.4905746281147003 -0.35478222370147705
1282 1.092176079750061 -0.3231199383735657
1283 2.6653800010681152 0.4279690086841583
1284 2.8004043102264404 -0.4585411548614502
1285 1.991878867149353 0.31114232540130615
1286 -0.044511087238788605 -0.10562264174222946
1287 0.8438231348991394 -0.042098671197891235
1288 2.056609630584717 1.4196830987930298
1289 1.394361972808838 0.910171627998352
1290 0.7217065095901489 0.7961546182632446
1291 1.7462940216064453 0.7540978789329529
1292 1.554869532585144 -1.7443360090255737
1293 1.0878067016601562 -1.8107969760894775
1294 0.44990235567092896 0.33482837677001953
1295 1.1481752395629883 -1.8148221969604492
1296 2.1125731468200684 1.389061689376831
1297 0.6038713455200195 -0.7015746235847473
1298 0.25782597064971924 1.4372663497924805
1299 2.738793134689331 -0.6736014485359192
1300 0.6284352540969849 0.520374596118927
1301 2.6024184226989746 0.9130250215530396
1302 0.6826062202453613 -0.4363783299922943
1303 2.212543487548828 -0.6782554388046265
1304 1.0632178783416748 -0.9561535716056824
1305 2.133455753326416 -1.4544949531555176
1306 2.005394697189331 -0.02222241833806038
1307 0.00478670559823513 -0.3408093750476837
1308 1.6276435852050781 -0.1437164694070816
1309 1.0601308345794678 0.35448309779167175
1310 1.5354098081588745 -1.113497257232666
1311 1.064919352531433 0.0208571907132864
1312 1.2258635759353638 0.38483116030693054
1313 0.9904837012290955 1.0982251167297363
1314 0.22085866332054138 -1.4099111557006836
1315 1.6319619417190552 -0.13311244547367096
1316 0.512665867805481 -0.36802929639816284
1317 1.1153225898742676 0.340925931930542
1318 0.828044056892395 0.43411436676979065
1319 1.6023770570755005 0.7758678197860718
1320 1.5838425159454346 -0.6386470794677734
1321 1.412070631980896 -0.46577760577201843
1322 1.147980809211731 0.33854764699935913
1323 1.0763695240020752 -0.3116757869720459
1324 1.8380199670791626 0.18657134473323822
1325 -0.6356924176216125 0.365174800157547
1326 0.6382558941841125 -1.771661400794983
1327 0.6645753383636475 0.7723416090011597
1328 0.2613433301448822 1.2301232814788818
1329 1.688460350036621 -1.716058373451233
1330 1.00575590133667 -0.8419588804244995
1331 1.9264219999313354 0.4179207682609558
1332 -0.6238617300987244 0.4279329180717468
1333 0.823078453540802 -0.26077723503112793
1334 -0.2320837378501892 0.16904431581497192
1335 0.6679059267044067 -1.4508200883865356
1336 0.9249524474143982 -1.7249335050582886
1337 1.3773142099380493 1.6590726375579834
1338 1.0397526025772095 0.040694210678339005
1339 1.0452704429626465 1.0917569398880005
1340 0.5364893674850464 -1.4794014692306519
1341 0.8966916799545288 -1.241987943649292
1342 0.5734068155288696 -0.813988983631134
1343 2.358924388885498 1.1379987001419067
1344 -0.634412407875061 0.3643017113208771
1345 -0.1075788289308548 0.2424035221338272
1346 0.6599326729774475 -0.41656211018562317
1347 1.0369267463684082 0.001506482483819127
1348 1.0909836292266846 0.002110683126375079
1349 1.0045666694641113 -0.8417226076126099
1350 2.463799476623535 -0.08986412733793259
1351 0.46019190549850464 0.08956914395093918
1352 0.5332071781158447 -1.486283779144287
1353 1.4810596704483032 0.27977749705314636
1354 0.4436894357204437 -0.568798840045929
1355 1.7331539392471313 1.5787960290908813
1356 2.36997389793396 -0.2792806029319763
1357 2.55448055267334 -1.0004823207855225
1358 2.8092916011810303 -0.2968851327896118
1359 0.9395779967308044 -1.7250967025756836
1360 1.50912606716156 0.20409466326236725
1361 -0.19421924650669098 0.3583202362060547
1362 1.6219723224639893 -0.16813895106315613
1363 2.1723787784576416 -1.4253507852554321
1364 0.984657347202301 -0.8431473970413208
1365 0.8371738195419312 0.4041443467140198
1366 0.3993045687675476 0.04203438386321068
1367 0.6371148228645325 -1.7713487148284912
1368 1.0990501642227173 0.34003308415412903
1369 0.7858999967575073 0.8717983365058899
1370 0.552439272403717 -0.3873765468597412
1371 1.0279130935668945 -1.8040802478790283
1372 1.0804842710494995 -1.2050755023956299
1373 1.3920947313308716 0.9082890152931213
1374 1.444148302078247 -0.43483808636665344
1375 0.9376211166381836 -0.2619624733924866
1376 1.4490286111831665 0.8980264067649841
1377 1.2127255201339722 -1.3214635848999023
1378 1.2019215822219849 0.6535210013389587
1379 0.2514234781265259 0.09890079498291016
1380 0.5039882063865662 -0.35259392857551575
1381 1.0495448112487793 -0.8106047511100769
1382 1.1385473012924194 -0.533667802810669
1383 1.0732860565185547 0.3034650981426239
1384 2.5479109287261963 0.9592348337173462
1385 0.6780955791473389 0.7718243598937988
1386 1.545459270477295 0.7973163723945618
1387 -0.08426341414451599 0.1687014251947403
1388 1.6011992692947388 -0.986883282661438
1389 1.2934986352920532 -0.3157643973827362
1390 0.7688668370246887 0.7111015915870667
1391 1.942081332206726 -0.8149710297584534
1392 0.5792917609214783 -0.28928858041763306
1393 0.4439508020877838 0.11495078355073929
1394 1.3821603059768677 0.901303231716156
1395 1.0329166650772095 1.124738097190857
1396 1.088168740272522 -0.0007079463102854788
1397 2.4772651195526123 0.22814646363258362
1398 1.600097417831421 -0.7719491720199585
1399 -0.17380878329277039 1.025843620300293
1400 1.4830348491668701 0.343641459941864
1401 0.6045268774032593 -0.8007209300994873
1402 2.7186532020568848 -0.016860272735357285
1403 1.104132890701294 0.025423595681786537
1404 1.3935874700546265 -0.31425729393959045
1405 0.4547228217124939 0.13681882619857788
1406 0.4971520006656647 0.9329782128334045
1407 1.1866111755371094 -0.03416293486952782
1408 2.530806303024292 -1.024125099182129
1409 1.9957222938537598 0.08720996975898743
1410 0.13742870092391968 -0.6247494220733643
1411 2.0201241970062256 0.7455043196678162
1412 1.8027881383895874 0.08086918294429779
1413 1.019877314567566 -1.1770036220550537
1414 1.0020105838775635 -0.8430022597312927
1415 1.4048471450805664 0.9082885980606079
1416 -0.001723023597151041 -0.3267500400543213
1417 0.1332041323184967 0.8241316080093384
1418 0.9425135850906372 -1.7272884845733643
1419 -0.628997266292572 0.39986294507980347
1420 1.538149118423462 -0.2759193480014801
1421 0.5133904814720154 -0.3896358907222748
1422 1.11811101436615 0.3438475430011749
1423 0.08478150516748428 0.7786901593208313
1424 1.6323134899139404 -0.12308642268180847
1425 1.0381720066070557 1.0887372493743896
1426 1.7450637817382812 -1.6724735498428345
1427 0.46857529878616333 1.481594204902649
1428 1.0340059995651245 -0.30266958475112915
1429 1.9747806787490845 1.4482550621032715
1430 0.14738811552524567 -1.4986504316329956
1431 2.288304090499878 1.2082207202911377
1432 1.6831949949264526 -0.08919012546539307
1433 0.3796203136444092 -1.2831915616989136
1434 2.0289998054504395 1.437326192855835
1435 1.3925096988677979 0.44247063994407654
1436 0.8507523536682129 -0.010386141017079353
1437 1.7473636865615845 -1.711434245109558
1438 1.7919222116470337 1.4316294193267822
1439 2.387127637863159 0.3644169569015503
1440 -0.04802235588431358 -0.04013901203870773
1441 1.0420427322387695 1.0901758670806885
1442 1.0861716270446777 -0.32114267349243164
1443 2.013603687286377 1.4480564594268799
1444 0.9915045499801636 -0.8485806584358215
1445 0.25071126222610474 -0.6307733058929443
1446 0.5805628299713135 -0.8154398202896118
1447 2.103105068206787 0.5532989501953125
1448 -0.1652124524116516 1.2455692291259766
1449 1.7755178213119507 0.10247256606817245
1450 1.607668399810791 -0.7929021120071411
1451 1.032150387763977 1.6246953010559082
1452 1.0901601314544678 -1.8157708644866943
1453 0.2006085067987442 0.9108200669288635
1454 0.4772281348705292 -1.221373438835144
1455 0.6541652679443359 -0.5980391502380371
1456 0.5589860677719116 -0.4078958332538605
1457 0.7320473194122314 -0.19331307709217072
1458 0.46359360218048096 0.028766678646206856
1459 2.083686351776123 0.5676401853561401
1460 0.7078596353530884 -1.7561910152435303
1461 -0.016420625150203705 -0.21002382040023804
1462 0.5392152070999146 -0.3388459384441376
1463 0.4887434244155884 -1.0189449787139893
1464 0.4370698630809784 0.10963241755962372
1465 0.7363703846931458 0.7780855298042297
1466 -0.6343438625335693 0.3474001884460449
1467 2.766019821166992 0.5262739062309265
1468 0.4712189733982086 0.35623258352279663
1469 2.203979969024658 -1.4344289302825928
1470 2.0751466751098633 -1.5373443365097046
1471 -0.37974464893341064 1.015516757965088
1472 0.9627636075019836 0.36563917994499207
1473 2.1931703090667725 -1.4329743385314941
1474 -0.5940911173820496 0.3272407352924347
1475 0.2989427149295807 -1.5900981426239014
1476 1.0775872468948364 -0.30911725759506226
1477 1.4793647527694702 0.28321248292922974
1478 1.4847462177276611 -0.32811999320983887
1479 2.5292632579803467 -1.0249966382980347
1480 2.6670398712158203 -0.8030173182487488
1481 -0.63506019115448 0.36383917927742004
1482 1.0748634338378906 -0.3549492657184601
1483 1.7026705741882324 0.8968340754508972
1484 1.043517827987671 -0.8263571858406067
1485 1.64850914478302 -1.7104982137680054
1486 0.6898467540740967 -0.45104464888572693
1487 0.5530635118484497 -0.41017407178878784
1488 -0.41678735613822937 0.9607987999916077
1489 0.4756806194782257 -0.05253739282488823
1490 -0.6000781655311584 0.5146270394325256
1491 1.5773266553878784 -0.841948390007019
1492 0.6890652179718018 0.7867447733879089
1493 0.781897246837616 0.8183714151382446
1494 0.885636031627655 -0.8388124108314514
1495 1.975507378578186 1.4478007555007935
1496 2.1923937797546387 0.5954264998435974
1497 1.5135029554367065 -1.1936663389205933
1498 0.4659728705883026 0.03715340048074722
1499 0.011770757846534252 -0.40975040197372437
1500 0.5173782110214233 -1.017574667930603
1501 0.2256453037261963 -1.5394713878631592
1502 0.38030698895454407 -1.4851301908493042
1503 0.8687973618507385 0.7680448889732361
1504 0.8787745237350464 -0.2317657619714737
1505 1.6329021453857422 -0.13408830761909485
1506 1.043488621711731 -0.8263677954673767
1507 1.6476808786392212 -0.0795208290219307
1508 1.137037992477417 0.34058284759521484
1509 1.0592776536941528 -0.30509647727012634
1510 -0.011522971093654633 -0.3381442427635193
1511 0.4444858133792877 0.3515169024467468
1512 1.7863037586212158 -0.8684963583946228
1513 1.7712194919586182 0.823348343372345
1514 1.676844596862793 -0.22949627041816711
1515 0.8482239246368408 -0.24147093296051025
1516 1.0715090036392212 -0.7998836040496826
1517 1.062578558921814 1.5799407958984375
1518 0.3973754346370697 0.20116782188415527
1519 0.7594956159591675 -1.7281171083450317
1520 1.0851762294769287 -0.3276172876358032
1521 1.0064893960952759 -1.7328952550888062
1522 1.5911542177200317 1.2791533470153809
1523 0.6910929083824158 0.779225766658783
1524 0.44298455119132996 1.5296616554260254
1525 1.298388957977295 -1.130213737487793
1526 -0.635913074016571 0.37522754073143005
1527 0.991300642490387 -0.842475414276123
1528 1.9834694862365723 0.9375858902931213
1529 1.454935908317566 1.6269137859344482
1530 2.77108097076416 -0.04480747506022453
1531 1.5796786546707153 -0.8507555723190308
1532 0.7022942900657654 0.7820881009101868
1533 2.020890712738037 -0.0014190218644216657
1534 1.8251079320907593 -1.638961672782898
1535 2.407071352005005 -1.1649755239486694
1536 1.1322041749954224 0.33104899525642395
1537 1.7710261344909668 0.3789753317832947
1538 1.173500418663025 0.35054612159729004
1539 1.9976694583892822 -0.7590391635894775
1540 1.4810562133789062 0.27977418899536133
1541 1.7835721969604492 1.5545307397842407
1542 2.1363883018493652 -1.4482026100158691
1543 2.2741098403930664 1.2174040079116821
1544 1.9527264833450317 -0.8163864016532898
1545 2.6081652641296387 0.8994855284690857
1546 1.5777326822280884 1.6161915063858032
1547 0.8428823351860046 0.4234156906604767
1548 0.8482223153114319 -0.24147255718708038
1549 0.5115288496017456 -0.5018182992935181
1550 1.4006330966949463 -0.45746129751205444
1551 1.0601307153701782 0.3544832170009613
1552 1.479225993156433 0.28690218925476074
1553 0.9705825448036194 -0.306941419839859
1554 0.5779339075088501 -1.0094618797302246
1555 2.787489175796509 -0.17047283053398132
1556 1.0208464860916138 1.123491644859314
1557 1.7841812372207642 -1.632449746131897
1558 0.4591622054576874 1.4327359199523926
1559 1.404919147491455 0.26759204268455505
1560 0.4397400915622711 0.11609902232885361
1561 0.06189940869808197 0.7637484669685364
1562 1.071874976158142 -0.7996717095375061
1563 -0.09698669612407684 0.32150816917419434
1564 0.21495777368545532 1.4298566579818726
1565 2.044957399368286 1.427234411239624
1566 1.0603365898132324 -0.30891916155815125
1567 -0.338711678981781 1.0612348318099976
1568 1.1671371459960938 0.36349666118621826
1569 0.6988427639007568 0.7778061032295227
1570 1.2378170490264893 -0.3215166926383972
1571 2.339817762374878 -0.3904678523540497
1572 2.153411388397217 -1.4338005781173706
1573 -0.11701983958482742 0.22203584015369415
1574 0.13295131921768188 0.05556075647473335
1575 1.7383532524108887 -0.06797583401203156
1576 1.135456919670105 -0.6036690473556519
1577 0.9535579085350037 1.4096970558166504
1578 0.6497703194618225 -0.4099327325820923
1579 0.17320841550827026 -1.5236986875534058
1580 1.0308878421783447 1.1072719097137451
1581 0.7989475727081299 -0.02808024361729622
1582 0.9034364819526672 0.34524229168891907
1583 1.1426947116851807 -1.3061964511871338
1584 1.0596323013305664 0.35513266921043396
1585 1.3879715204238892 -0.48408016562461853
1586 0.5432717800140381 -0.41899770498275757
1587 0.6908395290374756 -1.7589777708053589
1588 0.8288106918334961 0.4191719591617584
1589 2.6915647983551025 -0.7700914740562439
1590 0.7451441287994385 -0.14983123540878296
1591 1.3882135152816772 0.9014667868614197
1592 -0.6341992020606995 0.3460941016674042
1593 1.4288159608840942 0.398699551820755
1594 0.9699955582618713 -0.8546202182769775
1595 0.8838627338409424 0.4833128750324249
1596 0.10958036780357361 0.8178210258483887
1597 1.3365254402160645 0.4705631136894226
1598 1.07473623752594 -0.3122806251049042
1599 1.8590458631515503 0.09636380523443222
1600 -0.00988654512912035 -0.20383137464523315
1601 1.440987467765808 0.27320408821105957
1602 1.3828927278518677 -0.30790746212005615
1603 1.4167338609695435 -1.161590814590454
1604 0.1638580709695816 -1.4865615367889404
1605 0.991377055644989 -0.8486200571060181
1606 1.9478914737701416 0.3553813695907593
1607 0.02850360795855522 0.7251665592193604
1608 1.6333194971084595 -0.05798511579632759
1609 0.9937957525253296 -1.3951520919799805
1610 1.1243168115615845 -0.33771559596061707
1611 1.6660515069961548 -0.23658841848373413
1612 0.9401333928108215 1.4111313819885254
1613 0.44237449765205383 0.35063162446022034
1614 0.8306959867477417 0.39555761218070984
1615 2.392763376235962 1.1040284633636475
1616 1.0685821771621704 -0.6044310331344604
1617 1.5493780374526978 1.6207982301712036
1618 2.7471861839294434 -0.10477957129478455
1619 2.5624051094055176 -0.04258105158805847
1620 0.9698255658149719 0.3305222690105438
1621 0.8898506164550781 -0.24400171637535095
1622 0.5277279019355774 1.648389458656311
1623 0.5003973841667175 -1.2065881490707397
1624 0.019900687038898468 0.7192139625549316
1625 1.8802613019943237 0.07986859232187271
1626 2.1857354640960693 0.4796156883239746
1627 2.5072576999664307 -1.0605435371398926
1628 1.431670904159546 -0.43818435072898865
1629 1.4772897958755493 0.21052159368991852
1630 1.8091169595718384 -0.859308123588562
1631 1.1652655601501465 0.5967651009559631
1632 1.5468145608901978 -1.7500184774398804
1633 1.5572909116744995 -0.3867207467556
1634 1.0680128335952759 0.344571977853775
1635 1.386863112449646 1.6561273336410522
1636 0.8170594573020935 0.3891775608062744
1637 1.1405870914459229 -0.33786913752555847
1638 1.481055736541748 0.27977392077445984
1639 1.0870028734207153 -0.3132973611354828
1640 0.6394720077514648 0.3824678063392639
1641 0.6913560628890991 0.7800630927085876
1642 0.705671489238739 -0.15991844236850739
1643 0.8195677995681763 -0.044910185039043427
1644 0.47177261114120483 0.3500017821788788
1645 0.7907461524009705 1.0303860902786255
1646 1.3970309495925903 -1.7838760614395142
1647 1.1041325330734253 0.025423742830753326
1648 1.271923303604126 -0.32487988471984863
1649 1.189344048500061 -0.5074973106384277
1650 1.6476801633834839 -0.07951655238866806
1651 -0.6270958781242371 0.4246922731399536
1652 2.0084874629974365 0.8919264078140259
1665 2.134331464767456 -1.4534631967544556
1666 1.4249688386917114 0.9038429856300354
1667 -0.1080322414636612 0.2297842800617218
1668 2.1677029132843018 0.7947503924369812
1669 0.6340839266777039 -1.768072485923767
1670 0.21598342061042786 1.4319349527359009
1671 1.5286598205566406 -1.1718132495880127
1672 1.6693534851074219 -0.23389725387096405
1673 2.3240957260131836 1.168701410293579
1674 0.2540459930896759 1.3906365633010864
1675 0.4197849631309509 0.1284816861152649
1676 2.1625070571899414 -0.539135754108429
1677 1.533511996269226 0.9640763998031616
1678 1.967549443244934 0.027000831440091133
1679 0.4734886586666107 -0.34247639775276184
1680 1.1212670803070068 1.6474215984344482
1681 1.1034600734710693 0.34145304560661316
1682 0.8493946194648743 -0.0456014908850193
1683 0.474964439868927 0.36131972074508667
1684 1.7313190698623657 -0.2374826967716217
1685 2.0081787109375 0.05291658267378807
1686 0.8392127156257629 -1.7048320770263672
1687 1.0160034894943237 -1.801599383354187
1688 1.4743335247039795 -1.1571943759918213
1689 -0.012945589609444141 -0.1630357950925827
1690 2.1902015209198 -1.4560946226119995
1691 2.5551507472991943 0.9614559412002563
1692 2.091010332107544 -0.743781566619873
1693 1.3625478744506836 1.6602623462677002
1694 0.8108730316162109 -0.01894846186041832
1695 0.009695447981357574 0.061401937156915665
1696 1.5771896839141846 0.7718837857246399
1697 1.0650845766067505 0.02130294218659401
1698 -0.014347203075885773 -0.2775292694568634
1699 0.6078667640686035 -0.8267402648925781
1700 2.1109399795532227 -1.4768307209014893
1702 0.03524386137723923 0.7523878812789917
1703 -0.5836693048477173 0.5914679169654846
1704 1.414560317993164 -1.1675204038619995
1705 0.5771388411521912 0.5875583291053772
1706 -0.24954822659492493 1.1697893142700195
1707 1.9805508852005005 0.0029837870970368385
1708 0.7028065323829651 -1.2321045398712158
1709 2.789661169052124 -0.5338507294654846
1710 1.341345191001892 -0.12463956326246262
1711 0.25219130516052246 -1.5818864107131958
1712 -0.6366187930107117 0.33470991253852844
1713 0.4553970694541931 0.33970290422439575
1714 1.2588344812393188 -0.3241073489189148
1715 2.7646570205688477 0.5335495471954346
1716 -0.4423297643661499 0.9419676065444946
1717 0.5721234083175659 -0.8258734941482544
1718 1.0668843984603882 -0.78118497133255
1719 1.6521434783935547 -1.0688022375106812
1720 1.4075982570648193 0.4390794634819031
1721 0.47499194741249084 0.3585352301597595
1722 1.9748008251190186 0.03978067636489868
1723 0.5490986704826355 -0.41072604060173035
1724 1.389365792274475 0.9376453161239624
1725 1.6322308778762817 -0.14436884224414825
1726 0.8276931047439575 0.4190347194671631
1727 -0.23143766820430756 0.1874508261680603
1728 2.0257880687713623 -0.7771404385566711
1729 -0.002685537561774254 -0.3324218988418579
1730 0.5689940452575684 -0.8249764442443848
1731 0.5563955307006836 -0.5915131568908691
1732 0.5566708445549011 -1.243656039237976
1733 0.6193593144416809 -1.016763687133789
1734 0.49745577573776245 -0.33463606238365173
1735 0.6030699014663696 0.3562224209308624
1736 2.366230010986328 -0.3022216558456421
1737 1.7383434772491455 0.8880366683006287
1738 1.3757389783859253 0.2683820128440857
1739 1.803617000579834 0.21156233549118042
1740 0.505828320980072 -0.3646891415119171
1741 1.0660264492034912 0.3593297004699707
1742 0.5443629026412964 -0.5892417430877686
1743 0.9314517974853516 -1.725602149963379
1744 1.183925747871399 1.5696980953216553
1745 1.9575350284576416 0.032140884548425674
1746 0.46505850553512573 0.03709487244486809
1747 0.19439636170864105 0.9052448868751526
1748 2.639784097671509 -0.9468525052070618
1749 0.8981105089187622 -1.7281975746154785
1750 0.9711161851882935 -0.8538219928741455
1751 1.5464212894439697 -0.755314290523529
1752 0.6222584843635559 0.36219432950019836
1753 1.3749281167984009 0.9456437826156616
1754 0.5056249499320984 1.3309417963027954
1755 2.6834769248962402 -0.778529942035675
1756 1.115169882774353 0.3443495035171509
1757 0.608064591884613 -0.8232885599136353
1758 2.3680317401885986 -0.35092806816101074
1759 1.639643907546997 -0.15850123763084412
1760 0.2739790678024292 0.1457839161157608
1761 0.9353033900260925 -1.4128602743148804
1762 1.0902104377746582 -0.3180648982524872
1763 1.0560204982757568 -1.3521733283996582
1764 0.49567845463752747 -0.3721758723258972
1765 2.1748995780944824 0.6138246059417725
1766 1.1161752939224243 0.34852415323257446
1767 2.6865131855010986 -0.007967435754835606
1768 2.24505352973938 -1.3985943794250488
1769 2.3891518115997314 0.19390861690044403
1770 2.4029319286346436 0.5933980941772461
1771 1.412451982498169 -0.4470023810863495
1772 2.2914607524871826 0.5096641778945923
1773 2.0204670429229736 -1.5353686809539795
1774 1.6205600500106812 -0.12292567640542984
1775 1.6104787588119507 -0.6967889666557312
1776 0.7338985800743103 -0.5828514099121094
1777 2.378201961517334 1.1136950254440308
1778 1.4600193500518799 -1.187601089477539
1779 1.383049488067627 -0.3086545467376709
1780 1.5818989276885986 1.6162972450256348
1781 0.994286835193634 -0.843421220779419
1782 2.472456693649292 0.07706322520971298
1783 1.700938105583191 1.5894775390625
1784 1.1026678085327148 -1.8138415813446045
1785 0.650675356388092 0.7500613331794739
1786 2.321115732192993 -1.414425253868103
1787 0.6858000159263611 0.005781741347163916
1788 1.080468773841858 0.03459090739488602
1789 0.5484644770622253 -1.4748454093933105
1790 1.0747078657150269 -0.3102855086326599
1791 0.5804517269134521 -0.3452780544757843
1792 1.3316915035247803 -1.794512391090393
1793 2.005358934402466 0.05368144437670708
1794 0.9859589338302612 -0.8476174473762512
1795 0.7666792869567871 1.6987438201904297
1796 1.183375358581543 -1.813873052597046
1797 2.550567626953125 -1.0055609941482544
1798 1.0743296146392822 -0.31306758522987366
1799 2.5345616340637207 -1.0205039978027344
1800 0.9034380316734314 0.3452346622943878
1801 2.550588607788086 -1.0055350065231323
1802 -0.17435131967067719 1.235389232635498
1803 0.690953254699707 0.7792766690254211
1804 -0.11658456176519394 0.2721432149410248
1805 0.5120533108711243 -0.49938341975212097
1806 -0.15969373285770416 1.2572060823440552
1807 0.45241671800613403 0.0795048177242279
1808 0.5546959042549133 -0.3885556161403656
1809 1.0967633724212646 0.3500251770019531
1810 1.0611475706100464 1.5886857509613037
1811 1.0955889225006104 0.3508633077144623
1812 0.47907957434654236 0.06898746639490128
1813 1.095134973526001 -0.30602455139160156
1814 1.3277993202209473 -0.3254857659339905
1815 1.6079775094985962 -0.7985290288925171
1816 0.5040028095245361 -0.3525858521461487
1817 1.1041322946548462 0.02542366273701191
1818 1.481268286705017 0.34958264231681824
1819 1.628578782081604 -1.715430498123169
1820 0.915830671787262 -0.24781662225723267
1821 -0.11580868065357208 0.273052841424942
1822 -0.05824201926589012 0.0024056360125541687
1823 0.981313169002533 -0.8463874459266663
1824 1.3682981729507446 1.6602041721343994
1825 1.17914879322052 1.6999547481536865
1826 1.1255428791046143 0.35341715812683105
1827 1.120347261428833 0.3399531841278076
1828 2.7918756008148193 0.03838253393769264
1829 2.5645906925201416 0.5819965600967407
1830 -0.5915626287460327 0.5069113969802856
1831 0.605654239654541 1.6749346256256104
1832 1.4822758436203003 0.8878875970840454
1833 0.5783506631851196 -0.8227391839027405
1834 1.4855762720108032 -0.3233932554721832
1835 1.0649220943450928 0.02085575833916664
1836 1.077926516532898 -0.2976267337799072
1837 0.6910044550895691 0.7792421579360962
1838 1.2953555583953857 -0.3096611201763153
1839 -0.5689313411712646 0.5832098722457886
1840 1.0820850133895874 -0.31219229102134705
1841 1.078744888305664 -0.2608862519264221
1842 0.542669951915741 -0.511606752872467
1843 -0.33738192915916443 1.0712940692901611
1844 0.4399399161338806 0.11923634260892868
1845 1.7671960592269897 -0.8751539587974548
1846 1.3031727075576782 -1.2472143173217773
1847 1.4438971281051636 0.8984272480010986
1848 1.073378324508667 1.569860816001892
1849 2.7926583290100098 -0.5232179760932922
1850 0.35011354088783264 1.3397496938705444
1851 2.7706704139709473 -0.6051584482192993
1852 1.2637778520584106 0.47869768738746643
1853 1.592639446258545 -0.7173291444778442
1854 0.6100221276283264 -0.8264439702033997
1855 0.4159461557865143 0.06821553409099579
1856 0.9840914607048035 -0.8425552248954773
1857 1.2931443452835083 -0.30800461769104004
1858 0.5561749339103699 -1.0129802227020264
1859 0.9549189209938049 -0.8538203835487366
1860 0.2818213999271393 -1.579717755317688
1861 0.9087307453155518 -1.3862062692642212
1862 0.4891948401927948 0.03531567379832268
1863 0.1943930834531784 0.9052399396896362
1864 0.3205380439758301 -0.627992570400238
1865 0.546175479888916 1.6595100164413452
1866 0.6890793442726135 0.7867436408996582
1867 1.443008303642273 0.9094152450561523
1868 -0.02503407746553421 -0.17087480425834656
1869 -0.5632345080375671 0.5974355936050415
1870 1.3714957237243652 -0.3122030794620514
1871 1.0649222135543823 0.020856782793998718
1872 2.796963691711426 -0.4787382483482361
1873 0.47567063570022583 0.30943575501441956
1874 2.582758903503418 -0.03663088008761406
1875 1.4392954111099243 -0.43686750531196594
1876 2.795079469680786 -0.00982305221259594
1877 1.0944602489471436 0.043809209018945694
1878 0.7155289649963379 0.7767457365989685
1879 1.2040343284606934 -0.03180690482258797
1880 0.768119215965271 1.6644779443740845
1881 -0.5689525604248047 0.5831319093704224
1882 1.439805030822754 -0.4370887279510498
1883 1.6062880754470825 -1.7153642177581787
1884 1.589687705039978 1.613364577293396
1885 2.7661025524139404 0.5250716805458069
1886 2.768911123275757 0.5181434750556946
1887 0.9133756160736084 -0.25808313488960266
1888 0.9289700388908386 0.023158207535743713
1889 -0.09432006627321243 0.23648519814014435
1890 0.13171817362308502 0.8109902143478394
1891 2.3903872966766357 0.19181625545024872
1892 0.6381838917732239 -1.7716671228408813
1893 -0.18763406574726105 0.46507561206817627
1894 0.8401393890380859 -0.01807216741144657
1895 1.384297251701355 -1.162198781967163
1896 1.824945092201233 -0.8354034423828125
1897 0.33439481258392334 -1.48180091381073
1898 0.45943835377693176 1.3695335388183594
1899 -0.23863713443279266 1.1758426427841187
1900 0.9671193361282349 -1.7803823947906494
1901 1.0937538146972656 0.02570507302880287
1902 1.3632534742355347 0.9061575531959534
1903 2.330045223236084 1.1529182195663452
1904 0.31378084421157837 -1.59261155128479
1905 1.0020108222961426 -0.8430032730102539
1906 0.43962639570236206 1.5350563526153564
1907 0.5067482590675354 -0.3398641347885132
1908 2.2292680740356445 -0.40345707535743713
1909 0.7032762169837952 -0.20584093034267426
1910 2.279965877532959 1.1716396808624268
1911 1.4058064222335815 -0.45624369382858276
1912 2.488638401031494 -1.0880399942398071
1913 0.5062308311462402 1.0068333148956299
1914 2.509610891342163 -1.0575952529907227
1915 1.5776304006576538 1.6162444353103638
1916 1.2956475019454956 -1.2691336870193481
1917 0.984394907951355 -0.8471065759658813
1918 -0.293735146522522 1.1163450479507446
1919 0.5810486674308777 -0.8364989757537842
1920 0.5869131684303284 -0.8193058371543884
1921 0.9711028933525085 -0.8538245558738708
1922 2.1988635063171387 0.5525118112564087
1923 0.29079875349998474 -1.6013747453689575
1924 1.3483396768569946 -1.1511362791061401
1925 2.1668994426727295 -0.5370290875434875
1926 1.1675148010253906 0.36380714178085327
1927 1.475046157836914 0.23514264822006226
1928 0.9693928956985474 -0.8515266180038452
1929 1.3949323892593384 0.27034154534339905
1930 0.45220327377319336 -0.4955868422985077
1931 2.8045592308044434 0.028692390769720078
1932 2.257089853286743 1.2237826585769653
1933 2.3462274074554443 -1.3724870681762695
1934 2.103213310241699 0.678321361541748
1935 0.374992311000824 0.1151595190167427
1936 1.1479815244674683 0.3385489583015442
1937 2.159850597381592 -0.5485858917236328
1938 1.7280240058898926 1.115534782409668
1939 2.797318458557129 -0.46844348311424255
1940 1.1837393045425415 -1.2806862592697144
1941 2.1819164752960205 0.4634120464324951
1942 1.4581804275512695 0.27146390080451965
1943 -0.6348193883895874 0.35809576511383057
1944 1.3988579511642456 0.2484896332025528
1945 -0.01615317165851593 -0.28464850783348083
1946 0.8056422472000122 0.4908297061920166
1947 1.6660712957382202 -1.0590002536773682
1948 0.9426344037055969 1.4816920757293701
1949 -0.0943324938416481 -0.9748768210411072
1950 -0.15539203584194183 -1.073627233505249
1951 -0.12476231902837753 -0.7930211424827576
1952 -0.5585020780563354 -0.7415679693222046
1953 -0.3057953119277954 -1.1824719905853271
1954 -0.2698839604854584 -1.243760585784912
1955 -0.5733692646026611 -0.3195765018463135
1956 -0.6143777966499329 -0.28327131271362305
1957 -0.10629720240831375 -0.8581366539001465
1958 -0.5919683575630188 -0.2978458106517792
1959 -0.17245973646640778 -1.115836262702942
1960 -0.6063547730445862 -0.29182249307632446
1961 -0.45720258355140686 -0.5503284931182861
1962 -0.25583937764167786 -1.255323052406311
1963 -0.5416577458381653 -0.7209558486938477
1964 -0.12752074003219604 -0.9164820909500122
1965 -0.12346059083938599 -0.8888899087905884
1966 -0.5674974322319031 -0.6482505202293396
1967 -0.28050118684768677 -1.2530542612075806
1968 -0.5520749688148499 -0.7948868274688721
1969 -0.17304009199142456 -1.0533658266067505
1970 -0.5732598900794983 -0.3022361099720001
1971 -0.11820705235004425 -0.8580506443977356
1972 -0.5921385884284973 -0.6582797169685364
1973 -0.11685051769018173 -0.8786916136741638
1974 -0.15608467161655426 -1.0622351169586182
1975 -0.5908803939819336 -0.6576632857322693
1976 -0.6045371890068054 -0.2990148961544037
1977 -0.6086870431900024 -0.2702285945415497
1978 -0.33439120650291443 -0.5396560430526733
1979 -0.5921385884284973 -0.6582797169685364
1980 -0.2923605740070343 -1.2235406637191772
1981 -0.6045212149620056 -0.3004392385482788
1982 -0.3327206075191498 -1.1270880699157715
1983 -0.27928197383880615 -1.2340760231018066
1984 -0.11469324678182602 -0.8934175968170166
1985 -0.6264436841011047 -0.2343973070383072
1986 -0.33421915769577026 -1.1320247650146484
1987 -0.23053771257400513 -1.2351024150848389
1988 -0.30547085404396057 -1.1575716733932495
1989 -0.2762512266635895 -1.2467350959777832
1990 -0.6092279553413391 -0.27003660798072815
1991 1.2795459032058716 -0.32000231742858887
1992 1.5503449440002441 -0.7757970690727234
1993 1.7009369134902954 1.5894780158996582
1994 1.0494569540023804 -0.8106433153152466
1995 -0.4335206151008606 0.9474544525146484
1996 1.4045994281768799 0.9047461748123169
1997 1.7511287927627563 -0.8774083852767944
1998 1.6086565256118774 -1.0837409496307373
1999 -0.5909087657928467 -0.2898665964603424
2000 -0.5725326538085938 -0.6980697512626648
2001 -0.393584668636322 -1.0042555332183838
2002 -0.3490402400493622 -1.1146554946899414
2003 -0.5657841563224792 -0.6519362926483154
2004 -0.5901978015899658 -0.29815348982810974
2005 -0.615434467792511 -0.2867659628391266
2006 -0.34030434489250183 -1.1189554929733276
2007 -0.6058600544929504 -0.2861110270023346
2008 -0.12893055379390717 -0.8938359618186951
2009 -0.6204025745391846 -0.27104365825653076
2010 -0.6078910827636719 -0.27181240916252136
2011 -0.08577187359333038 -0.9516237378120422
2012 -0.5943308472633362 -0.5932788848876953
2013 -0.11820662766695023 -0.8580406904220581
2014 -0.3774000406265259 -1.0340054035186768
2015 -0.5939738154411316 -0.6220332384109497
2016 -0.1328331083059311 -0.6223435401916504
2017 -0.07455745339393616 -0.941010594367981
2018 -0.09856387972831726 -0.96815025806427
2019 -0.6161578297615051 -0.3002691864967346
2020 -0.608051061630249 -0.2713668644428253
2021 -0.12417647242546082 -0.8804723024368286
2022 -0.5786232948303223 -0.5810666680335999
2023 -0.14701397716999054 -1.0609625577926636
2024 -0.6064974069595337 -0.2916876971721649
2025 -0.11031503230333328 -0.9804521799087524
2026 -0.5598030686378479 -0.5819355249404907
2027 -0.11687533557415009 -0.874273955821991
2028 -0.1311565339565277 -0.924289345741272
2029 -0.1182066947221756 -0.8580420613288879
2030 -0.12827344238758087 -0.7933285236358643
2031 -0.5907939672470093 -0.28699159622192383
2032 -0.5899454355239868 -0.2904336750507355
2033 -0.5890501737594604 -0.2990153431892395
2034 -0.6131861209869385 -0.19091029465198517
2035 -0.12752074003219604 -0.9164820909500122
2036 -0.3196413516998291 -1.1409013271331787
2037 -0.567301332950592 -0.7307389378547668
2038 -0.5898220539093018 -0.2905508875846863
2039 -0.09608139842748642 -0.9757986664772034
2040 -0.2823471128940582 -1.2141568660736084
2041 -0.33247658610343933 -1.141779899597168
2042 -0.5967019200325012 -0.3232589364051819
2043 -0.6157087087631226 -0.2982195019721985
2044 -0.1289297193288803 -0.9271668195724487
2045 -0.47803255915641785 -0.5402992367744446
2046 -0.5382768511772156 -0.7860409617424011
2047 -0.5922316908836365 -0.2749497592449188
2048 1.0676625967025757 -0.053502440452575684
2049 1.0677168369293213 -0.0535559244453907
