2 1.0284523963928223 -1.970470905303955
3 0.24634525179862976 -0.055483974516391754
4 0.24634528160095215 -0.055483993142843246
5 0.24623435735702515 -0.05594758316874504
6 0.24621030688285828 -0.05591985583305359
7 0.24621425569057465 -0.056143417954444885
8 0.2462119162082672 -0.05595000460743904
9 0.24613326787948608 -0.05594610050320625
10 0.24621014297008514 -0.056163810193538666
11 0.24643449485301971 -0.0559493787586689
12 0.2456667572259903 -0.0556986927986145
13 0.24631723761558533 -0.05576062947511673
14 0.24623481929302216 -0.05548419803380966
15 0.24549239873886108 -0.055916059762239456
16 0.2461332529783249 -0.05594751611351967
17 0.24631714820861816 -0.05588590353727341
18 0.24616040289402008 -0.05594928562641144
19 0.24611566960811615 -0.0559181347489357
20 0.24631738662719727 -0.05548730120062828
21 0.24623438715934753 -0.05594790726900101
22 0.24623481929302216 -0.05548420175909996
23 0.24634529650211334 -0.05548400431871414
24 0.24630744755268097 -0.05569899454712868
25 0.24631722271442413 -0.05576074495911598
26 0.2461603581905365 -0.05594971403479576
27 0.2461603879928589 -0.055949416011571884
28 0.24566715955734253 -0.05594933032989502
29 0.24634531140327454 -0.05548400804400444
30 0.24621014297008514 -0.05616377666592598
31 0.24634526669979095 -0.05548398941755295
32 0.24620987474918365 -0.056101519614458084
33 0.2465400993824005 -0.056114718317985535
34 0.24634532630443573 -0.05548396334052086
35 0.24616040289402008 -0.05594944953918457
36 0.24566717445850372 -0.05594919994473457
37 0.24634532630443573 -0.05548402667045593
38 0.24549221992492676 -0.055948879569768906
39 0.24621187150478363 -0.055949997156858444
40 0.2460978776216507 -0.055431488901376724
41 0.24630822241306305 -0.05558105930685997
42 0.24611571431159973 -0.05591627582907677
43 0.24630750715732574 -0.05594921112060547
44 0.24553649127483368 -0.055431392043828964
45 0.24611522257328033 -0.05588523671030998
46 0.6645740866661072 0.3965546190738678
47 0.24634528160095215 -0.055483944714069366
48 0.2461603730916977 -0.055949460715055466
49 0.2454923689365387 -0.05594863370060921
50 0.24621188640594482 -0.05595008283853531
51 0.24541087448596954 -0.0561608150601387
52 0.24616046249866486 -0.055920153856277466
53 0.24621190130710602 -0.05594993382692337
54 0.24611523747444153 -0.055885251611471176
55 0.2461603879928589 -0.05594947934150696
56 0.24611568450927734 -0.05591728910803795
57 0.24634532630443573 -0.05548393726348877
58 0.24621187150478363 -0.05595002323389053
59 0.24621190130710602 -0.055950067937374115
60 0.24634523689746857 -0.05548398941755295
61 0.24621012806892395 -0.056163497269153595
62 0.24616040289402008 -0.05594945326447487
63 0.2454923391342163 -0.055948637425899506
64 0.24630725383758545 -0.05614462122321129
65 0.24621014297008514 -0.05616382881999016
66 0.2456667572259903 -0.05569868162274361
67 0.24623440206050873 -0.05594754219055176
68 0.24654707312583923 -0.05595044419169426
69 0.24611522257328033 -0.05588524788618088
70 0.24621187150478363 -0.05595001205801964
71 0.24549196660518646 -0.05594903230667114
72 0.2461603730916977 -0.055949412286281586
73 0.24621187150478363 -0.05595000088214874
74 0.24631740152835846 -0.05548734962940216
75 0.24634045362472534 -0.05548400431871414
76 0.24633990228176117 -0.055949147790670395
77 0.24621422588825226 -0.05594845488667488
78 0.24621014297008514 -0.055761612951755524
79 0.24654917418956757 -0.05602661892771721
80 0.2461603879928589 -0.05594946816563606
81 0.24631783366203308 -0.05543186888098717
82 0.24634529650211334 -0.05548400059342384
83 0.24646899104118347 -0.055484455078840256
84 0.24630725383758545 -0.056144606322050095
85 0.24634526669979095 -0.05548395216464996
86 0.2461152970790863 -0.05588527396321297
87 0.24621187150478363 -0.05595000460743904
88 0.24643458425998688 -0.05594947189092636
89 0.24549202620983124 -0.05594887584447861
90 -1.3724688291549683 -0.8354445695877075
91 0.1733824610710144 -0.3553866446018219
92 -1.4780550003051758 0.260324090719223
93 0.6383405327796936 -0.4123399257659912
94 0.24549201130867004 -0.0559488944709301
95 0.146908238530159 0.0027573667466640472
96 1.031803846359253 -0.4312863349914551
97 0.5521885752677917 0.04167758300900459
98 0.054684434086084366 0.49821388721466064
99 0.5920364856719971 -0.1021808534860611
100 0.11131095141172409 -1.716168999671936
101 0.47840967774391174 0.41514426469802856
102 0.9638628363609314 -0.031894415616989136
103 -0.2852870523929596 -1.0899198055267334
104 -0.08688697218894958 -0.5682815909385681
105 0.00848611630499363 -0.6632157564163208
106 0.6499679684638977 0.1729300320148468
107 0.8500036597251892 1.0052920579910278
108 0.15206235647201538 0.6337315440177917
109 0.7932743430137634 0.8844346404075623
110 1.287766933441162 1.402294397354126
111 -0.08339190483093262 -0.22707884013652802
112 0.18398800492286682 -0.5271590352058411
113 0.1260221302509308 0.003260805271565914
114 0.49628159403800964 -0.2697967290878296
115 1.912312626838684 -0.05586806684732437
116 0.2656323313713074 -0.927237331867218
117 -0.8910279273986816 1.2650182247161865
118 0.1883164793252945 0.8747590184211731
119 -0.32959070801734924 -1.0008854866027832
120 1.9513654708862305 0.36655762791633606
121 0.5944769382476807 0.19696739315986633
122 0.971767008304596 -0.5276533365249634
123 0.5880715847015381 -0.2657678425312042
124 0.005908808670938015 0.45923155546188354
125 1.1980032920837402 -0.029595188796520233
126 -0.7618417143821716 -1.1799724102020264
127 1.9152129888534546 -0.44270583987236023
128 -0.6006821393966675 -0.26498109102249146
129 0.5607985854148865 0.06973778456449509
130 0.17448829114437103 -0.9193308353424072
131 -0.49936580657958984 0.9852483868598938
132 -0.13257955014705658 0.09601947665214539
133 0.12402305006980896 -1.7895903587341309
134 0.27042609453201294 -0.872778058052063
135 0.410748153924942 -0.33104419708251953
136 -0.19776639342308044 0.7559065222740173
137 0.5949215292930603 0.7697864770889282
138 0.13521718978881836 0.5422344207763672
139 1.1838737726211548 0.046849966049194336
140 0.6660404801368713 -0.41419729590415955
141 -1.1561992168426514 0.8712379336357117
142 0.43754783272743225 -0.5087047815322876
143 2.0289039611816406 -0.6041674613952637
144 -0.17541849613189697 -0.4987011253833771
145 -0.015730392187833786 0.7374328970909119
146 -0.06083541736006737 -0.24175944924354553
147 -0.6086493730545044 -0.36051270365715027
148 1.2157549858093262 -0.9002631902694702
149 -0.5260989665985107 0.6591535210609436
150 0.40728437900543213 0.35053715109825134
151 1.2316977977752686 0.7131601572036743
152 0.17249222099781036 0.026697512716054916
153 0.9099372029304504 -0.6060476303100586
154 1.034142017364502 -0.41337716579437256
155 0.3697270452976227 0.42234525084495544
156 1.3452280759811401 0.5430331826210022
157 -0.6260849237442017 -0.4806334674358368
158 -0.2535174489021301 -0.08154767006635666
159 -1.5099812746047974 0.05392599478363991
160 -0.19481194019317627 1.5247007608413696
161 0.6133666634559631 0.13247732818126678
162 -0.06970705091953278 -0.27754953503608704
163 2.0181329250335693 -0.7134767174720764
164 1.034175157546997 -0.41327065229415894
165 -1.4216045141220093 0.44904741644859314
166 1.3166255950927734 -0.9474709033966064
167 -0.14231809973716736 -0.44368675351142883
168 0.28244057297706604 1.6984477043151855
169 1.058632254600525 -0.39235538244247437
170 0.6142769455909729 1.686360239982605
171 -0.26294517517089844 -1.0296074151992798
172 0.9290286302566528 -0.6492996215820312
173 1.943612813949585 0.15827186405658722
174 -0.35079267621040344 -1.0047545433044434
175 0.15722353756427765 1.6694443225860596
176 -1.3247013092041016 -0.4542214870452881
177 1.9422000646591187 -0.17274874448776245
178 -0.06523752212524414 -0.25987371802330017
179 1.7177355289459229 0.9794604182243347
180 0.46173492074012756 -0.05174168199300766
181 0.18976445496082306 0.026409966871142387
182 0.9724794030189514 -0.5242851376533508
183 0.11439896374940872 1.1153254508972168
184 -0.056340571492910385 -0.5867913365364075
185 0.11852225661277771 0.7035514116287231
186 0.10406415909528732 0.6087925434112549
187 0.5274494886398315 0.41060131788253784
188 0.4968598783016205 -0.26976004242897034
189 -0.27759426832199097 -1.7747008800506592
190 0.399598091840744 -0.5430683493614197
191 0.21268144249916077 -0.8137710690498352
192 0.24549221992492676 -0.05594890937209129
193 -1.4490970373153687 0.4012485146522522
194 0.0033067120239138603 0.4649401903152466
195 -0.15491750836372375 -1.2443821430206299
196 -0.6269882917404175 1.53858482837677
197 1.2340866327285767 1.323418378829956
198 0.6289591789245605 0.40088406205177307
199 -1.1664851903915405 -0.9155791997909546
200 1.593512773513794 1.0869593620300293
201 1.4187523126602173 0.9623948931694031
202 1.2096457481384277 1.0773526430130005
203 -0.9607932567596436 1.1881041526794434
204 -0.07852539420127869 -0.39035576581954956
205 0.552853524684906 0.3541092276573181
206 0.5025501847267151 -0.28036853671073914
207 1.6771879196166992 1.0024350881576538
208 2.003619909286499 -0.6114088892936707
209 1.652097225189209 -0.6753762364387512
210 0.605832040309906 0.2368258833885193
211 -1.162665605545044 0.9673599600791931
212 -0.17464755475521088 -0.8002324104309082
213 -0.5359086990356445 0.6043058633804321
214 -1.4519885778427124 0.34623727202415466
215 1.4864072799682617 1.2453503608703613
216 -1.4972976446151733 -0.3499908149242401
217 -1.4571812152862549 0.46100616455078125
218 -0.23465852439403534 -1.1692289113998413
219 0.5528016686439514 0.057965878397226334
220 -0.06558072566986084 -0.2457723766565323
221 0.1767885386943817 0.6609570384025574
222 -1.0932210683822632 -1.2261019945144653
223 -1.1756948232650757 0.9885855317115784
224 0.19275104999542236 1.1374248266220093
225 0.6721590757369995 1.3226559162139893
226 -1.0218182802200317 1.1662726402282715
227 0.9847165942192078 -0.38563209772109985
228 0.1937098205089569 0.026075413450598717
229 0.15877829492092133 0.018101269379258156
230 -0.5012099146842957 -1.6990994215011597
231 1.5074243545532227 -0.9122191667556763
232 0.801930844783783 1.352668046951294
233 -0.4711945950984955 0.07624299079179764
234 0.20102305710315704 -0.5893242359161377
235 0.15718936920166016 0.6378591060638428
236 1.9508546590805054 0.37138694524765015
237 -0.09779652953147888 1.691675066947937
238 0.11608205735683441 0.7009140849113464
239 1.9501988887786865 0.39325428009033203
240 1.9410117864608765 -0.1757066249847412
241 0.30815353989601135 -0.46721911430358887
242 0.6560591459274292 0.4074237048625946
243 0.26458820700645447 1.693070650100708
244 0.6161156296730042 0.18860995769500732
245 1.9463024139404297 0.1605740487575531
246 0.11950241029262543 0.4713969826698303
247 -0.4794861376285553 0.9404046535491943
248 0.1968051791191101 0.013727926649153233
249 0.4115813970565796 -0.5501476526260376
250 1.2089941501617432 0.11498032510280609
251 0.19468986988067627 0.03382149338722229
252 1.9425204992294312 -0.08946692198514938
253 0.8775472640991211 0.9457589983940125
254 1.9513602256774902 0.3669673204421997
255 0.04636179283261299 -1.292980432510376
256 -0.0822468176484108 -1.3256438970565796
257 -1.0508228540420532 -0.03986627608537674
258 1.1321524381637573 -0.14001326262950897
259 -0.1265145093202591 -0.12015081942081451
260 0.599606454372406 0.22643503546714783
261 0.7324135899543762 -0.4287310540676117
262 0.08176515996456146 -1.2242259979248047
263 0.28428515791893005 -0.9366409778594971
264 -0.11932207643985748 -1.405226707458496
265 -0.2600994408130646 0.794750452041626
266 0.11244915425777435 0.6413775086402893
267 -0.7866784334182739 -1.2127994298934937
268 0.17584805190563202 -0.5256390571594238
269 0.3924892544746399 1.706824541091919
270 0.4318857491016388 -0.5265631675720215
271 0.9655925035476685 -0.5160693526268005
272 0.792386531829834 0.8855398893356323
273 0.7848218083381653 0.8579007387161255
274 -0.2725834548473358 0.2563799023628235
275 0.2846989631652832 -0.9360281825065613
276 -1.5216467380523682 -0.010552735067903996
277 0.12310611456632614 -1.8028912544250488
278 0.6548641324043274 0.3239516615867615
279 -0.25490865111351013 -0.10637914389371872
280 0.5208344459533691 0.7908128499984741
281 -1.415481448173523 -0.7289280295372009
282 1.309171438217163 0.5676716566085815
283 -0.7011573314666748 0.04375294968485832
284 1.6677690744400024 -0.5780260562896729
285 -1.024450421333313 1.155588984489441
286 -0.05541200563311577 -0.51190185546875
287 1.2776826620101929 1.4102271795272827
288 -1.1624841690063477 -0.09058649092912674
289 -1.040686011314392 -1.2788994312286377
290 -0.5399674773216248 0.5438551306724548
291 -0.8997291326522827 0.19866843521595
292 -0.23678480088710785 -1.347931981086731
293 0.1692703366279602 0.6514609456062317
294 0.7240460515022278 0.6308411955833435
295 0.2577171325683594 1.1593252420425415
296 0.4366779923439026 -0.13153116405010223
298 -0.9408495426177979 -1.3589508533477783
299 1.0731066465377808 1.1507487297058105
300 0.1885930448770523 -0.8059924840927124
301 1.4177346229553223 -1.0246217250823975
302 -1.0817734003067017 -1.1058546304702759
303 1.6378740072250366 -0.39722099900245667
304 0.510980486869812 0.040788210928440094
305 1.4563905000686646 1.2681301832199097
306 -1.1622536182403564 -0.1923789530992508
307 1.1749299764633179 -0.02892206236720085
308 -0.2814510762691498 -0.939314067363739
309 -1.1757723093032837 0.9346880912780762
310 0.18871799111366272 0.8287621736526489
311 0.13946665823459625 1.0878658294677734
312 0.689049482345581 0.5162730813026428
313 -0.10306399315595627 0.10100702941417694
314 0.03463922441005707 -1.641900658607483
315 1.279109239578247 0.5328428149223328
316 0.640201985836029 -0.4049924314022064
317 0.11921529471874237 -1.7920994758605957
318 -0.5048046112060547 -0.8857313394546509
319 -0.6881161332130432 0.004620612598955631
320 -0.0730791836977005 -0.27914559841156006
321 -1.180863618850708 0.8098280429840088
322 0.27654924988746643 1.6980772018432617
323 -1.0107334852218628 1.1632286310195923
324 1.370476245880127 0.5085386633872986
325 -0.09649768471717834 -0.2164369374513626
326 -0.24275919795036316 -0.0911792516708374
327 -0.09749084711074829 -0.21758988499641418
328 1.3735421895980835 0.5395346879959106
332 1.9301444292068481 0.552208662033081
333 -0.03785935789346695 1.6759217977523804
334 -0.4444868862628937 0.18803483247756958
335 -0.001381896436214447 1.2911900281906128
336 1.4846466779708862 -0.3809410035610199
337 -0.4677548110485077 0.9319831728935242
338 1.5457537174224854 -0.3565695881843567
339 -0.4610530436038971 -1.7159967422485352
340 -0.24632380902767181 0.8497820496559143
341 -0.5026150345802307 0.9009644985198975
342 0.5208261609077454 0.8096126317977905
343 -0.7057977914810181 0.21722523868083954
344 -0.09304779767990112 0.1690843105316162
345 0.1709013730287552 0.0484076552093029
346 -0.5929057598114014 -0.22932398319244385
347 0.004927588161081076 0.48310887813568115
348 -1.4865392446517944 -0.34645015001296997
349 -0.21324346959590912 0.7183516621589661
350 0.9868451952934265 -0.191396102309227
351 -0.5362599492073059 0.653037428855896
352 0.3019144833087921 -0.4763432443141937
353 -0.6992695331573486 0.36389970779418945
354 -1.3711884021759033 -0.7832775115966797
355 0.15206170082092285 0.6337532997131348
356 0.2813762426376343 -0.9204073548316956
357 1.94525945186615 -0.07230358570814133
358 1.22357177734375 0.1538040190935135
359 1.2934767007827759 0.6241759061813354
360 1.939103603363037 0.16299164295196533
361 0.5506433248519897 0.029962988570332527
362 -0.6471913456916809 0.05826853960752487
363 0.9007514119148254 1.006226658821106
364 -0.1567072570323944 -0.6375556588172913
365 0.07207054644823074 0.7334374189376831
366 0.8000627160072327 -0.5783602595329285
367 0.7929632663726807 0.8857925534248352
371 0.8232696652412415 1.1164889335632324
372 -1.1639163494110107 0.5312414169311523
373 0.631716787815094 0.14914175868034363
374 0.27365389466285706 1.6989820003509521
375 0.5184504389762878 -0.24669882655143738
376 -1.4766274690628052 0.19604265689849854
377 -1.3951401710510254 -0.16040009260177612
378 -0.18255509436130524 -0.7677392363548279
379 0.19050352275371552 0.021005796268582344
380 -0.714654803276062 -0.664413571357727
381 -0.0005777963669970632 1.7065768241882324
382 0.5379819869995117 -0.02596842125058174
383 -1.4823158979415894 0.22031624615192413
384 0.6713835000991821 0.20760756731033325
385 -0.8996472954750061 1.270031452178955
386 -1.1880083084106445 0.753598690032959
387 1.3270230293273926 -0.9997144341468811
388 0.19074313342571259 -0.5313420295715332
389 0.401792049407959 -0.48348644375801086
390 0.3503711223602295 -0.9182944297790527
391 0.12648075819015503 0.8269167542457581
392 0.18519513309001923 0.03449578210711479
393 -0.9535481929779053 0.025337576866149902
394 0.2461603879928589 -0.055949173867702484
395 0.6129342913627625 0.22874994575977325
396 0.4144054651260376 -0.4690861105918884
397 0.7457785606384277 0.4713030755519867
398 0.020677272230386734 0.4547409415245056
399 0.437080979347229 -0.509408175945282
400 -0.682124674320221 0.026155173778533936
401 -0.06446527689695358 -0.25605615973472595
402 -0.10630715638399124 -0.6553334593772888
403 0.07938595116138458 0.4463310241699219
404 -0.5806818604469299 -0.948803722858429
405 0.11982326209545135 -1.8106783628463745
406 0.040483832359313965 0.4632187783718109
407 1.5531598329544067 -1.1991900205612183
408 -0.5778997540473938 0.5528889298439026
409 -0.4460335373878479 1.590553641319275
410 -0.0841400995850563 -1.332703709602356
411 -0.6590901017189026 0.019986700266599655
412 -0.49726593494415283 0.0017246489878743887
413 -1.4883841276168823 -0.4017793536186218
414 -0.5419309735298157 0.5226916074752808
415 0.5467400550842285 0.03628431260585785
416 -1.0794093608856201 -1.2553198337554932
417 -0.6121447086334229 -0.19689105451107025
418 0.15718702971935272 1.0760610103607178
419 -0.06355107575654984 -0.2593836486339569
420 0.1903412938117981 0.019886434078216553
421 0.9479029178619385 1.161781668663025
422 0.1895294487476349 0.037086863070726395
423 0.4128887355327606 -0.5012045502662659
424 0.5365580916404724 -0.06582050770521164
425 -1.1280341148376465 0.4653276801109314
426 -1.1263104677200317 -0.9650683999061584
427 -0.836111843585968 1.3187390565872192
428 -0.26058676838874817 -0.07870814949274063
431 1.2987799644470215 0.6394017934799194
432 -0.9029765129089355 -1.0167510509490967
433 0.2797304093837738 1.1934404373168945
434 1.4509371519088745 -0.883215069770813
435 0.8681096434593201 1.168758749961853
436 1.2640962600708008 0.37531232833862305
437 -0.5059198141098022 0.9086911678314209
439 0.03013385459780693 0.48185795545578003
440 -0.13108111917972565 -1.4090161323547363
441 -0.08644965291023254 -1.2996267080307007
442 -1.1438978910446167 -1.1642982959747314
443 -0.6191803216934204 -0.30060848593711853
444 -0.6025444269180298 -0.3568804860115051
445 1.9513546228408813 0.37244346737861633
446 0.19178155064582825 0.024213023483753204
447 -0.8612361550331116 0.21451041102409363
448 -1.0993446111679077 -1.1824402809143066
449 -0.3091968894004822 -1.766422152519226
452 -0.6054254174232483 -0.36140236258506775
453 -0.7073917388916016 0.37877896428108215
454 0.04945846647024155 1.3056321144104004
455 -0.047348279505968094 -0.424001544713974
456 -1.334681510925293 -0.8386849164962769
457 0.898124098777771 -0.5689699649810791
458 -0.06467234343290329 -0.6007142663002014
459 0.11459772288799286 -0.8921701312065125
460 -1.435348391532898 -0.17443236708641052
461 -0.08282095193862915 0.15238316357135773
462 1.0356777906417847 -0.41284143924713135
463 2.0076732635498047 -0.7260246872901917
464 -0.3282090425491333 1.301025152206421
465 -1.1114696264266968 0.4909193515777588
466 -0.6070927381515503 -0.4261596202850342
467 1.178376317024231 -0.019853785634040833
468 -0.7333377003669739 -0.7513179779052734
469 0.43742531538009644 0.07199510931968689
470 1.9466100931167603 0.025772232562303543
471 0.5939094424247742 0.24606424570083618
472 -1.0086774826049805 -0.977994441986084
473 0.550125002861023 0.0283651240170002
474 0.5929772257804871 0.23416784405708313
475 1.2178680896759033 0.19534802436828613
476 -0.6087974309921265 -0.29518330097198486
477 1.595308780670166 -0.5916191935539246
478 1.8128633499145508 -0.7456851005554199
479 0.9754952192306519 0.0021370691247284412
480 0.17338229715824127 -0.35538697242736816
481 1.8653899431228638 -0.1213383823633194
482 1.295809268951416 0.5047955513000488
483 -0.24480745196342468 0.2881397008895874
484 1.7652908563613892 0.9044802188873291
485 1.2461066246032715 1.4324733018875122
486 1.2173247337341309 0.12108501046895981
487 0.260555624961853 0.9182636141777039
488 -0.6055629253387451 -0.28937748074531555
489 -0.16232362389564514 -0.30010655522346497
490 1.6184455156326294 -0.686220645904541
491 0.7429890632629395 0.49422988295555115
492 -0.08606979995965958 0.16890612244606018
493 1.4880545139312744 -0.9903849363327026
494 -1.0650451183319092 1.0631639957427979
495 0.9506922364234924 -0.36450278759002686
496 1.605027198791504 1.0703716278076172
497 0.5730565190315247 0.1997033953666687
498 1.2191396951675415 0.19624397158622742
499 -0.6008564233779907 -0.3017159104347229
500 0.43926799297332764 -0.5115638375282288
501 -0.6981901526451111 0.3620895445346832
502 -0.08001292496919632 -0.346958726644516
503 -0.170394629240036 -1.255667805671692
504 -1.5094205141067505 -0.4391160309314728
505 -0.09597042948007584 -0.6609498858451843
506 0.1246839091181755 -1.8037641048431396
507 -0.6150766015052795 -0.380935937166214
508 -0.5811465978622437 -0.2221032977104187
509 -0.43719661235809326 1.6081150770187378
510 0.66136634349823 0.4040680527687073
511 0.005039968993514776 0.4603204131126404
512 -0.6264210343360901 -0.514892578125
513 -0.09121838212013245 0.16671320796012878
514 0.7939994931221008 0.8489832878112793
515 0.4019036293029785 -0.5272786021232605
516 0.9382466077804565 1.6143584251403809
517 -0.2509019374847412 0.8277637958526611
518 0.18412098288536072 0.6469053030014038
519 1.2921804189682007 0.6208986043930054
520 -1.0780820846557617 -1.2510336637496948
521 0.19942118227481842 -0.5842195749282837
522 0.3468627631664276 -0.46891769766807556
523 1.3629816770553589 0.540579617023468
524 -0.2775825262069702 -1.7747048139572144
525 1.3794044256210327 -0.9830285906791687
526 0.17066508531570435 0.04786651208996773
527 0.5230749249458313 -0.12609973549842834
528 0.5599656701087952 -0.21734152734279633
529 -1.1718088388442993 0.6763132214546204
530 -0.10714175552129745 -0.183699369430542
531 1.3100769519805908 -0.07244077324867249
532 0.378825306892395 -0.4691871106624603
533 -0.5334682464599609 -1.725922703742981
534 1.0353662967681885 -0.40991225838661194
535 0.5809492468833923 0.25119632482528687
536 -1.4733960628509521 -0.16133221983909607
537 1.1257656812667847 -0.1962508261203766
538 -0.26018068194389343 -0.07770473510026932
539 -0.005629653111100197 0.687971830368042
540 -0.8857131004333496 0.22903116047382355
541 -0.09196754544973373 0.17023438215255737
542 0.4425235986709595 -0.08686057478189468
543 0.18568140268325806 -0.8186620473861694
544 0.5618221163749695 0.05314144492149353
545 -0.8380538821220398 0.23269636929035187
546 -0.0007111532613635063 0.4589642584323883
547 -0.20691873133182526 1.458669900894165
548 -0.09944508969783783 0.33524656295776367
549 0.23580709099769592 1.2642384767532349
550 0.3828078806400299 -0.10170228034257889
551 -0.002687391359359026 1.7060352563858032
552 -1.0319747924804688 1.1512430906295776
553 -0.9703689217567444 0.12621989846229553
554 -1.4493408203125 0.4017496109008789
555 -0.6943045854568481 0.12240229547023773
556 0.6967499256134033 -0.4205797016620636
557 -1.4871292114257812 -0.3551194667816162
558 -0.7572838664054871 -0.6570879817008972
559 0.7256314754486084 0.588611900806427
560 0.5583827495574951 0.33694905042648315
561 -0.6524070501327515 0.1072310283780098
562 0.39741140604019165 -0.4708980619907379
563 -0.3212224245071411 1.2994364500045776
564 -1.2175120115280151 0.8039974570274353
565 0.5971087217330933 1.6908401250839233
566 1.019899845123291 -0.4010411202907562
567 0.025448087602853775 -1.557590365409851
570 -0.5373975038528442 0.6301107406616211
571 1.2049425840377808 0.06782699376344681
572 0.1708792895078659 1.3308409452438354
573 -0.013946589082479477 1.3407658338546753
574 -0.7251634001731873 -0.6697806119918823
577 0.9612762331962585 1.078437328338623
578 0.0011053169146180153 -1.8436769247055054
579 1.1792434453964233 -0.0202067568898201
580 0.21810577809810638 -0.5127984881401062
581 -0.07225324958562851 -0.2822122871875763
582 -0.01772383786737919 0.12909679114818573
583 -0.34445324540138245 -0.9250007271766663
584 -0.7253894209861755 -0.23416782915592194
585 1.3250092267990112 -1.0058903694152832
586 1.3600349426269531 0.5446649789810181
587 -1.4479159116744995 -0.31687164306640625
588 0.5501775741577148 0.43072760105133057
589 0.0940568670630455 -1.0303057432174683
592 0.42665985226631165 -0.2829729914665222
593 -0.017458394169807434 0.13070735335350037
594 0.40225380659103394 -0.4756966829299927
595 -0.7424225807189941 -0.7918608784675598
596 0.7198273539543152 0.6560774445533752
597 1.0521823167800903 -0.07754512876272202
598 -1.0810930728912354 -1.185649037361145
599 1.8951444625854492 0.6817395687103271
600 0.4468422532081604 -0.18175256252288818
601 0.061962153762578964 -1.5213353633880615
602 -0.07168003916740417 1.7264008522033691
603 1.0560741424560547 -0.3986078202724457
604 1.948136806488037 -0.06669244915246964
607 0.7920432090759277 0.8864225149154663
608 0.47988608479499817 0.818080723285675
609 -0.08606532961130142 0.27545806765556335
610 0.5955592393875122 0.21481838822364807
611 -0.7953370809555054 -1.5573104619979858
612 -0.09140001982450485 0.26403123140335083
613 0.32734885811805725 -0.5345490574836731
614 -0.4806603193283081 -1.4032078981399536
615 1.9155727624893188 0.5890183448791504
616 1.6523232460021973 1.0449459552764893
617 -0.015379700809717178 0.1382497251033783
618 0.7361242175102234 0.5327220559120178
619 -0.45137155055999756 1.237066626548767
620 0.26200759410858154 -0.9366964101791382
621 -1.2112352848052979 0.4549884796142578
622 0.4318760633468628 -0.5266445875167847
623 -1.038959264755249 -1.2764314413070679
624 0.06371807307004929 1.1864020824432373
625 -0.6072555780410767 -0.4261425733566284
626 0.41132214665412903 -0.5042579770088196
627 1.3723763227462769 0.5098092555999756
628 1.3527019023895264 0.5351322889328003
629 0.89605712890625 -0.6142926216125488
630 -0.21270453929901123 1.4732991456985474
631 1.9492590427398682 0.43302974104881287
632 0.4537886381149292 -0.06289613991975784
633 -1.0783179998397827 1.112911343574524
634 -0.0564960353076458 -0.6121516227722168
635 0.7924614548683167 1.2629207372665405
636 0.14473113417625427 -1.7439582347869873
637 -0.8596259355545044 -1.4574625492095947
638 -1.061273217201233 1.0641889572143555
639 0.12640896439552307 -0.007539166137576103
640 0.2751865088939667 -0.9265419244766235
641 -0.9026460647583008 -1.394551157951355
642 -0.545625627040863 0.48545849323272705
643 1.9493192434310913 -0.20583370327949524
644 -1.509608268737793 -0.4140281081199646
645 1.9414318799972534 -0.08918782323598862
646 -0.09755045175552368 -0.21792913973331451
647 -0.08878546208143234 0.19646483659744263
648 0.4768240749835968 1.6891005039215088
649 -0.6091224551200867 -1.6175593137741089
650 -0.885380208492279 -1.027605414390564
651 -0.9087269306182861 -1.146202564239502
652 0.022320270538330078 0.42961278557777405
653 0.8252594470977783 1.6357340812683105
654 0.28721168637275696 -0.9352257251739502
657 -0.5729366540908813 -0.2719399333000183
658 1.9332138299942017 0.5539546012878418
659 0.6001340746879578 0.22482174634933472
660 0.5533450841903687 0.06018649786710739
662 -0.6057100892066956 -1.6896235942840576
666 -1.2420291900634766 -0.5750299096107483
667 -0.6573714017868042 -0.7775611877441406
668 -0.3863665461540222 0.17280729115009308
669 1.7574559450149536 -0.5621150732040405
670 0.5320851802825928 0.8111721277236938
671 -1.294291615486145 0.4972652196884155
672 0.20017796754837036 -0.5825304388999939
673 -0.38202083110809326 -1.746407151222229
674 -1.53534996509552 -0.09817466884851456
675 -1.190142035484314 0.9082268476486206
676 0.5427613854408264 0.37495681643486023
677 -0.09306906908750534 0.16905321180820465
678 1.2189743518829346 0.2009597271680832
679 1.2047698497772217 0.09688750654459
680 -0.10732191801071167 -0.6722849607467651
681 1.031480073928833 -0.08911596983671188
684 0.7343221306800842 -0.5006833076477051
685 -0.07237271964550018 -0.5943090915679932
686 -1.4639078378677368 0.29177582263946533
687 1.0415866374969482 -0.3949715197086334
688 0.45286184549331665 -0.08158128708600998
689 0.5844959616661072 0.25139692425727844
690 -1.3678890466690063 -0.15735508501529694
691 1.9416996240615845 0.17597921192646027
692 0.5337429046630859 0.3727181851863861
693 0.4007050693035126 -0.5289562940597534
694 -0.5010811686515808 0.9827595353126526
695 -1.4512473344802856 0.5055539608001709
696 -0.8416677713394165 -0.5714243650436401
697 0.4263843894004822 -0.531417191028595
698 -1.4766477346420288 0.25574183464050293
699 -0.0943911075592041 -0.6714059114456177
700 -0.3302280008792877 1.3506824970245361
701 -1.3351398706436157 -0.8091851472854614
702 1.1313456296920776 1.115127444267273
703 0.2725992798805237 1.6973235607147217
704 -0.692905604839325 0.06343068927526474
705 -0.5671442747116089 0.6335204243659973
706 -0.4533045291900635 1.2964547872543335
928 1.3083597421646118 0.5038182735443115
929 -0.2099795937538147 -0.7759156227111816
930 0.723235011100769 0.6368163228034973
931 0.2041534185409546 -0.5767644643783569
932 -0.5445308089256287 0.6877396106719971
933 -0.09198469668626785 0.16574916243553162
934 0.6438330411911011 -0.2574355900287628
935 0.7450518012046814 0.4819994866847992
936 0.8757879137992859 -0.5597058534622192
937 1.8822280168533325 -0.147858127951622
938 0.5501713156700134 0.43072789907455444
939 -1.1859173774719238 -0.13317210972309113
940 1.60811185836792 -0.9825266003608704
941 0.4488958716392517 -0.037740737199783325
942 0.1166338175535202 1.1394031047821045
943 0.561183512210846 0.09941252321004868
944 0.4617360830307007 -0.05174107104539871
945 0.7878152132034302 1.6393498182296753
946 0.5816527605056763 0.2441217005252838
947 -0.8675440549850464 -1.436763048171997
948 -0.5671418309211731 0.1667795181274414
949 0.5288808941841125 -0.06752872467041016
950 1.5170694589614868 1.213025450706482
951 0.39756497740745544 -0.47671329975128174
952 0.1918172687292099 0.02471522055566311
953 -0.647324800491333 -1.244139313697815
954 -0.24879130721092224 0.848851203918457
955 -0.8209643959999084 -0.6109700798988342
956 -0.09304690361022949 0.16908569633960724
957 -1.0111596584320068 -1.3062429428100586
958 1.3882250785827637 -1.0251708030700684
959 0.40205255150794983 -0.5329321026802063
960 1.4910573959350586 -1.085585355758667
961 0.5150323510169983 -0.6928074359893799
962 -0.09687259793281555 -0.20988070964813232
963 -0.30829882621765137 -1.3654013872146606
964 -0.6108118295669556 -0.4262700080871582
965 0.5918687582015991 0.12815327942371368
966 0.4023415148258209 -0.5584152936935425
967 -0.5415117144584656 0.8974557518959045
968 0.7198173403739929 0.6560827493667603
969 -0.5828441381454468 0.5619772672653198
970 -0.06112468242645264 -0.2457571178674698
971 -0.2116267830133438 -0.6881505250930786
972 1.9359468221664429 -0.0758940652012825
973 -1.0176631212234497 -1.3241227865219116
974 -0.21381795406341553 -0.16964073479175568
975 -0.8483055233955383 0.18908387422561646
976 -0.6295039653778076 -1.6478486061096191
977 0.9007248282432556 1.2123812437057495
978 -1.202536940574646 0.8747977018356323
979 -1.4539343118667603 -0.3283593952655792
980 1.1855849027633667 0.02943180501461029
981 -0.05615101382136345 -0.6062670946121216
982 -0.9627917408943176 1.2314707040786743
983 -0.07497697323560715 0.17273570597171783
984 -1.1537001132965088 0.5903137922286987
985 1.5859849452972412 -0.9889300465583801
986 1.9459469318389893 0.3100714087486267
987 0.3709249496459961 1.3485872745513916
988 -0.002985407831147313 0.39490336179733276
989 0.1450338214635849 0.006668844725936651
990 -0.09145277738571167 0.16641534864902496
991 -0.5042616128921509 0.9101862907409668
992 0.6456523537635803 -0.38069042563438416
993 0.5023822784423828 -0.17735552787780762
994 -0.09015706181526184 0.1686524897813797
995 0.732202410697937 0.627709150314331
996 1.9190163612365723 0.5794051885604858
997 -0.49525466561317444 0.9522667527198792
998 0.5453510284423828 0.270398885011673
999 -0.7773019075393677 -1.2431777715682983
1000 1.9526793956756592 -0.263897180557251
1001 1.3939087390899658 -0.36488816142082214
1002 -0.6143953204154968 -0.26121342182159424
1003 0.5643360614776611 0.7492997646331787
1004 0.0650801882147789 0.7327608466148376
1005 -0.20273399353027344 -0.7534455060958862
1006 1.953072190284729 0.33824750781059265
1007 -0.6014780402183533 -0.23160392045974731
1008 -0.49389657378196716 1.5568652153015137
1009 1.8062360286712646 -0.12121154367923737
1010 2.0020644664764404 -0.6000413298606873
1011 -0.2510043680667877 -0.8694155216217041
1012 0.20401321351528168 -0.5810266733169556
1013 -0.05199263244867325 -0.5071502327919006
1014 1.2461037635803223 0.6975958347320557
1015 0.16402678191661835 0.02427837625145912
1016 -1.1447426080703735 -0.9756184816360474
1017 1.5258560180664062 -0.7018036842346191
1018 -1.503024935722351 -0.4275057911872864
1019 1.6415945291519165 -0.7447977066040039
1020 1.5678677558898926 -1.1733616590499878
1021 -0.24706944823265076 -1.0471209287643433
1022 0.0019013804849237204 0.4434010982513428
1023 -0.49921879172325134 -1.4317662715911865
1024 0.18900489807128906 -0.026783078908920288
1025 0.7349101901054382 0.5816846489906311
1026 0.24621185660362244 -0.05595008283853531
1027 -0.12333831191062927 -1.4266659021377563
1028 -0.04772135987877846 0.1384611874818802
1029 0.43049755692481995 -0.17108593881130219
1030 -0.09767279773950577 0.16710372269153595
1031 0.895738422870636 -0.6079831123352051
1032 0.4959867298603058 0.07134274393320084
1033 1.874794840812683 -0.7525954246520996
1034 0.9450207352638245 1.6124261617660522
1035 -0.9427250623703003 1.2635892629623413
1036 1.5424981117248535 1.1827362775802612
1037 0.2896082401275635 -0.9316717982292175
1038 -0.46778619289398193 0.9319509863853455
1039 -0.6397146582603455 1.5075281858444214
1040 1.5659891366958618 1.1513952016830444
1041 -1.08271324634552 -1.1986538171768188
1042 1.0961134433746338 -0.18021422624588013
1043 0.5915941596031189 0.0655883252620697
1044 0.4525931775569916 0.3867179751396179
1045 -0.5031552910804749 0.6732513904571533
1046 0.15986976027488708 -0.45056745409965515
1047 0.37045997381210327 -0.46889033913612366
1048 1.2065742015838623 0.10722830146551132
1049 -1.473190188407898 0.26650193333625793
1050 0.587501585483551 -0.26727691292762756
1051 -1.2032657861709595 0.8982993960380554
1052 1.3269360065460205 -0.36577343940734863
1053 -0.545210063457489 0.5850561261177063
1054 0.4569971263408661 0.7948615550994873
1055 1.3195433616638184 -0.2755812108516693
1056 -0.33554625511169434 1.3553907871246338
1057 0.8811002969741821 -0.5554338097572327
1058 -1.4773086309432983 0.26216697692871094
1059 -0.8876264095306396 -1.3889875411987305
1060 0.398661345243454 -0.47587069869041443
1061 0.5036157965660095 0.7798587679862976
1062 0.008832099847495556 0.4378906488418579
1063 -0.00405573844909668 0.4777219295501709
1064 0.5424038171768188 0.8225129246711731
1065 -0.08225162327289581 -0.2968688905239105
1066 -1.0746439695358276 1.0653929710388184
1067 0.5190216898918152 -0.22909627854824066
1068 -1.1153335571289062 0.4663507044315338
1069 -0.49143722653388977 0.9283720850944519
1070 1.904834508895874 -0.15605570375919342
1071 -0.6190511584281921 -0.4996728301048279
1072 1.4974825382232666 -0.37951818108558655
1073 0.9664273262023926 0.11310110241174698
1074 -0.09694196283817291 -0.18565358221530914
1075 1.9493740797042847 0.3875923454761505
1076 0.38043901324272156 1.7107791900634766
1077 0.16994647681713104 1.697312355041504
1078 -0.6820205450057983 0.4042382836341858
1079 0.5518665313720703 0.35159236192703247
1080 0.7189813256263733 0.6608096957206726
1081 -0.4440346658229828 1.5899544954299927
1082 -0.4247415363788605 -1.7208431959152222
1083 0.06104132533073425 -1.663459300994873
1084 0.5875142812728882 -0.27206844091415405
1085 0.28899866342544556 -0.9313878417015076
1086 -0.1423119455575943 -0.4436818063259125
1087 1.954426884651184 -0.00756978802382946
1088 1.6877142190933228 -0.7302600741386414
1089 0.5959329605102539 0.19706667959690094
1090 0.19034555554389954 0.01987634040415287
1091 -0.5719848275184631 -1.6350531578063965
1092 -0.9279526472091675 1.2854130268096924
1093 0.6957892775535583 -0.4171488881111145
1094 0.5970813632011414 -0.23725807666778564
1095 0.4003704786300659 -0.08949999511241913
1096 0.5018861293792725 0.4171270728111267
1097 0.17034465074539185 0.010028565302491188
1098 1.7902268171310425 0.8923843502998352
1099 0.176057368516922 1.0805355310440063
1100 0.5493382215499878 0.2706458270549774
1101 0.6483820080757141 -0.3469233810901642
1102 -0.06182367354631424 -0.24413985013961792
1103 1.0277830362319946 -0.3819577693939209
1104 -0.7655152082443237 -0.8130744099617004
1105 -0.738673985004425 -1.583543062210083
1106 1.5497043132781982 -1.1903035640716553
1107 1.7693408727645874 -0.7394312024116516
1108 0.5482265949249268 0.021908758208155632
1109 0.5506670475006104 0.029975567013025284
1110 -0.0919649600982666 0.1702442467212677
1111 0.43984755873680115 -0.4965364336967468
1112 1.4237213134765625 1.3136078119277954
1113 0.5634198188781738 0.322653591632843
1114 0.5503602623939514 0.33624449372291565
1115 -0.5944907069206238 1.538950800895691
1116 0.37151387333869934 0.42635253071784973
1117 0.4370267987251282 -0.5099467039108276
1118 0.7513301968574524 -0.5232446193695068
1119 0.6116756200790405 0.14121113717556
1120 -0.6517156362533569 -0.30076712369918823
1121 -0.5211349725723267 0.6557514667510986
1122 0.18371310830116272 0.01604636199772358
1123 0.2885591983795166 -0.9350923895835876
1124 0.9895190000534058 -0.37607529759407043
1125 -1.4368802309036255 -0.6845142245292664
1126 -0.5756968855857849 0.511208713054657
1127 0.7913638353347778 1.0656702518463135
1128 -0.17442874610424042 -0.696067750453949
1129 -0.07288048416376114 -0.28205645084381104
1130 -1.101485252380371 0.02546180784702301
1131 0.12912091612815857 -1.7535152435302734
1132 -1.134974718093872 -1.1723512411117554
1133 1.9013268947601318 0.6503627896308899
1134 -0.09304279834032059 0.16909672319889069
1135 0.16382478177547455 -0.010397553443908691
1136 1.948852300643921 -0.005654564127326012
1137 -0.07523393630981445 -0.3057979345321655
1138 0.7708897590637207 1.267626166343689
1139 0.13720329105854034 -1.760875940322876
1140 -0.0913434624671936 -0.21463389694690704
1141 -0.6966120600700378 0.3804522752761841
1142 0.5201371908187866 -0.12899230420589447
1143 0.75710129737854 -0.49363765120506287
1144 -0.0810982808470726 1.6908130645751953
1145 -1.4567127227783203 0.46237072348594666
1146 -0.7742083668708801 -0.7513625025749207
1147 0.13289545476436615 1.326735496520996
1148 -0.4257068932056427 1.6061742305755615
1149 -1.4188528060913086 -0.4889662265777588
1150 0.4020213186740875 1.7020721435546875
1151 0.04529999569058418 -1.4778634309768677
1152 0.1735013872385025 0.025498192757368088
1153 -1.3426015377044678 -0.5588130354881287
1154 -0.6719430088996887 -0.605432391166687
1155 -0.2528243660926819 -1.0150394439697266
1156 -0.04962804913520813 0.1388547420501709
1157 1.3153417110443115 0.7229283452033997
1158 -0.6147013902664185 -0.46730634570121765
1159 0.19046838581562042 0.021148841828107834
1160 0.5503644347190857 0.031160574406385422
1161 -0.30964672565460205 1.6505554914474487
1162 0.15855546295642853 0.025785163044929504
1163 -0.6224250793457031 1.5466740131378174
1164 -1.4670034646987915 0.28919655084609985
1165 -0.18479928374290466 -0.7752742171287537
1166 -0.210226908326149 -0.7651587724685669
1167 0.19219256937503815 0.02396158128976822
1168 -0.7182781100273132 0.3799884021282196
1169 0.07471349835395813 0.7442371845245361
1170 0.6094043254852295 0.22673101723194122
1171 -0.7122735381126404 -0.8561031818389893
1172 0.40149247646331787 1.6973432302474976
1173 1.91190505027771 -0.056002043187618256
1174 -0.28360068798065186 0.2970598042011261
1175 0.01936240866780281 0.4546625316143036
1176 -0.09627655893564224 -0.21693041920661926
1177 0.1593102663755417 0.6274634599685669
1178 -0.10570559650659561 0.09999164938926697
1179 1.3047940731048584 1.3963295221328735
1180 0.5782621502876282 -0.2593168318271637
1181 0.020452341064810753 0.4555200934410095
1182 0.6273502111434937 -0.3244888186454773
1183 0.616333544254303 0.2280026227235794
1184 0.19033797085285187 0.019980650395154953
1185 0.1807909607887268 0.0176899041980505
1186 0.5782474279403687 0.4035474359989166
1187 0.5606655478477478 0.10029560327529907
1188 0.48239049315452576 -0.2525499165058136
1189 -0.5756245255470276 -0.207675501704216
1190 0.5623670816421509 1.6880779266357422
1191 1.4390459060668945 -1.0254287719726562
1192 1.775471568107605 0.41426193714141846
1193 0.8222569823265076 1.0785492658615112
1194 -0.4879409968852997 -1.6887781620025635
1195 -0.0652979165315628 -0.2623773515224457
1196 1.1579246520996094 -0.06879047304391861
1197 0.025962676852941513 1.713884949684143
1198 1.6960822343826294 -0.2382948100566864
1199 -0.27116942405700684 -0.9372522830963135
1200 -0.698982834815979 -0.604910671710968
1201 1.8015230894088745 -1.036642074584961
1202 1.3858051300048828 -0.9975888729095459
1203 -1.4102754592895508 0.4595243036746979
1204 0.48537635803222656 0.8201664686203003
1205 -0.02205638773739338 0.6542198657989502
1206 -0.2664439380168915 -0.951407790184021
1207 -0.09196484833955765 0.24890375137329102
1208 0.27813389897346497 1.698230266571045
1209 -1.2303160429000854 0.8278343677520752
1210 -1.3132414817810059 0.47830429673194885
1211 0.4638753831386566 -0.05261637642979622
1212 1.4800270795822144 -1.0758202075958252
1213 -0.6513699293136597 0.062234994024038315
1214 1.7802281379699707 -0.4176310896873474
1215 0.6643159985542297 0.39946308732032776
1216 -1.3069875240325928 -0.8574877381324768
1217 0.4110177755355835 -0.5224082469940186
1218 0.030885957181453705 1.3349900245666504
1219 -0.2741796672344208 0.33128100633621216
1220 0.5211971998214722 -0.12450498342514038
1221 0.9302039742469788 0.06049460917711258
1222 1.5935554504394531 -1.1652499437332153
1223 0.1605781465768814 0.029783934354782104
1224 -0.07189343869686127 0.11431938409805298
1225 -0.07017010450363159 -0.2822907567024231
1226 -0.6069405674934387 -0.36084699630737305
1227 1.5107312202453613 -1.1306962966918945
1228 -1.341932773590088 -0.4831806719303131
1229 -1.1186189651489258 -1.1979825496673584
1230 1.315037727355957 -0.20155128836631775
1231 0.4117140471935272 -0.5014503002166748
1232 0.17536869645118713 1.3343085050582886
1233 -0.45491912961006165 1.205424427986145
1234 1.9510804414749146 0.32053232192993164
1235 0.5499946475028992 1.6957590579986572
1236 -1.5226505994796753 -0.006124922540038824
1237 0.861834704875946 -0.5404477119445801
1238 -0.6567790508270264 -0.06061672419309616
1239 0.7198163866996765 0.6560858488082886
1240 0.5900255441665649 0.061951156705617905
1241 -0.6353423595428467 1.513992428779602
1242 -1.4793171882629395 -0.319928377866745
1243 0.6163451671600342 1.6585851907730103
1244 1.2237459421157837 0.15749740600585938
1245 -0.703705906867981 0.3355729579925537
1246 1.243635892868042 1.112758755683899
1247 1.8689695596694946 -0.12878473103046417
1248 1.0140939950942993 -0.42766377329826355
1249 0.9591784477233887 1.6040757894515991
1250 0.2812153697013855 -0.920571506023407
1251 0.5616671442985535 0.36726537346839905
1252 -0.5166720747947693 0.027192996814846992
1253 -0.513694167137146 0.04705668240785599
1254 -0.13155417144298553 -1.3650082349777222
1255 -1.4123849868774414 -0.15716351568698883
1256 -0.6043195724487305 -0.3318706154823303
1257 -0.3135431706905365 1.1335068941116333
1258 -0.017460856586694717 0.13090762495994568
1259 -1.3134984970092773 0.4778839945793152
1260 0.17314304411411285 0.0330495722591877
1261 -0.6647775769233704 -0.5997087955474854
1262 1.9468904733657837 0.01439451240003109
1263 -0.639159619808197 0.05986960604786873
1264 0.04936448857188225 -1.4839810132980347
1265 -1.2189438343048096 0.8618454933166504
1266 -0.5180322527885437 -1.6703211069107056
1267 0.9233152270317078 -0.5572800636291504
1268 0.35420963168144226 -0.4940180778503418
1269 1.3071393966674805 1.3834120035171509
1270 0.6267912983894348 0.17125257849693298
1271 1.2100423574447632 0.08478300273418427
1272 0.11449184268712997 0.004595012404024601
1273 1.020660400390625 -0.40094929933547974
1274 -0.6068966388702393 -0.3124675750732422
1275 -0.07441705465316772 -0.5671955347061157
1276 0.39874789118766785 0.7913712859153748
1277 -0.6726178526878357 -0.3345744013786316
1278 0.19944843649864197 -0.5841363668441772
1279 -0.06311646848917007 1.0032451152801514
1280 0.1102742999792099 0.5150720477104187
1281 0.1700255274772644 -0.36162006855010986
1282 -0.8746599555015564 1.2766362428665161
1283 0.5863040089607239 0.2294057458639145
1284 -0.06353337317705154 -0.2577745318412781
1285 -1.2107746601104736 0.8689837455749512
1286 -0.09268064051866531 0.16897572576999664
1287 -1.217914342880249 0.7753317952156067
1288 1.2618751525878906 0.3975876569747925
1289 -0.9034721851348877 1.2358064651489258
1290 -1.4010976552963257 -0.7571840882301331
1291 -0.13524556159973145 0.09031148999929428
1292 0.09954968839883804 1.3607091903686523
1293 0.18836794793605804 0.8257688283920288
1294 -0.7115683555603027 0.40757760405540466
1295 -0.2705990672111511 -1.7924754619598389
1296 1.6940149068832397 -0.6324236989021301
1297 1.9383662939071655 0.512000322341919
1298 -0.47949349880218506 0.6030521392822266
1299 -0.09921079128980637 0.3354605436325073
1300 1.4531902074813843 1.0051510334014893
1301 0.04440993070602417 -1.4607309103012085
1302 -0.16125401854515076 -0.6826092600822449
1303 -0.06110834702849388 -0.7615777850151062
1304 0.917689859867096 -0.5605518817901611
1305 0.18520939350128174 0.7365149259567261
1306 0.4546900987625122 -0.3190465569496155
1307 1.2303236722946167 1.451796293258667
1308 0.14143294095993042 0.6342571973800659
1309 -1.5057413578033447 0.06013045459985733
1310 1.543264627456665 -1.202069640159607
1311 -0.06187319755554199 -0.24512416124343872
1312 0.7126244306564331 -0.4187520146369934
1313 1.3094730377197266 0.06600028276443481
1314 0.9668521285057068 -0.013280171900987625
1315 0.5620071291923523 0.1575293093919754
1316 -0.660591185092926 0.13277344405651093
1317 1.5635422468185425 -0.533949613571167
1318 -0.1801072508096695 0.39848244190216064
1319 0.6981914043426514 -0.4885295629501343
1320 0.5592519044876099 0.09862610697746277
1321 -0.060848210006952286 -0.24169151484966278
1322 1.4690643548965454 -0.6608631014823914
1323 1.789769172668457 -0.37532323598861694
1324 -1.4599255323410034 0.46112343668937683
1325 -0.24317488074302673 0.8716874122619629
1326 1.941930890083313 -0.451915979385376
1327 1.2178953886032104 0.1929900348186493
1328 1.2184714078903198 0.14674122631549835
1329 -0.09710027277469635 -0.21726536750793457
1330 -0.24234655499458313 -1.1082690954208374
1331 1.0006648302078247 1.6049038171768188
1332 -0.7013818621635437 0.40244588255882263
1333 -0.7057455778121948 -1.6331071853637695
1334 0.21642516553401947 0.03695075586438179
1335 1.5458358526229858 -0.39858099818229675
1336 0.41436463594436646 -0.521984338760376
1337 0.17456664144992828 0.015659594908356667
1338 -1.1600406169891357 0.8732864260673523
1339 -0.07823989540338516 0.12509317696094513
1340 -0.23370501399040222 0.7941140532493591
1341 0.5239595770835876 -0.021652951836586
1342 0.538297176361084 -0.020128125324845314
1343 1.267467737197876 0.37309905886650085
1344 1.2197340726852417 0.19872695207595825
1345 0.7997502088546753 0.9396867752075195
1346 -0.001888602739199996 0.6729216575622559
1347 -0.09270299226045609 0.1689111292362213
1348 -0.4996488392353058 1.0587238073349
1349 0.36555391550064087 1.3533000946044922
1350 0.18499155342578888 0.6315590739250183
1351 1.7835088968276978 -0.4621868133544922
1352 -0.04074551537632942 1.7372995615005493
1353 0.7331893444061279 0.6290661096572876
1354 -0.6187885403633118 -0.4860526919364929
1355 0.0360548198223114 -1.6023820638656616
1356 1.6844435930252075 -0.9815777540206909
1357 0.3321068584918976 -0.9277966618537903
1358 -1.4178093671798706 -0.6976425051689148
1359 -1.1522891521453857 -0.9719621539115906
1360 1.7972978353500366 -0.6609398126602173
1361 -1.1101592779159546 -0.09173420071601868
1362 -0.0495152585208416 0.15230290591716766
1363 1.197121024131775 0.057592637836933136
1364 1.921347975730896 -0.006916769314557314
1365 1.9504528045654297 -0.05053403601050377
1366 -0.6326960325241089 -0.34478560090065
1367 0.9737768173217773 1.6010624170303345
1368 0.8178188800811768 1.0100442171096802
1369 0.6576766967773438 0.4083966016769409
1370 -0.8856005668640137 1.2719489336013794
1371 -0.09093891084194183 0.16697503626346588
1372 -0.1903853565454483 -0.6706828474998474
1373 -0.3400344252586365 1.12437105178833
1374 1.3335886001586914 0.8591248989105225
1375 0.4630681574344635 1.3656654357910156
1376 -0.007391850929707289 0.6716898083686829
1377 1.1880476474761963 -0.16288717091083527
1378 0.5997194051742554 0.22646011412143707
1379 0.1995014250278473 -0.5465039014816284
1380 -0.07685079425573349 -0.27789488434791565
1381 -1.2124176025390625 0.8608825206756592
1382 -0.6310563087463379 -0.5194668769836426
1383 -0.4544770121574402 -1.0009007453918457
1384 -0.6224597096443176 -0.5318658947944641
1385 -0.012838538736104965 0.6588187217712402
1386 -1.4564803838729858 0.19311562180519104
1387 0.15109923481941223 1.360168695449829
1388 1.9187030792236328 0.5774243474006653
1389 -0.32697275280952454 -1.098829746246338
1390 -0.4496977627277374 1.5945571660995483
1391 0.6921873092651367 -0.4318636655807495
1392 -0.07071642577648163 -0.27267736196517944
1393 0.4109496474266052 -0.5179265737533569
1394 0.17029564082622528 0.7140688896179199
1395 0.7190592885017395 0.5708545446395874
1396 0.7930921316146851 0.8856918215751648
1397 1.0510437488555908 1.1692372560501099
1398 0.9796923398971558 -0.5091331005096436
1399 1.0562492609024048 1.5869760513305664
1400 -0.1980859339237213 -0.7902742624282837
1401 0.1985926330089569 -0.7897148728370667
1402 -0.3219475746154785 -1.111771583557129
1403 0.723120391368866 0.6210644841194153
1404 -0.9621843695640564 1.1971951723098755
1405 1.9029098749160767 -0.08120954781770706
1406 -1.3518564701080322 -0.7613525986671448
1407 -0.4600015878677368 0.11397126317024231
1408 -0.08129211515188217 0.12180154025554657
1409 -0.09305019676685333 0.16907986998558044
1410 -0.07795656472444534 -0.31820952892303467
1411 0.5425227284431458 -0.18134050071239471
1412 0.5435962677001953 0.2756167948246002
1413 0.4263244569301605 -0.5290559530258179
1414 0.1831795871257782 0.8094334602355957
1415 0.17736224830150604 0.03506779670715332
1416 1.200032353401184 -0.02034512348473072
1417 0.18990673124790192 -1.7595927715301514
1418 1.2609732151031494 0.4073699116706848
1419 1.0204241275787354 -0.39830249547958374
1420 0.9408097863197327 0.0577135905623436
1421 -0.565221905708313 -1.6653975248336792
1422 -0.3637728691101074 1.6320595741271973
1423 0.560764729976654 1.696292519569397
1424 -0.6009458303451538 -1.6939804553985596
1425 0.5629159212112427 0.7637423872947693
1426 0.4247908294200897 -0.14891618490219116
1427 -1.3440133333206177 -0.762349009513855
1428 -0.7248436212539673 -0.8357943296432495
1429 0.5428957939147949 0.04198206216096878
1430 0.07937466353178024 0.7416439652442932
1431 -1.2954962253570557 0.5278247594833374
1432 1.2295596599578857 0.6031365990638733
1433 0.9147204160690308 -0.5928554534912109
1434 0.9056308269500732 1.6202616691589355
1435 -0.030366161838173866 1.6998472213745117
1436 -0.748508095741272 -0.7165226936340332
1437 0.04409276321530342 -1.4899406433105469
1438 -0.0019769640639424324 -0.7538454532623291
1439 0.06209387257695198 -1.8245071172714233
1440 0.6563581228256226 0.40101858973503113
1441 1.2123408317565918 0.17289860546588898
1442 0.9070413112640381 1.6214646100997925
1443 1.0740225315093994 -0.3457435667514801
1444 0.18890434503555298 -0.3822491765022278
1445 0.1721613109111786 0.7187148928642273
1446 1.2187328338623047 0.1767318695783615
1447 1.7599694728851318 0.9098536968231201
1448 0.6846314072608948 1.3099335432052612
1449 1.5784014463424683 -1.1688976287841797
1450 1.848097562789917 0.7071982622146606
1451 0.41794049739837646 -0.4784528315067291
1452 1.0090936422348022 1.6032636165618896
1453 1.3512715101242065 0.4920201599597931
1454 1.0589230060577393 -0.36615678668022156
1455 1.6780459880828857 1.001073956489563
1456 -0.8396578431129456 -1.1193550825119019
1457 0.529920756816864 -0.7173885107040405
1458 1.2092945575714111 1.040785551071167
1459 -0.5483800768852234 0.08462119847536087
1460 0.7146468758583069 0.6227272748947144
1461 -0.6956526041030884 0.38081809878349304
1462 -0.5215121507644653 0.6548221707344055
1463 1.1395504474639893 -0.8716548085212708
1464 -0.9248144030570984 0.05396333336830139
1465 0.8816408514976501 -0.5672717690467834
1466 -0.5588566064834595 -0.22042937576770782
1467 0.5537712574005127 -0.22655010223388672
1468 1.9492950439453125 0.4319314956665039
1469 0.7054412961006165 1.6180275678634644
1470 -0.14483526349067688 0.5089632272720337
1471 1.1804670095443726 -0.014282732270658016
1472 -1.4859238862991333 -0.3367421329021454
1473 0.820010244846344 1.219938039779663
1474 -1.0385159254074097 -1.2837880849838257
1475 1.6525527238845825 1.0436654090881348
1476 -0.7843085527420044 -1.3260098695755005
1477 1.4858320951461792 -1.1251627206802368
1478 -1.4291740655899048 -0.6989444494247437
1479 0.5517811179161072 0.3513270318508148
1480 1.5558967590332031 -1.2030489444732666
1481 -0.705906093120575 0.21882112324237823
1482 1.750765323638916 0.9262524247169495
1483 0.37151533365249634 0.42635273933410645
1484 0.5855369567871094 -0.2722141146659851
1485 -0.07510440796613693 0.17261049151420593
1486 -0.50145024061203 0.9105812311172485
1487 0.2742997109889984 1.3026033639907837
1488 -0.7562144994735718 0.32822945713996887
1489 1.5751036405563354 -0.8917700052261353
1490 -0.7756101489067078 0.28129109740257263
1491 1.583870768547058 -0.6284396052360535
1492 -1.2471349239349365 -0.6768216490745544
1493 1.5236806869506836 -0.3873886168003082
1494 0.9858068823814392 -0.40389105677604675
1495 0.18079423904418945 0.017788153141736984
1496 -0.6002634763717651 -0.2575311064720154
1497 0.4432956576347351 -0.046278730034828186
1498 -0.20224018394947052 -0.6041288375854492
1499 0.1702609360218048 0.042598407715559006
1500 0.9724296927452087 -0.6594825983047485
1501 0.5586084127426147 0.06494736671447754
1502 -0.22290609776973724 0.8470659852027893
1503 -0.2786387801170349 -0.9409847855567932
1504 -1.3368006944656372 -0.12939795851707458
1505 1.9179288148880005 -0.022897599264979362
1506 -0.005854558199644089 0.6739028692245483
1507 0.6217599511146545 0.29333463311195374
1508 -0.08113957196474075 1.722264051437378
1509 -1.2467882633209229 -0.5913066267967224
1510 1.538076400756836 -0.925390899181366
1511 1.2564727067947388 0.3375454843044281
1512 1.8575098514556885 -0.7421655654907227
1513 -0.0919250026345253 0.16575126349925995
1514 -0.6611467599868774 -0.5987785458564758
1515 1.6079388856887817 -1.1651803255081177
1516 1.9144238233566284 -0.307132363319397
1517 0.45655685663223267 -0.11222831159830093
1518 0.44492629170417786 -0.04109371453523636
1519 0.007435418665409088 0.46629080176353455
1520 0.5768063068389893 1.6920419931411743
1521 0.69602370262146 -0.4203888773918152
1522 0.18829886615276337 0.025597531348466873
1523 0.23266007006168365 -0.9386778473854065
1524 1.2113252878189087 0.18763679265975952
1525 0.5350793600082397 -0.018037717789411545
1526 1.758489727973938 -0.9598950147628784
1527 -0.08266832679510117 -0.2969379425048828
1528 0.49786391854286194 0.3706585764884949
1529 0.4502525329589844 0.8012555241584778
1530 -0.30848100781440735 -1.3654192686080933
1531 -1.4511981010437012 0.396192729473114
1532 0.4185374975204468 0.8268179297447205
1533 0.3879958689212799 -0.48768290877342224
1534 -1.59883638843894e-05 0.6818678379058838
1535 0.7021679878234863 -0.1607881784439087
1536 -0.6437625288963318 1.4581198692321777
1537 -0.6236874461174011 -0.35516873002052307
1538 0.37568455934524536 -0.4824444055557251
1539 0.3523072600364685 1.3728457689285278
1540 -0.43858495354652405 1.6050958633422852
1541 1.573108196258545 -1.1723380088806152
1542 0.738915741443634 0.485176146030426
1543 -0.09537352621555328 0.19991861283779144
1544 0.6682382225990295 1.6562602519989014
1545 -0.6132922768592834 -0.3882434070110321
1546 0.8319677710533142 1.1627767086029053
1547 0.45661696791648865 -0.024367664009332657
1548 -0.0899423137307167 0.26713812351226807
1549 1.4274452924728394 0.4975607097148895
1550 -0.8940635919570923 0.19111448526382446
1551 -0.017795264720916748 -0.6426267027854919
1552 0.304501473903656 -0.9303803443908691
1553 0.17139436304569244 0.047989048063755035
1554 0.15854279696941376 -0.5276113748550415
1555 -0.020570533350110054 -1.8339260816574097
1556 1.6597509384155273 -0.7352670431137085
1557 0.5417575240135193 0.04249640181660652
1558 1.5457179546356201 1.239750623703003
1559 1.4704649448394775 -1.015146255493164
1560 0.0019511997234076262 0.4617704153060913
1561 0.45293641090393066 -0.2720973789691925
1562 -0.247883602976799 0.3330959677696228
1563 -0.061783719807863235 -0.24535436928272247
1564 -0.6030679941177368 -0.3872736990451813
1565 -1.414075255393982 -0.7353019714355469
1566 -0.3407231867313385 -0.8691911697387695
1567 1.3241212368011475 0.656225323677063
1568 1.3092492818832397 0.7462487816810608
1569 1.3086994886398315 1.379417896270752
1570 1.6284180879592896 1.0678969621658325
1571 0.1499757170677185 -1.8172266483306885
1572 0.05985482782125473 -1.3277393579483032
1573 -0.09307083487510681 0.169048473238945
1574 -0.6181451082229614 -0.362167090177536
1575 0.10516130924224854 0.6383625864982605
1576 0.9702068567276001 -0.5193793773651123
1577 0.9127201437950134 -0.5660839080810547
1578 -0.06542906910181046 -0.2572125196456909
1579 0.1591079980134964 0.025053005665540695
1580 0.966812789440155 -0.032853543758392334
1581 -0.982269823551178 1.1974773406982422
1582 -0.634168803691864 -0.5324265956878662
1583 0.6071380376815796 0.45535287261009216
1584 1.259617567062378 0.36784863471984863
1585 -0.23319971561431885 -0.7316033840179443
1586 -1.4861363172531128 0.233510822057724
1587 -0.5586098432540894 0.6598920226097107
1588 0.8710979223251343 -0.5802976489067078
1589 -0.4489394426345825 1.5830937623977661
1590 0.8685135841369629 -0.5837584137916565
1591 0.16931229829788208 1.0832642316818237
1592 0.1853886991739273 0.0469924695789814
1593 -0.06557902693748474 -0.24579091370105743
1594 -1.4054771661758423 -0.23756290972232819
1595 0.9520779848098755 -0.5249068140983582
1596 1.6626555919647217 1.0334534645080566
1597 0.7801417708396912 1.2667438983917236
1598 0.1901606172323227 0.01708795502781868
1599 -0.35276731848716736 -1.751092553138733
1600 0.7198165655136108 0.6560837626457214
1601 0.02818911522626877 0.4325076639652252
1602 0.15846657752990723 -1.7199355363845825
1603 1.2003202438354492 -0.019373072311282158
1604 -0.4915970265865326 0.12261895090341568
1605 -0.2104918658733368 0.343212366104126
1606 1.2827749252319336 1.307341456413269
1607 0.16163311898708344 0.011281749233603477
1608 -1.5281789302825928 0.0054491180926561356
1609 -0.08332812041044235 1.7214422225952148
1610 0.28655731678009033 -0.9334261417388916
1611 -0.09428051859140396 0.16601847112178802
1612 -1.4862192869186401 0.10647757351398468
1613 1.2054423093795776 0.06835072487592697
1614 0.8844640851020813 1.6237292289733887
1615 -0.12125247716903687 -0.13386866450309753
1616 0.5428652763366699 -0.08061184734106064
1617 0.33703917264938354 -0.922661304473877
1618 -0.5772128701210022 0.5581474900245667
1619 -0.5644785761833191 0.47458919882774353
1620 0.8060518503189087 0.9318627715110779
1621 1.9544123411178589 -0.028218194842338562
1622 -1.4704947471618652 0.19007118046283722
1623 -0.031078893691301346 -0.6844683289527893
1624 0.22735808789730072 0.4012104570865631
1625 -0.052301496267318726 -1.3073276281356812
1626 1.6717599630355835 -0.7401294112205505
1627 1.0106995105743408 -0.43401533365249634
1628 -0.08649417012929916 0.29104310274124146
1629 -1.0431137084960938 1.143156886100769
1630 -0.060314666479825974 -0.6079159379005432
1631 0.21303652226924896 -0.5576980113983154
1632 0.1750801056623459 -0.35605642199516296
1633 0.2721326947212219 -0.7341599464416504
1634 -0.06716175377368927 -0.23207195103168488
1635 -0.459407240152359 -1.2188305854797363
1636 -0.07017678767442703 -0.7862906455993652
1637 1.3324521780014038 0.5489062070846558
1638 1.7669962644577026 0.9010864496231079
1639 -1.074215292930603 1.109674096107483
1640 1.3747704029083252 0.4619638919830322
1641 0.39772167801856995 -0.4735127389431
1642 0.6395031809806824 0.3871996998786926
1643 0.27974867820739746 -0.9218703508377075
1644 -0.07216022908687592 -0.45986947417259216
1645 -1.179983139038086 0.6375353932380676
1646 1.7255207300186157 0.9553112983703613
1647 -0.9752059578895569 1.1810657978057861
1648 1.3610490560531616 -0.9923040270805359
1649 -0.07496622949838638 0.16722172498703003
1650 -0.7111704349517822 -0.03411012515425682
1651 -0.07503841072320938 0.17271354794502258
1652 -0.5395627617835999 0.540873646736145
1653 -0.061968620866537094 -0.2448732703924179
1654 -0.06279023736715317 -0.2600657641887665
1655 1.211584448814392 0.10569356381893158
1656 1.2085492610931396 0.11354147642850876
1657 0.7231461405754089 0.6055546402931213
1658 0.15241096913814545 1.0716907978057861
1659 1.1228784322738647 1.1211248636245728
1660 -0.23656520247459412 -0.08444934338331223
1661 0.6857688426971436 -0.42187047004699707
1662 -0.2129538655281067 -0.21223339438438416
1663 -0.011391658335924149 1.317158818244934
1664 -0.08305788785219193 -0.39614784717559814
1665 0.9587430953979492 -0.5333160758018494
1666 -0.12653197348117828 -0.13071060180664062
1667 0.47027409076690674 1.414276123046875
1668 -1.376757264137268 -0.8955819606781006
1669 1.3723957538604736 0.5098084211349487
1670 0.186630979180336 0.015765445306897163
1671 -0.5490651726722717 -1.3653993606567383
1672 -0.631664514541626 -0.4546077251434326
1673 1.3551270961761475 -0.990539014339447
1674 0.18503569066524506 0.6430232524871826
1675 -0.07776055485010147 -0.30690380930900574
1676 0.5365825891494751 0.01198731828480959
1677 -0.4456651508808136 1.1938780546188354
1678 0.29487019777297974 -0.9478212594985962
1679 0.2583116292953491 -0.5063855051994324
1680 -1.3488895893096924 -0.7932599782943726
1681 0.3809685707092285 0.4398950934410095
1682 0.42506131529808044 -0.5014509558677673
1683 -0.3960724174976349 0.17411336302757263
1684 -1.403287410736084 -0.7344405055046082
1685 1.927498459815979 0.5414406061172485
1686 -0.23052778840065002 1.128743290901184
1687 0.550266444683075 0.37693533301353455
1688 -0.06642873585224152 -0.23526164889335632
1689 -0.6432206034660339 0.18083509802818298
1690 -0.019887475296854973 0.12979000806808472
1691 -1.2588506937026978 -0.2919595241546631
1692 -1.0990397930145264 -1.1527165174484253
1693 0.5555834770202637 0.3494400680065155
1694 0.02547518163919449 -1.3018978834152222
1695 -0.6419258713722229 -0.3558637201786041
1696 1.6722967624664307 1.0173262357711792
1697 0.21644139289855957 0.036933738738298416
1698 -0.14874351024627686 -1.4080383777618408
1699 -0.3407689929008484 0.24246086180210114
1700 -0.020025383681058884 0.38354989886283875
1701 0.3857547342777252 -0.47466981410980225
1702 -0.5840554237365723 0.5665505528450012
1703 -0.30391284823417664 -1.7619467973709106
1704 -0.0744306892156601 -0.2831811308860779
1705 1.286630630493164 1.406326174736023
1706 0.6158139109611511 -1.6910258531570435
1707 0.7456532716751099 -0.9901081323623657
1708 0.7417829632759094 -0.9946906566619873
1709 0.6158139109611511 -1.6910258531570435
1710 0.5537704825401306 -1.7017788887023926
1711 1.179080843925476 -1.572754144668579
1712 0.6158139109611511 -1.6910258531570435
1713 0.8116160035133362 -1.3775622844696045
1714 0.7712939381599426 -1.2824480533599854
1715 0.6158139109611511 -1.6910258531570435
1716 0.5537704825401306 -1.7017788887023926
1717 0.5332664847373962 -1.5583443641662598
1718 0.7006146311759949 -1.0088015794754028
1719 0.7006146311759949 -1.0088015794754028
1720 0.6158139109611511 -1.6910258531570435
1721 0.8134975433349609 -1.3831627368927002
1722 0.6129496097564697 -1.5298936367034912
1723 1.179080843925476 -1.572754144668579
1724 0.7754955291748047 -1.381443738937378
1725 0.576920747756958 -1.721549391746521
1726 1.179080843925476 -1.572754144668579
1727 0.5537704825401306 -1.7017788887023926
1728 0.6158139109611511 -1.6910258531570435
1729 0.7090373039245605 -1.3398319482803345
1730 1.1788493394851685 -1.5731805562973022
1731 0.7456532716751099 -0.9901081323623657
1732 1.179080843925476 -1.572754144668579
1733 0.7417829632759094 -0.9946906566619873
1734 0.6805971264839172 -1.009073257446289
1735 1.1789406538009644 -1.572936773300171
1736 1.1955219507217407 -1.5501629114151
1737 0.6158139109611511 -1.6910258531570435
1738 0.6158139109611511 -1.6910258531570435
1739 0.4285757541656494 -1.7073860168457031
1740 1.179080843925476 -1.572754144668579
1741 0.6805971264839172 -1.009073257446289
1742 1.1955219507217407 -1.5501629114151
1743 0.7090373039245605 -1.3398319482803345
1744 1.1597094535827637 -1.591204047203064
1745 1.179080843925476 -1.572754144668579
1746 1.1597094535827637 -1.591204047203064
1747 0.6158139109611511 -1.6910258531570435
1748 1.179080843925476 -1.572754144668579
1749 0.680695116519928 1.6222435235977173
1750 0.7188102602958679 0.6194918751716614
1751 1.283509612083435 1.407042384147644
1752 -0.439925879240036 1.6025810241699219
1753 -0.8874724507331848 1.2737648487091064
1754 0.7367106080055237 0.9233283400535583
1755 1.1877858638763428 -1.553235411643982
1756 0.7604690194129944 -0.9793201088905334
1757 0.7417829632759094 -0.9946906566619873
1758 1.1597094535827637 -1.591204047203064
1759 1.1959267854690552 -1.549739956855774
1760 0.7644115090370178 -1.2807624340057373
1761 0.7417829632759094 -0.9946906566619873
1762 0.6805971264839172 -1.009073257446289
1763 0.7644115090370178 -1.2807624340057373
1764 0.6158139109611511 -1.6910258531570435
1765 1.179080843925476 -1.572754144668579
1766 0.4097311198711395 -1.695879578590393
1767 1.179080843925476 -1.572754144668579
1768 0.6158139109611511 -1.6910258531570435
1769 0.6158139109611511 -1.6910258531570435
1770 0.7006146311759949 -1.0088015794754028
1771 0.7754955291748047 -1.381443738937378
1772 0.6158139109611511 -1.6910258531570435
1773 0.7417829632759094 -0.9946906566619873
1774 1.179080843925476 -1.572754144668579
1775 1.179080843925476 -1.572754144668579
1776 0.7602964639663696 -1.346514344215393
1777 0.6158139109611511 -1.6910258531570435
1778 0.6158139109611511 -1.6910258531570435
1779 1.179080843925476 -1.572754144668579
1780 0.6805971264839172 -1.009073257446289
1781 0.6158139109611511 -1.6910258531570435
1782 0.7531552910804749 -0.9832019805908203
1783 0.7090373039245605 -1.3398319482803345
1784 0.8360058665275574 -1.3786964416503906
1785 0.4408658742904663 -1.577345848083496
1786 0.6805971264839172 -1.009073257446289
1787 0.6805971264839172 -1.009073257446289
1788 0.7456532716751099 -0.9901081323623657
1789 0.6158139109611511 -1.6910258531570435
1790 0.6158139109611511 -1.6910258531570435
1791 0.6805971264839172 -1.009073257446289
1792 0.6805971264839172 -1.009073257446289
1793 1.1955219507217407 -1.5501629114151
1794 0.7531552910804749 -0.9832019805908203
1795 1.179080843925476 -1.572754144668579
1796 0.6750093102455139 -1.421088695526123
1797 0.6158139109611511 -1.6910258531570435
1798 0.6910457015037537 -1.3510974645614624
1799 1.179080843925476 -1.572754144668579
1800 0.7604690194129944 -0.9793201088905334
1801 0.6805971264839172 -1.009073257446289
1802 0.7622793316841125 -1.391478180885315
1803 0.24566712975502014 -0.05594943091273308
1804 0.2456669807434082 -0.05614466592669487
