189 2.3051440715789795 -1.6573508977890015
192 0.7706595063209534 -0.2321239709854126
193 0.7703580856323242 -0.23200108110904694
194 0.7704370021820068 -0.23193348944187164
197 0.7703356742858887 -0.23199816048145294
198 0.770581066608429 -0.2319910079240799
199 0.7704806327819824 -0.2320024073123932
200 0.770586371421814 -0.23195618391036987
202 0.7706596851348877 -0.23199860751628876
209 0.7705862522125244 -0.23195607960224152
210 0.7703437209129333 -0.23200160264968872
211 0.7705866098403931 -0.23195616900920868
212 0.7705835700035095 -0.23131674528121948
213 0.7705084085464478 -0.2319985032081604
215 0.7705775499343872 -0.23185746371746063
216 0.7704294919967651 -0.2320016771554947
217 0.7703534364700317 -0.23195666074752808
218 0.7703542709350586 -0.2320297211408615
219 0.7703580856323242 -0.2320011854171753
220 0.7703543901443481 -0.23203067481517792
221 0.7706598043441772 -0.23179230093955994
222 0.7707329988479614 -0.23199917376041412
223 0.7706040143966675 -0.23198476433753967
224 0.7703508138656616 -0.23202092945575714
287 0.7706039547920227 -0.23198482394218445
288 0.7705865502357483 -0.23195627331733704
289 0.7705863118171692 -0.23195604979991913
290 0.7703545093536377 -0.23203234374523163
291 0.7705835700035095 -0.2313169240951538
292 0.7702828645706177 -0.23205989599227905
293 0.7706599831581116 -0.2317921668291092
294 0.7703545093536377 -0.23203203082084656
295 0.7705685496330261 -0.23212586343288422
296 0.7706601023674011 -0.23179227113723755
297 0.7703527212142944 -0.231998473405838
298 0.7704276442527771 -0.2319723665714264
299 0.7703437209129333 -0.23200157284736633
300 0.770353376865387 -0.23195677995681763
305 0.7703356742858887 -0.23199820518493652
306 0.770586371421814 -0.2319561392068863
307 0.7703542113304138 -0.23202970623970032
308 0.7702823877334595 -0.23192904889583588
309 0.7705864310264587 -0.23195607960224152
310 0.7703542709350586 -0.23203101754188538
311 0.7703356742858887 -0.23199819028377533
312 0.7705718278884888 -0.23194806277751923
313 0.7706040143966675 -0.23198476433753967
314 0.7702823877334595 -0.23192870616912842
315 0.7705426812171936 -0.23199936747550964
316 0.7706597447395325 -0.23179134726524353
317 0.7703976035118103 -0.23109866678714752
318 0.7705863118171692 -0.23195619881153107
319 0.7705780863761902 -0.23185712099075317
320 0.7704368829727173 -0.23200179636478424
321 0.770586371421814 -0.2319561094045639
322 0.7703542709350586 -0.2320290356874466
323 0.7702822089195251 -0.23195701837539673
324 0.7701415419578552 -0.2320009171962738
325 0.7706300020217896 -0.231998473405838
326 0.7703582048416138 -0.23200111091136932
327 0.7706040143966675 -0.23198479413986206
328 0.7703437805175781 -0.23200151324272156
329 0.7706023454666138 -0.23195503652095795
330 0.7705861926078796 -0.23195606470108032
331 0.7704418301582336 -0.23199746012687683
332 0.7704280614852905 -0.2320019006729126
333 0.7704487442970276 -0.23179179430007935
334 0.770353376865387 -0.23195667564868927
335 0.7706601619720459 -0.2317923605442047
336 0.7699810862541199 -0.23179323971271515
337 0.7703580856323242 -0.23200121521949768
338 0.7703542709350586 -0.23203101754188538
339 0.7703539729118347 -0.23199889063835144
340 0.7707158923149109 -0.2319558560848236
341 0.7706596851348877 -0.23179218173027039
342 0.7703527808189392 -0.23194821178913116
343 0.7707160711288452 -0.23195607960224152
344 0.7705915570259094 -0.23185783624649048
345 0.7702822685241699 -0.23192881047725677
346 0.7703533172607422 -0.23195664584636688
347 0.7706599235534668 -0.23179230093955994
348 0.7705101370811462 -0.23193001747131348
349 0.7704806327819824 -0.23200246691703796
350 0.7705312967300415 -0.231999471783638
351 0.7705862522125244 -0.2319560945034027
352 0.7706040740013123 -0.2319847047328949
353 0.7705865502357483 -0.23195618391036987
354 0.7705866098403931 -0.23195615410804749
355 0.7703356146812439 -0.2319982498884201
356 -0.08925466239452362 -0.6769718527793884
357 1.2054805755615234 0.2756901681423187
358 1.2490320205688477 1.463510513305664
359 0.1554429978132248 -0.020416826009750366
360 0.3814651072025299 -0.8368619084358215
361 1.1683984994888306 -0.43996161222457886
362 -0.9649751782417297 -0.2307288944721222
363 0.404733270406723 -1.9961398839950562
364 -0.18288134038448334 -1.5371915102005005
365 0.480225145816803 0.23209738731384277
366 -0.36398738622665405 0.023190170526504517
367 1.0338263511657715 0.39235392212867737
368 0.8692983388900757 -1.3145568370819092
369 1.2933785915374756 -0.367156982421875
370 0.3153620660305023 -0.670440673828125
371 0.05820794031023979 -1.8788862228393555
372 0.7497395873069763 -0.8463180065155029
373 2.112398624420166 0.9632723331451416
374 0.6069335341453552 0.3454344570636749
375 0.506343424320221 0.27109211683273315
376 1.9704086780548096 -0.0602354034781456
377 0.3149930536746979 1.4741475582122803
378 -0.2653678357601166 -0.7769590616226196
379 -0.09250330924987793 -0.6800429224967957
380 0.7848971486091614 -0.8349609971046448
381 0.824971616268158 0.9590430855751038
382 -0.332692414522171 -0.8568465709686279
383 -0.9540082216262817 -0.6822193264961243
384 0.7059327960014343 -1.6687335968017578
385 1.056886911392212 0.30983835458755493
386 1.7272331714630127 0.679388701915741
387 2.523873805999756 -0.08331774920225143
388 1.050621747970581 -0.5203622579574585
389 0.20036792755126953 -1.4016095399856567
390 0.381157249212265 0.08156467974185944
391 2.420588493347168 0.4504668414592743
392 -0.3534752130508423 -0.012593327090144157
393 0.17552056908607483 0.010209724307060242
394 1.6732640266418457 0.7517178058624268
395 1.441915512084961 -0.1677778661251068
396 -0.1015457883477211 -1.1482023000717163
397 0.38857775926589966 0.0905068963766098
398 0.304207444190979 -0.5210555195808411
399 1.5385286808013916 1.3620436191558838
400 0.30216458439826965 -0.5108267068862915
401 0.27426469326019287 -1.9676669836044312
402 0.5194936394691467 0.3941024839878082
403 -0.22267860174179077 0.40352219343185425
404 1.0620449781417847 0.38013479113578796
405 -0.6734906435012817 -0.6582702398300171
406 0.7792850136756897 -0.8315612077713013
407 0.42969146370887756 1.4986402988433838
408 0.3125593066215515 -0.4910459816455841
409 0.45758405327796936 0.8985804319381714
410 -0.0891188234090805 -0.6766555905342102
411 -0.15670041739940643 -0.9747443795204163
412 1.0757510662078857 0.31179124116897583
413 -0.22348839044570923 -1.7601875066757202
414 0.7325801253318787 -0.8782839179039001
415 0.5815443396568298 0.22205789387226105
416 -0.1779836118221283 0.3913457989692688
417 1.2874497175216675 -0.09546530991792679
418 1.2438445091247559 1.468985915184021
419 -0.4342837333679199 -0.34771835803985596
420 1.126765489578247 -0.4246514141559601
421 1.1117342710494995 0.2590603828430176
422 0.3840692341327667 -0.7316875457763672
423 1.0209766626358032 0.44404104351997375
424 0.46032217144966125 -1.3192700147628784
425 1.971351146697998 -0.05922601372003555
426 0.9610140919685364 -0.7056307196617126
427 0.38675206899642944 0.08524365723133087
428 -0.4292452335357666 0.194708451628685
429 -0.12956805527210236 -0.6462371349334717
430 0.028556328266859055 1.3837796449661255
431 0.4207362234592438 1.4994151592254639
432 1.9944100379943848 -0.08343902975320816
433 1.0802918672561646 0.301352858543396
434 0.28921225666999817 -0.4758298695087433
435 0.1630614697933197 -1.55833899974823
436 -0.1461867392063141 0.4225257635116577
437 1.9773911237716675 -0.06944229453802109
438 0.7707159519195557 -0.23195576667785645
439 0.4063951373100281 0.8179739117622375
440 2.5169599056243896 0.049652695655822754
441 -0.41031134128570557 -0.056617721915245056
442 0.8565327525138855 -1.370841145515442
443 0.3124741017818451 -1.9768211841583252
444 0.23220935463905334 0.7268049120903015
445 1.4519803524017334 -0.15044650435447693
446 1.0746012926101685 0.28334710001945496
447 0.05820510908961296 -1.8788864612579346
448 1.7921839952468872 0.5915125012397766
449 1.4404534101486206 -0.13767856359481812
450 1.4479625225067139 -0.1366686075925827
451 1.3039391040802002 0.2583768367767334
452 1.041357398033142 -0.5314767360687256
453 1.1109156608581543 0.24797865748405457
454 1.052777886390686 -0.5093293190002441
455 0.4038856327533722 -1.3014570474624634
456 -0.8150564432144165 -1.0383330583572388
457 1.0973106622695923 0.2667422890663147
458 1.942700743675232 0.3441128134727478
459 1.2638194561004639 -0.3793606460094452
460 0.7495421767234802 -1.6869364976882935
461 0.21387729048728943 -0.07956995069980621
462 0.29529687762260437 -0.6773873567581177
463 0.41573870182037354 0.15791311860084534
464 1.1517384052276611 -0.439727246761322
465 0.6378089189529419 -1.9943273067474365
466 0.701042652130127 -0.8128733038902283
467 0.49800631403923035 0.22512118518352509
468 0.13163982331752777 1.4166008234024048
469 0.9642956852912903 0.9916333556175232
470 0.6547138094902039 -1.9800574779510498
471 0.1774035543203354 0.0075500598177313805
472 1.6502448320388794 -0.3346302807331085
473 0.4630934000015259 1.502894639968872
474 -0.7302334904670715 0.5608242750167847
475 1.4425902366638184 -0.16854457557201385
476 0.7244664430618286 0.9472880959510803
477 0.7527239322662354 -0.848468005657196
478 1.9223988056182861 -0.15830817818641663
479 -0.01925753615796566 1.3497426509857178
480 1.9745008945465088 -0.10367786139249802
481 1.4396229982376099 -0.1816539764404297
482 2.5157604217529297 0.02373296394944191
483 0.8960119485855103 0.4465217888355255
484 -0.6597943902015686 -0.9735816121101379
485 -0.4696994125843048 0.9386541843414307
486 0.4464464485645294 0.1296497881412506
487 0.25285205245018005 -1.9627690315246582
488 1.9117517471313477 1.16029691696167
489 1.094030499458313 -0.461575448513031
490 1.7639422416687012 0.6153159141540527
491 -0.9655090570449829 0.10697934031486511
492 0.7476028203964233 -0.8439910411834717
493 -0.9038618206977844 0.31898045539855957
494 0.7169625163078308 -0.8820679187774658
495 0.19427087903022766 -1.4144561290740967
496 0.13879072666168213 -0.16373121738433838
497 0.8110805749893188 1.4931628704071045
498 1.0803868770599365 -0.48615461587905884
499 0.03621349483728409 -0.3918819725513458
500 1.0233547687530518 -0.5413828492164612
501 1.4238361120224 -0.1392379105091095
502 1.4748997688293457 0.94035404920578
503 -0.6464858651161194 0.6207013726234436
504 2.3382720947265625 0.6891456842422485
505 0.3127424716949463 -0.7205879092216492
506 0.4715304672718048 -1.2967778444290161
507 -0.2427532821893692 -1.7030583620071411
508 0.044561512768268585 0.49231383204460144
509 1.0558205842971802 -0.5187898278236389
510 2.5036489963531494 0.09199634939432144
511 1.900991439819336 0.4432185888290405
512 0.8359250426292419 0.969068169593811
513 0.19668695330619812 -0.0857672393321991
514 1.059411644935608 0.3565613627433777
515 -0.44952860474586487 -0.16524715721607208
516 2.3783252239227295 0.5977754592895508
517 -0.6863909959793091 -1.243556022644043
518 1.9287631511688232 0.3826812207698822
519 0.9490894079208374 -1.0152889490127563
520 -0.3267451226711273 1.0112454891204834
521 0.7418448328971863 -0.8445740938186646
522 0.29536283016204834 -0.5894156098365784
523 0.2534613609313965 -0.8516234755516052
524 -0.8202796578407288 -1.0296332836151123
525 1.0551759004592896 -0.5192341804504395
526 1.8258131742477417 1.1938894987106323
527 -0.9599128365516663 -0.6468444466590881
528 1.2491965293884277 1.4762260913848877
529 -0.8865085244178772 0.3829168975353241
530 -0.2516575753688812 -0.449138879776001
531 1.1356220245361328 0.24286885559558868
532 -0.39752453565597534 0.8894563913345337
533 1.3365402221679688 -0.2548254430294037
534 0.19795948266983032 -0.04184481501579285
535 -0.37686634063720703 -0.0226459838449955
536 0.6348688006401062 -1.992132544517517
537 1.2252678871154785 1.4861642122268677
538 0.32244420051574707 -0.5054678320884705
539 -0.1574123352766037 -1.4966363906860352
540 1.6060134172439575 0.3865140378475189
541 1.0662351846694946 0.29777342081069946
542 0.8420072197914124 -1.5141863822937012
543 1.4368067979812622 -0.17597530782222748
544 2.3187382221221924 0.721965491771698
545 0.8691602349281311 -1.3147236108779907
546 1.4039465188980103 -0.2305096685886383
547 -0.09239665418863297 -0.6811625957489014
548 2.4828710556030273 -0.1310921460390091
549 1.0175327062606812 -0.5486915111541748
550 -0.4232812225818634 -0.4627474248409271
551 0.2310706228017807 -0.07538053393363953
552 0.4436512887477875 0.8468583226203918
553 0.767874002456665 -0.8369054198265076
554 1.9264332056045532 1.1519721746444702
555 0.7333645224571228 0.960472822189331
556 0.4760409891605377 0.14538685977458954
557 1.8461893796920776 1.2425200939178467
558 0.7157310247421265 0.36164411902427673
559 -0.13556921482086182 -1.0155386924743652
560 0.7550022602081299 -0.8246493339538574
561 0.5154315829277039 0.10592209547758102
562 0.9626580476760864 -0.6898988485336304
563 0.30550023913383484 -0.49179038405418396
564 -0.9613876938819885 -0.6374554634094238
565 0.04999979957938194 0.5353296399116516
566 0.8619070649147034 0.958759069442749
567 -0.43067675828933716 -1.1804934740066528
568 -0.9026647210121155 0.3254540264606476
569 0.7285223603248596 -1.6357413530349731
570 0.3357579708099365 -0.9416097402572632
571 1.455418348312378 -0.1583317220211029
572 0.14655490219593048 -0.16837064921855927
573 0.13252703845500946 -0.17482413351535797
574 -0.3505479693412781 0.0008282819762825966
575 -0.7163169384002686 0.7573659420013428
576 0.7581468820571899 1.493281364440918
577 0.3282664120197296 -0.8187201619148254
578 0.8962490558624268 1.5018731355667114
579 0.0471029058098793 -0.442675918340683
580 0.06026925519108772 0.5193730592727661
581 0.4151383340358734 0.08223864436149597
582 0.3854213356971741 0.08501962572336197
583 -0.8799707293510437 0.4117268919944763
584 2.009471893310547 1.117817997932434
585 0.9404712319374084 0.9811331033706665
586 0.20301394164562225 0.6846981048583984
587 -0.6848405599594116 0.2694617509841919
588 1.5673924684524536 0.35060012340545654
589 1.0651251077651978 0.37195008993148804
590 1.0379735231399536 -0.5309945940971375
591 0.4625594913959503 -1.2969168424606323
592 -0.14603260159492493 -1.0401371717453003
593 1.0012342929840088 0.3771156072616577
594 1.4348832368850708 -0.15504635870456696
595 0.6153463125228882 0.33906978368759155
596 1.2530070543289185 0.3600870966911316
597 2.4114677906036377 0.46512097120285034
598 0.19931147992610931 -0.11767211556434631
599 1.033400058746338 0.28397461771965027
600 1.4519786834716797 -0.15044520795345306
601 1.2483969926834106 0.9350401759147644
602 -0.0405416302382946 -1.8642505407333374
603 1.2536647319793701 0.22709138691425323
604 0.40775996446609497 0.817646861076355
605 1.4603403806686401 0.97029709815979
606 0.29000550508499146 -0.4878281056880951
607 0.7321617603302002 -0.858494222164154
608 1.9770054817199707 -0.07073235511779785
609 0.7664523720741272 -1.6673433780670166
610 0.31518200039863586 0.7512243390083313
611 1.0344160795211792 -0.5306631922721863
612 -0.5888370871543884 -1.3460514545440674
613 0.7706039547920227 -0.2319846898317337
614 0.7141662836074829 0.9631207585334778
615 -0.14805591106414795 -1.643688440322876
616 0.5189259648323059 -2.0124874114990234
617 0.43687599897384644 0.884584367275238
618 2.004063367843628 -0.07177823781967163
619 0.5155065655708313 0.10588504374027252
620 0.15337097644805908 0.6984630227088928
621 0.30055421590805054 -0.586548388004303
622 0.15540219843387604 -0.020372815430164337
623 1.3967983722686768 1.0946733951568604
624 1.8258131742477417 1.1938894987106323
625 0.04886936768889427 -1.6012145280838013
626 0.4183231294155121 0.8405818343162537
627 2.523873805999756 -0.0833159014582634
628 0.22052976489067078 -0.8307335376739502
629 0.7742551565170288 1.4859672784805298
630 0.15438975393772125 0.6982259750366211
631 1.5310816764831543 1.3654403686523438
632 1.284469485282898 0.24692443013191223
633 0.11789796501398087 -0.19071601331233978
634 1.399198055267334 0.9408567547798157
635 1.8852397203445435 0.48756399750709534
636 1.439132809638977 -0.16990919411182404
637 1.1675406694412231 -0.43021857738494873
638 0.510367751121521 0.10396910458803177
639 -0.33084020018577576 0.991851806640625
640 1.4396030902862549 -0.18164269626140594
641 2.4109809398651123 0.4663156270980835
642 -0.5524885058403015 -1.3898370265960693
643 -0.9615347981452942 -0.6373292207717896
644 -0.5037349462509155 -1.5095559358596802
645 0.32218238711357117 -0.5054863095283508
646 2.483268976211548 -0.1325695961713791
647 0.5538689494132996 0.11995868384838104
648 0.7425622940063477 0.38541901111602783
649 1.3130407333374023 0.26631784439086914
650 0.4488183557987213 -1.2978296279907227
651 0.7474671602249146 0.3820292353630066
652 -0.6863856315612793 -0.7051624655723572
653 0.6547199487686157 -1.980058193206787
654 0.8943290114402771 0.419795960187912
655 0.013476558029651642 -1.8849413394927979
656 1.6028790473937988 1.3248425722122192
657 0.6380360126495361 -1.994544267654419
658 0.25826510787010193 -0.07350161671638489
659 1.214957594871521 0.007151610217988491
660 1.54097318649292 1.3603068590164185
661 1.0408809185028076 -0.5321662425994873
662 0.9731342792510986 -0.6718916893005371
663 -0.586702823638916 0.8883950114250183
664 1.884484052658081 0.004488932900130749
665 0.28850287199020386 -0.4873785674571991
666 0.3688903748989105 1.4881781339645386
667 -0.6560394167900085 0.814071774482727
668 0.3387812376022339 1.478501558303833
669 -0.7732951641082764 0.6830003261566162
670 1.4039438962936401 -0.23051869869232178
671 1.220828652381897 0.2895999252796173
672 0.42124220728874207 -1.2830216884613037
673 0.11761856079101562 -0.19116444885730743
674 1.384121298789978 -0.1823998987674713
675 0.27272361516952515 -0.4782755970954895
676 1.9231032133102417 0.3813159763813019
677 -0.969600260257721 0.07516051083803177
678 0.15479934215545654 -0.14646504819393158
679 0.5421957969665527 0.11196334660053253
680 -0.4415892958641052 -0.4296160936355591
681 0.1176130622625351 -0.19118139147758484
682 2.3284032344818115 0.7021690011024475
683 2.5169641971588135 0.02265729382634163
684 -0.28371357917785645 -0.7830482721328735
685 0.9958065152168274 0.44107571244239807
686 0.11851202696561813 -1.5451849699020386
687 -0.3764624297618866 -0.015075597912073135
688 -0.8757836818695068 0.41453853249549866
689 -0.6218257546424866 -1.2399524450302124
690 -0.9757416844367981 -0.14524835348129272
691 -0.9645019769668579 -0.24075399339199066
692 -0.6376080513000488 -1.0630570650100708
693 -0.676003098487854 -1.2036927938461304
694 -0.6733449101448059 -0.6584784388542175
695 0.25854575634002686 -0.7068148851394653
696 0.39171281456947327 -1.3161369562149048
697 1.3067138195037842 -0.10132560133934021
698 0.7167280316352844 -0.8818964958190918
699 0.30420538783073425 -0.5210490822792053
700 -0.36398664116859436 0.023193560540676117
701 -0.39206767082214355 0.9281502962112427
702 1.1894645690917969 0.313993364572525
703 -0.9668148159980774 -0.3627548813819885
704 -0.39961108565330505 -0.009974362328648567
705 1.2045224905014038 1.4904420375823975
706 1.1009869575500488 0.24749957025051117
707 -0.9668335318565369 -0.3625800311565399
708 1.4475842714309692 -0.13538306951522827
709 1.4483550786972046 -0.15382163226604462
710 0.6009449362754822 0.3107667863368988
711 2.315802812576294 0.7277153134346008
712 1.4792801141738892 -0.16740727424621582
713 1.7019788026809692 0.721352756023407
714 0.41236603260040283 -1.320912480354309
715 0.2842426002025604 1.1197198629379272
716 0.8122482895851135 -0.747237503528595
717 0.7370779514312744 0.36473169922828674
718 1.1452534198760986 0.2520999610424042
719 -0.4784856140613556 -1.6003423929214478
720 1.0712977647781372 0.9626609086990356
721 2.514585494995117 0.06661232560873032
722 -0.9921149015426636 -0.003692934289574623
723 0.7136462926864624 1.4940465688705444
724 0.16419921815395355 -0.1377754658460617
725 -0.14617905020713806 0.42252761125564575
726 0.4814780354499817 0.12450629472732544
727 0.19701966643333435 0.6978445053100586
728 -0.37640053033828735 -0.014848979189991951
729 0.7181177139282227 1.4861299991607666
730 1.9753799438476562 -0.06350857764482498
731 0.7919414639472961 0.9617524743080139
732 -0.4294196665287018 -0.19537998735904694
733 0.26017656922340393 0.8911044001579285
734 -0.17063844203948975 1.210489273071289
735 1.8861149549484253 0.4609300494194031
736 0.7418451309204102 -0.8445714712142944
737 1.676277995109558 0.7545329928398132
738 0.7528772950172424 0.3784163296222687
739 0.6369853019714355 -1.9859988689422607
740 1.9199773073196411 0.3899020552635193
741 0.811954140663147 -0.7471170425415039
742 -0.39297959208488464 -0.060962557792663574
743 -0.28860533237457275 0.2809431552886963
744 0.7793117165565491 -0.8333085775375366
745 0.2558818459510803 -0.4921836853027344
746 1.2071974277496338 1.5014781951904297
747 1.2955973148345947 -0.05436035245656967
748 1.0470532178878784 -0.5173858404159546
749 0.060217056423425674 0.5193222761154175
750 -0.7711910605430603 0.6869953870773315
751 0.8974775075912476 -1.2825061082839966
752 0.744545578956604 -0.8153847455978394
753 -0.17132915556430817 0.3922968804836273
754 1.2033311128616333 -0.4193169176578522
755 1.692412257194519 0.727129340171814
756 -0.4127485752105713 0.926632285118103
757 -0.10657762736082077 1.2764623165130615
758 -0.19021075963974 1.1902942657470703
759 1.0600494146347046 -0.5169780850410461
760 0.006634295452386141 1.376617670059204
761 -0.8274924159049988 -1.0121726989746094
762 0.548884391784668 0.11392679065465927
763 0.2972767949104309 -0.4905376136302948
764 0.5190532803535461 0.39426782727241516
765 0.0024253148585557938 1.2407970428466797
766 -0.9606951475143433 -0.639498233795166
767 -0.9803361892700195 0.05258332937955856
768 1.6754390001296997 0.7591415047645569
769 2.409555435180664 0.4689106345176697
770 0.27950045466423035 -0.7066271901130676
771 2.5171449184417725 0.050181999802589417
772 -0.45191308856010437 -0.14595304429531097
773 -0.032926786690950394 -1.861594319343567
774 1.256506085395813 0.23698526620864868
775 0.4397057294845581 0.8861044049263
776 -0.3970591127872467 -0.7635528445243835
777 -0.17064619064331055 1.210486888885498
778 1.2522464990615845 0.23506702482700348
779 0.7329919934272766 -0.8587687611579895
780 1.0527554750442505 -0.5093507170677185
781 2.494539260864258 0.15222826600074768
782 1.0714555978775024 0.3476632535457611
783 0.7337430119514465 -0.8667800426483154
784 0.7593356966972351 -1.645481824874878
785 0.9848069548606873 0.9688520431518555
786 1.121985673904419 0.252392053604126
787 0.7396482229232788 0.3866710662841797
788 1.4565250873565674 -1.6418960094451904
789 1.9257361888885498 -1.4866842031478882
790 1.2125657796859741 -1.9083303213119507
791 2.3236048221588135 -1.2005481719970703
792 0.9773851037025452 -0.6647873520851135
793 1.391730546951294 0.9405032396316528
794 1.2457531690597534 0.34611988067626953
795 -0.7228882312774658 0.5016186237335205
796 0.06027425080537796 0.5104684829711914
797 1.8974394798278809 0.10719067603349686
798 0.2700180113315582 -0.47830694913864136
799 1.0288524627685547 -0.542362630367279
800 -0.17170466482639313 -1.059134602546692
801 0.8179506659507751 -1.4902942180633545
802 0.2478225827217102 -0.8615638613700867
803 0.3061797022819519 -0.6346549391746521
804 -0.20618818700313568 1.2318757772445679
805 -0.0961233377456665 -0.679970920085907
806 -0.5868440270423889 -1.3644436597824097
807 1.5440903902053833 1.350027322769165
808 0.7482667565345764 -0.8440104722976685
809 0.8967040181159973 0.4510379135608673
810 1.0040544271469116 0.34183698892593384
811 1.0681294202804565 1.546743631362915
812 0.7501403093338013 0.3756273686885834
813 -0.3842410743236542 0.8460151553153992
814 0.7337437272071838 -0.8667861223220825
815 -0.36933445930480957 0.2828767001628876
816 0.8454941511154175 1.4972306489944458
817 0.8263894319534302 0.9673566222190857
818 0.526089608669281 0.2621710002422333
819 0.16902029514312744 -0.020263176411390305
820 0.20780813694000244 1.441697120666504
821 0.3282615840435028 -0.8187204003334045
822 1.328752040863037 -0.31744763255119324
823 0.25032681226730347 -0.683906614780426
824 0.7337431907653809 -0.866782009601593
825 0.4895172119140625 -1.256010890007019
826 1.7312204837799072 1.2841495275497437
827 1.359465479850769 0.2828836739063263
828 0.9677456617355347 -0.6690801382064819
829 0.14655227959156036 -0.16837038099765778
830 -0.4661023020744324 -1.6418489217758179
831 0.8702123165130615 0.9813302755355835
832 0.4609966278076172 0.10758800804615021
833 -0.9670524001121521 -0.36263591051101685
834 0.16912205517292023 -0.020169710740447044
835 -0.6861222386360168 -1.2000361680984497
836 -0.4629138112068176 -0.3639707863330841
837 2.3463847637176514 0.709767758846283
838 -0.9612602591514587 -0.637446403503418
839 0.49648234248161316 0.26746246218681335
840 0.1753126084804535 0.702284574508667
841 2.1295268535614014 0.9774938225746155
842 1.9846785068511963 -0.05720173567533493
843 1.251589298248291 -0.3825666904449463
844 0.5333310961723328 0.3707073926925659
845 1.3856396675109863 0.9432220458984375
846 0.05782297998666763 0.5078293085098267
847 0.6633687615394592 -1.5065686702728271
848 -0.7002213597297668 -0.7098502516746521
849 -0.5134474635124207 -1.3963267803192139
850 -0.14677156507968903 0.42238330841064453
851 0.1491953283548355 -0.14690616726875305
852 0.21766723692417145 -0.8406067490577698
853 0.2621079385280609 -1.455631136894226
854 1.9637722969055176 -0.04722598195075989
855 -0.19312436878681183 -1.53787100315094
856 1.404208779335022 0.9583086371421814
857 2.142441749572754 0.9425089359283447
858 0.2925213873386383 -0.5018481016159058
859 -0.9543141722679138 -0.38683226704597473
860 0.21602492034435272 -0.7837901711463928
861 0.9016161561012268 -0.9878286123275757
862 0.8468289375305176 0.9699382781982422
863 0.6411547660827637 1.4707762002944946
864 -0.386041522026062 0.899031937122345
865 0.21826431155204773 0.6458396911621094
866 1.5509482622146606 -0.11886955052614212
867 0.12218570709228516 0.5335510969161987
868 0.16595347225666046 -0.1239301934838295
869 -0.4368630051612854 0.9792004227638245
870 0.7742710113525391 -1.6824854612350464
871 -0.32770612835884094 -0.8775219917297363
872 1.3562431335449219 0.2752173840999603
873 -0.9689189791679382 0.07525858283042908
874 1.654293179512024 -0.724225640296936
875 2.2174346446990967 -1.2334853410720825
876 1.2801930904388428 -1.0821534395217896
877 1.295119285583496 -1.084089994430542
878 1.325660228729248 -1.0913996696472168
879 2.172556161880493 -1.3079458475112915
880 2.228482246398926 -0.6364057064056396
881 1.210878849029541 -1.9108515977859497
882 2.3398489952087402 -0.9374825358390808
883 1.7754350900650024 -1.3804728984832764
884 2.209383249282837 -0.6912420988082886
885 1.2165377140045166 -1.9092453718185425
886 2.4403793811798096 -0.531822919845581
887 2.383918523788452 -0.9034261703491211
888 2.1429662704467773 -1.3371552228927612
889 1.8350014686584473 -1.3111191987991333
890 1.2994002103805542 -1.1007944345474243
891 1.6670745611190796 -1.6445496082305908
892 1.5992083549499512 -0.7733700275421143
893 1.2102566957473755 -1.9073295593261719
895 1.834957480430603 -1.3110750913619995
896 2.3397953510284424 -0.9374372363090515
897 2.2212586402893066 -0.6764318346977234
898 1.8350858688354492 -1.3112130165100098
899 1.6832079887390137 -1.6697850227355957
900 1.2866767644882202 -1.0885872840881348
901 1.5912108421325684 -0.7777997255325317
902 1.6555203199386597 -0.7229101061820984
903 2.339803457260132 -0.9559369683265686
904 1.692288875579834 -1.6653261184692383
905 1.2165287733078003 -1.909296989440918
906 2.325305938720703 -0.9325696229934692
907 1.3065003156661987 -1.0917342901229858
908 2.263432025909424 -0.6311052441596985
909 1.2994533777236938 -1.1005157232284546
910 1.2165285348892212 -1.9092901945114136
911 1.571881890296936 -0.8040165305137634
912 1.3216590881347656 -1.1052131652832031
913 2.4418959617614746 -0.5324592590332031
914 1.8933418989181519 -1.502165675163269
915 1.3215773105621338 -1.1055537462234497
916 1.6259489059448242 -0.7458812594413757
917 1.6258310079574585 -0.7463857531547546
918 1.7939337491989136 -1.5974831581115723
919 2.142287254333496 -1.3216938972473145
920 1.3062971830368042 -1.0912138223648071
921 1.2165218591690063 -1.909324288368225
922 2.224470376968384 -0.6924852728843689
923 1.3050593137741089 -1.090630054473877
924 1.541300654411316 -1.859054684638977
925 1.744939923286438 -1.6522876024246216
926 1.6018794775009155 -0.7748350501060486
927 2.282532215118408 -0.5193403363227844
928 2.4806876182556152 -0.5758861303329468
929 2.437983512878418 -0.8844287991523743
930 1.5762615203857422 -0.7918757796287537
931 2.537855625152588 -0.5437578558921814
932 1.3355438709259033 -1.0992792844772339
933 1.591194987297058 -0.7772402167320251
934 2.2648966312408447 -1.2318748235702515
935 1.3219220638275146 -1.1048235893249512
936 1.682169795036316 -1.6716926097869873
937 2.231095314025879 -0.6281272768974304
938 1.2317332029342651 -1.8939099311828613
939 2.3207433223724365 -0.5111473202705383
940 1.2165347337722778 -1.9093033075332642
941 2.172136068344116 -1.3084297180175781
942 1.6121734380722046 -0.7509480714797974
943 2.320176124572754 -0.511069118976593
944 1.3019734621047974 -1.1064553260803223
945 1.2165288925170898 -1.9092899560928345
946 1.5981287956237793 -0.7813074588775635
947 1.6879085302352905 -1.6683613061904907
948 1.6476565599441528 -0.7329938411712646
949 1.8351017236709595 -1.3112305402755737
950 2.2724380493164062 -1.2111070156097412
951 1.3256736993789673 -1.0913790464401245
952 1.5992083549499512 -0.7733699679374695
953 1.6287789344787598 -0.7580459713935852
954 1.622504711151123 -0.7568474411964417
955 1.6400141716003418 -0.7157115936279297
956 1.705535650253296 -0.6827957034111023
957 1.2165297269821167 -1.9092888832092285
958 1.467319369316101 -1.6109565496444702
959 2.2979867458343506 -0.4972597062587738
960 1.9449793100357056 -1.4835261106491089
961 1.7838047742843628 -1.6015146970748901
962 0.770354151725769 -0.232028067111969
963 0.7705685496330261 -0.23212583363056183
