3 75820000 24 10580000
2 89380000 2 91140000
12 34220000 24 10580000
10 113500000 10 113740000
22 31220000 22 31940000
2 64220000 2 64300000
1 4860000 1 5140000
8 101340000 8 101620000
12 78340000 12 78700000
15 36100000 15 36460000
22 28540000 22 28740000
22 24980000 22 25060000
7 26100000 7 26180000
12 48020000 12 48180000
8 135980000 8 138580000
4 124420000 4 124500000
11 15300000 11 15580000
7 61500000 16 32460000
5 143580000 5 144620000
11 95220000 11 95740000
2 217300000 2 217740000
2 54620000 2 54700000
7 86420000 7 86620000
4 174180000 4 174420000
7 61500000 16 32420000
10 127620000 24 57420000
2 91180000 4 4260000
4 109180000 4 109620000
3 75820000 4 191180000
4 111780000 4 112140000
1 111820000 1 112060000
11 125300000 11 125540000
1 162540000 1 163300000
14 105860000 15 19980000
3 194980000 3 195340000
2 94900000 24 11780000
11 51100000 11 54620000
3 30260000 3 30740000
12 105300000 12 105820000
6 56340000 6 56460000
1 85540000 1 85940000
2 206060000 2 206140000
5 157540000 5 158100000
10 125180000 10 125300000
20 47700000 20 47900000
5 50300000 5 50700000
2 15700000 2 16540000
15 71660000 15 71780000
10 112060000 10 112300000
2 172260000 2 172660000
9 67940000 20 28220000
3 4740000 3 4980000
1 173620000 1 173860000
1 36940000 1 37300000
2 163860000 2 165060000
1 219180000 1 219340000
1 88740000 17 29100000
4 15620000 4 15780000
9 20340000 9 20940000
2 29380000 2 29900000
3 75860000 24 10580000
17 5660000 17 5980000
4 76100000 4 76620000
15 72260000 15 72380000
5 145140000 7 114180000
8 31660000 8 32020000
15 31540000 15 31620000
23 136340000 24 10620000
16 33820000 24 10620000
16 64220000 16 64740000
9 86580000 9 86740000
15 60500000 15 60700000
3 189100000 3 189860000
14 78540000 14 79020000
11 116820000 11 117180000
1 55660000 1 56100000
16 23100000 16 23340000
12 114180000 12 114340000
4 103740000 4 104180000
2 171740000 2 171820000
17 21460000 20 26060000
3 163060000 3 164300000
7 105180000 7 105340000
6 57700000 6 62100000
6 260000 16 32500000
6 113940000 6 114060000
15 65620000 15 65860000
5 113860000 5 114140000
16 23980000 16 24060000
2 91660000 8 46980000
16 33900000 24 10660000
5 167060000 5 167380000
20 20820000 20 21500000
11 20820000 11 21100000
4 143420000 4 143860000
17 43980000 17 44060000
13 92660000 13 93580000
2 158620000 2 159340000
2 158620000 2 159300000
3 193380000 3 193620000
22 28380000 22 28700000
4 109180000 4 109660000
2 45340000 2 45420000
4 190900000 21 9740000
2 228460000 2 229900000
2 217740000 2 217940000
4 186740000 4 187180000
13 52340000 13 52460000
7 23900000 7 24780000
7 154980000 7 156500000
5 31140000 5 31220000
4 10260000 4 10820000
7 142100000 9 33700000
17 5460000 17 5980000
12 106980000 12 107140000
3 30260000 3 30700000
16 84660000 16 85100000
11 15340000 11 15460000
20 37860000 20 38780000
14 74500000 14 74620000
2 198900000 2 200060000
5 46020000 19 32540000
6 32500000 6 32820000
7 61540000 16 32420000
12 95900000 12 96860000
3 620000 21 10180000
6 260000 16 33500000
20 22260000 20 22620000
18 2900000 18 3180000
14 61100000 14 61260000
11 7540000 11 7620000
2 207660000 2 207740000
10 87780000 10 87900000
1 19300000 1 19380000
21 10060000 24 57420000
3 76060000 20 26180000
5 49580000 19 24340000
6 108980000 6 109220000
17 5660000 17 5900000
10 112100000 10 112300000
9 133820000 9 133980000
6 151380000 6 151660000
11 51060000 11 54620000
15 31340000 15 31780000
15 73900000 15 74020000
19 32540000 21 9740000
18 58940000 18 59140000
12 66060000 12 66260000
21 38460000 21 38620000
15 97620000 15 98100000
1 163620000 1 163820000
5 88060000 5 88620000
5 157500000 5 158260000
3 110260000 7 99700000
10 72420000 10 72580000
1 179740000 1 179900000
1 116140000 1 116340000
6 134340000 6 134460000
2 1940000 2 2060000
20 17260000 20 17340000
4 191060000 9 67980000
11 51060000 11 54580000
11 129300000 11 129500000
4 82700000 4 82820000
4 119940000 4 120100000
5 142100000 5 142220000
10 22900000 10 23380000
7 41980000 7 42580000
15 96220000 15 96540000
4 170180000 4 170620000
5 46140000 19 32540000
10 101620000 10 101940000
2 237100000 2 237660000
16 24060000 16 24140000
3 125260000 3 125660000
4 191060000 21 9740000
3 76100000 20 26140000
9 126340000 9 126460000
8 52900000 16 33860000
3 63340000 3 63780000
10 26220000 10 26580000
9 3020000 9 3180000
9 73140000 9 73500000
4 15700000 4 15820000
4 123900000 4 124060000
2 163820000 2 164460000
12 16220000 12 16420000
6 52380000 6 52620000
5 149380000 5 149740000
7 15380000 7 16060000
7 121220000 7 121300000
11 87380000 11 87900000
17 35820000 17 35940000
12 90100000 12 90180000
14 67780000 14 68260000
2 200620000 2 200940000
3 30180000 3 30740000
5 145900000 5 146300000
14 28300000 14 28980000
5 71180000 19 23980000
7 69500000 7 69580000
5 21620000 6 57700000
6 27380000 6 27580000
21 35180000 21 36140000
5 5540000 5 5940000
1 199820000 1 200020000
11 13940000 11 14220000
10 75300000 10 75540000
1 110980000 1 111100000
14 61020000 14 61100000
6 91060000 6 91140000
1 42580000 1 42700000
2 46460000 2 46540000
2 29620000 2 29860000
1 177020000 1 177260000
12 88020000 12 88380000
4 121300000 4 122220000
2 210540000 2 210780000
5 170980000 5 171220000
6 61940000 6 62260000
18 38180000 18 39300000
8 97420000 8 98340000
1 63900000 1 64380000
8 104300000 8 104380000
1 19340000 1 19420000
16 33900000 21 9740000
11 57220000 11 57340000
7 138940000 7 139340000
12 4380000 12 4540000
3 65300000 3 65380000
16 23980000 16 24180000
15 37260000 15 37620000
4 53220000 4 53420000
10 113900000 10 114060000
6 20660000 6 21340000
6 113220000 6 114340000
2 191740000 2 191940000
14 32140000 14 33340000
3 188540000 3 188900000
12 29540000 12 30860000
1 26900000 1 26980000
1 144980000 16 69580000
18 47420000 18 48060000
21 27220000 21 27740000
1 141860000 3 75940000
8 23780000 8 23900000
8 81780000 8 82060000
2 197780000 2 197940000
3 140140000 3 140500000
16 50420000 16 50540000
4 191100000 9 67940000
6 220000 16 32500000
7 30620000 7 30700000
5 36460000 5 36740000
6 97700000 6 99540000
6 14060000 6 14140000
4 109300000 4 109620000
6 149140000 6 149340000
8 1060000 8 1220000
15 34980000 15 35180000
12 11620000 12 11900000
3 14220000 3 14500000
4 81500000 4 82180000
6 220000 16 32460000
21 27220000 21 27860000
11 46420000 11 46500000
2 18540000 2 19420000
6 300000 16 32460000
8 29700000 8 29820000
14 60180000 14 60780000
18 43820000 18 43940000
14 60180000 14 60700000
5 65660000 5 66060000
11 83780000 11 83940000
7 151700000 21 10100000
13 38900000 13 39060000
8 119820000 8 120020000
11 51100000 11 54660000
6 27300000 6 27580000
1 75020000 1 75420000
4 82580000 4 82820000
14 58660000 14 58860000
5 55940000 5 56100000
16 23980000 16 24140000
16 45740000 16 46060000
10 127580000 24 57420000
5 134940000 5 135100000
12 84460000 12 84740000
2 147500000 2 148380000
8 133980000 8 134220000
11 51100000 11 54580000
13 38580000 13 39140000
9 67940000 20 28260000
3 24740000 3 25580000
7 154860000 7 154980000
5 46180000 19 32540000
7 158780000 12 132260000
11 77660000 11 77740000
5 145900000 5 146740000
7 15340000 7 16060000
5 145700000 5 145780000
5 46100000 5 46300000
12 97980000 12 98260000
8 107060000 8 107660000
6 6740000 6 7180000
18 43820000 18 44220000
2 198420000 2 200060000
20 37060000 20 38780000
1 111580000 1 111700000
18 38420000 18 38780000
14 61700000 14 62780000
4 177060000 4 177500000
12 1100000 12 1540000
11 51060000 11 54700000
12 103340000 12 103540000
5 56820000 5 57780000
2 170940000 2 171380000
1 202420000 1 202580000
5 46020000 19 24340000
9 11300000 9 12460000
18 54580000 18 54900000
14 101620000 14 101700000
1 165300000 1 165500000
4 55540000 4 55900000
4 191140000 24 10580000
23 20460000 23 21620000
1 227060000 1 227300000
10 112060000 10 112340000
14 50140000 14 50300000
5 87100000 5 88020000
14 60180000 14 60820000
11 125300000 11 125580000
22 25540000 22 26060000
2 161860000 4 60000
1 236100000 1 236980000
18 54340000 18 54900000
14 56060000 14 56700000
12 61300000 12 61460000
3 112900000 3 113180000
3 194860000 3 195460000
18 38140000 18 39220000
1 18820000 1 19020000
7 120980000 7 121420000
8 106500000 8 106860000
22 28540000 22 28700000
6 157660000 6 158020000
20 52140000 20 52260000
4 9780000 4 10020000
8 118020000 8 118100000
3 150740000 3 150860000
3 37900000 3 37980000
5 46340000 19 32540000
3 75820000 24 10540000
4 159980000 4 160340000
4 190820000 13 62500000
1 191100000 11 33940000
16 33900000 19 32540000
7 61540000 16 32460000
2 177260000 2 177380000
12 105740000 12 105820000
9 106620000 9 107180000
3 190540000 3 190700000
1 55620000 1 56820000
9 113740000 9 113820000
17 30580000 17 30900000
20 50500000 20 50860000
7 26860000 7 27140000
2 163700000 2 165060000
9 9140000 9 9780000
12 105500000 12 105820000
2 200580000 2 201060000
9 27340000 9 27500000
1 111820000 1 112100000
5 95020000 5 95100000
5 49660000 19 24340000
4 41140000 4 41300000
12 68580000 12 69300000
13 29220000 13 29580000
7 48300000 7 49860000
1 87540000 1 88100000
6 74580000 6 75940000
3 71020000 3 71100000
2 156900000 2 157460000
1 141820000 4 48860000
1 212020000 1 212380000
18 59420000 18 59660000
17 620000 17 820000
2 151260000 2 151620000
3 109220000 3 109660000
7 151580000 21 10060000
10 97180000 10 97340000
16 33820000 21 9740000
5 121700000 5 122460000
6 106660000 6 106740000
15 49340000 15 49420000
6 52380000 6 52660000
14 94540000 14 94620000
2 217100000 2 217220000
2 200660000 2 201020000
4 109820000 4 110460000
8 93060000 8 94460000
8 23780000 8 24100000
3 3220000 3 4300000
7 57620000 20 26100000
4 37980000 4 38380000
3 24980000 3 25500000
5 21580000 6 57660000
7 151740000 21 10100000
2 37420000 2 37980000
8 81580000 8 81660000
11 51140000 11 54580000
5 151180000 5 151620000
3 76060000 20 26140000
6 40100000 6 40220000
10 91540000 10 92420000
2 54620000 2 54740000
17 44020000 17 44180000
16 33860000 24 10620000
5 127620000 5 128180000
3 27140000 3 27300000
3 25060000 3 25460000
4 15620000 4 15820000
6 300000 16 33500000
21 10180000 24 57420000
1 820000 24 10580000
2 153700000 17 71900000
5 73580000 5 73940000
7 111300000 7 111820000
1 59380000 1 59980000
4 160020000 4 160340000
2 15740000 2 16540000
1 56100000 1 56540000
4 25700000 4 26060000
2 91140000 4 4260000
14 32140000 14 32940000
1 5660000 24 10580000
22 27660000 22 27740000
8 95740000 8 95940000
4 184100000 4 184420000
3 9020000 3 9340000
5 173700000 5 174100000
14 56100000 14 56700000
17 29780000 17 29860000
5 46180000 19 24340000
2 222620000 2 222900000
5 163380000 5 163860000
9 118860000 9 119220000
14 36060000 14 36180000
3 194020000 3 194340000
6 148980000 6 149340000
17 5460000 17 6100000
1 146180000 16 69620000
14 56340000 14 56420000
9 620000 9 740000
5 170780000 5 171220000
10 104020000 10 104100000
1 14300000 1 14780000
20 49460000 20 49540000
7 151620000 21 10100000
1 36820000 1 36940000
3 112900000 3 113060000
3 38740000 3 38860000
1 239860000 1 240060000
3 113540000 3 113700000
1 142420000 3 75980000
4 191140000 20 28260000
3 188540000 3 188860000
21 45380000 21 45460000
10 62300000 10 63180000
3 113500000 3 113700000
14 35660000 14 36060000
21 38460000 21 38660000
6 25380000 6 25620000
5 46260000 19 32540000
5 153420000 5 153780000
7 138980000 7 139300000
12 11260000 12 11540000
16 13940000 16 14220000
12 112940000 12 113060000
2 237020000 2 237620000
12 55260000 15 37780000
8 22540000 8 22820000
4 121860000 4 122220000
6 56340000 6 56580000
4 186820000 4 187180000
1 87540000 1 88180000
3 55500000 3 55740000
8 30180000 8 30540000
11 87300000 11 87900000
5 49620000 19 24340000
3 64260000 3 64420000
4 75340000 6 71940000
6 28220000 6 28300000
14 77700000 14 78140000
4 190740000 21 9780000
1 36820000 1 37540000
1 44540000 1 44860000
3 160100000 3 160420000
11 27700000 11 28980000
12 113060000 12 113300000
1 170020000 1 170220000
6 260000 16 32460000
6 14540000 6 15740000
9 67900000 24 10540000
14 56100000 14 56740000
1 227500000 1 227660000
3 141300000 3 142060000
5 142060000 5 142220000
15 84220000 15 84500000
1 116940000 2 91300000
6 76100000 6 76300000
3 37620000 3 37740000
9 71780000 9 71900000
3 160100000 3 160340000
6 100660000 6 101020000
1 160340000 1 160460000
12 41260000 12 41980000
11 34060000 11 34140000
7 40780000 7 41740000
12 11620000 12 11820000
18 6540000 18 6900000
5 167140000 5 167340000
1 232420000 1 232500000
4 78380000 4 78500000
6 14020000 6 14140000
3 90420000 16 33900000
4 186820000 4 186900000
3 151420000 3 151620000
14 61020000 14 61260000
3 63580000 3 63780000
11 12780000 11 12860000
17 1940000 17 2060000
16 19860000 16 20180000
