1 0
2 0
3 0
4 1
5 1
6 1
7 1
8 1
9 2
10 2
11 2 3
12 3
13 3
14 3
15 3
16 3
17 4
18 4
19 4
20 4
21 4
22 4
23 0
24 0
25 5
26 5
27 5
28 5
29 5
30 5
31 5
32 5
33 5
34 6
35 6
36 6
37 6
38 6
39 6
40 6
41 6
42 6
43 6
44 6
45 7
46 7
47 7
48 7
49 7
50 7
51 7
52 8
53 8
54 8
55 8
56 8
57 8
58 8
59 8
60 9
61 9
62 9
63 9
64 0
65 0
66 0
67 0
68 0
69 0
70 0
71 0
72 0
73 0
74 10
75 10
76 10
77 10
78 11
79 11
80 11
81 11
82 11
83 11
84 12
85 12
86 12
87 12
88 12
89 12
90 12
91 12
92 12
93 12 13
94 13
95 13
96 13
97 13
98 13
99 13
100 13
101 13
102 0
103 14
104 14
105 14
106 14
107 14
108 14
109 14
110 0
111 15
112 15
113 15
114 15
115 15
116 15
117 15
118 15
119 0
120 16
121 16
122 16
123 16
124 16
125 16
126 16
127 16
128 16 17
129 17
130 17
131 17
132 17
133 17
134 17
135 17
136 17
137 18
138 18
139 18
140 18
141 18
142 18
143 0
144 0
145 0
146 0
147 0
148 19
149 19
150 19 20
151 20
152 20
153 20
154 20
155 20
156 0
157 0
158 0
159 21
160 21
161 21 22
162 22
163 22
164 0
165 23
166 23
167 23
168 23
169 23
170 23
171 23
172 23
173 23
174 23
175 23
176 23
177 23
178 23
179 23
180 23
181 24
182 24
183 24
184 24
185 24
186 24
187 24
188 24
189 24
190 24
191 24
192 24
193 24
194 24
195 24
196 24 25
197 25
198 25
199 25
200 25
201 25
202 25
203 25
204 25
205 25
206 25
207 25
208 25
209 26
210 26
211 26
212 26
213 26
214 26
215 26
216 26 27
217 27
218 27
219 27
220 27
221 27
222 27
223 27
224 27
225 27
226 27
227 27
228 27
229 27
230 27
231 27
232 27
233 27
234 27
235 27
236 27
237 27
238 27
239 27
240 27
241 0
242 28
243 28
244 28
245 28
246 28
247 28 29
248 29
249 29
250 29
251 29
252 29
253 29
254 29
255 29
256 29
257 29
258 29
259 29
260 30
261 30
262 30
263 30
264 30
265 30
266 30
267 30
268 30
269 30
270 0
271 31
272 31
273 31
274 31
275 0
276 0
277 32
278 32
279 32
280 32
281 32
282 32
283 32
284 32
285 32
286 32 33
287 33
288 33
289 33
290 33
291 33 34
292 34
293 34
294 34
295 34
296 34
297 34
298 34
299 34
300 0
301 0
302 0
303 35
304 35
305 35
306 0
307 36
308 36
309 36
310 36
311 36
312 36
313 36
314 36
315 36
316 36
317 36
318 36
319 36
320 36
321 36
322 36
323 36
324 36
325 36
326 36
327 36
328 36
329 36
330 36
331 36
332 36
333 36
334 36
335 36
336 37
337 37
338 37
339 37
340 37
341 37
342 37
343 37
344 37
345 37 38
346 38
347 38
348 38
349 39
350 39
351 39
352 39
353 40
354 40
355 40
356 40
357 40
358 40
359 40
360 40
361 40
362 40
363 40
364 40
365 40
366 40
367 40
368 40
369 40
370 40
371 40
372 40
373 40
374 40
375 40
376 40
377 0
378 0
379 0
380 0
381 0
382 41
383 41
384 41
385 41
386 41
387 41
388 41
389 41
390 41
391 41
392 41
393 41
394 41
395 41
396 41
397 41
398 41
399 41
400 42
401 42
402 42
403 42
404 43
405 43
406 43
407 43
408 43 44
409 44
410 44
411 44
412 44
413 44
414 45
415 45
416 45
417 45
418 45
419 45
420 45
421 45
422 45
423 45
424 45
425 45
426 45
427 45
428 45
429 45
430 45
431 45
432 45
433 45
434 45
435 45
436 45
437 45
438 45
439 45
440 45
441 45
442 45
443 45
444 45 46
445 46
446 46
447 46
448 0
449 0
450 0
451 0
452 0
453 47
454 47
455 47
456 47
457 47
458 0
459 0
460 0
461 0
462 0
463 0
464 0
465 0
466 0
467 0
468 0
469 0
470 0
471 0
472 0
473 0
474 0
475 0
476 0
477 0
478 0
479 0
480 0
481 0
482 0
483 0
484 0
485 0
486 0
487 0
488 0
489 0
490 0
491 0
492 0
493 0
494 0
495 0
496 0
497 0
498 0
499 0
500 0
501 0
502 0
503 0
504 0
505 0
506 0
507 0
508 0
509 0
510 0
511 0
512 0
513 0
514 0
515 0
516 0
517 0
518 0
519 0
520 48
521 48
522 48
523 48
524 48
525 48
526 48
527 49
528 49
529 49
530 49
531 49
532 49
533 49
534 49
535 0
536 50
537 50
538 50
539 50
540 50
541 50
542 50
543 50
544 50 51
545 51
546 51
547 51
548 51
549 51
550 51
551 51
552 0
553 0
554 0
555 0
556 0
557 0
558 52
559 52
560 52
561 52
562 0
563 53
564 53
565 53
566 53
567 53
568 0
569 0
570 0
571 0
572 0
573 0
574 0
575 0
576 0
577 0
578 0
579 0
580 0
581 0
582 0
583 0
584 0
585 0
586 54
587 54
588 54
589 0
590 0
591 0
592 0
593 0
594 0
595 0
596 0
597 0
598 0
599 0
600 0
601 0
602 0
603 0
604 0
605 0
606 0
607 0
608 55
609 55
610 55
611 55
612 55
613 55
614 55
615 55
616 55
617 55
618 55
619 55
620 0
621 0
622 0
623 0
624 0
625 0
626 0
627 0
628 56
629 56
630 56
631 56
632 56
633 56
634 56
635 56
636 56
637 56
638 56
639 56
640 56
641 0
642 57
643 57
644 57
645 57 58
646 58
647 58 59
648 59
649 59
650 59
651 59
652 59
653 59
654 59
655 59
656 59
657 59
658 0
659 0
660 60
661 60
662 60
663 0
664 61
665 61
666 61
667 61
668 61 62
669 62
670 62
671 62
672 62
673 62
674 62
675 62
676 62
677 0
678 63
679 63
680 63
681 63
682 63
683 63
684 63
685 63
686 63
687 63
688 63
689 63
690 63
691 63
692 64
693 64
694 64
695 64
696 64
697 64
698 64
699 64 65
700 65
701 65
702 65
703 65
704 65
705 65
706 65
707 65
708 65
709 65
710 66
711 66
712 66
713 66
714 66
715 66
716 66
717 66
718 66
719 66
720 66
721 66
722 66
723 66
724 66
725 66
726 66
727 67
728 67
729 67
730 67
731 67
732 68
733 68
734 68
735 68
736 68
737 0
738 0
739 0
740 0
741 0
742 0
743 0
744 0
745 0
746 0
747 0
748 0
749 0
750 0
751 0
752 0
753 0
754 0
755 0
756 0
757 0
758 0
759 0
760 0
761 0
762 0
763 0
764 0
765 0
766 0
767 0
768 0
769 0
770 0
771 0
772 0
773 0
774 0
775 0
776 0
777 0
778 0
779 0
780 0
781 0
782 0
783 0
784 0
785 0
786 0
787 0
788 0
789 0
790 0
791 0
792 0
793 0
794 0
795 0
796 0
797 0
798 0
799 0
800 0
801 0
802 0
803 0
804 69
805 69
806 69
807 69
808 0
809 0
810 0
811 0
812 0
813 0
814 0
815 0
816 0
817 0
818 0
819 0
820 0
821 0
822 0
823 0
824 0
825 0
826 70
827 70
828 70
829 70
830 70
831 71
832 71
833 71
834 71
835 71
836 71
837 71
838 71
839 71
840 71
841 71
842 71
843 71
844 71
845 71
846 71
847 71
848 71
849 71
850 71
851 71
852 71
853 0
854 0
855 72
856 72
857 72
858 72
859 72
860 72
861 72
862 72
863 72
864 72
865 72
866 72
867 72 73
868 73
869 73
870 73 74
871 74
872 74
873 74
874 74
875 74
876 74
877 74
878 74
879 74
880 74
881 74
882 74
883 75
884 75
885 75
886 75
887 75
888 75
889 75
890 75
891 75
892 75
893 75
894 75
895 75
896 75
897 75
898 75
899 75 76
900 76
901 76
902 76
903 76
904 76
905 76
906 76
907 76
908 76 77
909 77
910 77
911 77
912 77
913 77
914 77
915 77
916 77
917 0
918 78
919 78
920 79
921 79
922 79
923 79
924 80
925 80
926 81
927 81
928 81
929 82
930 82
931 82
932 82
933 82
934 83
935 83
936 83
937 83
938 83
939 84
940 84
941 84
942 84
943 84
944 84 85
945 85
946 85
947 85
948 85
949 85
950 85
951 86
952 86
953 0
954 0
955 87
956 87
957 87
958 87 88
959 88
960 88
961 88
962 88
963 88
964 0
965 0
966 0
967 0
968 0
969 0
970 0
971 0
972 0
973 0
974 0
975 0
976 0
977 0
978 0
979 0
980 0
981 0
982 0
983 0
984 0
985 0
986 0
987 0
988 0
989 0
990 0
991 0
992 0
993 0
994 0
995 0
996 0
997 0
998 0
999 0
1000 0
1001 0
1002 0
1003 0
1004 0
1005 0
1006 0
1007 0
1008 0
1009 0
1010 0
1011 0
1012 0
1013 0
1014 0
1015 0
1016 0
1017 0
1018 0
1019 0
1020 0
1021 0
1022 0
1023 0
1024 89
1025 89
1026 89
1027 89
1028 89
1029 89
1030 89
1031 89
1032 89
1033 0
1034 0
1035 0
1036 0
1037 0
1038 0
1039 0
1040 0
1041 0
1042 0
1043 0
1044 0
1045 0
1046 0
1047 0
1048 0
1049 0
1050 0
1051 0
1052 0
1053 0
1054 0
1055 0
1056 0
1057 0
1058 0
1059 0
1060 0
1061 0
1062 0
1063 0
1064 0
1065 0
1066 0
1067 0
1068 0
1069 0
1070 0
1071 0
1072 0
1073 0
1074 0
1075 0
1076 0
1077 0
1078 0
1079 0
1080 0
1081 0
1082 0
1083 0
1084 0
1085 0
1086 0
1087 0
1088 0
1089 0
1090 0
1091 0
1092 0
1093 0
1094 0
1095 0
1096 0
1097 0
1098 0
1099 0
1100 0
1101 0
1102 0
1103 0
1104 0
1105 0
1106 0
1107 0
1108 0
1109 0
1110 0
1111 0
1112 0
1113 0
1114 90
1115 90
1116 90
1117 90
1118 90
1119 90
1120 90
1121 90
1122 90
1123 90
1124 90
1125 90
1126 90
1127 90
1128 90
1129 90
1130 90
1131 90
1132 90
1133 91
1134 91
1135 91
1136 91
1137 91
1138 91
1139 91
1140 91
1141 91
1142 91 92
1143 92
1144 92
1145 92
1146 92
1147 92
1148 92
1149 92
1150 92
1151 92
1152 92
1153 93
1154 93
1155 93
1156 93
1157 93
1158 93
1159 93
1160 93
1161 93
1162 93
1163 93
1164 93
1165 93
1166 93
1167 93
1168 93
1169 93 94
1170 94
1171 94
1172 94
1173 0
1174 0
1175 0
1176 0
1177 95
1178 95
1179 95 96
1180 96
1181 96
1182 96
1183 96
1184 96
1185 96
1186 0
1187 97
1188 97
1189 97
1190 98
1191 98
1192 98
1193 0
1194 0
1195 0
1196 0
1197 0
1198 99
1199 99
1200 99
1201 99 100
1202 100
1203 100 101
1204 101
1205 101
1206 102
1207 102
1208 102
1209 0
1210 103
1211 103 104
1212 104
1213 104
1214 104
1215 104
1216 104
1217 104
1218 104
1219 104
1220 104
1221 105
1222 105
1223 105
1224 105
1225 106
1226 106
1227 106
1228 106
1229 106
1230 106
1231 106
1232 107
1233 107
1234 107
1235 107
1236 107
1237 107
1238 107
1239 108
1240 108
1241 108
1242 108
1243 0
1244 109
1245 109
1246 109
1247 109 110
1248 110
1249 110
1250 110
1251 110
1252 110
1253 110
1254 111
1255 111
1256 111
1257 111
1258 111
1259 111
1260 111
1261 111
1262 111
1263 111
1264 111
1265 112
1266 112
1267 112
1268 112
1269 112
1270 112
1271 112 113
1272 113
1273 113
1274 113
1275 113
1276 113
1277 113
1278 113
1279 113
1280 113
1281 113
1282 113
1283 113 114
1284 114
1285 114
1286 114
1287 114
1288 114
1289 114
1290 114
1291 114 115
1292 115
1293 115
1294 115
1295 115
1296 115
1297 115
1298 115
1299 115
1300 115
1301 115
1302 115
1303 115 116
1304 116
1305 116
1306 116 117
1307 117
1308 117
1309 117
1310 117
1311 117
1312 117
1313 117
1314 117
1315 117
1316 117
1317 117
1318 117
1319 117
1320 117
1321 117
1322 117
1323 117
1324 117
1325 117
1326 117
1327 117
1328 117
1329 117
1330 117
1331 117
1332 117
1333 117
1334 117
1335 117
1336 117
1337 118
1338 118
1339 118
1340 118
1341 118 119
1342 119
1343 119
1344 120
1345 120
1346 120
1347 0
1348 0
1349 0
1350 0
1351 0
1352 0
1353 0
1354 0
1355 0
1356 121
1357 121
1358 121
1359 121
1360 121
1361 121
1362 121
1363 121
1364 121
1365 121
1366 121
1367 121
1368 122
1369 122
1370 122
1371 122
1372 122
1373 122
1374 122
1375 122
1376 122
1377 122
1378 122 123
1379 123
1380 123
1381 123
1382 0
1383 0
1384 0
1385 0
1386 0
1387 0
1388 0
1389 0
1390 124
1391 124
1392 124
1393 124
1394 124
1395 124
1396 124
1397 124
1398 124
1399 124
1400 124
1401 124
1402 124
1403 124
1404 124
1405 124
1406 124
1407 125
1408 125
1409 125
1410 125
1411 125
1412 125
1413 125 126
1414 126
1415 126
1416 126
1417 126
1418 126
1419 126
1420 126
1421 126
1422 126
1423 126
1424 127
1425 127
1426 127
1427 0
1428 0
1429 0
1430 0
1431 0
1432 0
1433 128
1434 128
1435 128
1436 128
1437 128
1438 128
1439 128
1440 128
1441 128
1442 128
1443 128
1444 128
1445 128
1446 128
1447 128
1448 128
1449 129
1450 129
1451 129
1452 0
1453 130
1454 130
1455 130
1456 130
1457 130
1458 130
1459 130
1460 130
1461 130
1462 130
1463 130 131
1464 131
1465 131
1466 131
1467 131
1468 131
1469 0
1470 132
1471 132
1472 132
1473 132
1474 133
1475 133
1476 133
1477 133
1478 133
1479 0
1480 134
1481 134
1482 134
1483 134
1484 134
1485 134
1486 134
1487 135
1488 135
1489 135
1490 136
1491 136
1492 136
1493 137
1494 137
1495 137
1496 137
1497 137
1498 137
1499 137
1500 137 138
1501 138
1502 138
1503 138 139
1504 139
1505 139
1506 139 140
1507 140
1508 140
1509 140 141
1510 141
1511 141
1512 141
1513 141
1514 141
1515 141
1516 141
1517 141
1518 141
1519 141
1520 141
1521 141
1522 0
1523 0
1524 0
1525 0
1526 142
1527 142
1528 142
1529 143
1530 143
1531 143 144
1532 144
1533 144
1534 0
1535 0
1536 145
1537 145 146
1538 146
1539 146
1540 0
1541 147
1542 147
1543 147
1544 147
1545 147
1546 147
1547 147
1548 148
1549 148
1550 148
1551 148
1552 148
1553 148
1554 148
1555 148
1556 148
1557 0
1558 149
1559 149
1560 149
1561 149
1562 149
1563 149
1564 149
1565 149
1566 149
1567 150
1568 150
1569 150
1570 150
1571 150
1572 150
1573 150
1574 150
1575 150
1576 150
1577 150
1578 0
1579 0
1580 0
1581 0
1582 151
1583 151
1584 151
1585 151
1586 0
1587 0
1588 0
1589 0
1590 0
1591 0
1592 0
1593 0
1594 0
1595 0
1596 0
1597 0
1598 0
1599 0
1600 0
1601 0
1602 0
1603 0
1604 0
1605 0
1606 0
1607 0
1608 0
1609 152
1610 152
1611 152
1612 152
1613 152
1614 152
1615 0
1616 0
1617 0
1618 0
1619 0
1620 0
1621 0
1622 0
1623 0
1624 0
1625 0
1626 0
1627 0
1628 0
1629 153
1630 153
1631 153
1632 153
1633 153
1634 153
1635 153
1636 0
1637 0
1638 0
1639 0
1640 0
1641 0
1642 0
1643 0
1644 0
1645 0
1646 0
1647 0
1648 0
1649 154
1650 154
1651 154
1652 154
1653 155
1654 155
1655 155
1656 155
1657 155
1658 155
1659 155
1660 155
1661 156
1662 156
1663 156
1664 156
1665 156
1666 156
1667 156
1668 156
1669 156
1670 156
1671 156 157
1672 157
1673 157
1674 157
1675 157
1676 157
1677 157
1678 157
1679 157
1680 157
1681 157
1682 157
1683 0
1684 0
1685 0
1686 0
1687 0
1688 0
1689 0
1690 158
1691 158
1692 158
1693 158
1694 158
1695 158
1696 158
1697 158
1698 158
1699 158
1700 158
1701 158
1702 158
1703 158
1704 158
1705 158
1706 158
1707 159
1708 159
1709 159
1710 159
1711 159
1712 159
1713 159
1714 160
1715 160
1716 160
1717 160
1718 160
1719 160
1720 160
1721 160
1722 0
1723 161
1724 161
1725 161
1726 161
1727 161
1728 161
1729 161
1730 161
1731 161
1732 161
1733 0
1734 162
1735 162
1736 162
1737 162
1738 162
1739 162
1740 162
1741 162
1742 163
1743 163
1744 0
1745 0
1746 0
1747 0
1748 0
1749 0
1750 0
1751 0
1752 0
1753 0
1754 0
1755 0
1756 0
1757 164
1758 164
1759 164
1760 164
1761 164
1762 164
1763 164
1764 164
1765 164
1766 164
1767 165
1768 165
1769 165
1770 165
1771 165
1772 165
1773 165
1774 165
1775 0
1776 0
1777 0
1778 0
1779 0
1780 0
1781 0
1782 0
1783 0
1784 0
1785 0
1786 0
1787 0
1788 0
1789 0
1790 0
1791 0
1792 0
1793 0
1794 0
1795 0
1796 0
1797 0
1798 0
1799 0
1800 0
1801 166
1802 166
1803 166
1804 166
1805 166
1806 0
1807 0
1808 0
1809 0
1810 0
1811 0
1812 0
1813 0
1814 0
1815 0
1816 0
1817 0
1818 0
1819 0
1820 0
1821 0
1822 0
1823 0
1824 0
1825 0
1826 0
1827 0
1828 0
1829 0
1830 0
1831 0
1832 0
1833 0
1834 0
1835 0
1836 0
1837 0
1838 0
1839 0
1840 0
1841 0
1842 0
1843 0
1844 0
1845 0
1846 0
1847 0
1848 0
1849 0
1850 0
1851 0
1852 0
1853 0
1854 167
1855 167
1856 167
1857 167
1858 167
1859 167
1860 168
1861 168
1862 168
1863 168
1864 168
1865 168
1866 168
1867 168
1868 168
1869 168
1870 168
1871 168
1872 0
1873 0
1874 0
1875 0
1876 0
1877 0
1878 0
1879 0
1880 0
1881 0
1882 0
1883 169
1884 169
1885 169 170
1886 170
1887 170
1888 171
1889 171
1890 171
1891 171
1892 171
1893 171
1894 171
1895 172
1896 172
1897 172
1898 172
1899 172
1900 172
1901 172
1902 172
1903 172
1904 172
1905 172
1906 172
1907 172
1908 172
1909 172
1910 172
1911 172 173
1912 173
1913 173
1914 173
1915 173
1916 173
1917 173
1918 173
1919 173
1920 173
1921 173
1922 173
1923 173
1924 173 174
1925 174
1926 174
1927 0
1928 0
1929 0
1930 0
1931 0
1932 0
1933 0
1934 0
1935 0
1936 0
1937 0
1938 0
1939 0
1940 0
1941 0
1942 0
1943 0
1944 0
1945 0
1946 0
1947 0
1948 0
1949 0
1950 0
1951 0
1952 0
1953 0
1954 0
1955 0
1956 0
1957 0
1958 0
1959 0
1960 0
1961 0
1962 0
1963 0
1964 0
1965 0
1966 0
1967 0
1968 0
1969 0
1970 0
1971 0
1972 0
1973 0
1974 0
1975 0
1976 0
1977 0
1978 0
1979 0
1980 0
1981 0
1982 0
1983 0
1984 0
1985 0
1986 0
1987 0
1988 0
1989 0
1990 0
1991 0
1992 0
1993 0
1994 0
1995 0
1996 0
1997 0
1998 0
1999 0
2000 0
2001 0
2002 0
2003 0
2004 0
2005 0
2006 0
2007 0
2008 0
2009 175
2010 175
2011 175
2012 175
2013 175
2014 175
2015 175
2016 175
2017 175
2018 0
2019 0
2020 0
2021 0
2022 0
2023 0
2024 0
2025 0
2026 0
2027 0
2028 0
2029 0
2030 0
2031 0
2032 0
2033 0
2034 0
2035 176
2036 176
2037 176
2038 176
2039 0
2040 0
2041 0
2042 0
2043 0
2044 177
2045 177
2046 177
2047 177
2048 177
2049 177
2050 177
2051 0
2052 178
2053 178
2054 178
2055 178
2056 178
2057 178
2058 178
2059 178
2060 0
2061 0
2062 179
2063 179
2064 179
2065 179
2066 179
2067 179
2068 179
2069 179
2070 179
2071 180
2072 180
2073 180
2074 180
2075 180
2076 180
2077 180
2078 180
2079 180
2080 180
2081 180
2082 180
2083 0
2084 0
2085 0
2086 0
2087 0
2088 0
2089 0
2090 0
2091 0
2092 0
2093 0
2094 0
2095 0
2096 0
2097 0
2098 0
2099 0
2100 0
2101 0
2102 0
2103 0
2104 0
2105 0
2106 0
2107 0
2108 0
2109 0
2110 0
2111 0
2112 0
2113 0
2114 0
2115 0
2116 0
2117 0
2118 181
2119 181
2120 181
2121 0
2122 0
2123 0
2124 0
2125 0
2126 0
2127 0
2128 0
2129 0
2130 0
2131 0
2132 0
2133 0
2134 0
2135 0
2136 0
2137 0
2138 0
2139 0
2140 0
2141 0
2142 0
2143 0
2144 182
2145 182
2146 182
2147 182
2148 0
2149 183
2150 183
2151 183
2152 183
2153 183
2154 183
2155 183
2156 183
2157 183
2158 183 184
2159 184
2160 184
2161 184
2162 184
2163 184
2164 184
2165 184
2166 184
2167 184
2168 184
2169 184
2170 184
2171 184
2172 184
2173 184
2174 184
2175 184
2176 184
2177 185
2178 185
2179 185
2180 185
2181 185
2182 185
2183 185
2184 185
2185 185
2186 185
2187 185
2188 185
2189 185
2190 185
2191 185
2192 185
2193 185
2194 0
2195 186
2196 186
2197 186
2198 186
2199 186
2200 186
2201 186
2202 187
2203 187
2204 187
2205 187
2206 187
2207 187 188
2208 188
2209 188
2210 188
2211 188
2212 188
2213 188
2214 188
2215 188
2216 188
2217 188
2218 188
2219 188
2220 188
2221 188
2222 188
2223 188 189
2224 189
2225 189
2226 189
2227 189 190
2228 190
2229 190 191
2230 191
2231 191
2232 191
2233 191
2234 191
2235 191 192
2236 192
2237 192
2238 192
2239 192
2240 192 193
2241 193
2242 193 194
2243 194
2244 194
2245 0
2246 0
2247 0
2248 0
2249 0
2250 195
2251 195
2252 195
2253 195
2254 195
2255 0
2256 0
2257 0
2258 0
2259 0
2260 0
2261 0
2262 0
2263 0
2264 196
2265 196
2266 196
2267 196
2268 196
2269 196
2270 196
2271 196
2272 196
2273 196 197
2274 197
2275 197
2276 197
2277 198
2278 198
2279 198
2280 198
2281 198
2282 198
2283 198
2284 199
2285 199
2286 199
2287 199
2288 199
2289 199
2290 199
2291 0
2292 0
2293 0
2294 0
2295 0
2296 0
2297 0
2298 0
2299 0
2300 0
2301 200
2302 200
2303 200
2304 200 201
2305 201
2306 201
2307 201
2308 201
2309 201
2310 201
2311 201
2312 201
2313 201
2314 201
2315 201
2316 201
2317 201
2318 201
2319 201
2320 201
2321 201
2322 201
2323 201
2324 0
2325 202
2326 202
2327 202
2328 202
2329 202
2330 202
2331 202
2332 202
2333 203
2334 203
2335 203
2336 203
2337 203
2338 203
2339 203
2340 203
2341 203
2342 203
2343 203 204
2344 204
2345 0
2346 205
2347 205
2348 205
2349 205
2350 205
2351 205
2352 205
2353 205
2354 206
2355 206
2356 206
2357 206
2358 206
2359 206
2360 0
2361 207
2362 207
2363 207
2364 207
2365 207
2366 207
2367 207
2368 207
2369 207
2370 0
2371 208
2372 208
2373 208
2374 208
2375 208
2376 208
2377 208
2378 209
2379 209
2380 209
2381 209
2382 209
2383 209
2384 209
2385 209 210
2386 210
2387 210
2388 210
2389 210
2390 210
2391 210
2392 210
2393 210
2394 210
2395 210
2396 210
2397 210
2398 210
2399 210
2400 210
2401 210
2402 210
2403 210
2404 210
2405 211
2406 211
2407 211
2408 211
2409 211
2410 211
2411 211
2412 211
2413 211
2414 211
2415 211
2416 211
2417 211
2418 211
2419 211
2420 211
2421 211
2422 211
2423 212
2424 212
2425 212
2426 212
2427 212
2428 212
2429 212
2430 212
2431 213
2432 213
2433 213
2434 213
2435 213
2436 213
2437 213
2438 213
2439 213
2440 213
2441 213
2442 213 214
2443 214
2444 214
2445 214
2446 214
2447 214
2448 214
2449 215
2450 215
2451 215
2452 215
2453 215
2454 215
2455 215
2456 215
2457 215
2458 215
2459 215 216
2460 216
2461 216
2462 216
2463 216
2464 216
2465 216
2466 216
2467 216
2468 216
2469 216
2470 216 217
2471 217
2472 217
2473 217
2474 0
2475 0
2476 0
2477 0
2478 0
2479 218
2480 218
2481 218
2482 218
2483 0
2484 0
2485 0
2486 219
2487 219
2488 219
2489 219
2490 219 220
2491 220
2492 220
2493 220
2494 220
2495 220
2496 221
2497 221
2498 221
2499 221
2500 221
2501 221
2502 221
2503 221
2504 221
2505 221
2506 221
2507 222
2508 222
2509 222
2510 222
2511 222
2512 223
2513 223
2514 223
2515 223
2516 224
2517 224
2518 224
2519 224
2520 224
2521 224
2522 224
2523 224
2524 224 225
2525 225
2526 225
2527 225
2528 225
2529 225
2530 225
2531 225
2532 225
2533 225
2534 225
2535 225
2536 225
2537 225
2538 225
2539 225
2540 225
2541 0
2542 0
2543 0
2544 0
2545 0
2546 0
2547 0
2548 0
2549 0
2550 0
2551 0
2552 0
2553 0
2554 0
2555 0
2556 0
2557 0
2558 226
2559 226
2560 226
2561 226 227
2562 227
2563 227
2564 227
2565 227
2566 227
2567 227
2568 227
2569 227
2570 227
2571 227
2572 227
2573 227
2574 227
2575 227 228
2576 228
2577 228
2578 0
2579 0
2580 229
2581 229
2582 229
2583 229
2584 229
2585 229 230
2586 230
2587 230
2588 230
2589 230
2590 230
2591 230
2592 230
2593 230
2594 0
2595 0
2596 231
2597 231
2598 231
2599 231
2600 231
2601 231
2602 232
2603 232
2604 232
2605 232
2606 232
2607 233
2608 233
2609 233
2610 233
2611 233
2612 233
2613 233
2614 233
2615 233
2616 233
2617 0
2618 234
2619 234
2620 234
2621 234
2622 234
2623 234
2624 234
2625 234
2626 234
2627 234
2628 234
2629 234
2630 234
2631 234
2632 234
2633 0
2634 0
2635 235
2636 235
2637 235
2638 235
2639 235
2640 0
2641 236
2642 236
2643 236
2644 236
2645 236
2646 236
2647 236
2648 0
2649 0
2650 0
2651 0
2652 0
2653 0
2654 0
2655 0
2656 0
2657 0
2658 0
2659 237
2660 237
2661 237
2662 237
2663 237
2664 237
2665 237
2666 237
2667 237
2668 237
2669 237
2670 237
2671 237
2672 237
2673 237
2674 237
2675 237
2676 238
2677 238
2678 238
2679 238
2680 238
2681 238 239
2682 239
2683 239
2684 0
2685 0
2686 0
2687 0
2688 0
2689 0
2690 0
2691 0
2692 0
2693 0
2694 0
2695 0
2696 0
2697 0
2698 0
2699 0
2700 0
2701 0
2702 0
2703 0
