1 0
2 0
3 0
4 0
5 0
6 0
7 1
8 1
9 1
10 1
11 2
12 2
13 2
14 2
15 2
16 2
17 2
18 2
19 2
20 2
21 2
22 3
23 3
24 3
25 3
26 3
27 3
28 3
29 0
30 4
31 4
32 4
33 4
34 0
35 5
36 5
37 5
38 5
39 5
40 5
41 5
42 0
43 0
44 0
45 6
46 6
47 6
48 6
49 6
50 6
51 6
52 6
53 6
54 6
55 6
56 6
57 6
58 7
59 7
60 7
61 7
62 7
63 7
64 7
65 8
66 8
67 8
68 8
69 8
70 0
71 9
72 9
73 9
74 9
75 10
76 10
77 10
78 10
79 10
80 10
81 10
82 10
83 10
84 10
85 10
86 10 11
87 11
88 11
89 11
90 11
91 11
92 11
93 0
94 0
95 0
96 12
97 12
98 12
99 12
100 12
101 12
102 13
103 13
104 13
105 13
106 13
107 13
108 13
109 13 14
110 14
111 14
112 14
113 15
114 15
115 15
116 0
117 0
118 16
119 16
120 16
121 16
122 17
123 17
124 17
125 17
126 17
127 17 18
128 18
129 18
130 18
131 18
132 18 19
133 19
134 19
135 19
136 19
137 20
138 20
139 20
140 20
141 20
142 0
143 0
144 21
145 21
146 21
147 21
148 21
149 21
150 21
151 21
152 22
153 22
154 22
155 22
156 22
157 22
158 22
159 22
160 22
161 22
162 22
163 22
164 22
165 22
166 0
167 0
168 0
169 0
170 0
171 0
172 0
173 0
174 0
175 0
176 0
177 0
178 0
179 0
180 0
181 0
182 0
183 0
184 0
185 0
186 0
187 0
188 0
189 0
190 0
191 0
192 23
193 23
194 23
195 23
196 23
197 23
198 23
199 23
200 0
201 24
202 24
203 24
204 24
205 24
206 24
207 0
208 0
209 0
210 0
211 0
212 0
213 0
214 0
215 0
216 0
217 0
218 0
219 0
220 0
221 0
222 0
223 0
224 0
225 0
226 0
227 0
228 0
229 0
230 0
231 0
232 0
233 0
234 0
235 0
236 0
237 0
238 0
239 0
240 0
241 0
242 0
243 0
244 0
245 0
246 0
247 0
248 0
249 0
250 0
251 0
252 0
253 0
254 0
255 25
256 25
257 25
258 0
259 0
260 0
261 0
262 0
263 0
264 0
265 0
266 0
267 26
268 26
269 26
270 26
271 26
272 26
273 26
274 26
275 26
276 26
277 26
278 26
279 26
280 26
281 26
282 26
283 26
284 26
285 26
286 26
287 26
288 26
289 26 27
290 27
291 27
292 27
293 27
294 27
295 27
296 27
297 0
298 0
299 0
300 0
301 0
302 0
303 0
304 0
305 28
306 28
307 28
308 28
309 28 29
310 29
311 29
312 29
313 29
314 0
315 0
316 0
317 0
318 30
319 30
320 30
321 30
322 30
323 30
324 31
325 31
326 31
327 31
328 31
329 31
330 31
331 31
332 31
333 31
334 31
335 31
336 0
337 0
338 0
339 0
340 0
341 0
342 32
343 32
344 32
345 32
346 32
347 32
348 32
349 32
350 32
351 0
352 0
353 0
354 0
355 0
356 33
357 33
358 33
359 33
360 33
361 33
362 33
363 33
364 33
365 33
366 34
367 34
368 34
369 34
370 34
371 34
372 34
373 34
374 34
375 34
376 34
377 34
378 34
379 34
380 34
381 34 35
382 35
383 35
384 35
385 35
386 35
387 35
388 35
389 35
390 35 36
391 36
392 36
393 36
394 36
395 36
396 36
397 36
398 36
399 37
400 37
401 37
402 37
403 37
404 37
405 37
406 37
407 37
408 38
409 38
410 38
411 38
412 38
413 38
414 38
415 38
416 38
417 38
418 38
419 38
420 38
421 38
422 38
423 38
424 39
425 39
426 39
427 39
428 39
429 39
430 39
431 0
432 0
433 0
434 0
435 0
436 0
437 40
438 40
439 40
440 40
441 40
442 0
443 0
444 0
445 0
446 0
447 0
448 0
449 0
450 0
451 0
452 0
453 0
454 0
455 0
456 0
457 0
458 0
459 0
460 0
461 0
462 0
463 0
464 0
465 0
466 0
467 0
468 0
469 0
470 0
471 0
472 0
473 0
474 0
475 0
476 0
477 0
478 0
479 0
480 0
481 0
482 0
483 0
484 0
485 0
486 0
487 0
488 0
489 0
490 0
491 0
492 0
493 0
494 0
495 0
496 0
497 0
498 0
499 0
500 0
501 0
502 0
503 0
504 0
505 0
506 0
507 0
508 0
509 0
510 0
511 0
512 0
513 0
514 0
515 0
516 0
517 0
518 0
519 0
520 0
521 0
522 0
523 0
524 0
525 0
526 0
527 0
528 0
529 0
530 0
531 0
532 0
533 0
534 0
535 41
536 41
537 41
538 41 42
539 42
540 42
541 0
542 0
543 0
544 0
545 0
546 0
547 43
548 43
549 43
550 43
551 43
552 43
553 0
554 0
555 44
556 44
557 44
558 44
559 44
560 44
561 44
562 44
563 0
564 0
565 0
566 0
567 0
568 0
569 0
570 0
571 0
572 0
573 0
574 0
575 0
576 0
577 0
578 0
579 0
580 0
581 0
582 0
583 0
584 0
585 0
586 0
587 0
588 0
589 0
590 0
591 0
592 0
593 0
594 0
595 0
596 0
597 0
598 0
599 0
600 0
601 0
602 0
603 0
604 0
605 0
606 0
607 0
608 0
609 0
610 0
611 0
612 0
613 0
614 0
615 0
616 0
617 0
618 0
619 0
620 0
621 0
622 0
623 45
624 45
625 45
626 45
627 45
628 45
629 45
630 45
631 45
632 45
633 45
634 0
635 0
636 0
637 0
638 0
639 0
640 0
641 0
642 0
643 46
644 46
645 46
646 46
647 0
648 47
649 47
650 47
651 47
652 47
653 48
654 48
655 48
656 48
657 48
658 48
659 48
660 48
661 49
662 49
663 49
664 49
665 49
666 49 50
667 50
668 50 51
669 51
670 51
671 0
672 0
673 52
674 52
675 52
676 0
677 53
678 53
679 53
680 53
681 53
682 53
683 53
684 53
685 53
686 53
687 53
688 54
689 54
690 54
691 54
692 54
693 54
694 55
695 55
696 55
697 55
698 55
699 55
700 55
701 55
702 55
703 56
704 56
705 56
706 56
707 56
708 56
709 56
710 56
711 56
712 56 57
713 57
714 57
715 57
716 57
717 57
718 57
719 58
720 58
721 58
722 58
723 58
724 58 59
725 59
726 59
727 59
728 59
729 59
730 59
731 59
732 59
733 59
734 59
735 59
736 59
737 0
738 60
739 60
740 60
741 60
742 60
743 60
744 60
745 60
746 60
747 60
748 60
749 60
750 61
751 61
752 61
753 61
754 61
755 61
756 61
757 61
758 61
759 61
760 61
761 61
762 61
763 61
764 61
765 61
766 61
767 61
768 61
769 61
770 0
771 0
772 0
773 0
774 0
775 0
776 0
777 0
778 0
779 0
780 0
781 0
782 0
783 0
784 0
785 0
786 0
787 0
788 0
789 0
790 0
791 0
792 0
793 0
794 0
795 0
796 0
797 0
798 0
799 0
800 0
801 0
802 0
803 0
804 0
805 0
806 0
807 0
808 0
809 0
810 0
811 0
812 0
813 0
814 0
815 0
816 0
817 0
818 0
819 0
820 0
821 0
822 0
823 0
824 0
825 0
826 0
827 0
828 0
829 0
830 0
831 0
832 0
833 0
834 0
835 0
836 0
837 0
838 0
839 0
840 0
841 0
842 0
843 0
844 0
845 0
846 0
847 0
848 0
849 0
850 0
851 0
852 0
853 0
854 0
855 0
856 0
857 0
858 0
859 0
860 0
861 0
862 0
863 0
864 0
865 0
866 0
867 0
868 0
869 0
870 0
871 0
872 0
873 0
874 0
875 0
876 0
877 0
878 0
879 0
880 0
881 0
882 0
883 0
884 0
885 0
886 0
887 0
888 0
889 0
890 0
891 0
892 0
893 0
894 0
895 0
896 0
897 0
898 0
899 0
900 0
901 0
902 0
903 0
904 0
905 0
906 0
907 0
908 0
909 0
910 0
911 0
912 0
913 0
914 0
915 0
916 0
917 0
918 0
919 0
920 0
921 0
922 0
923 0
924 0
925 0
926 0
927 0
928 0
929 0
930 0
931 0
932 0
933 0
934 0
935 0
936 0
937 0
938 0
939 0
940 0
941 0
942 0
943 0
944 0
945 0
946 0
947 0
948 0
949 0
950 0
951 0
952 0
953 0
954 0
955 0
956 0
957 0
958 0
959 0
960 0
961 0
962 0
963 0
964 0
965 0
966 0
967 0
968 0
969 0
970 0
971 0
972 0
973 0
974 0
975 0
976 0
977 0
978 0
979 0
980 0
981 0
982 0
983 0
984 0
985 0
986 0
987 0
988 0
989 0
990 0
991 0
992 0
993 0
994 0
995 0
996 0
997 0
998 0
999 0
1000 0
1001 0
1002 0
1003 0
1004 0
1005 0
1006 0
1007 0
1008 0
1009 0
1010 0
1011 0
1012 0
1013 0
1014 0
1015 0
1016 0
1017 0
1018 0
1019 0
1020 0
1021 0
1022 0
1023 0
1024 0
1025 0
1026 0
1027 0
1028 0
1029 0
1030 0
1031 0
1032 0
1033 0
1034 0
1035 0
1036 0
1037 0
1038 0
1039 0
1040 0
1041 0
1042 0
1043 0
1044 0
1045 0
1046 0
1047 0
1048 0
1049 0
1050 0
1051 0
1052 0
1053 0
1054 0
1055 0
1056 0
1057 0
1058 0
1059 0
1060 0
1061 0
1062 0
1063 0
1064 0
1065 0
1066 0
1067 0
1068 0
1069 0
1070 0
1071 0
1072 0
1073 0
1074 0
1075 0
1076 0
1077 0
1078 0
1079 0
1080 0
1081 0
1082 0
1083 0
1084 0
1085 0
1086 0
1087 0
1088 0
1089 0
1090 0
1091 0
1092 0
1093 0
1094 0
1095 0
1096 0
1097 0
1098 0
1099 0
1100 0
1101 0
1102 0
1103 0
1104 0
1105 0
1106 0
1107 0
1108 0
1109 0
1110 0
1111 0
1112 0
1113 0
1114 0
1115 0
1116 0
1117 0
1118 0
1119 0
1120 0
1121 0
1122 0
1123 0
1124 0
1125 0
1126 0
1127 0
1128 0
1129 0
1130 0
1131 0
1132 0
1133 0
1134 0
1135 0
1136 0
1137 0
1138 0
1139 0
1140 0
1141 0
1142 0
1143 0
1144 0
1145 0
1146 0
1147 0
1148 0
1149 0
1150 0
1151 0
1152 0
1153 0
1154 0
1155 0
1156 0
1157 0
1158 0
1159 0
1160 0
1161 0
1162 0
1163 0
1164 0
1165 0
1166 0
1167 0
1168 0
1169 0
1170 0
1171 0
1172 0
1173 0
1174 0
1175 0
1176 0
1177 0
1178 0
1179 0
1180 0
1181 0
1182 0
1183 0
1184 0
1185 0
1186 0
1187 0
1188 0
1189 0
1190 0
1191 0
1192 0
1193 0
1194 0
1195 0
1196 0
1197 0
1198 0
1199 0
1200 0
1201 0
1202 0
1203 0
1204 0
1205 0
1206 0
1207 0
1208 0
1209 0
1210 0
1211 0
1212 0
1213 0
1214 0
1215 0
1216 0
1217 0
1218 0
1219 0
1220 0
1221 0
1222 0
1223 0
1224 0
1225 0
1226 0
1227 0
1228 0
1229 0
1230 0
1231 0
1232 0
1233 0
1234 0
1235 0
1236 0
1237 0
1238 0
1239 0
1240 0
1241 0
1242 0
1243 0
1244 0
1245 0
1246 0
1247 0
1248 0
1249 0
1250 0
1251 0
1252 0
1253 0
1254 0
1255 0
1256 0
1257 0
1258 0
1259 0
1260 0
1261 0
1262 0
1263 0
1264 0
1265 0
1266 0
1267 0
1268 0
1269 0
1270 0
1271 0
1272 0
1273 0
1274 0
1275 0
1276 0
1277 0
1278 0
1279 0
1280 0
1281 0
1282 0
1283 0
1284 0
1285 0
1286 0
1287 0
1288 0
1289 0
1290 0
1291 0
1292 0
1293 0
1294 0
1295 0
1296 0
1297 0
1298 0
1299 0
1300 0
1301 0
1302 0
1303 0
1304 0
1305 0
1306 0
1307 0
1308 0
1309 0
1310 0
1311 0
1312 0
1313 0
1314 0
1315 0
1316 0
1317 0
1318 0
1319 0
1320 0
1321 0
1322 0
1323 0
1324 0
1325 0
1326 0
1327 0
1328 0
1329 0
1330 0
1331 0
1332 0
1333 0
1334 0
1335 0
1336 0
1337 0
1338 0
1339 0
1340 0
1341 0
1342 0
1343 0
1344 0
1345 0
1346 0
1347 0
1348 0
1349 0
1350 0
1351 0
1352 0
1353 0
1354 0
1355 0
1356 0
1357 0
1358 0
1359 0
1360 0
1361 0
1362 0
1363 0
1364 0
1365 0
1366 0
1367 0
1368 0
1369 0
1370 0
1371 0
1372 0
1373 0
1374 0
1375 0
1376 0
1377 0
1378 0
1379 0
1380 0
1381 0
1382 0
1383 0
1384 0
1385 0
1386 0
1387 0
1388 0
1389 0
1390 0
1391 0
1392 0
1393 0
1394 0
1395 0
1396 0
1397 0
1398 0
1399 0
1400 0
1401 0
1402 0
1403 0
1404 0
1405 0
1406 0
1407 0
1408 0
1409 0
1410 0
1411 0
1412 0
1413 0
1414 0
1415 0
1416 0
1417 0
1418 0
1419 0
1420 0
1421 0
1422 0
1423 0
1424 62
1425 62
1426 62
1427 62
1428 62
1429 62
1430 62
1431 62
1432 62
1433 62
1434 63
1435 63
1436 63
1437 63
1438 0
1439 0
1440 0
1441 64
1442 64
1443 64
1444 64
1445 0
1446 65
1447 65
1448 65
1449 65
1450 65
1451 65
1452 66
1453 66
1454 66
1455 66
1456 66
1457 66
1458 67
1459 67
1460 67
1461 67
1462 67
1463 67
1464 67
1465 67
1466 0
1467 0
1468 0
1469 0
1470 0
1471 0
1472 0
1473 0
1474 0
1475 0
1476 0
1477 0
1478 0
1479 0
1480 0
1481 0
1482 0
1483 0
1484 0
1485 68
1486 68
1487 68
1488 68
1489 69
1490 69
1491 69
1492 69
1493 69
1494 70
1495 70
1496 70
1497 70
1498 70
1499 71
1500 71
1501 71
1502 71
1503 71
1504 71
1505 71
1506 72
1507 72
1508 72
1509 72
1510 73
1511 73
1512 73
1513 73
1514 73
1515 74
1516 74
1517 74 75
1518 75
1519 75
1520 75
1521 75
1522 75
1523 75
1524 75
1525 75
1526 75
1527 75
1528 75
1529 75
1530 75
1531 75
1532 75
1533 75
1534 75
1535 75
1536 75
1537 75
1538 75
1539 75
1540 75
1541 75
1542 75
1543 75
1544 75
1545 75
1546 75
1547 75
1548 76
1549 76
1550 76
1551 76
1552 76
1553 76
1554 76
1555 76
1556 0
1557 77
1558 77
1559 77
1560 77
1561 77
1562 77
1563 77
1564 77
1565 77
1566 77
1567 77
1568 77
1569 77
1570 77
1571 0
1572 0
1573 0
1574 0
1575 0
1576 0
1577 0
1578 0
1579 0
1580 0
1581 78
1582 78
1583 78
1584 78
1585 78
1586 78
1587 0
1588 0
1589 79
1590 79
1591 79
1592 79
1593 79
1594 0
1595 0
1596 80
1597 80
1598 80
1599 80
1600 80
1601 80
1602 0
1603 0
1604 0
1605 0
1606 0
1607 0
1608 0
1609 0
1610 81
1611 81
1612 81
1613 81
1614 81
1615 0
1616 0
1617 0
1618 82
1619 82
1620 82
1621 0
1622 0
1623 0
1624 0
1625 0
1626 0
1627 0
1628 0
1629 0
1630 0
1631 0
1632 0
1633 0
1634 0
1635 0
1636 0
1637 0
1638 0
1639 0
1640 0
1641 0
1642 0
1643 0
1644 83
1645 83
1646 83
1647 83
1648 0
1649 0
1650 0
1651 0
1652 0
1653 0
1654 0
1655 0
1656 0
1657 0
1658 0
1659 0
1660 0
1661 0
1662 0
1663 0
1664 0
1665 0
1666 0
1667 0
1668 0
1669 0
1670 0
1671 0
1672 0
1673 0
1674 0
1675 0
1676 0
1677 0
1678 0
1679 0
1680 0
1681 0
1682 0
1683 0
1684 0
1685 0
1686 0
1687 0
1688 0
1689 0
1690 0
1691 0
1692 0
1693 0
1694 0
1695 0
1696 0
1697 0
1698 0
1699 0
1700 0
1701 0
1702 0
1703 0
1704 0
1705 0
1706 0
1707 0
1708 0
1709 0
1710 0
1711 0
1712 0
1713 0
1714 0
1715 0
1716 0
1717 0
1718 0
1719 84
1720 84
1721 84
1722 84
1723 84
1724 84
1725 85
1726 85
1727 85
1728 85
1729 85
1730 85
1731 85 86
1732 86
1733 86
1734 86
1735 86
1736 86
1737 86
1738 86
1739 86
1740 87
1741 87
1742 87
1743 87
1744 87
1745 87
1746 87
1747 87
1748 87
1749 87
1750 87
1751 87
1752 87
1753 87
1754 87
1755 87
1756 87
1757 87
1758 0
1759 0
1760 0
1761 0
1762 0
1763 0
1764 0
1765 0
1766 88
1767 88
1768 88
1769 88
1770 88
1771 88
1772 88
1773 88
1774 88
1775 88
1776 88
1777 88
1778 88
1779 88
1780 88
1781 89
1782 89
1783 89
1784 89
1785 89
1786 89
1787 89
1788 89
1789 89
1790 89
1791 89
1792 89
1793 89
1794 89
1795 89
1796 89
1797 89
1798 89
1799 89
1800 90
1801 90
1802 90
1803 90
1804 90
1805 90
1806 90
1807 0
1808 0
1809 0
1810 0
1811 0
1812 0
1813 0
1814 0
1815 0
1816 0
1817 0
1818 0
1819 0
1820 91
1821 91
1822 91
1823 91
1824 0
1825 92
1826 92
1827 92
1828 92
1829 92
1830 92
1831 92
1832 92
1833 92
1834 0
1835 0
1836 0
1837 0
1838 0
1839 93
1840 93
1841 93
1842 93
1843 93
1844 93
1845 0
1846 0
1847 0
1848 0
1849 0
1850 0
1851 0
1852 0
1853 0
1854 94
1855 94
1856 94
1857 94
1858 94 95
1859 95
1860 95 96
1861 96
1862 96
1863 96
1864 96
1865 96
1866 96
1867 96
1868 96
1869 96
1870 0
1871 97
1872 97
1873 97
1874 98
1875 98
1876 98
1877 98
1878 98
1879 98
1880 98
1881 98
1882 98
1883 98
1884 98
1885 98
1886 98
1887 98
1888 98
1889 98
1890 98
1891 99
1892 99
1893 99
1894 99
1895 99
1896 99
1897 0
1898 100
1899 100
1900 100
1901 100
1902 100
1903 100
1904 100
1905 100
1906 100
1907 100
1908 100
1909 100
1910 100
1911 100
1912 100
1913 0
1914 0
1915 101
1916 101
1917 101
1918 101
1919 101
1920 101
1921 101
1922 101
1923 101
1924 101
1925 101
1926 101
1927 101
1928 101
1929 102
1930 102
1931 102
1932 102
1933 102
1934 102
1935 102
1936 103
1937 103
1938 103
1939 103
1940 103
1941 0
1942 0
1943 0
1944 0
1945 0
1946 0
1947 0
1948 0
1949 104
1950 104
1951 104
1952 104
1953 104
1954 104
1955 104
1956 104
1957 104
1958 104
1959 104
1960 0
1961 0
1962 105
1963 105
1964 105
1965 105
1966 105
1967 0
1968 0
1969 0
1970 0
1971 0
1972 0
1973 0
1974 0
1975 0
1976 106
1977 106
1978 106
1979 106
1980 106 107
1981 107
1982 107
1983 107
1984 107
1985 107
1986 107
1987 107
1988 107
1989 107
1990 0
1991 108
1992 108
1993 108
1994 0
1995 0
1996 0
1997 0
1998 0
1999 0
2000 0
2001 0
2002 0
2003 0
2004 109
2005 109
2006 109
2007 109
2008 109
2009 109
2010 109 110
2011 110
2012 110
2013 110
2014 110 111
2015 111
2016 111
2017 111
2018 111
2019 111
2020 111
2021 111
2022 112
2023 112
2024 112
2025 112
2026 112
2027 112
2028 112
2029 112
2030 112
2031 112
2032 112 113
2033 113
2034 113
2035 113
2036 113
2037 113
2038 113
2039 113 114
2040 114
2041 114
2042 114
2043 114
2044 114
2045 114
2046 114
2047 114
2048 114
2049 114
2050 114
2051 114
2052 114 115
2053 115
2054 115
2055 115
2056 115
2057 115
2058 115
2059 115
2060 115
2061 115
2062 115
2063 116
2064 116
2065 116
2066 0
2067 0
2068 117
2069 117
2070 117
2071 117
2072 117
2073 117
2074 117
2075 117
2076 117
2077 117
2078 117
2079 117
2080 117
2081 117
2082 117
2083 117
2084 118
2085 118
2086 118
2087 118
2088 0
2089 0
2090 0
2091 0
2092 0
2093 0
2094 0
2095 0
2096 0
2097 0
2098 0
2099 0
2100 0
2101 0
2102 0
2103 0
2104 0
2105 0
2106 0
2107 0
2108 0
2109 0
2110 0
2111 0
2112 0
2113 0
2114 0
2115 0
2116 0
2117 0
2118 0
2119 0
2120 0
2121 0
2122 0
2123 0
2124 0
2125 0
2126 0
2127 0
2128 0
2129 0
2130 0
2131 0
2132 0
2133 0
2134 0
2135 0
2136 0
2137 0
2138 119
2139 119
2140 0
2141 0
2142 0
2143 0
2144 0
2145 0
2146 0
2147 0
2148 0
2149 0
2150 0
2151 120
2152 120
2153 120
2154 120
2155 120
2156 120
2157 120
2158 120
2159 120
2160 120
2161 120
2162 120
2163 120
2164 120
2165 120
2166 120
2167 120
2168 120
2169 120
2170 120
2171 120
2172 0
2173 0
2174 0
2175 0
2176 0
2177 0
2178 0
2179 0
2180 0
2181 0
2182 0
2183 0
2184 0
2185 0
2186 0
2187 0
2188 0
2189 0
2190 0
2191 0
2192 0
2193 0
2194 0
2195 0
2196 0
2197 0
2198 0
2199 121
2200 121
2201 121
2202 121
2203 121
2204 122
2205 122
2206 122
2207 122
2208 122
2209 122
2210 122
2211 122
2212 122
2213 122
2214 122
2215 122
2216 122
2217 122
2218 122
2219 122
2220 122
2221 122
2222 122
2223 122
2224 122
2225 122
2226 122
2227 122
2228 122
2229 122
2230 122
2231 122
2232 0
2233 123
2234 123
2235 123
2236 123
2237 123
2238 123
2239 123
2240 123
2241 123
2242 123
2243 123
2244 123
2245 123
2246 123
2247 124
2248 124
2249 124
2250 124
2251 124
2252 124
2253 0
2254 125
2255 125
2256 125
2257 125
2258 125
2259 125
2260 0
2261 126
2262 126
2263 126
2264 126
2265 126
2266 126
2267 126
2268 126 127
2269 127
2270 127
2271 127
2272 127
2273 127
2274 127
2275 127
2276 127
2277 127
2278 127
2279 127
2280 127
2281 127
2282 127
2283 128
2284 128
2285 128
2286 129
2287 129
2288 129
2289 0
2290 0
2291 130
2292 130
2293 130
2294 130
2295 130
2296 130
2297 130
2298 131
2299 131
2300 131
2301 131
2302 131
2303 131
2304 132
2305 132
2306 132
2307 132
2308 132
2309 132
2310 132
2311 132
2312 132
2313 132
2314 132
2315 0
2316 0
2317 0
2318 0
2319 0
2320 133
2321 133
2322 133
2323 133
2324 133
2325 133
2326 133
2327 133
2328 133
2329 133
2330 134
2331 134
2332 134
2333 134
2334 134
2335 134
2336 134
2337 134
2338 134
2339 134
2340 134
2341 134
2342 134 135
2343 135
2344 135
2345 135
2346 135
2347 135
2348 135
2349 135 136
2350 136
2351 136
2352 136
2353 136
2354 136
2355 136
2356 136
2357 0
2358 137
2359 137
2360 137
2361 137
2362 137
2363 137
2364 137
2365 137
2366 137
2367 138
2368 138
2369 138
2370 138
2371 138
2372 138
2373 138
2374 138
2375 138
2376 138
2377 138
2378 138
2379 138
2380 138
2381 138
2382 138
2383 138
2384 138
2385 138
2386 138
2387 138
2388 138
2389 138
2390 139
2391 139
2392 139
2393 139
2394 139
2395 139
2396 139
2397 139
2398 139
2399 139
2400 139
2401 139
2402 139
2403 139
2404 139
2405 139
2406 0
2407 140
2408 140
2409 140
2410 140
2411 140
2412 140
2413 140
2414 140
2415 140
2416 140
2417 140
2418 140
2419 140
2420 140
2421 140
2422 140
2423 140
2424 140
2425 140
2426 140
2427 140
2428 140
2429 140
2430 140
2431 140
2432 140
2433 140
2434 140
2435 140
2436 140
2437 140
2438 140
2439 140
2440 140
2441 140
2442 140
2443 140
2444 140
2445 140
2446 141
2447 141
2448 141
2449 141
2450 141
2451 141
2452 141
2453 141
2454 141
2455 141
2456 141
2457 141
2458 141
2459 141
2460 141
2461 141
2462 141
2463 141
2464 141
2465 0
2466 0
2467 142
2468 142
2469 142
2470 142
2471 142
2472 142
2473 142
2474 142
2475 142
2476 142
2477 142
2478 142
2479 142
2480 142
2481 142
2482 142
2483 142
2484 142 143
2485 143
2486 143 144
2487 144
2488 144
2489 144
2490 144
2491 144
2492 144
2493 144
2494 144
2495 144
2496 144
2497 0
2498 145
2499 145
2500 145
2501 145
2502 145
2503 145
2504 145
2505 145
2506 146
2507 146
2508 146
2509 146
2510 146
2511 146
2512 146 147
2513 147
2514 147
2515 147
2516 147
2517 147
2518 147
2519 147
2520 147
2521 147
2522 147
2523 147
2524 148
2525 148
2526 148
2527 148
2528 148
2529 148
2530 148
2531 148
2532 148
2533 148
2534 148
2535 148
2536 148
2537 148
2538 149
2539 149
2540 149
2541 149
2542 149
2543 0
2544 150
2545 150
2546 150
2547 150
2548 150
2549 150
2550 150
2551 150 151
2552 151
2553 151 152
2554 152
2555 152
2556 152
2557 152
2558 152
2559 152
2560 152
2561 152
2562 152
2563 152
2564 153
2565 153
2566 153
2567 153
2568 153
2569 153
2570 153
2571 153
2572 153
2573 153
2574 153
2575 154
2576 154
2577 154
2578 154
2579 154
2580 154
2581 154
2582 154
2583 154
2584 154
2585 154
2586 154
2587 154
2588 154
2589 0
2590 155
2591 155
2592 155
2593 156
2594 156
2595 156
2596 156
2597 156
2598 156
2599 156
2600 156
2601 156
2602 156
2603 156
2604 156
2605 156 157
2606 157
2607 157
2608 157
2609 157
2610 157
2611 157
2612 157
2613 157
2614 157
2615 157
2616 157
2617 157
2618 157
2619 0
2620 0
2621 158
2622 158
2623 158
2624 158
2625 158
2626 158
2627 158
2628 158
2629 158
2630 158
2631 158
2632 158
2633 158
2634 158
2635 158
2636 158
2637 158
2638 158 159
2639 159
2640 159
2641 159
2642 159
2643 159
2644 159
2645 159
2646 159
2647 159
2648 159
2649 160
2650 160
2651 160
2652 160 161
2653 161
2654 161
2655 161
2656 161
2657 161
2658 162
2659 162
2660 162
2661 162
2662 162
2663 0
2664 0
2665 0
2666 0
2667 163
2668 163
2669 163
2670 163
2671 163
2672 163 164
2673 164
2674 164
2675 164
2676 164
2677 164
2678 164
2679 164
2680 165
2681 165
2682 165
2683 165
2684 165
2685 165
2686 165
2687 165
2688 165
2689 0
2690 166
2691 166
2692 166
2693 166 167
2694 167
2695 167
2696 167
2697 167
2698 167
2699 167
2700 167
2701 167
2702 167
2703 167 168
2704 168
2705 168
2706 168
2707 168
2708 168
2709 168
2710 168
2711 168
2712 168
2713 168
2714 168
2715 168
2716 168
2717 0
2718 169
2719 169
2720 169
2721 169
2722 169
2723 169
2724 169
2725 169
2726 169
2727 169
2728 169
2729 0
2730 170
2731 170
2732 170
2733 0
2734 171
2735 171
2736 171
2737 171
2738 171 172
2739 172
2740 172
2741 0
2742 173
2743 173
2744 173
2745 173
2746 173
2747 173
2748 0
2749 0
2750 0
2751 0
2752 174
2753 174
2754 174
2755 174
2756 174
2757 174
2758 174
2759 174
2760 174
2761 174
2762 174
2763 174
2764 174
2765 174
2766 174
2767 174
2768 0
2769 0
2770 0
2771 0
2772 0
2773 0
2774 0
2775 175
2776 175
2777 175
2778 175
2779 0
2780 0
2781 0
2782 0
2783 0
2784 0
2785 0
2786 0
2787 176
2788 176
2789 176
2790 176
2791 176
2792 0
2793 0
2794 177
2795 177
2796 177
2797 177
2798 177
2799 177
2800 177
2801 177
2802 177
2803 177
2804 178
2805 178
2806 178
2807 178
2808 178
2809 178
2810 0
2811 0
2812 179
2813 179
2814 179
2815 179
2816 0
2817 0
2818 0
2819 0
2820 0
2821 0
2822 0
2823 0
2824 0
2825 0
2826 0
