1 0
2 0
3 0
4 0
5 0
6 0
7 0
8 0
9 0
10 0
11 2
12 2
13 2 3
14 3
15 3
16 0
17 0
18 4
19 4 5
20 5
21 5
22 6
23 6
24 6 7
25 7
26 0
27 0
28 9
29 9
30 9
31 9
32 9
33 9
34 9 10
35 10
36 10
37 10
38 0
39 0
40 11
41 11
42 11
43 11
44 11
45 11
46 11
47 11
48 11
49 11
50 11
51 11
52 11
53 11
54 11
55 11
56 11 12
57 12
58 12
59 12
60 12
61 13
62 13
63 13
64 13
65 13
66 13
67 13
68 13 14
69 14
70 14
71 0
72 0
73 15
74 15
75 15
76 15
77 15
78 15 16
79 16
80 16
81 16 17
82 17
83 17
84 17
85 17 18
86 18
87 18
88 18
89 18
90 18 19
91 19
92 19
93 19
94 19
95 19
96 19
97 19
98 19
99 19
100 19
101 19
102 19
103 19
104 19
105 19
106 19
107 19
108 19
109 19
110 19
111 19 20
112 20
113 20
114 20
115 20
116 20
117 20
118 20
119 20
120 0
121 0
122 23
123 23
124 24
125 24
126 24
127 24
128 24
129 0
130 0
131 0
132 0
133 0
134 0
135 0
136 0
137 0
138 25
139 25
140 25
141 25
142 25
143 25
144 25
145 0
146 0
147 0
148 0
149 0
150 0
151 0
152 0
153 0
154 0
155 26
156 26
157 26
158 26
159 26 27
160 27
161 27
162 27
163 27
164 27
165 28
166 28 29
167 29 30
168 30
169 30
170 0
171 0
172 0
173 31
174 31
175 33
176 33
177 0
178 34
179 34
180 34 35
181 35
182 35
183 35
184 35
185 35
186 35
187 35
188 35
189 35
190 35 36
191 36
192 36
193 37
194 37
195 37
196 37
197 38
198 38
199 38
200 38
201 38
202 38 39
203 39
204 39
205 39
206 39
207 39
208 39
209 39
210 39
211 40
212 40
213 40
214 40
215 40
216 40 41
217 41
218 41
219 41
220 41 42
221 42
222 42
223 42
224 42 43
225 43
226 43
227 43
228 43
229 43
230 43
231 43
232 43
233 43 44
234 44
235 44
236 44
237 44 45
238 45
239 46
240 46
241 0
242 0
243 0
244 49
245 49
246 49
247 49
248 49
249 49
250 49 50
251 50
252 50
253 50
254 50
255 50
256 50
257 0
258 51
259 51
260 51
261 51
262 51 52
263 52
264 52 53
265 53
266 53
267 53
268 53
269 54
270 54
271 54
272 54
273 54
274 55
275 55
276 55
277 55
278 55
279 55
280 55
281 55
282 56
283 56
284 56
285 56
286 56 57
287 57
288 57
289 57
290 57
291 57 58
292 58
293 58
294 58
295 58
296 58 59
297 59
298 59
299 59
300 0
301 0
302 0
303 0
304 0
305 0
306 0
307 0
308 0
309 0
310 0
311 0
312 60
313 60
314 60
315 60 61
316 61
317 63
318 63
319 63 64
320 64
321 64 65
322 65
323 65 66
324 66
325 66
326 67
327 67
328 67
329 67
330 68
331 68
332 68
333 68
334 69
335 69
336 69 70
337 70
338 70
339 70
340 70
341 0
342 71
343 71
344 71
345 71
346 71
347 0
348 0
349 0
350 72
351 72
352 0
353 0
354 0
355 74
356 74
357 74 75
358 75
359 75
360 76
361 76 77
362 77
363 77
364 78
365 78
366 78 79
367 79
368 79
369 79
370 79 80
371 80
372 80
373 80
374 80
375 80
376 80
377 80
378 80
379 80
380 80
381 80
382 80
383 80
384 80
385 80 81
386 81
387 81
388 81
389 81
390 81
391 81
392 81
393 81
394 81 82
395 82
396 82 83
397 83
398 83
399 83
400 83
401 83
402 83
403 84
404 84
405 84
406 84 85
407 85
408 85
409 85
410 85
411 86
412 86
413 86
414 86
415 86
416 87
417 87
418 87 88
419 88
420 88 89
421 89
422 89
423 89
424 89
425 89
426 89
427 90
428 90
429 90
430 90
431 90
432 90
433 90 91
434 91
435 91
436 91
437 92
438 92
439 92
440 92
441 92
442 92
443 92
444 92
445 92
446 92 93
447 93
448 93
449 93
450 93
451 93
452 93 94
453 94
454 94
455 94
456 94
457 94
458 94 95
459 95
460 95
461 95 96
462 96
463 96
464 96
465 96
466 96
467 96
468 96
469 96 97
470 97
471 97
472 97
473 97 98
474 98
475 98
476 98
477 98 99
478 99
479 99
480 100
481 100
482 100
483 0
484 0
485 0
486 102
487 102
488 0
489 0
490 0
491 103
492 103
493 103
494 103 104
495 104
496 104
497 104
498 104
499 104
500 104
501 104
502 104
503 104
504 104
505 104
506 104
507 104
508 104
509 104 105
510 105
511 105
512 105
513 106
514 106
515 106
516 106
517 106
518 106 107
519 107
520 107
521 107
522 107
523 107
524 107 108
525 108
526 109
527 109
528 109
529 110
530 110
531 110
532 110 111
533 111
534 111
535 0
536 0
537 0
538 112
539 112
540 112
541 112
542 112
543 112
544 112
545 112
546 112
547 112
548 112
549 112
550 112
551 112
552 112
553 112
554 112 113
555 113
556 113 114
557 114
558 114
559 114
560 0
561 0
562 0
563 0
564 115
565 115
566 115
567 115
568 115
569 115
570 115
571 115
572 0
573 116
574 116
575 116
576 116
577 116
578 116
579 116
580 116
581 116
582 116
583 116
584 116
585 116
586 116 117
587 117
588 0
589 0
590 118
591 118
592 118
593 119
594 119
595 119
596 119
597 119
598 119 120
599 120
600 120
601 120
602 120
603 120
604 121
605 121 122
606 122
607 122
608 122
609 122
610 122
611 122
612 122
613 122
614 0
615 0
616 123
617 123
618 123
619 123
620 123
621 0
622 124
623 124
624 124
625 0
626 0
627 126
628 126
629 126
630 127
631 127
632 127
633 127
634 128
635 128
636 128
637 128
638 128 129
639 129
640 129
641 129 130
642 130
643 130
644 130
645 130
646 130
647 130
648 130 131
649 131
650 131
651 131
652 131
653 0
654 132
655 132
656 132 133
657 133
658 134
659 134
660 0
661 0
662 0
663 0
664 0
665 135
666 135
667 135
668 136
669 136
670 136 137
671 137
672 137
673 137 138
674 138 139
675 139
676 139
677 139
678 139
679 139
680 139 140
681 140
682 140
683 140
684 140 141
685 141
686 141 142
687 142
688 142
689 142
690 143
691 143
692 143
693 143
694 143
695 143
696 143
697 143
698 143
699 143
700 143
701 143
702 143
703 143
704 0
705 0
706 144
707 144
708 144
709 144
710 144
711 145
712 145
713 145
714 145
715 145
716 145
717 0
718 0
719 0
720 0
721 0
722 0
723 0
724 0
725 0
726 0
727 0
728 0
729 0
730 0
731 0
732 0
733 0
734 0
735 0
736 0
737 0
738 0
739 0
740 0
741 0
742 0
743 0
744 0
745 0
746 0
747 0
748 0
749 0
750 146
751 146
752 146
753 147
754 147
755 147
756 147
757 147 148
758 148
759 148
760 148
761 148
762 148
763 0
764 150
765 150
766 150
767 151
768 151
769 0
770 0
771 0
772 0
773 0
774 152
775 152
776 152
777 153
778 153
779 153
780 153
781 154
782 154
783 154
784 154
785 154
786 154
787 155
788 155
789 155
790 155
791 155
792 155
793 0
794 156
795 156
796 156
797 156
798 156
799 0
800 157
801 157
802 157
803 157
804 157
805 157
806 157
807 0
808 0
809 0
810 0
811 0
812 0
813 0
814 0
815 0
816 0
817 0
818 0
819 158
820 158
821 158
822 158
823 158
824 158
825 0
826 0
827 0
828 0
829 0
830 0
831 0
832 0
833 0
834 0
835 0
836 0
837 0
838 0
839 0
840 0
841 0
842 0
843 0
844 159
845 159
846 159
847 160
848 160
849 160
850 160
851 160
852 160
853 160 161
854 161
855 162
856 162
857 162
858 162 163
859 163
860 163
861 163 164
862 164
863 0
864 165
865 165
866 0
867 0
868 0
869 166
870 166
871 166
872 166
873 167
874 167
875 167
876 167 168
877 168
878 168 169
879 169
880 169
881 169
882 169
883 169
884 169
885 169
886 0
887 170
888 170
889 170
890 170
891 170
892 171
893 171
894 171
895 172
896 172
897 172
898 172
899 172
900 172 173
901 173
902 173
903 173
904 173
905 173
906 174
907 174
908 174
909 174
910 174
911 174
912 0
913 0
914 175
915 175
916 175
917 175
918 0
919 0
920 176
921 176
922 176
923 176
924 176
925 177
926 177
927 177
928 177 178
929 178
930 178
931 178
932 179
933 179 180
934 180
935 180
936 180
937 180
938 180
939 0
940 0
941 181
942 181
943 181
944 181
945 182
946 182
947 182
948 182
949 182
950 183
951 183
952 183
953 183
954 184
955 184
956 184 185
957 185
958 185
959 0
960 0
961 0
962 0
963 0
964 0
965 0
966 0
967 0
968 0
969 0
970 0
971 0
972 186
973 186
974 0
975 187
976 187
977 0
978 0
979 0
980 0
981 0
982 0
983 0
984 0
985 0
986 0
987 0
988 0
989 0
990 0
991 0
992 0
993 0
994 0
995 0
996 0
997 189
998 189
999 189
1000 189
1001 189
1002 189
1003 190
1004 190
1005 190
1006 190
1007 190
1008 190
1009 190
1010 190 191
1011 191
1012 191
1013 191
1014 191 192
1015 192
1016 192
1017 192
1018 192
1019 192
1020 192
1021 0
1022 0
1023 0
1024 0
1025 0
1026 0
1027 0
1028 0
1029 0
1030 0
1031 0
1032 0
1033 0
1034 0
1035 0
1036 0
1037 0
1038 0
1039 0
1040 0
1041 0
1042 0
1043 0
1044 0
1045 0
1046 0
1047 0
1048 0
1049 0
1050 0
1051 0
1052 0
1053 0
1054 0
1055 0
1056 0
1057 0
1058 0
1059 0
1060 0
1061 0
1062 0
1063 0
1064 0
1065 0
1066 0
1067 0
1068 0
1069 0
1070 0
1071 0
1072 0
1073 0
1074 0
1075 0
1076 0
1077 0
1078 194
1079 194
1080 194
1081 194
1082 194
1083 0
1084 195
1085 195
1086 195
1087 195
1088 0
1089 0
1090 0
1091 0
1092 0
1093 0
1094 196
1095 196
1096 0
1097 0
1098 198
1099 198
1100 198
1101 198 199
1102 199
1103 199
1104 199
1105 199
1106 199
1107 199
1108 200
1109 200
1110 200
1111 200 201
1112 201
1113 201
1114 201
1115 0
1116 202
1117 202
1118 202
1119 202
1120 202
1121 203
1122 203
1123 203
1124 203 204
1125 204
1126 204
1127 204
1128 204
1129 204
1130 205
1131 205
1132 205
1133 205 206
1134 206
1135 206
1136 206
1137 206 207
1138 207
1139 207
1140 207
1141 207
1142 207
1143 208
1144 208
1145 208
1146 208 209
1147 209
1148 209
1149 209 210
1150 210
1151 210
1152 210
1153 210
1154 0
1155 0
1156 211
1157 211 212
1158 212
1159 212
1160 212
1161 212
1162 212 213
1163 213
1164 213 214
1165 214
1166 214
1167 215
1168 215
1169 215
1170 215
1171 215
1172 215
1173 215
1174 215
1175 215
1176 215
1177 215
1178 0
1179 0
1180 216
1181 216 217
1182 217
1183 217
1184 0
1185 0
1186 0
1187 0
1188 0
1189 0
1190 0
1191 0
1192 0
1193 0
1194 0
1195 0
1196 0
1197 0
1198 0
1199 220
1200 220
1201 0
1202 0
1203 0
1204 0
1205 0
1206 0
1207 0
1208 0
1209 0
1210 0
1211 0
1212 0
1213 0
1214 0
1215 0
1216 0
1217 0
1218 0
1219 0
1220 0
1221 0
1222 0
1223 0
1224 0
1225 0
1226 0
1227 0
1228 0
1229 0
1230 0
1231 0
1232 0
1233 0
1234 0
1235 0
1236 0
1237 0
1238 0
1239 0
1240 0
1241 0
1242 0
1243 0
1244 0
1245 0
1246 0
1247 0
1248 0
1249 0
1250 0
1251 0
1252 0
1253 0
1254 0
1255 0
1256 0
1257 0
1258 0
1259 0
1260 0
1261 0
1262 0
1263 0
1264 0
1265 0
1266 0
1267 0
1268 0
1269 0
1270 0
1271 0
1272 0
1273 0
1274 0
1275 0
1276 0
1277 0
1278 0
1279 0
1280 0
1281 0
1282 0
1283 0
1284 0
1285 0
1286 0
1287 0
1288 0
1289 0
1290 0
1291 0
1292 0
1293 0
1294 0
1295 0
1296 0
1297 0
1298 0
1299 0
1300 0
1301 0
1302 0
1303 0
1304 0
1305 0
1306 0
1307 0
1308 0
1309 0
1310 0
1311 0
1312 0
1313 0
1314 0
1315 0
1316 0
1317 0
1318 0
1319 0
1320 0
1321 0
1322 0
1323 0
1324 0
1325 0
1326 0
1327 0
1328 0
1329 0
1330 0
1331 0
1332 0
1333 0
1334 0
1335 0
1336 0
1337 0
1338 0
1339 0
1340 0
1341 0
1342 0
1343 0
1344 0
1345 0
1346 0
1347 0
1348 0
1349 0
1350 0
1351 0
1352 0
1353 0
1354 0
1355 0
1356 0
1357 0
1358 0
1359 0
1360 0
1361 0
1362 0
1363 0
1364 0
1365 0
1366 0
1367 0
1368 0
1369 0
1370 0
1371 0
1372 0
1373 0
1374 0
1375 0
1376 0
1377 0
1378 0
1379 0
1380 0
1381 0
1382 0
1383 0
1384 0
1385 0
1386 0
1387 0
1388 0
1389 0
1390 0
1391 0
1392 0
1393 0
1394 0
1395 0
1396 0
1397 0
1398 0
1399 0
1400 0
1401 0
1402 0
1403 0
1404 0
1405 0
1406 0
1407 0
1408 0
1409 0
1410 0
1411 0
1412 0
1413 0
1414 0
1415 0
1416 0
1417 0
1418 0
1419 0
1420 0
1421 0
1422 0
1423 0
1424 0
1425 0
1426 0
1427 0
1428 0
1429 0
1430 0
1431 0
1432 0
1433 0
1434 0
1435 0
1436 0
1437 0
1438 0
1439 0
1440 0
1441 0
1442 0
1443 0
1444 0
1445 0
1446 0
1447 0
1448 0
1449 222
1450 222
1451 222
1452 222
1453 222
1454 222
1455 222
1456 222
1457 222
1458 222
1459 222
1460 0
1461 0
1462 0
1463 0
1464 0
1465 0
1466 0
1467 0
1468 0
1469 0
1470 224
1471 224
1472 224
1473 0
1474 0
1475 0
1476 0
1477 0
1478 0
1479 0
1480 0
1481 0
1482 0
1483 0
1484 0
1485 0
1486 0
1487 0
1488 0
1489 0
1490 0
1491 0
1492 0
1493 0
1494 0
1495 0
1496 0
1497 0
1498 0
1499 225
1500 225
1501 225
1502 225
1503 0
1504 226
1505 226
1506 226
1507 226
1508 226
1509 226
1510 226
1511 226
1512 226
1513 228
1514 228
1515 228
1516 228
1517 228
1518 228
1519 228
1520 228
1521 228 229
1522 229
1523 229
1524 229
1525 229
1526 0
1527 0
1528 0
1529 0
1530 0
1531 0
1532 0
1533 0
1534 231
1535 231 232
1536 232
1537 232 233
1538 233
1539 233
1540 233 234
1541 234
1542 234 235
1543 235
1544 236
1545 236
1546 236
1547 236
1548 236
1549 236
1550 236
1551 236
1552 236
1553 237
1554 237
1555 237
1556 237
1557 0
1558 0
1559 240
1560 240
1561 240 241
1562 241
1563 241
1564 241 242
1565 242
1566 242
1567 242
1568 242
1569 242
1570 0
1571 243
1572 243
1573 243
1574 243
1575 243
1576 244
1577 244
1578 244
1579 244
1580 245
1581 245
1582 246
1583 246
1584 246
1585 0
1586 0
1587 0
1588 247
1589 247
1590 247
1591 247 248
1592 248
1593 249
1594 249
1595 249
1596 249
1597 249
1598 249 250
1599 250
1600 250
1601 250
1602 250
1603 250
1604 250 251
1605 251
1606 251
1607 252
1608 252
1609 252
1610 252
1611 252
1612 252 253
1613 253
1614 253
1615 0
1616 0
1617 0
1618 254
1619 254
1620 254
1621 254
1622 254
1623 254
1624 254
1625 0
1626 255
1627 255
1628 255
1629 256
1630 256
1631 256
1632 256
1633 256
1634 257
1635 257
1636 257
1637 257
1638 257
1639 257
1640 257
1641 257
1642 257
1643 257
1644 257
1645 257
1646 257
1647 257
1648 257
1649 257
1650 0
1651 0
1652 0
1653 0
1654 258
1655 258
1656 258 259
1657 259
1658 259
1659 259
1660 260
1661 260
1662 260
1663 260
1664 260
1665 260
1666 0
1667 0
1668 0
1669 261
1670 261
1671 261
1672 261 262
1673 262
1674 262
1675 262
1676 262 263
1677 263 264
1678 264
1679 264
1680 264
1681 264
1682 0
1683 0
1684 0
1685 265
1686 265 266
1687 266
1688 266
1689 266
1690 266
1691 266
1692 266
1693 266
1694 266 267
1695 267
1696 267
1697 267
1698 267
1699 267
1700 268
1701 268
1702 0
1703 0
1704 0
1705 0
1706 269
1707 269 270
1708 270
1709 270
1710 270
1711 0
1712 0
1713 0
1714 0
1715 272
1716 272
1717 0
1718 273
1719 273
1720 273
1721 274
1722 274
1723 274
1724 274
1725 275
1726 275
1727 275
1728 276
1729 276
1730 276
1731 276
1732 276 277
1733 277
1734 277
1735 278
1736 278
1737 278
1738 0
1739 279
1740 279
1741 280
1742 280
1743 281
1744 281
1745 281
1746 281
1747 281
1748 281 282
1749 282
1750 282 283
1751 283
1752 283
1753 283
1754 283 284
1755 284
1756 284
1757 284
1758 284
1759 284 285
1760 285
1761 285
1762 285
1763 0
1764 286
1765 286
1766 286
1767 286
1768 286
1769 286
1770 286
1771 286
1772 286
1773 286
1774 286
1775 286
1776 286
1777 286
1778 286
1779 286
1780 286 287
1781 287
1782 287
1783 287 288
1784 288
1785 288 289
1786 289
1787 289
1788 289
1789 289
1790 289
1791 290
1792 290
1793 290
1794 290
1795 0
1796 0
1797 291
1798 291
1799 292
1800 292
1801 292
1802 292
1803 293
1804 293
1805 293 294
1806 294
1807 294
1808 294
1809 294 295
1810 295
1811 295
1812 295 296
1813 296
1814 296
1815 296
1816 296
1817 296
1818 296
1819 296
1820 296
1821 296 297
1822 297
1823 297
1824 297
1825 298
1826 298 299
1827 299
1828 299
1829 300
1830 300
1831 300
1832 300
1833 300
1834 300
1835 300 301
1836 301
1837 301 302
1838 302
1839 302
1840 303
1841 303 304
1842 304
1843 304
1844 304
1845 304
1846 304
1847 304 305
1848 305
1849 305
1850 305
1851 305
1852 305 306
1853 306
1854 306
1855 306
1856 306
1857 306
1858 307
1859 307
1860 307
1861 307
1862 307
1863 307 308
1864 308
1865 308
1866 308
1867 308
1868 308
1869 308
1870 308
1871 0
1872 0
1873 0
1874 0
1875 0
1876 0
1877 0
1878 0
1879 309
1880 309
1881 309
1882 309
1883 0
1884 0
1885 0
1886 0
1887 0
1888 0
1889 0
1890 0
1891 0
1892 0
1893 0
1894 0
1895 0
1896 0
1897 0
1898 0
1899 0
1900 0
1901 0
1902 0
1903 0
1904 0
1905 0
1906 0
1907 0
1908 0
1909 0
1910 0
1911 0
1912 0
1913 0
1914 0
1915 0
1916 0
1917 0
1918 0
1919 0
1920 0
1921 0
1922 0
1923 0
1924 0
1925 310
1926 310
1927 311
1928 311 312
1929 312
1930 312
1931 0
1932 0
1933 0
1934 0
1935 0
1936 0
1937 0
1938 0
1939 0
1940 0
1941 0
1942 0
1943 0
1944 0
1945 0
1946 0
1947 0
1948 0
1949 0
1950 0
1951 0
1952 0
1953 0
1954 0
1955 0
1956 0
1957 0
1958 0
1959 0
1960 0
1961 314
1962 314
1963 314
1964 314
1965 314
1966 314
1967 314
1968 0
1969 0
1970 0
1971 0
1972 315
1973 315
1974 315
1975 316
1976 316
1977 316
1978 316
1979 316
1980 0
1981 317
1982 317
1983 317
1984 317
1985 317 318
1986 318
1987 318
1988 319
1989 319
1990 319
1991 319
1992 319
1993 319 320
1994 320
1995 320
1996 320
1997 0
1998 0
1999 0
2000 0
2001 321
2002 321
2003 321
2004 321
2005 321
2006 322
2007 322
2008 322
2009 322
2010 322
2011 322
2012 0
2013 323
2014 323
2015 324
2016 325
2017 325
2018 325
2019 326
2020 326
2021 326
2022 326 327
2023 327
2024 327
2025 327
2026 327
2027 327
2028 327
2029 327
2030 327
2031 328
2032 328
2033 328
2034 328
2035 328
2036 328
2037 328
2038 328
2039 328
2040 328
2041 328
2042 328
2043 328
2044 328 329
2045 329
2046 330
2047 330
2048 330 331
2049 331
2050 331 332
2051 332
2052 332
2053 332
2054 332
2055 332
2056 333
2057 333
2058 333 334
2059 334
2060 334
2061 0
2062 0
2063 0
2064 0
2065 0
2066 0
2067 335
2068 335
2069 337
2070 337
2071 337
2072 337
2073 338
2074 338
2075 338
2076 338
2077 338
2078 0
2079 0
2080 339
2081 339
2082 339 340
2083 340
2084 340
2085 340
2086 0
2087 0
2088 0
2089 0
2090 0
2091 0
2092 0
2093 341
2094 341
2095 0
2096 0
2097 0
2098 342
2099 342
2100 342
2101 0
2102 0
2103 343
2104 343
2105 343
2106 343
2107 344
2108 344
2109 0
2110 0
2111 0
2112 0
2113 0
2114 345
2115 345 346
2116 346
2117 346
2118 346
2119 346 347
2120 347
2121 347
2122 347
2123 347 348
2124 348
2125 348 349
2126 349
2127 349
2128 349
2129 349
2130 349
2131 349
2132 349
2133 349
2134 0
2135 350
2136 350
2137 350
2138 350
2139 350
2140 350
2141 350
2142 350
2143 350
2144 350 351
2145 351
2146 351
2147 351
2148 351
2149 351 352
2150 352
2151 352
2152 352
2153 352
2154 352
2155 352
2156 352
2157 352
2158 352
2159 0
2160 0
2161 0
2162 0
2163 0
2164 0
2165 0
2166 0
2167 0
2168 0
2169 0
2170 0
2171 0
2172 0
2173 0
2174 0
2175 0
2176 353
2177 353
2178 353
2179 353
2180 353 354
2181 354
2182 354
2183 354
2184 354
2185 0
2186 0
2187 0
2188 0
2189 0
2190 0
2191 0
2192 0
2193 355
2194 355
2195 0
2196 356
2197 356
2198 356
2199 0
2200 0
2201 357
2202 357 358
2203 358
2204 358
2205 359
2206 359
2207 359
2208 359
2209 359
2210 359
2211 360
2212 360
2213 360
2214 360
2215 361
2216 361
2217 361 362
2218 362
2219 362
2220 362
2221 362
2222 362
2223 362
2224 363
2225 363
2226 363
2227 363
2228 0
2229 0
2230 365
2231 365
2232 365
2233 365
2234 366
2235 366
2236 0
2237 0
2238 0
2239 0
2240 0
2241 0
2242 0
2243 0
2244 368
2245 368
2246 368 369
2247 369 370
2248 370
2249 370
2250 370
2251 370
2252 370 371
2253 371
2254 371
2255 371
2256 0
2257 372
2258 372
2259 372
2260 372
2261 372
2262 372
2263 372
2264 372
2265 372
2266 372
2267 373
2268 373
2269 374
2270 374
2271 374
2272 0
2273 0
2274 0
2275 0
2276 0
2277 375
2278 375
2279 375
2280 375 376
2281 376
2282 376 377
2283 377
2284 377
2285 377
2286 377
2287 377
2288 377 378
2289 378
2290 378
2291 378
2292 378
2293 378
2294 378 379
2295 379
2296 379
2297 379
2298 379
2299 380
2300 380
2301 380
2302 380
2303 380
2304 380
2305 380
2306 0
2307 0
2308 381
2309 381
2310 381
2311 381
2312 381
2313 381
2314 381
2315 382
2316 382
2317 382
2318 382
2319 0
2320 0
2321 0
2322 0
2323 0
2324 0
2325 0
2326 0
2327 0
2328 383
2329 383
2330 383
2331 383
2332 383
2333 383
2334 383
2335 0
2336 384
2337 384
2338 384
2339 384
2340 384
2341 384
2342 384
2343 384 385
2344 385
2345 385
2346 385
2347 385 386
2348 386 387
2349 387
2350 0
2351 0
2352 0
2353 388
2354 388
2355 388
2356 388
2357 388 389
2358 389
2359 389
2360 389
2361 389
2362 389
2363 389
2364 389
2365 389
2366 389
2367 389
2368 389
2369 389
2370 389
2371 389
2372 0
2373 0
2374 0
2375 0
2376 0
2377 0
2378 0
2379 0
2380 0
2381 390
2382 390
2383 390
2384 390
2385 390
2386 0
2387 0
2388 0
2389 0
2390 0
2391 0
2392 0
2393 0
2394 0
2395 0
2396 0
2397 0
2398 0
2399 0
2400 0
2401 0
2402 0
2403 0
2404 0
2405 0
2406 0
2407 0
2408 0
2409 0
2410 0
2411 0
2412 0
2413 0
2414 0
2415 0
2416 0
2417 391
2418 391
2419 391
2420 391
2421 391
2422 391
2423 0
2424 0
2425 0
2426 0
2427 0
2428 0
2429 0
2430 0
2431 0
2432 0
2433 0
2434 0
2435 0
2436 392
2437 392
2438 392
2439 392
2440 392
2441 393
2442 393
2443 393
2444 393
2445 393 394
2446 394
2447 394 395
2448 395
2449 395
2450 395
2451 395
2452 395
2453 395
2454 0
2455 0
2456 0
2457 0
2458 0
2459 0
2460 0
2461 396
2462 396 397
2463 397
2464 397
2465 397
2466 397
2467 397 398
2468 398
2469 398
2470 398
2471 399
2472 399
2473 399
2474 399
2475 399
2476 399
2477 399
2478 0
2479 400
2480 400
2481 400
2482 400
2483 400
2484 400
2485 401
2486 401
2487 0
2488 0
2489 0
2490 0
2491 0
2492 0
2493 0
2494 0
2495 0
2496 0
