1 0
2 0
3 0
4 0
5 0
6 1
7 1
8 1
9 1 2
10 2 3
11 3
12 3
13 3 4
14 4
15 4
16 5
17 5
18 5
19 5
20 5
21 5
22 5
23 5
24 5
25 5 6
26 6
27 6
28 6
29 6
30 7
31 7
32 7
33 7 8
34 8
35 8
36 8
37 8
38 8
39 8
40 8
41 8
42 8
43 8
44 8
45 8
46 8
47 8 9
48 9
49 9 10
50 10
51 10
52 10 11
53 11
54 11
55 11
56 11
57 11
58 11
59 11
60 0
61 0
62 12
63 12
64 12 13
65 13
66 0
67 0
68 0
69 0
70 15
71 15
72 15
73 0
74 0
75 0
76 0
77 17
78 17
79 17
80 17
81 17
82 17
83 17
84 0
85 18
86 18
87 18
88 18
89 0
90 0
91 0
92 0
93 0
94 0
95 0
96 0
97 0
98 0
99 0
100 0
101 0
102 0
103 0
104 0
105 0
106 19
107 19
108 19
109 19
110 19 20
111 20
112 20
113 20
114 20
115 0
116 0
117 0
118 0
119 0
120 0
121 21
122 21
123 21
124 21
125 0
126 22
127 22
128 0
129 0
130 0
131 0
132 0
133 0
134 0
135 0
136 0
137 0
138 0
139 0
140 0
141 0
142 0
143 0
144 0
145 0
146 0
147 0
148 23
149 23
150 23
151 23
152 0
153 24
154 24
155 24
156 24
157 24
158 24
159 24
160 24
161 24
162 24
163 0
164 0
165 0
166 0
167 0
168 0
169 0
170 0
171 25
172 25
173 25
174 25
175 25
176 25
177 25
178 0
179 26
180 26
181 0
182 0
183 0
184 27
185 27
186 27
187 27
188 27
189 0
190 0
191 0
192 0
193 0
194 0
195 0
196 0
197 0
198 0
199 0
200 28
201 28
202 28
203 28
204 28
205 28
206 0
207 0
208 29
209 29
210 29
211 29
212 29
213 29 30
214 30
215 30
216 30
217 0
218 0
219 0
220 31
221 31
222 32
223 32
224 32
225 32
226 32 33
227 33
228 33
229 34
230 34
231 34
232 0
233 0
234 37
235 37
236 37 38
237 38
238 38
239 39
240 39
241 39
242 39
243 39
244 40
245 40
246 40
247 40
248 40 41
249 41
250 41
251 41
252 41
253 42
254 42
255 42
256 42
257 42
258 0
259 0
260 43
261 43
262 43
263 43
264 43
265 43
266 43
267 43
268 44
269 44
270 44
271 44
272 44
273 44 45
274 45
275 45
276 45
277 45 46
278 46
279 46
280 46
281 0
282 47
283 47
284 47
285 47
286 47
287 47
288 47
289 47
290 47 48
291 48
292 48
293 48
294 48
295 48
296 0
297 0
298 0
299 0
300 49
301 49
302 49 50
303 50
304 50
305 50
306 50
307 50 51
308 51
309 52
310 52
311 52
312 52
313 52
314 52
315 52
316 52
317 52
318 52
319 53
320 53
321 53
322 53
323 54
324 54
325 54
326 55
327 55
328 0
329 56
330 56
331 56
332 56
333 57
334 57
335 57
336 57
337 57
338 57
339 57
340 57
341 0
342 0
343 0
344 58
345 58
346 58
347 58
348 0
349 0
350 0
351 0
352 0
353 60
354 60
355 60
356 60
357 60 61
358 61
359 61
360 61
361 62
362 62
363 62
364 62
365 0
366 0
367 0
368 0
369 0
370 64
371 64
372 64
373 64
374 64
375 64
376 64
377 64
378 64
379 64
380 64 65
381 65
382 65
383 65
384 65
385 65 66
386 66
387 66
388 66
389 67
390 67
391 67
392 67
393 67
394 67
395 67
396 67
397 68
398 68
399 0
400 69
401 69
402 69
403 0
404 0
405 0
406 0
407 0
408 0
409 0
410 70
411 70
412 70
413 70
414 70
415 70
416 70
417 70
418 70 71
419 71
420 71 72
421 72
422 72
423 72
424 72
425 72
426 72
427 72
428 72
429 72
430 73
431 73
432 73
433 73
434 73
435 73
436 74
437 74
438 74
439 74
440 0
441 75
442 75
443 75
444 75
445 75
446 75
447 75 76
448 76
449 76
450 76
451 76
452 76 77
453 77
454 77
455 0
456 0
457 0
458 0
459 0
460 78
461 78
462 78
463 78
464 78
465 79
466 79
467 79
468 79
469 79
470 79
471 79
472 79
473 0
474 80
475 80
476 80
477 80
478 80
479 80
480 0
481 81
482 81
483 0
484 82
485 82
486 82
487 82
488 82
489 82
490 82
491 82
492 82
493 82
494 82
495 82
496 82
497 82
498 82
499 82
500 82
501 0
502 83
503 83
504 83
505 83
506 83 84
507 84
508 84
509 0
510 0
511 0
512 0
513 0
514 0
515 0
516 0
517 0
518 0
519 0
520 0
521 0
522 0
523 0
524 0
525 0
526 0
527 0
528 0
529 0
530 0
531 0
532 0
533 0
534 0
535 0
536 0
537 0
538 0
539 0
540 0
541 0
542 0
543 0
544 0
545 0
546 0
547 0
548 0
549 85
550 85
551 85
552 85
553 85
554 85 86
555 86
556 86
557 86
558 0
559 0
560 87
561 87
562 87
563 0
564 0
565 0
566 0
567 0
568 0
569 0
570 0
571 0
572 0
573 0
574 0
575 0
576 0
577 0
578 0
579 0
580 0
581 0
582 0
583 0
584 0
585 0
586 0
587 0
588 0
589 0
590 0
591 0
592 0
593 0
594 0
595 0
596 0
597 0
598 0
599 0
600 0
601 0
602 0
603 0
604 0
605 0
606 0
607 0
608 0
609 0
610 0
611 0
612 0
613 0
614 0
615 0
616 0
617 0
618 0
619 0
620 0
621 88
622 88
623 88
624 88
625 88
626 88
627 88
628 88
629 0
630 0
631 0
632 0
633 0
634 89
635 89
636 89
637 89
638 89
639 89
640 89
641 89
642 89
643 89
644 89
645 0
646 0
647 0
648 0
649 0
650 0
651 0
652 0
653 0
654 90
655 90
656 0
657 91
658 91
659 91
660 91 92
661 92
662 92
663 92
664 92
665 92
666 0
667 0
668 0
669 93
670 93
671 93
672 93
673 93
674 93
675 93
676 93
677 93
678 93
679 93
680 93
681 93
682 93
683 93
684 93
685 93
686 93
687 93
688 0
689 94
690 94
691 94
692 94
693 94
694 94
695 94
696 94
697 95
698 95
699 95
700 95
701 95
702 95
703 95 96
704 96
705 96
706 96
707 96
708 96
709 96
710 96
711 96
712 96
713 96
714 96
715 96
716 96
717 96
718 96
719 96
720 96
721 0
722 0
723 0
724 0
725 0
726 0
727 0
728 0
729 0
730 0
731 98
732 98 99
733 99
734 99
735 99 100
736 100
737 100
738 100
739 100 101
740 101
741 0
742 0
743 0
744 0
745 0
746 0
747 0
748 0
749 0
750 0
751 0
752 0
753 102
754 102
755 103
756 103
757 103
758 104
759 104
760 104
761 0
762 0
763 0
764 0
765 0
766 0
767 0
768 0
769 0
770 106
771 106
772 106
773 106 107
774 107
775 107
776 107
777 107
778 0
779 0
780 0
781 0
782 0
783 0
784 0
785 0
786 0
787 0
788 0
789 0
790 0
791 0
792 0
793 0
794 0
795 0
796 0
797 108
798 108
799 108
800 108
801 108
802 0
803 0
804 109
805 109
806 109
807 109
808 109
809 109
810 109
811 109
812 110
813 110
814 110
815 110
816 110
817 110 111
818 111
819 111
820 111
821 111
822 111
823 111 112
824 112
825 0
826 0
827 0
828 0
829 0
830 0
831 113
832 113
833 113
834 0
835 0
836 114
837 114
838 114
839 114
840 114
841 114
842 114
843 114
844 114
845 114
846 114
847 114 115
848 115
849 115
850 115
851 115
852 115
853 0
854 0
855 116
856 116
857 116
858 116
859 116
860 116
861 116
862 116
863 117
864 117
865 117
866 117 118
867 118
868 118
869 118
870 119
871 119
872 120
873 120
874 0
875 121
876 121
877 121
878 121
879 121 122
880 122
881 122
882 123
883 123
884 123
885 123
886 0
887 0
888 0
889 0
890 0
891 0
892 0
893 0
894 0
895 0
896 0
897 0
898 124
899 124
900 124
901 124
902 0
903 0
904 125
905 125
906 125
907 125
908 0
909 126
910 126
911 126
912 126
913 126
914 126
915 126
916 127
917 127
918 127
919 127
920 127
921 127
922 127
923 128
924 128
925 128
926 128
927 128
928 128
929 128
930 0
931 0
932 0
933 0
934 0
935 129
936 129
937 129
938 129
939 129
940 129
941 130
942 130
943 130
944 0
945 0
946 0
947 0
948 0
949 0
950 131
951 131
952 131 132
953 132
954 132 133
955 133
956 133
957 0
958 134
959 134
960 134
961 0
962 0
963 0
964 0
965 0
966 0
967 0
968 135
969 135
970 0
971 0
972 0
973 0
974 0
975 0
976 0
977 136
978 136
979 136
980 137
981 137 138
982 138
983 138
984 138
985 138 139
986 139
987 139
988 139
989 139
990 139
991 140
992 140
993 140
994 140
995 140
996 140
997 140
998 141
999 141
1000 141
1001 141 142
1002 142 143
1003 143
1004 143 144
1005 144
1006 0
1007 0
1008 145
1009 145
1010 145 146
1011 146
1012 146
1013 0
1014 147
1015 147 148
1016 148
1017 148
1018 148
1019 148
1020 0
1021 0
1022 0
1023 0
1024 149
1025 149
1026 149
1027 149
1028 149
1029 0
1030 150
1031 150
1032 151
1033 151
1034 151
1035 151
1036 151
1037 151
1038 151
1039 0
1040 152
1041 152
1042 152
1043 152
1044 152
1045 152
1046 153
1047 153
1048 153
1049 153
1050 153
1051 153
1052 153
1053 153 154
1054 154
1055 154
1056 154
1057 154
1058 154
1059 154 155
1060 155
1061 155
1062 155 156
1063 156
1064 156
1065 156 157
1066 157
1067 157
1068 157
1069 157 158
1070 158
1071 158
1072 158
1073 158
1074 158
1075 158
1076 158
1077 0
1078 159
1079 159
1080 159
1081 159
1082 159
1083 0
1084 0
1085 0
1086 0
1087 0
1088 0
1089 0
1090 0
1091 0
1092 0
1093 0
1094 0
1095 0
1096 0
1097 0
1098 0
1099 0
1100 0
1101 0
1102 0
1103 0
1104 0
1105 0
1106 0
1107 0
1108 160
1109 160
1110 160
1111 160
1112 160
1113 0
1114 0
1115 0
1116 0
1117 0
1118 0
1119 161
1120 161
1121 0
1122 162
1123 162
1124 162
1125 162
1126 162
1127 0
1128 0
1129 0
1130 0
1131 0
1132 0
1133 0
1134 0
1135 0
1136 0
1137 0
1138 0
1139 0
1140 0
1141 0
1142 0
1143 0
1144 163
1145 163
1146 0
1147 0
1148 0
1149 0
1150 0
1151 0
1152 0
1153 0
1154 0
1155 0
1156 164
1157 164
1158 164 165
1159 165
1160 165
1161 165
1162 165
1163 165 166
1164 166
1165 166
1166 167
1167 167
1168 167
1169 168
1170 168
1171 168 169
1172 169
1173 169
1174 169 170
1175 170
1176 170
1177 170
1178 170
1179 170
1180 0
1181 0
1182 0
1183 0
1184 0
1185 0
1186 0
1187 0
1188 0
1189 0
1190 0
1191 0
1192 0
1193 0
1194 0
1195 0
1196 171
1197 171
1198 171
1199 171
1200 171
1201 171
1202 171
1203 171
1204 171
1205 172
1206 172
1207 173
1208 173 174
1209 174
1210 174
1211 174
1212 174
1213 174 175
1214 175
1215 175
1216 175
1217 175
1218 0
1219 176
1220 176
1221 176
1222 176
1223 0
1224 0
1225 0
1226 0
1227 0
1228 177
1229 177
1230 177
1231 177
1232 178
1233 178
1234 178
1235 178
1236 178
1237 0
1238 179
1239 179
1240 179
1241 0
1242 0
1243 0
1244 0
1245 0
1246 0
1247 180
1248 180
1249 180
1250 180
1251 180
1252 180
1253 180
1254 180
1255 0
1256 0
1257 0
1258 181
1259 181
1260 181
1261 181
1262 181
1263 181
1264 181
1265 181
1266 0
1267 0
1268 0
1269 0
1270 182
1271 182
1272 0
1273 0
1274 184
1275 184
1276 184
1277 184
1278 185
1279 185
1280 185
1281 0
1282 0
1283 0
1284 0
1285 0
1286 186
1287 186
1288 186
1289 186
1290 186
1291 186
1292 186
1293 186
1294 186
1295 186
1296 186
1297 186
1298 187
1299 187
1300 0
1301 0
1302 0
1303 0
1304 0
1305 0
1306 188
1307 188
1308 188
1309 188
1310 188
1311 188
1312 188
1313 189
1314 189
1315 0
1316 0
1317 0
1318 0
1319 0
1320 190
1321 190
1322 190
1323 190
1324 0
1325 191
1326 191
1327 191
1328 191
1329 191
1330 191 192
1331 192
1332 192
1333 0
1334 0
1335 0
1336 0
1337 0
1338 0
1339 193
1340 193
1341 193
1342 194
1343 194
1344 195
1345 195
1346 195
1347 195 196
1348 196
1349 196
1350 197
1351 197
1352 197
1353 197
1354 197
1355 198
1356 198
1357 198
1358 198 199
1359 199
1360 199
1361 199
1362 199
1363 199
1364 199
1365 199
1366 199
1367 199
1368 199
1369 199
1370 199
1371 199
1372 199
1373 199 200
1374 200
1375 200
1376 200
1377 200
1378 200
1379 200
1380 200
1381 200
1382 200
1383 200
1384 200
1385 200
1386 201
1387 201 202
1388 202
1389 202
1390 202
1391 202
1392 202 203
1393 203
1394 0
1395 204
1396 204
1397 204
1398 205
1399 205
1400 205
1401 205
1402 0
1403 206
1404 206
1405 208
1406 208
1407 208
1408 208 209
1409 209
1410 209
1411 209
1412 209
1413 209
1414 209
1415 209
1416 210
1417 210
1418 210
1419 210
1420 210
1421 210
1422 0
1423 0
1424 211
1425 211
1426 211 212
1427 212
1428 213
1429 213
1430 213 214
1431 214
1432 214
1433 0
1434 0
1435 0
1436 0
1437 0
1438 0
1439 0
1440 0
1441 0
1442 0
1443 0
1444 0
1445 215
1446 215
1447 0
1448 0
1449 0
1450 0
1451 0
1452 0
1453 0
1454 0
1455 0
1456 0
1457 0
1458 0
1459 0
1460 0
1461 0
1462 0
1463 0
1464 0
1465 0
1466 0
1467 0
1468 0
1469 0
1470 0
1471 0
1472 0
1473 0
1474 0
1475 0
1476 0
1477 0
1478 0
1479 0
1480 216
1481 216
1482 216 217
1483 217
1484 217
1485 217
1486 217
1487 217
1488 217
1489 218
1490 218
1491 218
1492 218
1493 218
1494 218 219
1495 219
1496 0
1497 0
1498 0
1499 0
1500 220
1501 220
1502 220 221
1503 221
1504 221
1505 221 222
1506 222
1507 222
1508 222
1509 0
1510 0
1511 224
1512 224
1513 224
1514 224
1515 224
1516 0
1517 0
1518 0
1519 0
1520 0
1521 225
1522 225 226
1523 226
1524 226
1525 0
1526 227
1527 227
1528 227
1529 227
1530 227
1531 227
1532 227
1533 227
1534 227
1535 227
1536 227
1537 227
1538 227
1539 227
1540 227
1541 227
1542 227
1543 227
1544 227
1545 227
1546 227
1547 228
1548 228
1549 228
1550 228
1551 228
1552 228 229
1553 229
1554 229 230
1555 230
1556 230
1557 231
1558 231
1559 231
1560 231
1561 231
1562 231
1563 231
1564 0
1565 232
1566 232
1567 232 233
1568 233
1569 233
1570 233
1571 233
1572 233
1573 234
1574 234
1575 234
1576 234
1577 234
1578 234
1579 234
1580 234
1581 234
1582 234
1583 234
1584 234 235
1585 235
1586 235
1587 235
1588 235
1589 0
1590 0
1591 0
1592 0
1593 0
1594 0
