2 -1.3374593257904053 1.4416512250900269
3 0.21248087286949158 -0.045124806463718414
4 0.2124573141336441 -0.04507027938961983
5 0.2124563306570053 -0.045070111751556396
6 0.21238897740840912 -0.045135609805583954
7 0.21206292510032654 -0.045124683529138565
8 0.21230967342853546 -0.04506029188632965
9 0.21205177903175354 -0.0451338104903698
10 0.2123275101184845 -0.04512668773531914
11 0.2122439444065094 -0.045071106404066086
12 0.2122344970703125 -0.045060910284519196
13 0.2124570906162262 -0.04507020115852356
14 0.21221381425857544 -0.04504397511482239
15 0.21245498955249786 -0.045070499181747437
16 0.2124522179365158 -0.0450703501701355
17 0.21226540207862854 -0.04493854567408562
18 0.21245843172073364 -0.0450698584318161
19 0.21224698424339294 -0.045071572065353394
20 0.21225593984127045 -0.04498922824859619
21 0.21232876181602478 -0.044668473303318024
22 0.21245622634887695 -0.045070189982652664
23 0.21245625615119934 -0.04507024213671684
24 0.21248087286949158 -0.04512481018900871
25 0.21235695481300354 -0.04507298022508621
26 0.2124571055173874 -0.04507023096084595
27 0.2124571055173874 -0.04507016763091087
28 0.21242336928844452 -0.04513605684041977
29 0.21237553656101227 -0.04513586685061455
30 0.2123558521270752 -0.04527368023991585
31 0.21235838532447815 -0.045069918036460876
32 0.2124554067850113 -0.045042481273412704
33 0.21205177903175354 -0.04513382539153099
34 0.21205177903175354 -0.04513382539153099
35 0.21225589513778687 -0.044989220798015594
36 0.2124571055173874 -0.045070234686136246
37 0.2124571055173874 -0.04507019370794296
38 0.21236459910869598 -0.04505892097949982
39 0.2124522477388382 -0.04507040977478027
40 0.21234114468097687 -0.04537251591682434
41 0.21224388480186462 -0.045071061700582504
42 0.212452232837677 -0.045070283114910126
43 0.21230965852737427 -0.04506036639213562
44 0.2124539315700531 -0.04506075382232666
45 0.21205176413059235 -0.045133817940950394
46 0.24419090151786804 1.6558942794799805
47 0.2124522477388382 -0.045070357620716095
48 0.21234130859375 -0.04514694586396217
49 0.21224692463874817 -0.045071497559547424
50 0.2122439593076706 -0.04507113993167877
51 0.21500153839588165 -0.04526789113879204
52 0.21224245429039001 -0.04498414695262909
53 0.2124522179365158 -0.04507036134600639
54 0.21232730150222778 -0.045069243758916855
55 0.21211670339107513 -0.045029010623693466
56 0.21224690973758698 -0.0450715571641922
57 0.21230250597000122 -0.04512464255094528
58 0.2124532163143158 -0.04501061886548996
59 0.21236467361450195 -0.04505882039666176
60 0.21245725452899933 -0.04507015272974968
61 0.2122439593076706 -0.04507114738225937
62 0.21242354810237885 -0.045136019587516785
63 0.21211716532707214 -0.04502879083156586
64 0.21248085796833038 -0.04512479528784752
65 0.21245595812797546 -0.045060597360134125
66 0.21235698461532593 -0.04507313296198845
67 0.21245723962783813 -0.04507001116871834
68 0.21225766837596893 -0.04526732861995697
69 0.21221379935741425 -0.04504408687353134
70 0.2123255580663681 -0.04511028155684471
71 0.21245193481445312 -0.045136790722608566
72 0.2124572992324829 -0.04507021978497505
73 0.21232764422893524 -0.04511525109410286
74 0.21222586929798126 -0.04527539387345314
75 0.21222589910030365 -0.045275405049324036
76 0.212359219789505 -0.045274339616298676
77 0.2123754918575287 -0.04513590410351753
78 0.21205177903175354 -0.04513375833630562
79 0.21237552165985107 -0.045135896652936935
80 0.21237553656101227 -0.04513591527938843
81 0.2123890370130539 -0.04513559862971306
82 0.21245542168617249 -0.04504242539405823
83 0.21233341097831726 -0.045112282037734985
84 0.2124532163143158 -0.04501061886548996
85 0.21234473586082458 -0.045068662613630295
86 0.21205177903175354 -0.0451338104903698
87 0.2122344970703125 -0.04506094008684158
88 0.21225765347480774 -0.04526732489466667
89 0.21248085796833038 -0.0451248362660408
90 -0.5106387734413147 0.2814861238002777
91 -0.09197840839624405 -0.2044685184955597
92 -0.6431332230567932 0.3343697488307953
93 -0.17831452190876007 0.7036775946617126
94 0.21234478056430817 -0.04506877064704895
95 -0.8439450263977051 -0.4553035497665405
96 0.378243625164032 -1.144599199295044
97 1.2389352321624756 -1.47182297706604
98 0.8094658255577087 0.12015774101018906
99 1.2532978057861328 -0.22820548713207245
100 -0.26294779777526855 0.4635491669178009
101 0.7240594029426575 0.09395155310630798
102 0.30611297488212585 -0.845395565032959
103 0.8472566604614258 1.5917282104492188
104 0.41706785559654236 0.4288749098777771
105 1.9773019552230835 -0.46246156096458435
106 1.9248676300048828 0.5673750638961792
107 0.469479501247406 -0.03951935097575188
108 -1.5606060028076172 0.24367602169513702
109 1.3643372058868408 -1.2780061960220337
110 1.007674217224121 -1.6399006843566895
111 -0.5462113618850708 0.31648004055023193
112 1.1574233770370483 1.42138671875
113 1.987493872642517 -0.13753369450569153
114 -0.002720572054386139 -0.11567548662424088
115 0.45434677600860596 0.4032750427722931
116 1.1027332544326782 0.14335574209690094
117 1.5699572563171387 1.1271955966949463
118 0.2676094174385071 -1.178212285041809
119 0.45915529131889343 -1.3213067054748535
120 0.9288263916969299 1.5146640539169312
121 -1.1043730974197388 0.145574152469635
122 -0.09356006979942322 0.6895602941513062
123 -0.2488231360912323 0.4476746916770935
124 1.2683274745941162 -1.4532727003097534
125 -0.5573512315750122 0.31483450531959534
126 0.3936193883419037 0.2641591727733612
127 0.3576444089412689 -0.44406476616859436
128 0.698107898235321 1.2226248979568481
129 -0.6561288237571716 0.30807000398635864
130 0.3608330488204956 -0.4552810788154602
131 0.04496542736887932 -1.798294186592102
132 -0.06756795197725296 0.6880843043327332
133 0.7931444048881531 0.7404354214668274
134 -0.6532003879547119 -0.9167566895484924
135 0.8400729894638062 -0.015893101692199707
136 0.6496005654335022 -0.6244763731956482
137 -1.4805896282196045 -0.34270980954170227
138 0.0706949234008789 -0.9420921206474304
139 -0.6427041292190552 0.2736545205116272
140 -0.23069049417972565 -1.365525722503662
141 -1.343156099319458 -0.8506632447242737
142 0.15231618285179138 0.0050719366408884525
143 0.4734833538532257 -0.8493980169296265
144 0.9407828450202942 0.7096697092056274
145 0.8247623443603516 -1.094070315361023
146 -0.0023671153467148542 -0.11442241817712784
147 0.25676849484443665 0.2525995373725891
148 0.026303742080926895 -0.14573484659194946
149 0.7137622237205505 0.9410467743873596
150 0.6714949011802673 -0.3920767307281494
151 -0.1724499762058258 -1.7733933925628662
152 -0.16814713180065155 0.636813759803772
153 -0.6603304147720337 0.23910307884216309
154 0.1544155776500702 0.7154776453971863
155 1.9537057876586914 0.3673454821109772
156 0.6659449934959412 -0.43638768792152405
157 0.3909158408641815 0.2684011161327362
158 -0.016039224341511726 -0.1158318966627121
159 0.36191654205322266 -0.4483095109462738
160 0.0544307604432106 -0.9582973718643188
161 -0.2627711296081543 0.46388792991638184
162 0.9095777869224548 -0.9570199251174927
163 0.2933376133441925 0.2787257730960846
164 0.5367645621299744 -1.2210785150527954
165 -0.057252056896686554 -0.8994865417480469
166 -0.1670115739107132 0.6736935973167419
167 1.9648886919021606 -0.0420508086681366
168 -0.14758531749248505 0.6202210783958435
169 1.3758536577224731 0.8894664645195007
170 1.0102531909942627 -1.6380826234817505
171 0.6690853834152222 -0.3983149528503418
172 0.007642541546374559 -0.1455511599779129
173 -1.0923024415969849 0.15577782690525055
174 -0.5593087077140808 0.30976295471191406
175 1.8421270847320557 0.7896901965141296
176 0.3350071907043457 -1.1273995637893677
177 -0.4329482316970825 -0.36968955397605896
178 1.6312400102615356 1.0711909532546997
179 -0.10815922915935516 -0.6884061694145203
180 -0.004021690227091312 -0.11832272261381149
181 -0.38024044036865234 0.30084365606307983
182 0.017258306965231895 -1.7972134351730347
183 0.12337392568588257 -1.7585318088531494
184 0.5989519357681274 1.5858449935913086
185 1.4443557262420654 0.7796260714530945
186 0.8433437347412109 1.6069821119308472
187 -0.06392984837293625 -0.885310173034668
188 -0.13820643723011017 -0.6532047390937805
189 1.9240610599517822 0.18293660879135132
190 -0.1726149469614029 -1.7733336687088013
191 1.444823145866394 1.265234112739563
192 0.2123275250196457 -0.04512667655944824
193 1.5326857566833496 -0.20880350470542908
194 1.2417539358139038 -0.20314918458461761
195 -0.5821196436882019 -1.2252532243728638
196 -1.0972365140914917 0.1598333716392517
197 0.09648176282644272 1.7293012142181396
198 0.19422338902950287 0.15474867820739746
199 1.6197209358215332 0.4035104215145111
200 0.8328704833984375 -1.089188575744629
201 -1.1436506509780884 -1.16403329372406
202 -0.2620407044887543 -0.5547788739204407
203 0.5357427597045898 -1.223759412765503
204 -0.6423024535179138 0.27911457419395447
205 -1.2306170463562012 -1.0531811714172363
206 -0.4292933940887451 -1.7339671850204468
207 0.20583178102970123 0.7072514891624451
208 0.9150902628898621 -0.05991837754845619
209 -1.5196744203567505 -0.11100445687770844
210 0.021529799327254295 -0.1483982652425766
211 -0.4586578905582428 -0.29580286145210266
212 1.92880117893219 0.556306004524231
213 1.5171637535095215 -1.2097152471542358
214 -0.25860634446144104 0.4748832881450653
215 0.253360390663147 0.25942283868789673
216 1.9427984952926636 0.10419995337724686
217 -0.27383312582969666 -0.5609433054924011
218 0.36003831028938293 -0.46764105558395386
219 0.22054672241210938 0.7277280688285828
220 1.2629151344299316 -1.47842276096344
221 -0.16784879565238953 -1.4164364337921143
222 0.7707233428955078 -0.22918172180652618
223 1.075385570526123 0.16297490894794464
224 0.3458521366119385 0.9277087450027466
225 0.9087538719177246 -0.962577223777771
226 1.6948915719985962 0.9579649567604065
227 -0.4303358495235443 -1.733555793762207
228 0.6447381973266602 -0.5134032964706421
229 0.023888353258371353 -0.14245249330997467
230 -0.44670286774635315 -0.36235180497169495
231 -1.383312702178955 -0.7444983124732971
232 -0.13349269330501556 1.2780948877334595
233 -1.5172696113586426 -0.008843210525810719
234 0.02134082093834877 -0.36986568570137024
235 -0.635453462600708 0.28019481897354126
236 -0.15122823417186737 0.6244670748710632
237 0.5540215373039246 -1.2087771892547607
238 1.355028748512268 -1.2764393091201782
239 0.6663241386413574 -0.43638303875923157
240 1.2362797260284424 1.3702179193496704
241 -0.15698714554309845 0.5174262523651123
242 0.5296185612678528 1.1738389730453491
243 0.05253134295344353 -1.7924604415893555
244 0.8227322101593018 0.7598701119422913
245 -0.13729457557201385 -0.6516492962837219
246 0.29459816217422485 -1.7563362121582031
247 -1.562073826789856 0.2429322451353073
248 0.38024038076400757 -0.4504908323287964
249 1.9848394393920898 -0.4037054777145386
250 0.49206995964050293 0.7530836462974548
251 0.503171443939209 -1.792467713356018
252 1.6149415969848633 0.3714447021484375
253 -1.1725056171417236 -1.2916569709777832
254 0.6714766025543213 -0.4347594678401947
255 1.3081306219100952 0.4002668857574463
256 1.647657871246338 0.574478805065155
257 1.9814257621765137 -0.4411463737487793
258 0.36021673679351807 -0.4487134516239166
259 0.2512005567550659 0.2520090937614441
260 0.6663358807563782 -0.4363795816898346
261 -0.1232127696275711 -1.4238399267196655
262 1.4325535297393799 -0.36407601833343506
263 1.0186512470245361 -1.6318700313568115
264 0.050340380519628525 1.0950276851654053
265 0.729212760925293 0.10857239365577698
266 1.1987228393554688 1.3925856351852417
267 0.675622284412384 -0.3584419786930084
268 0.024117738008499146 1.7384916543960571
269 0.9058570861816406 -0.9614194631576538
270 -0.0018333552870899439 -0.11486678570508957
271 1.6534512042999268 -1.0880365371704102
272 0.359621524810791 -0.4493403434753418
273 -0.19361603260040283 -1.7705973386764526
274 -0.34351953864097595 0.32426029443740845
275 -1.3652361631393433 -0.05133986845612526
276 -1.1064534187316895 0.15393337607383728
277 0.3872099220752716 0.3515189588069916
278 0.8233863711357117 1.073027491569519
279 0.7661734819412231 0.9985357522964478
280 0.6943352818489075 0.7265892028808594
281 0.8391351103782654 1.613793969154358
282 -0.38325735926628113 0.332689493894577
283 -1.222412109375 -1.2211862802505493
284 0.6776357889175415 -0.3915548026561737
285 -0.17473085224628448 -0.6910979151725769
286 0.8310904502868652 -1.074790596961975
287 0.39771780371665955 -1.2351258993148804
288 0.9365622997283936 0.7465945482254028
289 0.8607658743858337 0.7649613618850708
290 -0.11256474256515503 -0.6761344075202942
291 0.9049683213233948 0.39346083998680115
292 1.5170623064041138 0.33406418561935425
293 1.3860628604888916 -0.5510921478271484
294 -0.00046142772771418095 -0.11940135061740875
295 0.6863822340965271 1.2207372188568115
296 -0.7169857621192932 -0.23272952437400818
298 1.436401128768921 0.6883255839347839
299 -0.17559190094470978 -0.7018371224403381
300 -0.8210182189941406 -0.38976365327835083
301 0.19246597588062286 -1.5830078125
302 0.15169468522071838 0.00035126606235280633
303 -0.03933039680123329 -0.16201674938201904
304 0.8386971354484558 0.1609800159931183
305 -0.5557821393013 0.31160393357276917
306 -1.377972960472107 -0.3643642067909241
307 -0.7420272827148438 -1.5820642709732056
308 0.4605289697647095 -1.2347729206085205
309 0.05841981619596481 -0.9711044430732727
310 -0.6495918035507202 0.27865445613861084
311 1.0892220735549927 0.15534080564975739
312 -1.5229384899139404 -0.08257412910461426
313 1.8146542310714722 -0.88178551197052
314 0.4883382022380829 0.19581441581249237
315 0.052355218678712845 -1.792465329170227
316 -1.2305411100387573 -1.0219463109970093
317 1.8178167343139648 -0.8843518495559692
318 -0.12574900686740875 1.2374118566513062
319 -0.44320738315582275 -0.3761463463306427
320 0.4412074685096741 0.2384055107831955
321 0.25141265988349915 0.2519845962524414
322 0.43241533637046814 0.8583518266677856
323 -0.147609144449234 -0.6515209674835205
324 1.3311766386032104 1.3199561834335327
325 1.9879400730133057 -0.12783943116664886
326 5.558948032557964e-05 -0.11545060575008392
327 -0.06253495067358017 -0.17123642563819885
328 -0.12728597223758698 1.2233855724334717
332 -0.6016871929168701 -0.08716277033090591
333 0.3311072885990143 0.2706170082092285
334 -0.4195307493209839 -1.7339683771133423
335 0.8614177107810974 0.7421312928199768
336 1.575548768043518 1.1230833530426025
337 0.6429212689399719 0.7450982332229614
338 -1.5654929876327515 0.2368467152118683
339 1.4345284700393677 -0.33011379837989807
340 0.6689408421516418 -0.4160923361778259
341 -0.009772608987987041 -0.10605046898126602
342 -0.08720671385526657 -0.7344751358032227
343 0.7229874134063721 0.10558658838272095
344 0.5027776956558228 1.6380666494369507
345 0.3627326488494873 -1.7853310108184814
346 0.6781474351882935 -0.39048731327056885
347 1.173598051071167 -0.758350670337677
348 0.8189418911933899 -1.098326325416565
349 0.025967873632907867 -1.5100281238555908
350 -0.06581225991249084 -0.0986730083823204
351 1.4090341329574585 -1.239778757095337
352 0.1785748302936554 -0.13789081573486328
353 0.4355185627937317 -0.05868330970406532
354 0.3716062009334564 -0.45095813274383545
355 -0.00419591274112463 -0.12853212654590607
356 -0.8998677134513855 0.10005389153957367
357 -0.12856094539165497 1.2596619129180908
358 0.27538421750068665 0.2660994231700897
359 -1.342969536781311 -0.8526155948638916
360 -0.0623064823448658 0.6829674243927002
361 -0.2481716424226761 0.46114128828048706
362 -0.7525864839553833 -1.5752619504928589
363 0.9682889580726624 0.7345725893974304
364 0.938261091709137 1.311070442199707
365 0.5001941323280334 -1.793071985244751
366 0.3689853549003601 -0.4525878131389618
367 0.7817361354827881 0.9933639764785767
371 -0.14180603623390198 -0.7310010194778442
372 0.7280402779579163 0.10819916427135468
373 0.635083019733429 -1.7067153453826904
374 -1.3942592144012451 -0.3790406286716461
375 0.3618089556694031 -1.1743741035461426
376 1.4332314729690552 0.6802809238433838
377 0.9563760757446289 -1.6656697988510132
378 0.3460598289966583 -0.43472346663475037
379 -0.1876731961965561 1.434962511062622
380 0.7717034816741943 -0.26655474305152893
381 -0.08152160793542862 -0.13697274029254913
382 0.17636239528656006 0.14783957600593567
383 1.3331352472305298 1.3147250413894653
384 0.8401960134506226 -0.888473629951477
385 0.01850912906229496 -0.14185398817062378
386 -0.2693067789077759 -0.5627803206443787
387 1.9847716093063354 -0.4039909839630127
388 1.9848138093948364 -0.41639524698257446
389 0.2891079783439636 0.9657333493232727
390 0.3684370815753937 0.3042469620704651
391 -0.5469963550567627 0.34434574842453003
392 -0.16947539150714874 -0.709108829498291
393 0.252346932888031 0.2532026767730713
394 0.21245712041854858 -0.04507020488381386
395 -0.03777935355901718 -1.808321475982666
396 -0.19465187191963196 -0.22332826256752014
397 -0.10094540566205978 -1.4306687116622925
398 1.1322345733642578 0.1230413019657135
399 -0.6254799962043762 -0.10350498557090759
400 0.2838805913925171 -0.015667840838432312
401 0.8760929703712463 0.06767940521240234
402 0.22917155921459198 1.6705623865127563
403 -0.15929722785949707 0.5163206458091736
404 1.3400061130523682 1.3046647310256958
405 0.25040164589881897 1.6495260000228882
406 -0.8041630983352661 -0.6277437806129456
407 -0.07446186244487762 0.6884143948554993
408 0.4028048515319824 0.42022404074668884
409 -0.021209251135587692 -0.897086501121521
410 1.590272068977356 1.1141821146011353
411 0.7280137538909912 0.10817568749189377
412 -0.5300914645195007 0.08367355167865753
413 1.4310442209243774 -0.46245822310447693
414 0.6691694855690002 -0.4332081377506256
415 0.5325455069541931 -0.1439104974269867
416 -1.266154170036316 -0.9886020421981812
417 -0.692314624786377 -0.8466763496398926
418 -0.27145153284072876 -0.6036787033081055
419 -0.2843920588493347 -0.684155285358429
420 0.018719512969255447 -0.16788192093372345
421 0.35227879881858826 -0.44210246205329895
422 0.9149728417396545 0.11962281912565231
423 -0.010534366592764854 -0.11830098927021027
424 -0.6546518802642822 -0.8897817134857178
425 -1.3742752075195312 -0.7622549533843994
426 -0.14684711396694183 -0.6499622464179993
427 0.673187255859375 -0.38834601640701294
428 0.0008949781768023968 -0.12111955881118774
431 0.3138217031955719 -0.8026922345161438
432 -1.2840811014175415 -0.9648104906082153
433 1.728182077407837 -1.003482699394226
434 0.6660622954368591 -0.42491796612739563
435 1.0271741151809692 -0.8726691603660583
436 1.406844973564148 0.8142187595367432
437 1.4033578634262085 1.2205584049224854
439 0.3590710461139679 -0.4452683627605438
440 -0.6423366665840149 -1.6404443979263306
441 0.36683717370033264 0.30063652992248535
442 -0.10538184642791748 -0.7193870544433594
443 1.923345923423767 0.5736296772956848
444 0.6661278605461121 -0.4152158200740814
445 0.3443255126476288 0.9243125319480896
446 -0.7699739933013916 -1.5638399124145508
447 1.4926109313964844 0.46597790718078613
448 -0.11687176674604416 -0.6532418131828308
449 -0.5564915537834167 0.3154447078704834
452 1.8197487592697144 -0.8818670511245728
453 0.15047574043273926 1.1260212659835815
454 0.9517994523048401 0.742879331111908
455 0.9052878022193909 -0.9621996283531189
456 0.9729954600334167 -0.5123021602630615
457 1.5822798013687134 -0.0676635354757309
458 1.2420018911361694 0.4068581163883209
459 0.04693977162241936 -0.9431614279747009
460 -0.04599745199084282 1.7442116737365723
461 0.6712273359298706 -0.41064751148223877
462 1.2669541835784912 -1.456066370010376
463 1.428338885307312 -0.468140572309494
464 0.13154177367687225 1.3869459629058838
465 0.4908512532711029 0.19396062195301056
466 1.659294605255127 -1.0806329250335693
467 -0.43231841921806335 -0.3720661997795105
468 0.2507571280002594 0.2555557191371918
469 1.0585036277770996 0.2023075819015503
470 -0.16798289120197296 -0.7147047519683838
471 0.35754096508026123 -0.4443715512752533
472 -0.04812845215201378 -0.12616749107837677
473 -0.6813896894454956 -1.2611337900161743
474 -0.865027904510498 -0.49860355257987976
475 -0.014752678573131561 -0.11496852338314056
476 0.3698180317878723 -0.44994238018989563
477 1.5263923406600952 0.5320284366607666
478 0.8767684102058411 1.2780946493148804
479 0.7080849409103394 0.1236577183008194
480 0.12959808111190796 1.3903772830963135
481 0.2698962092399597 1.6468456983566284
482 0.39591875672340393 -1.1617845296859741
483 0.22666890919208527 1.6751948595046997
484 -0.48709967732429504 0.0624549575150013
485 -0.0704314261674881 -1.8006638288497925
486 0.6780039072036743 -0.3836074471473694
487 1.657340407371521 -1.089030385017395
488 0.6672119498252869 -0.4025282561779022
489 0.8296117782592773 -1.0752547979354858
490 0.5440202355384827 1.6165229082107544
491 -0.09157498925924301 0.6878404021263123
492 0.27108731865882874 0.26959970593452454
493 1.9303513765335083 0.5527591109275818
494 -0.7853893041610718 -0.65195631980896
495 0.0643542930483818 -0.9387997984886169
496 0.32536575198173523 0.2713158428668976
497 -0.6336553692817688 -0.112251877784729
498 0.8483642339706421 0.7411808371543884
499 1.1148422956466675 -1.553721308708191
500 0.7017011642456055 1.2204722166061401
501 0.5380417704582214 -1.221981167793274
502 -0.16844724118709564 0.7038050293922424
503 0.3883347511291504 -0.07493940740823746
504 0.8626925945281982 -1.049773097038269
505 -0.5961532592773438 0.20625664293766022
506 0.9869703650474548 -1.6531072854995728
507 0.3563927412033081 -0.44559556245803833
508 1.2439777851104736 -1.4701154232025146
509 -0.003972436301410198 -0.11486360430717468
510 1.211035966873169 -0.7515116333961487
511 -0.17296764254570007 -0.6874094009399414
512 -0.008042095229029655 -0.10937400907278061
513 -1.1459789276123047 -1.232253909111023
514 0.36024948954582214 -0.45430806279182434
515 0.32640907168388367 0.27181756496429443
516 -1.3667755126953125 -0.3620378375053406
517 1.5183238983154297 1.1844178438186646
518 0.0639464482665062 -0.21998971700668335
519 1.9295068979263306 0.19939202070236206
520 0.29801422357559204 0.9490482211112976
521 0.5147408246994019 -0.125896155834198
522 1.3717677593231201 0.42290017008781433
523 1.930135726928711 0.20185571908950806
524 -0.7942941784858704 -0.6270881295204163
525 -0.6315125226974487 -1.2476880550384521
526 -0.08836904913187027 -0.2031947523355484
527 -0.022986767813563347 -0.13428395986557007
528 0.2022503763437271 0.15141282975673676
529 0.7326700687408447 -0.27858635783195496
530 -1.0020445585250854 0.10171462595462799
531 -0.44470974802970886 -0.24706274271011353
532 1.814782738685608 -0.89374178647995
533 -0.18450118601322174 0.472624808549881
534 -0.1530226320028305 0.6587910056114197
535 1.6687299013137817 0.5173327922821045
536 -1.5220942497253418 -0.1338624358177185
537 -0.12856899201869965 1.2597941160202026
538 0.14215463399887085 1.200069785118103
539 0.4727945625782013 0.1975218951702118
540 -0.06386607140302658 -1.8028194904327393
541 -0.24989289045333862 0.45860061049461365
542 0.3502780795097351 0.9262042045593262
543 0.38318145275115967 -1.1516392230987549
544 1.4649195671081543 -0.38515377044677734
545 -0.80401211977005 -0.4040796756744385
546 1.9298861026763916 0.2090027630329132
547 0.24923694133758545 0.2519930899143219
548 0.3608323335647583 -0.4552844166755676
549 0.3884815275669098 -1.1658458709716797
550 -0.19030289351940155 1.4313502311706543
551 -0.04254469648003578 -0.12533524632453918
552 -1.4692680835723877 -0.3846181333065033
553 -0.21617694199085236 0.5675507187843323
554 -0.04740462452173233 0.6828755736351013
555 0.25439518690109253 0.25583699345588684
556 -1.1089431047439575 0.15087251365184784
557 0.02021385170519352 -0.14473752677440643
558 -0.3051203787326813 0.36306941509246826
559 0.25407910346984863 1.6477105617523193
560 0.46741950511932373 0.19914421439170837
561 1.6830830574035645 0.2125270962715149
562 -0.7476924061775208 -0.6638841032981873
563 -0.059407856315374374 -0.13520795106887817
564 -1.3294100761413574 0.21775050461292267
565 -0.2684951722621918 -0.5532068014144897
566 0.9279256463050842 0.11832066625356674
567 -0.5559974312782288 0.31616413593292236
570 1.972547173500061 -0.043773770332336426
571 -0.15709735453128815 0.5039461851119995
572 0.8570367693901062 1.6011791229248047
573 1.0417994260787964 0.12621119618415833
574 0.34793326258659363 -1.1726194620132446
577 -0.26839128136634827 -0.5648418664932251
578 1.4241390228271484 -0.4694698452949524
579 -0.6814801692962646 -0.17816269397735596
580 -1.186902642250061 -1.0859160423278809
581 1.9802706241607666 -0.4520026743412018
582 -1.5156391859054565 -0.08610686659812927
583 -0.1863061487674713 -1.7718124389648438
584 -0.028387874364852905 -0.10131481289863586
585 0.860977053642273 0.7435457110404968
586 0.47376739978790283 0.19862616062164307
587 1.4414470195770264 -0.3592246472835541
588 0.5038318037986755 1.618884801864624
589 0.49553540349006653 0.7512223124504089
592 -0.12864084541797638 1.2593352794647217
593 0.7912018299102783 -0.2668580710887909
594 0.5621677041053772 -0.2849541902542114
595 -0.4302068054676056 -1.7323359251022339
596 0.5862224698066711 -1.5576882362365723
597 0.3264894187450409 0.7138010859489441
598 0.5029901266098022 -0.8132162094116211
599 -0.025806849822402 -0.107595294713974
600 1.042515516281128 0.22142383456230164
601 0.8647145628929138 0.7655167579650879
602 0.3196069896221161 -0.47255802154541016
603 0.46384283900260925 0.13310347497463226
604 1.6939890384674072 0.9545707106590271
607 -0.5911396741867065 -0.06256735324859619
608 0.5727673172950745 0.7290090322494507
609 1.6816388368606567 -1.062278151512146
610 0.4270724356174469 -1.1637998819351196
611 0.41989749670028687 0.8614664077758789
612 0.31963300704956055 -0.4726145565509796
613 0.5549793243408203 0.7361158728599548
614 -1.416818618774414 -0.715099036693573
615 0.3675521910190582 0.3036954402923584
616 -0.03181564807891846 -0.8307942748069763
617 -0.16388656198978424 0.6478895545005798
618 -0.001080340938642621 -0.11900506913661957
619 -1.5212726593017578 -0.1309942752122879
620 1.157697319984436 1.4315577745437622
621 0.7684586644172668 -0.2494634985923767
622 0.25716203451156616 0.25624558329582214
623 -0.05058831721544266 -0.849758505821228
624 0.34676843881607056 -0.43608298897743225
625 1.9857913255691528 -0.40763330459594727
626 0.47114163637161255 0.18813186883926392
627 1.5761593580245972 -0.05410400778055191
628 -1.3455497026443481 -0.8511751890182495
629 0.42927086353302 0.7962620258331299
630 1.5870250463485718 0.5103191137313843
631 -0.6307738423347473 0.2710631489753723
632 -0.31955480575561523 0.33347469568252563
633 -0.039604078978300095 -0.1332395225763321
634 -0.02462828904390335 -0.1291113793849945
635 -0.7863895893096924 -0.6078065633773804
636 -0.6403972506523132 -0.12663432955741882
637 0.3813479542732239 0.8566868901252747
638 -0.785773754119873 -0.6904646754264832
639 -0.5611926913261414 -1.2242501974105835
640 0.362174928188324 -0.4458378255367279
641 0.07137636095285416 1.1341131925582886
642 0.0024625896476209164 -0.1393946409225464
643 -0.0015919568249955773 -0.13600075244903564
644 0.5604355931282043 -1.5195039510726929
645 -1.1047508716583252 0.14690527319908142
646 0.3563665747642517 0.28700143098831177
647 0.030059166252613068 -0.3672459125518799
648 0.40446868538856506 0.8680263757705688
649 -0.17639410495758057 -0.7019451856613159
650 1.0390779972076416 0.18703806400299072
651 -0.04588038846850395 -0.10378272831439972
652 1.9288933277130127 0.18845875561237335
653 -1.5631104707717896 0.23808345198631287
654 1.730261206626892 0.9092856645584106
657 -0.0768858790397644 -0.15032577514648438
658 -0.3185695707798004 0.3336757719516754
659 -1.4763438701629639 -0.36053305864334106
660 -1.459417462348938 -0.4806109070777893
662 0.4826468229293823 0.3884170651435852
666 0.8510576486587524 1.6037876605987549
667 -0.39268702268600464 -1.2808451652526855
668 0.9956358075141907 -0.004345308989286423
669 0.6528502702713013 -0.5208235383033752
670 1.9802782535552979 -0.4519611597061157
671 0.041451990604400635 -0.2960464358329773
672 -1.5650016069412231 0.2343026101589203
673 0.9317488670349121 0.12440717965364456
674 1.6184478998184204 0.40318095684051514
675 -0.7948125004768372 -0.587614119052887
676 1.3933368921279907 -0.5219505429267883
677 0.32007092237472534 0.9473724961280823
678 1.056846022605896 0.19416850805282593
679 0.8101716041564941 0.8791124224662781
680 0.6106916069984436 0.3567139208316803
681 0.6581589579582214 -0.4435986578464508
684 0.2311526983976364 0.7383986711502075
685 0.9870162010192871 0.2871841490268707
686 0.0036332039162516594 -0.1207369863986969
687 0.4111998677253723 0.020936913788318634
688 -1.4759600162506104e-05 -0.11602924019098282
689 -0.4785344898700714 -1.2342545986175537
690 -0.7984461188316345 -0.3687232732772827
691 0.32662785053253174 -1.17263662815094
692 1.3119932413101196 -0.7924979329109192
693 -1.4496164321899414 -0.4335128962993622
694 0.0042535122483968735 -1.8065816164016724
695 -0.17004786431789398 -0.698974609375
696 1.0923564434051514 0.1482343077659607
697 -0.0014953215140849352 -0.11879116296768188
698 0.24770765006542206 0.25603488087654114
699 0.72536700963974 0.10332654416561127
700 0.2574356198310852 1.6484949588775635
701 0.8267455101013184 -1.094825029373169
702 -0.014101441949605942 -0.13035652041435242
703 -0.5495613813400269 0.16274739801883698
704 1.3960115909576416 -0.5091730356216431
705 -0.1611952781677246 0.5363097786903381
706 -0.1865500956773758 -1.771769404411316
928 1.343170166015625 -0.6183567643165588
929 -0.03913407400250435 -1.4425698518753052
930 0.04407384246587753 -1.7997653484344482
931 -1.5113974809646606 -0.07026895135641098
932 1.2707966566085815 0.4103867709636688
933 -0.1734575778245926 -0.6919265985488892
934 1.7285364866256714 0.9203264117240906
935 1.2578346729278564 -1.4604605436325073
936 0.021027512848377228 -0.36391329765319824
937 0.25687897205352783 0.2562256157398224
938 0.019564814865589142 -0.14360597729682922
939 -0.31717902421951294 0.356180876493454
940 -0.09469812363386154 -0.7536520957946777
941 -0.7404305934906006 -1.5832148790359497
942 0.46219393610954285 0.3985476493835449
943 1.574641466140747 -0.19149167835712433
944 -0.08060705661773682 1.7024766206741333
945 1.363986611366272 1.2856107950210571
946 -0.026048868894577026 1.0808289051055908
947 1.6715294122695923 -1.0680174827575684
948 1.0410481691360474 0.13367976248264313
949 0.04416775330901146 -1.7998682260513306
950 -0.0918022021651268 0.6842156648635864
951 0.010202860459685326 -0.1482798159122467
952 1.4452629089355469 -0.3785868287086487
953 0.37282419204711914 -0.4536295235157013
954 -0.07721277326345444 -0.1719219833612442
955 1.4279035329818726 0.7926490306854248
956 -0.7426267862319946 -0.7347298860549927
957 -0.26218894124031067 -0.5547555685043335
958 -0.2623295783996582 -0.5538275837898254
959 0.6642945408821106 -0.4321666657924652
960 -0.6397942304611206 0.2882032096385956
961 -1.3752120733261108 -0.3716302514076233
962 0.6763982176780701 -0.3719218969345093
963 0.008409298025071621 -0.10876014828681946
964 0.24919255077838898 0.2534622550010681
965 1.2670823335647583 -0.19818131625652313
966 1.44503653049469 -0.45772287249565125
967 0.46960464119911194 -1.7860103845596313
968 0.7871707677841187 -0.24486276507377625
969 0.9516387581825256 -0.9471445679664612
970 -0.045802969485521317 -0.10336338728666306
971 -0.1668478548526764 0.5897005796432495
972 -0.6925029158592224 -0.8487752079963684
973 0.6661300659179688 -0.4152132272720337
974 0.8262738585472107 -1.0925761461257935
975 1.036101222038269 0.184126079082489
976 0.6977411508560181 0.21132820844650269
977 -0.15207086503505707 0.6534587144851685
978 1.3933122158050537 -1.2505192756652832
979 -0.6145418286323547 -0.08666583150625229
980 0.4640251398086548 -1.795327067375183
981 1.01809823513031 -1.6332695484161377
982 0.2501668632030487 0.2554960548877716
983 0.7035695910453796 -0.3997170627117157
984 -0.15312504768371582 0.6214558482170105
985 -0.6830878257751465 -0.17981521785259247
986 0.297878235578537 0.9430320262908936
987 -0.24898193776607513 0.45621880888938904
988 1.4601364135742188 0.7598531246185303
989 0.31963300704956055 -0.4726165533065796
990 -0.1822359263896942 -0.21340905129909515
991 0.6686597466468811 -0.4069027602672577
992 -0.04000149667263031 -0.901226282119751
993 0.33177047967910767 0.27021875977516174
994 -0.07885301858186722 0.6869646906852722
995 -0.25625288486480713 -1.3897175788879395
996 0.888952910900116 -1.0148683786392212
997 0.6886433959007263 0.12730267643928528
998 0.991044282913208 -0.4009278118610382
999 -0.7320111989974976 -1.5879528522491455
1000 0.29344844818115234 -0.8103651404380798
1001 -0.6420604586601257 0.28990375995635986
1002 0.9145051836967468 0.34939682483673096
1003 0.9255407452583313 1.5213712453842163
1004 -0.13012972474098206 1.2860244512557983
1005 -0.44156941771507263 -0.34422972798347473
1006 0.46770691871643066 0.1844189316034317
1007 -0.3778236508369446 0.3097180426120758
1008 -0.679368257522583 -0.17957791686058044
1009 -0.43148261308670044 -0.37156590819358826
1010 0.3441394567489624 -0.03288723900914192
1011 1.9263182878494263 0.17334739863872528
1012 -1.0842280387878418 0.15226176381111145
1013 0.3391105830669403 -0.4346320927143097
1014 -0.7450610399246216 -1.5793325901031494
1015 1.205632209777832 1.3902078866958618
1016 0.6236619353294373 0.7321335077285767
1017 0.6579372882843018 -1.7592664957046509
1018 -0.837666928768158 -1.3011001348495483
1019 1.405410885810852 -1.2491594552993774
1020 0.24714377522468567 0.25298723578453064
1021 -1.5601551532745361 0.24649542570114136
1022 0.2303939014673233 0.16795304417610168
1023 -1.1035789251327515 0.14619165658950806
1024 -0.00892465841025114 -0.11096598207950592
1025 0.42907264828681946 0.2274077832698822
1026 0.21225765347480774 -0.04526728764176369
1027 1.5743035078048706 0.8356135487556458
1028 -0.6707748174667358 0.3102177381515503
1029 0.7901004552841187 -0.5094213485717773
1030 -1.3914159536361694 -0.7453311085700989
1031 -0.6740770936012268 -1.2586067914962769
1032 1.5786880254745483 1.1361064910888672
1033 -0.15237689018249512 0.618196964263916
1034 -0.17334839701652527 0.7142469882965088
1035 -0.14992745220661163 0.4779108464717865
1036 -1.518885612487793 0.13196907937526703
1037 0.720838189125061 0.10120239108800888
1038 1.391495704650879 -1.268967628479004
1039 -0.027334069833159447 -0.10092783719301224
1040 1.9282145500183105 0.19624227285385132
1041 0.2567621171474457 0.2596811056137085
1042 -0.5120787620544434 0.28230148553848267
1043 0.3598440885543823 -0.4498031735420227
1044 1.0846346616744995 0.07694346457719803
1045 0.24564269185066223 0.2542475461959839
1046 -0.04171096533536911 -0.12592850625514984
1047 1.2865663766860962 0.9650920033454895
1048 0.9090714454650879 0.3595263361930847
1049 1.2470190525054932 -0.21454249322414398
1050 -0.10984062403440475 -0.2066696435213089
1051 -0.2092450112104416 -1.4016755819320679
1052 -1.2223031520843506 -1.0566238164901733
1053 0.2534782588481903 0.2518915832042694
1054 0.36017295718193054 -0.46693238615989685
1055 -0.003666211850941181 -0.11510418355464935
1056 -0.0555669441819191 -0.8902351260185242
1057 1.9701071977615356 -0.014438159763813019
1058 -0.1303943395614624 1.287665605545044
1059 -0.14570848643779755 -0.18242724239826202
1060 0.16241572797298431 0.13463744521141052
1061 -0.22523342072963715 0.46079203486442566
1062 -0.14746443927288055 0.618669331073761
1063 0.9049991369247437 -0.7160211205482483
1064 0.36352238059043884 0.2997649312019348
1065 -0.8610748648643494 -0.531913697719574
1066 -0.029960107058286667 -0.12299885600805283
1067 -0.6298602819442749 0.2786905765533447
1068 -0.27592039108276367 -0.6458042860031128
1069 -0.025730635970830917 -0.12868714332580566
1070 0.833054780960083 -1.0899066925048828
1071 -0.0518985241651535 -0.8961250185966492
1072 -1.1784510612487793 -1.102262020111084
1073 0.36564669013023376 1.6806920766830444
1074 0.7711999416351318 0.9878872036933899
1075 0.7866562604904175 -0.2280128002166748
1076 0.36069536209106445 -0.44561031460762024
1077 -0.6508393883705139 -0.9079838991165161
1078 -0.6694577932357788 0.2611309289932251
1079 1.436862587928772 -0.32645267248153687
1080 -0.08986345678567886 -0.19835248589515686
1081 1.593841314315796 0.6305777430534363
1082 -0.6468194723129272 0.26964399218559265
1083 -0.109125517308712 -1.4232152700424194
1084 0.8462709784507751 1.1644599437713623
1085 0.6689229607582092 -0.41612040996551514
1086 -1.2953400611877441 -0.9526004791259766
1087 0.9344252943992615 -0.6663588881492615
1088 -0.1282721608877182 1.2548588514328003
1089 1.2447409629821777 -0.20655356347560883
1090 1.929621934890747 0.2054118514060974
1091 -1.3533687591552734 -0.06104792654514313
1092 -0.5563257932662964 0.31582584977149963
1093 0.49894651770591736 1.6163201332092285
1094 1.980258822441101 -0.45203912258148193
1095 0.6135899424552917 0.36320948600769043
1096 -0.6503675580024719 -0.1392318457365036
1097 0.41990214586257935 0.8614630699157715
1098 0.3568860590457916 -0.4526275098323822
1099 0.6700105667114258 -0.4266425669193268
1100 1.2117388248443604 -0.7292029857635498
1101 -0.07966294139623642 1.7102428674697876
1102 1.2713079452514648 0.9751536846160889
1103 1.2768619060516357 -1.4500573873519897
1104 -0.2629511058330536 0.4635566473007202
1105 -0.6528316140174866 0.2713780105113983
1106 0.23999975621700287 0.2655632793903351
1107 0.0024450020864605904 -0.1393977403640747
1108 0.4433080852031708 0.7639018893241882
1109 -0.030834654346108437 -0.09914170205593109
1110 -0.2454386204481125 0.46035948395729065
1111 0.30893006920814514 0.24307791888713837
1112 -1.460983157157898 -0.4526112675666809
1113 0.2613323926925659 0.996330738067627
1114 1.6853618621826172 -1.0600415468215942
1115 -0.6434758305549622 -0.9146433472633362
1116 1.4923465251922607 -0.14601008594036102
1117 0.35759657621383667 -0.444260835647583
1118 0.37382060289382935 -1.17330801486969
1119 -1.4539190530776978 -0.4343554377555847
1120 1.2654023170471191 -1.4561973810195923
1121 1.135044813156128 1.4371980428695679
1122 0.724083662033081 0.10386210680007935
1123 0.8431235551834106 1.5832808017730713
1124 0.058117836713790894 -0.9513746500015259
1125 1.097022533416748 -0.8318051695823669
1126 0.8348013162612915 0.01849406026303768
1127 -0.6838709115982056 -0.17662085592746735
1128 0.5886428952217102 1.5842792987823486
1129 1.2613736391067505 1.3453508615493774
1130 1.9303319454193115 0.20418383181095123
1131 -0.812822699546814 -0.4373708665370941
1132 -0.6987259984016418 -0.8414074182510376
1133 0.5814281105995178 -0.4538876414299011
1134 -1.0989011526107788 0.1548815369606018
1135 1.301531195640564 0.364084392786026
1136 -0.9054466485977173 -1.4988527297973633
1137 1.4024999141693115 -0.5062209963798523
1138 -0.986833930015564 0.10332731902599335
1139 1.0305674076080322 0.22862842679023743
1140 -0.11755874007940292 -0.673834502696991
1141 0.9251115322113037 -0.06425154954195023
1142 0.24924200773239136 0.251998633146286
1143 0.26426276564598083 0.9797993302345276
1144 0.3602168560028076 -0.4487144351005554
1145 0.8081718683242798 1.5106977224349976
1146 -1.4611303806304932 -0.4915279448032379
1147 -0.07160808891057968 -0.7464354634284973
1148 1.2808983325958252 0.7301189303398132
1149 0.4696357548236847 0.20325663685798645
1150 0.3310362696647644 0.9185619950294495
1151 0.7267212867736816 0.10494710505008698
1152 -0.8097593188285828 -0.4205406606197357
1153 0.7317304611206055 0.11472221463918686
1154 0.00037398491986095905 -0.11874911189079285
1155 1.0922073125839233 0.14321452379226685
1156 1.0346184968948364 0.2547128200531006
1157 -0.13468554615974426 -1.4229873418807983
1158 -1.564691185951233 0.23685796558856964
1159 1.409874439239502 -0.5139303207397461
1160 -1.1112841367721558 0.14083880186080933
1161 0.27306458353996277 1.6434210538864136
1162 0.8212630152702332 -1.1002378463745117
1163 0.0767461508512497 -0.9436334371566772
1164 0.3812454342842102 -1.1595234870910645
1165 0.24681267142295837 0.2534181475639343
1166 -0.8004271388053894 -0.6108802556991577
1167 -1.5654925107955933 0.2368481308221817
1168 0.36220598220825195 0.912690281867981
1169 -0.7625830769538879 -1.3154404163360596
1170 -0.43067342042922974 -1.2427127361297607
1171 0.335088312625885 0.26898130774497986
1172 -0.1407483071088791 -1.4185948371887207
1173 0.6352455019950867 -1.7086195945739746
1174 -0.1573890745639801 0.6976354122161865
1175 0.5195870399475098 -1.7915887832641602
1176 -1.4617787599563599 -0.47307515144348145
1177 1.4962682723999023 0.29758384823799133
1178 1.6596003770828247 -1.0873582363128662
1179 -0.6120187044143677 -0.08715179562568665
1180 1.5463175773620605 -0.25798025727272034
1181 0.9656519889831543 0.7381179332733154
1182 1.6352626085281372 1.0541983842849731
1183 0.9706030488014221 -1.6573765277862549
1184 0.9708269834518433 -1.6572513580322266
1185 0.8820992112159729 -1.0187190771102905
1186 -0.16243518888950348 0.7236513495445251
1187 -0.16815094649791718 0.636813759803772
1188 -0.6298350691795349 0.2534290552139282
1189 0.3602578938007355 -0.45755618810653687
1190 -1.2660311460494995 -0.9780452251434326
1191 1.9775590896606445 -0.4633762240409851
1192 -1.3724663257598877 -0.3547686040401459
1193 0.46983614563941956 0.19051134586334229
1194 0.15243585407733917 0.14104323089122772
1195 0.6652608513832092 -0.42501530051231384
1196 0.9159454703330994 1.5349007844924927
1197 0.22303049266338348 1.676651120185852
1198 0.2562424838542938 1.6516050100326538
1199 1.929773211479187 0.204751119017601
1200 -1.2492393255233765 -1.0136610269546509
1201 0.2894219160079956 0.9413807988166809
1202 -0.12857817113399506 1.2598930597305298
1203 0.7234363555908203 0.09628482908010483
1204 -0.12866944074630737 1.2597296237945557
1205 -0.5409532189369202 -0.0489252470433712
1206 0.39426833391189575 -0.0720323920249939
1207 0.5407021045684814 -0.7808610796928406
1208 0.6692647337913513 -0.4110742211341858
1209 0.836251974105835 -1.086094856262207
1210 0.3788720369338989 0.1624479591846466
1211 -0.26014307141304016 0.46226951479911804
1212 0.9187451004981995 0.04959632828831673
1213 -1.0311336517333984 0.10414332896471024
1214 0.44278520345687866 -1.2387490272521973
1215 1.8189493417739868 -0.8832452297210693
1216 0.3605695962905884 -0.45359840989112854
1217 0.2093818187713623 1.0838812589645386
1218 1.8197312355041504 -0.8818979263305664
1219 1.5467437505722046 0.5562247037887573
1220 -0.7959816455841064 -0.6606557965278625
1221 -0.9213486313819885 -1.4848119020462036
1222 0.3506002724170685 -0.4423486888408661
1223 0.4271546006202698 -1.171704888343811
1224 1.0127143859863281 -1.636212706565857
1225 -0.5060014128684998 -0.028728486970067024
1226 1.4773823022842407 -0.25067728757858276
1227 0.6148689985275269 -0.43386831879615784
1228 0.3369450569152832 0.22600412368774414
1229 0.909915030002594 0.35943058133125305
1230 1.4098647832870483 -0.5140017867088318
1231 -1.0131604671478271 0.10600097477436066
1232 -0.3887872099876404 -1.735842227935791
1233 -0.3776385188102722 -1.2840685844421387
1234 -1.169108510017395 -0.8959370255470276
1235 0.6541685461997986 -1.7297126054763794
1236 1.098902702331543 -0.8307042717933655
1237 0.35127484798431396 -0.4440290629863739
1238 0.670965850353241 -0.41171106696128845
1239 0.9169745445251465 0.35702019929885864
1240 0.27099937200546265 0.2689318060874939
1241 -0.7354759573936462 -0.6936790943145752
1242 0.8298423290252686 -1.0750831365585327
1243 0.45853191614151 -0.03737058490514755
1244 1.0074048042297363 -1.6400606632232666
1245 -0.2679921090602875 -0.5590463876724243
1246 0.4923418164253235 1.6387783288955688
1247 -0.6422958970069885 -0.1233353465795517
1248 0.036748550832271576 -0.9444988369941711
1249 0.9617811441421509 0.7291364073753357
1250 0.3596069812774658 -0.44985249638557434
1251 -1.424291729927063 -0.36041101813316345
1252 -0.004861493594944477 -0.12832967936992645
1253 0.884212076663971 0.13648554682731628
1254 0.3138216733932495 -0.8026919364929199
1255 0.9287528395652771 0.9330753087997437
1256 0.502811074256897 -1.79252290725708
1257 0.34490686655044556 -0.43431878089904785
1258 1.5783805847167969 -0.03429495170712471
1259 -1.562044382095337 0.24342720210552216
1260 -0.16821563243865967 0.6366731524467468
1261 1.518325924873352 -1.281319260597229
1262 -0.13212814927101135 -0.6553365588188171
1263 0.6661357283592224 -0.41522541642189026
1264 0.9690655469894409 -0.5753006339073181
1265 -0.12999488413333893 1.2843900918960571
1266 0.8386147022247314 1.2404356002807617
1267 1.377547025680542 -0.560945987701416
1268 0.47160667181015015 -1.795143961906433
1269 0.5634306073188782 -1.5283993482589722
1270 0.4910231828689575 0.19693642854690552
1271 -1.1048557758331299 0.1629469096660614
1272 0.15915311872959137 0.1339741349220276
1273 -1.2354227304458618 -1.0474143028259277
1274 -0.2794246971607208 -1.323568344116211
1275 -0.6768965125083923 -0.8748731017112732
1276 -0.3168296813964844 0.3561249077320099
1277 -0.44012922048568726 -0.23523034155368805
1278 -0.7424406409263611 -1.5819189548492432
1279 0.31285184621810913 -1.1708707809448242
1280 -1.4504369497299194 -0.4069569706916809
1281 0.8911446928977966 1.1052640676498413
1282 -1.432828426361084 -0.7025879621505737
1283 -0.03268255665898323 0.7174811363220215
1284 -0.026773624122142792 -0.8784741163253784
1285 0.724476158618927 0.10574417561292648
1286 -0.7794363498687744 -0.6952229142189026
1287 -0.016431482508778572 -0.12437260150909424
1288 1.0769563913345337 0.17666475474834442
1289 0.14502662420272827 0.6993837952613831
1290 -0.4442221224308014 -0.3430802822113037
1291 -0.18416257202625275 -1.7722443342208862
1292 -1.1001386642456055 0.15842024981975555
1293 0.6562334895133972 -0.07055209577083588
1294 -1.458681344985962 -0.4767618179321289
1295 0.019567612558603287 -0.13372711837291718
1296 0.8445702195167542 1.6062757968902588
1297 -0.44488638639450073 -1.2415457963943481
1298 0.3536756932735443 0.29188069701194763
1299 -0.4359617531299591 -0.36582913994789124
1300 0.9078530073165894 -0.9616740942001343
1301 0.3971134424209595 0.3738526403903961
1302 0.16214878857135773 0.13574393093585968
1303 0.24769417941570282 0.2520587742328644
1304 0.9723259806632996 -0.506899893283844
1305 -0.44547131657600403 -0.33920377492904663
1306 1.590114951133728 0.891789436340332
1307 0.6240885853767395 -0.4503895938396454
1308 0.008052600547671318 -0.12131750583648682
1309 -0.1271234154701233 1.2213698625564575
1310 1.5132590532302856 0.46685072779655457
1311 -0.1859336495399475 -0.3614773154258728
1312 0.10563820600509644 -0.11650640517473221
1313 0.4184630513191223 0.4199211597442627
1314 -0.6149359941482544 -0.09051733464002609
1315 -0.17526280879974365 0.7168849110603333
1316 1.001381278038025 0.6009312272071838
1317 -0.14958851039409637 0.689662516117096
1318 -1.0919303894042969 0.1530742645263672
1319 0.0691719725728035 -0.9515435695648193
1320 -0.07110002636909485 -1.7997627258300781
1321 -0.12627126276493073 -0.6758328676223755
1322 -0.14956463873386383 0.6207563281059265
1323 0.9386394023895264 0.7456074357032776
1324 -0.14530381560325623 -0.6534571647644043
1325 -0.1269996017217636 1.2335171699523926
1326 0.8619046211242676 0.7428293228149414
1327 0.32592323422431946 0.2709115147590637
1328 0.47635915875434875 -1.7935187816619873
1329 -0.5564640760421753 0.3154509961605072
1330 0.7249695062637329 0.10750269889831543
1331 -0.772461473941803 -0.7010417580604553
1332 0.05517707020044327 -0.947850227355957
1333 1.980322241783142 -0.4483782947063446
1334 0.6322821378707886 0.35708072781562805
1335 1.3964247703552246 -1.2456259727478027
1336 -0.6403425931930542 0.28331711888313293
1337 -0.6727733016014099 -1.624386191368103
1338 0.9353904724121094 0.09644892066717148
1339 -0.7490426301956177 -0.6361843347549438
1340 0.9889364838600159 -0.016036318615078926
1341 -0.07102582603693008 -0.1870344877243042
1342 -1.143131136894226 -1.1646276712417603
1343 -0.3781734108924866 -1.2802678346633911
1344 -0.034871019423007965 -0.12959443032741547
1345 0.8171716332435608 1.0637215375900269
1346 -0.030594196170568466 -0.12191235274076462
1347 0.4697953760623932 -1.7954646348953247
1348 0.8240602016448975 -1.0973703861236572
1349 0.21006399393081665 0.16496023535728455
1350 1.0363744497299194 0.24848414957523346
1351 0.4454193711280823 0.392974853515625
1352 0.7318311929702759 0.115149587392807
1353 0.4244017004966736 0.8610143661499023
1354 0.6721453666687012 -0.37905851006507874
1355 0.36117658019065857 -0.45892199873924255
1356 -0.4236356019973755 0.29040542244911194
1357 -0.8220500946044922 -1.5264921188354492
1358 -0.6629469394683838 -1.6309161186218262
1359 1.8841050863265991 0.7067800164222717
1360 -0.0016870981780812144 -0.11583670228719711
1361 -0.2449992448091507 0.45851463079452515
1362 1.981295108795166 -0.4416910409927368
1363 0.7870577573776245 -0.24344873428344727
1364 1.6611534357070923 0.9923248291015625
1365 -0.17220616340637207 -1.7734476327896118
1366 1.9803078174591064 -0.4518396556377411
1367 1.689682126045227 0.26392585039138794
1368 0.8327441811561584 0.7455319166183472
1369 0.8633366227149963 0.743399977684021
1370 0.4258783459663391 -1.4123865365982056
1371 0.253833144903183 0.25995078682899475
1372 -0.16876159608364105 0.707234799861908
1373 0.002559537999331951 -0.12524473667144775
1374 -0.061474066227674484 -0.09544017165899277
1375 0.7953842878341675 -0.45229506492614746
1376 0.6579186916351318 -1.7592710256576538
1377 1.9251505136489868 0.5628241896629333
1378 0.6232859492301941 -0.6909950375556946
1379 1.8779996633529663 -0.7728495001792908
1380 0.9946720004081726 -0.8974312543869019
1381 0.9926325678825378 -0.12917238473892212
1382 -0.2703879177570343 -0.5531843304634094
1383 -0.6422936320304871 -0.12333417683839798
1384 1.2424639463424683 -0.22059893608093262
1385 0.5013620853424072 1.6378268003463745
1386 0.04480099305510521 -1.7984013557434082
1387 0.49493202567100525 -1.79291570186615
1388 0.3951107859611511 -0.07079741358757019
1389 -0.011617819778621197 -0.1254812777042389
1390 1.5651763677597046 -0.014139787293970585
1391 -1.5223873853683472 -0.1348651498556137
1392 1.2678680419921875 -1.4556273221969604
1393 -0.4428909420967102 -0.3738638758659363
1394 -0.7857725024223328 -0.3387206792831421
1395 1.5145872831344604 -0.22929750382900238
1396 0.8184037804603577 0.7436071634292603
1397 -0.3381597399711609 0.3425208330154419
1398 -0.39557167887687683 0.28640222549438477
1399 0.3477897346019745 0.9089244604110718
1400 0.9713725447654724 -0.5158747434616089
1401 -0.9582610726356506 -1.461629033088684
1402 -0.5723048448562622 0.06025393307209015
1403 1.3421363830566406 -0.615251898765564
1404 0.22585429251194 1.6755766868591309
1405 1.450793981552124 0.6627723574638367
1406 -0.16012369096279144 0.7084368467330933
1407 1.5859938859939575 -1.2055578231811523
1408 0.39114898443222046 -0.06304121017456055
1409 0.4008565843105316 0.3963894248008728
1410 1.9305555820465088 0.5521883368492126
1411 -1.361685037612915 -0.7787811160087585
1412 0.7307689189910889 0.7292940020561218
1413 1.4697498083114624 1.2123148441314697
1414 0.5325464606285095 -0.14390988647937775
1415 0.29715320467948914 -1.756893277168274
1416 1.9649972915649414 -0.06030028685927391
1417 0.507914125919342 1.6177330017089844
1418 -0.07129503041505814 -0.7529159784317017
1419 -0.7760812044143677 -0.6502420902252197
1420 -0.1671270728111267 1.423953890800476
1421 0.3416048288345337 0.2694338858127594
1422 -0.5750798583030701 0.3046930730342865
1423 0.3794959783554077 0.2467031478881836
1424 0.8353670835494995 0.1250469982624054
1425 1.1957296133041382 1.3986724615097046
1426 0.6663233041763306 -0.4363056719303131
1427 0.07026014477014542 -0.9378459453582764
1428 1.0364723205566406 0.24670104682445526
1429 1.2010823488235474 1.3899036645889282
1430 -0.42362794280052185 0.29059359431266785
1431 -0.2627548277378082 0.46396884322166443
1432 0.8592101335525513 1.5861468315124512
1433 -0.7981050610542297 -0.6051497459411621
1434 0.9149729609489441 0.11908328533172607
1435 -0.15307657420635223 0.6856436133384705
1436 0.8381138443946838 0.7460713982582092
1437 0.44714561104774475 -0.8463510870933533
1438 -0.19488337635993958 -1.7703077793121338
1439 -0.8040131330490112 -0.40409016609191895
1440 0.9675856232643127 0.30299389362335205
1441 -0.20204775035381317 0.4814967215061188
1442 -0.5842733383178711 -1.2257620096206665
1443 0.36312684416770935 -0.02869550883769989
1444 1.8210017681121826 -0.8788514733314514
1445 1.1447347402572632 -1.5187627077102661
1446 0.6821151971817017 -1.7531518936157227
1447 0.35977160930633545 -0.44907069206237793
1448 0.2051427960395813 0.1390969157218933
1449 -0.6575180292129517 0.27924010157585144
1450 0.3252909481525421 0.27057313919067383
1451 -0.05420571193099022 -0.09893692284822464
1452 0.6641036868095398 -0.4314252734184265
1453 0.36246392130851746 -0.4495108425617218
1454 0.3599848747253418 -0.4517670273780823
1455 1.4437896013259888 -0.47255659103393555
1456 0.7844260931015015 -0.24057328701019287
1457 0.0011621187441051006 -0.12027228623628616
1458 -1.019093632698059 0.1069195494055748
1459 -0.6493150591850281 0.28013667464256287
1460 0.8798416256904602 0.3823564052581787
1461 -0.8576115965843201 -0.5456234812736511
1462 0.722373902797699 0.0841994360089302
1463 -1.1138670444488525 -1.315719485282898
1464 -0.6930896043777466 -0.8495428562164307
1465 0.4624592661857605 0.13401618599891663
1466 -0.27051854133605957 -0.5530769228935242
1467 -0.15445834398269653 0.6938585638999939
1468 0.44639843702316284 -1.3790059089660645
1469 -0.3172323405742645 0.3560015857219696
1470 1.395081639289856 -0.5235360264778137
1471 -0.3178388476371765 0.3363257944583893
1472 0.8107626438140869 0.7546749711036682
1473 1.3920104503631592 -0.5356035232543945
1474 -0.6382050514221191 0.30958619713783264
1475 -0.14969895780086517 0.4756086468696594
1476 0.4294619858264923 0.8577068448066711
1477 -0.6595290899276733 -1.2645334005355835
1478 0.36014989018440247 -0.44791170954704285
1479 1.4210089445114136 -1.1907026767730713
1480 0.25290098786354065 0.25628724694252014
1481 0.4432675540447235 0.049645934253931046
1482 0.8471025228500366 -0.016183093190193176
1483 -0.5990634560585022 -1.2301634550094604
1484 -1.2399909496307373 -1.0213987827301025
1485 -0.10982948541641235 -0.198932945728302
1486 0.5477883815765381 -1.5116798877716064
1487 0.35977640748023987 -0.45589885115623474
1488 -1.4466681480407715 -0.4675593674182892
1489 0.7888326644897461 -0.24592462182044983
1490 0.057226140052080154 -0.9349610209465027
1491 -1.3602405786514282 -0.7811267971992493
1492 1.8049029111862183 -0.8930515050888062
1493 0.18568569421768188 0.14486244320869446
1494 0.021873563528060913 -0.14524203538894653
1495 1.3769046068191528 -1.2418826818466187
1496 1.9802225828170776 -0.45221269130706787
1497 1.5931493043899536 1.1089125871658325
1498 0.09226607531309128 0.6414905190467834
1499 -0.11105237901210785 -0.7254406213760376
1500 0.7311289310455322 -0.6523261070251465
1501 -0.9959001541137695 -1.4319119453430176
1502 1.8145893812179565 -0.8830975294113159
1503 0.4494919776916504 0.1915946751832962
1504 -0.245487242937088 0.4618496000766754
1505 0.02250121347606182 1.738638997077942
1506 0.87303626537323 1.5870729684829712
1507 1.9321796894073486 0.12196539342403412
1508 0.4895126223564148 -1.2866350412368774
1509 1.4407755136489868 -0.46771156787872314
1510 0.7912007570266724 -0.2668575942516327
1511 1.9291967153549194 0.19976653158664703
1512 0.6336934566497803 -0.44043290615081787
1513 1.3260562419891357 -0.6541134715080261
1514 1.398747205734253 -1.2434413433074951
1515 0.8224549293518066 -0.5583483576774597
1516 0.6571304798126221 -1.7594952583312988
1517 0.007464324589818716 0.7044371366500854
1518 0.19954617321491241 -0.8455730676651001
1519 -0.8006389141082764 -0.42827633023262024
1520 0.19429868459701538 0.15445296466350555
1521 0.3607429265975952 -0.6073955297470093
1522 -0.026375629007816315 -0.10105287283658981
1523 0.6693223714828491 -0.4314391613006592
1524 0.9875715374946594 1.4996591806411743
1525 1.9866931438446045 -0.40482354164123535
1526 -0.040421262383461 1.0708335638046265
1527 -0.44012925028800964 -0.23523105680942535
1528 0.7163823843002319 0.0999998152256012
1529 0.25962501764297485 0.2536543905735016
1530 1.4043164253234863 -1.2428534030914307
1531 -0.162477508187294 0.7024881839752197
1532 0.8500566482543945 0.7415649890899658
1533 0.30434414744377136 -1.1697291135787964
1534 0.49964502453804016 1.616506576538086
1535 0.39630982279777527 -0.0729757621884346
1536 0.012969911098480225 -0.14490129053592682
1537 -0.3852261006832123 0.29229414463043213
1538 1.5397694110870361 -0.2480660378932953
1539 0.009505024179816246 -0.14754478633403778
1540 -1.562506914138794 0.24111171066761017
1541 -0.12197134643793106 -0.6762415766716003
1542 -1.1037894487380981 -0.015144288539886475
1543 -1.1573457717895508 -1.1358757019042969
1544 0.2447572946548462 1.6641331911087036
1545 -0.5730845332145691 -1.2334928512573242
1546 -0.6166546940803528 -1.2421201467514038
1547 1.0072959661483765 -1.6401244401931763
1548 -0.07930803298950195 1.702595829963684
1549 -0.25295352935791016 0.4659145772457123
1550 -0.2625567317008972 0.46425625681877136
1551 0.3595268726348877 -0.457113653421402
1552 -0.8069700598716736 -0.38879069685935974
1553 0.1044340506196022 1.3938533067703247
1554 0.4788462519645691 0.17427565157413483
1555 0.3602275848388672 -0.4516158401966095
1556 0.25383681058883667 0.25230979919433594
1557 -0.087551549077034 1.7028861045837402
1558 1.003239631652832 0.11483364552259445
1559 1.3471540212631226 -0.3300255239009857
1560 -0.09957925230264664 -0.690280556678772
1561 0.49344101548194885 1.639907717704773
1562 -0.049130842089653015 -0.1255244016647339
1563 -0.08186712861061096 1.6991326808929443
1564 -1.523970365524292 -0.13131891191005707
1565 -0.5951489210128784 -0.0680418387055397
1566 0.6683719754219055 -0.40926453471183777
1567 0.3613418638706207 -0.4687455892562866
1568 -0.42890551686286926 0.2978426516056061
1569 0.720022976398468 0.09610973298549652
1570 -1.4263330698013306 0.01947801560163498
1571 -0.04137638211250305 1.7441596984863281
1572 0.919768750667572 -0.9553819894790649
1573 -0.2670334279537201 -0.555065929889679
1574 0.48562920093536377 1.637250304222107
1575 -0.010851584374904633 -0.1194676011800766
1576 0.24924151599407196 0.25200051069259644
1577 0.821087121963501 0.7434692978858948
1578 -1.2421175241470337 -1.013418436050415
1579 1.4325683116912842 -0.36402973532676697
1580 1.0213305950164795 0.25501832365989685
1581 0.36963966488838196 0.8544320464134216
1582 0.3555201292037964 -0.44581034779548645
1583 0.38078242540359497 0.34257838129997253
1584 0.22890542447566986 1.674148678779602
1585 1.9292021989822388 0.19984446465969086
1586 0.452480673789978 -0.020647665485739708
1587 0.32735300064086914 0.925341784954071
1588 0.7261256575584412 0.10774873197078705
1589 1.9279247522354126 0.562646210193634
1590 -0.4064420461654663 -1.2701082229614258
1591 0.24595457315444946 0.25602418184280396
1592 -0.010844513773918152 -0.11374291032552719
1593 1.0839636325836182 1.4708547592163086
1594 0.36879104375839233 -0.45629894733428955
1595 -1.3724457025527954 -0.08241526037454605
1596 -0.1555764526128769 -0.6490721106529236
1597 0.004949159920215607 -0.12234438955783844
1598 0.36040377616882324 0.8506567478179932
1599 1.2671068906784058 0.9814587235450745
1600 0.002681908430531621 -0.12025103718042374
1601 0.3873533606529236 -1.1583735942840576
1602 0.003449296345934272 -0.12273211777210236
1603 -0.4429113566875458 -0.3782210052013397
1604 0.4090711772441864 -0.016029251739382744
1605 -0.06584015488624573 -0.09866596758365631
1606 0.03720410540699959 1.2204327583312988
1607 1.0293177366256714 -0.8647439479827881
1608 -0.001102787908166647 -0.1191411092877388
1609 -1.1066945791244507 0.1525527685880661
1610 -1.3544613122940063 -0.8261668086051941
1611 -0.14968538284301758 0.6200550198554993
1612 0.806706964969635 0.7597408294677734
1613 1.6938353776931763 -1.0467418432235718
1614 -0.16762085258960724 0.6684029698371887
1615 -0.14205120503902435 -0.7304481267929077
1616 1.56389582157135 0.3009278178215027
1617 0.3598370850086212 -0.45726335048675537
1618 0.41048359870910645 0.8743793368339539
1619 0.3464217185974121 0.921086847782135
1620 1.266344428062439 -1.4564586877822876
1621 0.48079195618629456 0.7699585556983948
1622 0.8102867603302002 -0.4566885530948639
1623 -0.31876340508461 0.33561572432518005
1624 1.691452980041504 0.9577136635780334
1625 -0.049621887505054474 -0.18128424882888794
1626 -1.4144337177276611 -0.3572702407836914
1627 1.803675889968872 -0.9086807370185852
1628 0.9894496202468872 -0.900351345539093
1629 1.6675714254379272 -1.0751550197601318
1630 -0.7910826802253723 -0.6081557273864746
1631 0.3508996069431305 -0.44522884488105774
1632 0.8575036525726318 -0.8104297518730164
1633 0.1825104057788849 0.14536967873573303
1634 1.16221284866333 0.8012490272521973
1635 -0.1300857812166214 1.285490870475769
1636 0.6464638710021973 0.36575087904930115
1637 1.9299628734588623 0.20934994518756866
1638 0.8311038613319397 1.238850474357605
1639 0.4502227306365967 0.39424929022789
1640 0.37068647146224976 -1.1444777250289917
1641 1.4212392568588257 0.6778994798660278
1642 0.22653405368328094 1.675256371498108
1643 1.9801793098449707 -0.4523294270038605
1644 -0.17133352160453796 0.7338719964027405
1645 1.1537038087844849 1.424402117729187
1646 0.4412078857421875 0.2203180342912674
1647 -0.16805928945541382 0.7055955529212952
1648 1.129361629486084 0.08315519243478775
1649 -0.08086439222097397 1.70320725440979
1650 0.35868045687675476 -1.1736266613006592
1651 0.6056538820266724 -0.43003755807876587
1652 -0.9941580295562744 -1.4334895610809326
1653 -0.04503653943538666 -0.11480586975812912
1654 -0.271377295255661 -0.6298100352287292
1655 0.3566969335079193 -0.06418921053409576
1656 -0.12705540657043457 1.2204209566116333
1657 1.4155653715133667 -0.2984717786312103
1658 0.5583885908126831 -0.13970646262168884
1659 -0.14053136110305786 -0.19010058045387268
1660 -1.1089050769805908 -1.1989444494247437
1661 0.5157632231712341 -1.2391053438186646
1662 0.0022607981227338314 -0.12740562856197357
1663 1.396684169769287 1.1646928787231445
1664 0.4512900114059448 0.40383777022361755
1665 -0.429248571395874 -1.2487847805023193
1666 0.3347077965736389 0.2629397213459015
1667 -1.1054643392562866 0.1265217661857605
1668 0.47108298540115356 0.18845941126346588
1669 0.6637720465660095 -0.43659016489982605
1670 1.4152793884277344 0.6780154705047607
1671 0.05038893595337868 -0.9756206274032593
1672 -0.6514999866485596 0.2721065282821655
1673 1.1622132062911987 0.8012456297874451
1674 1.9423274993896484 0.10681968182325363
1675 0.03690141439437866 -0.9372797608375549
1676 -0.1698717176914215 -0.6670305728912354
1677 0.00224418961443007 -0.1257483810186386
1678 0.36042818427085876 -0.462007999420166
1679 -0.6870690584182739 -0.18039017915725708
1680 0.26952630281448364 -1.1885402202606201
1681 0.3612849712371826 -0.4496408700942993
1682 -1.5109496116638184 -0.11093533784151077
1683 -1.123078465461731 -0.03618214651942253
1684 -0.15969198942184448 0.5571813583374023
1685 0.8865365386009216 0.12343534082174301
1686 -0.2898698151111603 -0.6815225481987
1687 -0.1721302717924118 -0.706324577331543
1688 0.25392141938209534 0.2547167241573334
1689 1.445760726928711 -0.4616611897945404
1690 -0.5710352659225464 0.05587039142847061
1691 -0.0401357002556324 -1.445418357849121
1692 0.49058595299720764 0.753215491771698
1693 1.1434197425842285 0.12397527694702148
1694 -0.5892663598060608 -0.06379129737615585
1695 -0.14163804054260254 -0.7310964465141296
1696 1.2021348476409912 1.3967252969741821
1697 1.236441969871521 -1.4745162725448608
1698 1.9283638000488281 0.19544115662574768
1699 0.026867086067795753 -0.14504079520702362
1700 -1.5017257928848267 -0.09289072453975677
1701 0.9121949076652527 -0.6945130825042725
1702 -0.582551896572113 -1.2408201694488525
1703 1.7575596570968628 0.8910740613937378
1704 0.3274173140525818 0.27050846815109253
1705 0.8730037212371826 1.587100625038147
1706 -0.5900830030441284 1.5049118995666504
1707 -0.9474952220916748 1.356189489364624
1708 -0.8214641213417053 0.9480920433998108
1709 -1.3092620372772217 0.800573468208313
1710 -0.5765570402145386 1.509602665901184
1711 -0.7525644302368164 1.2094762325286865
1712 -0.7815278172492981 0.9363930821418762
1713 -0.8767880797386169 1.0025880336761475
1714 -0.5861811637878418 1.5225228071212769
1715 -0.7453334927558899 1.4547561407089233
1716 -0.9071303606033325 0.9550215601921082
1717 -1.3099466562271118 0.7951981425285339
1718 -1.3140062093734741 0.7779278755187988
1719 -1.3099466562271118 0.7951981425285339
1720 -0.5915717482566833 1.5050126314163208
1721 -0.8532389998435974 0.9600214958190918
1722 -0.5859488844871521 1.5210565328598022
1723 -0.7407622933387756 1.4532264471054077
1724 -1.3166364431381226 0.7729271650314331
1725 -0.8159933686256409 0.9457905292510986
1726 -0.6781133413314819 1.148716926574707
1727 -0.5852718949317932 1.5212880373001099
1728 -0.5765570402145386 1.509602665901184
1729 -1.3099466562271118 0.7951981425285339
1730 -1.3291244506835938 0.7348010540008545
1731 -0.9517840147018433 0.9043601155281067
1732 -0.8005874752998352 0.9967761039733887
1733 -0.9276060461997986 0.9946733117103577
1734 -1.1536216735839844 0.9280425310134888
1735 -0.7839530110359192 0.9362713098526001
1736 -1.257552146911621 0.9614279866218567
1737 -1.3485498428344727 0.6673976182937622
1738 -1.0440795421600342 1.2842003107070923
1739 -1.2920916080474854 0.8611280918121338
1740 -0.5855019688606262 1.5217961072921753
1741 -0.8057358860969543 0.9320074319839478
1742 -1.257552146911621 0.9614279866218567
1743 -0.7453334927558899 1.4547561407089233
1744 -0.7525644302368164 1.2094762325286865
1745 -0.5847586989402771 1.5219718217849731
1746 -1.3099466562271118 0.7951981425285339
1747 -0.5998563766479492 1.4989804029464722
1748 -0.585662305355072 1.5211615562438965
1749 1.059908390045166 -0.8500180840492249
1750 -0.9577229022979736 -1.307551383972168
1751 0.3810703158378601 0.3426666855812073
1752 0.9867097735404968 -1.653249979019165
1753 0.6573910117149353 -1.7593626976013184
1754 0.35975345969200134 -0.4494154751300812
1755 -1.3145140409469604 0.7740370631217957
1756 -1.3145140409469604 0.7740370631217957
1757 -1.3485519886016846 0.6673919558525085
1758 -0.5901503562927246 1.504891037940979
1759 -0.5861811637878418 1.5225228071212769
1760 -0.7957885265350342 0.9228933453559875
1761 -0.7525644302368164 1.2094762325286865
1762 -1.3325921297073364 0.7145788669586182
1763 -1.3145140409469604 0.7740370631217957
1764 -1.3485498428344727 0.6673976182937622
1765 -1.3291244506835938 0.7348010540008545
1766 -1.04183030128479 1.3116354942321777
1767 -0.8005874752998352 0.9967761039733887
1768 -0.5745931267738342 1.5203406810760498
1769 -0.6781133413314819 1.148716926574707
1770 -1.3485498428344727 0.6673976182937622
1771 -1.0413932800292969 1.311893343925476
1772 -0.814329206943512 0.9422211050987244
1773 -0.9474952220916748 1.356189489364624
1774 -0.8490886092185974 1.4060544967651367
1775 -1.3140062093734741 0.7779278755187988
1776 -0.5858428478240967 1.5211056470870972
1777 -1.3145140409469604 0.7740370631217957
1778 -1.3616052865982056 0.6334413886070251
1779 -1.3145140409469604 0.7740370631217957
1780 -0.7306557297706604 1.2032333612442017
1781 -1.3099466562271118 0.7951981425285339
1782 -0.9517843127250671 0.9043602347373962
1783 -0.8057358860969543 0.9320074319839478
1784 -0.7710795998573303 1.0045925378799438
1785 -1.3099466562271118 0.7951981425285339
1786 -0.5861811637878418 1.5225228071212769
1787 -0.7710795998573303 1.0045925378799438
1788 -0.8005874752998352 0.9967761039733887
1789 -0.9840379357337952 0.8845263123512268
1790 -1.3145140409469604 0.7740370631217957
1791 -0.9474952220916748 1.356189489364624
1792 -0.9212417006492615 1.3733386993408203
1793 -0.5897018313407898 1.5050913095474243
1794 -0.7528848648071289 1.2099218368530273
1795 -0.5915794968605042 1.5050101280212402
1796 -0.798150897026062 0.9332818388938904
1797 -0.7150359749794006 1.1922706365585327
1798 -0.9414337873458862 0.8889580368995667
1799 -1.3253214359283447 0.7497951984405518
1800 -1.3485519886016846 0.6673919558525085
1801 -0.8482239842414856 0.9414517283439636
1802 -1.3099466562271118 0.7951981425285339
1803 0.2124571055173874 -0.04507020115852356
1804 0.21245712041854858 -0.04507024586200714
