1 0
2 0
3 1
4 1
5 1
6 1 2
7 2
8 2
9 2
10 0
11 4
12 4
13 4 5
14 5
15 5
16 5
17 5
18 5
19 5 6
20 6
21 6
22 6 7
23 7
24 7
25 7 8
26 8
27 8 9
28 9
29 9
30 9
31 9
32 9
33 0
34 11
35 11
36 12
37 12
38 12 13
39 13
40 13 14
41 14
42 14
43 14 15
44 15
45 15
46 16
47 16
48 17
49 17
50 17
51 17
52 17
53 17
54 17
55 17
56 17
57 17
58 18
59 18
60 18
61 19
62 19
63 19
64 19
65 19
66 19
67 19
68 19
69 19
70 0
71 0
72 20
73 20
74 20
75 0
76 0
77 21
78 21
79 21
80 21
81 22
82 22
83 22
84 22
85 23
86 23
87 0
88 0
89 0
90 0
91 0
92 0
93 24
94 24
95 24
96 24
97 24
98 25
99 25
100 25 26
101 26
102 26
103 27
104 27 28
105 28
106 28 29
107 29
108 29
109 29
110 29 30
111 30
112 30
113 30
114 30
115 30
116 30
117 30
118 31
119 31
120 31
121 31
122 31
123 31
124 31
125 31
126 31
127 31
128 31
129 32
130 32 33
131 33
132 33
133 33 34
134 34
135 34
136 34
137 34
138 34
139 34 35
140 35 36
141 36
142 36
143 37
144 37
145 37
146 37
147 37 38
148 38
149 38
150 0
151 0
152 0
153 0
154 40
155 40
156 40
157 40
158 41
159 41
160 41
161 41
162 41 42
163 42
164 42
165 42
166 42
167 42
168 42
169 42
170 42
171 42
172 42
173 42
174 42
175 42
176 42
177 42
178 42
179 42
180 42
181 42
182 42
183 44
184 44
185 44
186 44 45
187 45
188 45
189 45
190 45
191 45
192 45 46
193 46
194 47
195 47 48
196 48
197 48 49
198 49
199 49
200 49
201 49
202 0
203 0
204 0
205 0
206 0
207 0
208 0
209 0
210 0
211 0
212 50
213 50
214 50
215 51
216 51
217 0
218 0
219 0
220 0
221 0
222 0
223 0
224 0
225 0
226 0
227 0
228 0
229 0
230 0
231 0
232 0
233 0
234 0
235 0
236 0
237 0
238 0
239 0
240 0
241 0
242 0
243 0
244 0
245 0
246 0
247 0
248 0
249 0
250 0
251 0
252 0
253 0
254 0
255 0
256 0
257 0
258 0
259 0
260 0
261 0
262 0
263 0
264 0
265 0
266 0
267 0
268 0
269 0
270 0
271 0
272 0
273 0
274 0
275 0
276 0
277 0
278 0
279 0
280 0
281 0
282 0
283 0
284 0
285 52
286 52
287 52
288 52
289 52
290 0
291 0
292 0
293 0
294 0
295 0
296 0
297 0
298 0
299 0
300 0
301 53
302 53
303 53
304 53
305 53
306 53
307 0
308 0
309 0
310 0
311 0
312 0
313 54
314 54
315 54
316 54
317 54
318 54
319 54
320 54
321 54
322 54
323 54
324 54
325 54
326 54
327 54
328 54
329 55
330 55
331 55 56
332 56
333 56
334 56
335 56
336 56
337 56
338 56
339 56
340 56
341 56
342 56
343 56 57
344 57
345 57
346 57
347 57 58
348 58
349 58
350 58
351 59
352 59
353 59
354 59
355 59
356 61
357 61
358 61
359 61
360 61
361 61
362 61 62
363 62
364 62
365 62
366 62
367 62
368 62
369 0
370 0
371 0
372 0
373 0
374 0
375 0
376 0
377 0
378 0
379 0
380 0
381 0
382 0
383 0
384 65
385 65
386 65
387 65
388 65
389 65 66
390 66
391 66
392 66
393 66
394 66
395 66 67
396 67
397 67
398 67
399 67
400 67
401 67
402 67
403 67
404 67
405 0
406 68
407 69
408 69 70
409 70
410 70
411 70
412 70 71
413 71
414 71 72
415 72
416 72
417 72
418 72
419 0
420 73
421 73
422 73
423 0
424 75
425 75 76
426 76 77
427 77
428 77
429 77
430 77 78
431 78 79
432 79
433 79
434 79
435 79
436 79
437 79
438 79
439 79
440 79 80
441 80
442 80
443 80
444 80
445 0
446 0
447 0
448 0
449 0
450 0
451 81
452 81 82
453 82
454 82
455 82
456 82
457 82
458 82
459 82
460 83
461 83
462 83
463 83
464 0
465 84
466 84
467 84
468 84
469 84
470 84
471 84
472 84
473 84 85
474 85 86
475 86
476 87
477 87
478 87 88
479 88
480 88
481 88
482 88
483 88
484 0
485 89
486 89
487 89
488 89
489 90
490 90
491 90
492 90 91
493 91
494 91
495 91
496 91
497 91
498 91 92
499 92
500 92 93
501 93
502 93 94
503 94
504 94
505 0
506 0
507 96
508 96
509 96 97
510 97
511 98
512 98
513 98
514 98
515 98
516 98
517 99
518 99
519 100
520 100
521 100
522 100
523 0
524 101
525 101
526 101
527 101
528 101
529 102
530 102
531 102 103
532 103
533 103 104
534 104
535 104
536 0
537 0
538 105
539 105
540 0
541 0
542 0
543 0
544 106
545 106
546 106
547 107
548 107
549 107
550 107 108
551 108
552 108
553 0
554 0
555 0
556 0
557 109
558 109
559 109
560 109
561 109
562 109
563 110
564 110
565 110
566 110 111
567 111
568 111
569 111
570 112
571 112
572 112
573 112
574 112
575 112
576 112
577 112
578 113
579 113
580 113
581 113
582 113
583 113
584 113
585 113
586 113
587 113
588 113
589 0
590 0
591 0
592 0
593 0
