1 0
2 0
3 1
4 1
5 1 2
6 2
7 2
8 3
9 3
10 3
11 3
12 3
13 3
14 4
15 4
16 4
17 4
18 4
19 5
20 5
21 6
22 6
23 6
24 7
25 7
26 7
27 0
28 0
29 0
30 0
31 9
32 9
33 9
34 9
35 9
36 9
37 9
38 9
39 9
40 9
41 9
42 9
43 9
44 9
45 9 10
46 10
47 10
48 10
49 10
50 10
51 10
52 10 11
53 11
54 0
55 0
56 0
57 0
58 0
59 0
60 0
61 0
62 0
63 0
64 0
65 0
66 0
67 0
68 0
69 0
70 0
71 0
72 0
73 0
74 0
75 0
76 0
77 0
78 0
79 0
80 0
81 0
82 0
83 0
84 0
85 0
86 0
87 0
88 12
89 12
90 14
91 14
92 14
93 14 15
94 15
95 15
96 15
97 15
98 0
99 16
100 16
101 16
102 16
103 16
104 17
105 17
106 17
107 17 18
108 18
109 18
110 18
111 18 19
112 19
113 19
114 19
115 19 20
116 20
117 20
118 20
119 20
120 20 21
121 21
122 21
123 0
124 0
125 0
126 22
127 22
128 22
129 22
130 22 23
131 23
132 23
133 23
134 23
135 23
136 23
137 23
138 23
139 23
140 23
141 24
142 24
143 24
144 24 25
145 25
146 25
147 25
148 0
149 0
150 0
151 0
152 0
153 0
154 0
155 0
156 0
157 26
158 26
159 26
160 28
161 28
162 28
163 0
164 0
165 0
166 0
167 0
168 0
169 0
170 29
171 29
172 29
173 29
174 30
175 30
176 30
177 30 31
178 31
179 31
180 31
181 31
182 31
183 0
184 0
185 0
186 0
187 0
188 0
189 32
190 32 33
191 33
192 33
193 33
194 33
195 33
196 33 34
197 34
198 34
199 34
200 34 35
201 35
202 35
203 35
204 35
205 0
206 36
207 36
208 36 37
209 37
210 37
211 37
212 37 38
213 38
214 0
215 0
216 0
217 0
218 0
219 0
220 39
221 39
222 39
223 41
224 41 42
225 42
226 0
227 0
228 43
229 43
230 43
231 43
232 44
233 44
234 44
235 44
236 44
237 44
238 0
239 45
240 45
241 45 46
242 46
243 46 47
244 47
245 47
246 47 48
247 48
248 48
249 48
250 48
251 48
252 48
253 48 49
254 49
255 49
256 49
257 49
258 49 50
259 50
260 50
261 50
262 50
263 50
264 50
265 50
266 50
267 50
268 50
269 50
270 0
271 0
272 51
273 51
274 51
275 51
276 0
277 52
278 52
279 52
280 52
281 52
282 53
283 53
284 0
285 0
286 0
287 0
288 0
289 0
290 0
291 0
292 0
293 0
294 0
295 0
296 0
297 0
298 0
299 56
300 56
301 56
302 0
303 0
304 0
305 57
306 57
307 57
308 58
309 58
310 58 59
311 59
312 59
313 59
314 59
315 59
316 60
317 60
318 0
319 0
320 0
321 0
322 0
323 0
324 0
325 0
326 0
327 0
328 0
329 0
330 0
331 0
332 0
333 0
334 0
335 0
336 0
337 0
338 0
339 0
340 0
341 0
342 61
343 61
344 61 62
345 62
346 62
347 62
348 62
349 0
350 0
351 0
352 0
353 0
354 0
355 0
356 0
357 0
358 0
359 0
360 0
361 0
362 0
363 0
364 0
365 0
366 0
367 0
368 0
369 0
370 0
371 0
372 0
373 0
374 0
375 0
376 0
377 0
378 0
379 0
380 0
381 0
382 0
383 0
384 0
385 0
386 0
387 0
388 0
389 0
390 0
391 0
392 0
393 0
394 0
395 0
396 0
397 0
398 0
399 0
400 0
401 0
402 0
403 0
404 0
405 0
406 0
407 0
408 0
409 0
410 0
411 0
412 0
413 0
414 0
415 0
416 0
417 0
418 0
419 0
420 0
421 0
422 0
423 0
424 0
425 0
426 0
427 0
428 0
429 0
430 0
431 0
432 0
433 0
434 0
435 0
436 0
437 0
438 0
439 0
440 0
441 0
442 0
443 0
444 0
445 0
446 0
447 0
448 0
449 0
450 0
451 0
452 0
453 0
454 0
455 0
456 0
457 0
458 0
459 0
460 0
461 0
462 0
463 0
464 0
465 0
466 0
467 64
468 64
469 64
470 64 65
471 65
472 65
473 66
474 66
475 66
476 66
477 66
478 66 67
479 67
480 67
481 67
482 67
483 68
484 68
485 68
486 68
487 68
488 69
489 69
490 69
491 69
492 69
493 69
494 69
495 70
496 70
497 70
498 70
499 70
500 70
501 71
502 71
503 71
504 71
505 71
506 71
507 71
508 71
509 71
510 72
511 72
512 72
513 72
514 72
515 72
516 72
517 72
518 72
519 72
520 0
521 0
522 73
523 73
524 73
525 73
526 73
527 73
528 73
529 73
530 73
531 74
532 74
533 74
534 0
535 0
536 77
537 77
538 77
539 77
540 77
541 77
542 77
543 77
544 77
545 77
546 77
547 77
548 77
549 77
550 77
551 77
552 77
553 77
554 77
555 77 78
556 78
557 78
558 78
559 0
560 79
561 79
562 79
563 79
564 79
565 0
566 80
567 80
568 80
569 0
570 82
571 82 83
572 83
573 83
574 83
575 83
576 83 84
577 84
578 84 85
579 85
580 85
581 85
582 85 86
583 86
584 86 87
585 87
586 87 88
587 88
588 88
589 0
590 0
591 0
592 0
593 0
594 0
595 0
596 0
597 0
598 0
599 0
600 0
601 0
602 0
603 0
604 0
605 0
606 0
607 0
608 0
609 0
610 0
611 0
612 0
613 0
614 0
615 0
616 0
617 0
618 0
619 0
620 0
621 0
622 0
623 89
624 89
625 89
626 89
627 89
628 89
629 89
630 89
631 89
632 0
633 0
634 0
635 0
636 0
637 0
638 0
639 0
640 0
641 0
642 0
643 0
644 0
645 0
646 0
647 0
648 0
649 0
650 0
651 0
652 0
653 0
654 0
655 0
656 0
657 0
658 0
659 0
660 0
661 0
662 0
663 0
664 90
665 90
666 90
667 90
668 90
669 90
670 90 91
671 91
672 91
673 91
674 91
675 91
676 91 92
677 92
678 92
679 92
680 92
681 92
682 92
683 92
684 92
685 93
686 93
687 93
688 93
689 93
690 93
691 93
692 93
693 93
694 93
695 93
696 93
697 93
698 93
699 95
700 95
701 0
702 0
703 0
704 0
705 96
706 96
707 0
708 98
709 98
710 0
711 0
712 0
713 0
714 0
715 99
716 99
717 99
718 100
719 100
720 100
721 100
722 102
723 102
724 102
725 102
726 102 103
727 103
728 103
729 103 104
730 104
731 104
732 0
733 0
734 0
735 0
736 0
737 0
738 0
739 0
740 0
741 0
742 0
743 0
744 0
745 105
746 105
747 105
748 106
749 106
750 106
751 106
752 106
753 107
754 107
755 107 108
756 108
757 108
758 108
759 108
760 108
761 108
762 108
763 108
764 108
765 108
766 108
767 108
768 108
769 108
770 108
771 108
772 108
773 108 109
774 109
775 109
776 109
777 109 110
778 110
779 110
780 110
781 110
782 111
783 111
784 0
785 0
786 0
787 0
788 0
789 0
790 113
791 113
792 0
793 0
794 0
795 0
796 0
797 114
798 114
799 114
800 114
801 114
802 114
803 114
804 114
805 114
806 114 115
807 115
808 115
809 115
810 0
811 116
812 116
813 116
814 116
815 116
816 116
817 116
818 116
819 116
820 116 117
821 117
822 117
823 117
824 0
825 0
826 0
827 118
828 118
829 118
830 0
831 0
832 0
833 0
834 0
835 0
836 0
837 0
838 0
839 119
840 119
841 119
842 119
843 119
844 119
845 119
846 119
847 119
848 119 120
849 120
850 120
851 120 121
852 121
853 121
854 121
855 121
856 121
857 121
858 121
859 121 122
860 122
861 122 123
862 123
863 123
864 123
865 123
866 123 124
867 124
868 124
869 124
870 124
871 124
872 124
873 124
874 124 125
875 125
876 125
877 125
878 125
879 126
880 126 127
881 127
882 127
883 127
884 127
885 128
886 128
887 128
888 0
889 130
890 130
891 130
892 130
893 130
894 131
895 131
896 131
897 131 132
898 132 133
899 133
900 133
901 0
902 0
903 0
904 0
905 0
