23 99220000 23 97460000
14 42660000 14 41660000
23 94460000 23 93420000
7 97900000 7 98260000
14 41660000 14 42660000
23 119380000 23 119500000
7 98260000 7 97900000
23 140940000 23 141540000
23 97460000 23 99220000
23 27140000 23 25460000
23 140740000 23 143300000
24 17220000 24 16220000
6 31420000 6 31340000
23 4140000 23 7260000
23 63460000 23 63140000
23 141300000 23 139780000
23 25460000 23 27140000
7 46340000 7 47180000
23 139780000 23 141300000
23 83180000 23 80060000
23 7260000 23 4140000
23 145100000 23 144380000
23 5220000 23 4460000
23 117180000 23 115340000
23 64140000 23 65340000
23 3900000 23 5700000
19 15820000 19 15620000
19 61060000 19 61980000
19 21900000 19 22900000
23 25580000 23 26980000
23 69900000 23 69740000
23 151140000 23 150740000
23 127300000 23 128260000
23 35860000 23 36700000
7 47180000 7 46340000
23 41540000 23 42260000
23 69740000 23 69900000
23 34220000 23 33460000
19 61980000 19 61060000
23 12460000 23 12020000
23 87340000 23 87660000
23 141580000 23 143620000
24 16220000 24 17220000
19 15620000 19 15820000
23 150740000 23 151140000
23 143620000 23 141580000
23 119500000 23 119380000
23 27420000 23 29740000
24 16380000 24 16740000
19 21940000 19 23460000
23 115340000 23 117180000
19 21900000 19 22540000
19 22540000 19 21900000
23 113900000 23 112500000
24 15700000 24 16220000
23 36700000 23 35860000
6 31340000 6 31420000
23 93420000 23 94460000
23 29740000 23 27420000
23 65340000 23 64140000
23 141540000 23 140940000
23 143300000 23 140740000
24 16740000 24 16380000
23 33460000 23 34220000
23 144380000 23 145100000
23 80060000 23 83180000
23 4460000 23 5220000
23 26980000 23 25580000
23 5700000 23 3900000
24 16220000 24 15700000
19 22900000 19 21900000
23 63140000 23 63460000
19 23460000 19 21940000
23 112500000 23 113900000
23 128260000 23 127300000
23 42260000 23 41540000
23 127420000 23 127220000
23 127220000 23 127420000
23 12020000 23 12460000
23 87660000 23 87340000
