11 54940000 11 51140000
4 145300000 4 146100000
4 146100000 4 145300000
11 51180000 11 55060000
11 51140000 11 54940000
11 54580000 11 51140000
23 151500000 23 150700000
11 51180000 11 54740000
11 54620000 11 51060000
23 150700000 23 151500000
24 13940000 24 13580000
23 13980000 23 14580000
8 43700000 8 47900000
11 54740000 11 51180000
11 51180000 11 54660000
6 57700000 6 62100000
23 69140000 23 68620000
11 51180000 11 54700000
24 13580000 24 13940000
6 62100000 6 57700000
11 55060000 11 51180000
23 14580000 23 13980000
11 54700000 11 51180000
23 38820000 23 38500000
23 68620000 23 69140000
23 38500000 23 38820000
8 47900000 8 43700000
11 54660000 11 51180000
11 54740000 11 51140000
11 51140000 11 54580000
11 51140000 11 54740000
11 51060000 11 54620000
