1 390000 500000
2 555000 670000
3 680000 1060000
4 1065000 1195000
5 1220000 1710000
6 1730000 2145000
7 2150000 2745000
8 2775000 2895000
9 2905000 3160000
10 3205000 3940000
11 3985000 4425000
12 4455000 4650000
13 4675000 4890000
14 4955000 5115000
15 5120000 5210000
16 5230000 6040000
17 6075000 6410000
18 6665000 6965000
19 6970000 7080000
20 7360000 7655000
21 7815000 7980000
22 8000000 8180000
23 8245000 8400000
24 8690000 8830000
25 8855000 9035000
26 9055000 9200000
27 9235000 9420000
28 9780000 9890000
29 9960000 10090000
30 10180000 10300000
31 10360000 10905000
32 10995000 11355000
33 11380000 11640000
34 11690000 12200000
35 12225000 12495000
36 12510000 12890000
37 12985000 13400000
38 13475000 13840000
39 14010000 14105000
40 14260000 14875000
41 14955000 15160000
42 15425000 16035000
43 16270000 16505000
44 16535000 17090000
45 17920000 18005000
46 18280000 19395000
47 19580000 19710000
48 19890000 20400000
49 21580000 21840000
50 21850000 22185000
51 22225000 22570000
52 22620000 22835000
53 22855000 23280000
54 24255000 24395000
55 24730000 24950000
56 24990000 25310000
57 25350000 25555000
58 25580000 26195000
59 26220000 26810000
60 26855000 27055000
61 27070000 27165000
62 27170000 27485000
63 27565000 27850000
64 27870000 28105000
65 28125000 28315000
66 28335000 28710000
67 28750000 29100000
68 29190000 29585000
69 29695000 30065000
70 30785000 30965000
71 30995000 31195000
72 31555000 31800000
73 31805000 32485000
74 32515000 33095000
75 34245000 34860000
76 38500000 38710000
77 38720000 38995000
78 39055000 39305000
79 39315000 39505000
80 39695000 40095000
81 40160000 40370000
82 40400000 40500000
83 40510000 40715000
84 40830000 41015000
85 41535000 42365000
86 42480000 42810000
87 42875000 42980000
88 43885000 44075000
89 44130000 44290000
90 45165000 45340000
91 45550000 45820000
92 45935000 46120000
93 46130000 46375000
94 46455000 47385000
95 47425000 48020000
96 48095000 48590000
97 48595000 49040000
98 49045000 49110000
99 49115000 49210000
100 49225000 49395000
101 49455000 49655000
102 49660000 49750000
103 49755000 49905000
104 50020000 50115000
105 50150000 50245000
106 50255000 50340000
107 50360000 50795000
108 50800000 50885000
109 50895000 51035000
110 51155000 51765000
111 51795000 52275000
112 52285000 52380000
113 52415000 52520000
114 52525000 53395000
115 53410000 53905000
116 53925000 54150000
117 54155000 54865000
118 54980000 55110000
119 55135000 55360000
120 55385000 55475000
121 55560000 56025000
122 56035000 56500000
123 56510000 57600000
124 57665000 57850000
125 57915000 58140000
126 58160000 58335000
127 58730000 58845000
128 59980000 60200000
129 62645000 63230000
130 64225000 64590000
131 64655000 64795000
132 64800000 65155000
133 65175000 65670000
134 65930000 66520000
135 66835000 67090000
136 67130000 67255000
137 67660000 68380000
138 68385000 68600000
139 68605000 69225000
140 69245000 69505000
141 69535000 69650000
142 69760000 69985000
143 70135000 70250000
144 70630000 70755000
145 70785000 70965000
146 70980000 71115000
147 71795000 71980000
148 72005000 72155000
149 72165000 72335000
150 72425000 72705000
151 75080000 75700000
152 75720000 75905000
153 75915000 76435000
154 76445000 76965000
155 77010000 77195000
156 78115000 78330000
157 78385000 78530000
158 79385000 79530000
159 79940000 80100000
160 80170000 80330000
161 80825000 81345000
162 82020000 82740000
163 82915000 83045000
164 83070000 83445000
165 85255000 85450000
166 85855000 86225000
167 88430000 88835000
168 89410000 89930000
169 89935000 90500000
170 91345000 91730000
171 92385000 93055000
172 93165000 93830000
173 93890000 94500000
174 94520000 94935000
175 94950000 95375000
176 95475000 95940000
177 95970000 96240000
178 96260000 96945000
179 96970000 97380000
180 97385000 97815000
181 98535000 98770000
182 98910000 99070000
183 99140000 99405000
184 99420000 100110000
185 100525000 101150000
186 101200000 101540000
187 101675000 101790000
188 101800000 102305000
189 102330000 102455000
190 102520000 103210000
191 103270000 104040000
192 104235000 104530000
193 104570000 105595000
194 105630000 105790000
195 105805000 106580000
196 106605000 107350000
197 107365000 107490000
198 107505000 108025000
199 108060000 108310000
200 108355000 108905000
201 108925000 109250000
202 109595000 109850000
203 109870000 110285000
204 110445000 110875000
205 110880000 111285000
206 111355000 111750000
207 111830000 111900000
208 112125000 112265000
209 112295000 112865000
210 112945000 113315000
211 113330000 113620000
212 113625000 113875000
213 113890000 114380000
214 114410000 114995000
215 115075000 116290000
216 116410000 117140000
217 117150000 117620000
218 117645000 118285000
219 118300000 118455000
220 118570000 118820000
221 119525000 120095000
222 120125000 120350000
223 120420000 120525000
224 120545000 120730000
225 120735000 121700000
226 121735000 122235000
227 122250000 122340000
228 122350000 122475000
229 122620000 122700000
230 122875000 122985000
231 123015000 123110000
232 123120000 123240000
233 123265000 123330000
234 123340000 123455000
235 123480000 123635000
236 123745000 124085000
237 124100000 124250000
238 124260000 124490000
239 124520000 124805000
240 124830000 125395000
241 125410000 125480000
242 125810000 125995000
243 126225000 128250000
244 129265000 129445000
245 130515000 130825000
246 130880000 131235000
247 131360000 131600000
248 132190000 132560000
249 132975000 133195000
250 133250000 133475000
