1 865000 1120000
2 1445000 1785000
3 2950000 3100000
4 3110000 3215000
5 3820000 3945000
6 4855000 5435000
7 5480000 5670000
8 5725000 5945000
9 6025000 6450000
10 6460000 6730000
11 6910000 7175000
12 7295000 7565000
13 7570000 7730000
14 7945000 8085000
15 9365000 11065000
16 11145000 11325000
17 11375000 11530000
18 11550000 11800000
19 12035000 12240000
20 12280000 12755000
21 12795000 13140000
22 13165000 13630000
23 13640000 14230000
24 14235000 14530000
25 14575000 15005000
26 15020000 15135000
27 15140000 15215000
28 15250000 15435000
29 15465000 15800000
30 16040000 16400000
31 16470000 16860000
32 16870000 17315000
33 17470000 17635000
34 18220000 18525000
35 18600000 18795000
36 20100000 20405000
37 21150000 21325000
38 21565000 21775000
39 21780000 22265000
40 22295000 22505000
41 22520000 22850000
42 22860000 23380000
43 23445000 23585000
44 23600000 23790000
45 24300000 24480000
46 24490000 24825000
47 24890000 25375000
48 26065000 26545000
49 26620000 26855000
50 26865000 26980000
51 27015000 27155000
52 27390000 27530000
53 27675000 27975000
54 28000000 28510000
55 28530000 28695000
56 28715000 28915000
57 28920000 29615000
58 29660000 29790000
59 30280000 30570000
60 30665000 30900000
61 30970000 32110000
62 32120000 32330000
63 32355000 32470000
64 32530000 32665000
65 33060000 33450000
66 33600000 34395000
67 34805000 34930000
68 34945000 35275000
69 35285000 35870000
70 38290000 38395000
71 43040000 43140000
72 43345000 43600000
73 43610000 43975000
74 43980000 44155000
75 44165000 44895000
76 44950000 45365000
77 45395000 45720000
78 45760000 45955000
79 48300000 48665000
80 49425000 49515000
81 49565000 49725000
82 49750000 50025000
83 50170000 50745000
84 52180000 52280000
85 52710000 53995000
86 54045000 54330000
87 54380000 54555000
88 54710000 54965000
89 58220000 58590000
90 59080000 59430000
91 59920000 60170000
92 60710000 60990000
93 61020000 61345000
94 61375000 62205000
95 62210000 62435000
96 62575000 62735000
97 63505000 63635000
98 63640000 64025000
99 64035000 64180000
100 64190000 65500000
101 67460000 67715000
102 69435000 69545000
103 69595000 70095000
104 70170000 70675000
105 70745000 70870000
106 70885000 70975000
107 70990000 71165000
108 71170000 71825000
109 71885000 72135000
110 72190000 72525000
111 72560000 72655000
112 72665000 73005000
113 73055000 73380000
114 73460000 73575000
115 73585000 74115000
116 74120000 74660000
117 74765000 74930000
118 75020000 75115000
119 75175000 75255000
120 75275000 75405000
121 75575000 75875000
122 75885000 76000000
123 76005000 77000000
124 77025000 77805000
125 78770000 78885000
126 78905000 79480000
127 79605000 79795000
128 80695000 80965000
129 80995000 81110000
130 81125000 81260000
131 81825000 82030000
132 82135000 82370000
133 82780000 82945000
134 84555000 84730000
135 85160000 85635000
136 85645000 85775000
137 85890000 85980000
138 86015000 86305000
139 86420000 88370000
140 88450000 88670000
141 89295000 89410000
142 89415000 89510000
143 89570000 90320000
144 90330000 90775000
145 90790000 90975000
146 91005000 91175000
147 91185000 91330000
148 91360000 91515000
149 91545000 91930000
150 92495000 92630000
151 92640000 93035000
152 93090000 93490000
153 93520000 93680000
154 93695000 93810000
155 93840000 94060000
156 94095000 94195000
157 94255000 94350000
158 94355000 94620000
159 94645000 95280000
160 95290000 95655000
161 96035000 96360000
162 96395000 96825000
163 96885000 97390000
164 97440000 97625000
165 97655000 98110000
166 98130000 98985000
167 99020000 99400000
168 99425000 99515000
169 99530000 99870000
170 99885000 100190000
171 100220000 101075000
172 101130000 101495000
173 101585000 101945000
174 102045000 102295000
175 102315000 102650000
176 102670000 102780000
177 102790000 103545000
178 103580000 103875000
179 103895000 104400000
180 104405000 105130000
181 105140000 105255000
182 105265000 105345000
183 105355000 105450000
184 105455000 106020000
185 106030000 106125000
186 107545000 108025000
187 108555000 108760000
188 109150000 109575000
189 109605000 109970000
190 111635000 112055000
191 112065000 112325000
192 112365000 112795000
193 113880000 114230000
194 114235000 115355000
195 115435000 115930000
196 116040000 116585000
197 116595000 116890000
198 117520000 118160000
199 118430000 118940000
200 118965000 119205000
201 119270000 119525000
202 120300000 120735000
203 120790000 121305000
204 121420000 121650000
205 121740000 122125000
206 122160000 122535000
207 122580000 122670000
208 122690000 123495000
209 123500000 123685000
210 124010000 124335000
211 124625000 124770000
212 124805000 125325000
213 125340000 125730000
214 125975000 126080000
215 126200000 126515000
216 126600000 126680000
217 126695000 127385000
218 127405000 127545000
219 127640000 129495000
220 129685000 129805000
221 129820000 129960000
222 131250000 131490000
223 131650000 131940000
224 132020000 133380000
225 133725000 133840000
226 134000000 134490000
227 134640000 135035000
228 135075000 135230000
229 135250000 135335000
