1 350000 1035000
2 1570000 1715000
3 1765000 2745000
4 2820000 3740000
5 6505000 6965000
6 6975000 7280000
7 7960000 8705000
8 9430000 9680000
9 9825000 10135000
10 10145000 10665000
11 11160000 11525000
12 11545000 11935000
13 12080000 12790000
14 12810000 13515000
15 13520000 14060000
16 15155000 15270000
17 15340000 15690000
18 15755000 16170000
19 16735000 17110000
20 17175000 17730000
21 17805000 18365000
22 18405000 18990000
23 19035000 19360000
24 19375000 19550000
25 19560000 20160000
26 20180000 20500000
27 20530000 21745000
28 21855000 21970000
29 21995000 22220000
30 23685000 24065000
31 24075000 24270000
32 24365000 24705000
33 24745000 25040000
34 26660000 27340000
35 29360000 29930000
36 30150000 30535000
37 30575000 30740000
38 31055000 31315000
39 35385000 35795000
40 37595000 37700000
41 37785000 38035000
42 38050000 38200000
43 38585000 39105000
44 39580000 40360000
45 40400000 41120000
46 41210000 41300000
47 41410000 41625000
48 41650000 41785000
49 42585000 42960000
50 44730000 44930000
51 45185000 46270000
52 46305000 46660000
53 46675000 46960000
54 47010000 47400000
55 47410000 47520000
56 47695000 47865000
57 48325000 48775000
58 48815000 48910000
59 49045000 49130000
60 50415000 50730000
61 53340000 53475000
62 53560000 53690000
63 53705000 53870000
64 54555000 54665000
65 55740000 56275000
66 56305000 56755000
67 56830000 57005000
68 62470000 62985000
69 64790000 65395000
70 67715000 67935000
71 68035000 68535000
72 68705000 69320000
73 69510000 69650000
74 70270000 70400000
75 70590000 70890000
76 71215000 71365000
77 71500000 71795000
78 73050000 73355000
79 73600000 73785000
80 73995000 74145000
81 75370000 75485000
82 76840000 77365000
83 77395000 77770000
84 78175000 78340000
85 78345000 78530000
86 78545000 78680000
87 79915000 80065000
88 80455000 80595000
89 84345000 84825000
90 85135000 85310000
91 95935000 96955000
92 99925000 100040000
93 100075000 100575000
94 100855000 101060000
95 101745000 102120000
96 102190000 102435000
97 102455000 102745000
98 102755000 103080000
99 105685000 106050000
100 106895000 107025000
101 107430000 107785000
102 108265000 108635000
103 108725000 108880000
104 108950000 109125000
105 109150000 109385000
106 109400000 109660000
107 109685000 110100000
108 112000000 112095000
109 114565000 114885000
110 115005000 117460000
111 117480000 117955000
112 117965000 118435000
113 118530000 119020000
114 119450000 119615000
115 119620000 119915000
116 122295000 122570000
117 122725000 122860000
118 122955000 123235000
119 128690000 129365000
120 129740000 130060000
121 130115000 130800000
122 130830000 130960000
123 131225000 131360000
124 131390000 131760000
125 132460000 132580000
126 133635000 133905000
127 133940000 134045000
128 134610000 134735000
129 135100000 135355000
130 135655000 135780000
131 135795000 136015000
132 136030000 136150000
133 137210000 137835000
134 138845000 139015000
135 139125000 139235000
136 140205000 140520000
137 141890000 142270000
138 147100000 148575000
139 149110000 149895000
140 149925000 150270000
141 150300000 150875000
142 150910000 151835000
143 152000000 152100000
144 152110000 152230000
145 152805000 152945000
146 152990000 153360000
147 153625000 153720000
148 153980000 154110000
149 154205000 154300000
