401 2.0179834365844727 0.9542940855026245
402 -0.02886861376464367 0.32210060954093933
403 -0.02873125486075878 0.3219856321811676
404 -0.02875034138560295 0.3220215439796448
408 -0.02876315638422966 0.3222036361694336
409 -0.028750337660312653 0.3220215439796448
410 -0.028628312051296234 0.3220948576927185
411 -0.028707455843687057 0.32199349999427795
412 -0.028763340786099434 0.32209473848342896
413 -0.028764739632606506 0.322035551071167
417 -0.02876104973256588 0.3220948278903961
418 -0.028692221269011497 0.32209378480911255
419 -0.0286288782954216 0.32222580909729004
424 -0.028750386089086533 0.3220215439796448
425 -0.028807243332266808 0.3220147490501404
438 -0.02876335009932518 0.32209470868110657
439 -0.028868598863482475 0.32210060954093933
440 -0.028763441368937492 0.32203829288482666
441 -0.02876117080450058 0.32209470868110657
444 -0.02886865846812725 0.32210057973861694
446 -0.02871333435177803 0.3220498859882355
447 -0.02869156375527382 0.32209378480911255
448 -0.028628883883357048 0.32222577929496765
449 -0.02876097895205021 0.3220948278903961
450 -0.028763052076101303 0.3222035765647888
451 -0.02875038981437683 0.3220215439796448
452 -0.02876337803900242 0.32203805446624756
454 -0.02874261513352394 0.3221406042575836
456 -0.028635941445827484 0.3219584822654724
457 -0.028763435781002045 0.3220384120941162
458 -0.02876329980790615 0.32209476828575134
459 -0.0287503469735384 0.3220215439796448
460 -0.02862836793065071 0.32209494709968567
461 -0.028760451823472977 0.32209402322769165
462 -0.028749365359544754 0.32204994559288025
463 -0.028763432055711746 0.3220381736755371
464 -0.028760431334376335 0.3220939636230469
465 -0.02876482717692852 0.32203561067581177
466 -0.02875036932528019 0.3220215141773224
467 -0.028870053589344025 0.32233136892318726
470 -0.028635239228606224 0.3220248222351074
473 -0.028761297464370728 0.322015643119812
474 -0.028628114610910416 0.3220958113670349
475 -0.02883285842835903 0.32209479808807373
476 -0.028629105538129807 0.3220249116420746
477 -1.6029062271118164 -0.5589650273323059
478 -0.028969157487154007 0.32230284810066223
479 -0.02876332961022854 0.3220946490764618
480 -0.0287503432482481 0.3220215141773224
481 -0.02802933007478714 0.3226129710674286
482 -0.028882184997200966 0.3220580518245697
483 -0.02874312922358513 0.3221968710422516
484 -0.028760863468050957 0.32209479808807373
485 -0.028813127428293228 0.3220992982387543
486 -0.028628086671233177 0.3220958113670349
487 -0.028807178139686584 0.32201477885246277
488 -0.028771093115210533 0.3220207989215851
489 -0.028767859563231468 0.3220963180065155
490 -0.02871326170861721 0.3220248520374298
491 -0.028765883296728134 0.3220914900302887
492 -0.028807105496525764 0.32201477885246277
493 -0.02875039353966713 0.3220215439796448
494 -0.028807304799556732 0.3220507502555847
495 -0.028760487213730812 0.32209381461143494
496 -0.02881048433482647 0.3220970630645752
497 -0.0286288782954216 0.32222580909729004
498 -0.02862890437245369 0.3220248818397522
499 -0.028813086450099945 0.32209938764572144
500 -0.028767568990588188 0.3220963776111603
501 -0.0286288782954216 0.32222580909729004
502 -0.028627974912524223 0.3220958411693573
503 -0.0287645161151886 0.3220355808734894
504 -0.028608005493879318 0.3220221698284149
505 -0.02876543439924717 0.32203561067581177
506 -0.028848890215158463 0.3221012055873871
507 -0.028756611049175262 0.322015643119812
508 -0.028761103749275208 0.32209476828575134
509 -0.028763502836227417 0.32203832268714905
510 -0.02876322902739048 0.32193997502326965
511 -0.028979457914829254 0.322129487991333
512 -0.02870367094874382 0.32209786772727966
513 -0.028763391077518463 0.32209473848342896
514 -0.028762882575392723 0.3220994174480438
515 -0.02886861562728882 0.32210057973861694
516 -0.028764408081769943 0.3220355808734894
517 -0.028763432055711746 0.3220382034778595
518 -0.028628403320908546 0.3220948576927185
519 -0.028750348836183548 0.3220215141773224
520 0.6362841725349426 -1.226711392402649
521 0.2842528522014618 -0.47798046469688416
522 0.12178758531808853 -0.19801998138427734
523 0.18350662291049957 -1.4200657606124878
524 -0.1869484931230545 0.6845250129699707
525 0.515267014503479 0.700598955154419
526 -0.02872593328356743 0.32193922996520996
527 -0.5203716158866882 -1.4218286275863647
528 -1.562766194343567 -0.6014615297317505
529 -0.062351349741220474 1.305267095565796
530 0.2287282943725586 1.8458216190338135
531 1.5678517818450928 -0.17802855372428894
532 -0.6788031458854675 0.2857798635959625
533 -0.20523139834403992 0.817557156085968
534 1.3603376150131226 -0.5912407636642456
535 -0.7075582146644592 -1.3351374864578247
536 1.4744089841842651 -0.556184709072113
537 0.4726228415966034 -0.04344618692994118
538 -0.3439340591430664 0.3986705541610718
539 -0.2289028912782669 0.8223180174827576
540 0.1014690101146698 0.39027518033981323
541 0.2504814863204956 0.3785112798213959
542 -0.5890215635299683 1.9723187685012817
543 0.13272908329963684 1.317020058631897
544 1.3243629932403564 -0.6889815330505371
545 -0.5277665257453918 0.08220180869102478
546 0.47709763050079346 -0.49434995651245117
547 -0.5833532214164734 0.1806367188692093
548 0.49453213810920715 -0.5090751051902771
549 -0.6666335463523865 1.9403324127197266
550 -1.2145999670028687 -0.10565496236085892
551 1.4860682487487793 -0.4723663330078125
552 0.4221082031726837 2.0382516384124756
553 0.6623523831367493 0.901988685131073
554 0.14506855607032776 2.0077662467956543
555 0.6476585865020752 0.909457266330719
556 0.6289301514625549 1.1352801322937012
557 -0.5259720087051392 0.09150145947933197
558 -1.1036770343780518 -1.1110814809799194
559 0.6697376370429993 0.10865692794322968
560 -1.4401428699493408 1.4053009748458862
561 -1.2406697273254395 -0.01714705303311348
562 -0.6404358148574829 1.2155345678329468
563 -0.6464438438415527 -1.3491487503051758
564 -1.2505205869674683 -0.9260884523391724
565 -0.35554370284080505 1.516436219215393
566 -0.24330055713653564 2.0720834732055664
567 0.13115282356739044 1.317737102508545
568 -1.0934665203094482 0.7840590476989746
569 0.0033828120213001966 0.1572534441947937
570 -1.0093811750411987 0.900457501411438
571 -0.873488187789917 -1.2183908224105835
572 -0.2137690782546997 0.6627771258354187
575 0.11182143539190292 1.272013783454895
579 -1.146562933921814 -0.2907654941082001
580 0.5426424741744995 -1.145267367362976
581 -1.1891833543777466 0.7720056176185608
582 0.5008971691131592 -1.2054548263549805
583 0.17149658501148224 -1.4280595779418945
584 0.004504983779042959 0.15834611654281616
585 -0.5559247732162476 -0.22731734812259674
586 -0.5827797651290894 0.1783086359500885
587 -0.5596411228179932 0.11561189591884613
588 0.4497390687465668 -0.49392756819725037
589 -0.1660766899585724 -0.2241246998310089
590 -0.7368742227554321 1.8784112930297852
591 -0.21759119629859924 0.660979688167572
592 -0.6057125926017761 -1.365814208984375
593 0.20605438947677612 1.8345141410827637
594 -0.3601430654525757 -0.8131167888641357
595 -0.6346654891967773 1.2221691608428955
596 0.0005528975743800402 0.161808043718338
597 0.10245846956968307 0.38448306918144226
598 0.10711359977722168 0.38302186131477356
599 0.5310729146003723 -1.1435025930404663
600 -0.1287589967250824 2.1058170795440674
601 0.02001364156603813 0.0828571766614914
602 1.5632179975509644 -0.18257229030132294
603 1.578745722770691 -0.18411432206630707
604 0.4746842086315155 -0.054479438811540604
605 0.9545683264732361 1.5779651403427124
606 -0.18874134123325348 0.6752743124961853
607 0.05249595642089844 -0.013623726554214954
608 0.14367510378360748 0.43180572986602783
616 0.41864249110221863 -0.507997453212738
619 0.8483704328536987 -0.1400214433670044
620 -0.8990248441696167 -0.6566163897514343
621 1.4344667196273804 -0.6113463044166565
622 -0.6393579244613647 0.2647746801376343
623 -0.21600504219532013 0.8097981810569763
624 -0.36714494228363037 0.7057744860649109
625 -0.09585028141736984 -0.8804409503936768
626 0.23203197121620178 0.37566429376602173
627 -0.6059668660163879 1.262831687927246
628 1.2820703983306885 -0.07574018836021423
629 -0.12157172709703445 -0.8897427916526794
630 0.5129860639572144 -1.3486695289611816
631 -0.21842451393604279 0.6658406257629395
632 0.4470028579235077 2.038212299346924
633 1.1331555843353271 -0.1666763573884964
634 -0.7018794417381287 -0.24535813927650452
635 0.19580523669719696 -0.19131074845790863
636 -0.16593493521213531 0.7155277132987976
637 -0.3636264204978943 0.7130538821220398
638 -1.7755028009414673 0.341683954000473
639 -0.5849401950836182 0.16640707850456238
640 -0.028761103749275208 0.32209473848342896
641 -0.39320850372314453 -0.24800874292850494
642 0.8820578455924988 0.6575201153755188
643 -1.1713742017745972 -0.28395333886146545
644 -0.0701386034488678 1.3080796003341675
645 -0.4939873218536377 0.7301562428474426
646 0.5291299819946289 -0.4616021513938904
647 -0.16836050152778625 0.7076496481895447
648 -0.06946958601474762 0.08702760934829712
649 -1.0876576900482178 0.8390342593193054
651 -0.9987329244613647 -0.48708227276802063
657 0.1483464390039444 0.03126141056418419
658 0.38294532895088196 -0.4845868945121765
659 -0.5685735940933228 0.23738445341587067
660 -1.7449147701263428 0.21737903356552124
661 0.686469316482544 0.2095768004655838
662 0.7516123652458191 -0.4502005875110626
663 -0.6149267554283142 0.2768462598323822
664 0.5237899422645569 0.7126067280769348
665 -0.6486760973930359 1.1969139575958252
666 0.09473970532417297 0.38785696029663086
667 -1.092673659324646 1.7080215215682983
668 -0.061831675469875336 0.8960720896720886
669 -1.7844136953353882 0.3995403051376343
670 0.09327322244644165 0.38826730847358704
671 0.11464425176382065 0.44676294922828674
672 -0.5323594212532043 0.0962284505367279
673 -1.2667267322540283 0.25865083932876587
674 0.30670657753944397 -0.15829452872276306
675 0.15595635771751404 1.3111276626586914
676 -0.6740280389785767 -1.3511326313018799
677 -0.666837751865387 1.9400956630706787
678 0.9459226727485657 1.5415326356887817
679 0.03819373995065689 0.027122903615236282
680 0.8886241316795349 -0.13450807332992554
681 -1.6287885904312134 -0.4446805715560913
682 0.23425129055976868 0.38570618629455566
683 -0.7793444991111755 -1.2767490148544312
684 -0.7179702520370483 -0.7713735699653625
685 0.16412535309791565 1.8341467380523682
686 -0.2284231036901474 0.6478773951530457
687 0.021111801266670227 0.1537017673254013
688 0.2366103231906891 0.1573684960603714
689 0.7718865871429443 -0.45022401213645935
690 1.051225185394287 0.22696198523044586
691 -1.1291862726211548 1.6807783842086792
692 -0.6160100698471069 0.21658863127231598
693 0.6198100447654724 -1.1817936897277832
694 -1.1669559478759766 -1.006903886795044
695 -0.19191987812519073 0.6666442155838013
696 -0.5435012578964233 -0.23507077991962433
697 -0.6262503862380981 1.0409151315689087
698 0.2565308213233948 -0.47847190499305725
699 1.4731910228729248 -0.5581677556037903
700 -0.35687965154647827 -0.227321058511734
701 0.10647627711296082 -0.48109596967697144
702 -1.167183756828308 -1.007924199104309
703 0.4668431282043457 -0.05811452865600586
704 1.3320682048797607 -0.70199054479599
705 1.1971782445907593 -0.8811028003692627
706 0.03500058129429817 -0.03897680342197418
707 0.04632776975631714 0.20278754830360413
708 0.8089513182640076 0.2218778431415558
709 0.7288073301315308 0.17629361152648926
710 0.19677028059959412 1.8022518157958984
711 -0.9732255935668945 0.8963847756385803
712 0.026390882208943367 0.7808366417884827
713 -0.12217192351818085 -0.8827142715454102
714 0.04960576444864273 -0.010645588859915733
715 -0.505492627620697 0.7209988832473755
716 -1.0700325965881348 1.0463632345199585
717 0.5982685089111328 0.12590399384498596
718 -0.8604463338851929 -0.6599653959274292
719 -0.18561160564422607 0.7046573758125305
720 -0.17997679114341736 0.7169780135154724
721 -0.20007051527500153 0.6706987023353577
722 0.17866182327270508 0.029885798692703247
723 -0.5229966640472412 -1.383298397064209
724 -0.09492164850234985 0.0657607764005661
725 1.0282559394836426 -0.9665604829788208
726 0.0450705960392952 -0.02961888164281845
727 0.9490206837654114 1.559785008430481
728 -1.2980413436889648 0.30969101190567017
729 -0.5811399221420288 0.19003750383853912
730 -0.04617929831147194 1.2853496074676514
731 -1.081605076789856 0.9111405611038208
732 1.4728987216949463 -0.5812174081802368
733 -0.7583010792732239 0.3329126834869385
734 0.6342766880989075 0.043459754437208176
735 -0.5020990371704102 -0.7632344961166382
736 -0.5862542986869812 0.1920669823884964
737 0.9712021946907043 1.7937177419662476
738 0.820702850818634 0.5492323040962219
739 -0.5984786748886108 -0.7026897668838501
740 -0.056227028369903564 0.17212246358394623
741 0.2402631640434265 -0.46271830797195435
742 0.10276429355144501 1.2613009214401245
743 -1.6587183475494385 -0.38932761549949646
744 1.0948392152786255 0.46096017956733704
745 -1.7817318439483643 0.5934689044952393
746 -1.0345412492752075 1.745347499847412
747 -0.5975675582885742 1.9646598100662231
748 -0.9948859214782715 -1.1744898557662964
749 -0.7194209098815918 0.3218197226524353
750 0.9459022879600525 1.5579153299331665
751 -0.5674856901168823 -0.2752748727798462
752 -0.9973101615905762 1.7059139013290405
753 -0.5688809156417847 0.2106320559978485
754 -0.0463390089571476 1.2858623266220093
755 -0.11981809139251709 -0.6142497658729553
756 0.6092104315757751 -1.3207494020462036
757 0.9470095038414001 1.5574411153793335
758 0.0748201534152031 0.39542272686958313
759 -0.03386055678129196 -1.4521907567977905
760 0.5353201031684875 -1.33519446849823
761 -1.1894832849502563 1.6508784294128418
762 -1.1529771089553833 -0.2800697684288025
763 -1.1533650159835815 -0.28789353370666504
764 0.8405688405036926 -0.5162644982337952
765 1.1127963066101074 -0.18516868352890015
766 -0.583679735660553 1.9739582538604736
767 -0.09479891508817673 -0.19123227894306183
768 -1.1790481805801392 1.659049391746521
769 0.6334835886955261 1.151917815208435
770 0.03381701931357384 0.7627691626548767
771 -0.046493176370859146 1.286178708076477
772 -1.6034724712371826 -0.5618190169334412
773 0.2509711980819702 -0.4606732428073883
774 -0.06579401344060898 0.5954561233520508
775 -0.6244949698448181 1.2234070301055908
776 -0.3310885727405548 0.6917521953582764
777 -0.38302934169769287 1.4924834966659546
778 -1.2374759912490845 0.6130223870277405
779 0.11226720362901688 -0.506995677947998
780 -0.08098030090332031 0.09046836197376251
781 0.12677158415317535 1.3323582410812378
782 -0.3967530429363251 -0.2753365933895111
783 0.6469334363937378 0.9752983450889587
784 0.7234064936637878 0.8228034377098083
785 -0.7064616680145264 -1.0199925899505615
786 0.5084653496742249 0.6887020468711853
787 0.6780943870544434 0.10064026713371277
788 -1.0151795148849487 0.918849527835846
789 1.2864446640014648 -0.7012900710105896
790 0.08746491372585297 0.41251230239868164
791 -0.7914518117904663 0.3207702934741974
792 0.5150728821754456 -0.5072160363197327
793 -0.7020125985145569 1.898375153541565
794 -0.2498345673084259 0.8047266602516174
795 0.4723173975944519 -0.07339263707399368
796 0.2433122992515564 -0.17982834577560425
797 0.5056679844856262 0.7118901610374451
798 -0.30336716771125793 0.7196723222732544
799 0.8481959104537964 1.6534736156463623
800 -1.2411837577819824 0.2837204039096832
801 0.07759671658277512 0.4028451442718506
802 0.4550289511680603 0.7038785815238953
803 -0.21593794226646423 0.8093287348747253
804 -0.18874379992485046 0.674191951751709
805 0.07790061086416245 0.3886454701423645
806 -0.03717189282178879 0.09777215868234634
807 -0.04630042240023613 1.2858326435089111
808 -0.589684247970581 0.19698579609394073
809 0.22157642245292664 -0.46313706040382385
810 0.4468291401863098 1.2376577854156494
811 -0.3897147476673126 -0.24511092901229858
812 0.5235101580619812 -0.33136773109436035
813 -1.6079930067062378 1.1692100763320923
814 1.0134092569351196 -0.9802893996238708
815 -0.3881663382053375 -0.24119746685028076
816 0.1336880326271057 -1.4335743188858032
817 0.497312068939209 -0.04526381567120552
818 0.616942822933197 0.09021098911762238
819 -1.250636339187622 -0.9260053038597107
820 -0.20798259973526 0.8154206275939941
821 0.0732751116156578 -1.123471975326538
822 0.6248766183853149 -1.1893746852874756
823 -0.10825580358505249 0.28555747866630554
824 0.24538609385490417 1.871228575706482
825 -0.8540970683097839 0.3326457142829895
826 -0.8247494697570801 1.857924222946167
827 -0.6551358103752136 -0.8104164600372314
828 -0.8195701241493225 -0.7873032689094543
829 -1.7144843339920044 0.9371236562728882
830 0.9945404529571533 -0.33660751581192017
831 0.7443483471870422 0.12128863483667374
832 -1.1404036283493042 1.6746232509613037
833 -0.6746619343757629 -1.2928457260131836
834 0.9363710284233093 1.544423222541809
835 0.2247561812400818 0.3712027072906494
836 -1.664739727973938 1.0397143363952637
837 -0.18515783548355103 0.6837474703788757
838 -1.7750718593597412 0.23427139222621918
839 0.6180845499038696 0.5610789060592651
840 -0.5717564225196838 0.19513654708862305
841 -0.6678500175476074 -0.6576752066612244
842 -0.5703043341636658 1.3002257347106934
843 0.05095763877034187 0.7780154347419739
844 -1.5444287061691284 -0.5798791646957397
845 -0.028813110664486885 0.32209932804107666
846 0.8110889792442322 -1.1328928470611572
847 0.6534684300422668 0.4135560989379883
848 1.0158954858779907 0.2660887837409973
849 0.12136260420084 1.3165100812911987
850 -0.19497418403625488 0.6662940979003906
851 -0.8848193287849426 -0.23897387087345123
852 -0.5549139976501465 -0.7831982970237732
853 -1.709578514099121 0.953961193561554
854 0.09660341590642929 0.39420878887176514
855 -1.4520597457885742 1.39736807346344
856 -0.05538634583353996 1.317402958869934
857 -1.0361429452896118 1.4165321588516235
858 -1.3190654516220093 0.22596310079097748
859 0.38152050971984863 -0.5084251165390015
860 -0.6153090596199036 0.2857860326766968
861 -0.6150934100151062 -1.3543936014175415
862 0.1663040816783905 0.41059306263923645
863 -1.1033214330673218 -0.3717229962348938
864 -0.6193601489067078 -1.3606256246566772
865 -0.06192072108387947 0.9228135347366333
866 0.6636800765991211 0.4251875877380371
867 1.0476973056793213 0.32414510846138
868 -0.9711742997169495 1.7768516540527344
869 0.5690551996231079 0.6354708075523376
870 -0.6059666275978088 1.2628295421600342
871 -0.03744891285896301 -0.1901588886976242
872 -1.2516098022460938 -0.12829920649528503
873 -0.39321693778038025 -0.23006689548492432
874 -1.0885035991668701 1.0566627979278564
875 -0.5970887541770935 -0.6895706057548523
876 -0.0783681869506836 -1.4656422138214111
877 -1.0777790546417236 1.0783692598342896
878 1.0588620901107788 -0.9684296250343323
879 0.034638285636901855 0.7768303751945496
880 -1.1457074880599976 1.674058198928833
881 0.1448240876197815 0.029993856325745583
882 -1.7296669483184814 -0.17605800926685333
883 -0.2519190311431885 0.8145443201065063
884 -1.2716619968414307 0.5951396226882935
885 1.0403953790664673 0.26868051290512085
886 -1.6615926027297974 1.0687755346298218
887 -0.10391178727149963 -0.886608898639679
888 -1.1997945308685303 0.8300125598907471
889 0.03249144181609154 0.7808619737625122
890 -0.7111125588417053 -1.326462745666504
891 -0.19165733456611633 0.6831372976303101
892 -0.5684780478477478 0.23180676996707916
893 0.41605451703071594 -1.0754241943359375
894 0.6541163921356201 0.29960396885871887
895 0.7524102330207825 0.17956916987895966
896 0.5200208425521851 -0.025378193706274033
897 -0.5545828938484192 -0.2046288102865219
898 0.6502581834793091 0.8542541265487671
899 -0.8411734104156494 0.3399694561958313
900 -0.6337592601776123 0.2652320861816406
901 -0.15971891582012177 -0.6211256384849548
902 -0.44612598419189453 -1.4005733728408813
903 0.6270487308502197 1.087925910949707
904 -0.11778035014867783 2.1057677268981934
905 0.23205190896987915 2.052570343017578
906 0.4068799614906311 2.03627347946167
907 0.9794117212295532 1.8115838766098022
908 0.40321192145347595 -0.5046586394309998
909 -1.1172332763671875 0.7496785521507263
910 0.10991226881742477 0.4192267954349518
911 1.1127228736877441 -0.18528293073177338
912 0.07717940211296082 0.7415479421615601
913 0.8907166123390198 -0.10575166344642639
914 -0.2187669426202774 0.6579464673995972
915 -0.48575282096862793 0.6806948781013489
916 0.0951988473534584 0.40710878372192383
917 -1.73101806640625 -0.14393678307533264
918 -1.157402753829956 -0.2834222614765167
919 0.656542956829071 0.8653305172920227
920 1.5528287887573242 -0.19436784088611603
921 -1.188412070274353 1.6496793031692505
922 -0.9356783628463745 -0.6016817688941956
923 0.018315499648451805 0.15809179842472076
924 -0.6904891729354858 1.161342740058899
925 0.005205962341278791 0.16739922761917114
926 -0.2642976939678192 -0.6946690678596497
927 -0.6919437646865845 -1.3297204971313477
928 1.5602712631225586 -0.1761568784713745
929 1.5570868253707886 -0.1951964944601059
930 -0.38673144578933716 -0.8120262622833252
931 -0.08591093868017197 -0.8739925622940063
932 0.07435513287782669 0.4087023138999939
933 -0.28231626749038696 -0.7221633791923523
934 -1.3974597454071045 0.6581071019172668
935 0.5014052987098694 0.7083308696746826
936 0.006444241385906935 -1.4672410488128662
937 0.09710600227117538 1.2917231321334839
938 0.6974605321884155 0.17299623787403107
939 -0.7281591892242432 0.37061864137649536
940 0.17112678289413452 1.8130078315734863
941 0.049605317413806915 -0.010645038448274136
942 -0.5290460586547852 -0.2637080252170563
943 -0.7061619758605957 1.913941502571106
944 0.20542047917842865 -0.46661633253097534
945 -0.4810357987880707 -0.7721563577651978
946 -1.3016369342803955 1.564030647277832
947 -1.159064769744873 1.7153288125991821
948 -1.717555284500122 -0.22800911962985992
949 0.05053846538066864 0.7783423066139221
950 0.7566716074943542 0.1602116972208023
951 -0.12157399207353592 -0.8897412419319153
952 -1.3379430770874023 -0.8346995711326599
953 1.561952829360962 -0.17372213304042816
954 -1.148148536682129 1.674123764038086
955 1.0152299404144287 -0.5055087208747864
956 -1.0723655223846436 0.786584734916687
957 0.52458256483078 0.7062209248542786
958 1.5666741132736206 -0.17887231707572937
959 1.5623522996902466 -0.18191303312778473
960 0.5320793390274048 0.6981260776519775
961 -0.07214634120464325 0.08951829373836517
962 0.9598363041877747 -1.024376630783081
963 -1.2295453548431396 0.6059259176254272
964 0.13508182764053345 1.3271620273590088
965 0.5413771271705627 -1.1342499256134033
966 1.470295786857605 -0.5425134897232056
967 0.5544779896736145 1.9966166019439697
968 -1.6800473928451538 -0.2970055937767029
969 0.04031747952103615 0.723279595375061
970 -0.11999399960041046 -0.2140636146068573
971 -1.786923885345459 0.3926127254962921
972 -0.19333875179290771 0.6752502918243408
973 1.5633965730667114 -0.17804253101348877
974 -1.2519543170928955 0.202642023563385
975 0.27816495299339294 0.4034457206726074
976 -1.102159023284912 -1.113608956336975
977 0.7695592641830444 0.5936457514762878
978 0.08400175720453262 0.3933657705783844
979 0.24167203903198242 -1.3941824436187744
980 0.3104177713394165 -0.5310648679733276
981 0.052974049001932144 0.7681929469108582
982 -0.5533201098442078 0.041822947561740875
983 -0.27465367317199707 1.5623743534088135
984 -0.15292344987392426 2.112139940261841
985 0.931851327419281 1.5639903545379639
986 0.5129125118255615 0.6942228674888611
987 -0.00605856254696846 0.02947862446308136
988 -1.0193952322006226 1.714039921760559
989 0.12172511965036392 1.3147006034851074
990 0.897769033908844 -1.0779833793640137
991 0.6443418860435486 0.41203173995018005
992 0.10247503221035004 0.3844811022281647
993 -0.10132892429828644 -0.8990438580513
994 -1.2295470237731934 0.606000542640686
995 0.44681236147880554 1.2383662462234497
996 -0.38967612385749817 -0.2450026571750641
997 -0.9982704520225525 -1.1761142015457153
998 -0.6038505434989929 -1.3650496006011963
999 -0.4409249722957611 -0.14900556206703186
1000 0.42987439036369324 1.1708189249038696
1001 0.49379926919937134 0.7068061232566833
1002 -1.0893059968948364 -1.135788083076477
1003 0.3601260483264923 1.903593897819519
1004 0.3213047385215759 -0.48428380489349365
1005 -0.9997199773788452 0.8470995426177979
1006 -1.2082477807998657 -0.9600826501846313
1007 -0.16263656318187714 0.05053086206316948
1008 0.06537065654993057 0.39892807602882385
1009 0.5883638262748718 -1.1660817861557007
1010 -1.2779159545898438 0.08488336950540543
1011 -0.599738597869873 0.19907502830028534
1012 -0.9577404856681824 0.9251052141189575
1013 -0.25188788771629333 0.8144416213035583
1014 -0.3116731643676758 -0.7393625974655151
1015 0.15060678124427795 0.43082842230796814
1016 0.6518813967704773 0.9394291639328003
1017 -0.7041215896606445 1.9012501239776611
1018 1.1127116680145264 -0.18530388176441193
1019 0.5046247839927673 0.7398619055747986
1020 -1.7833441495895386 0.4321090281009674
1021 -0.18202781677246094 0.6955000162124634
1022 0.9459752440452576 1.5582942962646484
1023 0.5782173275947571 0.40736761689186096
1024 0.1902298480272293 -1.4101619720458984
1025 -1.333875060081482 0.43186426162719727
1026 0.14112956821918488 -0.19957180321216583
1027 -0.6019772887229919 -1.3658061027526855
1028 0.19491691887378693 -0.466156005859375
1029 0.9555870890617371 1.578841209411621
1030 0.23658953607082367 0.1571188122034073
1031 0.5293950438499451 0.7163383364677429
1032 -0.5722978115081787 0.23766376078128815
1033 0.9384896159172058 1.5547641515731812
1034 0.06741650402545929 0.7315563559532166
1035 -0.4665491282939911 0.022803332656621933
1036 0.1949162483215332 -0.46615487337112427
1037 -0.09805836528539658 -0.9001957774162292
1038 -0.10967173427343369 -0.8795889019966125
1039 -0.974399209022522 -0.5185486078262329
1040 -0.5139704346656799 0.07955276221036911
1041 -0.5977809429168701 0.2022382766008377
1042 -0.7150468826293945 -0.7444940209388733
1043 -0.6296631693840027 1.2194703817367554
1044 1.0868146419525146 0.16427212953567505
1045 0.07574830204248428 0.40404054522514343
1046 0.3370645344257355 -0.5125091075897217
1047 0.453097403049469 1.2106482982635498
1048 0.33058202266693115 -0.5160644054412842
1049 0.5155295729637146 -0.016144687309861183
1050 0.7371834516525269 1.7768001556396484
1051 -0.3048520088195801 1.547128677368164
1052 -0.9411500692367554 0.9017924666404724
1053 0.07584044337272644 0.3819884955883026
1054 -0.21920810639858246 0.6655187010765076
1055 -0.10548169165849686 0.14374041557312012
1056 0.22936253249645233 -0.19411061704158783
1057 -1.7029191255569458 0.968575656414032
1058 -0.16810637712478638 0.6997372508049011
1059 0.3714292645454407 1.250144600868225
1060 1.2599663734436035 -0.7295811176300049
1061 0.9517692923545837 1.552464246749878
1062 -0.372289776802063 -0.19765233993530273
1063 -1.7349505424499512 -0.18544279038906097
1064 -0.14065788686275482 -0.620164155960083
1065 -0.030297044664621353 0.08407513052225113
1066 -1.0514401197433472 0.8582414984703064
1067 -1.2312113046646118 0.49044808745384216
1068 -0.14044152200222015 -1.4491431713104248
1069 -1.6639108657836914 1.0513875484466553
1070 -0.08162203431129456 0.9372722506523132
1071 -1.5936925411224365 1.202429175376892
1072 0.27320313453674316 0.1883840560913086
1073 0.5378280282020569 0.7200388312339783
1074 -1.5900250673294067 -0.41831129789352417
1075 -0.09661716222763062 -0.88423752784729
1076 -0.9309793710708618 -0.24998882412910461
1077 0.955547571182251 1.581457495689392
1078 -0.18195350468158722 2.105729103088379
1079 -0.563667893409729 0.8870846033096313
1080 -0.274614542722702 0.49816933274269104
1081 0.8313202857971191 -0.16286902129650116
1082 0.03089159168303013 0.7683196663856506
1083 0.516544759273529 -1.1879420280456543
1084 -0.9823903441429138 0.8747785091400146
1085 -1.2488062381744385 0.2885896563529968
1086 -0.28243425488471985 1.5545763969421387
1087 -1.0861786603927612 1.0553535223007202
1088 1.5674433708190918 -0.19298629462718964
1089 -1.0359903573989868 0.8165955543518066
1090 -1.660409927368164 1.0619021654129028
1091 0.642942488193512 0.30575475096702576
1092 -0.005373390391469002 -1.4639301300048828
1093 -1.722784161567688 -0.2128821611404419
1094 0.20472171902656555 -0.46406498551368713
1095 0.3582036793231964 -0.5269195437431335
1096 -0.5656512975692749 -0.27094021439552307
1097 0.47922569513320923 -0.47996750473976135
1098 -0.42450520396232605 0.6886281371116638
1099 -0.38909390568733215 1.4756184816360474
1100 0.8433220386505127 0.19500970840454102
1101 0.8344066739082336 1.7068593502044678
1102 0.40554922819137573 1.2201539278030396
1103 0.7199141979217529 -0.4619109034538269
1104 -0.10128359496593475 -0.8794412612915039
1105 -1.7861641645431519 0.5111469030380249
1106 -1.604457974433899 -0.4924962818622589
1107 -1.724256992340088 0.9114363193511963
1108 -0.035219356417655945 -1.4677485227584839
1109 0.11589282751083374 -1.439088225364685
1110 0.27080008387565613 0.4272744357585907
1111 0.2383681833744049 2.0466904640197754
1112 -0.0870308056473732 -0.8753254413604736
1113 0.5006440281867981 -0.048299938440322876
1114 -1.4238282442092896 0.2005661576986313
1115 -1.1060752868652344 -1.1026769876480103
1116 0.4383520483970642 1.2421849966049194
1117 -1.2793560028076172 0.060819581151008606
1118 0.07705999910831451 0.40003758668899536
1119 -0.20087362825870514 1.6266223192214966
1120 0.07214613258838654 0.40782055258750916
1121 0.6193204522132874 0.08957694470882416
1122 -0.5097543001174927 0.06879372894763947
1123 0.8514951467514038 -1.1051996946334839
1124 0.04675083979964256 0.7726110816001892
1125 -0.7233992218971252 1.897867202758789
1126 -0.3714621067047119 0.3762231767177582
1127 1.003382921218872 -0.9655196666717529
1128 0.5266149640083313 0.7247845530509949
1129 -1.787046194076538 0.4045063257217407
1130 -0.06224445626139641 1.3052279949188232
1131 0.9446092247962952 1.8669170141220093
1132 -0.4783809781074524 -0.08929314464330673
1133 1.0757968425750732 0.20229391753673553
1134 -0.38395142555236816 -0.2452307790517807
1135 0.1398717164993286 -1.432823657989502
1136 -1.2692246437072754 0.07958490401506424
1137 -0.5318720936775208 0.9636525511741638
1138 -1.43992280960083 1.4055222272872925
1139 0.10725191235542297 1.2755637168884277
1140 -0.33890461921691895 0.4153732359409332
1141 -0.18803927302360535 -0.622709333896637
1142 1.1127101182937622 -0.18530479073524475
1143 -0.5013085603713989 -0.25174811482429504
1144 0.08818208426237106 0.3969779312610626
1145 0.10475767403841019 0.3856672942638397
1146 -1.7845762968063354 0.3945677876472473
1147 -1.7792333364486694 0.3975735902786255
1148 0.5263283848762512 -0.326052725315094
1149 0.080150306224823 0.3979465663433075
1150 0.9336740374565125 -0.982080340385437
1151 0.14391860365867615 0.027739737182855606
1152 -0.3996009826660156 -0.2502884864807129
1153 -0.2715192139148712 -0.692663848400116
1154 0.018669649958610535 0.07813409715890884
1155 0.015277941711246967 0.7510161995887756
1156 -0.03428758308291435 2.0834290981292725
1157 0.34327420592308044 -0.46013906598091125
1158 0.3948844373226166 -1.3875283002853394
1159 0.18420670926570892 2.0385987758636475
1160 0.6596381068229675 0.4172700345516205
1161 -0.5529366731643677 0.9815412759780884
1162 0.8392001986503601 -0.17055559158325195
1163 -1.3031162023544312 0.05861220136284828
1164 0.5395366549491882 -1.1422007083892822
1165 -0.6293340921401978 0.5470756888389587
1166 1.1323072910308838 -0.15986992418766022
1167 0.20203493535518646 -0.46494925022125244
1168 0.1893877536058426 -0.19841592013835907
1169 -0.44855037331581116 -1.4008268117904663
1170 0.5249196290969849 2.003185272216797
1171 -1.78421151638031 0.3959290683269501
1172 -0.31583160161972046 1.5332204103469849
1173 1.3596296310424805 -0.6912675499916077
1174 0.6466194987297058 0.125579833984375
1175 -1.1825895309448242 1.65630042552948
1176 1.0446850061416626 -0.9442148804664612
1177 -1.1253321170806885 0.7610454559326172
1178 0.2851414382457733 0.39644655585289
1179 1.1249749660491943 -0.9315100312232971
1180 -1.2120153903961182 0.7599900960922241
1181 -1.0384831428527832 0.7861407995223999
1182 -0.6166133880615234 1.2357631921768188
1183 0.9550696015357971 1.5801912546157837
1184 0.12676458060741425 1.3323568105697632
1185 -1.3452962636947632 1.5036572217941284
1186 0.6974602341651917 0.17299795150756836
1187 -0.3805388808250427 2.0450117588043213
1188 -1.43967866897583 -0.7569723129272461
1189 0.07580714672803879 0.38199856877326965
1190 -0.5345221757888794 0.0897979810833931
1191 -1.0827922821044922 1.0272877216339111
1192 -1.2551969289779663 -0.05872232839465141
1193 0.07914526015520096 0.41365697979927063
1194 0.9555486440658569 1.5814573764801025
1195 -0.5827050805091858 -0.718995213508606
1196 1.0227699279785156 -0.9566436409950256
1197 -0.18033085763454437 0.6939474940299988
1198 -0.6252408027648926 1.2245867252349854
1199 0.7513177394866943 -0.11959477514028549
1200 -0.981354832649231 -0.2801782488822937
1201 0.2268235832452774 1.2406591176986694
1202 -0.37093183398246765 -0.20869386196136475
1203 1.5685752630233765 -0.1779305636882782
1204 -0.49398553371429443 0.7301568984985352
1205 -0.18690338730812073 0.7043442726135254
1206 -0.6216819286346436 1.0657057762145996
1207 1.460898518562317 -0.5962588787078857
1208 -1.7870925664901733 0.3909272253513336
1209 -1.2788444757461548 0.06173697113990784
1210 0.5611945986747742 -1.1486138105392456
1211 -0.3856363594532013 1.4958138465881348
1212 -1.026944875717163 0.9360899329185486
1213 -0.590907096862793 0.3031344413757324
1214 -0.4863916039466858 -1.3874051570892334
1215 -0.2390269637107849 0.591659665107727
1216 -1.7376441955566406 -0.1759607493877411
1217 -0.2119666188955307 0.6717187166213989
1218 0.16067367792129517 2.0392134189605713
1219 0.3836615979671478 1.268916130065918
1220 -0.5427999496459961 0.6748323440551758
1221 0.5228425860404968 0.763953447341919
1222 0.551267147064209 0.028289156034588814
1223 1.473475456237793 -0.5471752285957336
1224 0.6620774269104004 1.0688046216964722
1225 -0.5399981737136841 0.9597195386886597
1226 0.0042342375963926315 0.15813679993152618
1227 0.6000617146492004 1.1490709781646729
1228 -1.0785865783691406 1.646730661392212
1229 0.5048920512199402 0.694900393486023
1230 0.025311095640063286 -0.19221502542495728
1231 0.26904329657554626 0.41399890184402466
1232 -0.6460509300231934 1.2052112817764282
1233 0.5016641020774841 0.7374005913734436
1234 1.5615839958190918 -0.1730414181947708
1235 -1.1316794157028198 -0.32797256112098694
1236 0.4865504503250122 1.900032877922058
1237 -0.09222272038459778 2.1023573875427246
1238 0.418987512588501 2.0353057384490967
1239 -0.1948608011007309 0.6748918294906616
1240 0.018669065088033676 0.07813481241464615
1241 0.42487967014312744 1.2343131303787231
1242 -0.028628885746002197 0.32222577929496765
1243 -0.36250945925712585 1.5101828575134277
1244 0.08969082683324814 1.2541582584381104
1245 0.14367540180683136 0.43180617690086365
1246 0.8267229795455933 0.5953052639961243
1247 0.7099975347518921 1.9727704524993896
1248 -0.45141658186912537 0.011249051429331303
1249 0.7111003398895264 0.19671602547168732
1250 -0.3896902799606323 -0.24512936174869537
1251 0.95070481300354 1.5662140846252441
1252 -0.7917613983154297 0.32075968384742737
1253 -0.25479647517204285 2.074387550354004
1254 0.5358442068099976 0.6990835070610046
1255 0.08975043892860413 0.4040488302707672
1256 0.04978282377123833 -1.4639086723327637
1257 -0.6789305210113525 0.2864518165588379
1258 1.0262867212295532 -0.9411056637763977
1259 -0.21051166951656342 0.9283883571624756
1260 -0.306255042552948 -0.7264561057090759
1261 0.7018662691116333 0.06812388449907303
1262 0.6801154613494873 0.1607876718044281
1263 -0.3914213180541992 -0.2423480749130249
1264 0.9355465173721313 1.8679001331329346
1265 0.9550696611404419 1.5801934003829956
1266 0.10260625928640366 0.38560137152671814
1267 1.4303299188613892 -0.6124829053878784
1268 -0.5703069567680359 1.3002195358276367
1269 -1.0668895244598389 1.009826421737671
1270 -1.314060926437378 0.004490359220653772
1271 -0.7094399929046631 1.895461082458496
1272 0.1113862693309784 0.4156073331832886
1273 -0.641698956489563 0.32870563864707947
1274 0.07518844306468964 -0.18379172682762146
1275 0.5144935250282288 -0.004436167888343334
1276 -0.7462512254714966 1.882330060005188
1277 1.4782074689865112 -0.4898262023925781
1278 0.5998864769935608 0.9591526985168457
1279 0.8447205424308777 0.7140986919403076
1280 -1.478110909461975 -0.009160168468952179
1281 -0.3630097806453705 -0.22982028126716614
1282 0.6608148217201233 0.31754839420318604
1283 -0.08748448640108109 0.2784128785133362
1284 0.633472740650177 -1.228575587272644
1285 0.5945428013801575 0.03840847313404083
1286 -1.3004790544509888 0.008214292116463184
1287 0.5328485369682312 0.7684972286224365
1288 0.39412668347358704 1.244992733001709
1289 0.3714532256126404 1.2501457929611206
1290 -0.35659295320510864 -0.2057858556509018
1291 -0.03271309658885002 -0.6836956143379211
1292 0.9298644065856934 1.8717107772827148
1293 -0.6112887859344482 1.2590965032577515
1294 -1.0135916471481323 1.7435197830200195
1295 -0.3986988663673401 -0.27690744400024414
1296 -0.7055696845054626 -0.783344566822052
1297 0.9418630599975586 -0.9694069027900696
1298 -0.38136810064315796 0.3982570767402649
1299 -0.8191174268722534 1.337229609489441
1300 -0.5382607579231262 -0.23971641063690186
1301 -1.7778338193893433 0.354785293340683
1302 -1.6123058795928955 -0.4601074755191803
1303 -1.417432427406311 1.4296574592590332
1304 0.5888844728469849 -0.23227660357952118
1305 -0.6167759299278259 1.2356282472610474
1306 0.24023976922035217 -0.4595097303390503
1307 0.7877854704856873 -1.1265249252319336
1308 -0.4936162829399109 -0.8578048944473267
1309 0.6183115243911743 1.1299855709075928
1310 0.2899869978427887 0.3490452170372009
1311 -0.6272772550582886 -0.261106938123703
1312 -0.6277725100517273 0.2558330297470093
1313 -0.7369807958602905 -0.7404314279556274
1314 0.11246665567159653 -0.47879326343536377
1315 -1.732924222946167 -0.1380896121263504
1316 -0.6674625277519226 0.28553658723831177
1317 -0.7428378462791443 0.3706212043762207
1318 -1.1531481742858887 0.7846440672874451
1319 -0.22305184602737427 0.6666496992111206
1320 0.22299739718437195 -0.46488627791404724
1321 0.2922666668891907 -0.6009706854820251
1322 -1.7798142433166504 0.6395193934440613
1323 -0.6354525089263916 1.2160847187042236
1324 -0.35907480120658875 1.5293006896972656
1325 0.47396549582481384 -0.5025937557220459
1326 -1.1169077157974243 -0.33447015285491943
1327 0.021469343453645706 0.7493624091148376
1328 0.9151989221572876 1.728798747062683
1329 0.11576557904481888 1.3136125802993774
1330 0.14418688416481018 0.4322112202644348
1331 0.2686527967453003 0.18386012315750122
1332 1.5688331127166748 -0.17848782241344452
1333 0.2668133080005646 0.3923344910144806
1334 0.2733554542064667 0.4287477135658264
1335 -1.625209093093872 -0.44608837366104126
1336 0.5678391456604004 -1.134866714477539
1337 -1.6046979427337646 -0.4870058596134186
1338 -1.0249338150024414 -0.42207008600234985
1339 0.10911654680967331 -0.5029431581497192
1340 0.09682334959506989 0.32105642557144165
1341 0.5866770148277283 0.16932833194732666
1342 0.04962705075740814 -0.01057353988289833
1343 0.18866123259067535 0.11667760461568832
1344 0.11745574325323105 0.06202392280101776
1345 -0.6248165965080261 1.2308926582336426
1346 0.8323489427566528 0.5451447367668152
1347 -0.8834218978881836 -0.7927215695381165
1348 0.04557492211461067 -0.01631365716457367
1349 0.4437330663204193 1.1853606700897217
1350 1.133088231086731 -0.16681772470474243
1351 -0.5974646806716919 0.30480095744132996
1352 -0.3376234173774719 2.05462908744812
1353 0.1957976222038269 -0.5403284430503845
1354 0.6974629759788513 0.1729992926120758
1355 -0.3360564410686493 1.5343730449676514
1356 -0.5865263342857361 0.17746374011039734
1357 -1.020984411239624 1.7430239915847778
1358 -1.6601979732513428 1.0656123161315918
1359 1.5615485906600952 -0.17266778647899628
1360 -0.9641975164413452 0.9226788282394409
1361 -0.11646044999361038 0.07012873888015747
1362 0.4573330283164978 -0.49135905504226685
1363 -1.1233190298080444 1.6833769083023071
1364 -0.1543290913105011 -0.615397036075592
1365 -1.1253411769866943 0.7610434293746948
1366 0.49725598096847534 0.7002630233764648
1367 0.8739549517631531 -0.13621379435062408
1368 -1.7267321348190308 -0.17956696450710297
1369 0.6378815174102783 -1.2853684425354004
1370 -0.1681792140007019 1.8542828559875488
1371 -0.016623346135020256 1.1553115844726562
1372 0.01452414970844984 0.14024551212787628
1373 -0.6098929047584534 -0.6697413325309753
1374 0.13116402924060822 1.3177226781845093
1375 0.010597269050776958 -1.4654539823532104
1376 -0.5655628442764282 1.3004692792892456
1377 0.07737075537443161 0.38920071721076965
1378 0.028545984998345375 0.08606737852096558
1379 0.6369186639785767 0.40749266743659973
1380 -0.030761463567614555 1.134057879447937
1381 0.18977570533752441 0.7720545530319214
1382 -0.4939839839935303 0.7301575541496277
1383 -0.36677876114845276 0.7059953808784485
1384 0.538100004196167 0.6899641752243042
1385 -0.08236392587423325 -0.1919146031141281
1386 -1.2976323366165161 -0.8611464500427246
1387 0.15617252886295319 0.4187294840812683
1388 -0.5194113850593567 -0.22478903830051422
1389 -1.7299307584762573 -0.16216400265693665
1390 0.73501056432724 0.21529197692871094
1391 -0.633088231086731 1.2189959287643433
1392 -1.4570852518081665 1.3838520050048828
1393 -0.5965096354484558 0.2634322941303253
1394 0.12556786835193634 2.0408987998962402
1395 0.5054774284362793 0.7029424905776978
1396 -1.7738122940063477 0.42418548464775085
1397 -0.620559573173523 0.4068961441516876
1398 -0.2347976565361023 0.65576171875
1399 0.9754350781440735 -0.9593793749809265
1400 1.5647724866867065 -0.23963552713394165
1401 -0.9521931409835815 -0.5217466354370117
1402 1.2820712327957153 -0.07574211806058884
1403 0.3378937244415283 0.34694704413414
1404 0.16985252499580383 0.04489586502313614
1405 0.04423462972044945 0.013155360706150532
1406 -0.6383018493652344 0.25064724683761597
1407 -0.7795438766479492 1.8735957145690918
1408 0.7151743769645691 -0.46225202083587646
1409 0.551284909248352 0.8699077367782593
1410 -0.6375356912612915 0.2781762480735779
1411 0.04380952566862106 -0.039789844304323196
1412 -0.365685373544693 -0.21039435267448425
1413 0.6840335130691528 0.1893458366394043
1414 0.1364465206861496 0.4327020049095154
1415 0.11552569270133972 0.4192025661468506
1416 -0.15971946716308594 -0.6211252212524414
1417 -0.6928675174713135 0.41604042053222656
1418 0.637312114238739 0.8745290637016296
1419 -0.359075129032135 1.5292936563491821
1420 0.1350865513086319 0.4333820939064026
1421 0.5198182463645935 0.6885899901390076
1422 -0.6566225290298462 0.26201513409614563
1423 -1.2760262489318848 0.07849996536970139
1424 -0.3091678321361542 0.4730919301509857
1425 -1.1739277839660645 -0.2590240240097046
1426 -0.6117091178894043 -0.27414602041244507
1427 0.6182663440704346 1.133443832397461
1428 -0.6668890118598938 1.9400697946548462
1429 0.32911017537117004 1.243952989578247
1430 1.1127984523773193 -0.18516553938388824
1431 -0.03371971845626831 2.0988848209381104
1432 -0.22030220925807953 1.8900206089019775
1433 0.10259924083948135 0.38559606671333313
1434 0.5351341962814331 -1.1484462022781372
1435 0.47553229331970215 -0.056860022246837616
1436 -0.6354058980941772 1.942852258682251
1437 -0.07615461945533752 -0.18168209493160248
1438 -0.3989310562610626 1.4850943088531494
1439 -0.5887754559516907 0.1984296590089798
1440 -0.4611341655254364 0.02320975437760353
1441 0.5206719040870667 0.7009077072143555
1442 1.0544129610061646 -0.8929645419120789
1443 0.9350537657737732 1.8682124614715576
1444 -1.6015973091125488 -0.5286456942558289
1445 -1.0633399486541748 1.4618961811065674
1446 0.22690443694591522 1.84889554977417
1447 0.518743634223938 0.7140007019042969
1448 -0.07667262107133865 -0.8789824843406677
1449 -0.037171620875597 0.09777215868234634
1450 -1.0374218225479126 0.866994321346283
1451 -0.08283047378063202 -0.8734347820281982
1452 -1.4277160167694092 -0.7713332772254944
1453 -1.7719948291778564 -0.054485347121953964
1454 -1.0329608917236328 0.9052996039390564
1455 0.07058625668287277 0.3983442783355713
1456 -0.07902732491493225 -0.17488878965377808
1457 1.0135987997055054 0.2689223885536194
1458 -1.7817732095718384 0.5931410789489746
1459 0.7672136425971985 -0.43785426020622253
1460 0.7322121858596802 0.273886114358902
1461 -0.45917877554893494 0.02215254306793213
1462 0.25122323632240295 -1.3979992866516113
1463 -0.11981786042451859 -0.6142504811286926
1464 0.8600763082504272 1.672654151916504
1465 0.522544801235199 0.6991142630577087
1466 -0.32184523344039917 2.0562198162078857
1467 1.016157627105713 -0.9915568828582764
1468 -0.07667715847492218 -0.8789867162704468
1469 -0.5167639255523682 -0.15926140546798706
1470 0.6490801572799683 0.978266716003418
1471 0.9551397562026978 1.5807127952575684
1472 0.0033024600706994534 0.16332387924194336
1473 -0.3589182496070862 -0.24241966009140015
1474 -0.2127358764410019 0.8185730576515198
1475 0.1457393318414688 -0.2025587409734726
1476 -0.974399745464325 -0.5185456275939941
1477 0.3611593544483185 1.256109356880188
1478 -0.5189967155456543 0.07973189651966095
1479 1.4633692502975464 -0.5839001536369324
1480 0.8238874673843384 0.3351476192474365
1481 0.4619620144367218 2.026599884033203
1482 -0.6654313206672668 0.27151229977607727
1483 -0.5662352442741394 0.23279514908790588
1484 1.5624607801437378 -0.17706048488616943
1485 0.14404639601707458 0.4321686923503876
1486 -1.4399523735046387 1.4054914712905884
1487 -1.1959798336029053 -0.1851062774658203
1488 0.017338857054710388 -1.4645564556121826
1489 -0.4309374988079071 0.5301855802536011
1490 -0.18201909959316254 -0.9186381697654724
1491 1.567813515663147 -0.18810847401618958
1492 0.6155068278312683 1.1606717109680176
1493 -0.2227679193019867 0.666843593120575
1494 -0.21968591213226318 0.6685317158699036
1495 -0.09634316712617874 -0.9017989635467529
1496 1.0819910764694214 -0.9549388885498047
1497 -1.0737807750701904 0.8753229975700378
1498 -0.7915205955505371 -1.2733052968978882
1499 -0.03997769206762314 2.0952389240264893
1500 -0.5919351577758789 1.9672333002090454
1501 -1.7631638050079346 0.29526346921920776
1502 1.1939973831176758 -0.890071451663971
1503 -0.16705943644046783 0.08208022266626358
1504 0.0281950905919075 0.7823788523674011
1505 1.5651134252548218 -0.1891779899597168
1506 0.6843838691711426 0.19896376132965088
1507 0.8370978832244873 0.6915396451950073
1508 0.8551840782165527 1.629345178604126
1509 -0.588998019695282 0.17670206725597382
1510 0.09511111676692963 0.4168437719345093
1511 -1.7585264444351196 0.30807262659072876
1512 0.6971374750137329 0.8984567523002625
1513 -0.5908709168434143 0.19145387411117554
1514 -0.5585706830024719 -1.375805139541626
1515 -0.04630474001169205 1.28583562374115
1516 0.3343278169631958 0.3374643921852112
1517 -0.5923051834106445 -0.8097373247146606
1518 -1.2333650588989258 0.4625479578971863
1519 0.3948826491832733 -1.3875287771224976
1520 -0.11783114820718765 -0.8765954375267029
1521 0.07827580720186234 1.2764256000518799
1522 -0.9701146483421326 0.907203197479248
1523 -1.447744369506836 1.39930260181427
1524 -0.4014786183834076 -0.2900278866291046
1525 -1.273682713508606 0.05246984213590622
1526 0.02611863799393177 0.7786855697631836
1527 -0.9812392592430115 -1.178139090538025
1528 0.09092913568019867 0.3947080373764038
1529 0.5559324026107788 -1.1476649045944214
1530 0.9367815256118774 1.5453766584396362
1531 -0.41709187626838684 0.09640233963727951
1532 0.2661213278770447 0.4147890508174896
1533 0.3066289722919464 -0.5355755090713501
1534 -0.47356632351875305 0.7025036215782166
1535 1.0163049697875977 -0.9947448968887329
1536 0.01906203292310238 0.09245961159467697
1537 0.22744256258010864 1.2332327365875244
1538 -0.0968320369720459 0.20773078501224518
1539 -0.5232768654823303 0.6747881174087524
1540 -1.2490075826644897 -0.9273228049278259
1541 1.3296483755111694 -0.6997681260108948
1542 0.6664633750915527 0.09021466970443726
1543 0.66012042760849 0.922914445400238
1544 -0.10849148035049438 0.18644720315933228
1545 0.027726292610168457 0.12935678660869598
1546 -0.03717217966914177 0.0977691113948822
1547 -0.5399512648582458 0.9597567915916443
1548 0.07596006989479065 0.3819648325443268
1549 -1.26824951171875 -0.9210899472236633
1550 -0.5636987686157227 -0.26227396726608276
1551 -0.35946404933929443 -0.21411073207855225
1552 -0.3709108829498291 0.7971096038818359
1553 0.18960289657115936 0.11677168309688568
1554 -0.20695866644382477 0.8154100775718689
1555 -0.9707491993904114 -0.5126767158508301
1556 -0.3703114092350006 2.0432443618774414
1557 0.41788554191589355 2.035794258117676
1558 0.7860423922538757 -1.1550012826919556
1559 1.1983959674835205 -0.8778021335601807
1560 -1.7200098037719727 0.9235292077064514
1561 -1.7223401069641113 0.9164577722549438
1562 -0.4591788947582245 0.022152375429868698
1563 0.9321046471595764 -0.06214827671647072
1564 0.1373472958803177 -1.427032709121704
1565 0.6490000486373901 -1.263283610343933
1566 -1.052500605583191 0.9780558943748474
1567 0.7110499143600464 0.1966761201620102
1568 0.7110342383384705 0.1966680884361267
1569 1.5625417232513428 -0.18683481216430664
1570 0.026514260098338127 0.7520656585693359
1571 0.6365132331848145 1.0799492597579956
1572 0.2821125090122223 -0.4769896864891052
1573 0.9805290699005127 -0.09358745813369751
1574 0.5169554352760315 0.709518551826477
1575 0.5057263374328613 0.692319393157959
1576 -0.2519218325614929 0.8145154118537903
1577 -0.17423215508460999 2.0902819633483887
1578 -0.018535882234573364 -1.4643584489822388
1579 -1.1691200733184814 -0.9905866980552673
1580 -0.4578479826450348 0.7454321980476379
1581 0.16572514176368713 0.03804970532655716
1582 -0.49100103974342346 0.6141429543495178
1583 -0.2130347341299057 0.6680223345756531
1584 -0.6513474583625793 0.2655251920223236
1585 0.03966221213340759 0.027419505640864372
1586 0.14006474614143372 0.4393165409564972
1587 -0.5480214357376099 1.3316717147827148
1588 -0.5975409150123596 -0.27467620372772217
1589 -0.607354462146759 0.2866508960723877
1590 -0.5427972674369812 0.6748424172401428
1591 0.1516069769859314 0.03598829731345177
1592 0.37297919392585754 1.2410420179367065
1593 -1.2749674320220947 -0.8908267021179199
1594 -0.205619215965271 0.6683778166770935
1595 -1.2917938232421875 -0.8736963868141174
1596 -1.4446653127670288 -0.7503455281257629
1597 0.11689181625843048 1.3069920539855957
1598 -0.20518134534358978 0.679145336151123
1599 0.8069583177566528 -1.1422864198684692
1600 0.8276532292366028 -0.16099020838737488
1601 -0.5750877857208252 0.2107745110988617
1602 -0.22979922592639923 0.06859785318374634
1603 0.12346338480710983 -0.2035185843706131
1604 0.036234937608242035 -0.03140901401638985
1605 -0.3155256509780884 -0.9772961139678955
1606 -1.086189866065979 1.0527645349502563
1607 0.3705958425998688 1.9351439476013184
1608 0.5207095742225647 0.7166217565536499
1609 0.0846356600522995 1.263968586921692
1610 0.004473746754229069 2.054258346557617
1611 -0.7124065160751343 1.9084042310714722
1612 -0.25203412771224976 0.814517080783844
1613 0.5146572589874268 0.7059756517410278
1614 -1.7847328186035156 0.5314818024635315
1615 -0.0890272930264473 0.081231489777565
1616 0.7008718848228455 0.25940510630607605
1617 -0.37702903151512146 1.4884058237075806
1618 0.408588707447052 1.223896861076355
1619 1.151211142539978 -0.14406992495059967
1620 0.21065248548984528 0.13656483590602875
1621 -0.4890557527542114 0.7264639139175415
1622 0.02592410147190094 -1.4684287309646606
1623 0.0796903595328331 0.4072628915309906
1624 0.9559546113014221 -1.035086750984192
1625 0.1994280070066452 1.8303009271621704
1626 -0.6249107718467712 1.2307980060577393
1627 -0.07923349738121033 -0.21420136094093323
1628 0.00520522054284811 0.16739928722381592
1629 0.1063036099076271 -0.2010156661272049
1630 -1.2901533842086792 -0.8746383786201477
1631 -1.7188971042633057 0.92499178647995
1632 -0.6048882007598877 1.2555702924728394
1633 0.15988002717494965 0.4207904636859894
1634 0.5030730962753296 0.7020987272262573
1635 0.5321393013000488 0.715585470199585
1636 0.4068642258644104 2.0362203121185303
1637 0.12805050611495972 1.3336732387542725
1638 -1.1588903665542603 0.7461389899253845
1639 -0.616741955280304 0.32596924901008606
1640 0.46297577023506165 1.1700116395950317
1641 -0.5275795459747314 -0.22016499936580658
1642 -1.124603033065796 -0.30717259645462036
1643 -0.1527637094259262 0.8221979737281799
1644 -0.9003507494926453 -0.6081628203392029
1645 -0.7777758836746216 -1.2838987112045288
1646 0.5204636454582214 1.998806118965149
1647 0.6077428460121155 0.194501593708992
1648 -0.03766823187470436 0.3109232485294342
1649 -1.6145563125610352 1.1525706052780151
1650 -1.7869619131088257 0.4036939740180969
1651 0.19422969222068787 -0.49113258719444275
1652 -0.2519945800304413 0.8145719766616821
1665 -1.5752112865447998 -0.5788035988807678
1666 0.40721768140792847 0.6968474984169006
1667 -0.3834036886692047 -0.3086724281311035
1668 0.6575605869293213 0.11948517709970474
1669 -0.38395237922668457 -0.2452322393655777
1670 -1.7082942724227905 0.9524755477905273
1671 0.263666570186615 1.8746955394744873
1672 -1.1788673400878906 0.7785041332244873
1673 0.509826123714447 0.7188423871994019
1674 -0.35613933205604553 0.32322442531585693
1675 0.38630345463752747 0.2323753982782364
1676 -0.0019222786650061607 0.1658235490322113
1677 0.9550577998161316 1.5800930261611938
1678 -0.2342299371957779 1.097663164138794
1679 -1.7315092086791992 -0.14314402639865875
1680 0.00017012155149132013 -0.5724106431007385
1681 -0.5102126598358154 0.07968612760305405
1682 0.3366997539997101 0.3596811592578888
1683 -0.0919654592871666 -0.8832842111587524
1684 -0.4876331090927124 -0.15407219529151917
1685 -1.0887701511383057 1.7110282182693481
1686 -0.8539634346961975 0.4014248251914978
1687 0.2501164376735687 -1.3964204788208008
1688 -1.7045729160308838 0.971136748790741
1689 0.45255139470100403 1.2188202142715454
1690 0.6401095390319824 1.1379797458648682
1691 0.038028519600629807 0.7578238844871521
1692 0.04660249873995781 0.7727705836296082
1693 0.11137667298316956 0.38407841324806213
1694 -1.4571937322616577 1.389190912246704
1695 -0.5980387926101685 0.9069874286651611
1696 -0.5831149816513062 -1.3619855642318726
1697 0.020997900515794754 0.2994900941848755
1698 -1.1438690423965454 -1.0374764204025269
1699 0.7126312851905823 1.9716458320617676
1700 -0.6500223875045776 0.3325663208961487
1702 0.9449718594551086 -0.06739950180053711
1703 0.912411630153656 -0.5197307467460632
1704 -0.7918499708175659 -1.2835139036178589
1705 -0.6031237244606018 0.2696897089481354
1706 -1.7625205516815186 0.756117045879364
1707 -1.2227861881256104 0.5336740016937256
1708 -0.49139171838760376 0.6155992150306702
1709 -1.7836207151412964 0.4063044488430023
1710 0.09678948670625687 -0.19153670966625214
1711 -0.1154344230890274 0.14280574023723602
1712 -1.1691173315048218 -1.0118629932403564
1713 0.03807111456990242 -0.039567817002534866
1714 -0.013407520949840546 -1.4650081396102905
1715 -0.6449528336524963 1.20658278465271
1716 -0.6462974548339844 -0.657771646976471
1717 0.6172159314155579 1.1298773288726807
1718 0.25852856040000916 -0.4595761001110077
1719 0.5031315088272095 -0.03611496835947037
1720 -0.16343124210834503 2.086758852005005
1721 1.0764402151107788 0.16170769929885864
1722 0.47249704599380493 -0.043571196496486664
1723 -0.20217613875865936 0.67280113697052
1724 -1.7241894006729126 -0.18761350214481354
1725 -0.6554731130599976 1.9393306970596313
1726 0.9281039834022522 1.872822880744934
1727 1.2025378942489624 -0.8728837370872498
1728 0.5000156760215759 -1.359786033630371
1729 0.1487894505262375 0.004327334929257631
1730 -0.01687750779092312 -0.19749826192855835
1731 0.035975802689790726 0.7528437972068787
1732 -0.2271602600812912 0.8205620646476746
1733 0.8420597910881042 0.2735867202281952
1734 -0.06565996259450912 0.1262454241514206
1735 -0.19156824052333832 -1.4494730234146118
1736 1.4552406072616577 -0.6026687026023865
1737 0.47857508063316345 -0.47968414425849915
1738 -0.56369549036026 -0.26227331161499023
1739 -1.2761999368667603 0.08871442824602127
1740 -0.3696330189704895 0.4084013104438782
1741 -1.1223084926605225 -0.3378496766090393
1742 0.28609874844551086 -0.5482295155525208
1743 0.07663137465715408 0.35718998312950134
1744 -0.20044900476932526 0.6695815920829773
1745 0.6683193445205688 0.8588947057723999
1746 0.5179228782653809 -1.3413184881210327
1747 -0.28625619411468506 0.29263433814048767
1748 1.0452568531036377 0.2469877302646637
1749 -0.7675532698631287 -1.2910418510437012
1750 -1.7884968519210815 0.49513524770736694
1751 -0.531862735748291 0.963648796081543
1752 -0.44228801131248474 0.7594763040542603
1753 0.08774284273386002 0.40721845626831055
1754 -0.7191466093063354 1.8986446857452393
1755 -0.5488791465759277 -0.13244037330150604
1756 0.5068055987358093 0.6958865523338318
1757 -0.7134212255477905 0.3172256052494049
1758 -0.7032813429832458 1.904253602027893
1759 -1.1996362209320068 -0.19806891679763794
1760 -1.7838722467422485 0.48347359895706177
1761 1.5533995628356934 -0.1737423539161682
1762 0.7296061515808105 0.8375951647758484
1763 -1.1620581150054932 -0.3083021342754364
1764 -0.8577530384063721 -0.3555919826030731
1765 -1.4440135955810547 1.4021382331848145
1766 -1.2911033630371094 -0.8553289771080017
1767 0.963437020778656 1.8577884435653687
1768 -0.6345802545547485 0.19979813694953918
1769 0.090469591319561 0.41116318106651306
1770 1.0188605785369873 -0.995218813419342
1771 -1.7315123081207275 -0.14313893020153046
1772 -1.2597826719284058 0.7150982022285461
1773 0.23230400681495667 2.0530500411987305
1774 -0.35944443941116333 0.7177311182022095
1775 0.07584649324417114 0.40092191100120544
1776 -1.6220108270645142 1.1412110328674316
1777 0.48208087682724 -0.04965759441256523
1778 1.1372228860855103 -0.9201799035072327
1779 -0.38889721035957336 -0.3092033267021179
1780 -0.3573828637599945 -0.9413628578186035
1781 1.4467060565948486 -0.6130090355873108
1782 -0.2532081604003906 -0.6824672818183899
1783 0.7089409828186035 0.8522642850875854
1784 -0.6425490975379944 1.21239173412323
1785 -0.4591790437698364 0.022152256220579147
1786 0.1217825710773468 -0.5026536583900452
1787 -0.01813342794775963 1.1539306640625
1788 0.6974636912345886 0.1729997843503952
1789 0.5264813899993896 0.718397319316864
1790 0.40632984042167664 -0.5002275109291077
1791 0.03549739345908165 -0.03619556128978729
1792 -0.5427984595298767 0.6748403906822205
1793 -0.04641517251729965 1.2858154773712158
1794 0.9514256119728088 1.5717824697494507
1795 0.16569198668003082 1.2135087251663208
1796 -0.2518795430660248 0.8143956065177917
1797 -0.3380225896835327 2.0545268058776855
1798 0.27766498923301697 -0.4944590628147125
1799 -1.251549243927002 0.2782309353351593
1800 0.0872882828116417 0.3048523962497711
1801 0.04658452048897743 0.7727498412132263
1802 0.039038725197315216 0.02685336023569107
1803 -0.49104025959968567 0.6140397191047668
1804 -0.18768934905529022 0.7005812525749207
1805 -0.6304490566253662 0.5385252833366394
1806 0.9482122659683228 1.561461329460144
1807 -0.5248944759368896 -0.26434990763664246
1808 -0.4885944426059723 0.04760294780135155
1809 -0.04654819518327713 1.286226511001587
1810 -0.6238886117935181 0.2729400098323822
1811 0.8206958174705505 0.5492320656776428
1812 0.5204108953475952 0.7037539482116699
1813 0.038766928017139435 0.026948032900691032
1814 0.028180480003356934 0.7804189324378967
1815 -1.5200849771499634 1.2865712642669678
1816 -1.2546440362930298 0.1893364042043686
1817 0.9502213597297668 1.5697234869003296
1818 -0.38436129689216614 1.510413646697998
1819 -1.4444810152053833 1.4016766548156738
1820 -0.5903299450874329 0.19278481602668762
1821 -0.2533619701862335 0.6632509231567383
1822 0.9713876843452454 -0.9548345804214478
1823 0.7111177444458008 0.1967283934354782
1824 1.5658810138702393 -0.17800889909267426
1825 -0.719967782497406 0.3097617030143738
1826 -0.8023693561553955 0.3286478519439697
1827 -0.2948768138885498 -0.1465572863817215
1828 -0.580801248550415 0.5921235084533691
1829 0.7231788039207458 0.6517937779426575
1830 0.6146189570426941 1.8127882480621338
1831 0.11642967909574509 0.4205930829048157
1832 0.976429283618927 -0.970652163028717
1833 0.21422240138053894 -1.4227759838104248
1834 -0.4591802656650543 0.022152503952383995
1835 -0.49099960923194885 0.6141367554664612
1836 0.2862701117992401 -0.581275999546051
1837 -0.20517872273921967 0.6791440844535828
1838 0.18614591658115387 -0.19977311789989471
1839 -0.056676384061574936 0.0985214039683342
1840 1.1331539154052734 -0.1666766107082367
1841 -0.016178825870156288 -0.14741146564483643
1842 -1.7610893249511719 0.31137794256210327
1843 0.003770483424887061 0.16080491244792938
1844 1.0176808834075928 0.26929086446762085
1845 -0.1711498349905014 0.6966313123703003
1846 0.6025548577308655 2.002047061920166
1847 -0.0465242862701416 1.2861920595169067
1848 -1.240216851234436 0.3423992693424225
1849 -1.015754222869873 -0.44357672333717346
1850 0.6774362325668335 -0.32839101552963257
1851 -0.48040667176246643 0.03303360566496849
1852 -0.6188523173332214 0.26876458525657654
1853 0.20926536619663239 -0.4698506295681
1854 -0.2520231306552887 0.8144561648368835
1855 0.6472949981689453 0.3811361789703369
1856 1.271313190460205 -0.6930152177810669
1857 1.2528998851776123 -0.7575492262840271
1858 0.02863142639398575 0.7806075811386108
1859 1.5744925737380981 -0.18910403549671173
1860 -0.6330414414405823 0.2695571184158325
1861 1.4683219194412231 -0.5962965488433838
1862 -1.7761482000350952 0.35806336998939514
1863 0.6755782961845398 1.0799771547317505
1864 0.23189622163772583 -0.4688672721385956
1865 0.7360727190971375 0.6529120206832886
1866 0.4191700220108032 0.25369834899902344
1867 0.951590359210968 1.5726895332336426
1868 -0.20005236566066742 2.093285083770752
1869 0.9769837260246277 -0.04103247821331024
1870 -1.7288000583648682 -0.17177951335906982
1871 -0.4805222749710083 0.030011635273694992
1872 0.7641346454620361 -0.45065295696258545
1873 0.14974233508110046 0.034081440418958664
1874 0.3362383246421814 -1.1197441816329956
1875 0.2451087087392807 0.16689595580101013
1876 -0.7474655508995056 0.3227950930595398
1877 -1.0113258361816406 0.9240447878837585
1878 -0.6682655215263367 0.32402780652046204
1879 -1.1613277196884155 -1.0270494222640991
1880 0.9143974781036377 -0.5207325220108032
1881 -0.11250469088554382 0.09352507442235947
1882 0.326568067073822 -1.120888352394104
1883 -1.1214895248413086 0.7568740248680115
1884 -0.6167778372764587 1.2356449365615845
1885 -0.39424633979797363 -0.24827860295772552
1886 0.8046200275421143 0.6740047931671143
1887 -0.47961485385894775 -1.3933653831481934
1888 -0.39074450731277466 -0.25009527802467346
1889 0.19470368325710297 0.28074631094932556
1890 0.07983455061912537 1.267264485359192
1891 -0.03590849041938782 -1.050700306892395
1892 0.5002968907356262 -0.48126015067100525
1893 0.07293006032705307 0.40796294808387756
1894 0.27891701459884644 -0.17486511170864105
1895 -0.4279850125312805 -1.4096695184707642
1896 0.5349678993225098 0.015841005370020866
1897 0.5097973942756653 0.6901986598968506
1898 -0.5865100026130676 0.17991052567958832
1899 0.031169401481747627 0.7809339761734009
1900 -0.9553362727165222 -0.5945269465446472
1901 0.6256901621818542 1.0007410049438477
1902 -1.3345681428909302 -0.8343050479888916
1903 0.12022959440946579 -0.19948819279670715
1904 -0.36515963077545166 -1.4196075201034546
1905 0.9483019709587097 1.566515326499939
1906 -0.5839850306510925 0.17304612696170807
1907 -0.9951004981994629 -0.5325347781181335
1908 -1.2358160018920898 0.6236724257469177
1909 -1.0861858129501343 1.052769660949707
1910 -1.0481539964675903 0.9638663530349731
1911 -0.37538397312164307 1.5197105407714844
1912 -0.9968000054359436 -1.177381992340088
1913 -1.2596429586410522 0.6559550762176514
1914 -1.4872123003005981 1.3267661333084106
1915 -0.5866824388504028 0.17681187391281128
1916 0.5327944159507751 0.7155323624610901
1917 0.1446814388036728 0.0342966690659523
1918 -0.3362906873226166 0.33400899171829224
1919 0.16472609341144562 -0.19671183824539185
1920 -0.03461041301488876 0.08486834913492203
1921 -1.1286468505859375 1.681174635887146
1922 -0.855213463306427 0.3386039137840271
1923 -0.04611527919769287 1.2852036952972412
1924 0.08021792024374008 0.3966512382030487
1925 -0.16757218539714813 -0.9349361062049866
1926 -0.005442896857857704 0.3371908664703369
1927 0.19554977118968964 1.8462811708450317
1928 -1.1592668294906616 1.7151795625686646
1929 0.03545474261045456 -0.5637892484664917
1930 -1.2796924114227295 0.07551072537899017
1931 0.8195686340332031 -0.15825605392456055
1932 -1.7846287488937378 0.40633293986320496
1933 -0.08700396865606308 0.08407749235630035
1934 0.6409555673599243 -1.2469130754470825
1935 0.7479135394096375 0.34802213311195374
1936 -1.585373878479004 -0.5586106777191162
1937 -0.5842324495315552 0.17361272871494293
1938 -1.0721443891525269 -0.4107176959514618
1939 0.4626229405403137 1.9137688875198364
1940 0.07998854666948318 0.7617980241775513
1941 -0.8543971180915833 -0.6935315728187561
1942 -1.2495875358581543 -0.049241773784160614
1943 0.4216141104698181 -0.092898890376091
1944 0.7661668658256531 -0.4448167085647583
1945 0.04242594167590141 -0.04494451358914375
1946 -0.13706712424755096 0.08518724143505096
1947 -1.103104591369629 1.703067660331726
1948 1.2914568185806274 -0.7996259927749634
1949 1.3824512958526611 1.2238785028457642
1950 1.6580692529678345 0.9887781739234924
1951 1.4629818201065063 1.2721829414367676
1952 1.7292882204055786 0.35567036271095276
1953 1.7224992513656616 0.5150842666625977
1954 1.7251238822937012 0.35469886660575867
1955 1.7263293266296387 0.3343169391155243
1956 1.484610676765442 1.271155834197998
1957 1.7301678657531738 0.3828463852405548
1958 1.4847267866134644 1.2710835933685303
1959 1.2702854871749878 0.9817560911178589
1960 1.3351242542266846 1.095168113708496
1961 1.7270983457565308 0.34918317198753357
1962 1.2399436235427856 0.6802852153778076
1963 1.7180027961730957 0.3871896266937256
1964 1.7251653671264648 0.3514513075351715
1965 1.7290732860565186 0.3584541082382202
1966 1.6799556016921997 0.5312623977661133
1967 1.4829224348068237 1.2706825733184814
1968 1.239961862564087 0.6807730793952942
1969 1.7245515584945679 0.3835827112197876
1970 1.688351035118103 0.867732048034668
1971 1.4854001998901367 1.2659738063812256
1972 1.2846025228500366 0.974749743938446
1973 1.6799556016921997 0.5312623977661133
1974 1.6980445384979248 0.819053053855896
1975 1.4829224348068237 1.2706825733184814
1976 1.4636430740356445 1.271339774131775
1977 1.2561472654342651 0.966521143913269
1978 1.6880455017089844 0.8980950713157654
1979 1.2973711490631104 0.5638970732688904
1980 1.728463888168335 0.3574327230453491
1981 1.4849162101745605 1.2703014612197876
1982 1.4854001998901367 1.2659738063812256
1983 1.2218343019485474 0.7660378813743591
1984 1.251700758934021 0.5524743795394897
1985 1.33945631980896 1.0465021133422852
1986 1.7288482189178467 0.35257139801979065
1987 1.2512438297271729 0.548545241355896
1988 1.2736141681671143 0.5648354887962341
1989 1.6887344121932983 0.8445276021957397
1990 1.6579633951187134 0.7151452898979187
1991 -0.6486287713050842 1.196946620941162
1992 1.044542670249939 0.2687244713306427
1993 -0.21025487780570984 0.6727762222290039
1994 0.3523697257041931 -0.4875047504901886
1995 -0.7048883438110352 0.28270652890205383
1996 -0.12702365219593048 2.1207563877105713
1997 -1.604851245880127 -0.537590742111206
1998 -0.15833142399787903 -0.9457410573959351
1999 1.6799556016921997 0.5312623977661133
2000 1.4829448461532593 1.2706551551818848
2001 1.2680549621582031 0.5608871579170227
2002 1.462731957435608 1.2724254131317139
2003 1.4831410646438599 1.270394206047058
2004 1.308690071105957 0.9997091293334961
2005 1.4057186841964722 0.9526040554046631
2006 1.725181221961975 0.3514240086078644
2007 1.2957395315170288 0.5650425553321838
2008 1.7276403903961182 0.3828369677066803
2009 1.6969666481018066 0.7835924625396729
2010 1.6870231628417969 0.5561146140098572
2011 1.357251524925232 1.0061219930648804
2012 1.4684765338897705 1.2743797302246094
2013 1.290000081062317 0.5714690685272217
2014 1.6799556016921997 0.5312623977661133
2015 1.7264286279678345 0.3488364815711975
2016 1.2529338598251343 0.5531097650527954
2017 1.278640866279602 0.9772120714187622
2018 1.7224992513656616 0.5150842666625977
2019 1.731346607208252 0.3759167194366455
2020 1.4629818201065063 1.2721829414367676
2021 1.4831639528274536 1.2703778743743896
2022 1.412807583808899 1.2457634210586548
2023 1.276452898979187 0.9780091047286987
2024 1.2218343019485474 0.7660378813743591
2025 1.4848897457122803 1.2703319787979126
2026 1.2909705638885498 0.5730109810829163
2027 1.2603904008865356 0.602232038974762
2028 1.6980445384979248 0.819053053855896
2029 1.4512122869491577 0.8740216493606567
2030 1.3427296876907349 1.0057706832885742
2031 1.6869114637374878 0.539506196975708
2032 1.7180027961730957 0.3871896266937256
2033 1.3930115699768066 1.051970362663269
2034 1.2527155876159668 0.6068115234375
2035 1.7263271808624268 0.334319144487381
2036 1.7263327836990356 0.3343175947666168
2037 1.4850387573242188 1.2670409679412842
2038 1.4830076694488525 1.2705575227737427
2039 1.727941632270813 0.3554856777191162
2040 1.2527315616607666 0.6067323088645935
2041 1.6951048374176025 0.6562913060188293
2042 1.3650760650634766 1.0912237167358398
2043 1.4849088191986084 1.2703081369400024
2044 1.2527142763137817 0.6068081855773926
2045 1.4851219654083252 1.269966721534729
2046 1.3825430870056152 1.2238872051239014
2047 1.731346607208252 0.3759167194366455
2048 -0.02875039540231228 0.3220215439796448
2049 -0.028750374913215637 0.3220215141773224
