23 144380000 23 145100000
23 146500000 23 145860000
7 46340000 7 47180000
23 4140000 23 7260000
23 14580000 23 13980000
6 31420000 6 31340000
23 119500000 23 119380000
23 127300000 23 128260000
19 61980000 19 61060000
23 5780000 23 4620000
23 128260000 23 127300000
23 150700000 23 151500000
14 101020000 14 100340000
6 32660000 6 32540000
23 21620000 23 20460000
19 22940000 19 21940000
23 86580000 23 87300000
14 106260000 14 105780000
23 65340000 23 66500000
23 140740000 23 143300000
11 55340000 11 51140000
9 11180000 9 12100000
23 141580000 23 143620000
23 144820000 23 145100000
3 10060000 3 11900000
23 115260000 23 115900000
1 185580000 1 186980000
11 54620000 11 51060000
23 66500000 23 65340000
19 22900000 19 21900000
23 99220000 23 97460000
2 180780000 2 182140000
11 55060000 11 51180000
23 140980000 23 141660000
23 127220000 23 127420000
23 35860000 23 36700000
23 20460000 23 21620000
2 182140000 2 180780000
7 98260000 7 97900000
23 36700000 23 35860000
3 2540000 3 6980000
17 500000 17 260000
23 127420000 23 127220000
23 36500000 23 35820000
19 15700000 19 15940000
23 147060000 23 148260000
23 7260000 23 4140000
14 105780000 14 106260000
14 41660000 14 42660000
7 47180000 7 46340000
6 31340000 6 31420000
23 23940000 23 19500000
19 21900000 19 22900000
23 68620000 23 69220000
11 51180000 11 55060000
23 151500000 23 150700000
3 11900000 3 10060000
11 51140000 11 54580000
23 99180000 23 98660000
9 12100000 9 11180000
23 102100000 23 102300000
23 145860000 23 146500000
23 148260000 23 147060000
11 51140000 11 55340000
23 13980000 23 14580000
23 98660000 23 99180000
23 102300000 23 102100000
23 35820000 23 36500000
23 105820000 23 105100000
23 105100000 23 105820000
1 186980000 1 185580000
23 87300000 23 86580000
23 4620000 23 5780000
23 145100000 23 144380000
11 54580000 11 51140000
6 32540000 6 32660000
23 97460000 23 99220000
23 143300000 23 140740000
23 143620000 23 141580000
3 6980000 3 2540000
23 69220000 23 68620000
11 51060000 11 54620000
7 97900000 7 98260000
23 19500000 23 23940000
9 103620000 9 104620000
23 119380000 23 119500000
23 145100000 23 144820000
23 14780000 23 13860000
19 21940000 19 22940000
23 13860000 23 14780000
19 61060000 19 61980000
14 42660000 14 41660000
9 104620000 9 103620000
23 141660000 23 140980000
17 260000 17 500000
19 15940000 19 15700000
23 115900000 23 115260000
14 100340000 14 101020000
