2838 2
4 1.035528 -0.762442 
5 0.914114 -0.928778 
6 1.161691 -0.606379 
7 1.143328 -0.576172 
8 1.114359 -0.667670 
9 0.947494 -0.800030 
10 0.984332 -0.751320 
11 1.028883 -0.698262 
12 1.158377 -0.500306 
13 1.055129 -0.678801 
14 0.981710 -0.723377 
15 1.020538 -0.641189 
16 1.021965 -0.714779 
17 0.938698 -0.763492 
18 0.962142 -0.736093 
19 0.960394 -0.814847 
20 1.054177 -0.709917 
21 0.922958 -0.905527 
22 1.100153 -0.554868 
23 1.096076 -0.618222 
24 0.999480 -0.787225 
25 1.144232 -0.528067 
26 1.077333 -0.617500 
27 1.060019 -0.647871 
28 1.157577 -0.544047 
29 1.164027 -0.474836 
30 0.980467 -0.781204 
31 1.050356 -0.680655 
32 1.089129 -0.648566 
33 1.040544 -0.713673 
34 1.051579 -0.701214 
35 1.175460 -0.449968 
36 1.076853 -0.559798 
37 1.027159 -0.692534 
38 1.020226 -0.709480 
39 1.092278 -0.599713 
40 1.040833 -0.690831 
41 1.031941 -0.686634 
42 1.202331 -0.394572 
43 1.151680 -0.465622 
44 1.085819 -0.565769 
45 1.140955 -0.439845 
46 1.039162 -0.734878 
47 1.224222 -0.383905 
48 1.035602 -0.669014 
49 0.932794 -0.809970 
50 1.059662 -0.669522 
51 1.177230 -0.443034 
52 1.034884 -0.660236 
53 1.062358 -0.591335 
54 1.062481 -0.593889 
55 1.047332 -0.658221 
56 1.066889 -0.544638 
57 0.961254 -0.826228 
58 0.981655 -0.745112 
59 0.957279 -0.732705 
60 1.150227 -0.492529 
61 1.140548 -0.507138 
62 1.200079 -0.450932 
63 1.128638 -0.505535 
64 1.163610 -0.512458 
65 1.150403 -0.493768 
66 1.066992 -0.543151 
67 1.068797 -0.605416 
68 1.083225 -0.664804 
69 1.024692 -0.669025 
70 0.997991 -0.719506 
71 0.973119 -0.722460 
72 1.230100 -0.376336 
73 0.937498 -0.810068 
74 0.997233 -0.718390 
75 1.012869 -0.683503 
76 1.004265 -0.742998 
77 1.039131 -0.711678 
78 1.044086 -0.643263 
79 1.053566 -0.698895 
80 1.145800 -0.536967 
81 0.991128 -0.743910 
82 1.110898 -0.597652 
83 1.153728 -0.510440 
84 1.111255 -0.618908 
85 1.074943 -0.594010 
86 1.048841 -0.690322 
87 1.123137 -0.547217 
88 1.197917 -0.464593 
89 1.131710 -0.524908 
90 1.069722 -0.696390 
91 1.135042 -0.595424 
92 1.170027 -0.551441 
93 1.210142 -0.499320 
94 1.053743 -0.623955 
95 1.066770 -0.678186 
96 1.151760 -0.516194 
97 1.057113 -0.686202 
98 1.038064 -0.716715 
99 1.164021 -0.529066 
100 1.089566 -0.660219 
101 1.242210 -0.402933 
102 1.135156 -0.513602 
103 1.095175 -0.626569 
104 1.160375 -0.493343 
105 1.120281 -0.525199 
106 1.098918 -0.603127 
107 1.007311 -0.779891 
108 1.010588 -0.746599 
109 1.130927 -0.544171 
110 1.221763 -0.409492 
111 0.945856 -0.784070 
112 1.020498 -0.807544 
113 1.012377 -0.772130 
114 1.144230 -0.585581 
115 1.184890 -0.522642 
116 1.067409 -0.642580 
117 1.170601 -0.543971 
118 1.186667 -0.428785 
119 1.214873 -0.455553 
120 1.009874 -0.721984 
121 0.997548 -0.855426 
122 1.133460 -0.503761 
123 1.038630 -0.727155 
124 0.958229 -0.837329 
125 0.958475 -0.831452 
126 0.906407 -0.852056 
127 1.093868 -0.588975 
128 1.007016 -0.687809 
129 1.073501 -0.639236 
130 1.128078 -0.591659 
131 0.984224 -0.794587 
132 1.058488 -0.642246 
133 1.079726 -0.623366 
134 1.085467 -0.633102 
135 1.142642 -0.560140 
136 1.079598 -0.541473 
137 1.118985 -0.615661 
138 1.099637 -0.699694 
139 0.971301 -0.822762 
140 0.990352 -0.976160 
141 0.998592 -0.950511 
144 0.891522 -1.180942 
145 0.979037 -1.058034 
146 0.876043 -1.216837 
153 1.105175 -0.844798 
154 0.791044 -1.433608 
155 0.801605 -1.442963 
158 0.816049 -1.442578 
161 0.536721 -2.591192 
162 0.766526 -2.248908 
163 1.020353 -2.582290 
164 0.886260 -2.163144 
165 0.865361 -2.205294 
166 0.817683 -2.064370 
167 0.892133 -1.358352 
168 0.830316 -2.236227 
169 0.921714 -2.307718 
170 0.844910 -1.862099 
171 0.852368 -2.148611 
172 0.868337 -1.978980 
173 1.040877 -2.614457 
174 0.859715 -2.020264 
175 0.820108 -2.080982 
176 0.856686 -2.274338 
177 0.782391 -1.989348 
178 0.822657 -2.090819 
179 0.960288 -2.247500 
180 0.817399 -1.782479 
181 0.925109 -2.110927 
182 0.838923 -1.758411 
183 0.785844 -1.721175 
184 0.854298 -2.136194 
185 0.933314 -2.194103 
186 0.865915 -2.080441 
187 0.883184 -2.130340 
188 0.843186 -1.659653 
189 0.812910 -1.714345 
190 0.827490 -1.954880 
191 0.820240 -1.707487 
192 0.844076 -1.805406 
193 0.794295 -1.897174 
194 0.854937 -1.768492 
195 0.830099 -1.654132 
196 0.905267 -2.057097 
197 0.924237 -2.307941 
198 0.810283 -1.760200 
199 0.865733 -1.585700 
200 0.881689 -2.142783 
201 0.833541 -2.144450 
202 0.864253 -2.038800 
203 0.849134 -1.587656 
204 0.860198 -1.996455 
205 0.799165 -1.627017 
206 0.863829 -2.072221 
207 0.763094 -1.860646 
208 0.824677 -1.908697 
209 0.850587 -1.643767 
210 0.883728 -1.926798 
211 0.854245 -2.118370 
212 0.797963 -1.698411 
213 0.842620 -1.984392 
214 0.810733 -1.613174 
215 0.880393 -2.351748 
216 0.770000 -1.889358 
217 0.780139 -1.652574 
218 0.959968 -1.139717 
219 0.851750 -1.398311 
220 0.955565 -1.119067 
221 0.774500 -1.456377 
222 0.775608 -1.495196 
223 0.877993 -1.292617 
224 1.014974 -0.944026 
225 0.917718 -1.317804 
226 0.781910 -1.572192 
227 0.841839 -1.919637 
228 0.972039 -1.171743 
229 0.871684 -1.611210 
230 0.811011 -1.387379 
231 0.801317 -1.919008 
232 0.811942 -1.369747 
233 0.905485 -1.461386 
234 0.774527 -1.642842 
235 0.903829 -1.237343 
236 0.851191 -1.376720 
237 0.858207 -2.017893 
238 0.825849 -1.587494 
240 0.855814 -1.653919 
241 1.045713 -0.859265 
244 1.134754 -0.662979 
246 0.784528 -1.412273 
248 0.753043 -1.530088 
249 1.074159 -2.757592 
250 0.764175 -1.720383 
251 0.728701 -1.809221 
252 0.931055 -2.627882 
253 0.843498 -2.333739 
254 0.823512 -1.863796 
255 0.891358 -2.438434 
256 0.826764 -1.861790 
257 0.830373 -1.803496 
258 0.769562 -1.801112 
259 0.844047 -1.968531 
260 0.828807 -1.726152 
261 0.857218 -1.506596 
262 0.791751 -1.801051 
263 0.845694 -1.683179 
264 0.897987 -1.582912 
265 0.844760 -1.897926 
266 0.891596 -1.508837 
267 0.902280 -1.376955 
268 0.816484 -1.581072 
269 0.779937 -1.781982 
270 0.844407 -1.694009 
271 0.834865 -1.533086 
272 0.912781 -1.051425 
273 1.121436 -0.734083 
274 1.153107 -0.554369 
275 0.965408 -0.983524 
276 0.887858 -1.218179 
277 1.091400 -0.701696 
278 0.759619 -1.752811 
279 0.897936 -1.236205 
280 0.890587 -1.195945 
281 0.849517 -1.211864 
282 1.168903 -0.524634 
283 0.911951 -1.081901 
284 0.975502 -1.043309 
285 0.956582 -1.001651 
286 0.916399 -1.302616 
287 0.908243 -1.324448 
288 0.840008 -1.405584 
289 0.922361 -1.287803 
290 1.100012 -0.805337 
291 1.161738 -0.685726 
292 0.948382 -1.135623 
293 0.963467 -1.225529 
294 0.843949 -1.367478 
295 0.799829 -1.571941 
296 1.066205 -0.804177 
297 1.040930 -0.959812 
298 1.017031 -0.929421 
299 0.903656 -1.331873 
300 0.841568 -1.400645 
301 0.797541 -1.423058 
302 0.827375 -1.243932 
303 1.010028 -0.813036 
304 0.814453 -1.385963 
305 0.893432 -1.239810 
306 0.984182 -1.039802 
307 1.050788 -0.734586 
308 0.904956 -1.084028 
309 1.181854 -0.537221 
310 0.962431 -0.889455 
311 0.915118 -1.125846 
312 0.896803 -1.304706 
313 1.054685 -0.867280 
314 1.082922 -0.783954 
315 1.055128 -0.806631 
316 1.103401 -0.700564 
317 0.957965 -0.967324 
318 1.147573 -0.611315 
319 0.830970 -1.444072 
320 0.806692 -1.381325 
321 1.158666 -0.615341 
322 0.930631 -1.071518 
323 0.982071 -0.929790 
324 1.097432 -0.730866 
325 1.009696 -0.768335 
326 1.007506 -0.825958 
327 0.882027 -1.065519 
328 0.937631 -0.986422 
329 0.857783 -1.238149 
330 1.001752 -0.918857 
331 0.878900 -1.131529 
332 1.086097 -0.804187 
333 0.788522 -1.384657 
334 1.003490 -0.918670 
335 0.990435 -0.925207 
336 0.749824 -1.512977 
337 1.026306 -0.782572 
338 1.066582 -0.736524 
339 0.881245 -1.191690 
340 0.911035 -1.206895 
341 0.797511 -1.575820 
342 0.808204 -1.861471 
343 0.803128 -1.528423 
344 0.892231 -1.312758 
345 0.781878 -1.757007 
346 0.935581 -0.947895 
347 0.839131 -1.377333 
348 0.859969 -1.272501 
349 0.774134 -1.581987 
350 0.878810 -1.214008 
351 0.780039 -1.574578 
352 0.930670 -1.078540 
353 0.833992 -1.546829 
354 0.808204 -1.384086 
355 0.772912 -1.571311 
356 0.849320 -1.226824 
357 0.913995 -1.029486 
358 1.010295 -0.788439 
359 1.039516 -0.858450 
360 0.822060 -1.763949 
361 0.993617 -1.046638 
362 1.065651 -0.760091 
363 1.002999 -0.892869 
364 0.767304 -1.471580 
365 0.956179 -1.100116 
366 1.106921 -0.798219 
367 0.842368 -1.495856 
368 0.798045 -1.427557 
369 0.771455 -1.342635 
370 0.753687 -1.448223 
371 1.123178 -0.677179 
372 0.814411 -1.423668 
373 1.031934 -0.783194 
374 0.759958 -1.340534 
375 1.188008 -0.618633 
376 0.963533 -1.024734 
377 0.909994 -1.237207 
378 1.050321 -0.886614 
379 0.884749 -1.274956 
380 0.826750 -1.996290 
381 1.017601 -1.044629 
382 0.845220 -1.360413 
383 0.898506 -1.151868 
384 0.890855 -1.416215 
385 0.810868 -1.431470 
386 0.849883 -1.435873 
387 0.792456 -1.397620 
388 1.180479 -0.661219 
389 0.839466 -1.433379 
390 0.965118 -1.019721 
391 0.878168 -1.260433 
392 0.963575 -1.125221 
393 0.885926 -1.330107 
394 0.754538 -1.456537 
395 0.858012 -1.168528 
396 0.773674 -1.434105 
397 0.862827 -1.254931 
398 0.793250 -1.779040 
399 0.782232 -1.426971 
400 0.962521 -1.115532 
401 0.784691 -1.546565 
402 1.062591 -0.842656 
403 0.949858 -1.026602 
404 0.888313 -1.300119 
405 0.906629 -1.079163 
406 0.837789 -1.627672 
407 0.891917 -1.415257 
408 0.901811 -1.177934 
409 0.862688 -1.411723 
410 1.257917 -0.542828 
411 0.894564 -1.241435 
412 0.990300 -1.098365 
413 1.068179 -0.801921 
414 0.965253 -0.941498 
415 0.922667 -1.196827 
416 0.797468 -1.322117 
417 0.869146 -1.413560 
418 0.863059 -1.414216 
419 0.792711 -1.289237 
420 0.802764 -1.755346 
421 0.791482 -1.491751 
422 0.946934 -1.020596 
423 0.942721 -1.195514 
424 1.103681 -0.816762 
425 1.011553 -1.050202 
426 1.090420 -0.847015 
427 0.837875 -1.423553 
428 0.823845 -1.423233 
429 0.887537 -1.297855 
430 0.885475 -1.155944 
431 0.950993 -1.110327 
432 0.957021 -1.071733 
433 1.092850 -0.737501 
434 1.102184 -0.806298 
435 1.064013 -0.972287 
436 0.793799 -1.557242 
437 0.799207 -1.456450 
438 0.811593 -1.423118 
439 0.966298 -1.139501 
440 1.047716 -0.890176 
441 1.099542 -0.751152 
442 0.911590 -1.191206 
443 0.952923 -1.113618 
444 0.935126 -1.039314 
445 0.928166 -1.153923 
446 1.009713 -0.775318 
447 1.033750 -0.640407 
448 1.145413 -0.542536 
449 1.050104 -0.729324 
450 0.957882 -0.913246 
451 1.169162 -0.586393 
452 0.969100 -1.035565 
453 0.991680 -0.833455 
454 1.051157 -0.802231 
455 1.161146 -0.622320 
456 0.974351 -0.801690 
457 1.153888 -0.529360 
458 1.076947 -0.669066 
459 1.061297 -0.732050 
460 0.926821 -1.038398 
461 1.064988 -0.736382 
462 0.871990 -1.157719 
463 0.793962 -1.437906 
464 1.007095 -0.797337 
465 0.895030 -1.187744 
466 0.922203 -1.032314 
467 0.869903 -1.110423 
468 0.755810 -1.224145 
469 1.042703 -0.766134 
470 0.867011 -1.232821 
471 0.910926 -1.057985 
472 0.884169 -1.143560 
473 1.012610 -0.869959 
474 1.065257 -0.760240 
475 0.754825 -1.541907 
476 1.082037 -0.785737 
477 0.811177 -1.259536 
478 1.061113 -0.686595 
479 0.933873 -1.056259 
480 0.930100 -1.057631 
481 0.865199 -1.283694 
482 1.063370 -0.834656 
483 0.804318 -1.220036 
484 1.092840 -0.615559 
485 1.114934 -0.619539 
486 0.915008 -1.085007 
487 0.920190 -1.145035 
488 0.996661 -0.873839 
489 0.937079 -0.925175 
490 0.969584 -0.809342 
491 0.966135 -0.814790 
492 1.088845 -0.688489 
493 0.799657 -1.187272 
494 1.000709 -0.874524 
495 0.936007 -1.140728 
496 1.020983 -0.857856 
497 0.976186 -0.980270 
498 0.948492 -1.008432 
499 1.041473 -0.812749 
500 1.049188 -0.761834 
501 1.104530 -0.668527 
502 0.960855 -1.070964 
503 0.841025 -1.257881 
504 0.900004 -1.168491 
505 0.924806 -1.049927 
506 0.901129 -1.311219 
507 1.007392 -0.893243 
508 0.898757 -0.982342 
509 1.055607 -0.780584 
510 1.098499 -0.683048 
511 1.109829 -0.752328 
512 0.977339 -0.900978 
513 1.043346 -0.829013 
514 0.775084 -1.390045 
515 1.136474 -0.639418 
516 0.922221 -1.085896 
517 1.113537 -0.716571 
518 0.872624 -1.392657 
519 0.993422 -1.061249 
520 1.065511 -0.770227 
521 0.776066 -1.323344 
522 1.043313 -0.744146 
523 0.968218 -1.030986 
524 1.000525 -0.935618 
525 1.019879 -0.970613 
526 0.957410 -1.075191 
527 1.072145 -0.708569 
528 1.013946 -0.764818 
529 0.777050 -1.245836 
530 1.107715 -0.702019 
531 1.019962 -0.780419 
532 0.921619 -1.153596 
533 1.090389 -0.722083 
534 1.012772 -0.822791 
535 1.101745 -0.698203 
536 0.918455 -0.996395 
537 0.784126 -1.507498 
538 1.030727 -0.796073 
539 0.807396 -1.168712 
540 0.961370 -0.884200 
541 0.820230 -1.426341 
542 1.026239 -0.844152 
543 1.193177 -0.504946 
544 0.796426 -1.340197 
545 0.988743 -0.846356 
546 1.138607 -0.603148 
547 0.907437 -1.049211 
548 0.754908 -1.175540 
549 1.137277 -0.606240 
550 1.019919 -0.796837 
551 0.927562 -0.980890 
552 0.750453 -1.226586 
553 0.909055 -1.125208 
554 1.162571 -0.530429 
555 1.163162 -0.577834 
556 1.106945 -0.578123 
557 0.962231 -0.875193 
558 0.876976 -1.091185 
559 0.818438 -1.174605 
560 1.039129 -0.790380 
561 1.138156 -0.540267 
562 0.993856 -0.898564 
563 0.943321 -1.080086 
564 0.775991 -1.527602 
565 1.075379 -0.641423 
566 1.095918 -0.602124 
567 1.123415 -0.548812 
568 1.201568 -0.442552 
569 1.120608 -0.627229 
570 1.187232 -0.447763 
571 1.006714 -0.868122 
572 1.150746 -0.537565 
573 1.195836 -0.430157 
574 1.197235 -0.485822 
575 1.030883 -0.799683 
576 1.096925 -0.596496 
577 0.912155 -1.015349 
578 1.044780 -0.647238 
579 0.767394 -1.174791 
580 1.090927 -0.580866 
581 0.977210 -0.747226 
582 0.985663 -0.732578 
583 1.063000 -0.607461 
584 1.129318 -0.514573 
585 0.983798 -0.959793 
586 0.970934 -0.746524 
587 1.140839 -0.504613 
588 1.013335 -0.721411 
589 0.920145 -0.914480 
590 1.114691 -0.557243 
591 0.774063 -1.171095 
592 1.011384 -0.741227 
593 0.783239 -1.180233 
594 1.083950 -0.586461 
595 1.019691 -0.789361 
596 0.899674 -1.110597 
597 1.110417 -0.544124 
598 1.185141 -0.486149 
599 1.002319 -0.795091 
600 1.027785 -0.731276 
601 1.031664 -0.803200 
602 0.907138 -1.115383 
603 1.077868 -0.689825 
604 1.020780 -0.729508 
605 1.214229 -0.457036 
606 1.069445 -0.752504 
607 0.795095 -1.067907 
608 1.118671 -0.675641 
609 0.926550 -1.131389 
610 1.156629 -0.538376 
611 0.829846 -1.055837 
612 1.077752 -0.559437 
613 1.027757 -0.680765 
614 1.106318 -0.587260 
615 1.074655 -0.699735 
616 1.140132 -0.615989 
617 1.070614 -0.801195 
618 1.075698 -0.742786 
619 1.120531 -0.649449 
620 1.068098 -0.741728 
621 1.016836 -0.758982 
622 0.951082 -0.878079 
623 0.926419 -0.915659 
624 1.055436 -0.742253 
625 0.999307 -0.926908 
626 1.131328 -0.572012 
627 1.251145 -0.441505 
628 1.008002 -0.793813 
629 1.105001 -0.645591 
630 0.996773 -0.679104 
631 1.101956 -0.720103 
632 0.890968 -1.186175 
633 1.086171 -0.763998 
634 0.890028 -1.005647 
635 1.181790 -0.552889 
636 1.041612 -0.746191 
637 0.921574 -1.065300 
638 1.114867 -0.572260 
639 0.946699 -1.008295 
640 1.007881 -0.914642 
641 1.045292 -0.848124 
642 1.160452 -0.630640 
643 1.109548 -0.659988 
644 0.933276 -1.035768 
645 1.006691 -0.866973 
646 1.063945 -0.678571 
647 1.090965 -0.671413 
648 1.076425 -0.755992 
649 1.207288 -0.443757 
650 1.114781 -0.498296 
651 1.134101 -0.547774 
652 0.917321 -0.987046 
653 0.923868 -1.056879 
654 1.058974 -0.741496 
655 1.007273 -0.879049 
656 1.005321 -0.911821 
657 1.013727 -0.959176 
658 0.996307 -0.989659 
659 1.117408 -0.609250 
660 0.923279 -0.966311 
661 1.223891 -0.502405 
662 0.850189 -1.432352 
663 0.928818 -1.079085 
664 1.121211 -0.731090 
665 0.957087 -1.091311 
666 0.822169 -1.193991 
667 0.914855 -1.068139 
668 1.048510 -0.715400 
669 1.021730 -0.892145 
670 1.213093 -0.491402 
671 1.023233 -0.776815 
672 0.947179 -1.083712 
673 0.957804 -0.915441 
674 1.044306 -0.741641 
675 1.022966 -0.798192 
676 1.039101 -0.658644 
677 0.896158 -1.122645 
678 1.020613 -0.760838 
679 0.863805 -1.358122 
680 1.128173 -0.642948 
681 0.936465 -0.909109 
682 1.031051 -0.849801 
683 1.253914 -0.482071 
684 1.195902 -0.538138 
685 0.918201 -1.017477 
686 1.041933 -0.721681 
687 1.159211 -0.486449 
688 0.975874 -0.914917 
689 0.959963 -0.863169 
690 0.997930 -0.815454 
691 1.076478 -0.671383 
692 1.015088 -0.733648 
693 1.144699 -0.578044 
694 0.780620 -1.168105 
695 1.065530 -0.645980 
696 0.964000 -0.873934 
697 1.123520 -0.620866 
698 1.030585 -0.740587 
699 1.055635 -0.696058 
700 0.945818 -0.960022 
701 1.163135 -0.522387 
702 1.164194 -0.557495 
703 1.231054 -0.403961 
704 1.155710 -0.506473 
705 0.969445 -0.875218 
706 1.144833 -0.626606 
707 0.928902 -0.934398 
708 1.199808 -0.507333 
709 1.045496 -0.774538 
710 1.089111 -0.654072 
711 1.069601 -0.683421 
712 1.075062 -0.588083 
713 1.025934 -0.822787 
714 1.016466 -0.792032 
715 0.963063 -0.904327 
716 1.171063 -0.535450 
717 1.170960 -0.549010 
718 0.915810 -1.096168 
719 1.054761 -0.847587 
720 1.074817 -0.667501 
721 1.063901 -0.749346 
722 0.766559 -1.235935 
723 1.059303 -0.651077 
724 1.070864 -0.664920 
725 0.914469 -0.985087 
726 1.071090 -0.661922 
727 0.953790 -0.950281 
728 0.782535 -1.104546 
729 1.141149 -0.600021 
730 0.970490 -0.870796 
731 0.960845 -0.989489 
732 1.201001 -0.479824 
733 0.920798 -0.939258 
734 0.967605 -0.848979 
735 1.025885 -0.860466 
736 0.895495 -1.203085 
737 0.994723 -0.932029 
738 0.883017 -1.095606 
739 1.099538 -0.797368 
740 0.830047 -1.528990 
741 0.988404 -0.940794 
742 1.171421 -0.582859 
743 0.896569 -1.160846 
744 0.838588 -1.359135 
745 1.062706 -0.775009 
746 1.085116 -0.733272 
747 0.929735 -1.119265 
748 1.023995 -0.990517 
749 0.903680 -1.218717 
750 0.776029 -1.645297 
751 0.795728 -1.285250 
752 1.027549 -0.873987 
753 1.038729 -0.849406 
754 0.792872 -1.585417 
755 1.101684 -0.723135 
756 1.172576 -0.561257 
757 0.810767 -1.254939 
758 0.890142 -1.156397 
759 0.787452 -1.575036 
760 0.783580 -1.520135 
761 1.170291 -0.552378 
762 1.104787 -0.657226 
763 1.060687 -0.692768 
764 1.068552 -0.720791 
765 1.013038 -0.806784 
766 0.999298 -0.856832 
767 0.976438 -0.944318 
768 1.250394 -0.469385 
769 1.047434 -0.770746 
770 1.002779 -0.948140 
771 0.934149 -1.080310 
772 1.160356 -0.661041 
773 0.777981 -1.307992 
774 0.818530 -1.081329 
775 1.055943 -0.710267 
776 1.115818 -0.587651 
777 1.066220 -0.690684 
778 0.792258 -1.093548 
779 0.943070 -0.975624 
780 0.948306 -0.900185 
781 1.133137 -0.616967 
782 0.939135 -0.962900 
783 1.177082 -0.617318 
784 0.771218 -1.369274 
785 0.913384 -1.016919 
786 1.085933 -0.716585 
787 0.813807 -1.176219 
788 1.070385 -0.717694 
789 1.012816 -0.864389 
790 1.061772 -0.708657 
791 0.958913 -0.968609 
792 1.174866 -0.520967 
793 1.153313 -0.539888 
794 0.845119 -1.177088 
795 0.960820 -0.967865 
796 1.113864 -0.784697 
797 1.140670 -0.635289 
798 1.186824 -0.543157 
799 1.007188 -0.888275 
800 1.163675 -0.645050 
801 1.051179 -0.716506 
802 0.926291 -1.037403 
803 1.044091 -0.919325 
804 0.972424 -0.911454 
805 0.963605 -0.958962 
806 1.081745 -0.741027 
807 1.254424 -0.437176 
808 1.026781 -0.792832 
809 1.047351 -0.806964 
810 0.808815 -1.203609 
811 1.066381 -0.757245 
812 0.819705 -1.340281 
813 1.052739 -0.750121 
814 1.048694 -0.890209 
815 1.059795 -0.924091 
816 1.180561 -0.542767 
817 1.166619 -0.543098 
818 1.189259 -0.435824 
819 1.127247 -0.641326 
820 0.913236 -1.167385 
821 0.969740 -1.005002 
822 0.993772 -0.922170 
823 0.790214 -1.352069 
824 0.899803 -1.164131 
825 1.164163 -0.634643 
826 1.056353 -0.803926 
827 0.875708 -1.432926 
828 1.102471 -0.721176 
829 1.232566 -0.441918 
830 1.148635 -0.632984 
831 0.932007 -1.182851 
832 0.973660 -1.021061 
833 1.159595 -0.599710 
834 0.929996 -1.077590 
835 1.115792 -0.667246 
836 1.055602 -0.855490 
837 1.108293 -0.652603 
838 1.023892 -0.876940 
839 1.257630 -0.454259 
840 0.960723 -1.003815 
841 1.031282 -0.880144 
842 1.130857 -0.636112 
843 0.936242 -1.010036 
844 0.937167 -0.859723 
845 1.096424 -0.527320 
846 0.798983 -1.124476 
847 1.001714 -0.973699 
848 1.044107 -0.879865 
849 0.891833 -1.256668 
850 1.299087 -0.363563 
851 1.194278 -0.509842 
852 1.170420 -0.645517 
853 1.038793 -0.883596 
854 0.974261 -0.994254 
855 1.067538 -0.871991 
856 0.762276 -1.535862 
857 1.057574 -0.725427 
858 0.947299 -1.046934 
859 0.958899 -0.957151 
860 0.923769 -1.057590 
861 0.791890 -1.284348 
862 0.962051 -0.897402 
863 0.871435 -1.216179 
864 1.118961 -0.566232 
865 0.894222 -1.112809 
866 0.752020 -1.443148 
867 0.987068 -0.797644 
868 0.899683 -1.024151 
869 1.100962 -0.565105 
870 1.010664 -0.762448 
871 1.207406 -0.418963 
872 1.027933 -0.713238 
873 1.175014 -0.492008 
874 1.215239 -0.452808 
875 1.007401 -0.779287 
876 1.057997 -0.610969 
877 1.529949 -0.102977 
938 1.142105 -0.625902 
939 1.247699 -0.460112 
940 1.019740 -0.806493 
941 1.070953 -0.787387 
942 1.192201 -0.553803 
943 0.917479 -0.994530 
944 0.803714 -1.206494 
945 0.941162 -0.962818 
946 1.014254 -0.789551 
947 1.081485 -0.751545 
948 1.032700 -0.738968 
949 0.905012 -1.045807 
950 1.094565 -0.719525 
951 1.182723 -0.585596 
952 1.024900 -0.835862 
953 1.038494 -0.899652 
954 1.052225 -0.677062 
955 1.066153 -0.687933 
956 0.905724 -1.030340 
957 0.794582 -1.236986 
958 1.115455 -0.590833 
959 1.050346 -0.700515 
960 1.167503 -0.540689 
961 0.982137 -0.948363 
962 1.033495 -0.913497 
963 1.030660 -0.804332 
964 0.858851 -1.116695 
965 1.100165 -0.705617 
966 1.077538 -0.806420 
967 0.793666 -1.374682 
968 1.105994 -0.635235 
969 1.007420 -0.866425 
970 1.127812 -0.743386 
971 1.128412 -0.650714 
972 0.943100 -0.956224 
973 1.090515 -0.683505 
974 1.065729 -0.696569 
975 1.155174 -0.553676 
976 1.046233 -0.748333 
977 0.741405 -1.312084 
978 1.062087 -0.714069 
979 0.803817 -1.361999 
980 1.115657 -0.508133 
981 0.872397 -1.229886 
982 1.161934 -0.458824 
983 1.110411 -0.666698 
984 0.869105 -1.115309 
985 1.059623 -0.695633 
986 1.056862 -0.734401 
987 1.115173 -0.628102 
988 0.877265 -1.218193 
989 1.115250 -0.579344 
990 1.147863 -0.548031 
991 0.807870 -1.264756 
992 1.145375 -0.562639 
993 1.055548 -0.686765 
994 1.099331 -0.595202 
995 1.111408 -0.578914 
996 1.099283 -0.699789 
997 1.182227 -0.477542 
998 1.151156 -0.550073 
999 1.041343 -0.614483 
1000 0.960560 -0.875820 
1001 0.975867 -0.893916 
1002 1.112709 -0.546860 
1003 0.935061 -0.841903 
1004 0.988892 -0.756915 
1005 1.184001 -0.488168 
1006 1.215360 -0.439706 
1007 0.997662 -0.706971 
1008 1.210409 -0.421457 
1009 1.195153 -0.430332 
1010 1.155361 -0.495626 
1011 0.952850 -0.922494 
1012 1.150924 -0.509479 
1013 1.067262 -0.636383 
1014 1.101219 -0.650670 
1015 1.103348 -0.570921 
1016 1.040975 -0.676067 
1017 1.122693 -0.557307 
1018 0.954247 -0.843508 
1019 0.951921 -0.919102 
1020 1.002289 -0.701602 
1021 1.044234 -0.585945 
1022 1.105043 -0.607772 
1023 1.137587 -0.592245 
1024 1.092150 -0.596467 
1025 1.082319 -0.694871 
1026 1.079331 -0.582074 
1027 1.118798 -0.541680 
1028 1.160657 -0.462692 
1029 1.272118 -0.369686 
1030 1.054539 -0.735399 
1031 1.133852 -0.531341 
1032 0.982975 -0.891024 
1033 1.159263 -0.509418 
1034 1.232950 -0.378603 
1035 1.117600 -0.554132 
1036 1.009551 -0.685741 
1037 1.136036 -0.576051 
1038 1.167723 -0.491249 
1039 1.100000 -0.656347 
1040 1.277501 -0.369076 
1041 1.063676 -0.589242 
1042 1.027117 -0.686239 
1043 1.145166 -0.549996 
1044 1.230275 -0.460843 
1045 1.261436 -0.350230 
1046 1.186034 -0.458911 
1047 1.197052 -0.411392 
1048 1.113594 -0.509348 
1049 1.114516 -0.610978 
1050 1.018384 -0.719389 
1051 1.269633 -0.387650 
1052 0.934591 -0.884151 
1053 1.037014 -0.639933 
1054 1.217447 -0.404154 
1055 1.202475 -0.393278 
1056 1.121946 -0.561548 
1057 0.853304 -1.212981 
1058 1.162356 -0.482023 
1059 1.218260 -0.401461 
1060 1.061703 -0.626477 
1061 1.106584 -0.530118 
1062 0.938530 -0.826420 
1063 1.152125 -0.505479 
1064 0.968307 -0.811681 
1065 1.111217 -0.622912 
1066 0.977266 -0.816634 
1067 1.156526 -0.490945 
1068 0.993244 -0.730694 
1069 1.271809 -0.348741 
1070 1.107983 -0.526808 
1071 1.075169 -0.636657 
1072 1.250570 -0.380270 
1073 1.056806 -0.676279 
1074 1.014947 -0.734131 
1075 1.001405 -0.716769 
1076 1.139209 -0.573000 
1077 1.214609 -0.393980 
1078 1.156135 -0.501901 
1079 1.260512 -0.388245 
1080 0.980460 -0.776391 
1081 1.026439 -0.863766 
1082 1.098302 -0.614288 
1083 0.991527 -0.717857 
1084 1.017879 -0.723353 
1085 1.164046 -0.495902 
1086 1.056346 -0.713770 
1087 0.787299 -1.211507 
1088 1.150401 -0.575830 
1089 0.893060 -1.053063 
1090 0.978609 -0.856971 
1091 1.133703 -0.579725 
1092 0.971768 -0.852393 
1093 1.015100 -0.731692 
1094 1.162228 -0.501337 
1095 1.127688 -0.564542 
1096 0.965293 -0.809286 
1097 1.076459 -0.595741 
1098 1.036136 -0.807617 
1099 1.151212 -0.568220 
1100 0.842347 -0.964063 
1101 1.025076 -0.914975 
1102 1.077713 -0.768215 
1103 1.102872 -0.560026 
1104 0.914457 -1.015352 
1105 1.034273 -0.715173 
1106 1.133428 -0.583378 
1107 0.905956 -1.017803 
1108 0.935497 -0.899311 
1109 1.041857 -0.662078 
1110 0.980891 -0.710072 
1111 1.040213 -0.673625 
1112 0.996297 -0.701359 
1113 1.000443 -0.731426 
1114 1.103655 -0.646044 
1115 1.213942 -0.450632 
1116 1.029237 -0.723306 
1117 0.994164 -0.706666 
1118 1.065326 -0.663778 
1119 1.117654 -0.579060 
1120 1.075908 -0.633235 
1121 1.156904 -0.541791 
1122 0.888131 -1.075882 
1123 1.099407 -0.566845 
1124 0.820915 -1.176438 
1125 1.037594 -0.692486 
1126 0.981693 -0.803398 
1127 1.005658 -0.887711 
1128 1.025103 -0.696115 
1129 1.229322 -0.511461 
1130 0.931660 -0.892892 
1131 1.054030 -0.672550 
1132 1.002523 -0.760682 
1133 1.091790 -0.646648 
1134 0.979261 -0.785548 
1135 0.963411 -0.777364 
1136 1.159862 -0.491493 
1137 1.049671 -0.646890 
1138 1.152262 -0.466874 
1139 1.088646 -0.665014 
1140 0.802801 -1.156434 
1141 1.009425 -0.685366 
1142 1.108246 -0.493972 
1143 1.120826 -0.580409 
1144 1.019798 -0.675108 
1145 1.117275 -0.515123 
1146 1.012767 -0.811222 
1147 0.933516 -0.928217 
1148 0.966700 -0.906078 
1149 1.124088 -0.624738 
1150 1.042101 -0.727214 
1151 0.960582 -0.766636 
1152 1.039824 -0.634113 
1153 1.133180 -0.501243 
1154 1.071588 -0.671623 
1155 1.102322 -0.554463 
1156 1.136508 -0.522070 
1157 1.135559 -0.569166 
1158 1.081811 -0.628776 
1159 1.100906 -0.557430 
1160 1.149167 -0.472547 
1161 1.007672 -0.718973 
1162 0.919954 -0.984570 
1163 0.801951 -1.125553 
1164 1.049921 -0.660996 
1165 1.106832 -0.600963 
1166 1.253479 -0.383429 
1167 1.174659 -0.513272 
1168 1.080884 -0.555820 
1169 1.036772 -0.618739 
1170 1.067373 -0.637773 
1171 1.118626 -0.505546 
1172 1.171368 -0.451113 
1173 1.114791 -0.500661 
1174 1.113395 -0.536672 
1175 1.044548 -0.758444 
1176 1.278883 -0.339931 
1177 0.959718 -0.880365 
1178 1.118428 -0.543825 
1179 1.023058 -0.752480 
1180 1.198542 -0.465982 
1181 1.096446 -0.609763 
1182 0.770014 -1.165259 
1183 1.156437 -0.470654 
1184 1.129470 -0.487010 
1185 0.799570 -1.013859 
1186 0.984039 -0.789409 
1187 1.049750 -0.682682 
1188 1.017510 -0.677433 
1189 0.835074 -1.007960 
1190 1.160550 -0.448424 
1191 0.766891 -1.296702 
1192 1.070164 -0.578248 
1193 1.123730 -0.469755 
1194 1.023817 -0.712469 
1195 0.984770 -0.715900 
1196 1.171264 -0.465164 
1197 0.877339 -1.004423 
1198 1.172579 -0.453811 
1199 0.752946 -1.199202 
1200 1.003395 -0.699250 
1201 1.098400 -0.554591 
1202 1.128340 -0.521474 
1203 1.058797 -0.732108 
1204 1.026473 -0.695110 
1205 1.074223 -0.611598 
1206 1.139003 -0.483325 
1207 0.999290 -0.698366 
1208 1.115587 -0.545722 
1209 1.208006 -0.391665 
1210 1.201740 -0.409426 
1211 1.122396 -0.500391 
1212 0.969561 -0.935941 
1213 1.217819 -0.361227 
1214 0.993387 -0.717241 
1215 1.002907 -0.636712 
1216 1.256031 -0.296554 
1217 1.084288 -0.587528 
1218 0.977168 -0.722277 
1219 1.231294 -0.391636 
1220 1.012179 -0.684567 
1221 1.207921 -0.393591 
1222 1.202350 -0.378284 
1223 1.048570 -0.670020 
1224 0.880937 -0.995246 
1225 0.975468 -0.721014 
1226 1.082196 -0.575585 
1227 1.029118 -0.654336 
1228 0.778494 -1.173699 
1229 1.039788 -0.689821 
1230 1.132586 -0.501624 
1231 1.135910 -0.490639 
1232 0.781892 -1.042881 
1233 1.210072 -0.346545 
1234 1.023042 -0.727669 
1235 1.063040 -0.620982 
1236 1.183533 -0.437537 
1237 1.066455 -0.603742 
1238 1.028535 -0.634297 
1239 1.047517 -0.607949 
1240 1.072018 -0.575209 
1241 1.161909 -0.437982 
1242 1.040910 -0.665728 
1243 1.086215 -0.592376 
1244 1.066042 -0.675793 
1245 1.081444 -0.603778 
1246 1.010680 -0.831616 
1247 1.003432 -0.731476 
1248 1.029156 -0.687636 
1249 0.933819 -0.768973 
1250 1.100190 -0.536144 
1251 0.939256 -0.933450 
1252 1.013384 -0.770224 
1253 0.862704 -0.917165 
1254 1.120574 -0.559706 
1255 1.058442 -0.572275 
1256 1.029606 -0.857325 
1257 1.173990 -0.484123 
1258 0.995737 -0.734343 
1259 1.181561 -0.454545 
1260 1.017644 -0.690498 
1261 1.025657 -0.662561 
1262 0.928145 -0.812184 
1263 0.986758 -0.726823 
1264 0.887926 -1.041908 
1265 0.921699 -0.939696 
1266 1.032863 -0.726036 
1267 0.918036 -0.917745 
1268 1.116508 -0.578223 
1269 1.065008 -0.654357 
1270 0.965068 -0.738328 
1271 0.730777 -1.201808 
1272 1.153608 -0.495836 
1273 0.944268 -0.702379 
1274 1.161520 -0.467269 
1275 0.941735 -0.787738 
1276 0.980994 -0.739974 
1277 0.801042 -1.065090 
1278 1.079372 -0.605877 
1279 0.932725 -0.823701 
1280 0.903425 -0.851787 
1281 1.080440 -0.659423 
1282 0.988755 -0.731515 
1283 1.149474 -0.474348 
1284 1.019958 -0.658564 
1285 0.760861 -1.113198 
1286 0.874160 -0.963566 
1287 1.188548 -0.403067 
1288 0.988441 -0.756088 
1289 1.182705 -0.500915 
1290 0.924676 -0.919616 
1291 0.963141 -0.886000 
1292 0.891711 -0.966439 
1293 0.979940 -0.772125 
1294 0.978957 -0.848650 
1295 1.146874 -0.582365 
1296 1.135919 -0.511416 
1297 1.171779 -0.533056 
1298 1.010520 -0.737326 
1299 1.023171 -0.797436 
1300 1.152577 -0.434989 
1301 0.993228 -0.688987 
1302 0.967729 -0.841583 
1303 0.966709 -0.724513 
1304 1.024596 -0.648082 
1305 1.132368 -0.505901 
1306 1.224867 -0.405783 
1307 0.942334 -0.766817 
1308 1.073604 -0.614999 
1309 1.019138 -0.719833 
1310 1.132251 -0.538586 
1311 1.086941 -0.651627 
1312 1.057592 -0.628836 
1313 1.017931 -0.679473 
1314 1.102672 -0.495990 
1315 1.061388 -0.648435 
1316 1.142323 -0.531312 
1317 1.029657 -0.705408 
1318 0.922717 -0.880354 
1319 1.219954 -0.394707 
1320 0.980250 -0.836220 
1321 1.138713 -0.489340 
1322 0.975054 -0.840907 
1323 1.187073 -0.457546 
1324 1.094556 -0.560555 
1325 1.089673 -0.625148 
1326 1.072855 -0.631129 
1327 1.099015 -0.557869 
1328 0.760077 -1.134965 
1329 1.082742 -0.658521 
1330 1.112316 -0.522562 
1331 1.027289 -0.702764 
1332 1.109832 -0.573683 
1333 0.985424 -0.663056 
1334 0.849936 -0.890621 
1335 1.152211 -0.524847 
1336 1.225907 -0.373511 
1337 1.149188 -0.505994 
1338 1.102392 -0.648383 
1339 0.814045 -1.010654 
1340 1.141721 -0.574560 
1341 1.185374 -0.463282 
1342 1.186318 -0.461006 
1343 1.218324 -0.360325 
1344 1.179980 -0.464835 
1345 1.077654 -0.624467 
1346 1.065820 -0.592803 
1347 0.960084 -0.756507 
1348 1.102432 -0.596798 
1349 1.011805 -0.768387 
1350 1.007627 -0.712467 
1351 1.117763 -0.505551 
1352 1.185046 -0.460272 
1353 1.010043 -0.674635 
1354 1.166560 -0.530198 
1355 1.212888 -0.535971 
1356 1.027932 -0.704480 
1357 1.117679 -0.571535 
1358 1.096530 -0.477832 
1359 0.977441 -0.667414 
1360 1.077520 -0.634517 
1361 1.151540 -0.445123 
1362 1.110825 -0.483242 
1363 1.097875 -0.523244 
1364 1.154894 -0.458812 
1365 1.011714 -0.796696 
1366 1.082266 -0.585737 
1367 1.178827 -0.506099 
1368 1.109553 -0.551500 
1369 1.177727 -0.450418 
1370 1.172882 -0.483407 
1371 1.133782 -0.467674 
1372 1.024191 -0.834944 
1373 1.148400 -0.499404 
1374 0.860503 -1.034245 
1375 1.042603 -0.678134 
1376 0.887948 -1.081123 
1377 1.104288 -0.545280 
1378 1.150218 -0.546651 
1379 1.078459 -0.574713 
1380 1.068952 -0.504477 
1381 1.175190 -0.465385 
1382 1.034726 -0.646408 
1383 1.015783 -0.805713 
1384 1.055519 -0.599261 
1385 1.168702 -0.464917 
1386 0.985427 -0.668174 
1387 0.995677 -0.739627 
1388 1.138916 -0.514058 
1389 1.081077 -0.609047 
1390 1.247573 -0.351014 
1391 1.207004 -0.375210 
1392 1.249089 -0.324837 
1393 1.085393 -0.596671 
1394 1.121370 -0.505218 
1395 1.172902 -0.405251 
1396 0.973144 -0.771205 
1397 1.108798 -0.565707 
1398 1.105119 -0.574097 
1399 0.960669 -0.899372 
1400 1.149106 -0.453269 
1401 1.137609 -0.536191 
1402 1.161506 -0.530208 
1403 1.104068 -0.623296 
1404 0.833558 -0.990236 
1405 1.235357 -0.398828 
1406 1.073360 -0.606453 
1407 1.108363 -0.551062 
1408 1.023656 -0.661700 
1409 0.965205 -0.791033 
1410 1.110048 -0.587667 
1411 0.948334 -0.776744 
1412 1.187528 -0.375637 
1413 1.097439 -0.563104 
1414 1.007535 -0.775429 
1415 0.950178 -0.766066 
1416 1.219029 -0.388179 
1417 1.129411 -0.585930 
1418 1.080929 -0.611177 
1419 1.012166 -0.639675 
1420 1.118024 -0.584337 
1421 1.197553 -0.489976 
1422 1.099499 -0.638008 
1423 1.089745 -0.520653 
1424 1.125107 -0.546579 
1425 1.066995 -0.625073 
1426 1.105281 -0.577077 
1427 1.265261 -0.288918 
1428 1.194288 -0.381375 
1429 1.090944 -0.516505 
1430 1.138867 -0.454062 
1431 1.195078 -0.418004 
1432 1.083232 -0.555594 
1433 0.982567 -0.676528 
1434 1.009464 -0.674166 
1435 1.057370 -0.523308 
1436 1.101274 -0.532698 
1437 1.021428 -0.706119 
1438 1.009147 -0.759858 
1439 1.018008 -0.666947 
1440 1.071105 -0.604006 
1441 1.116378 -0.493509 
1442 0.810459 -0.971007 
1443 1.082679 -0.562670 
1444 1.100506 -0.549547 
1445 1.015000 -0.625391 
1446 1.134880 -0.447521 
1447 1.167056 -0.433269 
1448 1.045916 -0.635052 
1449 1.190906 -0.407476 
1450 1.065025 -0.587075 
1451 1.207552 -0.353035 
1452 0.991303 -0.645008 
1453 1.149081 -0.416680 
1454 0.964850 -0.696770 
1455 1.043670 -0.768470 
1456 1.179433 -0.409716 
1457 1.150581 -0.416704 
1458 1.098651 -0.461078 
1459 1.051513 -0.617428 
1460 1.041736 -0.680111 
1461 1.089624 -0.621137 
1462 1.071729 -0.619307 
1463 0.995313 -0.683700 
1464 1.195192 -0.426666 
1465 1.114076 -0.556090 
1466 0.948138 -0.864571 
1467 0.987138 -0.752112 
1468 1.086337 -0.602180 
1469 1.085516 -0.585020 
1470 1.254234 -0.342114 
1471 1.136220 -0.481807 
1472 1.246384 -0.372357 
1473 1.035661 -0.744513 
1474 1.147795 -0.434509 
1475 1.088963 -0.483235 
1476 1.015801 -0.727294 
1477 1.158700 -0.513489 
1478 1.215797 -0.367529 
1479 1.229983 -0.370603 
1480 1.166716 -0.456120 
1481 1.087495 -0.643559 
1482 1.209022 -0.422469 
1483 1.041590 -0.716558 
1484 0.995079 -0.684397 
1485 1.043275 -0.656564 
1486 1.055359 -0.654600 
1487 1.084725 -0.649473 
1488 0.979955 -0.819136 
1489 1.085976 -0.597070 
1490 0.964137 -0.827240 
1491 1.171134 -0.499376 
1492 1.058605 -0.644957 
1493 1.081752 -0.603771 
1494 1.201889 -0.387720 
1495 0.971844 -0.696748 
1496 1.037110 -0.574721 
1497 1.053568 -0.584959 
1498 1.086368 -0.627334 
1499 0.999738 -0.659058 
1500 1.010575 -0.634670 
1501 0.908527 -0.770323 
1502 1.051131 -0.511474 
1503 0.949649 -0.748722 
1504 1.072808 -0.537022 
1505 1.077194 -0.555141 
1506 1.041418 -0.605101 
1507 0.973588 -0.653386 
1508 1.039980 -0.605775 
1509 1.076046 -0.516731 
1510 0.980187 -0.664127 
1511 1.216681 -0.372134 
1512 1.101034 -0.513223 
1513 0.971900 -0.690373 
1514 1.050937 -0.578009 
1515 1.140271 -0.542363 
1516 1.231850 -0.377676 
1517 1.090231 -0.516245 
1518 1.063934 -0.566508 
1519 0.967709 -0.713088 
1520 0.964812 -0.652157 
1521 0.895900 -0.838270 
1522 0.988700 -0.697997 
1523 0.955075 -0.709897 
1524 1.026168 -0.613045 
1525 1.107643 -0.535417 
1526 1.143367 -0.438137 
1527 1.090577 -0.476525 
1528 1.052743 -0.518561 
1529 1.160629 -0.478687 
1530 1.269603 -0.288614 
1531 1.213575 -0.394895 
1532 1.045218 -0.647651 
1533 1.020919 -0.589439 
1534 1.150764 -0.441907 
1535 1.157842 -0.437136 
1536 1.119082 -0.627288 
1537 1.134181 -0.500082 
1538 0.968331 -0.676646 
1539 1.070603 -0.654698 
1540 1.109699 -0.528291 
1541 0.935699 -0.817768 
1542 1.002138 -0.720209 
1543 1.107138 -0.549812 
1544 1.063672 -0.640328 
1545 0.986821 -0.882702 
1546 1.079821 -0.565497 
1547 0.946889 -0.745722 
1548 1.141820 -0.439821 
1549 1.082270 -0.536292 
1550 1.189526 -0.400877 
1551 1.208292 -0.412785 
1552 1.086398 -0.523835 
1553 1.169173 -0.416708 
1554 1.056370 -0.591649 
1555 1.112741 -0.472056 
1556 1.038471 -0.661494 
1557 1.010327 -0.646202 
1558 0.925788 -0.972562 
1559 1.073554 -0.523170 
1560 0.966061 -0.682362 
1561 0.982932 -0.668266 
1562 1.177125 -0.429613 
1563 0.964928 -0.696578 
1564 1.055552 -0.559465 
1565 1.060877 -0.555806 
1566 1.169986 -0.386376 
1567 1.083542 -0.514667 
1568 1.198760 -0.384488 
1569 1.021449 -0.649888 
1570 1.125851 -0.464047 
1571 0.907258 -0.751635 
1572 1.041998 -0.575367 
1573 1.008178 -0.665731 
1574 1.122498 -0.519109 
1575 1.124979 -0.549762 
1576 0.997131 -0.710497 
1577 1.053629 -0.612524 
1578 1.001663 -0.678371 
1579 0.995118 -0.794815 
1580 1.153232 -0.448746 
1581 0.749533 -1.161068 
1582 1.108236 -0.534483 
1583 1.045828 -0.547254 
1584 1.065810 -0.554820 
1585 0.963562 -0.765513 
1586 1.052928 -0.589812 
1587 0.953900 -0.736064 
1588 1.086169 -0.538654 
1589 1.080287 -0.535516 
1590 0.989453 -0.644494 
1591 1.016733 -0.601142 
1592 0.979969 -0.630589 
1593 0.745083 -1.491603 
1594 0.973535 -0.758333 
1595 0.980480 -0.770570 
1596 1.049064 -0.611612 
1597 0.992798 -0.713710 
1598 1.151487 -0.441335 
1599 0.975158 -0.706307 
1600 0.917669 -0.803017 
1601 1.128749 -0.530172 
1602 1.015748 -0.569478 
1603 1.108919 -0.471728 
1604 1.094401 -0.517104 
1605 1.077125 -0.512537 
1606 1.020689 -0.709130 
1607 1.117586 -0.557064 
1608 0.741215 -1.195907 
1609 0.965123 -0.763236 
1610 1.205286 -0.405371 
1611 1.183257 -0.389103 
1612 1.004889 -0.642830 
1613 0.969488 -0.747004 
1614 0.862749 -1.023237 
1615 1.080716 -0.567302 
1616 1.105042 -0.498129 
1617 0.979763 -0.683744 
1618 1.010399 -0.695885 
1619 1.079380 -0.578685 
1620 1.114909 -0.559634 
1621 1.071219 -0.607878 
1622 1.032257 -0.664518 
1623 1.050701 -0.645860 
1624 0.789931 -0.924707 
1625 1.203356 -0.359785 
1626 1.161414 -0.457800 
1627 1.001342 -0.729093 
1628 1.196691 -0.425943 
1629 1.078102 -0.530398 
1630 1.019139 -0.677204 
1631 0.992800 -0.726054 
1632 1.116170 -0.516074 
1633 1.196366 -0.467273 
1634 1.131924 -0.475909 
1635 1.078845 -0.590473 
1636 1.058365 -0.721002 
1637 1.002274 -0.737834 
1638 0.975515 -0.699236 
1639 1.016042 -0.606341 
1640 1.076846 -0.731880 
1641 0.977344 -0.674061 
1642 1.057966 -0.594598 
1643 1.099025 -0.527504 
1644 1.031660 -0.586844 
1645 1.016749 -0.672121 
1646 1.066741 -0.604669 
1647 1.008203 -0.660577 
1648 1.108246 -0.578859 
1649 0.984728 -0.685200 
1650 0.984966 -0.702642 
1651 1.103507 -0.573534 
1652 1.002810 -0.741676 
1653 1.161628 -0.526928 
1654 0.967961 -0.762055 
1655 0.740258 -1.154185 
1656 1.146952 -0.476403 
1657 1.239477 -0.337005 
1658 1.025000 -0.604971 
1659 0.992495 -0.673969 
1660 1.081832 -0.522916 
1661 1.066071 -0.560570 
1662 1.118228 -0.488829 
1663 1.043903 -0.566454 
1664 1.174045 -0.436327 
1665 1.235531 -0.309714 
1666 1.190648 -0.410626 
1667 0.946146 -0.750753 
1668 1.184733 -0.385571 
1669 1.037832 -0.586300 
1670 1.168382 -0.449692 
1671 1.149781 -0.407433 
1672 1.056310 -0.571331 
1673 1.109510 -0.493180 
1674 1.181877 -0.388999 
1675 1.069372 -0.587548 
1676 1.105239 -0.517190 
1677 1.133609 -0.439138 
1678 1.028426 -0.627517 
1679 1.248812 -0.327595 
1680 1.101038 -0.464526 
1681 1.081019 -0.526475 
1682 1.235176 -0.382168 
1683 1.239827 -0.345803 
1684 1.012831 -0.660875 
1685 1.179325 -0.376389 
1686 1.309984 -0.247470 
1687 1.087062 -0.542385 
1688 1.136800 -0.453829 
1689 1.055926 -0.598322 
1690 1.012359 -0.660639 
1691 1.137777 -0.448507 
1692 1.168035 -0.424750 
1693 1.147657 -0.476736 
1694 1.003109 -0.660595 
1695 1.092038 -0.478783 
1696 1.101606 -0.533054 
1697 1.068461 -0.595838 
1698 1.126142 -0.497424 
1699 1.067349 -0.548895 
1700 1.090424 -0.544841 
1701 1.078913 -0.560602 
1702 1.034010 -0.566279 
1703 1.210484 -0.370499 
1704 1.257019 -0.341374 
1705 1.124208 -0.534052 
1706 1.181322 -0.407135 
1707 1.173694 -0.418213 
1708 1.038667 -0.611874 
1709 1.078851 -0.573882 
1710 1.140016 -0.477275 
1711 1.143752 -0.471030 
1712 1.048765 -0.645810 
1713 1.157329 -0.487448 
1714 1.064112 -0.585696 
1715 1.122826 -0.448764 
1716 1.178779 -0.379952 
1717 1.166934 -0.470184 
1718 1.150223 -0.460778 
1719 1.208950 -0.365503 
1720 1.076075 -0.639259 
1721 1.122333 -0.502346 
1722 1.125776 -0.542794 
1723 1.114581 -0.528468 
1724 1.064331 -0.641922 
1725 0.984119 -0.749998 
1726 1.201301 -0.410808 
1727 1.066923 -0.561174 
1728 1.091883 -0.589889 
1729 1.095222 -0.601773 
1730 0.978258 -0.726789 
1731 0.843765 -1.295998 
1732 1.131390 -0.565042 
1737 1.166363 -0.555399 
1738 0.885542 -1.038061 
1739 1.077211 -0.613327 
1740 1.145873 -0.459026 
1741 0.923904 -0.945045 
1742 1.040191 -0.681458 
1743 1.213835 -0.420616 
1744 1.058658 -0.670764 
1745 1.040147 -0.776807 
1746 1.036049 -0.668418 
1747 1.060975 -0.629126 
1748 1.177588 -0.436219 
1749 0.952151 -0.851480 
1750 1.062727 -0.639877 
1751 1.180193 -0.412382 
1752 1.056981 -0.578905 
1753 0.990306 -0.672772 
1754 1.084270 -0.539817 
1755 0.929606 -0.822535 
1756 1.204430 -0.385201 
1757 1.020600 -0.632985 
1758 1.023461 -0.687407 
1759 1.075049 -0.609796 
1760 1.116838 -0.518263 
1761 1.131552 -0.451503 
1762 1.102280 -0.435660 
1763 0.954165 -0.700354 
1764 1.119767 -0.420641 
1765 1.086997 -0.491924 
1766 1.037643 -0.647994 
1767 1.128086 -0.477534 
1768 1.100718 -0.544321 
1769 1.200702 -0.354659 
1770 1.054407 -0.596894 
1771 1.104777 -0.633455 
1772 1.264557 -0.330312 
1773 1.121038 -0.526499 
1774 1.018538 -0.680392 
1775 1.151134 -0.445881 
1776 1.258651 -0.304250 
1777 1.073264 -0.587342 
1778 1.162866 -0.464987 
1779 1.056262 -0.603711 
1780 1.119967 -0.461754 
1781 1.020518 -0.666578 
1782 1.010400 -0.666620 
1783 1.092759 -0.544673 
1784 1.084763 -0.529374 
1785 1.085612 -0.520383 
1786 1.079090 -0.533664 
1787 1.014417 -0.663425 
1788 1.060780 -0.534806 
1789 1.105908 -0.502100 
1790 0.956137 -0.723663 
1791 1.130035 -0.508802 
1792 1.051246 -0.536169 
1793 1.268544 -0.304358 
1794 0.967650 -0.839617 
1795 1.226944 -0.357880 
1796 1.142460 -0.444208 
1797 1.128729 -0.481343 
1798 1.041684 -0.642933 
1799 1.158490 -0.386561 
1800 1.239082 -0.316950 
1801 1.140323 -0.488649 
1802 1.165071 -0.468058 
1803 1.103118 -0.585258 
1804 1.184443 -0.438189 
1805 0.995201 -0.722238 
1806 1.126191 -0.579771 
1807 1.174150 -0.482226 
1808 1.053280 -0.721801 
1809 1.209276 -0.389936 
1810 1.054908 -0.613704 
1811 1.033299 -0.672514 
1812 1.186642 -0.476086 
1813 1.212796 -0.423596 
1814 1.097221 -0.628736 
1815 1.170756 -0.512223 
1816 1.025116 -0.679163 
1817 1.097894 -0.570285 
1818 1.247294 -0.392603 
1819 1.060083 -0.696912 
1820 0.987258 -0.868643 
1821 1.164162 -0.518728 
1822 1.052041 -0.645892 
1823 0.976223 -0.848535 
1824 1.163260 -0.493431 
1825 1.172314 -0.460373 
1826 1.212170 -0.387389 
1827 1.109612 -0.581342 
1828 1.069340 -0.616668 
1829 1.120569 -0.468445 
1830 1.061677 -0.567228 
1831 1.108296 -0.605359 
1832 1.146296 -0.462857 
1833 1.099846 -0.602171 
1834 1.019260 -0.708222 
1835 1.091004 -0.535374 
1836 1.131013 -0.461824 
1837 0.967846 -0.707396 
1838 1.080856 -0.619853 
1839 1.185072 -0.475900 
1840 1.134769 -0.554652 
1841 1.077840 -0.639696 
1842 1.111344 -0.536954 
1843 0.992784 -0.734054 
1844 1.025254 -0.726557 
1845 1.061318 -0.558680 
1846 1.164702 -0.424003 
1847 1.077059 -0.624592 
1848 1.197502 -0.416179 
1849 1.122018 -0.512255 
1850 1.110964 -0.518343 
1851 1.169976 -0.509420 
1852 1.211914 -0.391974 
1853 1.179585 -0.488579 
1854 1.089630 -0.595496 
1855 1.141298 -0.448731 
1856 1.158214 -0.488089 
1857 1.201960 -0.419581 
1858 1.213463 -0.383388 
1859 1.221771 -0.354246 
1860 1.182767 -0.369270 
1861 1.212128 -0.333840 
1862 1.123560 -0.472617 
1863 1.152025 -0.457199 
1864 1.037890 -0.665841 
1865 1.237262 -0.369664 
1866 1.032129 -0.677361 
1867 1.063710 -0.564458 
1868 1.094130 -0.546650 
1869 1.078573 -0.541192 
1870 1.141389 -0.484676 
1871 1.078349 -0.584580 
1872 0.984110 -0.685029 
1873 1.040096 -0.655912 
1874 1.081908 -0.583345 
1875 1.003743 -0.676894 
1876 1.076419 -0.543857 
1877 1.032062 -0.576745 
1878 1.161474 -0.393812 
1879 1.186326 -0.420808 
1880 1.060940 -0.607166 
1881 1.144974 -0.479642 
1882 1.198693 -0.391279 
1883 1.261126 -0.303447 
1884 1.029951 -0.686778 
1885 1.261862 -0.347469 
1886 1.006059 -0.687594 
1887 1.051211 -0.630780 
1888 0.980138 -0.704662 
1889 1.157497 -0.472451 
1890 1.097300 -0.511808 
1891 1.106454 -0.567698 
1892 1.130700 -0.488209 
1893 1.099868 -0.557279 
1894 0.922461 -0.836197 
1895 1.050940 -0.611920 
1896 1.211391 -0.393866 
1897 1.228251 -0.369674 
1898 1.154443 -0.495835 
1899 1.054034 -0.643988 
1900 1.127116 -0.513190 
1901 0.967529 -0.865508 
1902 1.157735 -0.478857 
1903 1.097546 -0.561501 
1904 0.990684 -0.847493 
1905 1.001125 -0.700473 
1906 1.247780 -0.333926 
1907 1.167165 -0.556985 
1908 1.270199 -0.301870 
1909 1.203589 -0.433256 
1910 1.233564 -0.382377 
1911 1.285490 -0.321645 
1912 1.167667 -0.430865 
1913 1.072677 -0.629945 
1914 1.044102 -0.587494 
1915 1.226235 -0.323019 
1916 1.107916 -0.591408 
1917 1.094477 -0.545228 
1918 1.135531 -0.580573 
1919 1.180329 -0.409544 
1920 1.227014 -0.356559 
1921 1.226926 -0.406108 
1922 0.951405 -0.895348 
1923 1.225579 -0.455812 
1924 0.947100 -0.843765 
1925 1.254787 -0.333330 
1926 1.154049 -0.479197 
1927 1.001657 -0.686904 
1928 1.092173 -0.516135 
1929 1.198682 -0.381127 
1930 0.961180 -0.807128 
1931 0.962034 -0.879673 
1932 1.169250 -0.456375 
1933 0.999379 -0.763770 
1934 1.190969 -0.413545 
1935 1.082818 -0.547784 
1936 1.238206 -0.350743 
1937 1.091426 -0.570740 
1938 1.009604 -0.681421 
1939 0.992225 -0.650958 
1940 1.078514 -0.714589 
1941 1.164691 -0.433606 
1942 1.167114 -0.407699 
1943 1.006244 -0.651031 
1944 1.238286 -0.327128 
1945 1.135711 -0.467457 
1946 1.250825 -0.345309 
1947 1.128294 -0.528710 
1948 1.203623 -0.393247 
1949 1.043744 -0.652024 
1950 1.166414 -0.459224 
1951 1.129985 -0.526320 
1952 1.179863 -0.394900 
1953 1.058371 -0.510955 
1954 1.069239 -0.607630 
1955 1.018789 -0.641943 
1956 1.065506 -0.516182 
1957 1.096739 -0.507086 
1958 1.123881 -0.418450 
1959 1.038151 -0.609760 
1960 1.231724 -0.348123 
1961 1.235959 -0.381411 
1962 1.101697 -0.532090 
1963 1.080774 -0.568407 
1964 1.103231 -0.556780 
1965 1.076119 -0.589423 
1966 1.261636 -0.330949 
1967 1.196441 -0.420202 
1968 1.231140 -0.337926 
1969 1.260838 -0.342158 
1970 1.191764 -0.360015 
1971 1.104601 -0.652891 
1972 1.252013 -0.383535 
1973 1.234225 -0.337318 
1974 1.040500 -0.545474 
1975 1.189413 -0.434090 
1976 0.751178 -1.072108 
1977 1.084063 -0.628647 
1978 1.178132 -0.399339 
1979 1.161359 -0.386355 
1980 1.095803 -0.546732 
1981 1.073755 -0.602548 
1982 1.075841 -0.623069 
1983 1.071754 -0.582139 
1984 1.045336 -0.619070 
1985 1.176137 -0.438816 
1986 1.088757 -0.592145 
1987 1.205768 -0.399666 
1988 1.045505 -0.607512 
1989 1.157368 -0.458268 
1990 1.043523 -0.631773 
1991 1.134136 -0.470528 
1992 1.148418 -0.514253 
1993 1.212257 -0.413900 
1994 1.249810 -0.338424 
1995 1.110954 -0.547624 
1996 1.172701 -0.481301 
1997 1.077356 -0.574450 
1998 0.811018 -1.019164 
1999 1.080201 -0.506375 
2000 1.163882 -0.515393 
2001 1.220288 -0.371015 
2002 1.003268 -0.736844 
2003 1.091765 -0.518715 
2004 0.991595 -0.683683 
2005 1.085108 -0.576802 
2006 1.105080 -0.568509 
2007 1.080180 -0.535844 
2008 1.207884 -0.400917 
2009 1.131453 -0.492626 
2010 1.054707 -0.699997 
2011 1.081153 -0.481521 
2012 1.179192 -0.436814 
2013 1.018698 -0.627698 
2014 1.182657 -0.405455 
2015 1.220669 -0.350266 
2016 1.052292 -0.546929 
2017 1.252656 -0.335138 
2018 1.042941 -0.596294 
2019 0.990397 -0.640675 
2020 1.008479 -0.640475 
2021 0.985361 -0.675681 
2022 1.111820 -0.520769 
2023 1.067790 -0.611611 
2024 1.101293 -0.580615 
2025 1.192456 -0.417612 
2026 1.111600 -0.542443 
2027 1.220939 -0.386925 
2028 1.119183 -0.465711 
2029 1.116944 -0.519372 
2030 1.136214 -0.520067 
2031 1.134412 -0.556848 
2032 1.177709 -0.437872 
2033 1.169140 -0.456329 
2034 1.185716 -0.398151 
2035 1.081669 -0.587514 
2036 1.098317 -0.549012 
2037 1.255468 -0.330515 
2038 1.198327 -0.356408 
2039 1.259605 -0.306387 
2040 1.202673 -0.438635 
2041 1.120257 -0.568054 
2042 0.999226 -0.681624 
2043 1.169905 -0.515705 
2044 1.162031 -0.454991 
2045 1.135094 -0.447231 
2046 1.192228 -0.420070 
2047 1.171175 -0.469088 
2048 0.982631 -0.670507 
2049 0.959171 -0.736925 
2050 1.091983 -0.522095 
2051 1.168296 -0.507780 
2052 0.762586 -1.231908 
2053 1.085805 -0.578868 
2054 1.140538 -0.515918 
2055 1.144275 -0.484138 
2056 0.999534 -0.764265 
2057 1.219934 -0.374430 
2058 1.164982 -0.450513 
2059 1.257156 -0.288003 
2060 0.965521 -0.778313 
2061 1.100660 -0.560552 
2062 1.064332 -0.529414 
2063 1.132951 -0.496906 
2064 1.136367 -0.486710 
2065 1.130023 -0.500468 
2066 1.160256 -0.424501 
2067 1.190385 -0.377325 
2068 1.314332 -0.274032 
2069 1.063856 -0.566869 
2070 1.161543 -0.517537 
2071 1.239013 -0.379715 
2072 1.088838 -0.575182 
2073 1.083750 -0.554590 
2074 0.973602 -0.707160 
2075 0.929935 -0.781081 
2076 1.106916 -0.532806 
2077 1.169066 -0.412162 
2078 1.099427 -0.503237 
2079 0.737104 -1.086767 
2080 0.961595 -0.715944 
2081 1.143671 -0.429654 
2082 0.786779 -1.004893 
2083 0.894187 -0.880088 
2084 0.778473 -1.198634 
2085 1.126050 -0.475012 
2086 1.100950 -0.493874 
2087 1.100888 -0.507817 
2088 1.148112 -0.456678 
2089 1.072833 -0.596440 
2090 0.981522 -0.651906 
2091 1.118652 -0.429734 
2092 1.069483 -0.585532 
2093 1.040588 -0.658816 
2094 1.193704 -0.409566 
2095 1.012294 -0.649235 
2096 1.081296 -0.540998 
2097 1.107376 -0.562675 
2098 1.002972 -0.703511 
2099 0.990513 -0.797248 
2100 1.086101 -0.581796 
2101 1.072643 -0.602446 
2102 1.097226 -0.536594 
2103 1.142995 -0.446778 
2104 1.155619 -0.416180 
2105 1.009406 -0.646803 
2106 1.083605 -0.490779 
2107 1.152981 -0.416866 
2108 1.275741 -0.319216 
2109 1.160250 -0.431978 
2110 1.152699 -0.412981 
2111 1.017500 -0.665910 
2112 0.970938 -0.682319 
2113 1.142049 -0.478411 
2114 1.045273 -0.628139 
2115 1.002872 -0.638372 
2116 0.982062 -0.752270 
2117 1.178975 -0.381958 
2118 1.188106 -0.349150 
2119 1.069470 -0.591286 
2120 1.097396 -0.445723 
2121 1.067667 -0.518330 
2122 1.061617 -0.658889 
2123 0.991750 -0.841114 
2124 1.159853 -0.421932 
2125 1.116159 -0.501424 
2126 0.992611 -0.693456 
2127 1.186825 -0.440272 
2128 1.028150 -0.636429 
2129 1.187662 -0.385521 
2130 1.009001 -0.638039 
2131 1.057462 -0.590711 
2132 0.959244 -0.729705 
2133 1.105775 -0.512941 
2134 1.085939 -0.500392 
2135 1.070683 -0.539799 
2136 1.006524 -0.658881 
2137 1.073608 -0.542247 
2138 1.101542 -0.561615 
2139 1.040444 -0.647210 
2140 1.149581 -0.452231 
2141 1.127479 -0.523620 
2142 1.019264 -0.602737 
2143 1.181115 -0.386586 
2144 1.149017 -0.489556 
2145 1.202983 -0.389386 
2146 1.059233 -0.544572 
2147 0.994728 -0.669040 
2148 1.030705 -0.591471 
2149 1.092175 -0.518141 
2150 1.157460 -0.419669 
2151 1.034279 -0.581546 
2152 1.080412 -0.441297 
2153 1.038994 -0.600584 
2154 1.126593 -0.448685 
2155 1.047816 -0.577615 
2156 1.065553 -0.571978 
2157 1.075939 -0.548766 
2158 1.004011 -0.653549 
2159 1.049055 -0.581299 
2160 1.128152 -0.465384 
2161 1.110589 -0.459738 
2162 1.037086 -0.623075 
2163 0.906157 -0.724237 
2164 1.203801 -0.335737 
2165 1.161607 -0.366265 
2166 1.035075 -0.577770 
2167 1.135317 -0.478358 
2168 1.055452 -0.599035 
2169 1.159721 -0.389630 
2170 1.169257 -0.408597 
2171 1.244822 -0.312479 
2172 1.121448 -0.503828 
2173 1.167698 -0.432081 
2174 1.015310 -0.716941 
2175 1.171878 -0.429849 
2176 1.031360 -0.583424 
2177 1.069563 -0.547756 
2178 1.143652 -0.433587 
2179 1.155030 -0.481388 
2180 1.073416 -0.585208 
2181 1.047672 -0.592569 
2182 1.091370 -0.497039 
2183 1.194336 -0.393105 
2184 1.085639 -0.551765 
2185 1.085328 -0.538803 
2186 1.061805 -0.578718 
2187 0.997054 -0.767229 
2188 1.052506 -0.616430 
2189 1.018665 -0.644472 
2190 1.108394 -0.455406 
2191 1.164084 -0.414733 
2192 1.197497 -0.409804 
2193 0.754207 -1.080175 
2194 1.066553 -0.572997 
2195 0.971764 -0.848337 
2196 1.090139 -0.553374 
2197 1.018896 -0.563799 
2198 1.032531 -0.569430 
2199 1.101212 -0.510407 
2200 1.063383 -0.521065 
2201 1.256349 -0.328824 
2202 1.239631 -0.347255 
2203 1.089692 -0.562281 
2204 1.087278 -0.520178 
2205 1.268729 -0.316428 
2206 1.083820 -0.489888 
2207 1.269270 -0.305146 
2208 1.049229 -0.574488 
2209 1.086782 -0.571074 
2210 0.818384 -1.002938 
2211 1.073791 -0.587497 
2212 1.125197 -0.509514 
2213 1.077145 -0.587848 
2214 1.027442 -0.625512 
2215 1.065284 -0.604949 
2216 1.193424 -0.358484 
2217 1.072484 -0.548989 
2218 1.105132 -0.393993 
2219 1.134103 -0.455625 
2220 1.157600 -0.438859 
2221 1.116729 -0.508987 
2222 1.047887 -0.597223 
2223 1.042052 -0.648693 
2224 1.196529 -0.386676 
2225 1.005648 -0.642243 
2226 1.010260 -0.624970 
2227 1.160654 -0.412540 
2228 1.142862 -0.407962 
2229 0.945474 -0.742902 
2230 1.020892 -0.587992 
2231 1.001906 -0.717561 
2232 1.250706 -0.300335 
2233 1.139788 -0.449578 
2234 1.048701 -0.510497 
2235 1.107330 -0.524339 
2236 1.096385 -0.521545 
2237 0.997218 -0.711113 
2238 1.154275 -0.404650 
2239 1.199237 -0.370475 
2240 1.160650 -0.428744 
2241 1.032588 -0.584173 
2242 1.066578 -0.498295 
2243 1.137126 -0.483981 
2244 1.039088 -0.598152 
2245 1.063376 -0.664335 
2246 1.160948 -0.450208 
2247 1.128519 -0.534915 
2248 1.126271 -0.438230 
2249 1.156876 -0.427945 
2250 1.028335 -0.617371 
2251 1.143404 -0.407326 
2252 0.939169 -0.806948 
2253 1.105125 -0.508016 
2254 1.058187 -0.611996 
2255 0.975116 -0.658233 
2256 0.977193 -0.687623 
2257 1.211561 -0.342066 
2258 1.103248 -0.493898 
2259 1.114467 -0.490409 
2260 1.091116 -0.499038 
2261 1.018066 -0.667976 
2262 1.019260 -0.550553 
2263 1.118431 -0.520795 
2264 1.023437 -0.662636 
2265 1.113047 -0.452918 
2266 1.141904 -0.448025 
2267 0.966284 -0.674018 
2268 1.088648 -0.557122 
2269 1.032447 -0.570106 
2270 1.165728 -0.432873 
2271 1.079991 -0.530629 
2272 1.200996 -0.383010 
2273 0.961313 -0.692506 
2274 1.186533 -0.361564 
2275 1.069207 -0.563728 
2276 1.177283 -0.411645 
2277 0.967059 -0.721449 
2278 1.010104 -0.638454 
2279 1.011289 -0.654303 
2280 1.006356 -0.685367 
2281 1.156815 -0.456491 
2282 1.020312 -0.596470 
2283 1.124086 -0.520852 
2284 1.077157 -0.562711 
2285 1.228661 -0.359181 
2286 1.260361 -0.318663 
2287 1.108154 -0.562514 
2288 1.131650 -0.509758 
2289 1.020994 -0.625331 
2290 1.042830 -0.608534 
2291 0.985299 -0.689520 
2292 0.936204 -0.729235 
2293 1.032659 -0.614872 
2294 1.138016 -0.438325 
2295 0.956723 -0.712193 
2296 1.167528 -0.413629 
2297 1.061262 -0.513002 
2298 1.103055 -0.457052 
2299 0.965119 -0.723864 
2300 0.954135 -0.718320 
2301 1.044346 -0.559082 
2302 1.113884 -0.540006 
2303 1.118761 -0.488681 
2304 0.991080 -0.682199 
2305 1.106555 -0.486587 
2306 0.973383 -0.674280 
2307 1.101535 -0.471924 
2308 1.051099 -0.646404 
2309 0.979282 -0.722993 
2310 1.071478 -0.538035 
2311 1.067024 -0.618512 
2312 0.962978 -0.810234 
2313 1.146446 -0.449372 
2314 1.099469 -0.523521 
2315 1.184781 -0.400571 
2316 1.109753 -0.459777 
2317 1.224717 -0.345603 
2318 0.983318 -0.647923 
2319 1.171891 -0.391530 
2320 1.161937 -0.420013 
2321 1.176370 -0.438443 
2322 1.205268 -0.368689 
2323 1.073835 -0.562052 
2324 1.188891 -0.398818 
2325 1.134868 -0.491320 
2326 1.127927 -0.519960 
2327 1.173943 -0.429162 
2328 0.990141 -0.646607 
2329 1.167715 -0.386524 
2330 1.124960 -0.431026 
2331 0.999549 -0.602798 
2332 1.044261 -0.571159 
2333 1.088019 -0.540347 
2334 1.044147 -0.588896 
2335 1.075371 -0.525656 
2336 1.159900 -0.401019 
2337 0.984189 -0.640747 
2338 1.102036 -0.523174 
2339 1.079586 -0.551113 
2340 1.130711 -0.470025 
2341 0.994045 -0.651350 
2342 1.073150 -0.594250 
2343 1.109106 -0.522953 
2344 1.147814 -0.452007 
2345 1.102567 -0.519039 
2346 1.097626 -0.532117 
2347 1.063299 -0.629028 
2348 1.000496 -0.690813 
2349 1.128070 -0.501673 
2350 1.093821 -0.568168 
2351 1.140835 -0.449796 
2352 1.058792 -0.601587 
2353 1.220373 -0.364211 
2354 1.057415 -0.620129 
2355 1.100240 -0.612890 
2356 1.136175 -0.470514 
2357 1.163283 -0.483638 
2358 1.172439 -0.437369 
2359 1.140261 -0.473891 
2360 1.185811 -0.366672 
2361 1.186920 -0.354674 
2362 1.109642 -0.505041 
2363 1.196108 -0.391549 
2364 1.001782 -0.682177 
2365 1.146397 -0.436806 
2366 1.099489 -0.533047 
2367 0.873239 -0.915599 
2368 1.185417 -0.369111 
2369 1.032037 -0.726892 
2370 1.061511 -0.622316 
2371 1.122589 -0.514602 
2372 1.111551 -0.474143 
2373 1.150623 -0.460060 
2374 1.103365 -0.506492 
2375 1.110059 -0.468770 
2376 1.205818 -0.379615 
2377 1.162010 -0.421884 
2378 1.215237 -0.414670 
2379 1.148362 -0.463234 
2380 1.158133 -0.450223 
2381 1.215351 -0.373398 
2382 1.060101 -0.576991 
2383 1.051342 -0.636689 
2384 1.126660 -0.495550 
2385 1.057968 -0.633666 
2386 1.177320 -0.559580 
2387 1.118783 -0.592159 
2388 0.996792 -0.704367 
2389 0.975199 -0.713354 
2390 1.148220 -0.491436 
2391 1.171238 -0.434275 
2392 0.978842 -0.702362 
2393 0.918341 -0.801686 
2394 1.002447 -0.628731 
2395 1.097799 -0.476307 
2396 1.200932 -0.378666 
2397 1.152288 -0.431831 
2398 1.028151 -0.649537 
2399 1.053726 -0.620656 
2400 1.047432 -0.585844 
2401 1.084176 -0.498441 
2402 1.059808 -0.555808 
2403 1.098111 -0.496993 
2404 1.000616 -0.665564 
2405 1.095244 -0.499471 
2406 1.174016 -0.431842 
2407 1.014233 -0.586052 
2408 1.107577 -0.525058 
2409 1.100869 -0.521219 
2410 1.042467 -0.645457 
2411 1.111716 -0.530150 
2412 1.092688 -0.593565 
2413 1.159977 -0.400781 
2414 0.938169 -0.732568 
2415 1.112207 -0.483334 
2416 1.144818 -0.424517 
2417 1.018804 -0.695347 
2418 1.086143 -0.518331 
2419 1.191768 -0.344468 
2420 1.070665 -0.619606 
2421 1.039719 -0.617902 
2422 0.963049 -0.707258 
2423 0.983902 -0.688485 
2424 1.023257 -0.684392 
2425 1.069810 -0.582268 
2426 1.197698 -0.381592 
2427 1.030584 -0.607455 
2428 1.066041 -0.529322 
2429 1.072892 -0.617439 
2430 1.075798 -0.616731 
2431 0.918432 -0.778407 
2432 1.055704 -0.612498 
2433 1.168171 -0.487022 
2434 1.185812 -0.394692 
2435 1.171172 -0.443465 
2436 1.120229 -0.474523 
2437 1.069328 -0.557359 
2438 1.001471 -0.654773 
2439 1.068048 -0.604911 
2440 0.969051 -0.761938 
2441 1.002965 -0.671986 
2442 0.949693 -0.720472 
2443 1.097512 -0.492452 
2444 1.081225 -0.536387 
2445 1.233278 -0.355193 
2446 1.154004 -0.435914 
2447 1.123019 -0.463747 
2448 1.034539 -0.625970 
2449 1.169824 -0.406539 
2450 1.001953 -0.625317 
2451 0.995298 -0.631230 
2452 0.932450 -0.720762 
2453 1.091255 -0.591169 
2454 1.127073 -0.478122 
2455 1.070760 -0.586611 
2456 1.041481 -0.667108 
2457 0.956132 -0.755570 
2458 1.046158 -0.630586 
2459 1.111976 -0.569709 
2460 1.176586 -0.425585 
2461 0.972250 -0.837012 
2462 1.123145 -0.569380 
2463 1.088961 -0.638391 
2464 1.124762 -0.491013 
2465 1.153447 -0.472381 
2466 1.197020 -0.358789 
2467 1.086289 -0.517032 
2468 1.138321 -0.493886 
2469 1.254163 -0.344963 
2470 1.216560 -0.372826 
2471 1.023554 -0.748173 
2472 1.261306 -0.341581 
2473 1.039840 -0.765602 
2474 1.186596 -0.431987 
2475 1.153325 -0.481088 
2476 1.039506 -0.670338 
2477 1.155904 -0.507098 
2478 1.089695 -0.530400 
2479 1.088491 -0.528930 
2480 1.237138 -0.357898 
2481 1.061081 -0.619220 
2482 1.099109 -0.581523 
2483 1.032748 -0.658627 
2484 1.092222 -0.496059 
2485 1.137470 -0.511955 
2486 0.718800 -1.184784 
2487 1.049149 -0.601490 
2488 1.143753 -0.474523 
2489 1.079896 -0.566303 
2490 0.892710 -0.818070 
2491 0.969404 -0.737261 
2492 1.167338 -0.424248 
2493 1.081331 -0.517322 
2494 1.027129 -0.670808 
2495 1.212680 -0.335219 
2496 0.952789 -0.757423 
2497 0.966093 -0.700329 
2498 1.124927 -0.464879 
2499 0.970313 -0.779541 
2500 1.131272 -0.482681 
2501 1.060017 -0.645035 
2502 1.060578 -0.555651 
2503 1.046285 -0.651145 
2504 1.039442 -0.627926 
2505 1.083908 -0.666487 
2506 1.147071 -0.537161 
2507 1.121090 -0.565601 
2508 1.202292 -0.409573 
2509 1.127830 -0.486856 
2510 1.074426 -0.570892 
2511 1.162505 -0.463235 
2512 1.056383 -0.624734 
2513 0.944186 -0.724272 
2514 1.182806 -0.385489 
2515 0.965268 -0.611663 
2516 0.998966 -0.629527 
2517 0.957349 -0.726576 
2518 0.952693 -0.734966 
2519 1.058064 -0.510995 
2520 1.095091 -0.500387 
2521 1.123270 -0.507110 
2522 0.891418 -1.052395 
2523 0.975690 -0.731905 
2524 1.057551 -0.560477 
2525 1.041386 -0.636969 
2526 1.140565 -0.453967 
2527 1.048320 -0.610407 
2528 1.190906 -0.390189 
2529 0.936401 -0.802547 
2530 1.173815 -0.426465 
2531 1.150594 -0.448978 
2532 0.935348 -0.729598 
2533 1.140850 -0.454298 
2534 1.064293 -0.547748 
2535 1.123986 -0.518258 
2536 0.990617 -0.723369 
2537 0.970492 -0.721444 
2538 1.182765 -0.452900 
2539 1.200279 -0.350385 
2540 1.074985 -0.514866 
2541 1.100683 -0.535304 
2542 1.247982 -0.327870 
2543 1.262842 -0.292793 
2544 1.187536 -0.449228 
2545 1.034545 -0.663794 
2546 1.022604 -0.656541 
2547 1.033892 -0.639295 
2548 1.076007 -0.610666 
2549 1.098058 -0.590861 
2550 1.079017 -0.536302 
2551 1.176446 -0.476063 
2552 1.094834 -0.555437 
2553 0.953962 -0.741122 
2554 1.050433 -0.657884 
2555 1.117005 -0.578051 
2556 1.245114 -0.357421 
2557 0.941237 -0.781744 
2558 1.048215 -0.624857 
2559 1.072865 -0.542573 
2560 1.137776 -0.439786 
2561 1.098375 -0.555178 
2562 0.989903 -0.652482 
2563 1.054813 -0.589676 
2564 1.158051 -0.487245 
2565 0.956256 -0.872470 
2566 1.003061 -0.678607 
2567 1.054879 -0.629328 
2568 1.084466 -0.580207 
2569 1.221474 -0.394104 
2570 1.202065 -0.369324 
2571 1.030377 -0.586931 
2572 1.107939 -0.548039 
2573 1.078130 -0.550661 
2574 1.116013 -0.520414 
2575 1.029711 -0.636483 
2576 1.011686 -0.655872 
2577 1.103392 -0.564794 
2578 1.152010 -0.429359 
2579 0.950707 -0.804340 
2580 1.079815 -0.550493 
2581 1.188513 -0.399717 
2582 1.121631 -0.527252 
2583 1.120553 -0.532546 
2584 1.066734 -0.561294 
2585 1.188173 -0.368266 
2586 1.007424 -0.691664 
2587 1.109190 -0.571525 
2588 1.148553 -0.503680 
2589 1.149835 -0.503348 
2590 0.984240 -0.691796 
2591 1.068795 -0.533959 
2592 0.991691 -0.645226 
2593 1.125809 -0.528242 
2594 1.274085 -0.325876 
2595 0.930953 -0.749053 
2596 1.060689 -0.603525 
2597 1.076889 -0.579135 
2598 1.119695 -0.495882 
2599 1.200225 -0.407205 
2600 1.126409 -0.490657 
2601 1.124573 -0.534856 
2602 1.228168 -0.353847 
2603 1.157264 -0.482143 
2604 1.062809 -0.583151 
2605 1.099391 -0.597428 
2606 1.019046 -0.649421 
2607 1.026798 -0.608292 
2608 1.117136 -0.524392 
2609 1.271758 -0.312269 
2610 1.098616 -0.592857 
2611 1.051826 -0.626182 
2612 1.162564 -0.464867 
2613 1.152220 -0.451048 
2614 1.255378 -0.347751 
2615 1.208025 -0.358337 
2616 1.013904 -0.629400 
2617 1.092169 -0.496733 
2618 1.139510 -0.462804 
2619 0.975436 -0.710950 
2620 1.021376 -0.644473 
2621 1.151823 -0.498033 
2622 1.005815 -0.637753 
2623 1.099681 -0.515783 
2624 1.016677 -0.640951 
2625 1.122780 -0.490072 
2626 1.025474 -0.652995 
2627 1.010273 -0.621124 
2628 1.039165 -0.599131 
2629 1.035996 -0.622673 
2630 0.963908 -0.723646 
2631 1.074377 -0.528100 
2632 1.187012 -0.381619 
2633 1.154266 -0.440645 
2634 1.194913 -0.365522 
2635 1.058179 -0.592292 
2636 1.060750 -0.603244 
2637 0.903412 -0.768368 
2638 1.012298 -0.564481 
2639 1.109459 -0.596475 
2640 1.101364 -0.583404 
2641 1.114647 -0.487611 
2642 0.966737 -0.755374 
2643 1.073964 -0.516706 
2644 1.197044 -0.387572 
2645 1.028170 -0.614231 
2646 1.023599 -0.660083 
2647 1.145409 -0.522340 
2648 1.108699 -0.511451 
2649 0.990335 -0.615699 
2650 1.053322 -0.567364 
2651 0.999872 -0.661008 
2652 1.161377 -0.433289 
2653 1.123296 -0.448559 
2654 1.118570 -0.485620 
2655 0.952762 -0.836516 
2656 1.117853 -0.476272 
2657 1.099855 -0.552678 
2658 1.025978 -0.675384 
2659 1.079277 -0.531429 
2660 1.031143 -0.610433 
2661 1.198811 -0.362488 
2662 1.179575 -0.402712 
2663 0.945128 -0.874710 
2664 0.958233 -0.730044 
2665 1.177657 -0.380074 
2666 0.959935 -0.851859 
2667 1.075565 -0.687804 
2668 1.011103 -0.713645 
2669 1.084339 -0.588934 
2670 1.195744 -0.500337 
2671 0.993833 -0.799698 
2672 1.214872 -0.368194 
2673 1.108957 -0.507321 
2674 1.205567 -0.335502 
2675 1.086277 -0.608021 
2676 1.100401 -0.519473 
2677 1.140068 -0.450037 
2678 1.012797 -0.775320 
2679 1.139500 -0.560803 
2680 1.080391 -0.613722 
2681 0.748842 -1.170533 
2682 1.066512 -0.633540 
2683 0.999147 -0.897582 
2684 0.965693 -0.869029 
2685 1.065681 -0.622334 
2686 1.070401 -0.605759 
2687 1.058032 -0.669824 
2688 1.090189 -0.561317 
2689 1.143892 -0.575567 
2690 1.162275 -0.480608 
2691 1.265810 -0.345072 
2692 1.118194 -0.544448 
2693 1.070942 -0.706744 
2694 1.185279 -0.426458 
2695 1.057397 -0.669952 
2696 1.110317 -0.539178 
2697 1.071246 -0.587586 
2698 1.121076 -0.526938 
2699 0.999161 -0.736650 
2700 1.222730 -0.400782 
2701 1.115389 -0.496570 
2702 0.868237 -0.999068 
2703 1.061380 -0.598439 
2704 0.985201 -0.674388 
2705 1.126092 -0.501627 
2706 1.083616 -0.597789 
2707 0.986214 -0.762155 
2708 1.134633 -0.532336 
2709 1.154150 -0.483360 
2710 1.180207 -0.430768 
2711 1.185776 -0.462481 
2712 1.179861 -0.448137 
2713 0.778027 -1.276466 
2714 1.086088 -0.594397 
2715 1.102099 -0.568934 
2716 0.939162 -0.881799 
2717 1.103263 -0.547226 
2718 0.986644 -0.741575 
2719 1.200934 -0.426723 
2720 0.983746 -0.727811 
2721 0.952826 -0.680204 
2722 1.065427 -0.613957 
2723 1.132626 -0.490005 
2724 1.105599 -0.553415 
2725 1.010947 -0.740527 
2726 0.940300 -0.789418 
2727 1.053923 -0.631220 
2728 0.965444 -0.738530 
2729 1.055255 -0.620721 
2730 0.962502 -0.810095 
2731 0.983763 -0.662001 
2732 0.992652 -0.686233 
2733 1.096355 -0.497283 
2734 1.107797 -0.458058 
2735 1.166975 -0.444934 
2736 1.060431 -0.466715 
2737 1.095185 -0.454453 
2738 1.053865 -0.549560 
2739 1.137045 -0.460922 
2740 1.059887 -0.601359 
2741 1.195013 -0.397889 
2742 1.113842 -0.560488 
2743 1.226194 -0.309463 
2744 0.970543 -0.706959 
2745 1.005258 -0.591136 
2746 1.104599 -0.524205 
2747 1.094845 -0.457548 
2748 1.011249 -0.546332 
2749 1.106460 -0.480117 
2750 0.900777 -0.896049 
2751 1.089042 -0.609031 
2752 1.045061 -0.561338 
2753 1.038037 -0.584853 
2754 1.085168 -0.559017 
2755 1.171290 -0.401055 
2756 1.082003 -0.503212 
2757 1.214936 -0.311524 
2758 0.961763 -0.715717 
2759 1.025270 -0.693552 
2760 0.963790 -0.756535 
2761 1.010940 -0.621515 
2762 1.080810 -0.529284 
2763 1.134297 -0.461556 
2764 1.242540 -0.321482 
2765 1.084948 -0.502219 
2766 1.203644 -0.338940 
2767 1.002504 -0.602074 
2768 1.227700 -0.330050 
2769 1.059550 -0.577167 
2770 1.090466 -0.553784 
2771 0.958599 -0.866748 
2772 1.189636 -0.464923 
2773 0.952285 -0.717576 
2774 1.145555 -0.438467 
2775 1.081462 -0.553473 
2776 1.170133 -0.437983 
2777 1.074972 -0.601576 
2778 1.108964 -0.527645 
2779 1.118457 -0.549599 
2780 1.012288 -0.825310 
2781 1.069110 -0.524370 
2782 1.069829 -0.626279 
2783 1.236965 -0.353042 
2784 1.091123 -0.595384 
2785 1.149338 -0.487855 
2786 1.165903 -0.485625 
2787 0.991706 -0.723254 
2788 1.249850 -0.362264 
2789 1.068338 -0.616547 
2790 1.172184 -0.488630 
2791 0.898064 -0.979286 
2792 1.101088 -0.503394 
2793 1.188624 -0.428235 
2794 1.033097 -0.665655 
2795 1.140715 -0.538775 
2796 1.202508 -0.389686 
2797 1.203390 -0.408265 
2798 1.258498 -0.364656 
2799 0.974636 -0.927612 
2800 1.180358 -0.412594 
2801 1.024393 -0.635529 
2802 1.084544 -0.609976 
2803 1.121887 -0.569346 
2804 1.104174 -0.546215 
2805 1.268928 -0.301549 
2806 1.227214 -0.379351 
2807 1.276210 -0.316352 
2808 1.110874 -0.550579 
2809 1.200333 -0.442417 
2810 1.143746 -0.481068 
2811 1.229614 -0.370130 
2812 0.939486 -0.865201 
2813 1.134206 -0.484219 
2814 1.146821 -0.596915 
2815 1.141963 -0.504867 
2816 1.121198 -0.525998 
2817 1.013313 -0.634589 
2818 1.037852 -0.698560 
2819 1.115566 -0.515472 
2820 0.999605 -0.767747 
2821 1.231357 -0.404211 
2822 1.118899 -0.578455 
2823 1.131774 -0.576193 
2824 0.873105 -1.116259 
2825 0.927046 -0.878682 
2826 1.143044 -0.450379 
2827 1.111525 -0.498515 
2828 1.221350 -0.414944 
2829 1.046451 -0.605542 
2830 1.033225 -0.667786 
2831 1.157817 -0.431553 
2832 1.097735 -0.515780 
2833 1.032876 -0.587163 
2834 0.951897 -0.712337 
2835 1.007209 -0.610611 
2836 1.178430 -0.396653 
2837 1.031973 -0.621096 
2838 0.946134 -0.751906 
2839 1.158846 -0.479819 
2840 1.050489 -0.584081 
2841 1.087807 -0.524609 
2842 1.046135 -0.621228 
2843 1.057548 -0.590908 
2844 1.047053 -0.603424 
2845 0.983261 -0.659255 
2846 1.089994 -0.562722 
2847 1.134095 -0.421764 
2848 1.122503 -0.490349 
2849 1.012126 -0.618017 
2850 1.040053 -0.659185 
2851 1.013705 -0.667762 
2852 1.127227 -0.464745 
2853 1.075039 -0.562625 
2854 1.077787 -0.473098 
2855 1.031088 -0.719340 
2857 0.879808 -0.897610 
2858 1.142210 -0.477380 
2859 1.107088 -0.503111 
2860 1.153941 -0.495094 
2861 1.110446 -0.577675 
2862 1.152019 -0.425757 
2863 0.997781 -0.671781 
2864 0.905153 -0.843246 
2865 1.079446 -0.536898 
2866 1.128005 -0.476501 
2867 1.110636 -0.543324 
2868 1.065944 -0.643134 
2869 1.116573 -0.513987 
2870 1.188165 -0.385489 
2871 1.082569 -0.580858 
2872 1.176154 -0.442512 
2873 1.113395 -0.506698 
2874 1.066169 -0.668254 
2875 0.845230 -0.880610 
2876 0.938171 -0.822168 
2877 0.934861 -0.761745 
2878 0.970266 -0.824785 
2879 1.071147 -0.518224 
2880 1.079174 -0.522401 
2881 1.072292 -0.556686 
2882 1.076324 -0.514972 
2883 1.013032 -0.657179 
2884 1.060202 -0.559098 
2885 0.963197 -0.689278 
2886 0.878963 -0.946936 
2887 1.150447 -0.417371 
2888 1.080126 -0.514890 
2889 0.998476 -0.641403 
2890 0.970949 -0.748628 
2891 1.077331 -0.531842 
2892 1.141479 -0.345874 
2893 0.977340 -0.710650 
2894 1.124786 -0.462379 
2895 1.036979 -0.556664 
2896 1.013219 -0.633994 
2897 1.124292 -0.427980 
2898 1.035150 -0.565938 
2899 1.055269 -0.488041 
2900 1.110305 -0.482341 
2901 1.127199 -0.465201 
2902 1.042147 -0.576911 
2903 1.218055 -0.314689 
2904 1.145773 -0.448197 
2905 0.951800 -0.668358 
2906 1.077059 -0.500095 
2911 1.005511 -0.623072 
2912 1.199218 -0.372661 
2913 1.166279 -0.379429 
2914 1.074587 -0.468319 
2915 1.002940 -0.599792 
2916 1.092043 -0.431418 
2917 0.876718 -0.740137 
2918 1.004716 -0.654805 
2919 0.907621 -0.771579 
2920 0.989768 -0.666365 
2921 1.104877 -0.442485 
2922 1.099064 -0.442697 
2923 0.912453 -0.793678 
2924 0.998341 -0.578715 
2925 1.098309 -0.444074 
2926 1.045191 -0.548057 
2927 1.256060 -0.141759 
