161 -0.17038719356060028 0.018083710223436356
164 -2.190103054046631 -0.054408375173807144
169 -2.1911654472351074 -0.05434833839535713
170 -2.1907005310058594 -0.054419588297605515
171 -2.19115948677063 -0.05434824153780937
172 -2.18880295753479 -0.05438472330570221
173 -2.1901321411132812 -0.05468917265534401
174 -2.1888935565948486 -0.05448685213923454
175 -2.1877384185791016 -0.05432994291186333
176 -2.1905457973480225 -0.054311927407979965
177 -2.1902995109558105 -0.054742150008678436
178 -2.1891160011291504 -0.05434294417500496
179 -2.1886091232299805 -0.05476667732000351
180 -2.189755439758301 -0.05447518825531006
181 -2.191169500350952 -0.05434826761484146
182 -2.1882035732269287 -0.054258666932582855
183 -2.1889779567718506 -0.0542287677526474
184 -2.188894271850586 -0.054486848413944244
185 -2.1890885829925537 -0.05423571169376373
186 -2.18853759765625 -0.054683975875377655
187 -2.1902313232421875 -0.05423611029982567
189 -2.1883323192596436 -0.05434180423617363
190 -2.190082311630249 -0.05425788462162018
191 -2.1890981197357178 -0.0543833002448082
192 -2.190112829208374 -0.05431370809674263
193 -2.190680503845215 -0.05445925518870354
194 -2.189344644546509 -0.0542038232088089
195 -2.1881771087646484 -0.054339449852705
196 -2.189014434814453 -0.05425456538796425
197 -2.187532901763916 -0.05429453030228615
198 -2.1911845207214355 -0.054346609860658646
199 -2.189755916595459 -0.05447520688176155
200 -2.190476417541504 -0.05442499741911888
201 -2.1881580352783203 -0.05434844642877579
202 -2.1907124519348145 -0.05422360450029373
203 -2.188612699508667 -0.05467860773205757
204 -2.18975567817688 -0.05447525158524513
205 -2.188978910446167 -0.054228730499744415
208 -2.1900382041931152 -0.05429530516266823
209 -2.1901323795318604 -0.05468914657831192
210 -2.18912410736084 -0.054366689175367355
211 -2.1881656646728516 -0.054199885576963425
212 -2.188124418258667 -0.054557155817747116
213 -2.1878561973571777 -0.054240673780441284
214 -2.188977003097534 -0.054228775203228
215 -2.1883323192596436 -0.05434165522456169
218 -2.1890971660614014 -0.05423560366034508
219 -2.1882009506225586 -0.0544147826731205
220 -2.1891772747039795 -0.05448157340288162
221 -2.191171407699585 -0.054348330944776535
222 -2.1890501976013184 -0.054510388523340225
223 -2.1915316581726074 -0.056703824549913406
224 -2.1911635398864746 -0.05450409650802612
225 -2.1881136894226074 -0.05439392104744911
226 -2.1911609172821045 -0.05434827134013176
227 -2.188793659210205 -0.05436106026172638
228 -2.1892523765563965 -0.05437564104795456
229 -2.1889843940734863 -0.054168082773685455
230 -2.1889052391052246 -0.05466878414154053
231 -2.1891281604766846 -0.0543665811419487
232 -2.19012713432312 -0.054402559995651245
233 -2.1911685466766357 -0.054348234087228775
234 -2.1900486946105957 -0.0543699711561203
235 -2.1901323795318604 -0.05468915030360222
236 -2.188124895095825 -0.0545571967959404
237 -2.187652111053467 -0.054734133183956146
238 -2.1903867721557617 -0.05428898707032204
239 -2.1889889240264893 -0.054228704422712326
240 -2.189014434814453 -0.05425455421209335
241 -2.1891965866088867 -0.05419742316007614
242 -2.1893162727355957 -0.05468520522117615
243 -2.1904449462890625 -0.05425022915005684
244 -2.1882028579711914 -0.05433979630470276
245 -2.1889760494232178 -0.05422874540090561
246 -2.188173294067383 -0.05433937534689903
247 -2.190445899963379 -0.05424678325653076
248 -2.188169002532959 -0.05423009395599365
249 -2.188779354095459 -0.054433196783065796
250 -2.190131902694702 -0.054689157754182816
251 -2.1890597343444824 -0.05433747172355652
252 -2.188905715942383 -0.05466881021857262
253 -2.189319372177124 -0.05468524992465973
254 -2.1877808570861816 -0.05429697781801224
255 -2.188176393508911 -0.05433938279747963
256 -2.1916685104370117 -0.054317981004714966
257 -2.1886677742004395 -0.05443434417247772
258 -2.1901259422302246 -0.05440254509449005
259 -2.187373161315918 -0.05459163710474968
260 -2.1891884803771973 -0.0544816292822361
261 -2.189845323562622 -0.0541624054312706
262 -1.3858518600463867 -1.509204387664795
263 -2.982686758041382 0.4475322961807251
264 -3.7838785648345947 0.4234486520290375
265 -2.861233711242676 -0.7057654857635498
266 -3.621887445449829 -0.9378675818443298
267 -3.0402891635894775 0.42138347029685974
268 -2.1313421726226807 -1.7127119302749634
269 -3.0170512199401855 1.4495302438735962
270 -2.0034568309783936 1.6169826984405518
271 -3.0402932167053223 0.42137759923934937
272 -2.9753379821777344 0.4539743959903717
273 -1.4818542003631592 1.3844102621078491
274 -2.52714467048645 0.7838254570960999
275 -2.4998230934143066 0.7961803078651428
276 -2.4129416942596436 1.6034950017929077
277 -3.1286561489105225 -0.15755043923854828
278 -2.8127501010894775 -1.576219081878662
279 -1.8865684270858765 -1.4881566762924194
280 -2.381847381591797 -0.9771475791931152
281 -1.841988444328308 1.44869065284729
282 -3.0173561573028564 1.4424561262130737
283 -3.0124289989471436 0.38078048825263977
284 -1.381727695465088 -1.405781626701355
285 -2.903571844100952 0.4869937002658844
286 -3.627293586730957 0.40376827120780945
287 -3.0207223892211914 0.43017587065696716
288 -1.37989342212677 1.4025554656982422
289 -3.0455093383789062 0.4169459640979767
290 -2.7372961044311523 -1.6086848974227905
291 -2.8577754497528076 -1.566115379333496
292 -3.7945501804351807 0.32905295491218567
293 -3.064577579498291 -0.04821282625198364
294 -2.8782031536102295 -0.7318230867385864
295 -2.2483575344085693 -1.7244895696640015
296 -2.2966580390930176 -1.7167482376098633
297 -1.6111526489257812 -1.603685736656189
298 -3.1562750339508057 -1.4173922538757324
299 -2.9904069900512695 0.43084120750427246
300 -2.526167631149292 -0.9422131776809692
301 -3.2672359943389893 -0.24134083092212677
302 -3.173351287841797 -0.21417218446731567
303 -2.4097049236297607 1.6006662845611572
304 -3.142613649368286 -0.23799173533916473
305 -3.8041293621063232 0.3702930808067322
306 -2.7135770320892334 -1.6343106031417847
307 -3.7309722900390625 -0.7301367521286011
308 -3.2670016288757324 -0.24150943756103516
309 -3.8786890506744385 -0.14922834932804108
310 -2.9468185901641846 0.4680109918117523
311 -2.40515398979187 1.5943485498428345
312 -1.198464035987854 -1.3926173448562622
313 -3.2118260860443115 -0.7700755596160889
314 -2.198368549346924 0.8436406850814819
315 -2.3967082500457764 0.8878467679023743
316 -2.2798094749450684 -1.7224482297897339
317 -2.3243184089660645 -0.9977089762687683
318 -3.3807828426361084 -1.2588969469070435
319 -2.5718443393707275 0.7702623605728149
320 -3.71687388420105 0.7259469628334045
321 -2.427260398864746 0.8736465573310852
322 -2.957749843597412 0.45812323689460754
323 -3.100548267364502 1.28192937374115
324 -2.3257651329040527 -1.7115299701690674
325 -1.3652657270431519 1.4056689739227295
326 -3.871540069580078 -0.11380045115947723
327 -2.8731448650360107 -0.6972474455833435
328 -2.8866944313049316 -0.6981170773506165
329 -3.8872175216674805 -0.24424628913402557
330 -2.462383270263672 -0.9535199403762817
331 -3.646435260772705 -0.5361035466194153
332 -3.194927930831909 -0.2284967452287674
333 -2.338364362716675 -0.9932543039321899
334 -2.406946897506714 0.8189770579338074
335 -2.3582186698913574 1.5986089706420898
336 -2.5363903045654297 1.5885010957717896
337 -1.1856547594070435 -1.3834556341171265
338 -2.077341079711914 1.5748274326324463
339 -3.5882954597473145 -0.9823472499847412
340 -2.892385959625244 -0.6657555103302002
341 -2.1891045570373535 -0.054342955350875854
342 -0.7883903384208679 -0.9461666345596313
343 -1.4262633323669434 0.5217112302780151
344 -1.5290716886520386 -0.6752641797065735
345 -0.619321346282959 0.5711649060249329
346 -1.777483344078064 0.7640237808227539
347 -2.4046754837036133 -0.9873319268226624
348 -3.355335235595703 1.1525601148605347
349 -2.3589837551116943 0.8218234181404114
350 -1.3662526607513428 1.4205416440963745
351 -3.0669307708740234 -0.07576631009578705
352 -3.1168031692504883 1.2808971405029297
353 -2.87833309173584 -0.6693465113639832
354 -3.2130041122436523 1.0658646821975708
355 -2.879429817199707 -0.6986806988716125
356 -2.1851933002471924 0.8516241908073425
357 -3.7709386348724365 -0.6346390247344971
358 -2.6047775745391846 0.756804347038269
359 -3.064439296722412 -0.05003451183438301
360 -3.8178486824035645 -0.5994369387626648
361 -3.362654447555542 1.1210955381393433
362 -2.506302833557129 0.793621301651001
363 -2.8929569721221924 -0.6670827269554138
364 -3.793092727661133 0.3554595708847046
365 -1.746400237083435 1.4973310232162476
366 -1.791326642036438 -1.5824745893478394
367 -1.9652458429336548 1.6155636310577393
368 -2.1151490211486816 0.9021407961845398
369 -2.9407436847686768 0.42855942249298096
370 -1.6200281381607056 -1.612273931503296
371 -2.674161195755005 -1.648242712020874
372 -2.0461843013763428 -1.7219676971435547
373 -1.8205749988555908 1.4789763689041138
374 -1.1997051239013672 -1.3926788568496704
375 -2.747302770614624 -0.7969021201133728
376 -2.8155040740966797 1.4303562641143799
377 -3.355267286300659 1.1526153087615967
378 -1.4042800664901733 1.4022789001464844
379 -2.821584463119507 -0.7256360650062561
380 -2.582655429840088 0.7647117972373962
381 -2.4621026515960693 -0.954380452632904
382 -3.871542453765869 -0.11381243169307709
383 -1.193326473236084 -1.3585892915725708
384 -2.5471043586730957 -0.9406223893165588
385 -3.1840476989746094 -0.2537860572338104
386 -2.272321939468384 0.8494800329208374
387 -3.5928618907928467 -0.9774199724197388
388 -2.9052188396453857 1.4479122161865234
389 -1.7547136545181274 -1.6487957239151
390 -3.3111891746520996 -1.3166710138320923
391 -3.5615334510803223 0.9554092884063721
392 -3.064617395401001 -0.048033155500888824
393 -3.3388512134552 -1.2974913120269775
394 -2.6046910285949707 0.7565651535987854
395 -2.3406341075897217 0.8674201965332031
396 -3.0045318603515625 -0.651308536529541
397 -3.6470143795013428 0.8005112409591675
398 -3.8715221881866455 -0.1135832890868187
399 -2.957749128341675 0.4581214189529419
400 -2.9555325508117676 0.45545700192451477
401 -2.8588967323303223 -1.565648078918457
402 -1.5885850191116333 1.3720171451568604
403 -1.7899658679962158 -1.5927945375442505
404 -3.793890953063965 0.36479824781417847
405 -2.327343702316284 -0.9976457953453064
406 -2.003345489501953 1.581109881401062
407 -2.3415470123291016 0.8215143084526062
408 -1.177725076675415 -1.3677393198013306
409 -2.8813223838806152 -0.676884114742279
410 -2.3197968006134033 -1.0003482103347778
411 -2.7085371017456055 1.4512689113616943
412 -2.881254196166992 -0.6694850325584412
413 -2.342583417892456 -0.9890841841697693
414 -3.0937395095825195 -0.13287369906902313
415 -2.383167266845703 -0.9766806364059448
416 -3.2925093173980713 1.0037504434585571
417 -3.127829074859619 -0.16320541501045227
418 -2.5697689056396484 0.7698298692703247
419 -3.1563165187835693 -1.4173685312271118
420 -3.283048391342163 -1.334162712097168
421 -3.266843318939209 -0.2416256219148636
422 -3.687249183654785 0.710166871547699
423 -2.334446668624878 -0.9977716207504272
424 -3.0658087730407715 -0.07388262450695038
425 -3.7981297969818115 -0.7674209475517273
426 -1.8755649328231812 -0.8968529105186462
427 -0.9605485796928406 1.0522221326828003
428 -0.5461335778236389 -0.38027819991111755
429 -0.9470382928848267 1.043866753578186
430 -0.5461329817771912 -0.3802689015865326
431 -0.5895037055015564 0.4326466917991638
432 -1.4237403869628906 0.5176162123680115
433 -0.9605486989021301 1.0522212982177734
434 -0.7835792303085327 -0.9409701824188232
435 -1.6466830968856812 -0.8251984715461731
436 -0.5461304187774658 -0.3802662193775177
437 -1.8755680322647095 -0.8968538641929626
438 -0.9470350742340088 1.043867588043213
439 -0.5461418628692627 -0.38032227754592896
440 -1.3162293434143066 0.17350934445858002
441 -1.2426296472549438 0.08511696010828018
442 -1.2557260990142822 -0.2698667049407959
443 -1.3152790069580078 0.17225958406925201
444 -1.8629448413848877 -0.8974738717079163
445 -1.2926349639892578 -0.35145989060401917
446 -1.7712069749832153 0.7616166472434998
447 -0.5461377501487732 -0.3802989721298218
448 -1.7759652137756348 0.763323962688446
449 -1.2307043075561523 0.07918385416269302
450 -1.51565420627594 -0.6892839074134827
451 -0.5602434277534485 0.03289195895195007
452 -0.7835748195648193 -0.9409593343734741
453 -0.7855523824691772 0.7795554995536804
454 -0.7835696935653687 -0.9409617781639099
455 -1.3983094692230225 -0.46924397349357605
456 -1.8792747259140015 -0.8973807096481323
457 -0.6205047369003296 0.5723137259483337
458 -1.2468721866607666 0.0825602263212204
459 -1.2593380212783813 -0.3191174566745758
460 -1.52994704246521 -0.6791755557060242
461 -1.5075830221176147 -0.6729788780212402
462 -0.5609129667282104 0.05077614635229111
463 -1.2953224182128906 0.1645287126302719
464 -1.3126300573349 -0.36383792757987976
465 -1.7763875722885132 0.7635216116905212
466 -0.5461307764053345 -0.3802444338798523
467 -1.4279545545578003 0.5229554176330566
468 -0.6198263764381409 0.5721839666366577
469 -1.3145740032196045 0.17914873361587524
470 -1.7759681940078735 0.7633271217346191
471 -1.308801531791687 -0.3781910836696625
472 -1.772255301475525 0.7621234059333801
473 -0.6200273633003235 0.5709935426712036
474 -1.3128548860549927 0.17225874960422516
475 -1.3175617456436157 0.1765148639678955
476 -1.8792742490768433 -0.8973819613456726
477 -1.7786173820495605 0.7645634412765503
478 -0.7835749983787537 -0.940963864326477
479 -1.5231109857559204 -0.670219361782074
480 -0.948555588722229 1.050387978553772
481 -1.436440348625183 0.5202192068099976
482 -1.4351040124893188 0.5300706624984741
483 -0.5610085129737854 0.051848478615283966
484 -1.2184871435165405 -0.24839787185192108
485 -0.948554515838623 1.0503895282745361
486 -1.8755664825439453 -0.8968532681465149
487 -1.230703592300415 0.07915079593658447
488 -1.4262758493423462 0.5210422277450562
489 -1.8661693334579468 -0.8973386287689209
490 -1.7755213975906372 0.7631160616874695
491 -1.4280747175216675 0.522162675857544
492 -1.5643460750579834 -0.7134610414505005
493 -1.5361796617507935 -0.6986567378044128
494 -1.3161885738372803 -0.38370391726493835
495 -1.4412373304367065 0.5381237268447876
496 -1.6012232303619385 -0.7588269710540771
497 -1.094664454460144 -0.02224082313477993
498 -1.263343334197998 -0.3234958052635193
499 -1.7756808996200562 0.7631931304931641
500 -1.6028460264205933 -0.7664970755577087
501 -0.5474446415901184 0.04707089066505432
502 -0.7885655164718628 -0.9464629888534546
503 -1.4262655973434448 0.5217165946960449
504 -1.3319035768508911 -0.37569886445999146
505 -1.8755600452423096 -0.8968509435653687
506 -1.7712093591690063 0.7616191506385803
507 -0.5895209908485413 0.4326515197753906
508 -0.7885552644729614 -0.9464581608772278
509 -1.2880616188049316 -0.34818655252456665
510 -1.8661597967147827 -0.8973399996757507
511 -1.7712076902389526 0.7616167068481445
512 -2.188809871673584 -0.05444881692528725
513 -2.1900811195373535 -0.054257869720458984
