1 1.646682858467102 0.22270183265209198
2 -0.486754834651947 0.014871714636683464
3 -0.4867584705352783 0.014871726743876934
4 -0.48675844073295593 0.014871742576360703
5 -0.48675253987312317 0.014871771447360516
6 -0.48675286769866943 0.015159016475081444
7 -0.4867149591445923 0.015017402358353138
8 -0.48675477504730225 0.014871706254780293
9 -0.48675480484962463 0.01487178448587656
10 -0.48675477504730225 0.01487170159816742
11 -0.4866739511489868 0.014885234646499157
12 -0.4867527484893799 0.01479019969701767
13 -0.48675841093063354 0.01487165316939354
14 -0.4867584705352783 0.014871688559651375
15 -0.4867525100708008 0.014871739782392979
16 -0.4866740107536316 0.014885240234434605
17 -0.48675471544265747 0.01487172394990921
18 -0.48667389154434204 0.014885216020047665
19 -0.4867548942565918 0.014871696010231972
20 -0.48675844073295593 0.014871681109070778
21 -0.48675471544265747 0.014871715568006039
22 -0.4867487847805023 0.014839326962828636
23 -0.48675477504730225 0.014871746301651001
24 -0.486672967672348 0.01477716863155365
25 -0.486754834651947 0.014871708117425442
26 -0.48675477504730225 0.014871703460812569
27 -0.48675841093063354 0.014871723018586636
28 -0.4867548942565918 0.014871682040393353
29 -0.48674896359443665 0.014839284121990204
30 -0.48675474524497986 0.014871674589812756
31 -0.4867529571056366 0.014781885780394077
32 -0.486752450466156 0.014871726743876934
33 -0.48675304651260376 0.014782069250941277
34 -0.4867546856403351 0.014871778897941113
35 -0.48675480484962463 0.014871765859425068
36 -0.4867546856403351 0.014871742576360703
37 -0.48675480484962463 0.014871744439005852
38 -0.486754834651947 0.014871714636683464
39 -0.48667293787002563 0.014777155593037605
40 -0.486754834651947 0.014871727675199509
41 -0.4867548644542694 0.014871648512780666
42 -0.48675304651260376 0.014782126992940903
43 -0.48675474524497986 0.01487174816429615
44 -0.48675838112831116 0.014871736988425255
45 -0.4867488741874695 0.014839224517345428
46 -0.4867548644542694 0.014871664345264435
47 -0.48674899339675903 0.014839055947959423
48 -0.4867546856403351 0.014871670864522457
49 -0.4862414002418518 0.014937961474061012
50 -0.486754834651947 0.014871802181005478
51 -0.48675301671028137 0.014782099984586239
52 -0.4867488741874695 0.014839350245893002
53 -0.48675480484962463 0.014871738851070404
54 -0.48675474524497986 0.014871674589812756
55 -0.4866829514503479 0.015012666583061218
56 -0.48651519417762756 0.01482275128364563
57 -0.4867549240589142 0.014871708117425442
58 -0.4867546558380127 0.014871769584715366
59 -0.4867490530014038 0.014839069917798042
60 -0.48675477504730225 0.014871718361973763
61 -0.48675844073295593 0.014871742576360703
62 -0.48675477504730225 0.014871721155941486
63 -0.4867548942565918 0.014871690422296524
64 -0.48675474524497986 0.014871764928102493
65 -0.4864056706428528 0.014873689971864223
66 -0.4867529273033142 0.014790253713726997
67 -0.48675480484962463 0.014871719293296337
68 -0.4867526888847351 0.01515574473887682
69 -0.4864062964916229 0.015010484494268894
70 -0.48675474524497986 0.014871662482619286
71 -0.4866729974746704 0.014777138829231262
72 -0.48674920201301575 0.014839498326182365
73 -0.4867522716522217 0.014872249215841293
74 -0.4867490530014038 0.014838873408734798
75 -0.4867548644542694 0.014871717430651188
76 -0.48675477504730225 0.014871673658490181
77 -0.486674040555954 0.01503913663327694
78 -0.4867546856403351 0.014871742576360703
79 -0.48640599846839905 0.014873775653541088
80 -0.4867488145828247 0.014838902279734612
81 -0.4867545962333679 0.014871756546199322
82 -0.48675474524497986 0.014871706254780293
83 -0.48675480484962463 0.014871636405587196
84 -0.48675474524497986 0.01487170159816742
85 -0.48675471544265747 0.014871715568006039
86 -0.48675835132598877 0.014871763996779919
87 -2.223421812057495 0.4395374655723572
88 -0.48667392134666443 0.0148851927369833
89 0.0011369027197360992 -1.4498387575149536
90 -0.17261388897895813 0.6879945397377014
91 0.5947539806365967 -1.2505191564559937
92 -1.8119940757751465 0.3073306679725647
93 -1.5509694814682007 1.4712402820587158
94 -0.17822742462158203 -0.9227765202522278
95 1.031591534614563 -0.7392323017120361
96 -1.3179441690444946 -1.0385788679122925
97 -1.8841328620910645 0.2575649917125702
98 -0.42757946252822876 0.7377373576164246
99 -1.39882493019104 -0.1675654947757721
100 1.0340052843093872 -0.7251937389373779
101 -1.2793207168579102 1.032690405845642
102 0.3756324052810669 -0.2859523594379425
103 0.5259860157966614 0.6741080284118652
104 -1.5850433111190796 -0.8799298405647278
105 -0.08247282356023788 -0.6550324559211731
106 0.07374465465545654 -1.579935908317566
107 0.5479978322982788 0.1249631717801094
108 -0.8085262775421143 -0.6399338245391846
109 -1.8385584354400635 -1.0969706773757935
110 -1.8677078485488892 -0.18649624288082123
111 -1.6622605323791504 -0.46629059314727783
112 0.4442419707775116 -1.3817604780197144
113 -0.7009073495864868 0.42889901995658875
114 -0.745500922203064 0.43134644627571106
115 -0.465008020401001 -0.2149430811405182
116 -0.7075963020324707 -0.2943296730518341
117 -0.4867549240589142 0.014871708117425442
118 -1.3334556818008423 -0.8036969900131226
119 0.9541373252868652 -0.8515434265136719
120 -0.757152259349823 -0.5888077020645142
121 -0.4440382421016693 0.07701174914836884
122 0.8837660551071167 1.0436811447143555
123 0.8837077617645264 1.036068320274353
124 -0.6822586059570312 -0.38804543018341064
125 -0.44953492283821106 0.09022653102874756
126 -1.083888053894043 0.5825490355491638
127 -0.44068509340286255 0.08624658733606339
128 -0.08278419822454453 -0.9039463400840759
129 -0.051410555839538574 1.1346956491470337
130 0.265248566865921 -1.5047835111618042
131 -1.9907828569412231 -0.8989424705505371
132 0.09615565091371536 0.26387858390808105
133 0.342081755399704 -0.4050891101360321
134 -0.6851828098297119 -1.181430697441101
135 0.07917829602956772 -0.9601563215255737
136 -0.6072692275047302 0.0939934104681015
137 -0.5986039638519287 0.4761509299278259
138 -0.6030580401420593 1.7593200206756592
139 0.5517945885658264 -1.2549405097961426
140 -1.06075119972229 1.1425315141677856
141 0.2460561841726303 0.3940961956977844
142 0.7871741652488708 1.0784506797790527
143 -1.9202882051467896 -0.9971258044242859
144 -0.7056270837783813 0.5058822631835938
145 -0.9404345750808716 -0.8321556448936462
146 0.13489408791065216 0.1315447986125946
147 -0.8452036380767822 0.6375592947006226
148 -0.6813480854034424 -0.325482040643692
149 0.034733086824417114 1.1439694166183472
150 -0.4678325653076172 -1.4216797351837158
151 -0.9095409512519836 -1.7147438526153564
152 -0.4155179560184479 0.04644770175218582
153 -0.22788718342781067 0.0861164927482605
154 -0.8057280778884888 -0.041733045130968094
155 0.590024471282959 1.3815950155258179
156 0.813564658164978 1.071594476699829
157 0.09562109410762787 0.20822788774967194
158 -0.04731455817818642 0.1444796770811081
159 -1.8277177810668945 -0.04290331155061722
160 -0.9181323051452637 0.21412713825702667
161 0.2822093367576599 -1.4872610569000244
162 0.5209000706672668 0.7774181365966797
163 -0.22374798357486725 -0.9538542032241821
164 -1.0369564294815063 1.7426552772521973
165 0.7173178791999817 -1.0191893577575684
166 0.9906193017959595 -0.6598854660987854
167 -0.36636170744895935 0.03780970349907875
168 -0.8410668969154358 0.6404690146446228
169 0.2826243042945862 -1.4892354011535645
170 -1.1611295938491821 0.5289404392242432
171 -1.484761357307434 1.5030620098114014
172 0.4388502836227417 1.495768666267395
173 -0.869674801826477 1.7255425453186035
174 0.10634378343820572 0.2156529575586319
175 -0.2592620253562927 -1.6990790367126465
176 0.26712384819984436 -0.31460005044937134
177 -0.2134200632572174 -0.5663576722145081
178 -2.2100508213043213 -0.3015154004096985
179 -1.6942014694213867 0.5071648955345154
180 -0.808340311050415 -0.6441851258277893
181 -0.736840009689331 1.2838399410247803
182 -0.16655214130878448 -0.936722993850708
183 -1.2757879495620728 -0.003989928402006626
184 -0.6007223725318909 -0.5635553002357483
185 -0.10336879640817642 -0.4467639923095703
186 0.37259817123413086 1.5650266408920288
187 -1.884125828742981 0.24207453429698944
188 -0.27118992805480957 -0.021334024146199226
189 -0.7226923108100891 0.422820121049881
190 -1.7316060066223145 1.2223892211914062
191 -1.1147724390029907 -1.1385167837142944
192 -1.5968668460845947 -1.4200202226638794
193 0.5580781698226929 -1.2919859886169434
194 0.09958916902542114 -0.5308248400688171
195 0.022743061184883118 1.1717748641967773
196 0.5374634265899658 0.17192178964614868
197 -0.5679888129234314 -1.161929726600647
198 -1.1379692554473877 -0.29500889778137207
199 0.02157202921807766 1.1331844329833984
200 -0.13709451258182526 -0.8772391080856323
201 -0.7105115056037903 -0.17233718931674957
202 -0.5443981289863586 0.08977196365594864
203 0.8234548568725586 -1.0439813137054443
204 -0.644843339920044 0.49404677748680115
205 -0.01083812303841114 1.6639124155044556
206 -0.5809528827667236 -0.6133288741111755
207 0.0045566256158053875 -0.5608312487602234
208 -0.47238531708717346 0.0831439346075058
209 -2.1295406818389893 -0.6684185862541199
210 -0.14782820641994476 0.5282756686210632
211 -0.594416081905365 -0.6345577239990234
212 0.09015355259180069 0.2746886909008026
213 -0.10073228180408478 -1.633143663406372
214 -1.3833245038986206 -0.7439637780189514
215 -0.8007597923278809 -0.2729875445365906
216 -0.713387131690979 -0.2831527888774872
217 -1.84043288230896 -1.0940587520599365
218 -0.043350864201784134 0.8492069244384766
219 0.2867797017097473 0.9803783893585205
220 -1.758326530456543 -1.2826474905014038
221 -0.05996670946478844 1.6741782426834106
222 -2.048424005508423 -0.7944090366363525
223 -0.4130531847476959 -0.20121105015277863
224 -0.47169458866119385 0.08653079718351364
225 -0.9172731637954712 0.21898695826530457
226 -1.3311344385147095 -1.5752196311950684
227 -1.8923816680908203 -0.7831925749778748
228 -0.9330731630325317 -1.7107563018798828
229 0.9087053537368774 -0.9406365752220154
230 -0.8071727752685547 -0.03665018081665039
231 -2.2014381885528564 0.5223910212516785
232 0.03856557607650757 1.6725497245788574
233 0.0879163146018982 0.27003252506256104
234 -1.2377089262008667 0.10155920684337616
235 -0.18226568400859833 1.6275992393493652
236 0.4057227671146393 -0.3721177279949188
237 -0.7961034178733826 -0.6325347423553467
238 -1.126115083694458 0.5567399859428406
239 -0.42381736636161804 0.07006794214248657
240 -0.48675471544265747 0.014871715568006039
241 -0.326651006937027 -0.09260931611061096
242 0.07136712968349457 0.16395048797130585
243 -1.053826928138733 -1.6836515665054321
244 -0.11463426798582077 0.08897686004638672
245 -0.47018271684646606 0.10338113456964493
246 -1.4032690525054932 1.5501598119735718
247 0.40796253085136414 -0.26273301243782043
248 -0.4264490008354187 0.07746390253305435
249 -1.7676697969436646 1.230876088142395
250 -0.3637056052684784 -0.05912705883383751
251 -1.8690911531448364 -0.5293653011322021
252 0.04208526015281677 -0.20957598090171814
253 -1.6970484256744385 0.4555797278881073
254 -0.7544705271720886 0.10606736689805984
255 -1.3513463735580444 -0.6999366283416748
256 0.5493544936180115 0.17683377861976624
257 -1.0161904096603394 0.23410192131996155
258 -0.7085425853729248 0.4200931787490845
259 0.020294809713959694 -0.28666675090789795
260 -1.4487601518630981 1.5292576551437378
261 -0.41380971670150757 0.04929396137595177
262 -0.08345607668161392 0.4861159324645996
263 0.2984297573566437 -0.4261399209499359
264 0.5351461172103882 0.6842034459114075
265 -0.4195634722709656 0.050088223069906235
266 -1.8457181453704834 -1.0823131799697876
267 -0.025901440531015396 -0.629091203212738
268 0.09517283737659454 0.21216069161891937
269 -2.05952525138855 0.13451659679412842
270 -0.6987930536270142 -0.6181521415710449
271 -0.18383562564849854 -0.46962201595306396
272 -0.8434255719184875 -0.6891354918479919
273 -0.04208922013640404 -1.6246860027313232
274 0.013271375559270382 0.4620516300201416
275 0.5314372181892395 0.42872342467308044
276 -0.07203830033540726 -0.8215969204902649
277 -0.33583003282546997 0.06389875710010529
278 -0.7254571914672852 0.4276124835014343
279 -0.6316498517990112 0.1101197823882103
280 0.5318737626075745 0.6878324747085571
281 -1.2638124227523804 -0.2563430368900299
282 -0.5049412846565247 -1.1255767345428467
283 -0.5057538747787476 -1.1475558280944824
284 -1.2766395807266235 -1.0509507656097412
285 0.5197080969810486 -0.7273657917976379
286 -0.7033153176307678 -0.3174894154071808
287 0.07251296192407608 0.26915913820266724
288 -0.42588406801223755 0.05940021947026253
289 -0.6570643782615662 0.49801477789878845
290 0.1733134686946869 -0.37877610325813293
291 -0.3422321677207947 0.7792549133300781
292 0.3407053053379059 0.46900999546051025
293 -1.1693648099899292 0.12600472569465637
294 0.3452020287513733 -0.41726988554000854
295 -0.6884264945983887 0.4178008735179901
296 -1.725691795349121 1.227741003036499
297 -0.6105903387069702 1.222172737121582
298 -1.8643742799758911 -0.5692389607429504
299 -0.4789479970932007 -0.32439717650413513
300 -0.4238486588001251 0.07052066922187805
301 -0.7183518409729004 -0.6392796039581299
302 -0.1911858767271042 -1.5109082460403442
303 -0.8452890515327454 -0.7032386064529419
304 -0.8543897867202759 -0.6977920532226562
305 -1.934129238128662 1.0114339590072632
306 -0.6055883169174194 -0.36986249685287476
307 0.2562218904495239 -0.4907624423503876
308 0.3912636339664459 -0.3245580792427063
309 -2.250310182571411 0.017051726579666138
310 -1.3141566514968872 -0.17670777440071106
311 -0.07294109463691711 -1.0068538188934326
312 -2.2782583236694336 -0.019463419914245605
313 -0.15423865616321564 1.6253427267074585
314 -0.6869797706604004 -0.08515606820583344
315 -0.5957373380661011 1.2230936288833618
316 -0.5320863723754883 -0.566483736038208
317 -1.2889677286148071 0.5038712024688721
318 -0.03234473988413811 1.6662118434906006
319 -1.2914894819259644 -0.00698815518990159
320 -0.10202890634536743 0.12547118961811066
321 -2.2347171306610107 -0.05490875989198685
322 -0.5756175518035889 1.7587465047836304
323 -0.41368404030799866 0.060232263058423996
324 -1.269515872001648 0.10652763396501541
325 -0.005961274262517691 -0.08983909338712692
326 -0.6721141338348389 -0.2864786982536316
327 -1.2580879926681519 0.1820583939552307
328 -0.7117929458618164 -0.169939324259758
329 -0.8536165952682495 -0.6977016925811768
330 0.42907798290252686 -1.4362024068832397
331 -0.24570833146572113 -0.3643472492694855
332 -0.42564821243286133 -1.670851707458496
333 0.8028392195701599 -1.0540646314620972
334 -0.39683470129966736 0.9673764705657959
335 -0.10105650871992111 0.486998051404953
336 -1.1760954856872559 0.49746081233024597
337 -0.41683200001716614 0.061124689877033234
338 -0.8592510223388672 -0.7430640459060669
339 -0.15691401064395905 -0.9090895056724548
340 0.6664038300514221 -1.1958364248275757
341 -0.4359629452228546 1.7500226497650146
342 -1.7330330610275269 1.2112210988998413
343 -0.4254985749721527 0.07028230279684067
344 0.3686719238758087 -1.4730790853500366
345 -2.171546459197998 0.6025885343551636
346 -0.4929196238517761 0.09340937435626984
347 -0.43706467747688293 0.7428019046783447
348 -0.6951069235801697 -0.6338295936584473
349 -1.183799147605896 1.0749095678329468
350 -0.08714556694030762 -0.38922297954559326
351 0.3620832562446594 -0.36076438426971436
352 -1.6280527114868164 1.4182385206222534
353 -1.1350364685058594 -0.11704176664352417
354 -0.12307121604681015 -0.905667245388031
355 -0.7529426217079163 1.4622119665145874
356 -0.14709244668483734 1.6303095817565918
357 0.1652825027704239 0.8342361450195312
358 -0.48500099778175354 -0.22672449052333832
359 -0.6625755429267883 0.4599677622318268
360 0.07527580112218857 -0.11545989662408829
361 0.0023204460740089417 1.671705961227417
362 -0.7121434807777405 1.7424596548080444
363 -1.2698529958724976 -0.016747184097766876
364 -0.7637839317321777 -0.2761754095554352
365 -0.6072704792022705 0.09398806840181351
366 -0.6202586889266968 1.22833251953125
367 -0.2995908856391907 -0.9881600737571716
368 -0.2241358906030655 -0.5185415744781494
369 0.8943219780921936 1.0744633674621582
370 -0.17752377688884735 1.623214602470398
371 -0.12152724713087082 -0.4599166214466095
372 0.7959722280502319 -1.0738686323165894
373 -0.04039931297302246 1.146593689918518
374 0.5422592163085938 0.6845792531967163
375 -1.1398385763168335 -0.288715124130249
376 -1.1932768821716309 -0.25100141763687134
377 -0.69228595495224 -0.08462275564670563
378 -0.1855810284614563 0.08256388455629349
379 -0.41809940338134766 0.04746507108211517
380 -1.3020952939987183 -1.0795186758041382
381 -1.0757877826690674 -1.072527289390564
382 -0.8573800325393677 -0.6821487545967102
383 -0.8815005421638489 -0.05231236293911934
384 0.35294628143310547 -1.2370542287826538
385 0.1101895347237587 -0.5870321989059448
386 -0.6477066278457642 0.08071663230657578
387 -0.2492787390947342 0.8324238061904907
388 -1.2609941959381104 -1.0804427862167358
389 -0.7584081292152405 0.39584803581237793
390 -0.22023193538188934 0.5601281523704529
391 -0.8421602845191956 0.08357085287570953
392 -1.736112356185913 0.3495645821094513
393 0.5249008536338806 0.7742196917533875
394 -1.026471495628357 0.6270859241485596
395 -0.22581830620765686 -1.6679787635803223
396 -1.7545522451400757 1.2442724704742432
397 -0.37878426909446716 0.9598591327667236
398 -1.408496379852295 0.6467815637588501
399 1.035679578781128 -0.728238582611084
400 -0.8092882037162781 -0.6655331254005432
401 -0.7602291703224182 0.09889456629753113
402 1.0368475914001465 -0.7236630916595459
403 -1.5899163484573364 -0.8721080422401428
404 -1.9754775762557983 0.9786627888679504
405 -2.0123140811920166 0.9397105574607849
406 -0.22474494576454163 -0.21438497304916382
407 0.08980343490839005 0.27731603384017944
408 0.8685460686683655 1.199813723564148
409 -0.633468508720398 0.9087088704109192
410 -1.2718123197555542 -0.005664268508553505
411 0.26790839433670044 -1.5367324352264404
412 -0.38365012407302856 -0.08768713474273682
413 0.5407798290252686 0.16027142107486725
414 0.5328142046928406 0.15484222769737244
415 -1.568766474723816 -1.4261480569839478
416 -0.6574808955192566 -0.1717168390750885
417 0.5519042015075684 -0.09915708750486374
418 -1.2449179887771606 1.0590699911117554
419 -0.19798871874809265 -0.9544951915740967
420 0.5372747182846069 0.678520679473877
421 -0.47238683700561523 0.08314679563045502
422 -0.5087239742279053 0.547646164894104
423 -1.6097668409347534 -0.40266677737236023
424 0.02114398404955864 0.46224838495254517
425 -1.0815081596374512 -0.7113324999809265
426 -0.9428651928901672 -1.3819936513900757
427 0.33592283725738525 -0.4662608206272125
428 -1.2824229001998901 -0.015390433371067047
429 -0.004555298946797848 -0.6473245620727539
430 -1.0273470878601074 1.7417914867401123
431 0.35051921010017395 -0.500430703163147
432 -1.4431664943695068 -1.5226848125457764
433 0.2540578246116638 0.5085088610649109
434 -1.4468233585357666 0.25827234983444214
435 -1.0906500816345215 0.20501339435577393
436 -0.04716718941926956 -0.6856243014335632
437 -1.3363807201385498 -0.24110151827335358
438 -0.1879337579011917 -0.40698355436325073
439 -0.7172974944114685 0.6573808789253235
440 0.29889556765556335 -1.5025043487548828
441 -0.3571089506149292 0.02233564853668213
442 -0.7649887800216675 -0.26437512040138245
443 0.8936638236045837 1.0298831462860107
444 0.5613583326339722 -0.09179669618606567
445 -1.2716197967529297 -0.2357185035943985
446 -0.5704250335693359 -0.4885149300098419
447 -1.0507293939590454 0.6319893598556519
448 -0.5565034747123718 0.9219865798950195
449 -1.6835466623306274 -1.3213688135147095
450 0.0415121354162693 -0.2747952342033386
451 -0.6226763129234314 1.7445485591888428
452 -1.33292555809021 -0.152202308177948
453 -0.07953081279993057 -0.6985964179039001
454 -2.237591505050659 0.3778698742389679
455 -2.0439133644104004 0.8905602097511292
456 0.8835020661354065 1.030219316482544
457 -0.9480803608894348 0.19142977893352509
458 -0.544840931892395 0.09032266587018967
459 -0.2886776626110077 -0.11157721281051636
460 -1.1428779363632202 -0.2750742435455322
461 -1.3617299795150757 0.9291201233863831
462 -0.7009068131446838 0.42889806628227234
463 0.98838210105896 -0.6584563851356506
464 -1.4015326499938965 -0.3341011106967926
465 -0.11359094828367233 -1.0316778421401978
466 -0.06175883486866951 0.10096141695976257
467 -0.07506169378757477 0.48725539445877075
468 -0.17498312890529633 -0.23843732476234436
469 -0.2712790369987488 -0.3547748625278473
470 -1.3943181037902832 1.5595577955245972
471 0.043561048805713654 -0.16548234224319458
472 -1.4488884210586548 -0.48356232047080994
473 -1.5037143230438232 1.49630868434906
474 0.8888223171234131 1.0296428203582764
475 -0.042303647845983505 1.6139543056488037
476 0.9514748454093933 -0.8662577271461487
477 -2.27252459526062 0.06791278719902039
478 -0.19007453322410583 0.04504568502306938
479 0.7048292756080627 -1.164188027381897
480 -1.3097423315048218 0.04265288636088371
481 1.0154883861541748 -0.6623885035514832
482 0.7731007933616638 -1.054464340209961
483 -1.7244675159454346 1.2333368062973022
484 -0.25291696190834045 0.8338822722434998
485 -0.486758291721344 0.014871728606522083
486 -0.4475305676460266 -1.7360113859176636
487 -1.302653431892395 1.0373646020889282
488 0.7260559797286987 -0.7624545097351074
489 0.5481060743331909 1.4526290893554688
490 -0.3464023172855377 0.8039693236351013
491 -1.2731112241744995 0.274393230676651
492 -1.0090808868408203 0.18172264099121094
493 -2.210308790206909 -0.2997403144836426
494 -0.936453640460968 -1.355883002281189
495 -1.6563317775726318 -1.3331584930419922
496 -1.3166358470916748 -0.1086791530251503
497 -1.078156590461731 0.5966901183128357
498 -1.0525223016738892 0.6111449599266052
499 -0.4683818519115448 0.5778263807296753
500 -0.5466479063034058 0.9217878580093384
501 -1.4771684408187866 -1.498945713043213
502 -1.0392063856124878 1.7199504375457764
503 0.15010863542556763 -0.49621152877807617
504 -1.1731548309326172 -1.634018898010254
505 -0.1714673936367035 0.04877898842096329
506 -0.9938362836837769 0.22367292642593384
507 -1.6942023038864136 0.5067987442016602
508 0.5549863576889038 -0.09842059761285782
509 -0.3355264663696289 0.812536895275116
510 0.0761784166097641 1.087420105934143
511 -0.5053809881210327 -1.1237009763717651
512 0.0010926621034741402 1.1783201694488525
513 -1.029468059539795 0.6470016837120056
514 -0.7027295827865601 0.5201511979103088
515 -1.5884268283843994 1.4338611364364624
516 -1.9335130453109741 -0.0579741932451725
517 -1.0525908470153809 1.5951365232467651
518 -2.178786039352417 0.5844693183898926
519 -1.3097366094589233 -0.199436217546463
520 -0.26932621002197266 -0.9891840815544128
521 -0.5444014072418213 0.08975086361169815
522 -0.4941544532775879 -0.3847407102584839
523 0.6550722718238831 -1.2134557962417603
524 -0.13830476999282837 0.02932760678231716
525 0.10784197598695755 0.0946999341249466
526 -0.17624343931674957 1.6260473728179932
527 -1.0910054445266724 0.1982225626707077
528 -0.6518928408622742 0.09848181903362274
529 -1.0900192260742188 -0.5076327323913574
530 -1.4128856658935547 -0.34826913475990295
531 0.6197308301925659 1.3565113544464111
532 0.24446642398834229 -0.3371488153934479
533 -0.6926708221435547 -0.06386852264404297
534 0.4828042984008789 0.8251861929893494
535 -1.3509031534194946 0.44131121039390564
536 -0.12710854411125183 0.4865833818912506
537 -0.12395024299621582 0.48702800273895264
538 -0.02344486303627491 -1.6209722757339478
539 -0.26509416103363037 0.8377481698989868
540 -1.1094833612442017 0.5483899116516113
541 -0.903026819229126 0.16435490548610687
542 -1.8487101793289185 0.0346820242702961
543 -0.4699632525444031 0.08046761155128479
544 -0.5598285794258118 0.09137815237045288
545 -0.3969441056251526 0.9672577977180481
546 0.620792031288147 1.3610951900482178
547 -0.13123425841331482 0.5290108919143677
548 -0.18412287533283234 0.7804874777793884
549 0.795223593711853 1.2276033163070679
550 -0.7691221237182617 0.11158482730388641
551 -0.5994375944137573 -0.5962020754814148
552 0.9930019378662109 -0.7975435853004456
553 0.16900396347045898 -0.7724106311798096
554 -2.2286245822906494 0.4082254469394684
555 -0.9660348296165466 -1.6880970001220703
556 -0.12529508769512177 -0.46124008297920227
557 -0.44969695806503296 -1.0947083234786987
558 -0.0816677138209343 0.08327676355838776
559 -2.1997196674346924 -0.3584829270839691
560 0.5408456921577454 0.1611703336238861
561 0.5573879480361938 0.25733500719070435
562 -2.200307607650757 -0.3535946011543274
563 -0.44393083453178406 0.0833880677819252
564 -0.4552764296531677 0.9337581396102905
565 -0.3669646978378296 1.7364697456359863
566 -0.6544967889785767 -1.1803436279296875
567 -1.866628646850586 -0.6029919981956482
568 -0.3203088343143463 1.7282893657684326
569 -0.6379839181900024 -0.3462006747722626
570 -1.8449358940124512 -1.0847371816635132
571 -1.0810054540634155 -0.6971799731254578
572 0.3406756818294525 -0.4636554718017578
573 -1.862953543663025 -0.34928035736083984
574 -0.2557978928089142 0.8327386379241943
575 -2.055004596710205 -0.7750876545906067
576 -2.0435845851898193 0.8907704949378967
577 0.24923178553581238 0.5460758209228516
578 -0.7155323028564453 -0.31663796305656433
579 -1.2309389114379883 0.09916936606168747
580 -0.6575149297714233 0.4634283185005188
581 -0.7773823142051697 -0.2640719711780548
582 -0.5806796550750732 -0.3871334493160248
583 -1.2770510911941528 -0.02271691896021366
584 -0.18688859045505524 0.007586293388158083
585 -0.4416981041431427 0.07067646831274033
586 -1.0196964740753174 -0.17859679460525513
587 -1.730803370475769 1.212600588798523
588 -0.2494404911994934 -0.07345422357320786
589 -0.6233748197555542 1.4458019733428955
590 -0.669488251209259 -0.16924533247947693
591 -1.2956302165985107 -1.004547119140625
592 -1.0124669075012207 -1.2707289457321167
593 -0.17662842571735382 -0.07542403787374496
594 -0.6993812918663025 0.5228966474533081
595 -0.3500576913356781 -0.09879039227962494
596 -0.5829236507415771 -1.7379059791564941
597 0.9733569025993347 -0.8208267688751221
598 -0.08466018736362457 0.48325252532958984
599 -2.206477165222168 0.4976733922958374
600 -0.5752992630004883 -0.4294896423816681
601 -0.7560432553291321 0.012903941795229912
602 -0.7085444331169128 0.42009392380714417
603 -0.6599858999252319 0.4701955020427704
604 0.07600913941860199 -0.9855208992958069
605 -0.4036310315132141 0.05254592001438141
606 -1.866425633430481 -0.18371795117855072
607 -1.7305338382720947 0.3593657612800598
608 -0.8407050371170044 0.640878438949585
609 -0.3951151371002197 0.22016946971416473
610 0.2431882619857788 1.5521880388259888
611 -1.150498390197754 1.0903586149215698
612 -0.2883744537830353 0.0178814847022295
613 -1.1343700885772705 1.0932643413543701
614 0.42713505029678345 1.5406309366226196
615 0.15334001183509827 -0.3794672191143036
616 -0.1445474475622177 0.08052583038806915
617 0.8765383958816528 -0.8808110356330872
618 -1.0574731826782227 0.6302669644355774
619 -0.9015997648239136 -1.7355360984802246
620 -1.0505468845367432 1.4075148105621338
621 -1.6387319564819336 1.3494600057601929
622 -0.5792834162712097 -1.1546502113342285
623 -2.210367441177368 0.48656606674194336
624 -2.219590663909912 0.4520072937011719
625 -0.03655513748526573 0.4659980237483978
626 -0.2428642213344574 -1.0266103744506836
627 -1.0792222023010254 -0.7450084090232849
628 -1.84671151638031 -0.1614682823419571
629 -0.9071168899536133 -1.3445487022399902
630 -0.9131932854652405 -1.2647671699523926
631 -1.6724457740783691 0.5246739387512207
632 -0.263577401638031 0.22579507529735565
633 -1.5375730991363525 -1.4230595827102661
634 -0.8114769458770752 -0.6351204514503479
635 0.5494093894958496 0.17727163434028625
636 0.45328056812286377 0.3872867524623871
637 0.4566347002983093 -1.4029079675674438
638 -1.6306935548782349 -1.1892461776733398
639 -0.18768006563186646 -0.4318290948867798
640 -0.3891856074333191 -1.0184240341186523
641 -0.3793783187866211 0.02680620178580284
642 -0.3604729175567627 0.7850750088691711
643 -0.8067461252212524 -0.6434141397476196
644 -0.8699957132339478 0.29323694109916687
645 -0.721825897693634 -0.1815384477376938
646 0.545120894908905 0.15790142118930817
647 -0.14065103232860565 -0.8776435256004333
648 -0.1495470553636551 0.7307975888252258
649 -0.34220194816589355 -0.016781151294708252
650 -0.9883958101272583 -1.702932357788086
651 -0.6593577265739441 0.49064406752586365
652 -0.020101144909858704 -0.6207886934280396
653 -1.4535874128341675 1.5230058431625366
654 -0.47390836477279663 0.10331128537654877
655 -0.3603802025318146 -0.032512739300727844
656 -2.1793406009674072 0.5832434296607971
657 -0.6897551417350769 -0.1026182696223259
658 0.044389594346284866 -0.9477448463439941
659 0.8834946751594543 1.0302214622497559
660 -0.918056309223175 -1.199922800064087
661 0.47669607400894165 1.4907135963439941
662 0.25736862421035767 -1.4984809160232544
663 -0.0062844036146998405 1.6683095693588257
664 -1.2165900468826294 0.4394054412841797
665 0.5198476314544678 1.4740219116210938
666 -1.3682653903961182 -0.3591924011707306
667 -1.0584845542907715 -1.6786013841629028
668 -0.4404916763305664 0.0817832350730896
669 0.5467323660850525 0.11755679547786713
670 -0.7244428992271423 -0.3071662485599518
671 -0.15616506338119507 0.5075427889823914
672 -0.9904797673225403 0.6497986316680908
673 -0.2032695710659027 -1.6607246398925781
674 -0.07975441962480545 0.10591204464435577
675 0.32169827818870544 0.9601872563362122
676 -1.118622064590454 -0.4063754677772522
677 -0.8181931376457214 -0.6928542852401733
678 -1.1185446977615356 -0.40642377734184265
679 -0.4512896239757538 0.09051541239023209
680 0.4994647204875946 1.4851503372192383
681 -2.0611608028411865 -0.7561361789703369
682 0.623441755771637 1.348145604133606
683 0.954338788986206 -0.8485933542251587
684 -0.12599574029445648 0.49576038122177124
685 0.015284583903849125 0.46395397186279297
686 -1.329994797706604 -0.13305328786373138
687 0.2862291932106018 0.4304760694503784
688 -0.03231193125247955 1.6662051677703857
689 -0.6104117035865784 -1.738324522972107
690 -0.13253603875637054 0.011900695040822029
691 0.5747631788253784 -1.2518459558486938
692 0.6269309520721436 -1.2269046306610107
693 0.2799433171749115 -0.3398793935775757
694 -0.5958403944969177 1.7599151134490967
695 -0.7275350689888 0.4257538616657257
696 -0.6467164158821106 -0.5571011304855347
697 -0.8943461775779724 0.1424921452999115
698 -0.6559972763061523 0.49310821294784546
699 -0.0010749675566330552 -1.4394724369049072
700 0.031351372599601746 -0.43847212195396423
701 -0.6755974292755127 -0.18626761436462402
702 -0.7566355466842651 -0.2866315245628357
703 0.14398322999477386 -0.29258808493614197
704 -2.1709952354431152 0.6041894555091858
705 -0.6455886363983154 0.39541763067245483
706 -0.7968246936798096 1.7369264364242554
707 0.03563013672828674 1.0935094356536865
708 -2.1316659450531006 -0.6776931285858154
709 -1.1499305963516235 1.0922608375549316
710 -0.6853329539299011 -0.08131804317235947
711 -0.22782230377197266 -0.5273157954216003
712 -2.2148919105529785 -0.26068243384361267
713 -0.6809749603271484 0.1276710480451584
714 -0.3315441906452179 1.7252410650253296
715 -0.3681862950325012 0.006021552719175816
716 -0.5852798223495483 -1.7393156290054321
717 -0.7427259683609009 1.2808353900909424
718 -0.7086489796638489 -0.6714908480644226
719 -0.6034324765205383 -0.15663158893585205
720 -1.4245346784591675 1.541778802871704
721 -0.5221464037895203 -1.128584384918213
722 -0.7339932322502136 1.2747448682785034
723 -0.9360883235931396 0.26553234457969666
724 -0.7550048232078552 0.10709776729345322
725 -0.571565568447113 -0.16177278757095337
726 -0.37352654337882996 0.025603823363780975
727 -0.5313337445259094 -0.5555253624916077
728 -0.7653246521949768 0.6467045545578003
729 -1.095334529876709 -1.1855168342590332
730 -0.5450614094734192 -0.4783930778503418
731 0.7523536682128906 -0.9636346101760864
732 -1.2872259616851807 -0.22997599840164185
733 -0.16499517858028412 -0.37913915514945984
734 -1.2671195268630981 0.004392449744045734
735 -1.841905951499939 -0.04148736596107483
736 -2.2058112621307373 -0.3338434100151062
737 -0.5759547352790833 -0.43461883068084717
738 -0.801170289516449 -0.03430427610874176
739 -0.795259952545166 0.4487971365451813
740 -0.6836042404174805 -0.084263376891613
741 -0.286142498254776 -1.1357072591781616
742 1.0482531785964966 -0.7214851379394531
743 -1.8911372423171997 -0.4268811047077179
744 -0.769269585609436 -0.024463310837745667
745 -0.8234076499938965 0.07693783938884735
746 -0.1042143777012825 -0.4465930461883545
747 -0.28322833776474 -0.005924943368881941
748 0.505647599697113 -0.1809752881526947
749 -0.03104473277926445 1.6649315357208252
750 0.4329049289226532 1.4959080219268799
751 0.5075080394744873 -0.18306712806224823
752 -2.2359859943389893 -0.0007895799353718758
753 1.0371993780136108 -0.7183489799499512
754 0.08308891952037811 0.25998786091804504
755 -0.39669087529182434 0.7328518033027649
756 -1.0515722036361694 0.615216076374054
757 -0.18375104665756226 0.8007258176803589
758 0.005535454954952002 1.104565978050232
759 -0.40523117780685425 -1.7425615787506104
760 0.04389398172497749 -0.07444406300783157
761 -0.8729386925697327 -1.7182598114013672
762 -2.207392930984497 -0.3237132132053375
763 -0.0543459914624691 -0.6230012774467468
764 -1.7815991640090942 -1.1806104183197021
765 0.5087743997573853 -0.1832471489906311
766 -0.2986598312854767 0.1122497171163559
767 -1.353092074394226 -1.00118088722229
768 -1.2623225450515747 -1.0901471376419067
769 0.8836975693702698 1.0360749959945679
770 -1.0738881826400757 0.5938366055488586
771 -0.7325316071510315 0.4182627499103546
772 -0.17507176101207733 -1.697819471359253
773 -0.12275408953428268 0.4976854920387268
774 -2.1520564556121826 0.6544211506843567
775 0.7085830569267273 -0.9889369606971741
776 -1.2932970523834229 0.5065190196037292
777 -1.0877618789672852 -0.5613635778427124
778 -1.5811246633529663 -0.33519724011421204
779 -1.0123792886734009 1.1601645946502686
780 -0.7902907133102417 0.01985909789800644
781 -1.0562366247177124 0.6304118633270264
782 -0.5842376947402954 -1.1558562517166138
783 -0.19062918424606323 0.02407126873731613
784 -0.6011573076248169 -0.5633092522621155
785 -2.01387095451355 0.9363762140274048
786 0.4043882191181183 1.530081033706665
787 -0.620601236820221 1.2281582355499268
788 -0.14432846009731293 0.5146898627281189
789 -0.49917715787887573 0.17186763882637024
790 0.018792595714330673 1.178542137145996
791 -0.15139344334602356 -0.08938837796449661
792 -0.8431069850921631 0.6440675854682922
793 -2.177964687347412 -0.5242736339569092
794 0.6033011674880981 1.4064909219741821
795 -2.179281711578369 0.5832300782203674
796 -0.2633937895298004 0.012892058119177818
797 -1.1622039079666138 -1.2175028324127197
798 0.5520039200782776 -0.09358477592468262
799 -1.7655327320098877 1.2180602550506592
800 0.1299709975719452 -1.5639806985855103
801 -0.514723539352417 0.9224096536636353
802 -1.0081877708435059 0.2537700831890106
803 0.12763004004955292 -0.5496235489845276
804 -0.6051911115646362 -0.5581892728805542
805 0.3679078221321106 1.5529576539993286
806 -1.39719557762146 -1.5393626689910889
807 -0.17247851192951202 1.6243613958358765
808 -0.4309751093387604 0.07142332196235657
809 0.5471585988998413 0.6968805193901062
810 -0.6890485286712646 -0.12885430455207825
811 -1.131381869316101 1.0917006731033325
812 -1.840745449066162 0.018098842352628708
813 -1.2638211250305176 -0.25634220242500305
814 0.32464873790740967 -0.5025997161865234
815 -0.02802831307053566 0.45711925625801086
816 -0.3489304780960083 -1.73965585231781
817 -1.6084628105163574 0.8285405039787292
818 -0.44328829646110535 0.08340097963809967
819 0.8817368745803833 1.0221328735351562
820 -0.558545708656311 0.09551466256380081
821 -1.11580228805542 -1.1456516981124878
822 -1.4251245260238647 -0.5879485607147217
823 -0.8870941400527954 1.2131412029266357
824 -1.4938409328460693 -0.33505287766456604
825 -0.44516417384147644 0.07512541115283966
826 -1.3381026983261108 0.5586691498756409
827 -0.6187556385993958 -0.5612322092056274
828 0.09146285057067871 0.25582155585289
829 -0.14249874651432037 -0.7808835506439209
830 -0.17448972165584564 1.6239004135131836
831 -1.068025827407837 -0.7217353582382202
832 -1.5806320905685425 0.8579313158988953
833 -0.769180953502655 0.1115230992436409
834 -0.18225188553333282 -1.6548258066177368
835 -0.6030869483947754 1.7593141794204712
836 -0.07585359364748001 -0.6686450242996216
837 -0.6365591883659363 0.9084727764129639
838 -0.5767595767974854 -1.159989356994629
839 0.2540408968925476 0.5085086822509766
840 -0.7134679555892944 -0.2900352478027344
841 -0.1652834415435791 1.6423699855804443
842 -0.6536321043968201 -0.24711227416992188
843 -1.6809030771255493 0.5145460963249207
844 -0.8913847208023071 0.2666783034801483
845 -0.6880024671554565 -0.09084860235452652
846 0.31274956464767456 -1.1506441831588745
847 0.5047996044158936 -0.18177585303783417
848 -0.4397831857204437 0.08177370578050613
849 -1.6964510679244995 0.4033085107803345
850 -1.3125338554382324 0.5535951852798462
851 -1.264833927154541 -1.5878714323043823
852 -0.14424055814743042 -0.8514972925186157
853 -0.8122890591621399 -0.6539304852485657
854 -0.21063251793384552 -0.5296053290367126
855 -0.4412352740764618 0.08855782449245453
856 0.5065977573394775 1.3706423044204712
857 -2.2783589363098145 -0.019900374114513397
858 -0.6566933393478394 -1.2377755641937256
859 0.55552738904953 -0.1037161722779274
860 -1.4433138370513916 0.2194032222032547
861 0.0692065954208374 0.2801370620727539
862 0.0582391656935215 -0.023965466767549515
863 -1.5185142755508423 -0.941376268863678
864 -0.3966924250125885 0.9673963189125061
865 -0.35285359621047974 -1.0098247528076172
866 -0.12009695917367935 -0.899804949760437
867 -0.6893227100372314 -1.2582985162734985
868 -0.5198726654052734 -0.22318045794963837
869 -0.7164679169654846 -0.35954099893569946
870 -0.5988273620605469 -0.5558291673660278
871 -2.172520160675049 0.5989915132522583
872 -1.111406683921814 0.5740807056427002
873 -0.8407049179077148 0.6408741474151611
874 0.506679892539978 -0.18148550391197205
875 -0.9872708916664124 1.7147244215011597
876 0.049894027411937714 1.1542619466781616
877 -0.806458055973053 -0.041000109165906906
878 -0.3543810248374939 -0.03391479700803757
879 -1.4101063013076782 1.5465409755706787
880 -0.8279820680618286 -0.7183182239532471
881 -0.2002834677696228 -0.5582881569862366
882 -1.6808733940124512 0.5144824981689453
883 -1.33621084690094 -1.5623224973678589
884 -1.029944658279419 1.7424041032791138
885 -0.17501887679100037 -1.6584038734436035
886 0.8857582807540894 1.0254085063934326
887 -0.9847657680511475 1.1678870916366577
888 -0.38149747252464294 0.7684487700462341
889 -1.4049886465072632 -0.5642797350883484
890 -0.5323258638381958 0.9121771454811096
891 -0.6898338198661804 -0.07081981003284454
892 -0.6703145503997803 -0.4354690909385681
893 -1.1614058017730713 -1.6483062505722046
894 -0.2600388526916504 0.21374398469924927
895 -0.8867225050926208 1.2134017944335938
896 -2.2019355297088623 -0.3505353331565857
897 -0.5614216327667236 0.10391837358474731
898 -1.0980236530303955 0.13860094547271729
899 0.1166536957025528 -0.5929740071296692
900 -1.2923305034637451 -0.2572387456893921
901 -0.15785981714725494 -1.6623941659927368
902 -0.17211449146270752 -0.9369792342185974
903 0.13233384490013123 -0.13930663466453552
904 0.09404387325048447 0.2218044251203537
905 -0.04074481874704361 1.1148210763931274
906 -0.3074325919151306 -0.47777771949768066
936 -2.1770694255828857 0.5894402265548706
937 -2.2381861209869385 -0.05843661352992058
938 0.09196740388870239 0.2036682814359665
939 0.37193819880485535 -1.2769196033477783
940 -1.6062047481536865 0.8585980534553528
941 -0.5830273032188416 -1.1552895307540894
942 0.14206291735172272 -0.49242791533470154
943 -0.1591467559337616 0.08353263884782791
944 0.500663161277771 0.2718398869037628
945 0.2225222885608673 0.5660587549209595
946 -0.5570254921913147 1.7583656311035156
947 1.0363414287567139 -0.7255344390869141
948 -0.624049723148346 -0.5686450600624084
949 -0.4301394820213318 0.054835397750139236
950 0.2846895456314087 0.4264736473560333
951 1.017346978187561 -0.6616005897521973
952 -0.7742323875427246 0.5297449231147766
953 -1.3310991525650024 -0.12067872285842896
954 0.036204565316438675 0.43844926357269287
955 -0.18982142210006714 -1.6586610078811646
956 -1.8862333297729492 -0.27158495783805847
957 0.8223143219947815 -1.0229930877685547
958 -1.9299780130386353 -0.7667035460472107
959 0.45422524213790894 1.2600624561309814
960 -1.3444263935089111 -0.22509706020355225
961 -0.6187451481819153 -0.5612415075302124
962 0.9902383089065552 -0.6613956093788147
963 -1.6955890655517578 0.5033213496208191
964 -1.8466858863830566 -0.16147133708000183
965 -0.4103807806968689 0.07302220165729523
966 -0.43766525387763977 1.75701904296875
967 -1.8631213903427124 -0.5986014604568481
968 -0.4695679843425751 0.5875413417816162
969 1.0331943035125732 -0.6970335841178894
970 -0.41629621386528015 0.06253775954246521
971 -1.6853159666061401 0.4864524304866791
972 -0.1903616040945053 -0.9490373730659485
973 -2.2742812633514404 -0.021235767751932144
974 1.0326908826828003 -0.696252167224884
975 -0.6987491846084595 -0.10017542541027069
976 0.5092335343360901 0.7861899733543396
977 0.63714599609375 -1.2107278108596802
978 -2.235365867614746 0.006004368886351585
979 -0.4960332214832306 -1.7379214763641357
980 -0.20361442863941193 0.09880386292934418
981 -0.3657636344432831 -0.030176468193531036
982 -2.2029073238372803 -0.34251004457473755
983 -1.8802900314331055 0.20455637574195862
984 -1.1758809089660645 1.0892820358276367
985 -1.255162239074707 -0.2575080990791321
986 -0.15426209568977356 -0.32812780141830444
987 0.025038307532668114 0.46556562185287476
988 -0.8855060338973999 0.23796603083610535
989 0.020133767277002335 0.46093085408210754
990 -0.5229878425598145 -0.45168471336364746
991 -0.1753658503293991 0.5355365872383118
992 0.22340908646583557 -1.2697317600250244
993 -1.5413661003112793 -1.4301837682724
994 -0.04756607115268707 -0.29690787196159363
995 -1.6190685033798218 0.6132823824882507
996 -0.1476733684539795 -0.9157708287239075
997 0.14662359654903412 -0.16695284843444824
998 -1.4843844175338745 -0.3529346287250519
999 -1.061415433883667 1.1426869630813599
1000 -0.6719684600830078 -0.09137175232172012
1001 0.10249277204275131 0.20628054440021515
1002 0.15668344497680664 -0.3969287872314453
1003 -0.48675307631492615 0.014782067388296127
1004 -0.5609244108200073 0.9150295853614807
1005 -0.6845986247062683 -0.07002732902765274
1006 -0.23892615735530853 -0.38719460368156433
1007 -0.71961510181427 -0.6303774118423462
1008 -1.1398266553878784 -0.2887325584888458
1009 -0.4457024037837982 0.09072354435920715
1010 -1.0938388109207153 -0.6689695119857788
1011 -0.42789366841316223 0.06849554926156998
1012 -1.5545220375061035 -1.4287298917770386
1013 -1.8330481052398682 -1.0979386568069458
1014 0.007335944566875696 1.1715457439422607
1015 -1.8084715604782104 1.1343547105789185
1016 -1.1092778444290161 0.15540853142738342
1017 -0.279876708984375 0.6812946200370789
1018 -0.7861410975456238 -0.571185827255249
1019 -0.6460744142532349 -0.5599424839019775
1020 -2.219594717025757 -0.235870361328125
1021 -0.405652791261673 0.947671115398407
1022 0.004614930599927902 -0.689727246761322
1023 -2.0454587936401367 -0.8052258491516113
1024 -0.1599278450012207 -1.6509276628494263
1025 -0.048696890473365784 0.11908833682537079
1026 -1.6808726787567139 0.5145231485366821
1027 -0.45959141850471497 -1.7253587245941162
1028 0.3984634578227997 -0.3531320095062256
1029 -0.35065293312072754 -1.7407652139663696
1030 0.8937658071517944 1.029811143875122
1031 -0.7634257674217224 0.1034468337893486
1032 -0.12501846253871918 0.49185460805892944
1033 -0.16220779716968536 0.05996048450469971
1034 -0.45583704113960266 0.0701347142457962
1035 -0.8517829179763794 1.7281126976013184
1036 0.7992598414421082 1.1561158895492554
1037 0.820044994354248 1.056969404220581
1038 -0.5777358412742615 -0.3889393210411072
1039 -2.2077572345733643 -0.32957032322883606
1040 -0.41862329840660095 -0.5173702836036682
1041 -1.7227495908737183 0.38136762380599976
1042 0.019124554470181465 -0.7265995144844055
1043 -0.19943605363368988 0.5649752020835876
1044 -0.21335256099700928 -0.04005775228142738
1045 -0.2277591973543167 -0.954067587852478
1046 -0.6848939061164856 -0.08614886552095413
1047 -0.3968288004398346 0.9673861861228943
1048 -2.1402742862701416 0.6888582110404968
1049 -1.3832027912139893 -0.6578572988510132
1050 -1.2470990419387817 -0.14223463833332062
1051 -1.1611279249191284 0.528928816318512
1052 -0.43574169278144836 -1.3836110830307007
1053 -2.055020332336426 -0.7896915078163147
1054 -0.5214800238609314 -1.1287107467651367
1055 -1.0448286533355713 0.6343451738357544
1056 -1.2627781629562378 -1.1097687482833862
1057 0.15279147028923035 -1.5686613321304321
1058 -1.4517760276794434 1.5230991840362549
1059 0.5267215967178345 0.6423497200012207
1060 0.5313506126403809 0.7564855217933655
1061 -0.08283805102109909 -0.41986510157585144
1062 -1.6643149852752686 0.5121349096298218
1063 -0.07692242413759232 1.139089584350586
1064 0.25651606917381287 -1.4982119798660278
1065 -1.7275390625 1.2687209844589233
1066 -1.1396484375 -0.0727071464061737
1067 -1.5806293487548828 0.8579235076904297
1068 -0.582965075969696 -1.7379041910171509
1069 0.0737728625535965 0.2831546366214752
1070 -1.316491961479187 -0.1826549917459488
1071 -0.5574272871017456 0.914362370967865
1072 -0.674742579460144 -0.07830095291137695
1073 -1.1090092658996582 1.130966067314148
1074 0.10416124761104584 -0.2622267007827759
1075 -0.74449622631073 0.4341527819633484
1076 0.7269526720046997 1.2697278261184692
1077 -1.8369001150131226 -1.0951191186904907
1078 -1.0357418060302734 1.7387447357177734
1079 0.08580698072910309 -0.32319384813308716
1080 0.36148014664649963 -0.38758420944213867
1081 -0.7428897023200989 1.280743956565857
1082 0.12928010523319244 -0.3167952001094818
1083 -0.10421517491340637 -0.4465861916542053
1084 -0.690499484539032 -0.08862390369176865
1085 -1.7328437566757202 0.3565962314605713
1086 -0.4468112289905548 0.08104653656482697
1087 0.8986057043075562 1.0497828722000122
1088 0.4036177694797516 -0.4217815399169922
1089 -0.3746468722820282 1.737478256225586
1090 0.006202101707458496 -0.31309282779693604
1091 -0.3148539960384369 -0.5067575573921204
1092 -0.5196894407272339 -0.5653859972953796
1093 -1.6903151273727417 -0.3094596266746521
1094 0.37988927960395813 -0.2752440571784973
1095 -0.4321596920490265 1.7583308219909668
1096 -0.5920403599739075 0.07556658238172531
1097 -0.7631929516792297 0.5379793643951416
1098 -1.728053092956543 1.2250829935073853
1099 -0.4367426931858063 0.09050681442022324
1100 -0.8035020232200623 0.025680510327219963
1101 0.13910619914531708 0.07820799946784973
1102 -0.47280243039131165 0.9288246631622314
1103 0.06593671441078186 0.28668126463890076
1104 0.5870453715324402 0.7578327655792236
1105 -0.20284047722816467 -1.4698524475097656
1106 -0.30577191710472107 -0.5448942184448242
1107 -1.977900505065918 -0.11371110379695892
1108 0.6756188273429871 -0.9938167929649353
1109 -1.0775253772735596 -0.7360621094703674
1110 -1.1396571397781372 -0.07269901782274246
1111 0.11917374283075333 -0.3414344787597656
1112 0.4767712354660034 -0.48788875341415405
1113 0.9073222875595093 1.0618218183517456
1114 -1.6425246000289917 0.49104464054107666
1115 1.0261770486831665 -0.6855239272117615
1116 0.559880256652832 -0.10569889843463898
1117 -0.7224497199058533 0.42824220657348633
1118 -2.0037355422973633 -0.8842490911483765
1119 0.09424348920583725 0.177103191614151
1120 -0.01055832952260971 0.4580620229244232
1121 0.2384849488735199 1.5933783054351807
1122 -0.03906559571623802 1.1416354179382324
1123 -0.5366586446762085 -1.741642951965332
1124 -1.61458158493042 0.7199108004570007
1125 -0.7299730777740479 -0.5997774600982666
1126 -0.18884508311748505 0.5626296997070312
1127 -0.40964609384536743 0.9422462582588196
1128 0.003990588244050741 1.1657791137695312
1129 -0.5311993956565857 1.7628452777862549
1130 -0.36433786153793335 0.026889707893133163
1131 -0.7014212608337402 0.5062116980552673
1132 -1.1254416704177856 1.0987712144851685
1133 -0.30752235651016235 -0.4781186878681183
1134 -0.6833012104034424 1.2555209398269653
1135 -1.100159764289856 0.18573105335235596
1136 0.3872759938240051 -0.31087934970855713
1137 -0.5929336547851562 0.474934458732605
1138 0.46951058506965637 1.4903279542922974
1139 0.11175396293401718 -0.48684775829315186
1140 -0.44302451610565186 0.07981204241514206
1141 1.0447443723678589 -0.7074053287506104
1142 -0.22667625546455383 -0.023427976295351982
1143 -0.4149433374404907 0.06448616087436676
1144 -0.2390832006931305 -0.5826117992401123
1145 -0.8301143050193787 -0.6920430660247803
1146 -1.1325476169586182 1.0950157642364502
1147 -1.1155701875686646 0.559581995010376
1148 -0.552918553352356 0.09478606283664703
1149 -0.5329970717430115 0.9159759283065796
1150 -0.13097086548805237 0.03305826708674431
1151 -1.1266672611236572 1.0948073863983154
1152 -0.44780611991882324 1.7479687929153442
1153 -0.5659456253051758 1.756833791732788
1154 -1.1398496627807617 -0.2887914180755615
1155 -0.18357981741428375 -0.46541857719421387
1156 -0.6648116111755371 0.46378737688064575
1157 0.5361124277114868 -1.4082536697387695
1158 0.4473104178905487 -1.3969810009002686
1159 0.15459281206130981 -0.31347209215164185
1160 -0.2495398074388504 0.22575369477272034
1161 -0.6532673835754395 -0.3416833281517029
1162 -1.8228236436843872 1.1166256666183472
1163 -0.5100887417793274 0.08873710036277771
1164 -1.1471011638641357 -1.1766782999038696
1165 -0.5888974666595459 -1.1569737195968628
1166 0.24687862396240234 0.3941020369529724
1167 -0.26594245433807373 -0.9845657348632812
1168 -0.9984018802642822 1.1516958475112915
1169 -1.8392239809036255 -0.03687560558319092
1170 -0.15693262219429016 -0.49299076199531555
1171 -0.23588772118091583 -0.4281853139400482
1172 -1.3015037775039673 -0.9703752994537354
1173 -1.8268084526062012 0.29394856095314026
1174 -1.267531394958496 0.03127974271774292
1175 -0.0038249832578003407 0.4581349492073059
1176 -1.372043490409851 -0.3650488555431366
1177 1.026881217956543 -0.7262322902679443
1178 -1.6776142120361328 0.4950030446052551
1179 -0.8013609647750854 -0.6372630000114441
1180 0.039088502526283264 -0.20873109996318817
1181 0.03871917352080345 -1.6372897624969482
1182 0.07792647927999496 1.0501543283462524
1183 -0.5157672762870789 0.5558072924613953
1184 -1.6259056329727173 -1.353090524673462
1185 0.37756556272506714 -0.2854410409927368
1186 0.04978395998477936 0.48469072580337524
1187 -1.7002032995224 0.3962010145187378
1188 0.06953312456607819 0.22313077747821808
1189 0.32649320363998413 -1.272154688835144
1190 -0.39574044942855835 0.9574077129364014
1191 -1.8299248218536377 -1.106791377067566
1192 -0.9745127558708191 -1.3270914554595947
1193 -1.1730742454528809 -1.6854034662246704
1194 0.5520617365837097 -0.09246057271957397
1195 -0.6448322534561157 0.49408313632011414
1196 -0.7633472084999084 -1.7347164154052734
1197 -0.5976948142051697 0.1043051928281784
1198 -1.3124619722366333 -1.0884408950805664
1199 0.7864938974380493 1.1540136337280273
1200 -2.2743353843688965 0.06211555749177933
1201 -0.597934901714325 -0.5518897175788879
1202 0.03455270081758499 1.132093906402588
1203 0.5520541667938232 -0.09261506050825119
1204 -1.0185871124267578 0.21405933797359467
1205 -1.846603512763977 -1.0858063697814941
1206 0.03421185538172722 1.109234094619751
1207 0.08345214277505875 0.24968022108078003
1208 0.5342958569526672 0.6876966953277588
1209 0.5061190128326416 -0.17821796238422394
1210 -0.41271862387657166 -0.16452036798000336
1211 -0.15543736517429352 1.6305164098739624
1212 0.9045129418373108 1.0858969688415527
1213 -1.3144131898880005 -0.1579938381910324
1214 -1.8649802207946777 -0.26079368591308594
1215 -0.08463235199451447 0.11214664578437805
1216 -2.244361162185669 -0.06032906845211983
1217 -0.07792992889881134 1.631604552268982
1218 0.5318893790245056 0.7504785060882568
1219 -0.6926968097686768 -0.06333784759044647
1220 -0.729794979095459 -1.7448036670684814
1221 -0.725755512714386 0.42900559306144714
1222 0.9937041401863098 -0.6677864193916321
1223 -0.7408938407897949 0.4011750817298889
1224 -0.4860304594039917 -1.7259498834609985
1225 -1.051427960395813 0.6174744367599487
1226 -1.3468722105026245 0.9772942066192627
1227 -1.0120855569839478 1.7453995943069458
1228 -0.43666255474090576 0.7248291969299316
1229 0.8806951642036438 1.0528513193130493
1230 -0.6189085245132446 0.0940440222620964
1231 -2.2106101512908936 0.4852652847766876
1232 -1.218005895614624 1.059532642364502
1233 0.3938521146774292 -0.3378148674964905
1234 -1.1212302446365356 1.0960209369659424
1235 -0.8231300115585327 0.0592677965760231
1236 0.48065900802612305 0.8309524059295654
1237 -0.14762617647647858 0.08615732192993164
1238 -0.8460181951522827 0.14186762273311615
1239 -0.6164308190345764 1.2349296808242798
1240 -0.30485254526138306 -1.7412090301513672
1241 -1.832338571548462 -1.1034343242645264
1242 -1.2637988328933716 -0.2563409209251404
1243 -1.8944966793060303 0.23225566744804382
1244 -0.5885408520698547 0.4704594314098358
1245 -1.7198847532272339 -1.28891122341156
1246 -0.6471260786056519 0.4944190979003906
1247 -0.5543000102043152 -1.7413057088851929
1248 -0.3066457509994507 -0.016806621104478836
1249 -0.6291887164115906 -1.437567114830017
1250 -1.118546724319458 -0.4064210057258606
1251 0.18023499846458435 -1.5538564920425415
1252 -1.0103521347045898 -1.7132786512374878
1253 -0.592258632183075 -0.38778620958328247
1254 0.5675762295722961 1.4040806293487549
1255 0.8814290165901184 1.0429630279541016
1256 -0.37881818413734436 0.021316921338438988
1257 0.2796410918235779 0.9911200404167175
1258 0.30848929286003113 -1.5121631622314453
1259 -0.18380333483219147 -1.6820306777954102
1260 -1.7433364391326904 1.2086400985717773
1261 -0.8099800944328308 -0.6663134098052979
1262 -2.0993106365203857 -0.7215983867645264
1263 -0.7815897464752197 0.5499631762504578
1264 0.38568758964538574 -0.3107238709926605
1265 -1.5864386558532715 0.8295032978057861
1266 -1.093084692955017 -0.14057639241218567
1267 -1.995744228363037 0.9547773599624634
1268 -0.0851556733250618 0.10453388839960098
1269 -0.9764560461044312 1.7329859733581543
1270 0.28906339406967163 -0.2421744465827942
1271 0.32677987217903137 -1.4582821130752563
1272 -1.0701228380203247 -0.72990483045578
1273 -0.9904746413230896 1.703780174255371
1274 -0.5759314298629761 -0.4187031090259552
1275 -0.4342009127140045 0.0773255005478859
1276 -0.34184756875038147 -0.5102934837341309
1277 -1.0163580179214478 1.7005599737167358
1278 -0.41246649622917175 0.04396049305796623
1279 -0.9422124624252319 -1.276632308959961
1280 -0.2238501012325287 -0.37075403332710266
1281 0.02466532029211521 1.1644307374954224
1282 -1.2938504219055176 1.607418179512024
1283 -1.2717281579971313 0.016658246517181396
1284 -0.8184869289398193 -0.7001616954803467
1285 0.384463369846344 -1.421911597251892
1286 -0.7033142447471619 -0.31748947501182556
1287 0.6033123731613159 1.4064741134643555
1288 0.36953064799308777 0.9468000531196594
1289 -0.8816248774528503 -0.05288069695234299
1290 -0.837110161781311 0.628890872001648
1291 -0.40875527262687683 0.9479910731315613
1292 0.5214051008224487 0.776945948600769
1293 0.5467468500137329 -0.09923139214515686
1294 0.8888375163078308 1.0287556648254395
1295 -0.4293955862522125 1.7542351484298706
1296 -1.133262038230896 -0.2846761643886566
1297 -1.5467529296875 -1.4130222797393799
1298 0.5056567788124084 0.7936384677886963
1299 0.37566453218460083 -0.28384873270988464
1300 0.5129932761192322 -1.2986135482788086
1301 0.8099877238273621 -1.0454851388931274
1302 -0.9350693821907043 -1.010233759880066
1303 -0.0471893809735775 -1.6311695575714111
1304 -2.0424139499664307 -0.8138219714164734
1305 -0.6726800203323364 0.13668859004974365
1306 -0.3073972761631012 -0.47767186164855957
1307 -0.23585613071918488 -0.42812925577163696
1308 0.23062796890735626 1.5753750801086426
1309 -0.3389330506324768 0.7534942626953125
1310 -0.6003138422966003 -0.5869116187095642
1311 1.0064634084701538 -0.6772714853286743
1312 -1.571801781654358 1.4440251588821411
1313 -1.39677894115448 -0.33699753880500793
1314 -0.10825993865728378 0.4852319061756134
1315 0.12054271250963211 -0.590713620185852
1316 -0.45213162899017334 0.09145394712686539
1317 -0.4250255525112152 0.7407960891723633
1318 -0.19017097353935242 -0.9489704966545105
1319 -0.33745110034942627 0.6381426453590393
1320 -0.0840562954545021 0.49737638235092163
1321 -1.379606008529663 -0.32461392879486084
1322 -0.556216299533844 0.9217544198036194
1323 -0.7048735618591309 -0.20016270875930786
1324 -1.6323953866958618 1.4171136617660522
1325 -0.8005403876304626 0.019745508208870888
1326 -0.5723302364349365 -0.38728711009025574
1327 0.7734577059745789 1.1223914623260498
1328 -1.5667295455932617 -0.9027008414268494
1329 -1.247661828994751 0.19555610418319702
1330 -0.48328354954719543 0.0937199518084526
1331 0.38942888379096985 -0.3227863311767578
1332 -0.5418726801872253 0.09295766055583954
1333 -1.1266497373580933 1.0985013246536255
1334 0.3258349895477295 -1.4558489322662354
1335 -0.9425449967384338 -1.3646824359893799
1336 -0.2952667772769928 0.0204782672226429
1337 -1.0178248882293701 0.6477038860321045
1338 0.397227019071579 -1.4385921955108643
1339 -0.17723610997200012 0.542432427406311
1340 -0.0031233876943588257 -1.6090363264083862
1341 0.05382602661848068 0.4444257616996765
1342 -0.6085885763168335 1.7468526363372803
1343 -2.275322437286377 0.17396947741508484
1344 -1.375300645828247 0.7506711483001709
1345 -0.6020717024803162 -0.5596444010734558
1346 -0.8188684582710266 1.7314453125
1347 -0.5620482563972473 0.9146092534065247
1348 -1.075791835784912 -1.211458444595337
1349 -0.47458216547966003 -0.22919470071792603
1350 0.07030107080936432 1.0620226860046387
1351 -0.1410689651966095 -0.9110311269760132
1352 -0.6444206833839417 0.4824233949184418
1353 0.5375885367393494 0.06259854882955551
1354 -0.012618287466466427 1.6676547527313232
1355 -0.1659032702445984 -0.9317660927772522
1356 -1.2793235778808594 1.0326862335205078
1357 -0.2717086374759674 -1.1167027950286865
1358 -1.2429745197296143 0.1580548882484436
1359 -0.35164445638656616 0.00401094788685441
1360 -0.6343541145324707 0.48822006583213806
1361 -1.489585280418396 0.08941008150577545
1362 1.0025169849395752 -0.6697655320167542
1363 -0.9588798880577087 1.1753427982330322
1364 0.9489689469337463 -0.8798526525497437
1365 -1.1743863821029663 -0.24918365478515625
1366 -0.4190412163734436 0.04886840283870697
1367 -0.5200278759002686 -1.415897011756897
1368 -2.134639024734497 -0.6607550382614136
1369 -1.0395417213439941 -1.6940555572509766
1370 -0.23542232811450958 -1.6843430995941162
1371 -1.612113356590271 0.6359418034553528
1372 -1.4883772134780884 -1.4677550792694092
1373 -0.8658408522605896 1.7281312942504883
1374 -0.5638427734375 0.9155284762382507
1375 0.12710995972156525 -1.5921441316604614
1376 0.16842426359653473 -0.3757460415363312
1377 -0.1586970090866089 0.5392653942108154
1378 -1.8084644079208374 1.1351525783538818
1379 -0.40687689185142517 0.9459298849105835
1380 -1.8764088153839111 -0.7494370341300964
1381 0.5269558429718018 0.7674551606178284
1382 -0.09685321152210236 -1.0890429019927979
1383 -1.1028409004211426 0.17693188786506653
1384 -0.600861668586731 -0.375112384557724
1385 -0.8845667243003845 -0.717658281326294
1386 -1.0209071636199951 0.2245241105556488
1387 -1.4015356302261353 -0.3340930640697479
1388 -0.8743671774864197 -1.3322348594665527
1389 -0.9351575970649719 0.2670973837375641
1390 0.0752563551068306 0.28159987926483154
1391 -0.6726769208908081 -0.17108309268951416
1392 -1.1201467514038086 -0.3830491304397583
1393 -0.7034161686897278 0.5046704411506653
1394 -1.1734932661056519 1.0863709449768066
1395 -0.8290424942970276 -0.6956360936164856
1396 0.532899796962738 1.4590104818344116
1397 -0.16834422945976257 1.6395976543426514
1398 -0.5471832752227783 0.1023099273443222
1399 -1.0809961557388306 -0.698993980884552
1400 -0.8917208909988403 -1.7165683507919312
1401 -0.9692939519882202 -1.6850876808166504
1402 -0.5255425572395325 -1.143112301826477
1403 -1.348499059677124 -0.1450594812631607
1404 -0.6501932740211487 0.49286776781082153
1405 0.02259041741490364 -0.11331235617399216
1406 -0.40601155161857605 0.9476542472839355
1407 -0.5470255613327026 1.7661110162734985
1408 0.06183620169758797 1.0821763277053833
1409 -1.5973668098449707 -0.8588787317276001
1410 -0.6441676020622253 0.45637208223342896
1411 -1.407553791999817 -0.5961880683898926
1412 -1.3697395324707031 1.5625977516174316
1413 0.5549368858337402 -0.09180179983377457
1414 -0.6692356467247009 -0.1676361858844757
1415 -0.6548725962638855 0.498624324798584
1416 -1.0252326726913452 1.1471233367919922
1417 0.2515501379966736 0.5036650896072388
1418 -0.5082722902297974 -0.5078842043876648
1419 -2.162121057510376 0.6244068741798401
1420 -0.7041837573051453 0.4354254901409149
1421 -0.21035277843475342 -1.6723130941390991
1422 0.5216992497444153 0.04746074229478836
1423 -1.0264978408813477 0.6269997358322144
1424 -2.20001220703125 0.5237283110618591
1425 -1.436401605606079 -0.4948471784591675
1426 0.6221761703491211 -1.2409181594848633
1427 0.5422900319099426 0.6977880001068115
1428 -0.8135316371917725 -1.7288931608200073
1429 -0.8104592561721802 -1.7242332696914673
1430 -0.9894638061523438 -1.2413768768310547
1431 -2.2127058506011963 -0.2701169550418854
1432 -0.6712669730186462 0.5024287104606628
1433 0.520287036895752 0.7779883146286011
1434 -1.6964339017868042 1.265570878982544
1435 -1.785239577293396 0.3216021656990051
1436 -0.23057574033737183 -0.08072316646575928
1437 -0.22197377681732178 -1.693117380142212
1438 -0.19152531027793884 0.085298091173172
1439 -0.8828823566436768 1.2247227430343628
1440 0.3648815453052521 1.5552892684936523
1441 0.5178096294403076 0.6849226355552673
1442 1.0090124607086182 -0.669426441192627
1443 -0.6521729230880737 -0.3449433147907257
1444 -0.7286400198936462 1.2796005010604858
1445 -0.625254213809967 -1.1630054712295532
1446 -1.2721054553985596 -0.030713800340890884
1447 -0.6467021107673645 0.4874027371406555
1448 0.48825594782829285 0.8276013731956482
1449 -0.2368917465209961 -1.6811670064926147
1450 -1.5169923305511475 -1.4509209394454956
1451 -2.206346273422241 -0.328513503074646
1452 -1.122521162033081 1.0968339443206787
1453 -1.065079689025879 0.5975177884101868
1454 -0.41463443636894226 0.062267545610666275
1455 -0.09054029732942581 0.47642579674720764
1456 -1.0738862752914429 0.5938344597816467
1457 0.19143888354301453 -0.9926537275314331
1458 0.6052494049072266 -1.0334272384643555
1459 -1.898781418800354 -0.8744497895240784
1460 0.5018388032913208 -1.3641568422317505
1461 0.5414860844612122 0.1800754964351654
1462 -1.726407527923584 1.2110353708267212
1463 -1.8051701784133911 1.1375832557678223
1464 -0.4618600606918335 0.5741910934448242
1465 0.23859240114688873 -1.5137546062469482
1466 -1.9756687879562378 0.9783092141151428
1467 -0.7428003549575806 -0.6681103706359863
1468 -1.1767245531082153 0.49834591150283813
1469 0.28318506479263306 -0.8099806904792786
1470 -1.1611167192459106 0.5291481018066406
1471 -1.5858930349349976 -0.8784583210945129
1472 0.24772906303405762 -0.2863810360431671
1473 -0.2563270330429077 -0.36650365591049194
1474 -0.7456853985786438 0.5290127396583557
1475 -0.5026801824569702 -1.7386919260025024
1476 0.16159960627555847 -0.6016995906829834
1477 -1.8324345350265503 -1.0995688438415527
1478 -0.053581900894641876 1.1443158388137817
1479 -1.2913087606430054 -0.11612638086080551
1480 -0.22583544254302979 -0.9543102979660034
1481 -1.4101923704147339 -0.3265363872051239
1482 -1.9552196264266968 1.0052554607391357
1483 -0.7342573404312134 -0.169916033744812
1484 -0.00020937062799930573 0.45540302991867065
1485 0.08502151817083359 0.25355765223503113
1486 -0.8013138175010681 0.11111824214458466
1487 0.5138851404190063 0.713739275932312
1488 -0.13024169206619263 0.713182806968689
1489 0.03572086617350578 0.4356427788734436
1490 -0.7225218415260315 -0.31388384103775024
1491 -0.7170807719230652 -0.05948992446064949
1492 0.17309391498565674 -0.309320330619812
1493 -0.3627592623233795 -0.21674400568008423
1494 -0.8279839754104614 -0.718299925327301
1495 -0.6173717379570007 1.2226980924606323
1496 0.4091316759586334 1.5648777484893799
1497 0.6468621492385864 -1.0382527112960815
1498 -1.1032440662384033 0.5876054167747498
1499 0.5549753904342651 -0.09850727021694183
1500 -0.06768946349620819 -0.6941399574279785
1501 -1.1873515844345093 1.0866094827651978
1502 -2.019522190093994 0.9286296963691711
1503 0.3720458149909973 -0.28352051973342896
1504 -0.6838068962097168 -0.07572849094867706
1505 -1.4983316659927368 -1.4787954092025757
1506 -0.9889146685600281 1.168584942817688
1507 -0.6139863729476929 0.09547188878059387
1508 0.07769138365983963 0.2721427083015442
1509 0.3756503462791443 -0.2860514521598816
1510 -2.202864646911621 -0.3425678014755249
1511 -0.061849091202020645 1.6717720031738281
1512 -0.4432206451892853 0.07840059697628021
1513 -1.1090998649597168 0.5896594524383545
1514 -0.7787590622901917 -0.26004064083099365
1515 -1.012285828590393 1.7389572858810425
1516 -1.8980331420898438 0.15767918527126312
1517 -1.0980335474014282 0.1390267312526703
1518 0.6438866257667542 0.8099521398544312
1519 -0.14447396993637085 0.08118676394224167
1520 -1.7837284803390503 0.3231511414051056
1521 -0.3087165057659149 -0.11400491744279861
1522 -0.8005270957946777 0.02002643048763275
1523 -0.29796749353408813 0.5965452194213867
1524 -0.1691289246082306 -0.36823132634162903
1525 -0.11647740006446838 0.16560128331184387
1526 -2.015000104904175 -0.8680233359336853
1527 0.6401033401489258 -1.2327265739440918
1528 -0.14762172102928162 0.5309492945671082
1529 -0.5711526870727539 0.9149304032325745
1530 -0.6853299736976624 -0.08131476491689682
1531 -1.006866455078125 -1.3068064451217651
1532 -0.42871204018592834 0.22851765155792236
1533 0.0674595832824707 -0.25492772459983826
1534 -0.2631016969680786 0.01353810541331768
1535 -0.34817153215408325 1.7329100370407104
1536 -0.47200191020965576 0.555559515953064
1537 0.02598877064883709 0.42765340209007263
1538 -1.5953428745269775 0.8190004229545593
1539 -0.0414280965924263 0.4784166216850281
1540 -0.34682729840278625 0.02775675617158413
1541 -2.1887409687042236 0.5540168881416321
1542 0.3793058693408966 1.5593287944793701
1543 -1.0900248289108276 -0.5076457858085632
1544 -0.06955508142709732 1.1330620050430298
1545 -1.3127182722091675 -1.5738004446029663
1546 1.0296745300292969 -0.7388990521430969
1547 -1.4486178159713745 -0.41960015892982483
1548 -0.07145948708057404 1.6435843706130981
1549 -1.2609610557556152 0.0012561855837702751
1550 -0.046423621475696564 1.1540533304214478
1551 -0.3123140335083008 -0.15684525668621063
1552 -0.012177135795354843 -0.656606912612915
1553 -0.1536625474691391 0.06360436230897903
1554 0.07372560352087021 0.2723701596260071
1555 -2.2508556842803955 0.10375679284334183
1556 -0.6386887431144714 -1.1692860126495361
1557 -0.1764259934425354 1.6234132051467896
1558 -0.7492321133613586 -0.5927608609199524
1559 -1.6905831098556519 0.5674386620521545
1560 -1.238458275794983 -1.0426700115203857
1561 -2.2009048461914062 0.5224533677101135
1562 -1.561428189277649 0.22018566727638245
1563 -1.8465080261230469 -1.0855289697647095
1564 -1.8869531154632568 -0.25830644369125366
1565 0.9684543609619141 -0.8435921669006348
1566 0.6207637786865234 -0.9054291248321533
1567 -1.8655595779418945 -1.0605132579803467
1568 -1.0086227655410767 0.21155697107315063
1569 -1.218898892402649 0.4992057681083679
1570 -1.0743411779403687 0.12677797675132751
1571 0.026815231889486313 0.46406057476997375
1572 0.8753862380981445 -0.8816869258880615
1573 0.950146496295929 -0.8640674352645874
1574 -0.09977149218320847 0.12194395810365677
1575 0.599901556968689 -1.1331249475479126
1576 -0.9777390956878662 1.7082297801971436
1577 0.497551828622818 0.8054439425468445
1578 0.4296395182609558 -1.311174988746643
1579 -1.0440313816070557 -0.10116084665060043
1580 -0.4571303129196167 0.08729752898216248
1581 -0.5643774271011353 -1.73885178565979
1582 -0.43679288029670715 1.7574936151504517
1583 -0.1617666482925415 -0.08260796219110489
1584 0.05323063209652901 -0.684730052947998
1585 -0.44088783860206604 0.08318711072206497
1586 -0.8283295631408691 -0.6935521364212036
1587 -1.8098430633544922 1.132971167564392
1588 0.5592204332351685 -0.11923106014728546
1589 -0.766011655330658 0.14600083231925964
1590 -0.6564212441444397 -0.3379766345024109
1591 -1.1363221406936646 1.6797683238983154
1592 -0.776799201965332 -0.2646901607513428
1593 -0.3189656138420105 0.1570100039243698
1594 -2.2649085521698 0.2838202118873596
1595 -0.1159709095954895 0.0945819690823555
1596 0.09562491625547409 0.20158693194389343
1597 -1.0742182731628418 1.1180307865142822
1598 -1.831088662147522 -1.1035939455032349
1599 -0.17966601252555847 -0.2604486644268036
1600 -0.7225216031074524 -0.6147722005844116
1601 0.1261710673570633 -0.7786540985107422
1602 0.7996180057525635 1.1447956562042236
1603 -1.3471399545669556 -1.048887014389038
1604 -1.3396885395050049 -0.9754295349121094
1605 -1.2235743999481201 -1.6232270002365112
1606 0.00021039339480921626 -0.3751404285430908
1607 -0.5550840497016907 -0.42378395795822144
1608 -1.3795945644378662 -0.39736855030059814
1609 -0.8411351442337036 0.6398239731788635
1610 0.5217511653900146 0.7682602405548096
1611 -1.6905966997146606 0.5676096677780151
1612 -0.9317695498466492 0.1445164680480957
1613 -0.850641131401062 -0.6919078826904297
1614 -1.3361376523971558 0.5655981302261353
1615 -2.1715710163116455 0.6025830507278442
1616 -0.41587138175964355 0.04982016235589981
1617 0.04962058737874031 0.41206657886505127
1618 -1.6468199491500854 -0.35963720083236694
1619 -1.3412187099456787 -1.571973443031311
1620 -0.351975679397583 0.7995284795761108
1621 0.1651352047920227 -0.7171332836151123
1622 0.033513303846120834 1.0962190628051758
1623 -0.4658643901348114 0.5873929858207703
1624 -0.1487046182155609 0.5304641723632812
1625 -0.07932642102241516 0.11157306283712387
1626 -0.6418129801750183 -0.5606109499931335
1627 -1.0098661184310913 -1.7130638360977173
1628 0.43561968207359314 1.5093705654144287
1629 -0.17892445623874664 -0.3340572416782379
1630 -0.590498149394989 -0.564026415348053
1631 -0.4333187937736511 1.7580558061599731
1632 -1.1122591495513916 0.57239830493927
1633 -0.1240055188536644 0.5226322412490845
1634 -0.6874995231628418 -0.6270583868026733
1635 -0.519870936870575 -0.22318260371685028
1636 0.9969101548194885 -0.7903854250907898
1637 0.7691763639450073 -1.1028945446014404
1638 -1.3343209028244019 0.5291470885276794
1639 0.5565958023071289 -0.017718235030770302
1640 0.4771549105644226 -1.3804439306259155
1641 -0.4794556796550751 0.09095939993858337
1642 0.41798245906829834 1.5209763050079346
1643 -0.16737282276153564 0.5427078604698181
1644 -1.887345790863037 0.23374725878238678
1645 0.4102872312068939 1.5206142663955688
1646 -1.701444387435913 0.3931668698787689
1647 -1.8583110570907593 -0.5959625244140625
1648 -0.2563266456127167 -0.36650893092155457
1649 0.07371100783348083 0.3004777729511261
1650 -0.4171653985977173 0.05337296053767204
1651 -0.6968408226966858 -0.6294410228729248
1652 0.2809881865978241 -1.489571213722229
1653 -0.0014725346118211746 -0.7551459074020386
1654 -1.0955288410186768 -0.6747711300849915
1655 0.8519102334976196 -1.0070078372955322
1656 0.021985307335853577 0.46085163950920105
1657 -0.7318633794784546 0.5155835151672363
1658 0.14889425039291382 -0.027689894661307335
1659 -1.0823218822479248 -0.7899472713470459
1660 -1.4183744192123413 -0.5107758045196533
1661 -0.14902271330356598 0.511637270450592
1662 -2.2478106021881104 0.0355442576110363
1663 -1.5900442600250244 -0.8743506669998169
1664 -1.7410080432891846 1.2022875547409058
1665 -2.1405460834503174 0.6881096363067627
1666 -1.5419127941131592 -1.440428614616394
1667 -1.1275252103805542 -0.16841185092926025
1668 -1.375165343284607 -0.43445155024528503
1669 -0.4444236159324646 1.7597341537475586
1670 -0.9309190511703491 0.21849504113197327
1671 -0.7272793054580688 -0.05480431020259857
1672 -1.0680274963378906 -0.7217339277267456
1673 0.08750756829977036 0.2722502648830414
1674 0.8825400471687317 -0.9648386240005493
1675 -1.1117037534713745 0.5756420493125916
1676 -0.09323220700025558 -0.4157905876636505
1677 -0.19242815673351288 -0.30159106850624084
1678 -0.5497211217880249 -0.4263618290424347
1679 -0.6255568265914917 1.2265489101409912
1680 -0.847148597240448 -0.6820719242095947
1681 -0.841091513633728 0.6382558345794678
1682 -0.4579717218875885 0.5998122692108154
1683 -0.5453369617462158 -0.5478984117507935
1684 -0.4894093871116638 -0.31500479578971863
1685 -2.1316077709198 -0.6777949929237366
1686 0.24685457348823547 0.3913170397281647
1687 -1.8664857149124146 -0.478792667388916
1688 -1.070836067199707 0.20012058317661285
1689 -0.08129477500915527 0.10761339962482452
1690 -2.1554293632507324 -0.6289315223693848
1691 -0.1818336397409439 1.6276692152023315
1692 -0.13017654418945312 0.5082006454467773
1693 0.5783774852752686 -1.3300389051437378
1694 -1.061562418937683 0.6221049427986145
1695 -1.4022397994995117 -0.6144203543663025
1696 0.3453567624092102 0.44345009326934814
1697 -0.4728260338306427 0.0902814045548439
1698 -0.7053186893463135 0.4624768793582916
1699 0.5427623987197876 -0.13083776831626892
1700 0.11723126471042633 0.18094897270202637
1701 -1.0810753107070923 0.20820313692092896
1702 -0.4221445620059967 0.052567895501852036
1703 -0.01174122840166092 0.4621683657169342
1704 -0.9448263049125671 -1.054370403289795
1705 -0.8849532604217529 -1.3137036561965942
1706 -0.6673777103424072 -0.0072042737156152725
1707 -0.23643498122692108 -0.4281357228755951
1708 -2.042379140853882 -0.813867449760437
1709 -0.5545644760131836 0.10159289836883545
1710 -1.4473689794540405 1.5262324810028076
1711 -1.0504541397094727 1.6931142807006836
1712 -0.9048510789871216 0.24290044605731964
1713 -0.5115517973899841 0.9155731201171875
1714 -0.16583405435085297 1.6370548009872437
1715 -0.8293662071228027 0.09380731731653214
1716 -1.0076968669891357 -1.6994221210479736
1717 0.5550478100776672 -1.3346425294876099
1718 -1.3959730863571167 -0.3623836040496826
1719 -1.5757678747177124 -0.8870849609375
1720 -0.40627557039260864 0.9534757137298584
1721 -1.2520649433135986 -1.029171347618103
1722 -0.4052562713623047 0.05611753836274147
1723 -2.2167680263519287 -0.24970614910125732
1724 -0.8315813541412354 1.229144811630249
1725 -2.220165729522705 -0.22978679835796356
1726 0.029393848031759262 1.6642241477966309
1727 -0.17349542677402496 1.6215401887893677
1728 -1.0001041889190674 1.7283610105514526
1729 -0.9886969923973083 1.7053250074386597
1730 -0.4913981556892395 0.08773542940616608
1731 -1.3702874183654785 -0.4249626398086548
1732 -0.9178969860076904 0.2146800309419632
1733 0.5188323259353638 1.473330020904541
1734 -0.8943431973457336 0.1424921751022339
1735 -0.002175824949517846 0.46313905715942383
1736 -0.6816177368164062 0.11364523321390152
1737 -0.729043185710907 1.2879889011383057
1738 -0.0596291646361351 1.133425235748291
1739 -1.7354732751846313 1.2166845798492432
1740 -1.027422547340393 1.7401740550994873
1741 -0.1105475202202797 -0.8834625482559204
1742 -0.5555793642997742 0.9174221754074097
1743 -0.7214162349700928 -0.6585912704467773
1744 -1.0464415550231934 0.6319050788879395
1745 1.0192480087280273 -0.6843656301498413
1746 -0.35411953926086426 0.7900593280792236
1747 0.6505197286605835 -1.2011836767196655
1748 -1.479436993598938 0.1545345038175583
1749 0.29008379578590393 0.4158798158168793
1750 -0.6086496114730835 -1.1651877164840698
1751 -2.2783639430999756 -0.019894247874617577
1752 -0.1052754670381546 0.18863347172737122
1753 -1.4077138900756836 -1.5236477851867676
1754 -1.158600091934204 0.12292661517858505
1755 -0.11180657148361206 0.11092370003461838
1756 0.30058422684669495 -1.4812030792236328
1757 -0.6599725484848022 0.4763663709163666
1758 -1.5987765789031982 0.8049429655075073
1759 -0.23783449828624725 -0.080622598528862
1760 -0.6885064244270325 -0.09004594385623932
1761 -0.1327848732471466 -1.6394670009613037
1762 -0.7565922141075134 0.012915404513478279
1763 -0.13522903621196747 0.5023295283317566
1764 -1.4824808835983276 -0.9186204075813293
1765 -1.0855861902236938 -1.514138102531433
1766 -1.8455030918121338 -0.029383879154920578
1767 0.4238074719905853 1.5482138395309448
1768 -0.733182966709137 -1.1698745489120483
1769 -0.4585943818092346 0.09712793678045273
1770 0.12137273699045181 -0.6689492464065552
1771 0.015470415353775024 -0.48045891523361206
1772 -0.11597397178411484 0.09458313137292862
1773 -1.1398117542266846 -0.2931663990020752
1774 -0.7635982632637024 0.6394214034080505
1775 -1.3090355396270752 -0.11739424616098404
1776 -0.3382994532585144 -0.05850851535797119
1777 -0.6549817323684692 -0.3270829916000366
1778 0.013331925496459007 0.46596428751945496
1779 -0.44286611676216125 0.610227108001709
1780 -1.601468563079834 0.7954419851303101
1781 0.4233211874961853 1.536714792251587
1782 -1.7833033800125122 1.175430178642273
1783 0.5523654222488403 -0.0956953689455986
1784 -1.2429721355438232 0.1580580770969391
1785 -1.7088236808776855 -0.3042260408401489
1786 0.07372947037220001 0.2723737061023712
1787 0.10612918436527252 -0.8971893191337585
1788 -1.8282866477966309 -0.03759092465043068
1789 -0.16129742562770844 -0.9376373887062073
1790 -1.2825202941894531 -0.015189580619335175
1791 0.2556287944316864 0.3916529417037964
1792 -1.0866363048553467 -0.6664289236068726
1793 -1.5741215944290161 -0.6670837998390198
1794 -1.1499316692352295 1.0922600030899048
1795 -1.1677525043487549 -1.2032469511032104
1796 -0.16869279742240906 -0.9591346383094788
1797 0.5116367340087891 0.3274754583835602
1798 -0.8242526650428772 -0.7071493268013
1799 -0.08798959851264954 0.4785020351409912
1800 -0.37935277819633484 0.7680059671401978
1801 -0.4240112602710724 -0.0606377087533474
1802 -1.476588249206543 1.506058931350708
1803 0.02405552752315998 1.1715224981307983
1804 -2.072854995727539 -0.7401683330535889
1805 -0.21948277950286865 -1.6191670894622803
1806 -1.103912591934204 0.1767701506614685
1807 0.11396326124668121 -0.5053450465202332
1808 -0.5471653938293457 0.921381413936615
1809 -0.7402226328849792 -0.004949367139488459
1810 -0.41329845786094666 0.9474743008613586
1811 -2.2097086906433105 -0.3032459616661072
1812 -0.6851416230201721 -0.04393574222922325
1813 -0.17215746641159058 -0.9378072023391724
1814 -1.6222589015960693 0.5369929671287537
1815 0.5206555724143982 -0.16726461052894592
1816 -1.6808842420578003 0.5144677758216858
1817 -0.47688910365104675 0.550421416759491
1818 0.7113328576087952 -0.9196855425834656
1819 0.015439988113939762 -0.4804422855377197
1820 0.3904387354850769 -0.6906646490097046
1821 -0.9108132719993591 0.16951686143875122
1822 -1.7009539604187012 0.3969454765319824
1823 -1.6948165893554688 -1.1684857606887817
1824 -1.6573625802993774 1.317481279373169
1825 -1.124521255493164 1.0993016958236694
1826 -1.0247663259506226 1.7361576557159424
1827 0.49889621138572693 0.7997841238975525
1828 0.40367358922958374 -0.369951456785202
1829 -0.30099278688430786 -1.7281526327133179
1830 0.1121532991528511 -0.14888890087604523
1831 -1.9495583772659302 0.9982396364212036
1832 0.2871061861515045 -0.36314481496810913
1833 -0.6846623420715332 -0.06977155059576035
1834 -0.7945236563682556 -0.6370484828948975
1835 -0.5728645324707031 -0.3889615833759308
1836 0.350334495306015 -0.49500560760498047
1837 -0.5899580121040344 -0.5783290863037109
1838 -0.7333583831787109 0.4262579679489136
1839 -1.0020939111709595 0.6450867652893066
1840 0.01017088908702135 -0.3436371386051178
1841 -0.644046425819397 -0.5267046093940735
1842 -1.5725224018096924 0.08790881186723709
1843 -1.2730385065078735 -0.0189241673797369
1844 0.3293346166610718 -1.5015252828598022
1845 0.8876922726631165 1.1818097829818726
1846 -1.1332604885101318 -0.2846759259700775
1847 0.9128225445747375 -0.845258355140686
1848 -0.6527408957481384 -1.2331421375274658
1849 -0.8072332739830017 0.18354488909244537
1850 -1.1668285131454468 0.15147508680820465
1851 -0.11639940738677979 -0.9023573994636536
1852 0.8828760385513306 1.031477451324463
1853 -0.5560567378997803 0.9219246506690979
1854 -0.5280823707580566 -0.5609619617462158
1855 -0.21237538754940033 -0.5863512754440308
1856 0.6612533926963806 -1.2127623558044434
1857 1.159548282623291 0.5362383723258972
1858 0.8955888748168945 0.13265717029571533
1859 0.8629156947135925 0.14865896105766296
1860 0.9109673500061035 0.1574236899614334
1861 1.2529852390289307 -0.17029890418052673
1862 1.2419910430908203 -0.17887632548809052
1863 1.2367051839828491 -0.18548442423343658
1864 1.2513152360916138 -0.16329188644886017
1865 1.193652629852295 0.4550645649433136
1866 1.206853985786438 0.31032225489616394
1867 1.2485532760620117 -0.17377950251102448
1868 1.2419198751449585 -0.17883768677711487
1869 1.2107254266738892 0.421646386384964
1870 0.8630499839782715 0.14340311288833618
1871 1.1592671871185303 0.5366852283477783
1872 1.1595419645309448 0.5362967252731323
1873 0.867501974105835 0.16199107468128204
1874 1.2444896697998047 -0.17845141887664795
1875 1.1655265092849731 0.5389169454574585
1876 0.8627184629440308 0.13604861497879028
1877 1.1351337432861328 0.27354952692985535
1878 1.1633116006851196 0.5412934422492981
1879 1.2418485879898071 -0.1788209229707718
1880 1.2699061632156372 -0.005210628733038902
1881 0.8033281564712524 0.08010189980268478
1882 1.1661514043807983 0.5363534688949585
1883 1.1606135368347168 0.5329358577728271
1884 1.2513229846954346 -0.16278792917728424
1885 1.1422399282455444 0.2594575881958008
1886 1.159966230392456 0.5412764549255371
1887 0.5075042843818665 -0.1829793006181717
1888 -0.9180141091346741 0.08392347395420074
1889 -0.4456537663936615 -0.16055074334144592
1890 -1.8368831872940063 -1.095106840133667
1891 -2.251589298248291 0.3449438214302063
1892 1.0347926616668701 -0.7239740490913391
1893 -1.063868761062622 0.20172017812728882
1894 -0.5952048897743225 -0.3855574131011963
1895 0.08988573402166367 0.30454298853874207
1896 -0.26381462812423706 -1.7280774116516113
1897 -0.7627087235450745 -0.28260648250579834
1898 -0.5208072066307068 0.715807318687439
1899 0.2709302008152008 0.4208521544933319
1900 -1.8716237545013428 -0.5583910942077637
1901 -0.583091676235199 -0.3914596140384674
1902 0.04481782019138336 -0.0638437569141388
1903 -0.5767750144004822 -1.1599763631820679
1904 0.02783946879208088 0.4499916434288025
1905 -0.8584368824958801 -0.6948645114898682
1906 0.878932535648346 -0.889667809009552
1907 -0.7004051208496094 0.12358763068914413
1908 -2.0184803009033203 0.9300256371498108
1909 -0.3328040540218353 0.048300620168447495
1910 -1.3359817266464233 0.565201461315155
1911 -0.863054633140564 1.345740795135498
1912 -0.1455751210451126 0.5422493815422058
1913 -0.6425294876098633 -1.184023141860962
1914 -1.5047023296356201 1.497640609741211
1915 -0.7966384887695312 0.6415467858314514
1916 0.03674224391579628 1.1453964710235596
1917 1.1647987365722656 0.5412276983261108
1918 1.1596341133117676 0.5445295572280884
1919 1.2523678541183472 -0.17212988436222076
1920 1.1660597324371338 0.5378620028495789
1921 1.2056959867477417 0.4283311367034912
1922 0.7823061943054199 0.07212837785482407
1923 0.8033281564712524 0.08010189980268478
1924 1.2574161291122437 -0.154326394200325
1925 1.1590089797973633 0.5327572226524353
1926 1.1603254079818726 0.5407387018203735
1927 1.2577999830245972 -0.15457791090011597
1928 1.2541229724884033 -0.15528549253940582
1929 1.251172423362732 -0.16757917404174805
1930 1.2025254964828491 0.4219866096973419
1931 1.163012146949768 0.5337468981742859
1932 0.8662719130516052 0.12862984836101532
1933 1.1651031970977783 0.5399702787399292
1934 1.2580485343933105 -0.14253096282482147
1935 1.136649250984192 0.28635627031326294
1936 1.2114040851593018 0.4307829439640045
1937 1.1591103076934814 0.5326117873191833
1938 1.2423605918884277 -0.17890900373458862
1939 1.14472496509552 0.26902517676353455
1940 1.1627118587493896 0.5424025654792786
1941 1.1660312414169312 0.5337951183319092
1942 1.2569162845611572 -0.15269041061401367
1943 1.1640162467956543 0.5415974259376526
1944 1.247270941734314 -0.17583966255187988
1945 1.2555570602416992 -0.15397033095359802
1946 0.779570996761322 0.06769876927137375
1947 1.2573915719985962 -0.15705318748950958
1948 1.25669527053833 -0.1595897525548935
1949 0.7983527183532715 0.05165490135550499
1950 1.2530161142349243 -0.17030411958694458
1951 1.159277081489563 0.5330339074134827
1952 1.2543939352035522 -0.15327882766723633
1953 1.2581413984298706 -0.14827005565166473
1954 1.2522385120391846 -0.17159606516361237
1955 0.7807968258857727 0.07367610931396484
1956 0.7807968258857727 0.07367610931396484
1957 1.1382604837417603 0.2754286527633667
1958 1.2400364875793457 -0.1778084635734558
1959 1.1634764671325684 0.5297661423683167
1960 1.159720540046692 0.5335183143615723
1961 1.159719467163086 0.5335409045219421
1962 1.2437849044799805 -0.16989916563034058
1963 1.1594797372817993 0.5310487747192383
1964 1.2423603534698486 -0.17891083657741547
1965 1.1634005308151245 0.5306054353713989
1966 1.1604348421096802 0.5448035001754761
1967 1.15860116481781 0.5410089492797852
1968 1.2440919876098633 -0.17919275164604187
1969 1.2517189979553223 -0.16978099942207336
1970 1.2539869546890259 -0.15649881958961487
1971 1.2541406154632568 -0.15527276694774628
1972 1.1245572566986084 0.2986339330673218
1973 0.8525049090385437 0.12533117830753326
1974 1.1771774291992188 0.48025161027908325
1975 1.1591076850891113 0.5361215472221375
1976 1.2752556800842285 0.03123275749385357
1977 1.2526930570602417 -0.15586133301258087
1978 -0.48670876026153564 0.014830637723207474
1979 -0.48675474524497986 0.01487170159816742
