1 285000 405000
2 430000 700000
3 735000 1270000
4 1350000 1785000
5 1880000 1995000
6 2075000 2205000
7 2320000 2570000
8 2920000 3015000
9 3075000 4465000
10 4475000 5145000
11 5150000 5285000
12 8750000 8885000
13 8890000 8980000
14 8985000 9230000
15 9265000 9700000
16 9815000 10275000
17 10335000 10605000
18 10610000 11035000
19 11045000 11475000
20 11485000 11945000
21 11980000 12185000
22 12540000 12945000
23 12980000 13955000
24 14010000 14335000
25 14385000 14630000
26 15680000 15810000
27 15850000 15945000
28 15965000 16130000
29 16950000 17285000
30 17345000 17675000
31 17690000 18170000
32 18805000 18920000
33 18990000 19530000
34 19565000 19905000
35 19920000 20390000
36 20595000 20735000
37 20780000 21120000
38 21195000 21295000
39 21990000 22105000
40 22110000 22200000
41 22205000 22310000
42 22320000 22450000
43 22760000 23050000
44 23100000 23685000
45 23810000 24035000
46 24060000 24230000
47 24275000 24520000
48 24530000 25270000
49 25285000 25750000
50 25780000 26820000
51 27165000 27475000
52 27605000 28050000
53 28115000 28240000
54 28870000 28965000
55 29735000 29820000
56 29835000 30050000
57 30430000 30665000
58 30710000 30955000
59 30960000 31470000
60 31535000 31700000
61 34170000 34390000
62 34395000 34735000
63 46580000 46655000
64 46660000 46970000
65 46975000 47180000
66 47225000 47710000
67 47755000 48200000
68 48265000 48675000
69 48710000 49390000
70 49420000 49975000
71 50040000 50865000
72 50945000 51860000
73 52185000 52950000
74 53080000 53255000
75 53260000 53355000
76 53465000 53555000
77 53560000 55470000
78 55495000 55735000
79 55960000 56375000
80 56540000 56760000
81 56890000 56985000
82 56990000 57090000
83 57095000 57570000
84 57580000 57770000
85 57795000 58155000
86 58160000 58345000
87 58365000 58530000
88 58540000 58795000
89 62245000 63015000
90 66390000 66910000
91 66925000 67510000
92 67515000 68385000
93 68405000 69725000
94 69735000 69800000
95 69810000 69975000
96 70405000 70560000
97 70615000 70705000
98 70715000 70830000
99 71430000 71660000
100 71750000 72005000
101 72040000 72135000
102 72145000 72505000
103 72530000 72825000
104 72890000 73100000
105 74490000 74695000
106 74730000 75185000
107 75230000 75435000
108 75490000 77225000
109 77250000 77635000
110 77685000 78050000
111 78145000 78290000
112 78725000 78815000
113 78945000 79050000
114 79665000 80530000
115 80560000 80870000
116 81035000 81935000
117 81985000 82270000
118 82660000 82810000
119 83845000 84785000
120 84790000 85015000
121 85025000 85815000
122 85845000 86055000
123 86085000 86570000
124 86585000 87325000
125 87340000 87800000
126 87805000 87960000
127 87990000 88390000
128 88490000 88635000
129 88775000 88870000
130 88880000 89285000
131 89370000 89625000
132 89630000 89750000
133 89765000 89940000
