1 17425000 17545000
2 17555000 17645000
3 17680000 17805000
4 17640000 18005000
5 18030000 18215000
6 18325000 18560000
7 18560000 18660000
8 18120000 18660000
9 18285000 18660000
10 19015000 19485000
11 19485000 19635000
12 18880000 19655000
13 19715000 19920000
14 19945000 20110000
15 20135000 20260000
16 20130000 20320000
17 20750000 20860000
18 20935000 21055000
19 20715000 21145000
20 21215000 21360000
21 22030000 22305000
22 22385000 22550000
23 22800000 22920000
24 23305000 23475000
25 23495000 23635000
26 23640000 23745000
27 23755000 23855000
28 24105000 24200000
29 24050000 24205000
30 24575000 24665000
31 24710000 24800000
32 24810000 24930000
33 24695000 24950000
34 25050000 25160000
35 25050000 25260000
36 25600000 25735000
37 25750000 25850000
38 25860000 25950000
39 25950000 26100000
40 25850000 26170000
41 26240000 26745000
42 26760000 26880000
43 26880000 27065000
44 27130000 28190000
45 28255000 28410000
46 28485000 28955000
47 29125000 29230000
48 28990000 29235000
49 29065000 29235000
50 29250000 29440000
51 28990000 29565000
52 29545000 29660000
53 28990000 29665000
54 29465000 29665000
55 29670000 29780000
56 29785000 29970000
57 30215000 30405000
58 30000000 30485000
59 30400000 30485000
60 29780000 30500000
61 30500000 30650000
62 30670000 30785000
63 31025000 31155000
64 31165000 31305000
65 31340000 31475000
66 30920000 31495000
67 30900000 31555000
68 30915000 31715000
69 31485000 31715000
70 31955000 32030000
71 31795000 32045000
72 31790000 32365000
73 32055000 32365000
74 32370000 32495000
75 32770000 32875000
76 32370000 32890000
77 32915000 33400000
78 33410000 33610000
79 33605000 33695000
80 33700000 33865000
81 33695000 33985000
82 33900000 33985000
83 34160000 34315000
84 34015000 34320000
85 33650000 34325000
86 35430000 35545000
87 35550000 35635000
88 35740000 35825000
89 35830000 36005000
90 35705000 36015000
91 36320000 36525000
92 36015000 36535000
93 35805000 36540000
94 35705000 36540000
95 36535000 36685000
96 36785000 36850000
97 36695000 36900000
98 36550000 36925000
99 36935000 37145000
100 37175000 37250000
101 37250000 37375000
102 37450000 37615000
103 37710000 37865000
104 37660000 37990000
105 37910000 38000000
106 38005000 38090000
107 38200000 38365000
108 38005000 38375000
109 38505000 38655000
110 38655000 38755000
111 38440000 38765000
112 38795000 38980000
113 38405000 39080000
114 39155000 39255000
115 39265000 39375000
116 39405000 39530000
117 39150000 39550000
118 39550000 39715000
119 39145000 39730000
120 39770000 39930000
121 40220000 40310000
122 39935000 40425000
123 40460000 40575000
124 40440000 40750000
125 40815000 40910000
126 40910000 41045000
127 40810000 41050000
128 41050000 41210000
129 41070000 41300000
130 41345000 41490000
131 41500000 41585000
132 41305000 41680000
133 41700000 41775000
134 41785000 41930000
135 41940000 42015000
136 42085000 42210000
137 42075000 42345000
138 42220000 42345000
139 42355000 42485000
140 42565000 42680000
141 42695000 42820000
142 42540000 42885000
143 42350000 42895000
144 42900000 43010000
145 43015000 43175000
146 43255000 43435000
147 43010000 43555000
148 43600000 43795000
149 43785000 44300000
150 43600000 44315000
151 44375000 44490000
152 44355000 44580000
153 44605000 45040000
154 44345000 45080000
155 45080000 45150000
156 45210000 45505000
157 45555000 45645000
158 45660000 45835000
159 45555000 45870000
160 46040000 46250000
161 46265000 46375000
162 46390000 46520000
163 46540000 46645000
164 46385000 46730000
165 46530000 46730000
166 46750000 46945000
167 46955000 47130000
168 46955000 47210000
169 47130000 47210000
170 48230000 48645000
171 48935000 49695000
172 50190000 50315000
173 50585000 50680000
174 50690000 50785000
175 50815000 50945000
176 50945000 51065000
177 50675000 51070000
