1 4480000 5400000
2 5770000 6890000
3 8260000 8460000
4 12260000 13130000
5 13350000 14190000
6 17060000 17310000
7 17320000 17560000
8 17650000 17810000
9 18330000 18500000
10 22070000 22450000
11 28880000 29060000
12 29100000 29290000
13 29310000 29640000
14 30020000 30330000
15 30350000 30990000
16 31010000 31380000
17 31460000 31620000
18 32280000 32550000
19 32740000 33040000
20 33980000 34230000
21 34240000 34430000
22 34460000 34710000
23 34880000 35200000
24 37000000 37300000
25 37520000 37920000
26 38090000 38260000
27 38290000 38490000
28 38570000 39060000
29 39120000 39300000
30 39540000 39770000
31 43410000 43620000
32 48490000 48800000
33 48990000 49180000
34 50050000 50510000
35 50910000 51130000
36 51140000 51540000
37 51550000 51810000
38 51820000 52180000
39 52210000 52540000
40 52580000 52880000
41 53730000 53920000
42 53950000 54190000
43 54320000 54500000
44 54970000 55140000
45 56410000 56580000
46 65450000 65600000
47 67120000 67280000
48 70880000 71390000
49 71560000 71770000
50 71860000 72120000
51 72350000 72550000
52 72580000 72800000
53 72880000 73200000
54 82660000 82860000
55 83110000 83270000
56 83300000 83480000
57 83780000 84020000
58 84040000 84270000
59 85090000 85380000
60 86060000 86320000
61 86420000 86650000
62 86660000 86970000
63 87040000 87310000
64 87390000 87640000
65 87800000 88040000
66 88060000 88450000
67 88560000 88810000
68 89310000 89510000
69 90370000 90540000
70 90560000 90780000
71 91110000 91400000
72 91470000 91710000
73 91850000 92020000
74 95430000 95670000
75 97510000 97970000
76 98970000 99440000
77 99610000 100540000
78 100600000 100830000
79 106610000 106760000
80 108020000 108350000
81 108360000 108700000
82 112160000 112330000
83 112640000 112960000
84 112980000 113290000
85 113360000 113560000
86 113700000 114030000
87 114680000 114870000
88 115000000 115770000
89 115780000 115960000
90 116140000 116550000
91 118110000 118340000
92 119090000 119400000
93 119430000 119680000
94 119710000 119880000
95 119940000 120280000
96 120470000 120710000
97 120890000 121320000
98 122600000 122750000
99 123600000 124360000
100 124770000 125040000
101 125360000 125560000
102 125620000 126660000
103 126730000 127400000
104 127620000 127900000
105 128130000 128390000
106 129320000 129480000
107 133910000 134200000
108 134360000 134580000
109 136560000 136750000
110 136760000 136940000
111 137390000 137690000
112 140410000 140670000
113 142470000 142700000
114 142760000 142950000
115 142980000 143150000
116 144980000 145310000
117 146340000 146760000
118 146780000 146940000
119 148160000 148340000
120 148640000 148870000
121 148890000 149080000
