1 3220000 3440000
2 4490000 4900000
3 6250000 7070000
4 13460000 13640000
5 16510000 16870000
6 17050000 17320000
7 17510000 17660000
8 19290000 19470000
9 19710000 19960000
10 19970000 20220000
11 25220000 25450000
12 25600000 25770000
13 25810000 26190000
14 27920000 28070000
15 28830000 29110000
16 29160000 29530000
17 29540000 29830000
18 29860000 30090000
19 30100000 30380000
20 31060000 31350000
21 31420000 31770000
22 35180000 35470000
23 35810000 35960000
24 36440000 36650000
25 38770000 39000000
26 47560000 48190000
27 50500000 50740000
28 51760000 51930000
29 52330000 52690000
30 52700000 52970000
31 52980000 53290000
32 53320000 53510000
33 53640000 53870000
34 54230000 54400000
35 56000000 56180000
36 56860000 57020000
37 57030000 57160000
38 70880000 71530000
39 71900000 72090000
40 73270000 73440000
41 73550000 73820000
42 74370000 74790000
43 75280000 75670000
44 79510000 80580000
45 80800000 81000000
46 81510000 82260000
47 82310000 82480000
48 82520000 82710000
49 82870000 83040000
50 86060000 86260000
51 86900000 87100000
52 87130000 87480000
53 87520000 87730000
54 87870000 88300000
55 88310000 88930000
56 89840000 90030000
57 90700000 91050000
58 91060000 91220000
59 91240000 91430000
60 96330000 96490000
61 97130000 97310000
62 97410000 97610000
63 99820000 100020000
64 103920000 104090000
65 104550000 104850000
66 105610000 105770000
67 105870000 106260000
68 106300000 107050000
69 107640000 108040000
70 108070000 108450000
71 108560000 108780000
72 108800000 109250000
73 109270000 109610000
74 114670000 114910000
75 116630000 116850000
76 116890000 117080000
77 117300000 117820000
78 117940000 118170000
79 118310000 119140000
80 119160000 119520000
81 119610000 120000000
82 120050000 120460000
83 120510000 120750000
84 120870000 121170000
85 121190000 121340000
86 121410000 121650000
87 122040000 123210000
88 123490000 123770000
89 124510000 124790000
90 125290000 125440000
91 125880000 126160000
92 126990000 127230000
93 127770000 127970000
94 128060000 128280000
95 128850000 129120000
96 129370000 129610000
97 129780000 130070000
98 130110000 130630000
99 132620000 132770000
100 132940000 133240000
101 133520000 133840000
102 133940000 134190000
103 134380000 134740000
104 134920000 135100000
105 135130000 135380000
106 135500000 135880000
107 135950000 136660000
108 136780000 137470000
109 137910000 138080000
110 139410000 139750000
111 139820000 140200000
112 141080000 142410000
113 142690000 142880000
114 143650000 144650000
115 145470000 145630000
116 146480000 146670000
117 146830000 147060000
118 147070000 147260000
119 147370000 148000000
120 148080000 148260000
121 148410000 148590000
122 148930000 149170000
123 149490000 149780000
124 150340000 150660000
125 150700000 150970000
126 151620000 152090000
