1 605000 690000
2 700000 895000
3 1010000 1135000
4 1165000 1245000
5 1255000 1420000
6 1000000 1465000
7 1465000 1550000
8 1245000 1550000
9 1105000 1555000
10 1005000 1555000
11 1555000 1620000
12 1620000 1775000
13 1565000 1935000
14 1800000 1935000
15 1955000 2205000
16 1555000 2270000
17 2245000 2340000
18 2415000 2495000
19 2320000 2615000
20 2670000 2945000
21 2975000 3405000
22 3430000 3565000
23 3575000 3750000
24 3755000 4000000
25 3570000 4040000
26 4100000 4320000
27 4190000 4320000
28 4330000 4455000
29 4330000 4565000
30 4470000 4570000
31 4610000 4805000
32 4810000 4980000
33 4980000 5090000
34 5145000 5345000
35 5095000 5370000
36 4980000 5385000
37 5390000 5480000
38 5490000 5615000
39 5660000 6205000
40 5680000 6330000
41 5485000 6340000
42 6355000 6550000
43 6810000 6915000
44 6560000 6920000
45 6750000 6925000
46 6940000 7100000
47 7130000 7255000
48 7255000 7340000
49 7390000 7475000
50 7145000 7520000
51 7505000 7600000
52 7620000 7715000
53 7815000 7895000
54 7615000 7975000
55 8020000 8215000
56 8295000 8650000
57 8800000 8905000
58 8695000 8910000
59 9195000 9465000
60 8935000 9480000
61 9880000 9965000
62 9825000 10190000
63 10250000 10520000
64 10530000 10630000
65 10530000 10765000
66 10635000 10765000
67 10795000 11840000
68 11885000 12055000
69 12275000 12450000
70 12145000 12575000
71 12660000 12925000
72 14265000 14850000
73 13115000 15115000
74 15130000 15415000
75 15920000 16100000
76 16260000 16345000
77 16350000 16430000
78 16440000 16560000
79 16815000 16905000
80 16900000 17220000
81 16810000 17225000
82 17250000 17370000
83 17390000 17555000
84 17245000 17560000
85 17580000 17685000
86 17570000 17775000
87 17570000 17955000
88 18030000 18120000
89 18750000 18845000
90 19135000 19255000
91 19265000 19375000
92 19140000 19385000
93 19415000 19680000
94 19885000 20020000
95 20460000 20780000
96 20810000 20905000
97 20925000 21020000
98 20915000 21175000
99 21020000 21175000
100 21195000 21455000
101 21700000 22220000
102 25540000 25680000
103 25700000 25780000
104 25780000 25925000
105 25515000 25980000
106 25985000 26080000
107 26100000 26220000
108 26235000 26360000
109 26370000 26465000
110 26220000 26655000
111 26085000 26660000
112 26805000 26880000
113 26695000 26880000
114 26970000 27045000
115 26905000 27045000
116 27050000 27275000
117 26970000 27290000
118 27280000 27450000
119 27460000 27620000
120 27695000 27890000
121 27960000 28115000
122 28130000 28260000
123 28120000 28350000
124 27925000 28420000
125 28350000 28425000
126 28430000 28665000
127 28805000 29060000
128 29060000 29155000
129 29230000 29310000
130 29335000 29545000
131 29420000 29545000
132 29295000 29635000
133 29185000 29705000
134 29555000 29705000
135 29735000 29865000
136 29890000 30175000
137 29715000 30185000
138 30550000 30665000
139 30675000 30775000
140 30800000 30945000
141 30775000 31090000
142 31105000 31250000
143 30770000 31330000
144 31090000 31330000
145 31850000 32005000
146 31360000 32080000
147 32095000 32485000
148 32515000 32700000
149 32745000 32850000
150 32735000 33265000
151 33305000 33450000
152 33635000 33870000
153 33915000 34080000
154 34165000 34280000
155 34300000 34400000
156 34175000 34490000
157 34285000 34490000
158 34965000 35300000
159 35305000 35400000
160 34955000 35440000
161 35770000 35850000
162 35870000 35970000
163 36005000 36220000
164 36480000 36575000
165 36575000 36650000
166 36695000 36830000
167 36830000 36910000
168 36910000 37030000
169 37220000 37310000
170 37130000 37315000
171 36910000 37355000
172 37420000 37555000
173 37695000 37780000
174 37695000 37910000
175 37785000 37910000
176 37910000 38025000
177 38025000 38135000
178 37910000 38140000
179 37760000 38165000
180 38140000 38345000
181 38350000 38445000
182 38140000 38450000
183 38590000 38695000
184 38515000 38700000
185 38700000 38780000
186 38780000 38960000
187 39695000 39825000
188 39845000 40070000
189 40175000 40270000
190 40110000 40285000
191 40345000 40450000
192 40465000 40560000
193 40570000 40685000
194 40075000 40690000
195 40440000 40690000
196 40715000 40840000
197 40705000 40930000
198 40855000 40950000
199 40985000 41115000
200 40690000 41150000
201 41170000 41380000
202 41465000 41565000
203 41655000 41755000
204 41760000 41855000
205 41595000 41865000
206 41450000 41870000
207 41955000 42085000
208 42280000 42425000
209 42460000 42590000
210 42605000 42755000
211 42455000 42790000
212 42840000 42965000
213 42980000 43100000
214 42975000 43210000
215 42830000 43215000
216 43210000 43285000
217 43355000 43470000
218 43715000 43945000
219 44165000 44270000
220 44075000 44370000
221 44780000 45090000
222 45180000 45260000
223 45280000 45400000
224 45210000 45425000
225 45740000 45900000
226 45905000 45975000
227 45905000 46100000
228 46035000 46100000
229 46100000 46215000
230 46425000 46545000
231 46560000 46670000
232 46410000 46675000
233 46795000 46870000
234 46735000 46875000
235 46720000 46970000
236 46875000 46970000
237 46725000 47120000
238 47025000 47125000
239 47380000 47485000
240 47495000 47640000
241 47645000 47775000
242 47780000 47870000
243 47640000 47885000
244 47930000 48080000
245 47925000 48170000
246 48085000 48175000
247 48235000 48425000
248 48430000 48555000
249 48710000 48775000
250 48555000 48785000
251 48850000 48930000
252 48930000 49040000
253 48840000 49050000
254 49060000 49235000
255 49055000 49310000
256 49245000 49355000
257 49380000 49655000
258 49390000 49740000
259 49815000 50255000
260 53045000 53395000
261 53470000 53580000
262 53600000 53700000
263 53600000 53855000
264 54640000 54855000
265 54890000 55040000
266 54880000 55170000
267 55085000 55170000
268 55205000 55320000
269 55320000 55520000
270 55320000 55635000
271 55190000 55835000
272 55925000 56080000
273 56085000 56195000
274 55915000 56225000
275 56085000 56250000
276 56295000 56580000
277 56595000 56785000
278 56805000 57085000
279 56595000 57130000
280 57300000 57385000
281 57390000 57520000
282 57825000 57940000
283 58375000 58470000
284 58210000 58515000
285 58520000 58735000
286 58780000 59045000
287 59065000 59460000
288 59475000 59675000
289 59710000 59920000
290 59945000 60195000
291 59690000 60205000
292 60485000 60705000
293 60755000 61065000
294 61125000 61470000
295 61495000 61565000
296 61485000 61695000
297 61700000 61775000
298 61775000 61920000
299 61840000 61920000
300 61975000 62095000
301 62105000 62220000
302 61950000 62225000
303 61935000 62375000
304 62230000 62375000
305 62500000 62655000
306 62960000 63055000
307 63110000 63205000
308 62955000 63210000
309 63235000 63555000
310 63225000 64170000
311 64195000 64680000
312 64720000 64900000
313 64710000 65080000
314 65090000 65345000
315 65370000 65475000
316 65360000 65710000
317 65715000 65960000
318 66035000 66160000
319 66165000 66260000
320 66285000 66380000
321 66255000 66460000
322 66030000 66510000
323 66525000 66750000
324 66770000 66955000
325 67005000 67240000
326 66760000 67255000
327 67325000 67410000
328 67410000 67520000
329 67315000 67535000
330 67560000 68125000
331 68160000 68540000
332 69845000 70120000
333 70415000 70535000
334 70120000 70540000
335 70550000 70720000
336 70980000 71160000
337 70720000 71190000
338 71230000 71380000
339 71415000 71725000
340 71410000 72185000
341 72200000 72285000
342 72290000 72365000
343 72365000 72460000
344 72360000 72530000
345 72270000 72615000
346 72220000 72630000
347 72645000 72735000
348 72195000 72740000
349 72200000 72865000
350 72780000 72870000
351 73030000 73220000
352 73275000 73410000
353 73415000 73515000
354 73415000 73585000
355 73515000 73590000
356 73605000 73755000
357 72955000 73775000
358 73760000 73855000
359 73900000 74010000
360 73885000 74065000
361 74180000 74270000
362 74110000 74280000
363 74290000 74400000
364 73860000 74510000
365 74445000 74520000
366 73855000 74720000
367 74515000 74720000
368 74860000 75065000
369 75140000 75215000
370 75090000 75245000
371 74735000 75305000
372 75415000 75495000
373 75320000 75505000
374 75530000 75745000
375 75760000 76005000
376 75520000 76015000
377 76080000 76245000
378 76255000 76370000
379 76070000 76430000
380 76255000 76430000
381 76490000 76670000
382 76685000 76780000
383 76440000 76840000
384 76435000 76975000
385 76845000 76980000
386 77005000 77085000
387 77190000 77395000
388 77820000 77965000
389 77700000 77975000
390 78165000 78240000
391 78250000 78375000
392 78060000 78380000
393 78390000 78550000
394 78835000 78905000
395 78825000 78960000
396 78390000 78965000
397 78980000 79085000
398 79095000 79205000
399 79290000 79390000
400 79225000 79455000
401 78995000 79480000
402 79480000 79605000
403 79895000 79985000
404 79985000 80150000
405 79895000 80155000
406 80190000 80285000
407 80295000 80390000
408 80405000 80520000
409 80605000 80720000
410 80740000 80880000
411 80905000 81010000
