1 330000 490000
2 505000 660000
3 690000 1005000
4 1015000 1110000
5 1120000 1350000
6 1740000 1825000
7 1835000 1915000
8 1685000 1930000
9 2015000 2205000
10 2220000 2450000
11 2490000 2695000
12 2755000 2855000
13 2750000 2940000
14 2480000 2965000
15 2965000 3040000
16 3090000 3240000
17 3330000 3465000
18 3570000 3890000
19 4250000 4350000
20 4460000 4915000
21 4990000 5850000
22 6120000 6225000
23 6245000 6340000
24 5995000 6345000
25 6365000 6560000
26 5980000 6565000
27 6640000 6715000
28 6720000 6885000
29 6905000 6990000
30 6905000 7085000
31 6640000 7095000
32 7155000 7350000
33 7150000 7725000
34 7745000 8015000
35 8160000 8250000
36 8250000 8420000
37 8155000 8435000
38 8145000 8600000
39 8450000 8605000
40 8640000 9145000
41 9900000 10020000
42 9745000 10030000
43 10030000 10120000
44 10175000 10385000
45 10125000 10540000
46 10620000 10750000
47 10580000 10895000
48 11815000 12645000
49 13375000 13550000
50 13905000 14410000
51 13650000 14415000
52 14750000 15055000
53 15225000 15435000
54 15460000 15655000
55 15720000 15805000
56 15885000 15960000
57 15710000 16005000
58 15800000 16005000
59 16020000 16270000
60 16885000 17405000
61 17330000 17475000
62 16875000 17480000
63 17545000 17650000
64 17665000 17795000
65 17510000 17810000
66 17830000 18030000
67 18680000 20260000
68 20370000 20700000
69 21795000 22365000
70 22520000 22600000
71 22400000 22705000
72 22960000 24440000
73 24510000 24595000
74 25315000 25380000
75 25160000 25385000
76 25430000 25795000
77 25840000 25930000
78 26065000 26195000
79 26325000 26415000
80 26020000 26425000
81 26860000 27015000
82 26740000 27020000
83 27045000 27360000
84 30370000 30685000
85 36210000 36355000
86 36075000 36405000
87 36415000 36730000
88 37425000 37585000
89 37595000 37800000
90 37805000 38045000
91 37590000 38050000
92 38055000 38180000
93 38185000 38320000
94 38175000 38735000
95 38750000 38870000
96 38900000 39145000
97 38865000 39450000
98 39185000 39450000
99 39465000 39685000
100 39690000 39980000
101 39460000 39985000
102 39985000 40055000
103 40055000 40140000
104 40145000 40230000
105 40230000 40320000
106 40145000 40325000
107 40050000 40335000
108 40335000 40420000
109 40430000 40730000
110 40035000 40740000
111 40035000 40865000
112 40730000 40910000
113 40965000 41220000
114 41275000 41660000
115 41260000 41905000
116 41685000 41910000
117 41940000 42270000
118 42280000 42375000
119 42405000 42530000
120 42280000 42535000
121 42585000 42665000
122 42555000 42780000
123 42985000 44635000
124 46925000 47040000
125 46890000 47115000
126 47455000 47595000
127 47680000 47840000
128 47840000 47925000
129 48000000 48115000
130 48145000 48280000
131 48690000 48780000
132 48570000 48920000
133 52680000 52940000
134 53445000 53595000
135 53410000 53855000
136 53880000 54045000
137 54060000 54300000
138 54345000 54690000
139 54340000 54740000
140 54855000 54940000
141 54775000 55105000
142 55530000 55805000
143 56260000 56425000
144 56200000 56670000
145 56815000 56915000
146 56720000 56925000
147 56760000 57200000
148 57245000 57395000
149 57515000 57675000
150 57415000 57720000
151 57775000 57845000
152 60060000 60985000
153 65000000 65445000
154 67965000 68190000
155 68405000 68570000
156 68840000 69060000
157 69130000 69245000
158 69490000 70050000
159 69285000 70075000
160 70545000 70760000
161 71200000 71375000
162 71540000 71705000
163 71465000 71900000
164 72105000 72540000
165 72050000 72580000
166 72655000 73170000
167 73385000 73905000
168 73935000 74125000
169 74435000 74530000
170 75030000 75185000
171 75785000 76240000
172 76440000 76770000
173 76910000 77005000
174 76815000 77065000
175 77085000 77310000
176 77350000 77435000
177 77435000 77675000
178 77865000 77970000
179 77995000 78135000
180 78150000 78280000
181 78295000 78550000
182 78150000 78575000
183 78625000 78845000
184 78875000 79465000
185 79700000 79785000
186 79515000 79800000
187 79910000 80310000
188 80820000 81135000
189 81135000 81265000
190 81275000 81985000
191 81990000 82285000
192 82320000 82775000
193 83275000 83370000
194 83380000 83715000
195 83740000 83815000
196 83820000 83950000
197 83985000 84205000
198 84215000 84380000
199 84410000 84565000
200 84565000 85475000
201 86040000 86295000
202 86465000 86670000
203 86335000 86675000
204 87405000 87820000
205 87840000 87945000
206 87835000 88020000
207 88055000 88165000
208 88275000 88400000
209 88770000 88915000
210 88930000 89135000
211 89195000 89295000
212 89295000 89435000
213 89150000 89445000
214 89445000 89595000
215 89740000 89945000
216 89945000 90045000
217 90155000 90360000
218 90500000 90825000
219 90880000 91235000
220 91340000 91960000
221 92070000 92440000
222 94610000 94705000
223 94735000 95055000
224 94780000 95080000
225 95130000 95210000
226 95365000 95520000
227 95185000 95550000
228 95595000 95970000
229 99060000 99370000
230 99180000 99370000
231 99390000 99595000
232 99385000 99765000
233 99910000 100010000
234 99810000 100015000
235 100040000 100385000
236 100450000 100730000
237 100730000 100810000
238 100730000 100875000
239 100895000 101010000
240 102080000 102585000
241 103265000 103350000
242 103360000 103545000
243 103585000 103735000
244 103935000 104020000
245 103550000 104040000
246 104045000 104115000
247 104125000 104860000
248 105415000 105785000
249 104920000 105795000
250 105890000 105980000
251 105805000 106060000
252 105980000 106060000
253 106070000 106395000
254 105805000 106400000
255 106415000 106635000
256 107150000 107260000
257 108525000 108660000
258 108675000 108840000
259 108940000 109110000
260 108915000 109530000
261 109675000 110300000
262 110355000 110480000
263 110480000 110585000
264 110345000 110765000
265 110755000 110900000
266 110920000 111135000
267 110915000 111220000
268 111135000 111230000
269 111240000 111440000
270 111515000 111935000
271 112850000 112980000
272 113000000 113215000
273 113250000 113440000
274 112990000 113545000
275 113445000 113545000
276 113560000 113685000
277 113710000 113865000
278 113545000 113885000
279 114185000 114290000
280 114605000 114680000
281 114460000 114685000
282 114685000 114830000
283 114375000 114850000
284 114430000 114850000
285 114870000 115005000
286 115310000 115630000
287 116145000 116460000
288 116765000 117000000
289 116770000 117055000
290 119200000 119285000
291 119655000 119815000
292 120520000 120980000
293 120990000 122040000
294 122055000 122235000
295 122285000 122595000
296 122275000 122695000
297 122585000 122735000
298 122815000 122940000
299 123295000 123500000
300 123505000 123650000
301 123665000 123845000
302 124485000 124585000
303 124305000 124600000
304 124065000 124640000
305 124690000 125110000
306 125265000 126205000
307 128505000 128670000
308 128705000 128805000
309 128700000 128985000
310 129370000 129485000
311 129105000 129730000
312 129255000 129730000
313 129365000 129730000
314 129485000 129730000
315 129215000 129800000
316 129915000 130020000
317 129800000 130025000
318 130280000 130605000
319 132370000 132490000
320 138110000 138715000
321 139095000 139445000
322 139940000 140010000
323 140125000 140220000
324 140225000 140315000
325 139935000 140480000
326 140630000 141200000
327 141445000 141535000
328 141270000 141545000
329 141565000 141780000
330 142555000 142635000
331 142215000 142695000
332 143250000 143665000
333 144130000 144255000
334 144270000 144430000
335 144100000 144450000
336 145075000 146010000
337 146020000 146120000
338 146400000 146480000
339 146120000 146535000
340 146860000 147120000
341 147160000 147265000
342 147280000 147445000
343 147925000 148050000
344 148420000 148525000
345 148625000 148790000
346 148830000 148980000
347 150280000 150815000
348 150880000 151170000
349 151195000 151810000
350 151790000 152025000
351 152045000 152555000
352 152130000 152580000
353 152665000 153265000
354 153565000 153660000
355 153325000 153700000
356 153735000 154055000
357 154060000 154250000
358 154265000 154345000
359 154260000 154565000
360 154570000 154690000
361 154690000 155140000
362 155265000 155445000
363 155470000 155555000
364 155875000 156205000
365 155720000 156295000
366 156505000 156710000
367 156355000 156715000
368 156730000 156875000
369 156875000 157980000
370 159205000 159570000
371 159645000 159780000
372 159820000 159925000
373 160025000 160100000
374 159940000 160115000
375 159780000 160125000
376 159615000 160140000
377 162170000 162600000
378 162165000 162665000
379 162160000 162885000
380 163405000 163970000
381 164400000 164475000
382 164475000 164600000
383 164605000 164680000
384 164400000 164685000
385 164470000 164685000
386 165690000 165925000
387 166035000 166270000
388 166270000 166395000
389 166415000 167045000
390 167520000 167920000
391 169100000 169430000
392 169625000 169805000
393 169500000 169840000
394 169845000 169930000
395 170195000 170410000
396 169930000 170435000
397 170535000 170680000
398 170710000 171000000
399 171055000 171170000
400 171190000 171320000
401 171510000 171780000
402 172345000 172605000
403 172315000 172690000
404 174085000 174180000
405 173925000 174200000
406 174230000 174340000
407 173905000 174375000
408 174425000 175030000
409 175135000 175260000
410 175285000 175640000
411 175785000 175990000
412 176855000 177275000
413 177300000 177455000
414 178135000 178395000
415 179855000 180235000
416 180325000 180735000
417 180780000 180980000
418 182060000 182475000
419 182880000 182965000
420 183365000 183730000
421 183730000 183840000
422 184010000 184180000
423 183850000 184195000
424 184195000 184330000
425 184365000 184580000
426 184360000 184645000
427 184565000 184645000
428 184730000 185125000
429 185185000 185275000
430 185395000 185460000
431 185180000 185465000
432 185170000 185570000
433 185465000 185570000
434 185570000 185655000
435 185665000 185735000
436 185745000 185840000
437 185655000 185910000
438 185655000 186060000
439 185925000 186060000
440 186120000 186225000
441 186110000 186320000
442 186395000 186525000
443 186545000 186970000
444 186970000 187065000
445 186970000 187125000
446 190540000 190680000
