1 200000 395000
2 405000 565000
3 605000 715000
4 795000 1430000
5 1440000 1580000
6 2110000 2195000
7 2245000 2360000
8 1575000 2375000
9 2390000 2705000
10 2765000 2990000
11 2760000 3070000
12 2990000 3070000
13 3120000 3260000
14 3280000 3465000
15 3265000 3730000
16 3735000 4005000
17 3260000 4020000
18 4020000 4165000
19 4770000 4940000
20 4215000 5035000
21 5140000 5405000
22 5455000 5735000
23 5420000 5910000
24 6320000 6400000
25 6310000 6545000
26 6555000 6670000
27 6790000 6920000
28 7090000 7245000
29 6665000 7255000
30 7270000 7410000
31 7440000 7585000
32 7270000 7640000
33 7725000 7875000
34 7895000 7995000
35 7685000 8065000
36 8120000 8230000
37 8510000 8940000
38 8955000 10175000
39 8940000 10455000
40 10695000 10805000
41 10470000 10810000
42 10840000 11090000
43 11365000 11495000
44 11120000 11575000
45 11495000 11580000
46 11705000 11835000
47 11900000 12010000
48 11655000 12015000
49 12030000 12130000
50 12155000 12285000
51 12290000 12610000
52 12640000 12890000
53 12640000 13145000
54 12940000 13180000
55 13195000 13330000
56 13335000 13580000
57 13615000 13710000
58 13615000 13795000
59 13715000 13795000
60 14060000 14150000
61 13865000 14160000
62 14725000 15240000
63 15245000 15460000
64 15495000 15650000
65 15715000 15880000
66 15770000 16100000
67 15895000 16135000
68 15675000 16210000
69 16330000 16405000
70 16415000 16510000
71 16510000 16765000
72 16305000 16770000
73 16770000 16985000
74 17135000 17575000
75 17600000 17705000
76 17715000 17815000
77 17585000 17820000
78 17850000 18125000
79 18150000 18270000
80 18315000 18515000
81 18585000 20065000
82 20105000 20215000
83 20290000 20400000
84 20405000 20470000
85 20405000 20535000
86 20085000 20540000
87 20285000 20540000
88 20565000 20860000
89 20875000 21220000
90 20675000 21590000
91 20555000 21595000
92 22020000 22510000
93 21920000 22740000
94 24525000 24780000
95 24845000 25080000
96 25265000 25490000
97 25635000 26015000
98 25940000 26020000
99 26040000 26155000
100 26160000 26315000
101 26325000 26575000
102 26595000 27095000
103 27155000 27440000
104 27315000 27440000
105 27465000 27765000
106 27125000 27775000
107 27775000 27870000
108 27880000 28045000
109 28105000 28195000
110 28220000 28335000
111 28085000 28360000
112 28655000 28790000
113 28825000 28915000
114 28800000 28985000
115 28650000 28995000
116 29035000 29595000
117 29615000 29810000
118 29815000 29995000
119 29615000 30030000
120 30035000 30160000
121 30180000 30310000
122 30180000 30400000
123 30315000 30415000
124 30445000 30525000
125 30435000 30585000
126 30430000 30705000
127 30705000 30790000
128 30795000 30875000
129 30885000 31060000
130 30790000 31070000
131 31090000 31165000
132 31165000 31345000
133 30705000 31415000
134 31350000 31435000
135 31510000 31590000
136 31635000 31805000
137 31460000 31940000
138 32075000 32165000
139 32200000 32370000
140 32565000 32660000
141 32670000 32765000
142 32845000 32960000
143 32970000 33055000
144 32840000 33235000
145 32960000 33235000
146 33245000 33380000
147 33395000 33540000
148 33285000 33680000
149 33545000 33680000
150 33725000 34125000
151 34150000 34215000
152 34215000 34390000
153 34410000 34580000
154 34585000 34860000
155 34950000 35095000
156 34900000 35215000
157 35110000 35215000
158 34130000 35230000
159 35235000 35440000
160 35545000 35710000
161 35810000 35890000
162 35990000 36075000
163 36090000 36165000
164 36260000 36340000
165 36410000 36560000
166 36585000 36650000
167 36570000 36730000
168 36735000 36840000
169 36845000 36985000
170 36995000 37150000
171 36840000 37225000
172 36730000 37230000
173 37190000 37280000
174 37320000 37435000
175 37450000 37545000
176 37545000 37660000
177 37290000 37670000
178 37820000 37985000
179 37750000 37990000
180 38105000 38470000
181 38980000 39095000
182 39125000 39290000
183 38840000 39300000
184 39325000 39860000
185 39945000 40280000
186 40555000 40865000
187 40490000 40905000
188 40410000 40920000
189 41155000 41290000
190 41045000 41300000
191 41390000 41560000
192 41565000 41650000
193 41320000 41670000
194 41910000 42015000
195 41755000 42020000
196 41745000 42150000
197 42030000 42180000
198 42205000 42530000
199 42620000 42705000
200 42575000 42860000
201 42865000 42980000
202 43030000 43130000
203 42870000 43140000
204 43395000 43480000
205 43190000 43485000
206 43485000 43600000
207 43615000 43745000
208 43605000 44050000
209 44050000 44130000
210 44130000 44220000
211 44055000 44230000
212 43595000 44355000
213 44055000 44355000
214 44235000 44355000
215 44435000 44610000
216 44610000 45015000
217 45710000 45795000
218 45705000 45850000
219 45385000 45895000
220 46055000 46190000
221 46195000 46380000
222 46030000 46390000
223 46000000 46645000
224 46810000 47025000
225 47060000 47300000
226 47375000 47580000
227 47595000 47750000
228 47350000 47755000
229 49480000 49595000
230 49605000 49825000
231 50085000 50590000
232 50790000 51090000
233 51705000 51825000
234 51705000 51905000
235 52020000 52130000
236 52150000 52270000
237 52285000 52360000
238 52275000 52535000
239 52140000 52540000
240 52020000 52555000
241 52855000 52930000
242 52575000 52940000
243 52640000 53000000
244 53030000 53350000
245 53355000 53590000
246 53640000 53820000
247 55275000 55805000
248 55135000 56165000
249 56200000 56465000
250 56480000 56570000
251 56625000 56720000
252 56495000 56740000
253 56760000 56910000
254 56955000 57040000
255 57090000 57185000
256 56755000 57200000
257 57205000 57365000
258 63600000 63995000
259 64060000 64290000
260 64210000 64290000
261 64295000 64480000
262 64040000 64515000
263 64700000 65050000
264 68685000 68940000
265 70505000 70685000
266 70425000 70885000
267 70925000 71085000
268 71120000 71400000
269 71280000 71400000
270 71415000 71595000
271 71895000 72075000
272 72080000 72225000
273 72240000 72840000
274 73140000 73315000
275 73335000 73400000
276 73325000 73470000
277 73310000 73875000
278 74140000 74365000
279 74365000 74450000
280 75115000 75445000
281 75100000 75780000
282 75950000 76280000
283 76320000 76445000
284 76315000 76565000
285 79645000 79780000
286 79795000 79925000
287 79950000 80095000
288 79740000 80190000
289 80280000 80415000
290 80460000 80590000
291 80645000 80820000
292 82445000 82725000
293 82965000 83325000
294 82945000 83770000
295 83775000 83920000
296 83930000 84240000
297 84310000 84560000
298 84575000 84940000
299 84980000 85120000
300 85125000 85405000
301 85110000 85480000
302 86060000 86200000
303 86300000 86395000
304 86080000 86400000
305 86410000 87695000
306 87845000 87970000
307 88295000 88385000
308 88395000 88520000
309 88540000 88640000
310 88650000 88875000
311 89345000 89490000
312 88540000 89630000
313 89680000 89790000
314 89675000 89935000
315 89725000 90000000
316 89670000 90065000
317 89975000 90065000
318 90145000 90330000
319 90350000 90525000
320 91100000 91190000
321 90615000 91215000
322 91215000 91300000
323 92035000 92490000
324 95830000 96350000
325 96975000 97070000
326 97230000 97345000
327 97370000 97510000
328 96970000 97515000
329 97625000 97740000
330 97560000 97870000
331 99315000 99405000
332 99590000 99700000
333 99775000 99870000
334 99905000 100020000
335 100440000 100535000
336 100555000 100930000
337 100965000 101110000
338 101200000 101330000
339 105135000 105230000
340 105530000 105855000
341 105875000 106165000
342 106440000 106530000
343 105870000 106535000
344 106545000 106615000
345 105870000 106765000
346 106530000 106765000
347 106780000 106885000
348 106935000 107025000
349 106830000 107040000
350 107055000 107150000
351 106780000 107335000
352 107330000 107450000
353 107630000 107785000
354 108000000 108175000
355 107440000 108200000
356 108195000 108280000
357 108285000 108390000
358 108415000 108510000
359 108415000 108835000
360 108870000 109010000
361 108860000 109155000
362 109235000 109400000
363 108850000 109410000
364 109420000 109815000
365 109850000 110015000
366 110025000 110365000
367 109840000 110385000
368 110480000 110740000
369 110410000 110745000
370 110840000 110990000
371 111135000 111200000
372 111200000 111275000
373 110835000 111305000
374 111340000 111555000
375 111710000 111805000
376 111580000 111810000
377 111810000 111925000
378 112030000 112195000
379 112200000 112315000
380 112025000 112370000
381 112495000 112640000
382 113950000 114185000
383 113605000 114215000
384 116325000 116425000
385 116275000 116450000
386 116575000 116890000
387 116885000 116990000
388 117080000 117640000
389 117765000 117925000
390 117740000 118155000
391 118960000 119045000
392 118880000 119120000
393 119120000 119230000
394 119265000 119440000
395 119465000 119670000
396 119665000 119885000
397 119670000 119985000
398 119450000 120050000
399 121375000 121655000
400 121715000 122370000
401 122700000 122805000
402 123045000 123175000
403 123705000 124055000
404 125190000 125475000
405 125620000 126095000
406 126100000 126310000
407 126315000 126675000
408 126310000 127480000
409 127590000 127755000
410 127770000 127875000
411 127595000 127915000
412 128185000 128320000
413 129815000 129910000
414 129915000 130075000
415 129810000 130080000
416 130100000 130345000
417 129800000 130350000
418 130360000 130625000
419 130830000 130970000
420 130640000 131030000
421 131200000 131450000
422 131500000 131825000
423 132240000 132490000
424 132235000 132560000
425 132595000 132825000
426 132975000 133135000
427 132845000 133140000
428 134240000 134440000
429 134495000 134770000
430 134970000 135265000
431 134455000 135270000
432 135320000 135515000
433 135530000 135760000
434 135300000 135765000
435 135855000 135995000
436 135825000 136270000
437 136545000 136640000
438 136655000 136870000
439 137030000 137115000
440 136910000 137140000
441 136895000 137250000
442 137140000 137250000
443 137275000 137390000
444 137410000 137520000
445 137395000 137590000
446 137650000 137745000
447 137280000 137980000
448 138025000 138110000
449 138025000 138190000
450 138115000 138190000
451 138190000 138300000
452 138000000 138305000
453 138330000 138430000
454 138460000 138640000
455 138355000 138720000
456 138730000 138850000
457 138900000 139095000
458 139125000 139310000
459 139090000 139435000
460 139360000 139435000
461 139540000 139690000
462 139095000 139695000
463 139445000 139695000
464 139695000 140320000
465 140410000 141235000
466 141335000 141915000
467 142460000 142550000
468 142450000 142725000
469 142780000 142985000
470 143010000 143275000
471 143275000 143380000
472 143005000 143385000
473 143770000 143895000
474 143885000 144365000
475 144415000 144545000
476 144575000 144820000
477 144410000 144850000
478 144895000 145140000
479 145540000 145970000
480 146055000 146130000
481 146040000 146285000
482 146305000 147065000
483 147525000 147640000
484 147520000 147705000
485 147790000 148410000
486 148490000 148815000
487 148940000 149080000
488 149085000 149280000
489 148875000 149310000
490 149640000 149735000
491 149345000 149765000
492 149765000 149865000
493 149885000 149970000
494 149875000 150040000
495 150250000 150355000
496 150145000 150380000
497 150400000 150675000
498 150740000 150905000
499 150920000 151140000
500 150730000 151155000
501 151195000 151335000
502 151195000 151690000
503 151705000 151805000
504 151820000 151975000
505 151995000 152090000
506 151920000 152450000
507 152450000 152595000
508 154465000 154620000
509 154465000 154695000
510 154440000 154935000
511 154995000 155175000
512 155245000 155495000
513 154975000 155620000
514 155495000 155620000
515 155675000 155740000
516 155640000 155855000
517 155885000 156680000
518 157010000 157100000
519 156875000 157110000
520 156875000 157370000
521 157805000 157880000
522 157885000 157950000
523 157880000 158020000
524 157735000 158090000
525 158165000 158305000
526 158385000 158505000
527 158125000 158520000
528 158625000 159035000
529 159125000 159215000
530 159120000 159410000
531 159115000 159565000
532 159420000 159565000
533 159590000 160080000
534 160110000 160220000
535 160280000 160375000
536 160390000 160495000
537 160100000 160505000
538 160555000 160890000
539 161145000 161340000
540 161405000 161540000
541 161560000 161745000
542 161140000 161810000
543 161815000 162140000
544 163835000 163985000
545 163820000 164390000
546 164775000 165075000
547 165830000 166275000
548 166295000 166525000
549 166580000 166675000
550 166685000 166820000
551 166580000 166840000
552 166645000 167145000
553 166855000 167155000
554 167190000 167365000
555 167410000 167570000
556 167175000 167580000
557 167595000 167785000
558 168215000 168330000
559 168710000 170045000
560 170615000 170710000
561 170710000 170830000
