1 3370000 3830000
2 4160000 4340000
3 4590000 4750000
4 4340000 4780000
5 4800000 4990000
6 5010000 5370000
7 5860000 6170000
8 6260000 6540000
9 6550000 6720000
10 8430000 8730000
11 8870000 9060000
12 11450000 11680000
13 12260000 12450000
14 16400000 16860000
15 16980000 17180000
16 18990000 19440000
17 19440000 19670000
18 19710000 20000000
19 20020000 20320000
20 20160000 20320000
21 20340000 20590000
22 20670000 20820000
23 20820000 21080000
24 22120000 22520000
25 22530000 22770000
26 22530000 22880000
27 22900000 23180000
28 23560000 23870000
29 23960000 24170000
30 26920000 27110000
31 29430000 29600000
32 29610000 29790000
33 29800000 29960000
34 29980000 30140000
35 31130000 31540000
36 31570000 31850000
37 31860000 32050000
38 32070000 32230000
39 32230000 32620000
40 32660000 33060000
41 33070000 33240000
42 33620000 33820000
43 33830000 34010000
44 33830000 34130000
45 34170000 34370000
46 34660000 34940000
47 35260000 35490000
48 39370000 40440000
49 43250000 43570000
50 44270000 44410000
51 44420000 44600000
52 44420000 44830000
53 44860000 45510000
54 45510000 45740000
55 45750000 46030000
56 46320000 46570000
57 48970000 49100000
58 49450000 49780000
59 49790000 49940000
60 49940000 50200000
61 50260000 50550000
62 50570000 50720000
63 51080000 51360000
64 51620000 51810000
65 52040000 52190000
66 52860000 53080000
67 53090000 53250000
68 53250000 53550000
69 53240000 53700000
70 53920000 54100000
71 54110000 54350000
72 54500000 54680000
73 54680000 54980000
74 54980000 55270000
75 56930000 57130000
76 57280000 57600000
77 57600000 57760000
78 57750000 57980000
79 58770000 59040000
80 58900000 59040000
81 59110000 59320000
82 59410000 59620000
83 59650000 59890000
84 60710000 60910000
85 60990000 61230000
86 60990000 61570000
87 61910000 62100000
88 61740000 62110000
89 62160000 62420000
90 62550000 62700000
91 62730000 62990000
92 63030000 64800000
93 65490000 65670000
94 66920000 67180000
95 67470000 67620000
96 67180000 67630000
97 67810000 68020000
98 68030000 68220000
99 67780000 68230000
100 68230000 68380000
101 68380000 68550000
102 68260000 68700000
103 69070000 69210000
104 69220000 69350000
105 68940000 69390000
106 69480000 69700000
107 69440000 69830000
108 69850000 70040000
109 69850000 70200000
110 70040000 70210000
111 70450000 70580000
112 70220000 70640000
113 70900000 71150000
114 71660000 71850000
115 71850000 72020000
116 72020000 72380000
117 72380000 72560000
118 72590000 72870000
119 74190000 74380000
120 74430000 74680000
121 74750000 74980000
122 74990000 75140000
123 75190000 75440000
124 75580000 75800000
125 75820000 76010000
126 75510000 76020000
127 76050000 76230000
128 76260000 76470000
129 76480000 76760000
130 76760000 76910000
131 76910000 77140000
132 76910000 77280000
133 77140000 77280000
134 77300000 77460000
135 77630000 77800000
136 77820000 78000000
137 78020000 78150000
138 78360000 78640000
139 78640000 78790000
140 78820000 79030000
141 79030000 79220000
142 79240000 79390000
143 79520000 79740000
144 79800000 80030000
145 80030000 80200000
146 80250000 80490000
147 80230000 80670000
148 80490000 80670000
149 80700000 81440000
150 81790000 82020000
151 82040000 82400000
152 82020000 82530000
153 82550000 82720000
154 83120000 83250000
155 83250000 83570000
156 83590000 83760000
157 84080000 84230000
158 84320000 84630000
159 84760000 84960000
160 84710000 85170000
161 85190000 85650000
162 85650000 85820000
163 86030000 86300000
164 86340000 86490000
165 86500000 86660000
166 86660000 86850000
167 87000000 87230000
168 87410000 87590000
169 87600000 87770000
170 87770000 88030000
171 88690000 88930000
172 88940000 89270000
173 89400000 89590000
174 89830000 90030000
175 90170000 90500000
176 93410000 93720000
177 93820000 93970000
178 93980000 94150000
179 94180000 94390000
180 94590000 94830000
181 94970000 95120000
182 94850000 95120000
183 95240000 95390000
184 95390000 95530000
185 95630000 95960000
186 95950000 96120000
187 96130000 96430000
188 96120000 96610000
189 97330000 97560000
190 97750000 97880000
191 97620000 97890000
192 97610000 98040000
193 98310000 98510000
194 98110000 98540000
195 98540000 98700000
196 99020000 99170000
197 98870000 99190000
198 100030000 100170000
199 100210000 100580000
200 101170000 101320000
201 101620000 101840000
202 102140000 102310000
203 102330000 102560000
204 102580000 102740000
205 102590000 102890000
206 102740000 102890000
207 102960000 103200000
208 103620000 103790000
209 103830000 104090000
210 104150000 104340000
211 104430000 105060000
212 105190000 105470000
213 106500000 106660000
214 106260000 106660000
215 106680000 106860000
216 106880000 107050000
217 107050000 107340000
218 107360000 107720000
219 107720000 107870000
220 107870000 108260000
221 108310000 108460000
222 108300000 108790000
223 108780000 109080000
224 109300000 109460000
225 109100000 109490000
226 109520000 109730000
227 109730000 110140000
228 110200000 110380000
229 112740000 113030000
230 113030000 113510000
231 113540000 113700000
232 113720000 113930000
233 114540000 114870000
234 115340000 115750000
235 115730000 115890000
236 116170000 116330000
237 115930000 116360000
238 116350000 116500000
239 116500000 116700000
240 116730000 116920000
241 116920000 117070000
242 116920000 117240000
243 117080000 117240000
244 117240000 117540000
245 117540000 117700000
246 117710000 117940000
247 117960000 118110000
248 118140000 118280000
249 118430000 118620000
250 118390000 118830000
251 118660000 118830000
252 118850000 119100000
253 119140000 119350000
254 119360000 119760000
255 119980000 120180000
256 119870000 120240000
257 120330000 120460000
258 120330000 120670000
259 120470000 120670000
260 121320000 121490000
