1 5130000 5880000
2 7400000 8030000
3 8060000 8300000
4 8380000 8570000
5 10500000 10820000
6 10970000 11330000
7 11510000 11890000
8 11890000 12080000
9 12110000 12280000
10 12300000 12510000
11 12510000 12730000
12 12980000 13600000
13 12940000 13700000
14 25190000 25360000
15 25370000 25660000
16 25740000 25870000
17 27230000 27540000
18 27660000 27800000
19 27560000 27820000
20 27840000 28130000
21 30450000 31210000
22 31210000 31380000
23 31210000 31540000
24 31390000 31540000
25 31920000 32130000
26 32170000 32380000
27 33280000 33490000
28 33930000 34120000
29 34170000 34390000
30 34460000 34640000
31 34660000 34830000
32 34450000 34840000
33 34890000 35300000
34 35860000 36080000
35 36090000 36430000
36 36430000 36650000
37 36680000 36950000
38 37040000 37280000
39 37370000 37860000
40 37890000 38190000
41 38210000 38410000
42 38420000 38560000
43 41310000 41530000
44 41620000 41820000
45 51500000 51740000
46 52500000 52710000
47 52950000 53200000
48 53220000 53530000
49 54610000 54850000
50 54920000 55120000
51 55130000 55390000
52 55460000 55740000
53 57420000 57860000
54 57970000 58250000
55 58410000 58720000
56 58800000 58930000
57 58770000 59150000
58 59210000 59480000
59 59490000 59680000
60 59200000 59700000
61 59710000 60730000
62 61810000 62000000
63 62070000 62320000
64 62650000 62830000
65 62920000 63600000
66 63790000 63950000
67 63980000 64180000
68 66120000 66310000
69 66500000 66730000
70 66740000 66930000
71 67000000 67280000
72 72700000 72860000
73 72870000 73040000
74 73070000 73410000
75 73660000 74380000
76 74390000 74540000
77 74580000 74740000
78 75370000 75520000
79 75530000 75730000
80 75760000 76020000
81 76020000 76190000
82 76210000 76360000
83 76550000 76770000
84 77800000 78000000
85 78010000 78210000
86 78250000 78410000
87 78410000 78700000
88 78710000 78910000
89 79050000 79310000
90 79550000 79770000
91 79770000 79920000
92 79540000 79940000
93 79930000 80090000
94 80130000 80330000
95 80100000 80530000
96 80530000 80780000
97 80830000 81050000
98 80830000 81170000
99 81270000 81500000
100 81530000 81760000
101 81880000 82090000
102 82640000 82900000
103 83030000 83180000
104 83200000 83400000
105 82950000 83420000
106 83450000 83610000
107 83620000 83920000
108 84030000 84470000
109 84580000 84770000
110 84570000 84910000
111 84950000 85100000
112 85090000 85420000
113 85420000 85710000
114 85550000 85710000
115 85710000 85980000
116 86080000 86240000
117 86500000 88110000
118 89050000 89210000
119 88910000 89220000
120 93110000 94100000
121 94180000 94370000
122 94530000 95450000
123 95590000 95780000
124 96330000 96520000
125 96790000 97010000
126 97030000 97450000
127 97500000 97690000
128 98010000 98330000
129 98480000 98660000
130 98340000 98670000
131 98690000 98830000
132 98830000 99120000
133 99310000 99530000
134 99530000 99750000
135 99300000 99800000
136 99820000 100070000
137 100290000 100570000
138 100590000 101030000
139 101150000 101350000
140 101590000 101810000
141 101980000 102290000
142 102360000 102520000
143 102580000 102790000
144 102800000 103010000
145 103010000 103170000
