1 3330000 4400000
2 7210000 7600000
3 7700000 7900000
4 13220000 13540000
5 13850000 14100000
6 14150000 14310000
7 14310000 14520000
8 14590000 14830000
9 15300000 15490000
10 15490000 15700000
11 20260000 20450000
12 20470000 20670000
13 20680000 20980000
14 21010000 21310000
15 21390000 21620000
16 21750000 21980000
17 22020000 22230000
18 22320000 22510000
19 22540000 22830000
20 22830000 23030000
21 24960000 25110000
22 25130000 25420000
23 25460000 26650000
24 26930000 27180000
25 27190000 28020000
26 30750000 30910000
27 30910000 31210000
28 31210000 31360000
29 31360000 32000000
30 32200000 32400000
31 32400000 32560000
32 32400000 32760000
33 35080000 35360000
34 36710000 36980000
35 37200000 37460000
36 40220000 40410000
37 40420000 40610000
38 40640000 40790000
39 40810000 41020000
40 41030000 41780000
41 41790000 42080000
42 42130000 42360000
43 42780000 42940000
44 42780000 43130000
45 43130000 43790000
46 43910000 44210000
47 44240000 44460000
48 44600000 44770000
49 44780000 44960000
50 44980000 45220000
51 45380000 45570000
52 45800000 46010000
53 46140000 46390000
54 48050000 48410000
55 48440000 48700000
56 49070000 49300000
57 50240000 50490000
58 50690000 50820000
59 50590000 50850000
60 50960000 51140000
61 51570000 51740000
62 51770000 51920000
63 51930000 52100000
64 52190000 52960000
65 53050000 53240000
66 54000000 54190000
67 54260000 54550000
68 56060000 56410000
69 56470000 56720000
70 56730000 57000000
71 57040000 57310000
72 57610000 57860000
73 57910000 58060000
74 58150000 58360000
75 58540000 58740000
76 58830000 59140000
77 59160000 59430000
78 59590000 59840000
79 60090000 60420000
80 60870000 61170000
81 61220000 61560000
82 61550000 61740000
83 61180000 61750000
84 61780000 62100000
85 62120000 62420000
86 62440000 62630000
87 62670000 62980000
88 62980000 63330000
89 63450000 63700000
90 63740000 63960000
91 63970000 64160000
92 64190000 64540000
93 64560000 64820000
94 65520000 65710000
95 65980000 66310000
96 66670000 66840000
97 66890000 67130000
98 67160000 67510000
99 67660000 67840000
100 69180000 69340000
101 69460000 69660000
102 69450000 69790000
103 69350000 69840000
104 70040000 70190000
105 69940000 70240000
106 70510000 70790000
107 71480000 71660000
108 71820000 71990000
109 71700000 72040000
110 72060000 72280000
111 72290000 72530000
112 72600000 72790000
113 72800000 72970000
114 73940000 74730000
115 74740000 74890000
116 74900000 75120000
117 74740000 75130000
118 75130000 75320000
119 75130000 75460000
120 76090000 77240000
121 77240000 77450000
122 77490000 77640000
123 77650000 77880000
124 78490000 79600000
125 78450000 79890000
126 82830000 83020000
127 83270000 83510000
128 83650000 83820000
129 83840000 85520000
130 85660000 86350000
131 88130000 88310000
132 89710000 89870000
133 95400000 95600000
134 96210000 96420000
135 96820000 97040000
136 98300000 98470000
137 98510000 98750000
138 98960000 99150000
139 99660000 100300000
140 100350000 100550000
141 101290000 102360000
142 102520000 102810000
143 104310000 105310000
144 105570000 105920000
145 106060000 106390000
146 106180000 106390000
147 106580000 106800000
148 107250000 107440000
149 107470000 107670000
150 107790000 107980000
151 107990000 108190000
152 107980000 108400000
153 108240000 108410000
154 109780000 110010000
155 110030000 110220000
156 110310000 110480000
157 110820000 110990000
158 110990000 111150000
159 111250000 111400000
160 113600000 113840000
161 114660000 114870000
162 115190000 115610000
163 116080000 116310000
164 115980000 116310000
165 116720000 117760000
166 118480000 118800000
167 118820000 118990000
168 119000000 119350000
169 119360000 119510000
170 119850000 120040000
171 120090000 120330000
172 120510000 120890000
173 121150000 121310000
174 121370000 121550000
175 121580000 121740000
176 121750000 121910000
177 122640000 122910000
178 122640000 123010000
179 123040000 123340000
180 123150000 123440000
181 123040000 123440000
182 123540000 123740000
