189 -1.3046239614486694 1.710788369178772
192 0.02194947563111782 0.055912431329488754
193 0.02198667638003826 0.05654391646385193
194 0.021267184987664223 0.056082308292388916
197 0.021949591115117073 0.05591266229748726
198 0.021513067185878754 0.05614616721868515
199 0.02126750349998474 0.05598901957273483
200 0.02194966934621334 0.055909860879182816
202 0.021949943155050278 0.0561567060649395
209 0.021215785294771194 0.05595555901527405
210 0.021472573280334473 0.05654489994049072
211 0.02195102348923683 0.05690648406744003
212 0.021256528794765472 0.05663950368762016
213 0.021251633763313293 0.055911194533109665
215 0.021251896396279335 0.05720168724656105
216 0.021986810490489006 0.05654381960630417
217 0.021309703588485718 0.05648457631468773
218 0.021363049745559692 0.055985160171985626
219 0.021986503154039383 0.056543804705142975
220 0.021950097754597664 0.05594584718346596
221 0.021949997171759605 0.05615665763616562
222 0.0212567001581192 0.05663856118917465
223 0.021661480888724327 0.05611923336982727
224 0.02195013128221035 0.05615666136145592
287 0.02126750722527504 0.05592742934823036
288 0.021309271454811096 0.05590924248099327
289 0.021950069814920425 0.05615661293268204
290 0.021949902176856995 0.056156717240810394
291 0.021309074014425278 0.05593936890363693
292 0.021660136058926582 0.05605015531182289
293 0.02150813862681389 0.05649416148662567
294 0.02125183865427971 0.05720178410410881
295 0.021267393603920937 0.05592719838023186
296 0.021251916885375977 0.05720179155468941
297 0.021309439092874527 0.056494347751140594
298 0.021267440170049667 0.05598960071802139
299 0.021949557587504387 0.055912721902132034
300 0.02126714214682579 0.056082308292388916
305 0.022208508104085922 0.056509535759687424
306 0.021949628368020058 0.055912405252456665
307 0.021513398736715317 0.056144554167985916
308 0.021513164043426514 0.05614645779132843
309 0.0219496488571167 0.05591265857219696
310 0.021951667964458466 0.05651072412729263
311 0.021267332136631012 0.05592707544565201
312 0.021215785294771194 0.05595555901527405
313 0.02126745879650116 0.055927008390426636
314 0.02130996249616146 0.05689802020788193
315 0.021950049325823784 0.05615653842687607
316 0.021987326443195343 0.05654442682862282
317 0.024493832141160965 0.05916176736354828
318 0.021949533373117447 0.055912382900714874
319 0.021949559450149536 0.05591241270303726
320 0.021949712187051773 0.05591271445155144
321 0.021950002759695053 0.05594584345817566
322 0.02194971963763237 0.055904027074575424
323 0.021950019523501396 0.05594587326049805
324 0.02194996550679207 0.05594594031572342
325 0.021949971094727516 0.05594562739133835
326 0.02195015735924244 0.055945783853530884
327 0.02130924165248871 0.05593910813331604
328 0.021949859336018562 0.05615658313035965
329 0.021267637610435486 0.05598841607570648
330 0.021949604153633118 0.0559125691652298
331 0.021949103102087975 0.056177977472543716
332 0.021950069814920425 0.05594585835933685
333 0.021949993446469307 0.055946044623851776
334 0.021949436515569687 0.05591215193271637
335 0.02195003256201744 0.05594592168927193
336 0.021256618201732635 0.05663985386490822
337 0.02195003814995289 0.05594618618488312
338 0.021950043737888336 0.05594588816165924
339 0.021256549283862114 0.05663975700736046
340 0.021949132904410362 0.05617787316441536
341 0.021949592977762222 0.056020502001047134
342 0.021798372268676758 0.056035641580820084
343 0.02125658467411995 0.05663875862956047
344 0.021951118484139442 0.056906599551439285
345 0.02130957879126072 0.05649423971772194
346 0.02126733958721161 0.05592665076255798
347 0.021267514675855637 0.05592677742242813
348 0.021267440170049667 0.05592748150229454
349 0.02130948379635811 0.056494083255529404
350 0.02130983956158161 0.056909531354904175
351 0.021309539675712585 0.0564940869808197
352 0.021661438047885895 0.05611920356750488
353 0.021267447620630264 0.055926598608493805
354 0.021986771374940872 0.05654396489262581
355 0.021666137501597404 0.056015774607658386
356 0.5231309533119202 0.05625799298286438
357 -1.6032917499542236 0.006932972930371761
358 -0.92974853515625 -0.5091386437416077
359 -0.18455950915813446 -1.6450107097625732
360 -0.7284784913063049 -0.7846338152885437
361 -1.6275383234024048 0.03240527957677841
362 -0.5606653690338135 -0.29234468936920166
363 -1.147540807723999 -1.232905626296997
364 0.9722480177879333 0.318337619304657
365 0.7503196597099304 -1.5601367950439453
366 -0.9360559582710266 -1.4586101770401
367 0.5420300364494324 0.07564523816108704
368 -0.1863144338130951 -1.1388778686523438
369 -0.09005390107631683 0.6472914218902588
370 0.2545172870159149 -0.4627525806427002
371 -0.3412477374076843 -0.22147291898727417
372 1.0663743019104004 -0.4461095631122589
373 -0.6488902568817139 0.11433631926774979
374 1.6414384841918945 -0.6543013453483582
375 0.8976932764053345 -0.7007505297660828
376 1.7326580286026 -0.2341945767402649
377 0.6067556142807007 -1.0048828125
378 0.9653800129890442 0.6862684488296509
379 1.0553698539733887 -0.30482617020606995
380 -1.6094930171966553 -0.6956120729446411
381 0.4871971905231476 -0.12742237746715546
382 0.14452753961086273 -1.0921297073364258
383 0.28966256976127625 1.0483129024505615
384 -0.6488669514656067 0.11434923857450485
385 0.4825683832168579 0.46408575773239136
386 0.5440399646759033 0.08032234758138657
387 1.6756490468978882 -0.5006504654884338
388 1.1526930332183838 -1.1083672046661377
389 -1.6275532245635986 0.03236978501081467
390 1.1231763362884521 1.3898526430130005
391 0.5356923937797546 0.07433609664440155
392 1.0039604902267456 0.2387370616197586
393 -0.32197877764701843 0.3899918496608734
394 0.36680471897125244 -1.0711669921875
395 -1.124903917312622 -1.2735779285430908
396 -0.25756925344467163 -0.34203651547431946
397 -0.669688880443573 0.1353672295808792
398 0.9999831318855286 -0.4238923192024231
399 0.2300081104040146 1.2166720628738403
400 -0.35008546710014343 -0.36264535784721375
401 0.5784594416618347 0.6822552680969238
402 1.2762991189956665 0.18719030916690826
403 0.7226904034614563 1.6809272766113281
404 1.0029805898666382 0.2148965746164322
405 0.8067055940628052 0.6896998882293701
406 0.9812222719192505 -1.4897034168243408
407 -1.683315634727478 -0.4840828776359558
408 0.6112255454063416 -1.183937430381775
409 1.15034818649292 -1.1260818243026733
410 -0.6941898465156555 -1.570043921470642
411 0.32648205757141113 0.496595561504364
412 -0.439867228269577 0.3270686864852905
413 0.5423838496208191 0.090357206761837
414 0.523663341999054 0.08902401477098465
415 0.249362513422966 -0.43523767590522766
416 0.3817383646965027 -0.40854939818382263
417 -0.5499217510223389 -1.6161381006240845
418 0.8057186007499695 0.6947261691093445
419 1.7338439226150513 0.2123992145061493
420 -0.43184903264045715 0.40351927280426025
421 -0.6551923751831055 -0.908822238445282
422 0.22677253186702728 1.1970837116241455
423 -0.09422634541988373 -0.5181933641433716
424 -0.5757074356079102 0.16795678436756134
425 -1.6454598903656006 0.02230900712311268
426 -0.07852734625339508 0.6543281674385071
427 0.7014670968055725 1.4816973209381104
428 -0.42827948927879333 0.40462347865104675
429 0.6037753820419312 0.686886727809906
430 0.30447185039520264 -0.4887538552284241
431 -1.0145446062088013 -1.3786309957504272
432 0.5565410256385803 1.7285414934158325
433 0.5423909425735474 0.09035567194223404
434 1.7378334999084473 -0.23657765984535217
435 -0.71485835313797 -0.3263069987297058
436 0.30662116408348083 0.5080990791320801
437 0.044777631759643555 -1.1183209419250488
438 0.021267224103212357 0.05608239024877548
439 -0.4249707758426666 0.3884432017803192
440 -0.6595008373260498 0.13737165927886963
441 -1.1603373289108276 -1.208026647567749
442 0.2118329256772995 -0.749042809009552
443 1.6412348747253418 -0.6390183568000793
444 -0.49104043841362 -1.0306990146636963
445 0.49288561940193176 -1.6655964851379395
446 -1.031296730041504 -0.23790331184864044
447 -0.08525107055902481 0.6528910398483276
448 -1.131453514099121 -0.05614534020423889
449 0.12005975842475891 -1.7032958269119263
450 -0.4297473132610321 0.2925107777118683
451 -0.4242553114891052 0.4141732156276703
452 -0.08511767536401749 0.6538955569267273
453 -1.6305346488952637 -0.6228799819946289
454 0.6153161525726318 0.6862441897392273
455 -0.4910305440425873 -1.0307228565216064
456 -1.6468939781188965 0.021963827311992645
457 -0.290849506855011 -0.9171717166900635
458 -1.0233874320983887 -0.4295332729816437
459 0.47949448227882385 1.096658706665039
460 0.29852578043937683 -0.5134628415107727
461 -0.6489815711975098 0.13634906709194183
462 0.18829521536827087 0.7338180541992188
463 -0.9702210426330566 -0.5215380191802979
464 0.45054951310157776 -1.2283263206481934
465 1.6053123474121094 0.8378003835678101
466 -0.4377085864543915 -0.31341496109962463
467 -1.4990448951721191 -0.8739904165267944
468 -0.3392775058746338 -0.8972840905189514
469 0.43034428358078003 1.0755400657653809
470 -1.1087021827697754 -0.06436281651258469
471 1.3900477886199951 -1.1602544784545898
472 -0.0856700986623764 0.6443260908126831
473 -1.6503828763961792 0.027130205184221268
474 0.08471257984638214 -1.6957650184631348
475 -1.1641883850097656 -0.04256262257695198
476 1.0151937007904053 -0.5302430391311646
477 -0.09220266342163086 0.6431336402893066
478 -0.6964204907417297 -1.569075345993042
479 0.33143365383148193 -0.5737510323524475
480 -1.3788607120513916 -1.0208133459091187
481 0.25021159648895264 1.2581266164779663
482 0.23681674897670746 1.188657522201538
483 0.9061622023582458 -0.3998851776123047
484 0.4621868133544922 1.7894762754440308
485 1.0045762062072754 0.6623037457466125
486 -0.07622314244508743 -1.6581387519836426
487 0.8978816866874695 -1.3389358520507812
488 -1.1628830432891846 -1.1871470212936401
489 1.0176599025726318 -0.42397233843803406
490 1.008509635925293 0.21327565610408783
491 1.2134689092636108 1.2764612436294556
492 0.923245370388031 -0.9539055824279785
493 1.7487621307373047 0.38421571254730225
494 0.48525285720825195 0.451192706823349
495 1.0601756572723389 -0.4553053677082062
496 -1.640563726425171 0.03477276861667633
497 0.44755080342292786 0.4779568016529083
498 -0.27218905091285706 -0.3956121802330017
499 1.2078386545181274 -0.23091253638267517
500 -0.34180083870887756 -0.2576257288455963
501 -0.49099001288414 -1.0307896137237549
502 -0.00042687589302659035 -0.6189289689064026
503 0.17794272303581238 -0.7495469450950623
504 0.7485215663909912 -0.8349347710609436
505 1.3971278667449951 1.382927656173706
506 -0.35722026228904724 -0.32138195633888245
507 1.6039307117462158 0.8906006813049316
508 0.7977746725082397 -1.5184179544448853
509 0.5243411660194397 0.1326085925102234
510 0.3017820119857788 -0.4991907775402069
511 -0.6935253739356995 -0.872513473033905
512 1.0310158729553223 -0.2905375361442566
513 -0.27662888169288635 -0.31843090057373047
514 0.5842499136924744 0.6745877861976624
515 0.4282118082046509 -0.3697538673877716
516 -0.2547147572040558 -0.32067251205444336
517 -0.6435657739639282 0.15202689170837402
518 0.5789636969566345 0.6860004663467407
519 1.01891028881073 -0.14147935807704926
520 1.0584862232208252 -0.4958012104034424
521 1.1732006072998047 1.1154590845108032
522 -0.2914912700653076 0.3628387451171875
523 0.32515954971313477 0.4945208728313446
524 0.24772672355175018 1.2608851194381714
525 0.7576326727867126 -0.7154454588890076
526 -0.2618347406387329 -1.0751192569732666
527 0.3566906452178955 -0.606239914894104
528 -0.9114616513252258 -0.6608079671859741
529 -0.6597220301628113 0.13716331124305725
530 1.7571439743041992 0.07083350419998169
531 1.4626537561416626 -0.7601181268692017
532 0.4229695498943329 -0.26167136430740356
533 0.800290048122406 -1.5304123163223267
534 -1.1753586530685425 -1.1777422428131104
535 -0.5540887117385864 -1.6252973079681396
536 1.5427826642990112 -0.7402586340904236
537 1.1759170293807983 0.9805165529251099
538 0.4144408106803894 -0.3861384987831116
539 -0.3392440676689148 -0.596905529499054
540 -0.12893961369991302 -1.6532998085021973
541 -1.008427381515503 -0.4635595977306366
542 0.5438463091850281 -1.6389484405517578
543 0.733802855014801 1.6810437440872192
544 0.13953642547130585 -1.0807101726531982
545 0.7132750749588013 1.479042410850525
546 0.5571437478065491 0.06795339286327362
547 0.5727123022079468 0.6877033114433289
548 1.0554343461990356 -0.30484941601753235
549 0.20093488693237305 -0.7544443011283875
550 1.207003116607666 1.134389042854309
551 1.291352391242981 0.9270915389060974
552 -1.3399701118469238 -1.052108883857727
553 -0.5682353973388672 -0.29281172156333923
554 0.7853912711143494 -0.7614127397537231
555 -0.6822073459625244 0.08991561084985733
556 -0.9937713146209717 -0.49651002883911133
557 -0.44238153100013733 -1.6351171731948853
558 0.41008931398391724 -0.4049624502658844
559 -0.9166077375411987 -0.606174647808075
560 -1.7265217304229736 -0.323710173368454
561 1.7464838027954102 0.19901250302791595
562 0.15701483190059662 -1.0849213600158691
563 -0.7089778780937195 -0.8260502815246582
564 -1.7431175708770752 -0.22570590674877167
565 -0.08663845807313919 0.6438019275665283
566 1.7319896221160889 -0.26892778277397156
567 1.696132779121399 -0.44074544310569763
568 -1.055100917816162 -0.20177067816257477
569 -1.3354780673980713 -1.0007908344268799
570 0.358740895986557 0.4793734550476074
571 0.14700031280517578 -0.4848499000072479
572 -1.5333672761917114 -0.012288053520023823
573 -0.458099901676178 0.2650935649871826
574 -0.35565686225891113 -0.3303077518939972
575 0.9955524802207947 0.15113210678100586
576 -0.5084326863288879 -1.0324199199676514
577 -0.04885857179760933 0.6828410029411316
578 -0.2821469306945801 -0.304788738489151
579 -1.0631719827651978 -1.3098211288452148
580 0.19419853389263153 -0.7795125842094421
581 -1.556712031364441 -0.7532909512519836
582 -0.3500167429447174 -0.20589682459831238
583 1.3224331140518188 -1.190729022026062
584 1.7015597820281982 -0.36334189772605896
585 0.5044153332710266 0.386495441198349
586 0.48897841572761536 0.32207709550857544
587 0.6168816089630127 -0.1706354022026062
588 1.287418246269226 0.7553640007972717
589 -0.48334935307502747 -1.0414212942123413
590 1.4840614795684814 -0.6950023770332336
591 -0.18859727680683136 -0.5256797671318054
592 0.9560710191726685 1.3372602462768555
593 1.2408264875411987 0.9545953273773193
594 -0.11459262669086456 -1.1275337934494019
595 -0.4870564341545105 -0.32569313049316406
596 -1.0489518642425537 -0.22538574039936066
597 0.5452497601509094 0.07881812751293182
598 0.3390733301639557 -1.7021738290786743
599 -1.6468631029129028 0.022243987768888474
600 0.9995390176773071 -0.1312129646539688
601 0.9747381210327148 0.5229066610336304
602 0.842786431312561 1.4713749885559082
603 1.7339314222335815 -0.20276987552642822
604 0.32961416244506836 0.4910677969455719
605 0.5059148669242859 -0.12335681170225143
606 -0.1759537011384964 -1.6587004661560059
607 -0.08631345629692078 0.6530191898345947
608 -0.6488812565803528 0.11433851718902588
609 0.44897645711898804 0.44858720898628235
610 0.9876556396484375 -0.40653425455093384
611 -0.6891043782234192 0.08917104452848434
612 0.48006150126457214 -0.05303048714995384
613 0.02150817960500717 0.05649421364068985
614 1.3532742261886597 0.8091747164726257
615 -1.1368542909622192 -0.060563765466213226
616 0.3062819838523865 1.0559592247009277
617 0.3495461642742157 0.48617738485336304
618 -0.6829537153244019 0.0881076455116272
619 0.5360146760940552 0.08345912396907806
620 0.5152653455734253 -1.0379376411437988
621 -0.6696887016296387 0.135161355137825
622 0.5784167647361755 0.6842545866966248
623 -0.08286449313163757 0.6587541699409485
624 0.15347018837928772 -0.49554070830345154
625 0.429272323846817 -0.27767348289489746
626 -0.23263634741306305 -0.3591041564941406
627 1.1373399496078491 0.13542941212654114
628 0.09238748252391815 -1.6957193613052368
629 0.47532498836517334 -0.12440933287143707
630 0.4265543520450592 1.780904769897461
631 -0.07406629621982574 0.6558334827423096
632 0.8463706374168396 -1.51155424118042
633 -1.1439571380615234 -0.5204733610153198
634 0.5118834972381592 0.38621652126312256
635 -0.34135276079177856 -0.20596212148666382
636 0.7346367835998535 1.68080735206604
637 -0.08978381752967834 0.6479775309562683
638 -0.38653990626335144 0.42774727940559387
639 0.5436283946037292 0.07891612499952316
640 -1.3315167427062988 -1.063108205795288
641 0.6906514167785645 -0.9868624210357666
642 -1.2879772186279297 -0.6147643327713013
643 -0.5306448936462402 -0.3114335536956787
644 0.5596073269844055 0.0510750450193882
645 -0.4242597222328186 0.41417187452316284
646 0.5403923988342285 0.11840502172708511
647 0.34010958671569824 -0.5093308687210083
648 -1.059542179107666 -0.2857469916343689
649 0.8833149671554565 -1.4894111156463623
650 1.067234754562378 0.137810617685318
651 -0.1279851198196411 -1.6534667015075684
652 0.8844844102859497 1.4379074573516846
653 -0.9681527614593506 -1.4295506477355957
654 -1.0055326223373413 -0.46800488233566284
655 0.3030283451080322 1.072303295135498
656 1.6661618947982788 -0.5712170600891113
657 0.2601289451122284 1.2801094055175781
658 0.3953145146369934 -0.39623111486434937
659 0.4046230912208557 0.477138489484787
660 -0.07086356729269028 0.6564413905143738
661 -0.6480947732925415 0.11456244438886642
662 0.24023014307022095 0.5557897090911865
663 -0.6968420743942261 -1.568893313407898
664 0.36870384216308594 0.48439258337020874
665 -0.42600494623184204 0.4057947099208832
666 1.4292091131210327 -1.0018131732940674
667 0.548489511013031 1.0796197652816772
668 -0.35779592394828796 -0.2790750563144684
669 -0.26379555463790894 -0.49118590354919434
670 1.1557010412216187 1.3556249141693115
671 -0.4257253110408783 0.33167368173599243
672 1.100487470626831 -1.424210548400879
673 0.42733466625213623 -0.300753653049469
674 -0.1931789368391037 -1.1502277851104736
675 1.7414034605026245 0.43089401721954346
676 0.5257606506347656 -1.1650618314743042
677 -0.3905887007713318 0.44310903549194336
678 0.372557133436203 0.4669235348701477
679 -0.4431952238082886 -1.6349488496780396
680 -0.040271587669849396 -1.1129192113876343
681 0.2614380121231079 1.2854032516479492
682 0.2409915328025818 1.2155681848526
683 -0.5235949754714966 0.2243340015411377
684 0.1780969500541687 -1.0810818672180176
685 1.4367517232894897 -1.005181908607483
686 0.2123880535364151 -0.45534420013427734
687 -0.08268783241510391 0.6335861086845398
688 0.5708062052726746 -1.0294071435928345
689 -0.5546296834945679 0.20004267990589142
690 -0.5135491490364075 0.2400745302438736
691 0.8397895693778992 1.4423363208770752
692 1.4631476402282715 1.2851028442382812
693 0.2725706696510315 -0.3947766125202179
694 -0.35224857926368713 -0.2127651870250702
695 1.0035173892974854 -0.042788177728652954
696 0.23919165134429932 -0.538270115852356
697 0.7233196496963501 1.6807175874710083
698 0.30134302377700806 0.502402663230896
699 1.0778446197509766 1.24644935131073
700 -0.18634332716464996 -1.1388753652572632
701 -0.12154446542263031 -0.5239742994308472
702 1.7563177347183228 0.06349288672208786
703 -1.022661805152893 -0.43593719601631165
704 1.7363791465759277 -0.1936018168926239
705 1.741655945777893 0.4312882423400879
706 1.2070634365081787 1.2669638395309448
707 1.7491562366485596 0.38350334763526917
708 1.017774224281311 0.20919090509414673
709 -0.7024233937263489 -0.8623605966567993
710 -0.16916295886039734 -1.6679949760437012
711 1.7488923072814941 0.3788866400718689
712 1.4332433938980103 0.7659647464752197
713 0.446889191865921 1.1011414527893066
714 0.6905527114868164 -0.9869272708892822
715 -0.00043035135604441166 -0.6189334392547607
716 1.7643325328826904 0.11552744358778
717 0.19668927788734436 0.48977455496788025
718 0.9526764154434204 0.418180376291275
719 0.813027024269104 1.45542311668396
720 -0.12004239857196808 -0.5177799463272095
721 -0.5542656779289246 -0.2992148697376251
722 1.749253273010254 0.3765614330768585
723 -0.5128834843635559 0.2221413403749466
724 0.37227457761764526 -0.4595571756362915
725 0.5077624320983887 -0.11685603857040405
726 0.497211217880249 -0.1348886787891388
727 -0.32098671793937683 -0.7066069841384888
728 -1.0589759349822998 -0.3027156591415405
729 -0.43634819984436035 0.3258458077907562
730 -0.35525134205818176 -0.27568119764328003
731 1.0102488994598389 0.22484330832958221
732 0.5684640407562256 0.687149167060852
733 1.1497160196304321 -1.1671451330184937
734 -0.0849093645811081 0.653573215007782
735 1.1383843421936035 0.13566137850284576
736 -0.32716819643974304 -0.31045010685920715
737 -0.04187561944127083 0.6947473883628845
738 -1.6383724212646484 0.04068711772561073
739 0.7323949933052063 1.6815273761749268
740 -0.2284754067659378 -0.338096022605896
741 0.40235626697540283 1.0836927890777588
742 -0.41061756014823914 0.4227816164493561
743 -0.2700048089027405 -0.31608113646507263
744 1.6493525505065918 0.7628213167190552
745 1.2851500511169434 -1.1722333431243896
746 -0.3504340946674347 -0.298498272895813
747 0.9225476980209351 -0.36989057064056396
748 -1.5634959936141968 -0.7440208792686462
749 -0.7782911062240601 -0.7733567357063293
750 -1.6738135814666748 -0.5169631838798523
751 -0.5546415448188782 0.200041264295578
752 0.4394441843032837 -0.18087829649448395
753 -1.6917024850845337 -0.4717508554458618
754 1.276328444480896 0.18718092143535614
755 0.5404625535011292 0.06376689672470093
756 -0.6387506127357483 -0.9399658441543579
757 -0.41605135798454285 0.41687270998954773
758 0.8918282389640808 -0.6442766189575195
759 -0.3939467668533325 0.44307705760002136
760 0.8214274644851685 -0.710878312587738
761 -1.5997785329818726 0.004971789661794901
762 -0.04143309220671654 -0.5731070637702942
763 0.33859288692474365 -0.5392307639122009
764 0.32359403371810913 0.5163383483886719
765 1.5879466533660889 0.6237146258354187
766 0.2477187067270279 1.2608493566513062
767 -0.09419125318527222 -1.6601334810256958
768 0.1012459471821785 0.646034300327301
769 1.4447630643844604 0.8531202077865601
770 -0.35584843158721924 -0.27681320905685425
771 1.595460295677185 -0.8359456658363342
772 0.8163227438926697 -1.5331711769104004
773 0.13686421513557434 -1.0849363803863525
774 -0.4827251434326172 -1.0418516397476196
775 -1.470126986503601 -0.9630761742591858
776 0.9988770484924316 -0.28730887174606323
777 1.0061851739883423 -0.4417932331562042
778 1.6182878017425537 0.8545546531677246
779 1.7332730293273926 -0.21061763167381287
780 0.3019927740097046 -0.4989623427391052
781 0.42230746150016785 -1.6873774528503418
782 0.2834993600845337 1.045703649520874
783 1.6172873973846436 0.8535546064376831
784 -0.041351642459630966 -0.39493006467819214
785 -0.5095592141151428 -1.6340264081954956
786 0.2523825168609619 -0.40532422065734863
787 -0.6251506209373474 -1.6104110479354858
788 -0.10730688273906708 1.7174588441848755
789 -0.34357503056526184 1.1426945924758911
790 -0.8899276256561279 0.8570337891578674
791 -0.6339450478553772 1.6757073402404785
792 0.8142856955528259 0.6791396141052246
793 0.39531153440475464 -0.39623427391052246
794 0.5667154788970947 0.6874192953109741
795 0.4703419506549835 1.7634531259536743
796 -0.08641406148672104 -0.5673383474349976
797 -0.7773925065994263 -0.742379367351532
798 -1.744940161705017 -0.254271537065506
799 0.1692398637533188 0.5059183835983276
800 0.9703587293624878 0.5091933012008667
801 1.2962148189544678 1.3392609357833862
802 -1.7273789644241333 -0.34259310364723206
803 -0.08449994772672653 0.6350853443145752
804 -0.6425701975822449 0.15274964272975922
805 0.32245728373527527 -1.7094954252243042
806 1.0085004568099976 0.21327462792396545
807 -0.517435610294342 -0.30750083923339844
808 1.7361046075820923 -0.20772062242031097
809 0.38780757784843445 -0.39466291666030884
810 -0.42740750312805176 0.40509581565856934
811 -0.6759274005889893 0.0891890823841095
812 -1.1374707221984863 -1.2580690383911133
813 -0.06781064718961716 -1.1421626806259155
814 0.527714729309082 0.12354611605405807
815 -0.2944503724575043 -0.45940297842025757
816 0.19759032130241394 -0.734028160572052
817 0.3576883375644684 -1.0540598630905151
818 -1.6005032062530518 0.004770750179886818
819 -0.8047587275505066 -0.9138616323471069
820 -0.04542652517557144 0.6949968934059143
821 1.40932297706604 -1.1561765670776367
822 0.3474230170249939 0.46970313787460327
823 -1.46828293800354 -0.9632893204689026
824 0.4366219937801361 0.4523947238922119
825 1.6572200059890747 0.7033251523971558
826 1.6804108619689941 -0.5002005696296692
827 0.5440540909767151 0.08030537515878677
828 -1.1417269706726074 -0.05946676805615425
829 1.414498209953308 -1.1466220617294312
830 0.5165667533874512 -0.0871943011879921
831 -0.417163610458374 0.38575682044029236
832 0.4621192514896393 1.789184331893921
833 1.20552659034729 1.3039052486419678
834 1.7588695287704468 0.0668829083442688
835 1.4064708948135376 -1.1444607973098755
836 -0.08601724356412888 0.6541822552680969
837 1.5849639177322388 0.9390125274658203
838 -0.07868640869855881 0.6542141437530518
839 0.3933948874473572 -1.6929099559783936
840 -0.08499080687761307 0.644510805606842
841 0.9847093224525452 0.32410088181495667
842 0.8339495062828064 -0.7033339738845825
843 -0.6278977990150452 0.12098962813615799
844 -1.131953239440918 -0.05468207597732544
845 -0.11720436066389084 -0.5082461833953857
846 0.12791118025779724 -0.7089080810546875
847 0.37276220321655273 -1.5311882495880127
848 0.9508487582206726 0.3949221670627594
849 -0.5106744766235352 0.22177045047283173
850 -0.3592160940170288 -0.3219633996486664
851 0.9995883703231812 0.2557601034641266
852 0.6892402172088623 1.0541718006134033
853 -0.6890209913253784 0.08892498910427094
854 -0.08500667661428452 0.6445131897926331
855 0.9076501131057739 -0.4891253709793091
856 -0.29709509015083313 -0.2893977761268616
857 1.183164119720459 0.2048521488904953
858 -0.1602276712656021 -0.4752708673477173
859 0.45503854751586914 -1.1902705430984497
860 -0.08120820671319962 0.632442057132721
861 -0.07460334897041321 0.6556252241134644
862 0.3076259195804596 -0.42306020855903625
863 -0.38421452045440674 0.44469010829925537
864 0.29881972074508667 -0.42119815945625305
865 -0.6903977394104004 -1.5716267824172974
866 1.0681685209274292 -1.166469931602478
867 0.4398360550403595 0.5009644627571106
868 -0.32848668098449707 -0.89022296667099
869 0.42654985189437866 1.780913233757019
870 0.805428147315979 -0.8087162971496582
871 0.29720810055732727 -1.6366302967071533
872 0.5114847421646118 -0.11129923909902573
873 -0.7140405774116516 -0.3079732656478882
874 -0.8804839849472046 0.8388423919677734
875 -1.289713978767395 1.2631570100784302
876 -1.1310561895370483 0.570304274559021
877 -0.34357544779777527 1.1426897048950195
878 -1.6508516073226929 0.6697189211845398
879 -0.6201401948928833 1.6934778690338135
880 -1.1101899147033691 0.5371649861335754
881 -1.097821831703186 0.5271309018135071
882 -1.163381576538086 0.7087782621383667
883 -1.0937302112579346 1.4473603963851929
884 -0.10748535394668579 1.7173595428466797
885 -1.108222246170044 0.5088942050933838
886 -1.6475218534469604 0.6804064512252808
887 -1.649102807044983 0.6757465600967407
888 -0.29871058464050293 1.0699491500854492
889 -0.9399974346160889 0.7865104079246521
890 -0.3893362879753113 1.109105110168457
891 -1.2765116691589355 1.274013638496399
892 -0.10749544203281403 1.717340111732483
893 -1.6538348197937012 0.6841292977333069
895 -0.7936456203460693 1.6064003705978394
896 -1.274811863899231 1.2858060598373413
897 -1.104729413986206 0.5614316463470459
898 -0.10748033970594406 1.7173651456832886
899 -1.106710433959961 0.5422987341880798
900 -0.6365866661071777 1.037150263786316
901 -0.7278361320495605 1.608216404914856
902 -0.7041518092155457 1.637169599533081
903 -1.1386568546295166 1.4251185655593872
904 -0.10748220980167389 1.7173635959625244
905 -0.6173562407493591 1.694785714149475
906 -1.4652897119522095 1.1231578588485718
907 -0.3636649250984192 1.1226786375045776
908 -0.6199124455451965 1.047223687171936
909 -0.3636649250984192 1.122676134109497
910 -1.103036880493164 0.527963399887085
911 -0.9534104466438293 0.742336094379425
912 -0.6717541217803955 1.6556355953216553
913 -0.7881432771682739 0.9258460998535156
914 -0.36011311411857605 1.1177709102630615
915 -0.128596693277359 1.7141551971435547
916 -1.648074746131897 0.6787001490592957
917 -1.261488914489746 1.2888697385787964
918 -0.13966509699821472 1.757154941558838
919 -0.5798095464706421 1.7170530557632446
920 -1.0403752326965332 1.4484103918075562
921 -0.6207810044288635 1.046450138092041
922 -1.6539934873580933 0.6836239099502563
923 -1.6477382183074951 0.6797157526016235
924 -0.2897416949272156 1.0973811149597168
925 -1.11222243309021 0.5189082026481628
926 -0.8961710929870605 0.826403021812439
927 -0.1075083464384079 1.7173184156417847
928 -0.7073485255241394 1.6415457725524902
929 -0.34357529878616333 1.1426923274993896
930 -1.131042718887329 0.5703123807907104
931 -0.38456854224205017 1.1092746257781982
932 -1.2830300331115723 1.2681750059127808
933 -1.107192039489746 0.5129408240318298
934 -0.6222410798072815 1.0464602708816528
935 -0.4235006272792816 1.0654830932617188
936 -0.13794797658920288 1.7536243200302124
937 -0.10748094320297241 1.717363715171814
938 -0.15682992339134216 1.7902079820632935
939 -0.9637905955314636 1.5169057846069336
940 -0.36426281929016113 1.1193631887435913
941 -0.42349985241889954 1.0654840469360352
942 -0.8928864002227783 0.8312184810638428
943 -1.111871600151062 0.5467230677604675
944 -1.6471375226974487 0.6815337538719177
945 -1.6539052724838257 0.6838779449462891
946 -1.415593147277832 1.1830673217773438
947 -0.8675304651260376 0.8977746367454529
948 -1.6471822261810303 0.6747113466262817
949 -0.9426944255828857 0.8433488607406616
950 -0.8977683782577515 0.8226079940795898
951 -1.1053240299224854 0.5030379891395569
952 -1.2774670124053955 1.2733432054519653
953 -0.10750513523817062 1.7173223495483398
954 -0.6219946146011353 1.0500859022140503
955 -0.4318977892398834 1.1489381790161133
956 -1.1177277565002441 0.5610543489456177
957 -1.6475833654403687 0.6802144050598145
958 -0.6695657968521118 1.659087061882019
959 -1.258257508277893 1.2951710224151611
960 -0.18423621356487274 1.8430570363998413
961 -0.8163617849349976 1.5945204496383667
962 0.02194960229098797 0.0559125579893589
963 0.021309958770871162 0.05689503625035286
