1 0
2 0
3 0
4 0
5 0
6 0
7 0
8 1
9 1
10 1
11 0
12 2
13 2
14 2 3
15 3
16 3
17 3
18 3
19 3
20 3
21 3
22 3 4
23 4
24 4
25 5
26 5
27 5
28 5
29 5
30 5
31 5
32 5
33 5
34 5
35 5 6
36 6
37 6
38 6
39 6
40 6
41 6
42 6
43 6
44 7
45 7
46 7
47 7
48 7
49 7
50 7
51 7
52 7
53 7
54 7
55 7
56 8
57 8
58 8
59 9
60 9
61 9
62 9
63 9
64 9
65 10
66 10
67 10
68 10
69 10
70 10
71 10
72 10
73 10
74 10
75 10
76 10
77 10
78 10
79 10
80 11
81 11
82 11
83 11
84 11
85 11
86 11
87 11
88 11
89 11
90 12
91 12
92 12
93 12
94 13
95 13
96 13
97 13
98 13
99 0
100 14
101 14
102 14
103 14 15
104 15
105 15 16
106 16
107 16
108 16
109 16
110 16
111 16
112 16
113 16
114 16
115 16
116 16
117 16
118 16
119 16
120 16
121 16
122 17
123 17
124 17
125 17
126 17
127 17
128 17
129 17
130 0
131 0
132 0
133 0
134 18
135 18
136 18
137 18
138 18
139 18
140 18 19
141 19
142 19
143 0
144 0
145 0
146 0
147 0
148 20
149 20
150 20
151 20
152 20
153 20
154 20
155 0
156 0
157 21
158 21
159 21
160 21
161 22
162 22
163 22
164 22
165 23
166 23
167 23
168 23
169 0
170 0
171 0
172 0
173 0
174 24
175 24
176 24
177 24
178 25
179 25
180 25
181 25
182 26
183 26
184 26
185 27
186 27
187 27
188 27
189 27
190 0
191 0
192 0
193 0
194 0
195 0
196 28
197 28
198 28
199 0
200 29
201 29
202 29
203 0
204 30
205 30
206 30
207 0
208 31
209 31
210 31
211 31
212 31
213 31
214 31
215 31
216 31
217 31
218 31
219 31
220 32
221 32
222 32
223 32
224 32
225 32
226 32
227 32
228 32 33
229 33
230 33
231 33
232 33
233 33
234 34
235 34
236 34
237 34
238 34
239 34
240 34
241 34
242 34
243 34
244 34
245 35
246 35
247 35
248 35
249 35
250 35
251 36
252 36
253 36
254 36
255 36
256 36
257 36
258 36
259 0
260 37
261 37
262 37
263 37
264 37
265 37
266 37
267 37
268 37
269 0
270 38
271 38
272 38
273 38
274 38
275 38
276 38
277 38
278 0
279 0
280 0
281 39
282 39
283 39
284 0
285 0
286 40
287 40
288 40
289 40
290 40
291 40
292 40
293 40
294 40
295 40
296 40
297 40
298 40
299 0
300 41
301 41
302 41
303 41
304 41
305 0
306 0
307 0
308 0
309 42
310 42
311 42
312 42
313 42
314 42
315 42
316 42
317 42
318 42
319 42
320 42
321 42
322 0
323 0
324 0
325 0
326 43
327 43
328 43
329 43
330 43
331 43 44
332 44
333 44
334 44
335 44
336 44
337 44
338 44
339 44
340 44
341 44
342 44
343 0
344 0
345 0
346 0
347 0
348 0
349 0
350 0
351 0
352 0
353 0
354 0
355 0
356 0
357 0
358 0
359 45
360 45
361 45
362 0
363 0
364 0
365 0
366 46
367 46
368 46
369 46
370 46
371 46
372 46
373 46
374 46
375 46
376 46
377 46
378 46
379 46
380 46
381 46
382 46
383 46
384 46
385 46
386 46
387 46
388 46
389 0
390 0
391 0
392 47
393 47
394 47
395 47
396 0
397 0
398 48
399 48
400 48
401 48
402 48
403 48
404 48
405 48
406 48
407 48
408 48
409 0
410 0
411 0
412 0
413 0
414 0
415 0
416 0
417 0
418 0
419 0
420 0
421 0
422 0
423 0
424 0
425 0
426 0
427 0
428 0
429 0
430 0
431 0
432 49
433 49
434 49
435 49
436 49
437 49
438 50
439 50
440 50
441 50
442 50
443 50
444 50
445 51
446 51
447 51
448 51
449 51
450 51
451 51
452 51
453 52
454 52
455 52
456 52
457 52
458 53
459 53
460 53
461 53
462 53
463 53
464 53
465 53
466 53
467 0
468 0
469 0
470 0
471 0
472 0
473 0
474 0
475 0
476 0
477 0
478 0
479 0
480 0
481 0
482 0
483 0
484 0
485 0
486 54
487 54
488 54
489 0
490 0
491 0
492 0
493 0
494 0
495 55
496 55
497 55
498 55
499 55
500 56
501 56
502 56
503 56
504 56
505 56
506 56
507 56
508 57
509 57
510 57
511 57
512 57 58
513 58
514 58
515 58
516 58
517 58
518 58
519 58
520 58
521 58
522 58
523 58
524 58
525 59
526 59
527 59
528 59
529 59
530 59
531 59
532 59
533 59
534 59
535 59
536 59
537 59
538 60
539 60
540 60
541 60
542 60 61
543 61
544 61 62
545 62
546 62
547 62
548 62
549 62
550 62
551 0
552 63
553 63
554 63
555 63
556 63
557 63
558 64
559 64
560 64
561 64
562 64
563 64 65
564 65
565 65
566 65
567 65 66
568 66
569 66
570 66
571 66
572 66
573 66
574 66
575 66
576 67
577 67
578 67
579 67
580 67
581 67
582 67
583 0
584 68
585 68
586 68
587 68
588 68
589 68
590 68
591 68
592 68
593 0
594 69
595 69
596 69
597 69
598 69
599 69
600 69
601 69
602 69
603 0
604 0
605 0
606 0
607 0
608 0
609 0
610 0
611 0
612 0
613 0
614 0
615 0
616 70
617 70
618 70
619 70
620 70 71
621 71
622 71
623 71
624 71
625 0
626 0
627 0
628 0
629 0
630 0
631 0
632 72
633 72
634 72
635 72
636 72
637 73
638 73
639 73
640 73
641 73
642 73
643 73
644 73
645 73
646 73
647 73
648 73
649 73
650 73
651 74
652 74
653 74
654 74
655 74
656 74
657 74
658 74
659 74
660 74
661 74
662 74
663 0
664 0
665 0
666 0
667 0
668 0
669 0
670 0
671 0
672 0
673 0
674 0
675 0
676 0
677 0
678 0
679 0
680 0
681 0
682 0
683 0
684 0
685 75
686 75
687 75
688 75
689 75
690 75
691 75
692 75
693 75
694 75
695 75
696 75
697 75
698 75
699 0
700 0
701 0
702 0
703 0
704 0
705 0
706 0
707 0
708 0
709 0
710 0
711 0
712 0
713 0
714 0
715 0
716 0
717 0
718 0
719 0
720 0
721 0
722 0
723 0
724 0
725 0
726 0
727 0
728 0
729 0
730 0
731 0
732 0
733 0
734 0
735 0
736 0
737 0
738 0
739 0
740 0
741 0
742 0
743 0
744 0
745 0
746 0
747 0
748 0
749 0
750 0
751 0
752 0
753 0
754 0
755 0
756 0
757 0
758 0
759 0
760 0
761 0
762 0
763 0
764 0
765 0
766 0
767 0
768 0
769 0
770 0
771 76
772 76
773 76
774 76
775 76 77
776 77
777 77
778 77
779 77
780 77
781 0
782 78
783 78
784 78
785 78
786 78
787 78 79
788 79
789 79
790 79
791 79
792 0
793 0
794 80
795 80
796 80
797 80
798 80
799 80
800 80
801 80
802 80
803 0
804 81
805 81
806 81
807 81
808 81
809 82
810 82
811 83
812 83
813 83
814 83
815 83
816 0
817 84
818 84
819 84
820 84
821 84
822 0
823 0
824 0
825 0
826 0
827 0
828 0
829 0
830 0
831 85
832 85
833 85
834 85
835 85
836 85
837 85
838 85
839 85
840 85
841 85
842 85
843 85
844 85
845 85
846 85
847 85
848 85
849 0
850 86
851 86
852 86
853 86
854 86
855 86
856 86
857 86
858 87
859 87
860 87
861 0
862 0
863 0
864 0
865 0
866 0
867 0
868 0
869 0
870 0
871 0
872 0
873 0
874 0
875 0
876 0
877 0
878 88
879 88
880 88
881 88
882 88
883 89
884 89
885 89
886 89
887 0
888 0
889 0
890 0
891 0
892 0
893 0
894 0
895 0
896 0
897 0
898 0
899 0
900 0
901 0
902 0
903 0
904 90
905 90
906 90
907 90
908 0
909 0
910 0
911 0
912 91
913 91
914 91
915 91
916 91
917 91
918 0
919 92
920 92
921 92
922 92
923 92 93
924 93
925 93
926 93
927 93
928 93
929 0
930 94
931 94
932 94
933 94
934 94
935 94
936 94
937 94
938 94
939 94
940 94
941 94
942 94
943 94
944 94
945 94
946 94
947 94
948 94
949 95
950 95
951 95
952 95
953 95
954 95
955 95
956 95
957 95
958 95
959 95
960 95
961 95
962 96
963 96
964 96
965 96
966 96
967 96
968 96
969 96
970 96
971 96
972 96 97
973 97
974 97
975 97
976 97
977 97
978 97
979 97
980 97
981 97 98
982 98
983 98 99
984 99
985 99 100
986 100
987 100
988 100
989 0
990 101
991 101
992 101
993 101
994 101 102
995 102
996 103
997 103
998 103
999 103
1000 0
1001 104
1002 104
1003 104
1004 105
1005 105
1006 106
1007 106
1008 107
1009 107
1010 107
1011 107
1012 107
1013 107
1014 107
1015 107
1016 107
1017 108
1018 108 109
1019 109
1020 109
1021 109
1022 0
1023 0
1024 110
1025 110
1026 110
1027 110
1028 110
1029 110
1030 110
1031 110
1032 110
1033 110
1034 110
1035 110
1036 110 111
1037 111
1038 111
1039 111
1040 111
1041 111
1042 111
1043 111
1044 111
1045 111
1046 111 112
1047 112
1048 112
1049 113
1050 113
1051 113 114
1052 114
1053 114
1054 114
1055 114
1056 114
1057 114
1058 114
1059 114
1060 114
1061 114
1062 114
1063 114
1064 114
1065 114
1066 114
1067 114
1068 114
1069 115
1070 115
1071 115
1072 115
1073 115
1074 115
1075 115
1076 115
1077 115
1078 115
1079 115 116
1080 116
1081 116
1082 116
1083 116
1084 117
1085 117
1086 117
1087 117
1088 117
1089 117
1090 117
1091 117
1092 117
1093 117
1094 117
1095 117
1096 117
1097 117
1098 117
1099 0
1100 118
1101 118
1102 118
1103 118 119
1104 119
1105 119
1106 119
1107 119
1108 119 120
1109 120
1110 120
1111 0
1112 121
1113 121
1114 121
1115 121
1116 121
1117 121
1118 121
1119 121
1120 121
1121 121 122
1122 122
1123 122
1124 122
1125 122
1126 122
1127 122
1128 122
1129 122
1130 122
1131 123
1132 123
1133 123
1134 123
1135 123
1136 123
1137 123
1138 123
1139 123
1140 123
1141 123
1142 123
1143 123
1144 123
1145 123
1146 123
1147 123
1148 123
1149 123
1150 123
1151 123
1152 123
1153 0
1154 124
1155 124
1156 124
1157 124
1158 0
1159 125
1160 125
1161 125
1162 125
1163 125
1164 126
1165 126
1166 126
1167 126
1168 0
1169 0
1170 0
1171 0
1172 0
1173 0
1174 0
1175 127
1176 127
1177 127
1178 0
1179 0
1180 0
1181 0
1182 0
1183 0
1184 0
1185 0
1186 0
1187 0
1188 0
1189 0
1190 0
1191 0
1192 0
1193 0
1194 0
1195 0
1196 0
1197 0
1198 0
1199 0
1200 128
1201 128
1202 128
1203 128
1204 128
1205 0
1206 0
1207 0
1208 0
1209 0
1210 0
1211 0
1212 0
1213 0
1214 0
1215 0
1216 0
1217 0
1218 0
1219 0
1220 0
1221 0
1222 0
1223 0
1224 0
1225 0
1226 0
1227 0
1228 0
1229 0
1230 0
1231 0
1232 0
1233 0
1234 0
1235 0
1236 0
1237 0
1238 0
1239 0
1240 0
1241 0
1242 0
1243 0
1244 0
1245 0
1246 0
1247 0
1248 0
1249 0
1250 0
1251 0
1252 0
1253 129
1254 129
1255 129
1256 129
1257 129
1258 129
1259 129
1260 129
1261 129
1262 129
1263 129
1264 129
1265 129
1266 0
1267 0
1268 0
1269 0
1270 0
1271 0
1272 0
1273 0
1274 0
1275 0
1276 0
1277 0
1278 0
1279 0
1280 0
1281 0
1282 0
1283 0
1284 0
1285 130
1286 130
1287 130
1288 130
1289 130
1290 130
1291 130
1292 130
1293 0
1294 131
1295 131
1296 131
1297 132
1298 132
1299 132
1300 132
1301 132
1302 132
1303 132
1304 132 133
1305 133
1306 133
1307 133
1308 133
1309 133
1310 133
1311 133
1312 133
1313 133
1314 133
1315 0
1316 0
1317 0
1318 0
1319 134
1320 134
1321 134
1322 134
1323 134
1324 134
1325 134
1326 134
1327 134
1328 134
1329 134
1330 134
1331 134
1332 0
1333 0
1334 0
1335 0
1336 0
1337 135
1338 135
1339 135
1340 135
1341 135
1342 135
1343 136
1344 136
1345 136
1346 136
1347 0
1348 0
1349 0
1350 0
1351 0
1352 0
1353 0
1354 137
1355 137
1356 137
1357 137
1358 137
1359 137
1360 137
1361 137
1362 137
1363 137
1364 137
1365 137
1366 137
1367 137
1368 137 138
1369 138
1370 138
1371 138
1372 138
1373 139
1374 139
1375 139
1376 139
1377 139
1378 139
1379 139
1380 139
1381 139
1382 139
1383 139
1384 139
1385 139 140
1386 140
1387 140
1388 140
1389 140
1390 140
1391 140 141
1392 141
1393 141
1394 0
1395 0
1396 142
1397 142
1398 142
1399 142
1400 142
1401 0
1402 0
1403 143
1404 143
1405 143
1406 0
1407 0
1408 0
1409 0
1410 0
1411 0
1412 0
1413 144
1414 144
1415 144
1416 144 145
1417 145
1418 145
1419 145
1420 145 146
1421 146
1422 146
1423 146
1424 0
1425 0
1426 0
1427 0
1428 0
1429 0
1430 0
1431 0
1432 0
1433 0
1434 0
1435 0
1436 147
1437 147
1438 147
1439 147
1440 147
1441 148
1442 148
1443 148
1444 148 149
1445 149
1446 149
1447 149
1448 0
1449 150
1450 150
1451 150
1452 150
1453 150
1454 150
1455 150
1456 0
1457 0
1458 0
1459 0
1460 0
1461 0
1462 0
1463 0
1464 0
1465 0
1466 0
1467 0
1468 0
1469 0
1470 0
1471 0
1472 0
1473 0
1474 0
1475 0
1476 0
1477 0
1478 0
1479 0
1480 0
1481 0
1482 0
1483 0
1484 0
1485 0
1486 0
1487 0
1488 0
1489 0
1490 0
1491 0
1492 0
1493 0
1494 0
1495 0
1496 0
1497 0
1498 0
1499 0
1500 0
1501 0
1502 151
1503 151
1504 151
1505 151
1506 151
1507 151
1508 151
1509 151
1510 151
1511 151
1512 151
1513 151
1514 151
1515 152
1516 152
1517 152
1518 152
1519 152 153
1520 153
1521 153
1522 153
1523 153
1524 153
1525 153
1526 153
1527 153
1528 153
1529 153 154
1530 154
1531 154
1532 154
1533 154
1534 154
1535 154
1536 154
1537 154
1538 154
1539 154
1540 154
1541 155
1542 155
1543 155
1544 155
1545 0
1546 0
1547 0
1548 0
1549 0
1550 0
1551 0
1552 0
1553 0
1554 0
1555 0
1556 0
1557 0
1558 0
1559 0
1560 0
1561 0
1562 0
1563 156
1564 156
1565 156
1566 156
1567 156
1568 157
1569 157
1570 157
1571 157
1572 0
1573 0
1574 0
1575 0
1576 0
1577 0
1578 0
1579 0
1580 0
1581 0
1582 0
1583 0
1584 0
1585 0
1586 0
1587 0
1588 158
1589 158
1590 158
1591 158
1592 0
1593 0
1594 0
1595 0
1596 0
1597 0
1598 0
1599 159
1600 159
1601 159
1602 159
1603 0
1604 160
1605 160
1606 160
1607 160
1608 0
1609 0
1610 0
1611 0
1612 0
1613 0
1614 0
1615 0
1616 0
1617 161
1618 161
1619 161
1620 161
1621 161
1622 161
1623 161
1624 161
1625 161
1626 161
1627 161
1628 0
1629 0
1630 0
1631 0
1632 0
1633 0
1634 0
1635 0
1636 0
1637 0
1638 0
1639 0
1640 0
1641 162
1642 162
1643 162
1644 162
1645 162
1646 162
1647 162
1648 162
1649 162
1650 162
1651 162
1652 162
1653 162
1654 162
1655 162
1656 0
1657 0
1658 0
1659 163
1660 163
1661 163
1662 164
1663 164
1664 164
1665 164
1666 164
1667 164
1668 164
1669 164
1670 0
1671 0
1672 0
1673 0
1674 0
1675 0
1676 0
1677 0
1678 0
1679 0
1680 0
1681 0
1682 0
1683 0
1684 0
1685 0
1686 0
1687 0
1688 0
1689 0
1690 0
1691 0
1692 0
1693 0
1694 0
1695 0
1696 0
1697 0
1698 0
1699 0
1700 0
1701 0
1702 0
1703 0
1704 0
1705 0
1706 165
1707 165
1708 165
1709 165
1710 0
1711 0
1712 0
1713 0
1714 0
1715 0
1716 0
1717 0
1718 166
1719 166
1720 166
1721 166
1722 166
1723 166
1724 166
1725 166
1726 0
1727 0
1728 0
1729 0
1730 0
1731 0
1732 0
1733 0
1734 0
1735 0
1736 0
1737 0
1738 0
1739 0
1740 0
1741 0
1742 0
1743 0
1744 0
1745 0
1746 0
1747 0
1748 0
1749 0
1750 0
1751 0
1752 0
1753 0
1754 0
1755 0
1756 0
1757 0
1758 0
1759 0
1760 0
1761 0
1762 0
1763 0
1764 0
1765 0
1766 0
1767 0
1768 0
1769 167
1770 167
1771 167
1772 167
1773 167
1774 167
1775 167
1776 167
1777 167
1778 0
1779 0
1780 0
1781 0
1782 0
1783 0
1784 0
1785 0
1786 0
1787 0
1788 0
1789 168
1790 168
1791 168
1792 168
1793 168
1794 168
1795 168
1796 168
1797 168
1798 168
1799 168 169
1800 169
1801 169
1802 169
1803 169
1804 169
1805 169
1806 169
1807 169
1808 169
1809 169
1810 169
1811 0
1812 0
1813 0
1814 0
1815 0
1816 0
1817 0
1818 0
1819 0
1820 0
1821 0
1822 0
1823 0
1824 0
1825 0
1826 0
1827 170
1828 170
1829 170
1830 170
1831 170
1832 170
1833 170
1834 170
1835 170
1836 0
1837 0
1838 0
1839 0
1840 0
1841 0
1842 0
1843 0
1844 0
1845 0
1846 0
1847 0
1848 171
1849 171
1850 171
1851 171
1852 171
1853 171
1854 171
1855 171
1856 171
1857 171
1858 171
1859 171
1860 171
1861 171
1862 171
1863 0
1864 172
1865 172
1866 172
1867 172
1868 172
1869 172
1870 172
1871 172
1872 172
1873 172
1874 172
1875 172
1876 172
1877 172
1878 173
1879 173
1880 173
1881 173
1882 173
1883 173
1884 173
1885 173
1886 173
1887 173
1888 173
1889 173
1890 173
1891 174
1892 174
1893 174
1894 174
1895 174
1896 174
1897 174
1898 174
1899 174
1900 175
1901 175
1902 175
1903 175
1904 175
1905 175
1906 175
1907 175
1908 175
1909 0
1910 176
1911 176
1912 176
1913 176
1914 176
1915 176
1916 176
1917 176
1918 176
1919 176
1920 177
1921 177
1922 177
1923 177
1924 177
1925 177
1926 178
1927 178
1928 178
1929 178
1930 178
1931 178
1932 178
1933 178
1934 178
1935 178
1936 178
1937 178
1938 178
1939 178
1940 179
1941 179
1942 179
1943 179
1944 179
1945 179
1946 179
1947 179
1948 179 180
1949 180
1950 180
1951 180
1952 180
1953 180
1954 180
1955 180
1956 180
1957 180
1958 0
1959 0
1960 0
1961 0
1962 0
1963 0
1964 0
1965 0
1966 0
1967 0
1968 0
1969 0
1970 0
1971 181
1972 181
1973 181
1974 181
1975 181
1976 181
1977 0
1978 0
1979 182
1980 182
1981 182
1982 182
1983 183
1984 183
1985 183
1986 183
1987 183
1988 183
1989 183 184
1990 184
1991 184
1992 184
1993 184
1994 184
1995 184
1996 184
1997 184
1998 184
1999 184
2000 184
2001 184
2002 184
2003 184
2004 0
2005 0
2006 0
2007 0
2008 0
2009 0
2010 0
2011 185
2012 185
2013 185
2014 185
2015 185
2016 185
2017 185
2018 185
2019 185
2020 185
2021 185
2022 185
2023 185
2024 0
2025 186
2026 186
2027 186
2028 186
2029 186
2030 186
2031 186
2032 0
2033 0
2034 187
2035 187
2036 187
2037 188
2038 188
2039 188
2040 188
2041 188
2042 188
2043 188
2044 188
2045 188
2046 188
2047 188 189
2048 189
2049 189
2050 189
2051 190
2052 190
2053 190
2054 190
2055 190
2056 190
2057 190
2058 190
2059 190
2060 190
2061 190
2062 190
2063 190
2064 190
2065 190
2066 191
2067 191
2068 191
2069 191
2070 191
2071 191
2072 191
2073 191
2074 191
2075 191
2076 191
2077 191
2078 191
2079 191
2080 191
2081 191
2082 0
2083 0
2084 0
2085 192
2086 192
2087 192
2088 192
2089 192
2090 192
2091 192
2092 193
2093 193
2094 193
2095 193
2096 193
2097 193
2098 193
2099 193
2100 193
2101 193
2102 193
2103 193
2104 193
2105 193
2106 193
2107 193
2108 193
2109 193
2110 193
2111 193
2112 193
2113 194
2114 194
2115 194
2116 194
2117 195
2118 195
2119 195
2120 195
2121 195
2122 195
2123 195
2124 195
2125 195
2126 195
2127 195
2128 195
2129 195
2130 195
2131 195
2132 195
2133 196
2134 196
2135 196
2136 196
2137 196
2138 196
2139 196
2140 196
2141 196
2142 196
2143 196
2144 196
2145 196
2146 196
2147 196
2148 197
2149 197
2150 197
2151 198
2152 198
2153 198
2154 198
2155 198
2156 198
2157 198
2158 198
2159 198
2160 198
2161 198
2162 199
2163 199
2164 199
2165 199
2166 199
2167 199
2168 200
2169 200
2170 200
2171 200
2172 200
2173 200
2174 200
2175 200
2176 200
2177 200
2178 200
2179 200 201
2180 201
2181 201
2182 201
2183 201
2184 201
2185 201
2186 0
2187 0
2188 0
2189 0
2190 0
2191 0
2192 202
2193 202
2194 202
2195 202
2196 202
2197 202
2198 203
2199 203
2200 203
2201 203
2202 203
2203 203
2204 203
2205 203
2206 203
2207 0
2208 0
2209 204
2210 204
2211 204
2212 204
2213 204
2214 204
2215 204
2216 204
2217 204
2218 204 205
2219 205
2220 205
2221 205
2222 205
2223 205
2224 205
2225 205
2226 205
2227 0
2228 206
2229 206
2230 206
2231 206
2232 206
2233 206
2234 206
2235 206
2236 0
2237 207
2238 207
2239 0
2240 0
2241 0
2242 0
2243 208
2244 208
2245 208
2246 208 209
2247 209
2248 209
2249 209
2250 209
2251 209
2252 209
2253 209
2254 209
2255 209
2256 209
2257 209
2258 209
2259 210
2260 210
2261 210
2262 210
2263 210
2264 210
2265 210
2266 210
2267 210 211
2268 211
2269 211
2270 211
2271 211
2272 211
2273 211 212
2274 212
2275 212
2276 212
2277 212
2278 212 213
2279 213
2280 213
2281 213
2282 213
2283 213
2284 213
2285 213
2286 213
2287 213
2288 213
2289 214
2290 214
2291 214
2292 214
2293 214
2294 214
2295 214
2296 214
2297 214
2298 214
2299 214
2300 214
2301 0
2302 215
2303 215
2304 215
2305 215
2306 215
2307 215
2308 215
2309 215
2310 215
2311 215
2312 215
2313 215
2314 215
2315 215
2316 215
2317 215
2318 215
2319 215
2320 215
2321 215
2322 215
2323 215
2324 215
2325 215
2326 215
2327 0
2328 0
2329 216
2330 216
2331 216
2332 216
2333 216
2334 216
2335 216
2336 216
2337 216
2338 216
2339 216
2340 216
2341 216
2342 216
2343 216
2344 217
2345 217
2346 217
2347 217
2348 217
2349 217
2350 217
2351 217
2352 217
2353 217 218
2354 218
2355 218
2356 218
2357 218
2358 218
2359 218
2360 218
2361 218
2362 218
2363 218
2364 218
2365 218
2366 218
2367 219
2368 219
2369 219
2370 219
2371 0
2372 220
2373 220
2374 220
2375 220
2376 220
2377 220
2378 0
2379 0
2380 0
2381 0
2382 0
2383 0
2384 0
2385 0
2386 0
2387 0
2388 0
2389 0
2390 0
2391 221
2392 221
2393 221
2394 221
2395 221
2396 221
2397 221
2398 221
2399 221
2400 221
2401 221
2402 221
2403 222
2404 222
2405 222
2406 222
2407 222
2408 0
2409 223
2410 223
2411 223 224
2412 224
2413 224
2414 224
2415 224 225
2416 225
2417 225
2418 225
2419 225
2420 225
2421 225
2422 225
2423 225
2424 225
2425 225
2426 225
2427 225
2428 225
2429 225
2430 225
2431 225
2432 225
2433 225
2434 225
2435 226
2436 226
2437 226
2438 226
2439 226
2440 226
2441 226
2442 226
2443 226
2444 226
2445 226
2446 227
2447 227
2448 228
2449 228
2450 228
2451 0
2452 0
2453 229
2454 229
2455 0
2456 0
2457 0
2458 230
2459 230
2460 230
2461 231
2462 231
2463 231 232
2464 232
2465 232
2466 233
2467 233 234
2468 234
2469 234
2470 234 235
2471 235
2472 235
2473 235
2474 0
2475 236
2476 236
2477 236
2478 236
2479 236
2480 236
2481 236
2482 236
2483 237
2484 237
2485 237
2486 238
2487 238
2488 238
2489 238
2490 238
2491 239
2492 239
2493 239
2494 239
2495 239
2496 239
2497 239 240
2498 240
2499 240
2500 240
2501 240
2502 240
2503 240
2504 240
2505 240
2506 240
2507 240
2508 240
2509 241
2510 241
2511 0
2512 0
2513 0
2514 0
2515 0
2516 0
2517 242
2518 242
2519 242
2520 242
2521 0
2522 0
2523 0
2524 0
2525 243
2526 243
2527 243
2528 243
2529 243
2530 243
2531 243
2532 243
2533 243
2534 243
2535 243
2536 243
2537 243
2538 243
2539 243
2540 243
2541 243
2542 243
2543 243
2544 243
2545 243
2546 243
2547 243
2548 243
2549 243
2550 243
2551 243
2552 243
2553 243
2554 243
2555 243
2556 243
2557 243
2558 243
2559 243
2560 243
2561 243
2562 243
2563 243
2564 243
2565 243
2566 0
2567 0
2568 0
2569 0
2570 0
2571 0
2572 0
2573 0
2574 0
2575 0
2576 0
2577 0
2578 0
2579 0
2580 0
2581 0
2582 0
2583 0
2584 0
2585 0
2586 244
2587 244
2588 244
2589 244
2590 0
2591 0
2592 0
2593 0
2594 0
2595 0
2596 0
2597 0
2598 0
2599 0
2600 0
2601 0
2602 0
2603 0
2604 0
2605 0
2606 0
2607 0
2608 0
2609 0
2610 0
2611 245
2612 245
2613 245
2614 245
2615 245
2616 245
2617 245
2618 246
2619 246
2620 246
2621 246
2622 246
2623 246
2624 246
2625 246
2626 0
2627 0
2628 247
2629 247
2630 247
2631 247
2632 247
2633 0
2634 0
2635 0
2636 0
2637 0
2638 0
2639 0
2640 0
2641 0
2642 0
2643 0
2644 248
2645 248
2646 248
2647 248
2648 248
2649 248
2650 248
2651 248
2652 248
2653 0
2654 0
2655 0
2656 0
2657 0
2658 0
2659 0
2660 249
2661 249
2662 249
2663 249
2664 249
2665 0
2666 250
2667 250
2668 250
2669 250
2670 250
2671 0
2672 0
2673 0
2674 0
2675 0
2676 0
2677 0
2678 0
2679 0
