1 0
2 0
3 0
4 0
5 0
6 0
7 0
8 0
9 0
10 0
11 0
12 0
13 0
14 0
15 0
16 0
17 0
18 0
19 0
20 0
21 0
22 0
23 0
24 0
25 0
26 0
27 0
28 0
29 0
30 0
31 0
32 0
33 0
34 0
35 0
36 0
37 0
38 0
39 0
40 0
41 0
42 0
43 0
44 0
45 0
46 0
47 0
48 0
49 0
50 0
51 0
52 0
53 0
54 0
55 0
56 0
57 0
58 0
59 0
60 0
61 0
62 0
63 0
64 0
65 0
66 0
67 0
68 0
69 0
70 0
71 0
72 0
73 0
74 0
75 0
76 0
77 1
78 1
79 1
80 1
81 1
82 2
83 2
84 2
85 2
86 2
87 3
88 3
89 3
90 3
91 0
92 0
93 0
94 4
95 4
96 4
97 4
98 4
99 4 5
100 5
101 5
102 5
103 5
104 5
105 5
106 6
107 6
108 6
109 6
110 6
111 0
112 0
113 0
114 0
115 0
116 0
117 0
118 0
119 0
120 0
121 0
122 0
123 0
124 0
125 0
126 0
127 0
128 0
129 0
130 0
131 0
132 0
133 0
134 0
135 0
136 0
137 0
138 0
139 0
140 0
141 0
142 0
143 0
144 0
145 0
146 0
147 0
148 0
149 0
150 0
151 0
152 0
153 0
154 0
155 0
156 0
157 0
158 0
159 0
160 0
161 0
162 0
163 0
164 0
165 0
166 0
167 0
168 7
169 7
170 7
171 7
172 7
173 7
174 7
175 7
176 7
177 7
178 7 8
179 8
180 8
181 8
182 8
183 8
184 8
185 8
186 8
187 8
188 8
189 8
190 8
191 8
192 8
193 8
194 8
195 8
196 8
197 8
198 8
199 8
200 8
201 8
202 9
203 9
204 9
205 9
206 9
207 9
208 9
209 0
210 0
211 0
212 10
213 10
214 10
215 10
216 10
217 10
218 10
219 10
220 10
221 10
222 10
223 10
224 10
225 10
226 10
227 10
228 10
229 10
230 10
231 10
232 10
233 10
234 10
235 11
236 11
237 11
238 11
239 11
240 0
241 0
242 0
243 0
244 0
245 0
246 0
247 0
248 0
249 0
250 0
251 0
252 0
253 0
254 0
255 0
256 0
257 0
258 0
259 0
260 0
261 0
262 0
263 12
264 12
265 12
266 12
267 12
268 12
269 12
270 0
271 0
272 0
273 0
274 0
275 0
276 0
277 0
278 13
279 13
280 13
281 13
282 13
283 13
284 13
285 14
286 14
287 14
288 14
289 14
290 14
291 0
292 0
293 0
294 15
295 15
296 15
297 15
298 15
299 15
300 15
301 15
302 15
303 15
304 15
305 15
306 15
307 15
308 15
309 15
310 15
311 0
312 0
313 0
314 0
315 0
316 0
317 0
318 16
319 16
320 16
321 16
322 16
323 16
324 17
325 17
326 17
327 17
328 0
329 0
330 0
331 0
332 0
333 0
334 0
335 0
336 0
337 0
338 18
339 18
340 18
341 18
342 18
343 0
344 19
345 19
346 19
347 19
348 0
349 0
350 0
351 0
352 0
353 0
354 0
355 0
356 0
357 0
358 0
359 0
360 0
361 0
362 20
363 20
364 20
365 20
366 0
367 21
368 21
369 21
370 21
371 21
372 21
373 21
374 22
375 22
376 22
377 22
378 22
379 0
380 0
381 0
382 0
383 0
384 0
385 0
386 0
387 0
388 0
389 0
390 0
391 0
392 0
393 0
394 0
395 23
396 23
397 23
398 23
399 24
400 24
401 24
402 24
403 24
404 25
405 25
406 25
407 25
408 25
409 25
410 25
411 25
412 25
413 25
414 25
415 0
416 0
417 0
418 0
419 0
420 0
421 0
422 0
423 0
424 26
425 26
426 26
427 26
428 26
429 26
430 27
431 27
432 27
433 27
434 27
435 27
436 27
437 28
438 28
439 28
440 28
441 28
442 28
443 28
444 28
445 28
446 28
447 28
448 28
449 28
450 28
451 28
452 28
453 28
454 28
455 28
456 28
457 28
458 29
459 29
460 29
461 29
462 29
463 30
464 30
465 30
466 30
467 30
468 30
469 30
470 31
471 31
472 31
473 31
474 31
475 31
476 31
477 31
478 31
479 31
480 32
481 32
482 32
483 32
484 32
485 32
486 32
487 0
488 33
489 33
490 33
491 33
492 33
493 33
494 33
495 33
496 33
497 33
498 33
499 33
500 0
501 0
502 34
503 34
504 34
505 34
506 34
507 34
508 35
509 35
510 35
511 35
512 35
513 35
514 35
515 35
516 35
517 35
518 35
519 35
520 35
521 35
522 35
523 35
524 35
525 35 36
526 36
527 36
528 36
529 36
530 36
531 36
532 0
533 0
534 0
535 0
536 0
537 0
538 0
539 0
540 0
541 0
542 0
543 0
544 0
545 37
546 37
547 37
548 37
549 37
550 37
551 0
552 0
553 0
554 0
555 0
556 0
557 0
558 0
559 0
560 0
561 0
562 0
563 0
564 0
565 0
566 0
567 0
568 0
569 0
570 0
571 0
572 38
573 38
574 38
575 38
576 38
577 38
578 38
579 38
580 38
581 38
582 38
583 38
584 38
585 38
586 38
587 38
588 38
589 38
590 38
591 38
592 38
593 0
594 0
595 39
596 39
597 39
598 39
599 39
600 39
601 39
602 39
603 39
604 39
605 39
606 40
607 40
608 40
609 40
610 40
611 40
612 41
613 41
614 41
615 41
616 41
617 41
618 41
619 41
620 41
621 41
622 41
623 41
624 41
625 41
626 41
627 41
628 41
629 42
630 42
631 42
632 42
633 42
634 42
635 42
636 42
637 42
638 42
639 42
640 0
641 43
642 43
643 43
644 43
645 43
646 43
647 43
648 43
649 43
650 43
651 43
652 43
653 43
654 43
655 43
656 43
657 43
658 43
659 43
660 43
661 43
662 43
663 43
664 43
665 0
666 44
667 44
668 44
669 44
670 44
671 44
672 44
673 44
674 44
675 44
676 45
677 45
678 45
679 45
680 45 46
681 46
682 46
683 46
684 46
685 46
686 46
687 46
688 0
689 0
690 0
691 0
692 0
693 0
694 0
695 0
696 0
697 0
698 0
699 0
700 0
701 0
702 47
703 47
704 47
705 47
706 47
707 0
708 0
709 0
710 48
711 48
712 48
713 48
714 48 49
715 49
716 49
717 49
718 0
719 0
720 0
721 0
722 0
723 0
724 0
725 0
726 0
727 0
728 0
729 0
730 50
731 50
732 50
733 50
734 50
735 50
736 50
737 50 51
738 51
739 51
740 51
741 51
742 0
743 0
744 0
745 0
746 0
747 0
748 0
749 0
750 0
751 52
752 52
753 52
754 52
755 0
756 0
757 53
758 53
759 53
760 53
761 53
762 53
763 53
764 53
765 53
766 0
767 54
768 54
769 54
770 54
771 54
772 55
773 55
774 55
775 55
776 55
777 55 56
778 56
779 56
780 56
781 56
782 56
783 0
784 0
785 0
786 0
787 0
788 0
789 0
790 0
791 0
792 0
793 0
794 0
795 0
796 0
797 0
798 0
799 0
800 0
801 0
802 0
803 0
804 0
805 0
806 0
807 0
808 0
809 0
810 0
811 0
812 0
813 0
814 0
815 0
816 0
817 0
818 0
819 0
820 0
821 0
822 0
823 0
824 0
825 0
826 0
827 0
828 0
829 0
830 0
831 0
832 0
833 0
834 0
835 0
836 0
837 0
838 0
839 0
840 0
841 0
842 0
843 0
844 57
845 57
846 57
847 57
848 57
849 57
850 57
851 57
852 57
853 57
854 57
855 57
856 57
857 0
858 0
859 0
860 0
861 0
862 0
863 0
864 58
865 58
866 58
867 58
868 58
869 0
870 0
871 0
872 59
873 59
874 59
875 59
876 59
877 59
878 60
879 60
880 60
881 60
882 60
883 60
884 0
885 61
886 61
887 61
888 61
889 61
890 62
891 62
892 62
893 62
894 62
895 62
896 0
897 0
898 0
899 0
900 0
901 0
902 0
903 0
904 63
905 63
906 63
907 63
908 63
909 63
910 0
911 0
912 0
913 0
914 64
915 64
916 64
917 64
918 64
919 64
920 64
921 0
922 0
923 0
924 0
925 0
926 0
927 0
928 0
929 0
930 0
931 0
932 0
933 0
934 0
935 0
936 0
937 0
938 0
939 0
940 0
941 0
942 0
943 0
944 0
945 0
946 0
947 0
948 0
949 0
950 0
951 0
952 0
953 0
954 0
955 0
956 0
957 0
958 0
959 0
960 0
961 0
962 0
963 0
964 0
965 0
966 0
967 0
968 0
969 0
970 0
971 0
972 0
973 0
974 0
975 0
976 0
977 0
978 0
979 0
980 0
981 0
982 0
983 0
984 0
985 0
986 0
987 0
988 0
989 0
990 0
991 0
992 0
993 0
994 0
995 65
996 65
997 65
998 65
999 65
1000 65
1001 65
1002 65
1003 65
1004 65
1005 0
1006 0
1007 0
1008 0
1009 0
1010 0
1011 66
1012 66
1013 66
1014 66
1015 66
1016 66
1017 0
1018 0
1019 0
1020 0
1021 0
1022 0
1023 0
1024 0
1025 0
1026 0
1027 0
1028 0
1029 0
1030 0
1031 0
1032 0
1033 0
1034 0
1035 0
1036 0
1037 0
1038 0
1039 0
1040 0
1041 67
1042 67
1043 67
1044 67
1045 0
1046 0
1047 68
1048 68
1049 68
1050 68
1051 0
1052 0
1053 0
1054 0
1055 0
1056 0
1057 0
1058 0
1059 0
1060 0
1061 0
1062 0
1063 0
1064 0
1065 0
1066 0
1067 0
1068 0
1069 0
1070 0
1071 0
1072 0
1073 0
1074 0
1075 0
1076 0
1077 0
1078 0
1079 0
1080 0
1081 0
1082 0
1083 0
1084 0
1085 0
1086 0
1087 0
1088 0
1089 0
1090 0
1091 0
1092 0
1093 0
1094 0
1095 0
1096 0
1097 0
1098 0
1099 0
1100 0
1101 0
1102 0
1103 0
1104 0
1105 0
1106 0
1107 0
1108 0
1109 0
1110 0
1111 69
1112 69
1113 69
1114 69
1115 69
1116 69
1117 69
1118 69
1119 0
1120 0
1121 0
1122 0
1123 0
1124 0
1125 0
1126 0
1127 0
1128 0
1129 0
1130 70
1131 70
1132 70
1133 70
1134 70
1135 0
1136 71
1137 71
1138 71
1139 71
1140 0
1141 0
1142 0
1143 0
1144 0
1145 72
1146 72
1147 72
1148 72
1149 72
1150 72
1151 72
1152 72
1153 72
1154 0
1155 0
1156 0
1157 0
1158 0
1159 0
1160 0
1161 0
1162 0
1163 0
1164 0
1165 0
1166 0
1167 0
1168 0
1169 0
1170 73
1171 73
1172 73
1173 73
1174 0
1175 0
1176 0
1177 0
1178 0
1179 0
1180 0
1181 0
1182 0
1183 0
1184 0
1185 0
1186 0
1187 0
1188 0
1189 0
1190 74
1191 74
1192 74
1193 74
1194 0
1195 0
1196 0
1197 0
1198 0
1199 0
1200 0
1201 0
1202 0
1203 0
1204 0
1205 0
1206 0
1207 0
1208 0
1209 0
1210 0
1211 0
1212 0
1213 0
1214 0
1215 0
1216 0
1217 0
1218 0
1219 0
1220 0
1221 0
1222 0
1223 0
1224 0
1225 0
1226 0
1227 0
1228 0
1229 0
1230 0
1231 0
1232 0
1233 0
1234 0
1235 0
1236 0
1237 0
1238 0
1239 0
1240 0
1241 0
1242 0
1243 0
1244 0
1245 0
1246 0
1247 0
1248 0
1249 0
1250 0
1251 0
1252 0
1253 0
1254 0
1255 0
1256 0
1257 0
1258 0
1259 0
1260 0
1261 0
1262 0
1263 0
1264 0
1265 0
1266 0
1267 0
1268 0
1269 0
1270 0
1271 0
1272 0
1273 0
1274 0
1275 0
1276 0
1277 0
1278 0
1279 0
1280 0
1281 0
1282 0
1283 0
1284 0
1285 0
1286 0
1287 0
1288 0
1289 0
1290 0
1291 0
1292 0
1293 0
1294 0
1295 0
1296 0
1297 0
1298 0
1299 0
1300 0
1301 0
1302 0
1303 0
1304 0
1305 0
1306 0
1307 0
1308 0
1309 0
1310 0
1311 0
1312 0
1313 0
1314 0
1315 0
1316 0
1317 0
1318 0
1319 0
1320 0
1321 0
1322 0
1323 0
1324 0
1325 0
1326 0
1327 0
1328 0
1329 0
1330 0
1331 0
1332 0
1333 0
1334 0
1335 0
1336 0
1337 0
1338 0
1339 0
1340 0
1341 0
1342 0
1343 0
1344 0
1345 0
1346 0
1347 0
1348 0
1349 0
1350 0
1351 0
1352 0
1353 0
1354 0
1355 0
1356 0
1357 0
1358 0
1359 0
1360 0
1361 0
1362 0
1363 0
1364 0
1365 0
1366 0
1367 0
1368 0
1369 0
1370 0
1371 0
1372 0
1373 0
1374 0
1375 0
1376 0
1377 0
1378 0
1379 0
1380 0
1381 0
1382 0
1383 0
1384 0
1385 0
1386 0
1387 0
1388 0
1389 0
1390 0
1391 0
1392 0
1393 0
1394 0
1395 0
1396 0
1397 0
1398 0
1399 0
1400 0
1401 0
1402 0
1403 0
1404 0
1405 0
1406 0
1407 0
1408 0
1409 0
1410 0
1411 0
1412 0
1413 0
1414 0
1415 0
1416 0
1417 0
1418 0
1419 0
1420 0
1421 0
1422 0
1423 0
1424 0
1425 0
1426 0
1427 0
1428 0
1429 0
1430 0
1431 0
1432 0
1433 0
1434 0
1435 0
1436 0
1437 0
1438 0
1439 0
1440 0
1441 0
1442 0
1443 0
1444 0
1445 0
1446 0
1447 0
1448 0
1449 0
1450 0
1451 0
1452 0
1453 0
1454 0
1455 0
1456 0
1457 0
1458 0
1459 0
1460 0
1461 0
1462 0
1463 0
1464 0
1465 0
1466 0
1467 0
1468 0
1469 0
1470 0
1471 0
1472 0
1473 0
1474 0
1475 0
1476 0
1477 0
1478 0
1479 0
1480 0
1481 0
1482 0
1483 0
1484 0
1485 0
1486 0
1487 0
1488 0
1489 0
1490 0
1491 0
1492 0
1493 0
1494 0
1495 0
1496 0
1497 0
1498 0
1499 0
1500 0
1501 0
1502 0
1503 0
1504 0
1505 0
1506 0
1507 0
1508 0
1509 0
1510 0
1511 0
1512 0
1513 0
1514 0
1515 0
1516 0
1517 0
1518 0
1519 0
1520 0
1521 0
1522 0
1523 0
1524 0
1525 0
1526 0
1527 0
1528 0
1529 0
1530 0
1531 0
1532 0
1533 0
1534 0
1535 0
1536 0
1537 0
1538 0
1539 0
1540 0
1541 0
1542 0
1543 0
1544 0
1545 0
1546 0
1547 0
1548 0
1549 0
1550 0
1551 0
1552 0
1553 0
1554 0
1555 0
1556 0
1557 0
1558 0
1559 0
1560 0
1561 0
1562 0
1563 0
1564 75
1565 75
1566 75
1567 75
1568 0
1569 76
1570 76
1571 76
1572 76
1573 76
1574 0
1575 0
1576 0
1577 0
1578 0
1579 0
1580 0
1581 0
1582 0
1583 0
1584 0
1585 0
1586 0
1587 0
1588 0
1589 0
1590 0
1591 0
1592 0
1593 0
1594 0
1595 0
1596 0
1597 0
1598 0
1599 0
1600 0
1601 0
1602 0
1603 0
1604 0
1605 0
1606 0
1607 0
1608 0
1609 0
1610 0
1611 0
1612 0
1613 0
1614 0
1615 0
1616 0
1617 0
1618 0
1619 0
1620 0
1621 0
1622 0
1623 0
1624 0
1625 0
1626 0
1627 0
1628 0
1629 0
1630 0
1631 0
1632 0
1633 0
1634 0
1635 0
1636 0
1637 0
1638 0
1639 0
1640 0
1641 0
1642 0
1643 0
1644 0
1645 0
1646 0
1647 0
1648 0
1649 0
1650 0
1651 0
1652 0
1653 0
1654 0
1655 0
1656 0
1657 0
1658 0
1659 0
1660 0
1661 0
1662 0
1663 0
1664 0
1665 0
1666 0
1667 0
1668 0
1669 0
1670 0
1671 0
1672 0
1673 0
1674 0
1675 0
1676 0
1677 0
1678 0
1679 0
1680 0
1681 0
1682 0
1683 0
1684 0
1685 0
1686 0
1687 0
1688 0
1689 0
1690 0
1691 0
1692 77
1693 77
1694 77
1695 77
1696 77
1697 77
1698 77
1699 0
1700 78
1701 78
1702 78
1703 78
1704 78
1705 0
1706 0
1707 0
1708 0
1709 0
1710 0
1711 0
1712 0
1713 0
1714 0
1715 79
1716 79
1717 79
1718 79
1719 79
1720 79
1721 79
1722 79
1723 79
1724 79
1725 79
1726 79
1727 79
1728 79
1729 79
1730 79
1731 79
1732 79
1733 79
1734 79
1735 79
1736 79
1737 79
1738 79
1739 79
1740 79
1741 79
1742 79
1743 79
1744 79
1745 79
1746 79
1747 79
1748 79
1749 0
1750 80
1751 80
1752 80
1753 80
1754 80
1755 80
1756 80
1757 0
1758 0
1759 0
1760 0
1761 0
1762 0
1763 0
1764 0
1765 0
1766 0
1767 0
1768 0
1769 0
1770 0
1771 0
1772 0
1773 0
1774 0
1775 0
1776 0
1777 0
1778 0
1779 0
1780 0
1781 0
1782 0
1783 0
1784 0
1785 0
1786 0
1787 0
1788 0
1789 0
1790 0
1791 0
1792 0
1793 0
1794 0
1795 0
1796 0
1797 0
1798 0
1799 0
1800 0
1801 0
1802 0
1803 0
1804 81
1805 81
1806 81
1807 81
1808 81 82
1809 82
1810 82
1811 82
1812 82
1813 82
1814 0
1815 83
1816 83
1817 83
1818 83
1819 83
1820 83
1821 83
1822 84
1823 84
1824 84
1825 84
1826 84
1827 84
1828 84
1829 84
1830 84
1831 84
1832 84
1833 84
1834 85
1835 85
1836 85
1837 85
1838 85
1839 85
1840 85
1841 85
1842 85
1843 85
1844 85
1845 85
1846 85
1847 85
1848 85
1849 85
1850 85
1851 86
1852 86
1853 86
1854 86
1855 86
1856 86
1857 86
1858 86
1859 86
1860 86
1861 86
1862 86
1863 86
1864 86
1865 0
1866 0
1867 0
1868 0
1869 0
1870 0
1871 0
1872 0
1873 87
1874 87
1875 87
1876 87
1877 87
1878 87
1879 87
1880 87
1881 87
1882 87
1883 87
1884 0
1885 0
1886 0
1887 0
1888 0
1889 0
1890 0
1891 88
1892 88
1893 88
1894 88
1895 89
1896 89
1897 89
1898 89
1899 89
1900 89
1901 90
1902 90
1903 90
1904 90
1905 90
1906 90
1907 90
1908 90
1909 91
1910 91
1911 91
1912 91
1913 0
1914 0
1915 0
1916 0
1917 0
1918 92
1919 92
1920 92
1921 92
1922 92
1923 92
1924 92
1925 93
1926 93
1927 93
1928 93
1929 94
1930 94
1931 94
1932 94 95
1933 95
1934 95
1935 95
1936 95
1937 95
1938 95
1939 0
1940 0
1941 0
1942 96
1943 96
1944 96
1945 96
1946 96
1947 96
1948 96
1949 96
1950 96
1951 96 97
1952 97
1953 97
1954 97
1955 97
1956 97
1957 97
1958 0
1959 0
1960 0
1961 0
1962 0
1963 0
1964 0
1965 0
1966 0
1967 0
1968 0
