1 0
2 0
3 0
4 0
5 0
6 0
7 0
8 0
9 0
10 0
11 0
12 0
13 0
14 0
15 0
16 0
17 0
18 0
19 0
20 0
21 0
22 0
23 0
24 0
25 0
26 0
27 0
28 0
29 0
30 0
31 0
32 0
33 0
34 0
35 0
36 0
37 0
38 0
39 0
40 0
41 0
42 0
43 0
44 0
45 0
46 0
47 0
48 0
49 0
50 0
51 0
52 0
53 0
54 0
55 0
56 0
57 0
58 0
59 0
60 0
61 0
62 0
63 0
64 0
65 0
66 0
67 0
68 1
69 1
70 1
71 1
72 1
73 1
74 1
75 1
76 1
77 1
78 0
79 0
80 0
81 0
82 0
83 0
84 2
85 2
86 2
87 2
88 2
89 2
90 2
91 2
92 2
93 2
94 2
95 2
96 2
97 3
98 3
99 3
100 3
101 4
102 4
103 4
104 4
105 4
106 4
107 4
108 4
109 0
110 0
111 0
112 0
113 0
114 0
115 0
116 0
117 0
118 5
119 5
120 5
121 5
122 5
123 5
124 5
125 0
126 6
127 6
128 6
129 6
130 6
131 6
132 7
133 7
134 7
135 7
136 0
137 0
138 0
139 0
140 0
141 0
142 0
143 0
144 0
145 0
146 0
147 0
148 0
149 0
150 0
151 0
152 0
153 0
154 0
155 0
156 0
157 0
158 0
159 0
160 0
161 0
162 0
163 0
164 0
165 0
166 0
167 0
168 0
169 8
170 8
171 8
172 8
173 8
174 8
175 8
176 0
177 0
178 9
179 9
180 9
181 9
182 9
183 0
184 0
185 0
186 0
187 0
188 0
189 0
190 0
191 0
192 0
193 0
194 0
195 0
196 0
197 0
198 0
199 0
200 0
201 0
202 0
203 0
204 0
205 0
206 0
207 0
208 0
209 0
210 0
211 0
212 0
213 0
214 0
215 0
216 0
217 0
218 0
219 0
220 0
221 0
222 0
223 0
224 0
225 0
226 0
227 0
228 0
229 0
230 10
231 10
232 10
233 10
234 10
235 0
236 0
237 0
238 0
239 0
240 0
241 0
242 0
243 0
244 0
245 0
246 11
247 11
248 11
249 11
250 0
251 0
252 0
253 0
254 0
255 0
256 0
257 0
258 0
259 0
260 0
261 0
262 0
263 0
264 0
265 0
266 0
267 0
268 0
269 0
270 0
271 0
272 0
273 0
274 0
275 0
276 0
277 0
278 0
279 0
280 0
281 0
282 0
283 0
284 0
285 0
286 0
287 0
288 0
289 0
290 0
291 0
292 0
293 0
294 0
295 0
296 0
297 0
298 0
299 0
300 0
301 0
302 0
303 0
304 0
305 0
306 0
307 0
308 0
309 0
310 0
311 0
312 0
313 0
314 0
315 0
316 0
317 0
318 0
319 0
320 0
321 0
322 0
323 0
324 0
325 0
326 0
327 0
328 0
329 12
330 12
331 12
332 12
333 12
334 12
335 12
336 12
337 12
338 12
339 0
340 13
341 13
342 13
343 13
344 13
345 0
346 0
347 0
348 0
349 0
350 0
351 0
352 0
353 0
354 0
355 0
356 0
357 0
358 0
359 0
360 0
361 0
362 0
363 0
364 0
365 0
366 0
367 0
368 0
369 0
370 0
371 0
372 0
373 0
374 0
375 0
376 0
377 0
378 0
379 0
380 14
381 14
382 14
383 14
384 14
385 14
386 14
387 14
388 14
389 14
390 14
391 14
392 14
393 14
394 14
395 15
396 15
397 15
398 15
399 15
400 15
401 16
402 16
403 16
404 16
405 16
406 16
407 16 17
408 17
409 17
410 17
411 17
412 17
413 0
414 18
415 18
416 18
417 18
418 18
419 18
420 18
421 18
422 18
423 0
424 0
425 0
426 0
427 0
428 0
429 0
430 0
431 0
432 0
433 0
434 0
435 0
436 0
437 0
438 0
439 0
440 0
441 0
442 0
443 19
444 19
445 19
446 19
447 19
448 19
449 19
450 19
451 19 20
452 20
453 20
454 20
455 20
456 20
457 20
458 20
459 21
460 21
461 21
462 21
463 21
464 21
465 0
466 0
467 0
468 0
469 0
470 0
471 0
472 22
473 22
474 22
475 22
476 22
477 22
478 22
479 0
480 23
481 23
482 23
483 23
484 23
485 0
486 0
487 0
488 0
489 0
490 0
491 0
492 0
493 0
494 0
495 0
496 0
497 0
498 0
499 0
500 0
501 0
502 0
503 0
504 0
505 0
506 0
507 0
508 0
509 0
510 0
511 0
512 0
513 0
514 0
515 0
516 0
517 0
518 0
519 0
520 0
521 0
522 0
523 0
524 0
525 0
526 0
527 0
528 0
529 0
530 0
531 0
532 0
533 0
534 0
535 0
536 0
537 0
538 0
539 24
540 24
541 24
542 24
543 24
544 0
545 0
546 0
547 0
548 0
549 0
550 0
551 0
552 0
553 0
554 0
555 0
556 0
557 0
558 0
559 0
560 0
561 0
562 0
563 0
564 0
565 0
566 0
567 0
568 0
569 0
570 0
571 0
572 0
573 0
574 0
575 0
576 0
577 0
578 0
579 0
580 0
581 0
582 0
583 0
584 0
585 0
586 0
587 0
588 0
589 25
590 25
591 25
592 25
593 26
594 26
595 26
596 26
597 27
598 27
599 27
600 27 28
601 28
602 28
603 28
604 0
605 0
606 0
607 0
608 0
609 0
610 0
611 0
612 0
613 0
614 0
615 0
616 0
617 0
618 0
619 0
620 0
621 0
622 0
623 29
624 29
625 29
626 29
627 29
628 29
629 29
630 29
631 29
632 30
633 30
634 30
635 30
636 30
637 30
638 31
639 31
640 31
641 31
642 32
643 32
644 32
645 32
646 32
647 32
648 32
649 32
650 32
651 32
652 32
653 32
654 33
655 33
656 33
657 33
658 33
659 33
660 33
661 33
662 33 34
663 34
664 34
665 34
666 0
667 0
668 0
669 0
670 0
671 0
672 0
673 35
674 35
675 35
676 35
677 35 36
678 36
679 36
680 36
681 36
682 36
683 36
684 37
685 37
686 37
687 37
688 37
689 0
690 0
691 0
692 0
693 0
694 38
695 38
696 38
697 38
698 38
699 38
700 0
701 0
702 0
703 0
704 0
705 0
706 39
707 39
708 39
709 39
710 39
711 0
712 0
713 0
714 0
715 0
716 0
717 0
718 0
719 0
720 0
721 0
722 0
723 0
724 0
725 0
726 0
727 0
728 0
729 0
730 0
731 0
732 0
733 0
734 0
735 0
736 0
737 0
738 0
739 0
740 0
741 0
742 0
743 0
744 0
745 0
746 0
747 0
748 0
749 0
750 0
751 0
752 0
753 0
754 0
755 0
756 0
757 0
758 0
759 0
760 0
761 0
762 0
763 0
764 0
765 0
766 0
767 0
768 0
769 0
770 0
771 0
772 0
773 0
774 0
775 0
776 0
777 0
778 0
779 0
780 0
781 0
782 0
783 0
784 0
785 0
786 0
787 0
788 40
789 40
790 40
791 40
792 40
793 40
794 40
795 40
796 40
797 40
798 40
799 40
800 40
801 40
802 40
803 40
804 40
805 40
806 40
807 40
808 40
809 40
810 0
811 0
812 0
813 0
814 0
815 0
816 0
817 0
818 0
819 0
820 0
821 0
822 0
823 0
824 0
825 0
826 0
827 0
828 0
829 0
830 0
831 0
832 0
833 0
834 0
835 0
836 0
837 0
838 0
839 0
840 0
841 0
842 0
843 0
844 0
845 0
846 0
847 0
848 0
849 0
850 0
851 0
852 0
853 0
854 0
855 0
856 0
857 0
858 0
859 0
860 0
861 0
862 0
863 0
864 0
865 0
866 41
867 41
868 41
869 41
870 41
871 41
872 41
873 0
874 0
875 0
876 0
877 0
878 0
879 0
880 0
881 0
882 0
883 0
884 0
885 0
886 42
887 42
888 42
889 42 43
890 43
891 43
892 43
893 43
894 43
895 43
896 43
897 43
898 44
899 44
900 44
901 44
902 44
903 44
904 44
905 44
906 44
907 44
908 44
909 44
910 44
911 44
912 44
913 44
914 44
915 44
916 45
917 45
918 45
919 45
920 45
921 45
922 0
923 0
924 0
925 0
926 0
927 46
928 46
929 46
930 46
931 46
932 46
933 0
934 0
935 0
936 0
937 0
938 0
939 0
940 0
941 0
942 0
943 0
944 0
945 0
946 0
947 0
948 0
949 0
950 0
951 0
952 0
953 0
954 0
955 0
956 0
957 0
958 0
959 0
960 0
961 0
962 0
963 0
964 0
965 0
966 0
967 0
968 0
969 0
970 0
971 0
972 0
973 0
974 0
975 0
976 0
977 0
978 0
979 0
980 47
981 47
982 47
983 0
984 0
985 0
986 0
987 0
988 0
989 0
990 48
991 48
992 48
993 48
994 48
995 48
996 48 49
997 49
998 49
999 49
1000 49
1001 49
1002 49
1003 49
1004 49
1005 0
1006 50
1007 50
1008 50
1009 50
1010 50
1011 50
1012 51
1013 51
1014 51
1015 51
1016 0
1017 0
1018 0
1019 0
1020 0
1021 0
1022 52
1023 52
1024 52
1025 52
1026 52
1027 52
1028 52
1029 0
1030 0
1031 0
1032 0
1033 53
1034 53
1035 53
1036 53
1037 53
1038 0
1039 0
1040 0
1041 54
1042 54
1043 54
1044 54
1045 0
1046 0
1047 0
1048 0
1049 0
1050 0
1051 0
1052 0
1053 0
1054 0
1055 0
1056 0
1057 0
1058 55
1059 55
1060 55
1061 55
1062 55 56
1063 56
1064 56
1065 56
1066 56
1067 56
1068 56
1069 56
1070 56
1071 56
1072 56
1073 56
1074 56
1075 0
1076 0
1077 0
1078 0
1079 57
1080 57
1081 57
1082 57
1083 58
1084 58
1085 58
1086 58
1087 58
1088 0
1089 0
1090 0
1091 59
1092 59
1093 59
1094 59
1095 59
1096 59
1097 59
1098 59
1099 59
1100 59
1101 59
1102 59
1103 59
1104 59
1105 59
1106 59
1107 0
1108 0
1109 0
1110 0
1111 0
1112 0
1113 0
1114 0
1115 0
1116 0
1117 0
1118 0
1119 0
1120 0
1121 0
1122 0
1123 0
1124 0
1125 0
1126 0
1127 0
1128 0
1129 0
1130 0
1131 0
1132 0
1133 0
1134 0
1135 0
1136 0
1137 0
1138 0
1139 60
1140 60
1141 60
1142 60
1143 60
1144 0
1145 0
1146 61
1147 61
1148 61
1149 61
1150 61
1151 61
1152 61
1153 61
1154 61
1155 61
1156 61
1157 61
1158 61
1159 61
1160 61
1161 0
1162 0
1163 0
1164 0
1165 0
1166 0
1167 0
1168 0
1169 0
1170 0
1171 0
1172 0
1173 0
1174 0
1175 0
1176 62
1177 62
1178 62
1179 62
1180 62
1181 62
1182 0
1183 63
1184 63
1185 63
1186 63
1187 63
1188 0
1189 64
1190 64
1191 64
1192 64
1193 64
1194 65
1195 65
1196 65
1197 65
1198 65
1199 0
1200 0
1201 0
1202 0
1203 0
1204 0
1205 0
1206 0
1207 0
1208 0
1209 0
1210 0
1211 0
1212 0
1213 0
1214 0
1215 66
1216 66
1217 66
1218 66
1219 66
1220 67
1221 67
1222 67
1223 67
1224 67
1225 67
1226 67
1227 67
1228 67
1229 67
1230 67
1231 67
1232 67
1233 0
1234 0
1235 68
1236 68
1237 68
1238 68
1239 68
1240 68
1241 68
1242 68
1243 68
1244 69
1245 69
1246 69
1247 69
1248 69
1249 69
1250 0
1251 0
1252 70
1253 70
1254 70
1255 71
1256 71
1257 71
1258 71
1259 71
1260 71
1261 72
1262 72
1263 72
1264 72
1265 72
1266 72
1267 72
1268 72
1269 72
1270 72
1271 72
1272 72
1273 72
1274 72
1275 72
1276 72
1277 72
1278 72
1279 72
1280 72
1281 72
1282 72
1283 72
1284 72
1285 72
1286 72
1287 72
1288 72
1289 72
1290 72
1291 72
1292 72
1293 72
1294 72
1295 72
1296 72
1297 0
1298 0
1299 0
1300 0
1301 0
1302 0
1303 0
1304 0
1305 0
1306 0
1307 0
1308 0
1309 0
1310 73
1311 73
1312 73
1313 73
1314 73
1315 0
1316 0
1317 0
1318 0
1319 0
1320 0
1321 0
1322 0
1323 0
1324 0
1325 0
1326 0
1327 0
1328 0
1329 0
1330 0
1331 0
1332 0
1333 0
1334 0
1335 0
1336 0
1337 0
1338 0
1339 74
1340 74
1341 74
1342 74
1343 74
1344 74
1345 74
1346 74
1347 74
1348 74
1349 74
1350 74
1351 74
1352 74
1353 74
1354 0
1355 0
1356 75
1357 75
1358 75
1359 75
1360 75
1361 75
1362 75
1363 75
1364 75
1365 75
1366 75
1367 75
1368 75
1369 75
1370 75
1371 75
1372 75
1373 75
1374 75
1375 0
1376 0
1377 0
1378 0
1379 76
1380 76
1381 76
1382 76
1383 76
1384 76
1385 76
1386 76
1387 76
1388 76
1389 77
1390 77
1391 77
1392 77
1393 77
1394 77
1395 77
1396 77
1397 77
1398 78
1399 78
1400 78
1401 78
1402 78
1403 78
1404 78
1405 78 79
1406 79
1407 79
1408 79
1409 79
1410 79
1411 79
1412 79
1413 79
1414 0
1415 0
1416 0
1417 0
1418 0
1419 80
1420 80
1421 80
1422 80
1423 80
1424 0
1425 0
1426 0
1427 0
1428 0
1429 0
1430 0
1431 0
1432 0
1433 0
1434 81
1435 81
1436 81
1437 81
1438 81
1439 81
1440 81
1441 81
1442 81
1443 81
1444 81
1445 81
1446 81
1447 81
1448 81
1449 81
1450 81
1451 81
1452 81 82
1453 82
1454 82
1455 82
1456 82
1457 82
1458 82
1459 0
1460 0
1461 0
1462 0
1463 0
1464 0
1465 0
1466 0
1467 0
1468 0
1469 0
1470 0
1471 0
1472 0
1473 0
1474 0
1475 0
1476 0
1477 0
1478 0
1479 0
1480 0
1481 0
1482 0
1483 0
1484 83
1485 83
1486 83
1487 83
1488 83
1489 84
1490 84
1491 84
1492 84
1493 84
1494 84
1495 0
1496 85
1497 85
1498 85
1499 85
1500 85 86
1501 86
1502 86
1503 86
1504 87
1505 87
1506 87
1507 87
1508 87
1509 87
1510 0
1511 88
1512 88
1513 88
1514 88
1515 88
1516 88
1517 88
1518 88
1519 88
1520 88
1521 88
1522 89
1523 89
1524 89
1525 89
1526 90
1527 90
1528 90
1529 90
1530 90 91
1531 91
1532 91
1533 91
1534 91
1535 91
1536 91
1537 91
1538 91
1539 91
1540 91
1541 91
1542 91
1543 91
1544 91
1545 91
1546 91
1547 92
1548 92
1549 92
1550 92
1551 0
1552 0
1553 93
1554 93
1555 93
1556 93
1557 94
1558 94
1559 94
1560 94
1561 95
1562 95
1563 95
1564 0
1565 0
1566 0
1567 0
1568 96
1569 96
1570 96
1571 96
1572 96
1573 96
1574 96
1575 96
1576 96
1577 97
1578 97
1579 97
1580 97
1581 97
1582 97
1583 97
1584 97
1585 97 98
1586 98
1587 98
1588 98
1589 0
1590 0
1591 99
1592 99
1593 99
1594 99
1595 99
1596 0
1597 100
1598 100
1599 100
1600 100
1601 100
1602 100
1603 100
1604 100
1605 101
1606 101
1607 101
1608 101
1609 101
1610 101
1611 101
1612 101
1613 101
1614 101
1615 102
1616 102
1617 102
1618 102
1619 102
1620 102
1621 102
1622 102
1623 102
1624 102
1625 102
1626 102
1627 102
1628 102
1629 102
1630 0
1631 0
1632 0
1633 0
1634 0
1635 0
1636 103
1637 103
1638 103
1639 103
1640 103
1641 103
1642 103
1643 103
1644 103
1645 103
1646 103
1647 103
1648 103
1649 103
1650 103
1651 103
1652 104
1653 104
1654 104
1655 104
1656 0
1657 0
1658 0
1659 0
1660 0
1661 0
1662 0
1663 105
1664 105
1665 105
1666 105
1667 105
1668 105
1669 105
1670 105
1671 105
1672 105 106
1673 106
1674 106
1675 106
1676 106
1677 0
1678 0
1679 0
1680 0
1681 0
1682 107
1683 107
1684 107
1685 107
1686 0
1687 108
1688 108
1689 108
1690 108
1691 108
1692 108
1693 108
1694 0
1695 109
1696 109
1697 109
1698 109
1699 109
1700 109
1701 109
1702 109
1703 109
1704 109 110
1705 110
1706 110
1707 110
1708 110
1709 110
1710 110
1711 110
1712 110
1713 110
1714 110
1715 110
1716 110
1717 110
1718 0
1719 0
1720 0
1721 111
1722 111
1723 111
1724 111
1725 111
1726 111
1727 112
1728 112
1729 112
1730 112
1731 113
1732 113
1733 113
1734 113
1735 113
1736 113
1737 113
1738 0
1739 0
1740 0
1741 114
1742 114
1743 114
1744 114
1745 114
1746 0
1747 0
1748 0
1749 115
1750 115
1751 115
1752 115
1753 116
1754 116
1755 116
1756 116
1757 116
1758 116
1759 116
1760 116
1761 116
1762 0
1763 0
1764 0
1765 0
1766 0
1767 0
1768 0
1769 0
1770 0
1771 0
1772 0
1773 0
1774 117
1775 117
1776 117
1777 117
1778 117
1779 117 118
1780 118
1781 118
1782 118
1783 118
1784 118
1785 118
1786 118
1787 0
1788 0
1789 119
1790 119
1791 119
1792 119
1793 0
1794 0
1795 0
1796 0
1797 120
1798 120
1799 120
1800 120
1801 120
1802 0
1803 0
1804 121
1805 121
1806 121
1807 121
1808 121
1809 121
1810 121
1811 0
1812 0
1813 0
1814 0
1815 0
1816 0
1817 0
1818 0
1819 0
1820 0
1821 0
1822 0
1823 0
1824 0
1825 0
1826 0
1827 0
1828 0
1829 0
1830 0
1831 0
1832 0
1833 0
1834 0
1835 0
1836 0
1837 0
1838 0
1839 0
1840 0
1841 0
1842 0
1843 0
1844 0
1845 0
1846 0
1847 0
1848 0
1849 0
1850 0
1851 0
1852 0
1853 0
1854 0
1855 0
1856 0
1857 0
1858 0
1859 0
1860 0
1861 0
1862 0
1863 0
1864 0
1865 0
1866 0
1867 0
1868 0
1869 122
1870 122
1871 122
1872 122
1873 122
1874 122
1875 122
1876 0
1877 123
1878 123
1879 123
1880 123 124
1881 124
1882 124
1883 124
1884 125
1885 125
1886 125
1887 125
1888 125
1889 0
1890 0
1891 0
1892 126
1893 126
1894 126
1895 126
1896 126
1897 126
1898 127
1899 127
1900 127
1901 127
1902 127
1903 127
1904 0
1905 128
1906 128
1907 128
1908 128
1909 128
1910 128
1911 128
1912 0
1913 129
1914 129
1915 129
1916 129
1917 129
1918 129
1919 129
1920 129
1921 129
1922 129
1923 129
1924 129
1925 129
1926 129
1927 129
1928 129
1929 129
1930 129
1931 129
1932 129
1933 129
1934 0
1935 0
1936 0
1937 0
1938 0
1939 0
1940 0
1941 0
1942 0
1943 0
1944 0
1945 0
1946 0
1947 130
1948 130
1949 130
1950 130
1951 130
1952 130
1953 131
1954 131
1955 131
1956 131
1957 131
1958 131
1959 131
1960 131
1961 131
1962 0
1963 132
1964 132
1965 132
1966 132
1967 132
1968 132
1969 132
1970 132
1971 132
1972 132
1973 132
1974 132
1975 0
1976 0
1977 0
1978 133
1979 133
1980 133
1981 133
1982 133
1983 133
1984 133
1985 0
1986 0
1987 0
1988 0
1989 0
1990 0
1991 0
1992 0
1993 0
1994 0
1995 0
1996 0
1997 0
1998 0
1999 0
2000 0
2001 134
2002 134
2003 134
2004 134
2005 135
2006 135
2007 135
2008 135
2009 135
2010 135
2011 135
2012 135
2013 0
2014 0
2015 0
2016 0
2017 0
2018 0
2019 0
2020 0
2021 0
2022 0
2023 0
2024 136
2025 136
2026 136
2027 136
2028 0
2029 0
2030 0
2031 0
2032 0
2033 137
2034 137
2035 137
2036 137
2037 137
2038 0
2039 0
2040 0
2041 0
2042 0
2043 138
2044 138
2045 138
2046 138
2047 138 139
2048 139
2049 139
2050 139
2051 139
2052 139 140
2053 140
2054 140
2055 140
2056 140
2057 140
2058 140
2059 0
2060 141
2061 141
2062 141
2063 141
2064 141
2065 0
2066 0
2067 0
2068 0
2069 0
2070 0
2071 0
2072 0
2073 142
2074 142
2075 142
2076 142
2077 143
2078 143
2079 143
2080 143
2081 143
2082 143
2083 0
2084 144
2085 144
2086 144
2087 144
2088 0
2089 145
2090 145
2091 145
2092 145
2093 145
2094 145
2095 145
2096 145
2097 145
2098 145
2099 145
2100 145
2101 145
2102 145
2103 0
2104 146
2105 146
2106 146
2107 146
2108 146
2109 146
2110 146
2111 0
2112 0
2113 0
2114 0
2115 0
2116 0
2117 0
2118 0
2119 0
2120 0
2121 0
2122 0
2123 0
2124 0
2125 0
2126 147
2127 147
2128 147
2129 147
2130 147
2131 147
2132 147
2133 147
2134 147 148
2135 148
2136 148
2137 148
2138 148 149
2139 149
2140 149
2141 149
2142 149
2143 149
2144 149
2145 149
2146 149
2147 149
2148 150
2149 150
2150 150
2151 150
2152 150
2153 150
2154 150
2155 150
2156 150
2157 150
2158 150
2159 150
2160 150
2161 150
2162 150
2163 150
2164 150
2165 150
2166 150
2167 151
2168 151
2169 151
2170 151
2171 151
2172 151
2173 151
2174 151
2175 151
2176 151
2177 151
2178 151
2179 151
2180 151
2181 151
2182 151
2183 152
2184 152
2185 152
2186 152
2187 152
2188 152
2189 152
2190 152
2191 153
2192 153
2193 153
2194 153
2195 153
2196 153
2197 153
2198 153
2199 153
2200 153
2201 153
2202 153
2203 153
2204 0
2205 154
2206 154
2207 154
2208 154
2209 0
2210 0
2211 0
2212 0
2213 0
2214 0
2215 0
2216 0
2217 0
2218 0
2219 0
2220 0
2221 0
2222 0
2223 0
2224 0
2225 0
2226 0
2227 0
2228 0
2229 0
2230 0
2231 0
2232 0
2233 0
2234 0
2235 0
2236 0
2237 0
2238 0
2239 0
2240 0
2241 0
2242 0
2243 0
2244 0
2245 0
2246 0
2247 0
2248 0
2249 0
2250 0
2251 0
2252 0
2253 0
2254 0
2255 155
2256 155
2257 155
2258 155
2259 155
2260 155
2261 155
2262 155
2263 155
2264 155
2265 155
2266 155
2267 155
2268 155
2269 155
2270 155
2271 155 156
2272 156
2273 156
2274 156
2275 157
2276 157
2277 157
2278 157
2279 157
2280 0
2281 0
2282 0
2283 0
2284 0
2285 0
2286 0
2287 0
2288 0
2289 0
2290 0
2291 158
2292 158
2293 158
2294 158
2295 158
2296 158
2297 158
2298 158
2299 0
2300 0
2301 0
2302 0
2303 0
2304 0
2305 0
2306 0
2307 159
2308 159
2309 159
2310 159
2311 159
2312 159
2313 159
2314 159
2315 159
2316 159
2317 159
2318 159
2319 160
2320 160
2321 160
2322 160
2323 160
2324 160
2325 160
2326 160
2327 160
2328 160
2329 160
2330 160
2331 160
2332 160
2333 160
2334 160
2335 161
2336 161
2337 161
2338 161
2339 161
2340 161
2341 161
2342 161
2343 161
2344 161
2345 161
2346 161
2347 161
2348 161
2349 161
2350 161
2351 161
2352 161
2353 161
2354 161
2355 162
2356 162
2357 162
2358 162
2359 162
2360 163
2361 163
2362 163
2363 163 164
2364 164
2365 164
2366 164
2367 0
2368 165
2369 165
2370 165
2371 165
2372 165
2373 165
2374 165
2375 165
2376 165
2377 165
2378 166
2379 166
2380 166
2381 166
2382 166
2383 167
2384 167
2385 167
2386 167
2387 167
2388 168
2389 168
2390 168
2391 168
2392 168
2393 168
2394 168
2395 168
2396 168
2397 0
2398 169
2399 169
2400 169
2401 169
2402 169
2403 169
2404 169
2405 169
2406 0
2407 170
2408 170
2409 170
2410 170
2411 170
2412 170
2413 170
2414 170
2415 0
2416 0
2417 0
2418 0
2419 0
2420 0
2421 0
2422 0
2423 0
2424 0
2425 0
2426 0
2427 171
2428 171
2429 171
2430 171
2431 0
2432 0
2433 0
2434 0
2435 0
2436 0
2437 0
2438 0
2439 0
