1 0
2 0
3 0
4 0
5 0
6 0
7 0
8 0
9 0
10 0
11 0
12 0
13 0
14 0
15 0
16 0
17 0
18 0
19 0
20 0
21 0
22 0
23 0
24 0
25 0
26 0
27 0
28 0
29 0
30 0
31 0
32 0
33 0
34 0
35 0
36 0
37 0
38 0
39 0
40 0
41 0
42 0
43 0
44 0
45 0
46 0
47 0
48 0
49 0
50 0
51 0
52 0
53 0
54 0
55 0
56 0
57 0
58 0
59 0
60 0
61 0
62 0
63 0
64 0
65 0
66 0
67 0
68 0
69 0
70 0
71 0
72 0
73 0
74 0
75 0
76 0
77 0
78 0
79 0
80 0
81 0
82 0
83 0
84 0
85 0
86 0
87 0
88 0
89 0
90 0
91 0
92 0
93 0
94 0
95 0
96 0
97 0
98 0
99 0
100 0
101 0
102 0
103 1
104 1
105 1
106 1
107 1
108 1
109 1
110 1
111 1
112 1
113 1
114 1
115 1
116 1
117 1
118 1
119 0
120 0
121 0
122 0
123 0
124 0
125 0
126 0
127 0
128 0
129 0
130 0
131 0
132 0
133 0
134 0
135 0
136 0
137 0
138 0
139 0
140 0
141 0
142 0
143 0
144 0
145 0
146 0
147 0
148 0
149 2
150 2
151 2
152 2
153 2
154 2
155 2
156 2
157 2
158 2
159 2
160 2
161 2
162 3
163 3
164 3
165 3
166 3
167 0
168 4
169 4
170 4
171 4
172 4
173 0
174 0
175 0
176 0
177 0
178 0
179 0
180 0
181 0
182 0
183 0
184 0
185 0
186 0
187 0
188 0
189 0
190 0
191 0
192 0
193 0
194 0
195 0
196 0
197 0
198 0
199 0
200 0
201 0
202 0
203 0
204 0
205 0
206 0
207 0
208 0
209 0
210 0
211 5
212 5
213 5
214 5
215 5
216 5
217 5
218 0
219 0
220 6
221 6
222 6
223 6
224 6
225 6
226 6
227 6
228 0
229 0
230 0
231 7
232 7
233 7
234 7
235 7
236 7
237 7
238 7
239 7
240 7
241 7
242 7
243 8
244 8
245 8
246 8
247 9
248 9
249 9
250 9
251 9
252 9
253 9
254 9
255 9
256 0
257 0
258 0
259 10
260 10
261 10
262 10
263 10
264 10
265 10
266 10
267 10
268 10
269 10
270 10
271 10
272 10
273 10
274 10
275 0
276 0
277 0
278 0
279 0
280 0
281 0
282 0
283 0
284 0
285 0
286 0
287 0
288 0
289 0
290 0
291 0
292 0
293 0
294 0
295 0
296 0
297 0
298 0
299 0
300 0
301 0
302 0
303 0
304 0
305 0
306 0
307 0
308 0
309 0
310 0
311 0
312 0
313 0
314 0
315 0
316 0
317 0
318 0
319 0
320 0
321 0
322 0
323 0
324 0
325 0
326 0
327 0
328 0
329 0
330 0
331 0
332 0
333 0
334 0
335 0
336 0
337 0
338 0
339 0
340 0
341 0
342 0
343 0
344 0
345 0
346 0
347 0
348 0
349 0
350 0
351 0
352 0
353 0
354 0
355 0
356 0
357 0
358 0
359 0
360 0
361 0
362 0
363 0
364 0
365 0
366 0
367 0
368 0
369 0
370 0
371 0
372 0
373 0
374 0
375 0
376 0
377 0
378 0
379 0
380 0
381 0
382 0
383 0
384 0
385 0
386 0
387 0
388 0
389 0
390 0
391 0
392 0
393 0
394 0
395 0
396 0
397 0
398 0
399 0
400 0
401 0
402 0
403 0
404 0
405 0
406 0
407 0
408 0
409 0
410 0
411 0
412 0
413 0
414 0
415 0
416 0
417 0
418 0
419 0
420 0
421 0
422 0
423 0
424 0
425 0
426 0
427 0
428 0
429 0
430 0
431 0
432 0
433 0
434 0
435 0
436 0
437 0
438 0
439 0
440 0
441 0
442 0
443 0
444 0
445 0
446 0
447 0
448 0
449 0
450 0
451 0
452 0
453 0
454 0
455 0
456 0
457 0
458 0
459 0
460 0
461 0
462 0
463 0
464 0
465 0
466 0
467 0
468 0
469 0
470 0
471 0
472 0
473 0
474 0
475 0
476 0
477 0
478 0
479 0
480 0
481 0
482 0
483 0
484 0
485 0
486 0
487 0
488 0
489 0
490 0
491 0
492 0
493 0
494 0
495 0
496 0
497 0
498 0
499 0
500 0
501 0
502 0
503 0
504 11
505 11
506 11
507 11
508 11 12
509 12
510 12
511 12
512 12
513 12
514 12
515 13
516 13
517 13
518 13
519 0
520 0
521 0
522 0
523 0
524 0
525 0
526 0
527 0
528 0
529 0
530 0
531 0
532 0
533 0
534 0
535 0
536 0
537 0
538 0
539 0
540 0
541 0
542 0
543 0
544 0
545 14
546 14
547 14
548 14
549 14
550 14
551 14
552 15
553 15
554 15
555 15
556 15
557 15 16
558 16
559 16
560 16
561 16
562 16
563 16
564 0
565 0
566 0
567 0
568 0
569 0
570 0
571 0
572 0
573 0
574 0
575 0
576 0
577 0
578 0
579 0
580 0
581 0
582 0
583 0
584 0
585 0
586 0
587 0
588 0
589 0
590 0
591 0
592 0
593 0
594 0
595 0
596 0
597 0
598 0
599 0
600 0
601 0
602 0
603 0
604 0
605 0
606 0
607 0
608 0
609 0
610 17
611 17
612 17
613 17
614 17
615 17
616 17
617 17
618 17
619 17
620 17
621 17
622 17
623 17
624 17
625 17
626 17
627 17
628 17
629 17
630 17
631 17
632 0
633 0
634 0
635 0
636 0
637 0
638 0
639 18
640 18
641 18
642 18
643 18
644 19
645 19
646 19
647 19
648 19
649 0
650 0
651 0
652 0
653 0
654 0
655 0
656 0
657 0
658 0
659 0
660 0
661 0
662 0
663 0
664 0
665 0
666 20
667 20
668 20
669 20
670 20
671 0
672 0
673 0
674 0
675 0
676 0
677 0
678 0
679 21
680 21
681 21
682 21
683 21
684 22
685 22
686 22
687 22
688 22
689 0
690 23
691 23
692 23
693 23
694 23
695 23
696 23
697 23
698 24
699 24
700 24
701 24
702 24
703 24
704 24
705 24
706 24
707 0
708 0
709 0
710 0
711 0
712 0
713 0
714 0
715 0
716 0
717 0
718 25
719 25
720 25
721 25
722 25 26
723 26
724 26
725 26
726 26
727 26
728 26
729 26
730 26
731 26
732 26
733 26
734 27
735 27
736 27
737 27
738 27
739 27
740 0
741 28
742 28
743 28
744 28
745 28
746 28
747 0
748 29
749 29
750 29
751 29
752 29
753 29
754 29
755 29
756 29
757 29
758 29 30
759 30
760 30
761 30
762 30
763 30
764 30
765 31
766 31
767 31
768 31
769 31 32
770 32
771 32
772 32
773 0
774 0
775 0
776 0
777 0
778 0
779 0
780 0
781 0
782 0
783 0
784 0
785 0
786 0
787 0
788 0
789 0
790 0
791 0
792 0
793 0
794 0
795 0
796 0
797 0
798 0
799 0
800 0
801 0
802 0
803 0
804 0
805 0
806 0
807 0
808 0
809 0
810 0
811 0
812 0
813 0
814 0
815 0
816 0
817 0
818 0
819 0
820 0
821 0
822 0
823 0
824 0
825 0
826 0
827 33
828 33
829 33
830 33
831 33
832 0
833 34
834 34
835 34
836 34
837 34
838 0
839 0
840 0
841 0
842 0
843 0
844 0
845 0
846 0
847 0
848 0
849 0
850 0
851 0
852 0
853 0
854 0
855 0
856 0
857 0
858 0
859 0
860 0
861 0
862 0
863 0
864 0
865 0
866 0
867 0
868 0
869 0
870 0
871 0
872 0
873 0
874 0
875 0
876 0
877 0
878 0
879 0
880 0
881 0
882 0
883 0
884 0
885 0
886 0
887 0
888 0
889 0
890 0
891 0
892 0
893 0
894 0
895 0
896 0
897 0
898 0
899 0
900 0
901 0
902 0
903 0
904 0
905 0
906 0
907 0
908 0
909 0
910 0
911 0
912 0
913 0
914 0
915 0
916 0
917 0
918 0
919 0
920 0
921 0
922 0
923 0
924 0
925 0
926 0
927 0
928 0
929 0
930 0
931 0
932 0
933 0
934 0
935 0
936 0
937 0
938 0
939 0
940 0
941 0
942 0
943 0
944 0
945 0
946 0
947 0
948 0
949 0
950 0
951 0
952 0
953 0
954 0
955 0
956 0
957 0
958 0
959 0
960 0
961 0
962 0
963 0
964 0
965 0
966 0
967 0
968 0
969 0
970 0
971 0
972 0
973 0
974 0
975 0
976 0
977 0
978 0
979 0
980 0
981 0
982 0
983 0
984 0
985 0
986 0
987 0
988 0
989 0
990 0
991 0
992 0
993 0
994 0
995 0
996 0
997 0
998 0
999 0
1000 0
1001 0
1002 0
1003 0
1004 0
1005 0
1006 0
1007 0
1008 0
1009 0
1010 0
1011 0
1012 0
1013 0
1014 0
1015 0
1016 0
1017 0
1018 0
1019 0
1020 0
1021 0
1022 0
1023 0
1024 0
1025 0
1026 0
1027 0
1028 0
1029 0
1030 0
1031 35
1032 35
1033 35
1034 35
1035 35
1036 0
1037 0
1038 0
1039 0
1040 0
1041 0
1042 0
1043 0
1044 0
1045 0
1046 0
1047 0
1048 0
1049 0
1050 0
1051 36
1052 36
1053 36
1054 36
1055 36
1056 0
1057 0
1058 0
1059 0
1060 37
1061 37
1062 37
1063 37
1064 37
1065 38
1066 38
1067 38
1068 38
1069 38
1070 38
1071 38
1072 0
1073 0
1074 0
1075 0
1076 0
1077 0
1078 0
1079 0
1080 0
1081 0
1082 0
1083 0
1084 0
1085 0
1086 0
1087 0
1088 0
1089 0
1090 0
1091 0
1092 0
1093 39
1094 39
1095 39
1096 39
1097 39
1098 0
1099 40
1100 40
1101 40
1102 40
1103 40 41
1104 41
1105 41
1106 41
1107 41
1108 41
1109 0
1110 42
1111 42
1112 42
1113 42
1114 42
1115 42
1116 0
1117 0
1118 0
1119 0
1120 0
1121 0
1122 0
1123 0
1124 0
1125 0
1126 0
1127 0
1128 0
1129 0
1130 0
1131 0
1132 0
1133 0
1134 0
1135 0
1136 0
1137 0
1138 0
1139 0
1140 0
1141 0
1142 0
1143 0
1144 0
1145 0
1146 0
1147 0
1148 0
1149 43
1150 43
1151 43
1152 43
1153 43
1154 43
1155 43
1156 43
1157 43
1158 43
1159 0
1160 44
1161 44
1162 44
1163 44
1164 44
1165 44
1166 0
1167 0
1168 0
1169 45
1170 45
1171 45
1172 45
1173 45
1174 45
1175 45
1176 46
1177 46
1178 46
1179 46
1180 46
1181 46
1182 46
1183 46
1184 0
1185 47
1186 47
1187 47
1188 47
1189 47
1190 47
1191 47
1192 47
1193 47
1194 47
1195 48
1196 48
1197 48
1198 48
1199 48
1200 48
1201 48
1202 48
1203 48
1204 48
1205 48
1206 48
1207 48
1208 48
1209 48
1210 48
1211 48
1212 48
1213 48
1214 48
1215 48
1216 0
1217 0
1218 0
1219 0
1220 0
1221 0
1222 0
1223 0
1224 0
1225 0
1226 0
1227 0
1228 0
1229 0
1230 0
1231 0
1232 0
1233 0
1234 0
1235 0
1236 0
1237 49
1238 49
1239 49
1240 49
1241 0
1242 50
1243 50
1244 50
1245 50
1246 50
1247 50
1248 0
1249 0
1250 0
1251 0
1252 0
1253 0
1254 51
1255 51
1256 51
1257 51
1258 0
1259 52
1260 52
1261 52
1262 52
1263 52
1264 52
1265 52
1266 52
1267 52
1268 52
1269 52
1270 52
1271 52
1272 52
1273 0
1274 0
1275 0
1276 53
1277 53
1278 53
1279 53
1280 54
1281 54
1282 54
1283 54
1284 54
1285 0
1286 0
1287 0
1288 0
1289 0
1290 0
1291 0
1292 0
1293 0
1294 0
1295 0
1296 0
1297 0
1298 0
1299 0
1300 0
1301 0
1302 0
1303 0
1304 0
1305 0
1306 0
1307 0
1308 0
1309 0
1310 0
1311 0
1312 0
1313 0
1314 0
1315 0
1316 0
1317 0
1318 0
1319 0
1320 0
1321 0
1322 0
1323 55
1324 55
1325 55
1326 55
1327 55
1328 0
1329 0
1330 0
1331 56
1332 56
1333 56
1334 56
1335 56 57
1336 57
1337 57
1338 57
1339 57
1340 0
1341 58
1342 58
1343 58
1344 58
1345 58
1346 58
1347 0
1348 0
1349 0
1350 0
1351 0
1352 0
1353 0
1354 0
1355 0
1356 0
1357 0
1358 0
1359 0
1360 0
1361 0
1362 0
1363 0
1364 0
1365 0
1366 0
1367 0
1368 0
1369 0
1370 0
1371 0
1372 0
1373 0
1374 0
1375 0
1376 0
1377 0
1378 0
1379 0
1380 0
1381 0
1382 0
1383 0
1384 0
1385 0
1386 0
1387 0
1388 0
1389 0
1390 0
1391 0
1392 0
1393 0
1394 0
1395 0
1396 0
1397 0
1398 0
1399 0
1400 0
1401 0
1402 0
1403 0
1404 0
1405 0
1406 0
1407 0
1408 0
1409 0
1410 0
1411 0
1412 0
1413 0
1414 0
1415 0
1416 0
1417 0
1418 0
1419 0
1420 0
1421 0
1422 0
1423 0
1424 0
1425 0
1426 0
1427 0
1428 0
1429 0
1430 0
1431 0
1432 0
1433 0
1434 0
1435 0
1436 0
1437 0
1438 0
1439 0
1440 0
1441 0
1442 0
1443 0
1444 0
1445 0
1446 0
1447 0
1448 0
1449 0
1450 0
1451 0
1452 0
1453 0
1454 0
1455 59
1456 59
1457 59
1458 59 60
1459 60
1460 60
1461 60
1462 61
1463 61
1464 61
1465 61
1466 61
1467 61
1468 61
1469 61
1470 0
1471 0
1472 0
1473 0
1474 62
1475 62
1476 62
1477 62
1478 62
1479 62
1480 62
1481 62
1482 62
1483 62
1484 62
1485 62
1486 62
1487 62
1488 62 63
1489 63
1490 63
1491 63
1492 64
1493 64
1494 64
1495 64
1496 0
1497 0
1498 0
1499 0
1500 0
1501 0
1502 0
1503 0
1504 0
1505 0
1506 0
1507 0
1508 65
1509 65
1510 65
1511 65 66
1512 66
1513 66
1514 66
1515 66
1516 67
1517 67
1518 67
1519 67
1520 67
1521 67
1522 67
1523 67
1524 67
1525 68
1526 68
1527 68
1528 68
1529 0
1530 0
1531 0
1532 69
1533 69
1534 69
1535 69
1536 69
1537 0
1538 0
1539 0
1540 0
1541 0
1542 0
1543 0
1544 0
1545 0
1546 0
1547 0
1548 0
1549 0
1550 0
1551 0
1552 0
1553 0
1554 0
1555 0
1556 0
1557 70
1558 70
1559 70
1560 70
1561 71
1562 71
1563 71
1564 71
1565 71
1566 72
1567 72
1568 72
1569 72
1570 72
1571 72
1572 72
1573 72
1574 72
1575 73
1576 73
1577 73
1578 73
1579 73
1580 0
1581 0
1582 74
1583 74
1584 74
1585 74
1586 74
1587 74
1588 0
1589 0
1590 0
1591 75
1592 75
1593 75
1594 75
1595 75
1596 75
1597 75
1598 75
1599 75
1600 75
1601 75
1602 75
1603 76
1604 76
1605 76
1606 76
1607 76
1608 76
1609 76
1610 76
1611 76
1612 76
1613 76
1614 76
1615 76
1616 76
1617 77
1618 77
1619 77
1620 77
1621 77
1622 77
1623 77
1624 77
1625 0
1626 78
1627 78
1628 78
1629 78
1630 78
1631 79
1632 79
1633 79
1634 79
1635 79
1636 79
1637 0
1638 80
1639 80
1640 80
1641 80
1642 80
1643 0
1644 0
1645 0
1646 0
1647 0
1648 0
1649 0
1650 0
1651 0
1652 0
1653 81
1654 81
1655 81
1656 81
1657 81
1658 81
1659 0
1660 82
1661 82
1662 82
1663 82
1664 82
1665 82
1666 82
1667 82
1668 82
1669 82
1670 83
1671 83
1672 83
1673 83 84
1674 84
1675 84
1676 84
1677 84
1678 84
1679 84
1680 0
1681 85
1682 85
1683 85
1684 85
1685 85
1686 85
1687 85
1688 85
1689 85
1690 85
1691 0
1692 86
1693 86
1694 86
1695 86
1696 86
1697 86
1698 86
1699 86
1700 87
1701 87
1702 87
1703 87
1704 87
1705 87
1706 87
1707 87
1708 87
1709 87
1710 87
1711 87
1712 87
1713 87
1714 87
1715 87
1716 87
1717 87
1718 87
1719 87
1720 87
1721 0
1722 88
1723 88
1724 88
1725 88
1726 0
1727 0
1728 0
1729 0
1730 0
1731 89
1732 89
1733 89
1734 89
1735 89
1736 89
1737 89
1738 89
1739 89
1740 89
1741 89
1742 89
1743 89
1744 89
1745 89
1746 89
1747 89
1748 89
1749 89
1750 89
1751 89
1752 89
1753 89
1754 89
1755 89
1756 89
1757 89
1758 89
1759 89
1760 89
1761 89
1762 89
1763 89
1764 0
1765 0
1766 0
1767 0
1768 0
1769 0
1770 0
1771 0
1772 0
1773 0
1774 0
1775 0
1776 0
1777 0
1778 0
1779 90
1780 90
1781 90
1782 90
1783 90
1784 90
1785 90
1786 0
1787 0
1788 0
1789 0
1790 0
1791 0
1792 0
1793 0
1794 0
1795 0
1796 0
1797 0
1798 0
1799 0
1800 0
1801 0
1802 0
1803 0
1804 0
1805 0
1806 0
1807 0
1808 0
1809 0
1810 0
1811 0
1812 0
1813 0
1814 0
1815 0
1816 0
1817 0
1818 0
1819 0
1820 0
1821 0
1822 0
1823 0
1824 0
1825 0
1826 0
1827 0
1828 0
1829 0
1830 0
1831 0
1832 0
1833 0
1834 0
1835 0
1836 0
1837 0
1838 0
1839 0
1840 0
1841 0
1842 0
1843 0
1844 0
1845 0
1846 0
1847 0
1848 0
1849 0
1850 0
1851 0
1852 0
1853 0
1854 0
1855 0
1856 0
1857 0
1858 0
1859 0
1860 0
1861 0
1862 0
1863 91
1864 91
1865 91
1866 91
1867 91
1868 91
1869 91
1870 91
1871 91
1872 91
1873 91
1874 91
1875 91
1876 91
1877 91
1878 91
1879 91
1880 91
1881 91
1882 91
1883 0
1884 92
1885 92
1886 92
1887 92
1888 92
1889 0
1890 0
1891 93
1892 93
1893 93
1894 93
1895 93
1896 93
1897 93
1898 93
1899 93
1900 93
1901 93
1902 93
1903 93
1904 93
1905 93
1906 93
1907 93
1908 93
1909 93
1910 0
1911 0
1912 94
1913 94
1914 94
1915 94
1916 94
1917 0
1918 0
1919 0
1920 0
1921 0
1922 0
1923 0
1924 0
1925 0
1926 0
1927 95
1928 95
1929 95
1930 95
1931 95
1932 0
1933 0
1934 0
1935 0
1936 96
1937 96
1938 96
1939 96
1940 96
1941 96 97
1942 97
1943 97
1944 97
1945 97
1946 97
1947 97
1948 97
1949 97
1950 0
1951 98
1952 98
1953 98
1954 98
1955 0
1956 0
1957 0
1958 0
1959 0
1960 0
1961 99
1962 99
1963 99
1964 99
1965 99
1966 99
1967 99 100
1968 100
1969 100
1970 100
1971 100
1972 100
1973 100
1974 100 101
1975 101
1976 101
1977 101
1978 101
1979 101
1980 101
1981 101
1982 101
1983 101
1984 0
1985 0
1986 0
1987 102
1988 102
1989 102
1990 102
1991 102
1992 102
1993 102
1994 102
1995 102
1996 102
1997 103
1998 103
1999 103
2000 103
2001 103
2002 103
2003 0
2004 0
2005 0
2006 104
2007 104
2008 104
2009 104
2010 104
2011 104
2012 104 105
2013 105
2014 105
2015 105
2016 105
2017 105
2018 105
2019 105
2020 105
2021 105
2022 0
2023 0
2024 106
2025 106
2026 106
2027 106
2028 0
2029 0
2030 0
2031 0
2032 107
2033 107
2034 107
2035 107
2036 107
2037 107
2038 0
2039 0
2040 108
2041 108
2042 108
2043 108
2044 108
2045 108
2046 108
2047 0
2048 109
2049 109
2050 109
2051 109
2052 110
2053 110
2054 110
2055 110
2056 110
2057 111
2058 111
2059 111
2060 111
2061 111
2062 111
2063 111
2064 111
2065 0
2066 0
2067 0
2068 0
2069 0
2070 0
2071 0
2072 0
2073 0
