1 0
2 0
3 0
4 0
5 0
6 0
7 0
8 0
9 0
10 0
11 0
12 0
13 0
14 0
15 0
16 0
17 0
18 0
19 0
20 0
21 0
22 0
23 0
24 0
25 0
26 0
27 0
28 0
29 0
30 0
31 0
32 0
33 0
34 0
35 0
36 0
37 0
38 0
39 0
40 0
41 0
42 0
43 0
44 0
45 0
46 0
47 0
48 0
49 0
50 0
51 0
52 0
53 0
54 0
55 0
56 0
57 0
58 0
59 0
60 0
61 0
62 0
63 0
64 0
65 0
66 0
67 0
68 0
69 0
70 0
71 0
72 0
73 0
74 0
75 0
76 0
77 0
78 0
79 0
80 0
81 0
82 0
83 0
84 0
85 0
86 0
87 0
88 0
89 0
90 0
91 0
92 0
93 0
94 0
95 1
96 1
97 1
98 1
99 1
100 1
101 1
102 1
103 1
104 1
105 1
106 1
107 1
108 1
109 1
110 1
111 1
112 1
113 1
114 1
115 1
116 1
117 1
118 1
119 1
120 1
121 1
122 1
123 1
124 0
125 0
126 0
127 0
128 0
129 0
130 0
131 0
132 0
133 0
134 0
135 0
136 0
137 0
138 0
139 0
140 0
141 0
142 0
143 0
144 0
145 0
146 0
147 0
148 0
149 0
150 0
151 0
152 0
153 0
154 0
155 0
156 0
157 0
158 0
159 0
160 0
161 0
162 0
163 0
164 0
165 0
166 0
167 0
168 0
169 0
170 0
171 0
172 0
173 0
174 0
175 0
176 0
177 0
178 0
179 0
180 0
181 0
182 2
183 2
184 2
185 2
186 2
187 2
188 0
189 0
190 0
191 0
192 0
193 0
194 0
195 0
196 3
197 3
198 3
199 3
200 0
201 4
202 4
203 4
204 4
205 4
206 0
207 0
208 0
209 0
210 0
211 0
212 0
213 0
214 0
215 0
216 0
217 0
218 0
219 0
220 0
221 0
222 0
223 0
224 0
225 0
226 0
227 0
228 0
229 0
230 0
231 0
232 0
233 0
234 0
235 0
236 0
237 0
238 0
239 0
240 0
241 0
242 0
243 0
244 0
245 0
246 0
247 0
248 0
249 0
250 0
251 0
252 0
253 0
254 0
255 0
256 0
257 0
258 0
259 0
260 0
261 0
262 0
263 0
264 0
265 0
266 0
267 0
268 0
269 0
270 0
271 0
272 0
273 0
274 0
275 0
276 0
277 0
278 0
279 0
280 0
281 0
282 0
283 0
284 0
285 0
286 0
287 0
288 0
289 0
290 0
291 0
292 0
293 0
294 0
295 0
296 0
297 0
298 0
299 0
300 0
301 0
302 0
303 0
304 0
305 0
306 0
307 0
308 0
309 0
310 0
311 0
312 0
313 0
314 0
315 0
316 0
317 0
318 0
319 0
320 0
321 0
322 0
323 0
324 0
325 0
326 0
327 0
328 0
329 0
330 0
331 0
332 0
333 0
334 0
335 0
336 0
337 0
338 0
339 0
340 0
341 0
342 0
343 0
344 0
345 0
346 0
347 0
348 0
349 0
350 0
351 0
352 0
353 0
354 0
355 0
356 0
357 0
358 0
359 0
360 0
361 0
362 0
363 0
364 0
365 0
366 0
367 0
368 0
369 0
370 0
371 0
372 0
373 0
374 0
375 0
376 0
377 0
378 0
379 0
380 0
381 0
382 0
383 0
384 5
385 5
386 5
387 5
388 5
389 5
390 6
391 6
392 6
393 0
394 0
395 0
396 0
397 0
398 0
399 0
400 0
401 0
402 0
403 0
404 0
405 0
406 0
407 0
408 0
409 0
410 0
411 0
412 0
413 0
414 0
415 0
416 0
417 0
418 0
419 0
420 0
421 0
422 0
423 0
424 0
425 0
426 0
427 0
428 0
429 0
430 0
431 0
432 0
433 0
434 0
435 0
436 0
437 7
438 7
439 7
440 7
441 7
442 7
443 0
444 0
445 0
446 0
447 0
448 0
449 0
450 0
451 0
452 0
453 0
454 0
455 0
456 0
457 0
458 0
459 0
460 0
461 0
462 0
463 0
464 0
465 0
466 0
467 0
468 0
469 0
470 0
471 0
472 0
473 0
474 0
475 0
476 0
477 0
478 0
479 0
480 0
481 0
482 0
483 0
484 0
485 0
486 0
487 0
488 0
489 0
490 0
491 0
492 0
493 0
494 0
495 0
496 0
497 0
498 0
499 0
500 0
501 0
502 0
503 0
504 0
505 0
506 0
507 0
508 0
509 0
510 0
511 0
512 0
513 0
514 0
515 0
516 0
517 0
518 0
519 0
520 0
521 0
522 0
523 0
524 0
525 0
526 0
527 0
528 0
529 0
530 0
531 0
532 0
533 0
534 0
535 0
536 0
537 0
538 0
539 0
540 0
541 0
542 0
543 0
544 8
545 8
546 8
547 8
548 8
549 0
550 0
551 0
552 0
553 0
554 0
555 0
556 0
557 0
558 0
559 0
560 0
561 0
562 0
563 0
564 0
565 0
566 0
567 0
568 0
569 0
570 0
571 0
572 0
573 0
574 0
575 0
576 0
577 0
578 0
579 0
580 0
581 0
582 0
583 0
584 0
585 0
586 0
587 0
588 0
589 0
590 0
591 0
592 0
593 0
594 0
595 0
596 0
597 0
598 0
599 0
600 0
601 0
602 0
603 0
604 0
605 0
606 0
607 0
608 0
609 0
610 0
611 0
612 0
613 0
614 0
615 9
616 9
617 9
618 9
619 0
620 0
621 0
622 0
623 0
624 0
625 0
626 0
627 0
628 0
629 0
630 0
631 0
632 0
633 0
634 0
635 0
636 0
637 0
638 0
639 0
640 0
641 0
642 0
643 0
644 0
645 0
646 10
647 10
648 10
649 10 11
650 11
651 11
652 11
653 11
654 0
655 0
656 0
657 12
658 12
659 12
660 12
661 12
662 12
663 12
664 12
665 12
666 12
667 12
668 12
669 12
670 12
671 12
672 12
673 12
674 12
675 0
676 0
677 0
678 0
679 0
680 0
681 0
682 0
683 0
684 0
685 0
686 0
687 0
688 0
689 0
690 0
691 0
692 0
693 0
694 0
695 0
696 0
697 0
698 0
699 0
700 0
701 0
702 0
703 0
704 0
705 0
706 0
707 0
708 0
709 0
710 0
711 0
712 13
713 13
714 13
715 13
716 13
717 13
718 13
719 0
720 0
721 0
722 0
723 0
724 0
725 0
726 0
727 0
728 0
729 0
730 0
731 14
732 14
733 14
734 14
735 14
736 0
737 0
738 0
739 0
740 0
741 0
742 0
743 15
744 15
745 15
746 15
747 15
748 16
749 16
750 16
751 16
752 16
753 16
754 16
755 16
756 16
757 16
758 16
759 16
760 16
761 16
762 16
763 16
764 0
765 0
766 0
767 0
768 17
769 17
770 17
771 17
772 0
773 0
774 0
775 0
776 0
777 0
778 0
779 0
780 0
781 0
782 0
783 0
784 0
785 0
786 0
787 0
788 0
789 0
790 0
791 0
792 0
793 0
794 0
795 0
796 0
797 0
798 0
799 0
800 0
801 0
802 0
803 0
804 0
805 0
806 0
807 0
808 0
809 0
810 0
811 0
812 0
813 18
814 18
815 18
816 18
817 0
818 0
819 0
820 0
821 0
822 0
823 0
824 19
825 19
826 19
827 19
828 19
829 19
830 0
831 0
832 0
833 0
834 0
835 0
836 0
837 0
838 0
839 0
840 0
841 0
842 0
843 0
844 0
845 0
846 0
847 0
848 0
849 0
850 0
851 0
852 0
853 0
854 0
855 0
856 0
857 0
858 0
859 0
860 0
861 0
862 0
863 0
864 0
865 0
866 0
867 0
868 0
869 0
870 0
871 0
872 0
873 0
874 0
875 0
876 0
877 0
878 0
879 0
880 0
881 0
882 0
883 0
884 0
885 0
886 0
887 0
888 0
889 0
890 0
891 0
892 0
893 0
894 0
895 0
896 0
897 0
898 0
899 0
900 0
901 0
902 0
903 0
904 0
905 0
906 0
907 0
908 0
909 0
910 0
911 0
912 0
913 0
914 0
915 0
916 0
917 0
918 0
919 0
920 0
921 0
922 0
923 0
924 0
925 0
926 0
927 0
928 0
929 0
930 0
931 0
932 0
933 0
934 0
935 0
936 0
937 0
938 0
939 0
940 0
941 0
942 0
943 0
944 0
945 0
946 0
947 0
948 0
949 0
950 0
951 0
952 0
953 0
954 0
955 0
956 0
957 0
958 0
959 0
960 0
961 0
962 0
963 0
964 0
965 0
966 0
967 0
968 0
969 0
970 0
971 0
972 0
973 0
974 0
975 0
976 0
977 0
978 0
979 0
980 0
981 0
982 0
983 0
984 0
985 0
986 0
987 0
988 0
989 0
990 0
991 0
992 0
993 0
994 0
995 0
996 0
997 0
998 0
999 0
1000 0
1001 0
1002 20
1003 20
1004 20
1005 20
1006 20
1007 20
1008 20
1009 20
1010 20
1011 20
1012 20
1013 20
1014 20
1015 20
1016 20
1017 20
1018 20
1019 20
1020 20
1021 0
1022 21
1023 21
1024 21
1025 21
1026 22
1027 22
1028 22
1029 22
1030 22
1031 0
1032 0
1033 0
1034 0
1035 0
1036 0
1037 23
1038 23
1039 23
1040 23
1041 23
1042 0
1043 0
1044 0
1045 0
1046 0
1047 0
1048 0
1049 0
1050 0
1051 0
1052 0
1053 0
1054 0
1055 0
1056 0
1057 0
1058 0
1059 0
1060 0
1061 0
1062 0
1063 0
1064 0
1065 0
1066 0
1067 0
1068 0
1069 0
1070 0
1071 0
1072 0
1073 0
1074 24
1075 24
1076 24
1077 24
1078 0
1079 0
1080 0
1081 0
1082 0
1083 0
1084 0
1085 0
1086 0
1087 0
1088 0
1089 0
1090 0
1091 0
1092 0
1093 0
1094 0
1095 0
1096 0
1097 0
1098 0
1099 0
1100 0
1101 0
1102 0
1103 0
1104 0
1105 0
1106 0
1107 0
1108 0
1109 0
1110 0
1111 0
1112 0
1113 0
1114 0
1115 0
1116 0
1117 0
1118 0
1119 0
1120 0
1121 0
1122 0
1123 0
1124 0
1125 0
1126 0
1127 0
1128 0
1129 0
1130 0
1131 0
1132 0
1133 0
1134 0
1135 0
1136 0
1137 0
1138 0
1139 0
1140 0
1141 0
1142 0
1143 0
1144 0
1145 0
1146 25
1147 25
1148 25
1149 25
1150 26
1151 26
1152 26
1153 26
1154 0
1155 0
1156 0
1157 0
1158 0
1159 0
1160 0
1161 27
1162 27
1163 27
1164 27
1165 27
1166 0
1167 0
1168 0
1169 0
1170 0
1171 0
1172 0
1173 0
1174 0
1175 0
1176 0
1177 0
1178 0
1179 0
1180 0
1181 0
1182 0
1183 0
1184 0
1185 0
1186 0
1187 0
1188 0
1189 0
1190 0
1191 0
1192 0
1193 0
1194 0
1195 0
1196 0
1197 0
1198 0
1199 0
1200 0
1201 0
1202 0
1203 0
1204 0
1205 0
1206 0
1207 0
1208 0
1209 0
1210 0
1211 0
1212 0
1213 0
1214 0
1215 0
1216 0
1217 0
1218 0
1219 0
1220 0
1221 0
1222 0
1223 0
1224 0
1225 0
1226 0
1227 0
1228 0
1229 0
1230 0
1231 0
1232 0
1233 0
1234 0
1235 0
1236 0
1237 0
1238 0
1239 0
1240 0
1241 0
1242 0
1243 0
1244 0
1245 0
1246 0
1247 0
1248 0
1249 0
1250 0
1251 0
1252 0
1253 0
1254 0
1255 0
1256 0
1257 0
1258 0
1259 0
1260 0
1261 0
1262 0
1263 0
1264 0
1265 0
1266 0
1267 0
1268 0
1269 0
1270 0
1271 0
1272 0
1273 0
1274 0
1275 0
1276 0
1277 0
1278 0
1279 0
1280 0
1281 0
1282 0
1283 0
1284 0
1285 0
1286 0
1287 0
1288 0
1289 0
1290 0
1291 0
1292 0
1293 0
1294 0
1295 0
1296 0
1297 0
1298 0
1299 0
1300 0
1301 0
1302 0
1303 0
1304 0
1305 0
1306 0
1307 28
1308 28
1309 28
1310 28
1311 0
1312 0
1313 0
1314 0
1315 0
1316 0
1317 29
1318 29
1319 29
1320 29
1321 29
1322 0
1323 30
1324 30
1325 30
1326 30
1327 30
1328 30
1329 30
1330 30
1331 30
1332 30
1333 30
1334 30
1335 30
1336 30
1337 30
1338 30
1339 30
1340 30
1341 30
1342 30
1343 30
1344 30
1345 0
1346 0
1347 0
1348 31
1349 31
1350 31
1351 31
1352 31
1353 31
1354 31
1355 31
1356 31
1357 31
1358 31
1359 31
1360 31
1361 31
1362 31
1363 31
1364 31
1365 31
1366 31
1367 31
1368 31
1369 0
1370 0
1371 0
1372 32
1373 32
1374 32
1375 32
1376 32
1377 0
1378 0
1379 0
1380 0
1381 33
1382 33
1383 33
1384 33
1385 33
1386 33
1387 0
1388 0
1389 0
1390 0
1391 0
1392 0
1393 0
1394 0
1395 0
1396 0
1397 0
1398 0
1399 0
1400 0
1401 0
1402 0
1403 0
1404 0
1405 0
1406 0
1407 0
1408 0
1409 0
1410 0
1411 0
1412 0
1413 0
1414 0
1415 0
1416 0
1417 0
1418 0
1419 0
1420 0
1421 0
1422 0
1423 0
1424 0
1425 0
1426 0
1427 0
1428 0
1429 0
1430 0
1431 0
1432 0
1433 0
1434 0
1435 0
1436 0
1437 0
1438 0
1439 0
1440 0
1441 0
1442 0
1443 0
1444 0
1445 0
1446 0
1447 0
1448 0
1449 0
1450 0
1451 0
1452 0
1453 0
1454 0
1455 0
1456 0
1457 0
1458 0
1459 0
1460 0
1461 0
1462 0
1463 0
1464 0
1465 0
1466 0
1467 0
1468 0
1469 0
1470 0
1471 0
1472 0
1473 0
1474 0
1475 0
1476 0
1477 0
1478 0
1479 0
1480 0
1481 0
1482 0
1483 0
1484 0
1485 0
1486 0
1487 0
1488 0
1489 0
1490 0
1491 0
1492 0
1493 0
1494 0
1495 0
1496 0
1497 0
1498 0
1499 0
1500 0
1501 0
1502 0
1503 0
1504 0
1505 0
1506 0
1507 0
1508 0
1509 0
1510 0
1511 0
1512 0
1513 0
1514 0
1515 0
1516 0
1517 0
1518 0
1519 0
1520 0
1521 0
1522 0
1523 0
1524 0
1525 0
1526 0
1527 0
1528 0
1529 0
1530 0
1531 0
1532 0
1533 0
1534 0
1535 0
1536 0
1537 0
1538 0
1539 0
1540 0
1541 0
1542 0
1543 0
1544 0
1545 0
1546 0
1547 0
1548 0
1549 0
1550 0
1551 0
1552 0
1553 0
1554 0
1555 0
1556 0
1557 0
1558 0
1559 0
1560 0
1561 0
1562 0
1563 0
1564 0
1565 0
1566 0
1567 0
1568 0
1569 0
1570 0
1571 0
1572 0
1573 0
1574 0
1575 34
1576 34
1577 34
1578 34
1579 34
1580 34
1581 34
1582 34
1583 34
1584 34
1585 34
1586 34
1587 34
1588 34
1589 34
1590 0
1591 0
1592 0
1593 0
1594 0
1595 0
1596 0
1597 0
1598 0
1599 0
1600 0
1601 0
1602 0
1603 0
1604 0
1605 0
1606 0
1607 0
1608 0
1609 0
1610 0
1611 0
1612 0
1613 0
1614 0
1615 0
1616 0
1617 0
1618 0
1619 0
1620 0
1621 0
1622 0
1623 0
1624 0
1625 0
1626 0
1627 0
1628 0
1629 0
1630 0
1631 0
1632 0
1633 0
1634 0
1635 0
1636 0
1637 0
1638 0
1639 0
1640 0
1641 0
1642 0
1643 0
1644 0
1645 0
1646 0
1647 0
1648 0
1649 0
1650 0
1651 0
1652 0
1653 0
1654 0
1655 0
1656 0
1657 0
1658 0
1659 35
1660 35
1661 35
1662 35
1663 0
1664 0
1665 0
1666 0
1667 0
1668 0
1669 0
1670 0
1671 0
1672 36
1673 36
1674 36
1675 36
1676 36
1677 36
1678 36
1679 36
1680 36
1681 36
1682 36
1683 36 37
1684 37
1685 37
1686 37
1687 37
1688 0
1689 0
1690 38
1691 38
1692 38
1693 38
1694 38
1695 38
1696 38
1697 38
1698 38
1699 38
1700 38
1701 38
1702 38
1703 38
1704 38
1705 38
1706 38
1707 38
1708 38
1709 0
1710 0
1711 39
1712 39
1713 39
1714 39
1715 39
1716 0
1717 0
1718 0
1719 0
1720 0
1721 0
1722 0
1723 0
1724 0
1725 0
1726 0
1727 0
1728 0
1729 0
1730 0
1731 0
1732 40
1733 40
1734 40
1735 40
1736 40
1737 40 41
1738 41
1739 41
1740 41
1741 41
1742 0
1743 0
1744 42
1745 42
1746 42
1747 42
1748 42
1749 0
1750 0
1751 0
1752 43
1753 43
1754 43
1755 43
1756 43
1757 43
1758 43
1759 43
1760 43
1761 43
1762 43
1763 43 44
1764 44
1765 44
1766 44
1767 44
1768 44
1769 44
1770 44
1771 44
1772 44
1773 0
1774 0
1775 0
1776 0
1777 0
1778 0
1779 0
1780 0
1781 0
1782 0
1783 45
1784 45
1785 45
1786 45
1787 45
1788 45
1789 45
1790 45
1791 45
1792 0
1793 0
1794 0
1795 0
1796 0
1797 0
1798 0
1799 0
1800 0
1801 46
1802 46
1803 46
1804 46
1805 46
1806 46 47
1807 47
1808 47
1809 47
1810 47
1811 0
1812 0
1813 0
1814 0
1815 0
1816 0
1817 0
1818 0
1819 0
1820 0
1821 0
1822 0
1823 0
1824 0
1825 0
1826 0
1827 0
1828 0
1829 0
1830 0
1831 0
1832 0
1833 0
1834 0
1835 0
1836 0
1837 0
1838 0
1839 0
1840 0
1841 0
1842 0
1843 0
1844 0
1845 0
1846 0
1847 0
1848 0
1849 0
1850 0
1851 0
1852 0
1853 0
1854 0
1855 0
1856 0
1857 0
1858 0
1859 0
1860 0
1861 0
1862 0
1863 0
1864 0
1865 0
1866 0
1867 0
1868 0
1869 0
1870 0
1871 0
1872 0
1873 0
1874 0
1875 0
1876 0
1877 0
1878 0
1879 0
1880 0
1881 0
1882 0
1883 0
1884 0
1885 0
1886 0
1887 0
1888 0
1889 0
1890 0
1891 0
1892 0
1893 0
1894 48
1895 48
1896 48
1897 48
1898 0
1899 49
1900 49
1901 49
1902 49
1903 49
1904 49
1905 49
1906 49 50
1907 50
1908 50
1909 50
1910 50
1911 50
1912 50
1913 50
1914 0
1915 0
1916 0
1917 0
1918 0
1919 0
1920 0
1921 0
1922 0
1923 0
1924 0
1925 0
1926 0
1927 51
1928 51
1929 51
1930 51
1931 51
1932 0
1933 0
1934 0
1935 0
1936 0
1937 0
1938 0
1939 0
1940 52
1941 52
1942 52
1943 52
1944 53
1945 53
1946 53
1947 53
1948 53
1949 0
1950 0
1951 0
1952 54
1953 54
1954 54
1955 54 55
1956 55
1957 55
1958 55
1959 55
1960 55
1961 0
1962 0
1963 0
1964 0
1965 0
1966 0
1967 0
1968 0
1969 0
1970 0
1971 56
1972 56
1973 56
1974 56
1975 56
1976 56
1977 56
1978 56
1979 56
1980 56
1981 56
1982 56
1983 56
1984 56
1985 56
1986 56
1987 56
1988 56
1989 56
1990 56
1991 56
1992 56
1993 56
1994 56
1995 56
1996 56
1997 56
1998 56
1999 56
2000 0
2001 0
2002 0
2003 0
2004 57
2005 57
2006 57
2007 57
2008 57
2009 0
2010 58
2011 58
2012 58
2013 58
2014 58
2015 58
2016 59
2017 59
2018 59
2019 59
2020 59
2021 59
2022 59
2023 59
2024 59
2025 59
2026 59 60
2027 60
2028 60
2029 60
2030 60
2031 60
2032 60
2033 60
2034 61
2035 61
2036 61
2037 61
2038 61
2039 0
2040 0
2041 0
2042 0
2043 0
2044 0
2045 0
2046 0
2047 0
2048 0
2049 0
2050 0
2051 0
2052 0
2053 0
2054 0
2055 0
2056 0
2057 0
2058 0
2059 0
2060 62
2061 62
2062 62
2063 62
2064 62
2065 63
2066 63
2067 63
2068 63
2069 63
2070 63
2071 64
2072 64
2073 64
2074 64
2075 64
2076 64
2077 64
2078 0
2079 0
2080 65
2081 65
2082 65
2083 65
2084 65
2085 65
2086 0
2087 66
2088 66
2089 66
2090 66
2091 0
2092 0
2093 67
2094 67
2095 67
2096 67
2097 67
2098 67
2099 0
2100 0
2101 0
2102 0
2103 0
2104 0
2105 0
2106 0
2107 0
2108 0
2109 0
2110 0
2111 68
2112 68
2113 68
2114 68
2115 68
2116 0
2117 0
2118 0
2119 69
2120 69
2121 69
2122 69
2123 69
2124 0
2125 0
2126 0
2127 0
2128 0
2129 0
2130 0
2131 0
2132 0
2133 0
2134 0
2135 70
2136 70
2137 70
2138 70
2139 70
2140 70
2141 71
2142 71
2143 71
2144 71
2145 71
2146 71
2147 71
2148 0
2149 0
2150 72
2151 72
2152 72
2153 72
2154 72
2155 73
2156 73
2157 73
2158 73
2159 73
2160 73
2161 0
2162 0
2163 0
2164 0
2165 74
2166 74
2167 74
2168 74
2169 74
2170 74
2171 0
2172 0
2173 0
2174 0
2175 0
2176 0
2177 0
2178 0
2179 0
2180 0
2181 0
2182 0
2183 0
2184 0
2185 0
2186 0
2187 0
2188 0
2189 0
2190 0
2191 0
2192 0
2193 0
2194 0
2195 0
2196 0
2197 0
2198 0
2199 0
2200 0
2201 0
2202 0
2203 0
2204 0
2205 0
2206 0
2207 0
2208 0
2209 0
2210 0
2211 0
2212 0
2213 0
2214 0
2215 0
2216 0
2217 0
2218 0
2219 0
2220 0
2221 0
2222 0
2223 0
2224 0
2225 0
2226 0
2227 0
2228 0
2229 0
2230 0
2231 0
2232 0
2233 0
2234 0
2235 0
2236 0
2237 0
2238 0
2239 0
2240 0
2241 0
2242 0
2243 0
2244 0
2245 0
2246 0
2247 0
2248 0
2249 0
2250 0
2251 0
2252 0
2253 0
2254 0
2255 0
2256 0
2257 0
2258 0
2259 0
2260 0
2261 0
2262 0
2263 0
2264 0
2265 0
2266 0
2267 0
2268 0
2269 0
2270 0
2271 0
2272 0
2273 0
2274 0
2275 0
2276 0
2277 0
2278 0
2279 0
2280 0
2281 0
2282 0
2283 0
2284 0
2285 0
2286 0
2287 0
2288 0
2289 0
2290 0
2291 0
2292 0
2293 0
2294 0
2295 0
2296 0
2297 0
2298 0
2299 0
2300 0
2301 0
2302 0
2303 0
2304 0
2305 75
2306 75
2307 75
2308 76
2309 76
2310 76
2311 76
2312 76
2313 76
2314 0
2315 0
2316 77
2317 77
2318 77
2319 77
2320 77
2321 78
2322 78
2323 78
2324 78
2325 78
2326 0
2327 0
2328 0
2329 0
2330 0
2331 0
2332 0
2333 79
2334 79
2335 79
2336 79
2337 0
2338 0
2339 0
2340 0
2341 0
2342 0
2343 0
2344 0
2345 0
2346 0
2347 0
2348 0
2349 0
2350 0
2351 0
2352 0
2353 0
2354 0
2355 0
2356 0
2357 0
2358 0
2359 0
2360 0
2361 0
2362 0
2363 0
2364 0
2365 0
2366 0
2367 0
2368 0
2369 0
2370 0
2371 0
2372 0
2373 0
2374 0
2375 0
2376 0
2377 0
2378 0
2379 0
2380 0
2381 0
2382 0
2383 0
2384 0
2385 0
2386 0
2387 0
2388 0
2389 0
2390 0
2391 0
2392 0
2393 0
2394 0
2395 0
2396 0
2397 0
2398 0
2399 0
2400 0
2401 0
2402 0
2403 0
2404 0
2405 0
2406 0
2407 0
2408 0
2409 0
2410 0
2411 0
2412 0
2413 0
2414 0
2415 0
2416 0
2417 0
2418 0
2419 0
2420 0
2421 80
2422 80
2423 80
2424 80
2425 80 81
2426 81
2427 81
2428 81
2429 81
2430 0
2431 0
2432 0
2433 0
2434 82
2435 82
2436 82
2437 82
2438 83
2439 83
2440 83
2441 84
2442 84
2443 84
2444 84 85
2445 85
2446 85
2447 85
2448 0
2449 0
2450 0
2451 0
2452 0
2453 86
2454 86
2455 86
2456 86
2457 86
2458 87
2459 87
2460 87
2461 87
2462 87
2463 0
2464 0
2465 0
2466 0
2467 0
2468 0
2469 0
2470 0
2471 0
2472 0
2473 0
2474 0
2475 0
2476 0
2477 0
2478 0
2479 0
2480 0
2481 0
2482 0
2483 0
2484 0
2485 0
2486 0
2487 0
2488 0
2489 0
2490 0
2491 0
2492 0
2493 0
2494 0
2495 0
2496 0
2497 0
2498 0
2499 0
2500 0
2501 0
2502 0
2503 0
2504 0
2505 0
2506 0
2507 0
2508 0
2509 0
2510 0
2511 0
2512 0
2513 0
2514 0
2515 0
2516 0
2517 0
2518 0
2519 0
2520 0
2521 0
2522 0
2523 0
2524 0
2525 0
2526 88
2527 88
2528 88
2529 88
2530 88
2531 88
2532 0
2533 0
2534 0
2535 0
2536 0
2537 0
2538 0
2539 0
2540 0
2541 0
2542 0
2543 0
2544 0
2545 0
2546 0
2547 89
2548 89
2549 89
2550 89
2551 90
2552 90
2553 90
2554 90
2555 0
2556 0
2557 0
2558 0
2559 0
2560 0
2561 0
2562 0
2563 0
2564 0
2565 0
2566 0
2567 0
2568 0
2569 0
2570 0
2571 0
2572 0
2573 0
2574 0
2575 0
2576 0
2577 0
2578 0
2579 0
2580 0
2581 0
2582 0
2583 0
2584 0
2585 0
2586 0
2587 0
2588 0
2589 0
2590 0
2591 0
2592 91
2593 91
2594 91
2595 91
2596 91
2597 0
2598 0
2599 0
2600 0
2601 0
2602 0
2603 0
2604 0
2605 0
2606 0
2607 0
2608 0
2609 0
2610 0
2611 0
2612 0
2613 0
2614 0
2615 0
2616 0
2617 0
2618 0
2619 0
2620 0
2621 0
2622 0
2623 0
2624 0
2625 0
2626 0
2627 0
2628 0
2629 0
2630 0
2631 0
2632 0
2633 0
2634 0
2635 0
2636 0
2637 0
2638 0
2639 0
2640 0
2641 0
2642 0
2643 0
2644 92
2645 92
2646 92
2647 92
2648 0
2649 93
2650 93
2651 93
2652 93
2653 93
2654 93
2655 0
2656 94
2657 94
2658 94
2659 94
2660 94 95
2661 95
2662 95
2663 95
2664 95
2665 95
2666 95
2667 95
2668 95
2669 95
2670 95
2671 95
2672 0
2673 0
2674 0
2675 0
2676 0
2677 0
2678 0
2679 0
2680 0
2681 0
2682 0
2683 0
2684 0
2685 0
2686 0
2687 0
2688 0
2689 0
2690 0
2691 0
2692 0
2693 0
2694 0
2695 0
2696 0
2697 0
2698 0
2699 96
2700 96
2701 96
2702 96
2703 96
2704 96
2705 96
2706 96
2707 96
2708 96
2709 96
2710 0
2711 0
2712 0
2713 0
2714 0
2715 97
2716 97
2717 97
2718 97
2719 97
2720 97
2721 0
2722 0
2723 0
2724 0
2725 0
2726 0
2727 98
2728 98
2729 98
2730 98
2731 98
2732 98
2733 0
2734 0
2735 0
2736 99
2737 99
2738 99
2739 99
2740 99
2741 99
2742 99
2743 100
2744 100
2745 100
2746 100
2747 100
2748 100
2749 100 101
2750 101
2751 101
2752 101
2753 101
2754 101
2755 101
2756 101
2757 101
2758 102
2759 102
2760 102
2761 102
2762 102
2763 0
2764 0
2765 0
2766 103
2767 103
2768 103
2769 103
2770 103
2771 103
2772 103
2773 104
2774 104
2775 104
2776 104
2777 104
2778 104
2779 0
2780 0
2781 0
2782 0
2783 0
2784 0
2785 0
2786 0
2787 0
2788 0
2789 0
2790 0
2791 0
2792 0
2793 105
2794 105
2795 105
2796 105
2797 0
2798 0
2799 0
2800 0
2801 0
2802 0
2803 0
2804 0
2805 0
2806 0
2807 0
2808 0
2809 0
2810 0
2811 0
2812 0
2813 0
2814 0
2815 0
2816 0
2817 0
2818 0
2819 0
2820 0
2821 0
2822 0
2823 0
2824 0
2825 0
2826 0
2827 0
2828 0
2829 0
2830 0
2831 106
2832 106
2833 106
2834 106
2835 106
2836 106
2837 106
2838 106
2839 106
2840 106
2841 106
2842 106
2843 106
2844 106
2845 106
2846 106
2847 106
2848 106
2849 106 107
2850 107
2851 107
2852 107
2853 107
2854 0
2855 0
2856 0
2857 0
2858 0
2859 0
2860 0
2861 0
2862 0
2863 0
2864 0
2865 0
2866 0
2867 0
2868 0
2869 0
2870 0
2871 0
2872 108
2873 108
2874 108
2875 108
2876 108
2877 108
2878 108
2879 108
2880 108
2881 108
2882 108 109
2883 109
2884 109
2885 109
2886 109
2887 109
2888 109
2889 0
2890 0
2891 0
2892 0
2893 0
2894 0
2895 0
2896 0
2897 0
2898 0
2899 0
2900 0
2901 0
2902 0
2903 110
2904 110
2905 110
2906 110
2907 110
2908 110
2909 110
2910 110
2911 110
2912 110
2913 110
2914 110
2915 110
2916 110
2917 110
2918 110
2919 110
2920 110
2921 110
2922 110
2923 110
2924 110
2925 110
2926 110
2927 110
2928 110
2929 110
2930 110
2931 110
2932 110
2933 110
2934 0
2935 0
2936 0
2937 0
2938 0
2939 0
2940 0
2941 0
2942 0
2943 0
2944 0
2945 0
2946 0
2947 0
2948 0
2949 0
2950 0
2951 0
2952 0
2953 0
2954 0
2955 0
2956 0
2957 0
2958 0
2959 0
2960 0
2961 0
2962 0
2963 0
2964 0
2965 0
2966 0
2967 0
2968 0
2969 0
2970 0
2971 0
2972 0
2973 0
2974 0
2975 111
2976 111
2977 111
2978 111
2979 111
2980 111
2981 111
2982 111
2983 111
2984 0
2985 0
2986 0
2987 0
2988 0
2989 0
2990 0
2991 0
2992 0
2993 0
2994 0
2995 0
2996 0
2997 0
2998 0
2999 0
3000 0
3001 0
3002 0
3003 0
3004 0
3005 0
3006 0
3007 0
3008 0
3009 0
3010 0
3011 0
3012 0
3013 0
3014 0
3015 0
3016 0
3017 0
3018 0
3019 0
3020 0
3021 0
3022 0
3023 0
3024 0
3025 0
3026 0
3027 0
3028 0
3029 0
3030 112
3031 112
3032 112
3033 112
3034 112
3035 112
3036 112
3037 112
3038 112
3039 112
3040 112
3041 112 113
3042 113
3043 113
3044 113
3045 113
3046 113
3047 113
3048 113
3049 113 114
3050 114
3051 114
3052 114
3053 114
3054 0
3055 0
3056 0
3057 0
3058 0
3059 0
3060 0
3061 115
3062 115
3063 115
3064 115
3065 0
3066 0
3067 116
3068 116
3069 116
3070 116
3071 116
3072 0
3073 117
3074 117
3075 117
3076 117
3077 117
3078 117
3079 117 118
3080 118
3081 118
3082 118
3083 118
3084 118
3085 118
3086 0
3087 0
3088 0
3089 0
3090 0
3091 0
3092 0
3093 0
3094 0
3095 0
3096 0
3097 0
3098 119
3099 119
3100 119
3101 119
3102 119
3103 0
3104 0
3105 0
3106 0
3107 0
3108 0
3109 0
3110 0
3111 0
3112 0
3113 0
3114 0
3115 0
3116 0
3117 0
3118 0
3119 0
3120 0
3121 0
3122 0
3123 0
3124 0
3125 0
3126 0
3127 0
3128 0
3129 0
3130 0
3131 0
3132 0
3133 0
3134 0
3135 0
3136 0
3137 0
3138 120
3139 120
3140 120
3141 120
3142 120
3143 120
3144 120
3145 121
3146 121
3147 121
3148 121
3149 0
3150 0
3151 122
3152 122
3153 122
3154 122
3155 122
3156 122
3157 122
3158 0
3159 0
3160 0
3161 0
3162 0
3163 0
3164 0
3165 0
3166 0
3167 0
3168 0
3169 0
3170 0
3171 0
3172 0
3173 0
3174 0
3175 0
3176 0
3177 0
3178 0
3179 0
3180 0
3181 0
3182 0
3183 0
3184 0
3185 0
3186 0
3187 0
3188 0
3189 0
3190 0
3191 0
3192 0
3193 0
3194 0
3195 0
3196 0
