1 0
2 0
3 0
4 0
5 0
6 0
7 0
8 0
9 0
10 0
11 0
12 0
13 0
14 0
15 0
16 0
17 0
18 0
19 0
20 0
21 0
22 0
23 0
24 0
25 0
26 0
27 0
28 0
29 0
30 0
31 0
32 0
33 0
34 0
35 0
36 0
37 0
38 0
39 0
40 0
41 0
42 0
43 0
44 0
45 0
46 0
47 0
48 0
49 0
50 0
51 0
52 0
53 0
54 0
55 0
56 0
57 0
58 0
59 0
60 0
61 0
62 0
63 0
64 0
65 0
66 0
67 1
68 1
69 1
70 1
71 1
72 1
73 1
74 1
75 1
76 1
77 1
78 1
79 1
80 1
81 1
82 1
83 1
84 1
85 1
86 1
87 1
88 1
89 0
90 0
91 0
92 0
93 0
94 0
95 0
96 0
97 0
98 0
99 0
100 0
101 0
102 0
103 0
104 0
105 0
106 0
107 0
108 0
109 0
110 0
111 0
112 0
113 0
114 0
115 0
116 0
117 0
118 0
119 0
120 0
121 0
122 0
123 0
124 0
125 0
126 0
127 0
128 0
129 0
130 0
131 0
132 0
133 0
134 0
135 0
136 0
137 0
138 0
139 0
140 0
141 0
142 0
143 0
144 0
145 2
146 2
147 2
148 2
149 2
150 2
151 2
152 2
153 0
154 0
155 3
156 3
157 3
158 3
159 0
160 0
161 0
162 0
163 0
164 0
165 0
166 0
167 0
168 0
169 0
170 0
171 0
172 0
173 0
174 0
175 0
176 0
177 0
178 0
179 0
180 0
181 0
182 0
183 0
184 0
185 0
186 0
187 0
188 0
189 0
190 0
191 0
192 0
193 0
194 0
195 0
196 0
197 0
198 0
199 0
200 0
201 0
202 0
203 0
204 0
205 0
206 0
207 0
208 0
209 0
210 0
211 0
212 0
213 0
214 0
215 0
216 0
217 0
218 0
219 0
220 0
221 0
222 0
223 0
224 0
225 0
226 0
227 0
228 0
229 0
230 0
231 0
232 0
233 0
234 0
235 0
236 0
237 0
238 0
239 0
240 0
241 0
242 0
243 0
244 0
245 0
246 0
247 0
248 0
249 0
250 0
251 0
252 0
253 0
254 0
255 0
256 0
257 0
258 0
259 0
260 0
261 0
262 0
263 0
264 0
265 4
266 4
267 4
268 4
269 4
270 4
271 4
272 0
273 0
274 0
275 0
276 0
277 0
278 5
279 5
280 5
281 5
282 5
283 0
284 6
285 6
286 6
287 6
288 6
289 6
290 6
291 6
292 7
293 7
294 7
295 7
296 7
297 7
298 0
299 0
300 0
301 0
302 0
303 0
304 0
305 0
306 0
307 8
308 8
309 8
310 8
311 8
312 8
313 8
314 8
315 0
316 0
317 0
318 0
319 0
320 0
321 0
322 0
323 0
324 0
325 0
326 0
327 0
328 0
329 0
330 0
331 0
332 0
333 0
334 0
335 0
336 0
337 0
338 0
339 0
340 0
341 0
342 0
343 0
344 0
345 0
346 0
347 0
348 0
349 0
350 0
351 0
352 0
353 0
354 0
355 0
356 0
357 0
358 0
359 0
360 0
361 0
362 0
363 0
364 0
365 0
366 0
367 0
368 0
369 0
370 0
371 0
372 0
373 0
374 0
375 0
376 0
377 0
378 0
379 0
380 0
381 0
382 0
383 0
384 0
385 0
386 0
387 0
388 0
389 0
390 0
391 0
392 0
393 0
394 0
395 0
396 0
397 0
398 0
399 0
400 0
401 0
402 0
403 0
404 0
405 0
406 9
407 9
408 9
409 9
410 10
411 10
412 10
413 10
414 10 11
415 11
416 11
417 11
418 11
419 11
420 11
421 12
422 12
423 12
424 12
425 12
426 12
427 12
428 13
429 13
430 13
431 13
432 13
433 13
434 0
435 0
436 14
437 14
438 14
439 14
440 14
441 15
442 15
443 15
444 15
445 15
446 0
447 16
448 16
449 16
450 16
451 16 17
452 17
453 17
454 17
455 17
456 17
457 17
458 17
459 17
460 17
461 17
462 0
463 0
464 0
465 0
466 0
467 0
468 0
469 0
470 0
471 0
472 0
473 0
474 0
475 0
476 0
477 0
478 0
479 0
480 0
481 0
482 0
483 0
484 0
485 0
486 0
487 0
488 0
489 0
490 0
491 0
492 0
493 0
494 0
495 0
496 0
497 0
498 0
499 0
500 18
501 18
502 18
503 18 19
504 19
505 19
506 19
507 19
508 19
509 19
510 20
511 20
512 20
513 20
514 20
515 20
516 20
517 20
518 20
519 20
520 20
521 20
522 20
523 20
524 20
525 20
526 20
527 20
528 20
529 20
530 20
531 20
532 20
533 20
534 0
535 0
536 0
537 0
538 0
539 21
540 21
541 21
542 21
543 21
544 21 22
545 22
546 22
547 22
548 22
549 22
550 22
551 22
552 22
553 22
554 22
555 22
556 22
557 22
558 22
559 22
560 22
561 22
562 0
563 0
564 0
565 0
566 0
567 0
568 0
569 0
570 0
571 0
572 0
573 0
574 0
575 0
576 0
577 0
578 0
579 0
580 0
581 0
582 0
583 0
584 0
585 0
586 0
587 0
588 0
589 0
590 0
591 0
592 0
593 0
594 0
595 0
596 0
597 0
598 0
599 0
600 0
601 0
602 0
603 0
604 0
605 0
606 0
607 0
608 0
609 0
610 0
611 0
612 0
613 0
614 0
615 0
616 23
617 23
618 23
619 23
620 23
621 23
622 23
623 23
624 23
625 23
626 23
627 23
628 23
629 23
630 23
631 23
632 23
633 23
634 23
635 23
636 23
637 23
638 23
639 23
640 23
641 0
642 0
643 0
644 0
645 24
646 24
647 24
648 24
649 24
650 24
651 24
652 24
653 24
654 24
655 24
656 24
657 0
658 0
659 0
660 0
661 0
662 0
663 0
664 0
665 0
666 0
667 0
668 0
669 0
670 0
671 0
672 0
673 0
674 0
675 0
676 0
677 0
678 0
679 0
680 0
681 0
682 0
683 0
684 0
685 0
686 0
687 0
688 0
689 0
690 0
691 0
692 0
693 0
694 0
695 0
696 0
697 0
698 0
699 0
700 0
701 0
702 25
703 25
704 25
705 25
706 25
707 25
708 25
709 0
710 0
711 0
712 0
713 0
714 0
715 0
716 0
717 0
718 0
719 0
720 0
721 0
722 0
723 0
724 0
725 0
726 0
727 0
728 0
729 0
730 0
731 0
732 0
733 0
734 0
735 26
736 26
737 26
738 26
739 26
740 26
741 0
742 0
743 0
744 0
745 27
746 27
747 27
748 27
749 27
750 27
751 0
752 0
753 0
754 0
755 0
756 0
757 0
758 0
759 0
760 0
761 0
762 0
763 0
764 0
765 0
766 0
767 0
768 0
769 0
770 0
771 0
772 0
773 0
774 0
775 0
776 0
777 0
778 0
779 0
780 0
781 0
782 0
783 0
784 0
785 0
786 0
787 0
788 0
789 0
790 0
791 0
792 0
793 0
794 0
795 0
796 0
797 0
798 0
799 0
800 0
801 0
802 0
803 0
804 0
805 28
806 28
807 28
808 28
809 28 29
810 29
811 29
812 29
813 29 30
814 30
815 30
816 30
817 31
818 31
819 31
820 31
821 31 32
822 32
823 32
824 32
825 32
826 32
827 32
828 32
829 32
830 32
831 32
832 32
833 32
834 32
835 32
836 32 33
837 33
838 33
839 33
840 33
841 33
842 33
843 34
844 34
845 34
846 34
847 34
848 34
849 0
850 0
851 0
852 0
853 0
854 0
855 0
856 35
857 35
858 35
859 35
860 35
861 35
862 35
863 35
864 35
865 35
866 35
867 35
868 35
869 35
870 35
871 35
872 35
873 35
874 35
875 35
876 35
877 0
878 0
879 36
880 36
881 36
882 36
883 36
884 36
885 36 37
886 37
887 37
888 37
889 37
890 37
891 0
892 0
893 38
894 38
895 38
896 38 39
897 39
898 39
899 39
900 39 40
901 40
902 40
903 40
904 40
905 40
906 0
907 0
908 41
909 41
910 41
911 41
912 41
913 0
914 0
915 0
916 0
917 42
918 42
919 42
920 42
921 42
922 0
923 43
924 43
925 43
926 43
927 43
928 43
929 0
930 0
931 0
932 0
933 0
934 0
935 0
936 0
937 0
938 0
939 0
940 0
941 0
942 0
943 0
944 0
945 0
946 0
947 0
948 0
949 0
950 0
951 0
952 0
953 0
954 0
955 0
956 0
957 0
958 0
959 0
960 0
961 0
962 44
963 44
964 44
965 44
966 44
967 44
968 44
969 44 45
970 45
971 45
972 45
973 45
974 45
975 0
976 0
977 0
978 0
979 0
980 0
981 0
982 46
983 46
984 46
985 46
986 46
987 0
988 0
989 0
990 0
991 0
992 0
993 0
994 0
995 0
996 0
997 0
998 0
999 0
1000 0
1001 0
1002 0
1003 0
1004 0
1005 47
1006 47
1007 47
1008 47
1009 47
1010 47
1011 0
1012 48
1013 48
1014 48
1015 48
1016 48
1017 48
1018 0
1019 0
1020 49
1021 49
1022 49
1023 49
1024 0
1025 0
1026 0
1027 0
1028 0
1029 0
1030 0
1031 0
1032 50
1033 50
1034 50
1035 50
1036 51
1037 51
1038 51
1039 51 52
1040 52
1041 52
1042 52
1043 0
1044 53
1045 53
1046 53
1047 53
1048 53
1049 53
1050 53
1051 53
1052 53
1053 53
1054 53
1055 53
1056 53
1057 53
1058 53
1059 53
1060 53
1061 0
1062 54
1063 54
1064 54
1065 54
1066 0
1067 0
1068 0
1069 0
1070 0
1071 0
1072 0
1073 0
1074 0
1075 0
1076 0
1077 0
1078 0
1079 0
1080 0
1081 55
1082 55
1083 55
1084 55
1085 0
1086 56
1087 56
1088 56
1089 56
1090 56
1091 56
1092 0
1093 0
1094 0
1095 0
1096 0
1097 0
1098 0
1099 0
1100 0
1101 0
1102 0
1103 0
1104 0
1105 0
1106 0
1107 0
1108 0
1109 0
1110 0
1111 0
1112 0
1113 0
1114 0
1115 0
1116 0
1117 0
1118 0
1119 0
1120 0
1121 0
1122 57
1123 57
1124 57
1125 57
1126 57
1127 57
1128 57
1129 57
1130 58
1131 58
1132 58
1133 58
1134 58
1135 58 59
1136 59
1137 59
1138 59
1139 59
1140 59
1141 60
1142 60
1143 60
1144 60
1145 60
1146 60
1147 60
1148 0
1149 0
1150 0
1151 0
1152 0
1153 61
1154 61
1155 61
1156 61
1157 61
1158 61
1159 62
1160 62
1161 62
1162 62
1163 0
1164 63
1165 63
1166 63
1167 63
1168 63
1169 0
1170 0
1171 64
1172 64
1173 64
1174 64
1175 64
1176 0
1177 65
1178 65
1179 65
1180 65
1181 65
1182 65
1183 65
1184 66
1185 66
1186 66
1187 66
1188 66
1189 66
1190 0
1191 0
1192 67
1193 67
1194 67
1195 67
1196 67
1197 67
1198 0
1199 0
1200 0
1201 0
1202 68
1203 68
1204 68
1205 68
1206 68
1207 68
1208 68
1209 68
1210 0
1211 0
1212 0
1213 0
1214 0
1215 0
1216 0
1217 0
1218 69
1219 69
1220 69
1221 69
1222 69
1223 69
1224 69 70
1225 70
1226 70
1227 70
1228 70
1229 70
1230 70
1231 70
1232 70
1233 70
1234 70
1235 70
1236 71
1237 71
1238 71
1239 71
1240 71
1241 71
1242 71
1243 72
1244 72
1245 72
1246 72
1247 72
1248 72
1249 72 73
1250 73
1251 73
1252 73
1253 73
1254 74
1255 74
1256 74
1257 74
1258 74
1259 74
1260 74
1261 74
1262 74
1263 74
1264 74
1265 74
1266 74
1267 74
1268 0
1269 0
1270 75
1271 75
1272 75
1273 75
1274 75
1275 76
1276 76
1277 76
1278 76
1279 76
1280 76 77
1281 77
1282 77
1283 77
1284 77 78
1285 78
1286 78
1287 78
1288 78
1289 78
1290 78
1291 78
1292 79
1293 79
1294 79
1295 79
1296 79
1297 79
1298 0
1299 0
1300 0
1301 0
1302 0
1303 0
1304 0
1305 0
1306 0
1307 0
1308 0
1309 0
1310 0
1311 80
1312 80
1313 80
1314 80
1315 80
1316 0
1317 0
1318 0
1319 0
1320 81
1321 81
1322 81
1323 81
1324 81
1325 81
1326 81
1327 81
1328 0
1329 0
1330 0
1331 0
1332 0
1333 0
1334 82
1335 82
1336 82
1337 82
1338 83
1339 83
1340 83
1341 83
1342 83
1343 83
1344 84
1345 84
1346 84
1347 84
1348 84
1349 84
1350 84
1351 84
1352 0
1353 0
1354 85
1355 85
1356 85
1357 85
1358 0
1359 0
1360 0
1361 0
1362 0
1363 0
1364 0
1365 0
1366 0
1367 0
1368 0
1369 0
1370 0
1371 0
1372 0
1373 0
1374 0
1375 0
1376 0
1377 0
1378 0
1379 0
1380 0
1381 0
1382 0
1383 0
1384 86
1385 86
1386 86
1387 86
1388 87
1389 87
1390 87
1391 87
1392 87
1393 87
1394 87
1395 87
1396 87
1397 87
1398 0
1399 88
1400 88
1401 88
1402 88
1403 88
1404 88
1405 88
1406 0
1407 0
1408 0
1409 0
1410 0
1411 89
1412 89
1413 89
1414 89
1415 89
1416 89
1417 0
1418 0
1419 0
1420 0
1421 0
1422 0
1423 0
1424 0
1425 0
1426 0
1427 0
1428 0
1429 0
1430 90
1431 90
1432 90
1433 90
1434 90
1435 91
1436 91
1437 91
1438 91
1439 91
1440 91
1441 91
1442 92
1443 92
1444 92
1445 92
1446 92 93
1447 93
1448 93
1449 93
1450 93
1451 93
1452 0
1453 94
1454 94
1455 94
1456 94
1457 95
1458 95
1459 95
1460 95
1461 0
1462 0
1463 0
1464 0
1465 0
1466 0
1467 0
1468 0
1469 0
1470 0
1471 0
1472 0
1473 0
1474 0
1475 0
1476 0
1477 0
1478 0
1479 96
1480 96
1481 96
1482 96
1483 96
1484 96
1485 96
1486 96
1487 96
1488 96
1489 96
1490 96
1491 96
1492 96
1493 96
1494 96
1495 96 97
1496 97
1497 97
1498 97
1499 97
1500 97
1501 97
1502 97
1503 97
1504 97
1505 97
1506 97
1507 97
1508 97
1509 97
1510 97
1511 0
1512 0
1513 0
1514 0
1515 0
1516 0
1517 0
1518 0
1519 0
1520 0
1521 0
1522 98
1523 98
1524 98
1525 98
1526 98
1527 98
1528 98
1529 98
1530 98
1531 98
1532 98
1533 98
1534 98
1535 98
1536 98
1537 98
1538 98
1539 98
1540 98
1541 98
1542 98
1543 98
1544 98
1545 98
1546 98
1547 98
1548 98
1549 98
1550 99
1551 99
1552 99
1553 99
1554 100
1555 100
1556 100
1557 100
1558 100
1559 0
1560 0
1561 0
1562 0
1563 0
1564 0
1565 0
1566 0
1567 0
1568 0
1569 0
1570 101
1571 101
1572 101
1573 101
1574 101
1575 101
1576 101
1577 101
1578 101
1579 101
1580 101
1581 101
1582 101
1583 101
1584 101
1585 101
1586 101
1587 101
1588 101
1589 101
1590 101
1591 101
1592 101
1593 101
1594 101
1595 101
1596 101
1597 101
1598 101
1599 0
1600 0
1601 0
1602 0
1603 0
1604 0
1605 0
1606 0
1607 0
1608 0
1609 0
1610 0
1611 0
1612 0
1613 0
1614 0
1615 0
1616 0
1617 0
1618 0
1619 0
1620 0
1621 0
1622 0
1623 0
1624 0
1625 0
1626 0
1627 0
1628 0
1629 0
1630 0
1631 0
1632 0
1633 0
1634 0
1635 0
1636 0
1637 0
1638 0
1639 0
1640 0
1641 0
1642 0
1643 0
1644 0
1645 0
1646 0
1647 0
1648 0
1649 0
1650 0
1651 0
1652 0
1653 0
1654 0
1655 0
1656 0
1657 102
1658 102
1659 102
1660 102
1661 102
1662 0
1663 0
1664 0
1665 0
1666 103
1667 103
1668 103
1669 103
1670 103
1671 103
1672 0
1673 0
1674 104
1675 104
1676 104
1677 104 105
1678 105
1679 105
1680 105
1681 105
1682 105
1683 105
1684 105
1685 105
1686 105
1687 105
1688 105
1689 105
1690 105
1691 105
1692 105
1693 105
1694 105
1695 105
1696 105
1697 105
1698 105
1699 105
1700 105
1701 105
1702 105
1703 105
1704 105
1705 105
1706 105
1707 105
1708 105
1709 105
1710 105
1711 105
1712 0
1713 0
1714 106
1715 106
1716 106
1717 106
1718 106
1719 106
1720 106
1721 106
1722 106
1723 106
1724 106
1725 106
1726 106
1727 106
1728 0
1729 0
1730 0
1731 0
1732 0
1733 0
1734 0
1735 0
1736 0
1737 0
1738 0
1739 0
1740 0
1741 0
1742 0
1743 0
1744 0
1745 0
1746 0
1747 0
1748 0
1749 0
1750 0
1751 0
1752 0
1753 0
1754 0
1755 0
1756 0
1757 0
1758 0
1759 0
1760 0
1761 0
1762 0
1763 107
1764 107
1765 107
1766 107
1767 107
1768 0
1769 0
1770 0
1771 0
1772 0
1773 0
1774 0
1775 0
1776 0
1777 0
1778 0
1779 0
1780 0
1781 0
1782 0
1783 0
1784 0
1785 0
1786 0
1787 0
1788 0
1789 0
1790 0
1791 0
1792 0
1793 0
1794 0
1795 108
1796 108
1797 108
1798 108
1799 0
1800 0
1801 0
1802 0
1803 0
1804 0
1805 0
1806 0
1807 0
1808 0
1809 0
1810 0
1811 0
1812 0
1813 0
1814 0
1815 0
1816 0
1817 0
1818 0
1819 0
1820 0
1821 0
1822 0
1823 0
1824 0
1825 0
1826 0
1827 0
1828 0
1829 0
1830 0
1831 0
1832 0
1833 0
1834 0
1835 0
1836 0
1837 0
1838 0
1839 0
1840 0
1841 0
1842 0
1843 0
1844 0
1845 0
1846 0
1847 0
1848 0
1849 0
1850 0
1851 0
1852 0
1853 0
1854 0
1855 0
1856 0
1857 0
1858 0
1859 0
1860 0
1861 0
1862 0
1863 0
1864 0
1865 0
1866 0
1867 0
1868 0
1869 0
1870 0
1871 0
1872 0
1873 0
1874 0
1875 0
1876 0
1877 0
1878 0
1879 0
1880 0
1881 0
1882 0
1883 0
1884 0
1885 0
1886 0
1887 0
1888 0
1889 0
1890 0
1891 0
1892 0
1893 0
1894 0
1895 0
1896 0
1897 0
1898 0
1899 0
1900 0
1901 0
1902 0
1903 0
1904 0
1905 0
1906 0
1907 0
1908 0
1909 109
1910 109
1911 109
1912 109
1913 0
1914 0
1915 0
1916 0
1917 0
1918 0
1919 0
1920 0
1921 0
1922 0
1923 0
1924 0
1925 110
1926 110
1927 110
1928 110
1929 110
1930 0
1931 0
1932 0
1933 0
1934 0
1935 0
1936 0
1937 111
1938 111
1939 111
1940 111
1941 111
1942 0
1943 0
1944 0
1945 0
1946 0
1947 0
1948 0
1949 0
1950 0
1951 0
1952 0
1953 0
1954 0
1955 0
1956 0
1957 0
1958 0
1959 0
1960 0
1961 0
1962 0
1963 0
1964 0
1965 0
1966 0
1967 112
1968 112
1969 112
1970 112
1971 113
1972 113
1973 113
1974 113
1975 113
1976 0
1977 0
1978 0
1979 0
1980 114
1981 114
1982 114
1983 114
1984 0
1985 0
1986 0
1987 0
1988 0
1989 0
1990 0
1991 0
1992 0
1993 0
1994 115
1995 115
1996 115
1997 115
1998 115
1999 115
2000 115
2001 115
2002 115
2003 115
2004 115
2005 115
2006 115
2007 0
2008 116
2009 116
2010 116
2011 116
2012 0
2013 0
2014 0
2015 0
2016 0
2017 0
2018 0
2019 0
2020 0
2021 0
2022 0
2023 0
2024 0
2025 0
2026 117
2027 117
2028 117
2029 117
2030 117
2031 117
2032 117
2033 117
2034 117
2035 117
2036 117
2037 117
2038 117
2039 117
2040 117
2041 117
2042 117
2043 117
2044 117
2045 117
2046 117
2047 117
2048 117
2049 0
2050 0
2051 118
2052 118
2053 118
2054 118
2055 118
2056 118
2057 118
2058 0
2059 0
2060 0
2061 0
2062 0
2063 0
2064 0
2065 0
2066 0
2067 0
2068 0
2069 0
2070 0
2071 0
2072 0
2073 0
2074 0
2075 0
2076 0
2077 0
2078 0
2079 0
2080 0
2081 0
2082 0
2083 0
2084 0
2085 0
2086 0
2087 119
2088 119
2089 119
2090 119
2091 119
2092 119
2093 119
2094 119
2095 119
2096 119
2097 119
2098 119
2099 119
2100 119
2101 119
2102 119
2103 119
2104 119
2105 119
2106 119
2107 119
2108 0
2109 0
2110 0
2111 0
2112 120
2113 120
2114 120
2115 120
2116 120
2117 120
2118 120
2119 120
2120 0
2121 0
2122 121
2123 121
2124 121
2125 121
2126 121
2127 121
2128 121
2129 0
2130 0
2131 0
2132 122
2133 122
2134 122
2135 122
2136 122
2137 0
2138 0
2139 0
2140 0
2141 0
2142 0
2143 0
2144 0
2145 0
2146 123
2147 123
2148 123
2149 123
2150 124
2151 124
2152 124
2153 124
2154 124
2155 0
2156 125
2157 125
2158 125
2159 125
2160 125
2161 125
2162 125
2163 125
2164 125
2165 125
2166 125
2167 125
2168 125
2169 125
2170 0
2171 0
2172 0
2173 0
2174 0
2175 0
2176 0
2177 0
2178 0
2179 0
2180 0
2181 0
2182 0
2183 0
2184 0
2185 0
2186 0
2187 0
2188 0
2189 0
2190 0
2191 0
2192 0
2193 0
2194 0
2195 0
2196 126
2197 126
2198 126
2199 126
2200 126
2201 126 127
2202 127
2203 127
2204 127
2205 127
2206 0
2207 128
2208 128
2209 128
2210 128
2211 0
2212 0
2213 0
2214 0
2215 0
2216 0
2217 129
2218 129
2219 129
2220 129
2221 129
2222 129
2223 129
2224 0
2225 0
2226 130
2227 130
2228 130
2229 0
2230 0
2231 0
2232 0
2233 0
2234 0
2235 0
2236 0
2237 0
2238 0
2239 0
2240 0
2241 0
2242 0
2243 0
2244 0
2245 0
2246 0
2247 0
2248 0
2249 0
2250 0
2251 0
2252 0
2253 0
2254 0
2255 0
2256 0
2257 0
2258 0
2259 0
2260 0
2261 0
2262 0
2263 0
2264 0
2265 0
2266 0
2267 0
2268 0
2269 0
2270 0
2271 0
2272 0
2273 131
2274 131
2275 131
2276 131
2277 131
2278 0
2279 0
2280 0
2281 0
2282 0
2283 0
2284 0
2285 0
2286 0
2287 0
2288 0
2289 0
2290 0
2291 0
2292 0
2293 0
2294 132
2295 132
2296 132
2297 132
2298 132
2299 0
2300 0
2301 0
2302 0
2303 0
2304 133
2305 133
2306 133
2307 133
2308 133
2309 133
2310 133
2311 133
2312 133
2313 133
2314 0
2315 0
2316 0
2317 0
2318 0
2319 0
2320 134
2321 134
2322 134
2323 134
2324 134
2325 134
2326 134
2327 134
2328 0
2329 0
2330 0
2331 0
2332 0
2333 0
2334 0
2335 135
2336 135
2337 135
2338 135
2339 135
2340 135
2341 135
2342 135
2343 135
2344 135
2345 135
2346 135
2347 135
2348 135
2349 135
2350 135
2351 135
2352 135
2353 135
2354 135
2355 135
2356 135
2357 0
2358 0
2359 0
2360 0
2361 0
2362 0
2363 0
2364 0
2365 0
2366 0
2367 0
2368 0
2369 0
2370 136
2371 136
2372 136
2373 136
2374 136
2375 136
2376 136
2377 137
2378 137
2379 137
2380 137
2381 138
2382 138
2383 138
2384 138
2385 138
2386 138
2387 138
2388 139
2389 139
2390 139
2391 139
2392 0
2393 0
2394 0
2395 0
2396 0
2397 0
2398 140
2399 140
2400 140
2401 140
2402 141
2403 141
2404 141
2405 141
2406 141
2407 141
2408 0
2409 0
2410 0
2411 142
2412 142
2413 142
2414 142
2415 142
2416 142
2417 142
2418 142
2419 0
2420 0
2421 0
2422 0
2423 0
2424 143
2425 143
2426 143
2427 143
2428 144
2429 144
2430 144
2431 144
2432 145
2433 145
2434 145
2435 145
2436 146
2437 146
2438 146
2439 146
2440 0
2441 0
2442 0
2443 0
2444 0
2445 0
2446 0
2447 0
2448 0
2449 0
2450 0
2451 0
2452 0
2453 147
2454 147
2455 147
2456 147
2457 147
2458 147
2459 147
2460 147
2461 147 148
2462 148
2463 148
2464 148
2465 148
2466 148
2467 148
2468 148
2469 148
2470 0
2471 149
2472 149
2473 149
2474 149
2475 149
2476 0
2477 0
2478 0
2479 0
2480 0
2481 0
2482 0
2483 0
2484 0
