1 1
2 2
3 3
4 4
5 5
6 6
7 7
8 8 9 10
9 11
10 12
11 13
12 14
13 15
14 16
15 17
16 18
17 19
18 20 21 22
19 23 24
20 25
21 26
22 27
23 28
24 29
25 30
26 31 32
27 33
28 34
29 35
30 36
31 37
32 38
33 39 40
34 41
35 42 43 44 45
36 46 47
37 48
38 49
39 50
40 51
41 52
42 53 54
43 55
44 56
45 57
46 58
47 59 60 61
48 62
49 63
50 64
51 65 66
52 67
53 68 69
54 70
55 71 72 73
56 74 75 76
57 77
58 78
59 79
60 80
61 81
62 82
63 83
64 84
65 85 86 87
66 88
67 89
68 90
69 91
70 92
71 93
72 94
73 95
74 96
75 97 98 99 100
76 101
77 102
78 103
79 104 105
80 106 107
81 108
82 109 110 111
83 112
84 113
85 114 115
