1 1
2 2
3 3
4 4
5 5
6 6
7 7 8
8 9
9 10 11
10 12 13
11 14
12 15
13 16
14 17
15 18 19
16 20
17 21 22 23 24
18 25
19 26
20 27
21 28
22 29
23 30 31 32
24 33
25 34
26 35 36
27 37
28 38
29 39
30 40
31 41
32 42
33 43
34 44
35 45
36 46
37 47
38 48
39 49
40 50
41 51
42 52
43 53
44 54
45 55
46 56 57
47 58 59 60
48 61
49 62
50 63
51 64
52 65
53 66
54 67
55 68
56 69
57 70
58 71
59 72
60 73
61 74
62 75
63 76
64 77
65 78
66 79
67 80 81
68 82
69 83
70 84
71 85
72 86 87
73 88
74 89
75 90 91 92 93
76 94 95 96
77 97 98
78 99
79 100
80 101
81 102
82 103 104 105
83 106
84 107
85 108
86 109 110
87 111 112 113 114 115
88 116
89 117
90 118 119
91 120
92 121
93 122
94 123
95 124
96 125
97 126
98 127
99 128
100 129 130
101 131 132
102 133 134 135
103 136
104 137
105 138
106 139
107 140
108 141
109 142
110 143
111 144 145
