1 1
2 2
3 3 4
4 5
5 6
6 7
7 8
8 9
9 10
10 11
11 12
12 13
13 14
14 15
15 16
16 17
17 18
18 19
19 20
20 21
21 22
22 23 24
23 25
24 26 27 28
25 29
26 30
27 31
28 32
29 33 34
30 35
31 36
32 37
33 38 39
34 40 41
35 42 43
36 44 45
37 46
38 47
39 48 49
40 50
41 51 52 53
42 54
43 55
44 56
45 57 58
46 59
47 60
48 61 62
49 63
50 64
51 65
52 66
53 67
54 68 69
55 70
56 71
57 72
58 73
59 74
60 75
61 76
62 77
63 78
64 79
65 80
66 81
67 82
68 83
69 84 85 86
70 87
71 88
72 89
73 90
74 91
75 92
76 93
77 94
78 95
79 96
80 97
81 98
82 99
83 100
84 101
85 102
86 103
87 104
88 105
89 106
90 107
91 108
92 109 110
93 111
94 112
95 113
96 114
97 115 116 117
98 118
99 119 120
100 121
101 122
102 123
103 124
104 125
105 126
106 127
107 128
108 129
109 130
110 131
111 132
112 133
113 134
114 135 136
115 137
116 138 139
117 140
118 141
119 142
120 143
121 144 145
122 146
123 147
124 148
125 149
126 150 151 152
127 153
128 154 155
129 156
130 157 158 159
131 160
132 161
133 162
134 163
135 164
136 165
137 166
138 167
139 168
140 169
141 170
142 171
143 172
144 173
145 174
146 175 176
147 177
148 178
149 179 180
150 181
151 182
152 183
153 184
154 185 186 187 188 189 190
155 191 192 193
156 194
157 195
158 196 197
159 198
160 199 200
161 201 202
162 203
163 204
164 205
165 206 207
166 208
167 209
168 210
169 211
170 212 213 214
171 215
172 216 217
173 218
174 219
175 220
176 221
177 222
178 223
179 224
180 225
181 226
182 227
183 228
184 229
185 230
186 231 232
187 233
188 234
189 235
190 236
191 237 238
192 239
193 240
194 241
195 242
196 243
