1 1
2 2
3 3
4 4
5 5
6 6 7
7 8
8 9 10
9 11
10 12
11 13
12 14
13 15
14 16
15 17
16 18
17 19 20
18 21
19 22
20 23
21 24
22 25
23 26 27 28 29
24 30 31 32
25 33
26 34
27 35
28 36
29 37
30 38
31 39
32 40
33 41
34 42
35 43 44 45
36 46
37 47
38 48
39 49
40 50
41 51
42 52
43 53
44 54
45 55
46 56
47 57
48 58 59
49 60
50 61
51 62
52 63
53 64
54 65
55 66
56 67
57 68
58 69
59 70
60 71
61 72
62 73
63 74
64 75
65 76
66 77
67 78
68 79
69 80
70 81 82 83
71 84
72 85
73 86
74 87 88
75 89
76 90
77 91
78 92
79 93
80 94
81 95
82 96
83 97
84 98
85 99
86 100
87 101 102 103
88 104 105
89 106
90 107
91 108 109
92 110
93 111
94 112
95 113
96 114
97 115 116 117 118 119
98 120 121
99 122
100 123
101 124 125
102 126
103 127
104 128
105 129
106 130
107 131
108 132
109 133
110 134
111 135
112 136
113 137
114 138
115 139
116 140
117 141
118 142
119 143
120 144
121 145 146
122 147
123 148
124 149
125 150 151 152 153
126 154
127 155
128 156
129 157 158
130 159
131 160
132 161
133 162
134 163 164
135 165
136 166
137 167
138 168
139 169
140 170
141 171
142 172
143 173
144 174
145 175
146 176
147 177 178
148 179 180 181
149 182
