560 2
319 0.32859418 -0.5954117
370 0.30866274 -0.60719657
390 0.22531077 -0.64694244
346 0.30606705 -0.6108354
412 0.5386761 -0.49320135
304 0.26524642 -0.6317419
84 0.16263449 -0.67705923
567 0.23021719 -0.64511573
45 0.5508687 -0.48650494
385 0.4160735 -0.5519193
415 0.13380097 -0.6930518
545 0.405524 -0.56308126
211 0.2822359 -0.62237775
548 0.39895236 -0.5611133
365 0.13632317 -0.6949331
298 0.3551822 -0.5869989
102 0.19532831 -0.6576597
142 0.43244904 -0.54707086
510 0.10103923 -0.70440435
379 0.2370538 -0.6458153
513 0.083060496 -0.7190436
564 0.5432833 -0.48866838
487 0.251185 -0.6319819
69 0.31478664 -0.6084231
546 0.4985717 -0.513787
584 0.23635893 -0.6417693
410 0.48379394 -0.5191538
454 0.3268329 -0.5979579
403 0.4842574 -0.52456987
396 0.22110373 -0.6504572
341 0.119736396 -0.7013175
576 0.62049806 -0.45928442
432 0.1669537 -0.6771383
47 0.3069236 -0.6099868
517 0.36165068 -0.58480316
283 0.16203016 -0.67808956
455 0.4792332 -0.5224773
518 0.20638764 -0.6592075
6 0.3306609 -0.5955802
31 0.34341633 -0.59192806
39 0.30365512 -0.60704607
449 0.4733916 -0.531127
221 0.29343888 -0.61465454
46 0.42488685 -0.5524902
486 0.46454528 -0.5300942
203 0.25155562 -0.6351109
241 0.34037387 -0.59396285
310 0.13171414 -0.69479275
54 0.34918875 -0.5880052
146 0.19966425 -0.6623763
325 0.20876862 -0.65525323
391 0.14460684 -0.684814
561 0.12230548 -0.6955128
429 0.4146902 -0.5544776
112 0.3809041 -0.5694828
133 0.22389328 -0.65328616
110 0.82461154 -0.36359727
204 0.47487706 -0.5239777
568 0.4476905 -0.5396154
428 0.09027535 -0.71033555
401 0.2493465 -0.6339134
135 0.6383448 -0.45235336
398 0.31925446 -0.60338473
117 0.13358647 -0.6944692
482 0.38641325 -0.5681615
380 0.36311477 -0.5800476
82 0.20371237 -0.66166234
446 0.36217472 -0.5845977
177 0.2941893 -0.6175087
371 0.24163494 -0.6368803
537 0.29903424 -0.6124308
541 0.18310821 -0.66388756
477 0.34953764 -0.58934546
565 0.47813976 -0.52389723
368 0.36089528 -0.5788711
208 0.45679948 -0.5367659
525 0.36588 -0.57827836
103 0.41880408 -0.5475143
462 0.37100115 -0.57434285
188 0.19506575 -0.6646064
514 0.11025005 -0.7054944
75 0.23738016 -0.6430496
331 0.11046835 -0.6990399
83 0.37310186 -0.5773148
552 0.28614795 -0.61993986
440 0.15135351 -0.6852214
497 0.37554154 -0.5657954
138 0.20022316 -0.6608688
178 -0.049901534 -0.7840519
7 0.18069834 -0.6723342
382 0.23533113 -0.64371693
125 0.38070297 -0.57256144
527 0.4305721 -0.5472779
239 0.57236606 -0.47939092
444 0.13393253 -0.6919526
217 0.19220516 -0.6608907
424 0.32710394 -0.5966723
503 0.39522985 -0.5652608
141 0.20623758 -0.65602005
532 0.23380522 -0.63877606
220 0.35058066 -0.59013695
53 0.39401475 -0.56272876
228 0.17231116 -0.66826314
175 0.41938123 -0.5518092
465 0.47345015 -0.5278393
160 0.19379015 -0.6605498
494 0.3141622 -0.6048109
409 0.4316696 -0.5482165
504 0.38051066 -0.5661997
566 0.1569909 -0.6774569
580 0.32738763 -0.59844047
89 0.16108309 -0.67907774
205 0.2933031 -0.61302054
591 0.52955794 -0.50073403
171 0.17042354 -0.67258203
210 0.2293408 -0.64588195
73 0.36158854 -0.5775516
100 0.4005481 -0.5587307
417 0.12598744 -0.69773227
197 0.22437721 -0.6454198
544 0.38413128 -0.57096845
72 0.20092444 -0.6596937
85 0.36387205 -0.57370836
355 0.41677096 -0.55490696
202 0.2177914 -0.6502731
413 0.13760808 -0.6939992
192 0.35861894 -0.58712816
194 0.22415257 -0.64934933
8 0.16382407 -0.67508787
169 0.39630792 -0.56530356
14 0.2807182 -0.6200278
22 0.015648602 -0.7476097
118 0.1744481 -0.6712164
347 0.39477345 -0.5645977
107 0.24809688 -0.6354355
363 0.052565422 -0.7350309
195 0.3151935 -0.6046909
187 0.4473969 -0.5397788
498 0.3258846 -0.60029596
159 -0.023208076 -0.76663625
225 0.15293072 -0.68175596
162 0.3973134 -0.5642502
201 0.14026754 -0.6879638
94 0.2190099 -0.6457357
232 0.11190409 -0.7031575
352 0.43594682 -0.54520607
173 0.15617949 -0.6829963
284 0.34940234 -0.5893652
76 0.12376405 -0.69801563
124 0.42846438 -0.5517032
236 0.18010257 -0.6725629
120 0.2913595 -0.61368287
317 0.4873041 -0.52214146
357 0.37416855 -0.57331884
523 0.4032466 -0.56401896
407 -0.08566344 -0.79888517
322 0.16802414 -0.67364454
458 0.39618334 -0.5655221
66 0.2579019 -0.6300802
123 0.23301645 -0.648697
501 0.30404273 -0.6118262
366 0.2459545 -0.63915503
30 0.2790016 -0.61626834
389 0.25387216 -0.6322431
589 0.27244642 -0.62652713
377 0.087807454 -0.71008515
337 0.42073253 -0.5550201
426 0.1737183 -0.67293185
540 0.38708162 -0.5683423
155 0.14246796 -0.68913966
50 0.3761029 -0.5711075
143 0.62152934 -0.4568291
547 0.241255 -0.6383831
526 0.43663976 -0.54635024
243 0.4305196 -0.5437865
199 0.36695638 -0.57981503
198 0.5243975 -0.5025173
182 0.37964606 -0.5748235
70 0.13628551 -0.69374436
550 0.14277597 -0.68606913
460 0.51294607 -0.5076708
375 0.29513723 -0.6178169
226 0.4875505 -0.51725
176 0.234031 -0.64263767
430 0.25299776 -0.6356017
16 -0.0076637533 -0.7569357
131 0.23795888 -0.6391676
200 0.52106327 -0.5061862
25 0.39840865 -0.5649393
484 0.34240746 -0.5906955
493 0.3078721 -0.6097974
134 0.2840995 -0.6224757
507 0.39974445 -0.5600052
209 0.1887823 -0.6610515
49 0.30476338 -0.6058179
285 0.4796463 -0.52680194
215 0.29023454 -0.61618805
139 0.2180743 -0.6474101
164 0.16762426 -0.67645895
522 0.28164858 -0.6181455
57 0.25472558 -0.63134354
351 0.3409654 -0.59610397
23 0.22917621 -0.64273417
186 0.33704206 -0.59326065
300 0.33547118 -0.5950093
51 0.3922588 -0.5634796
506 0.5899268 -0.4707495
439 0.29279286 -0.61534595
481 0.2581489 -0.63235044
573 0.22836408 -0.64458627
515 0.16680163 -0.6787085
468 0.028072748 -0.739349
292 0.32873008 -0.5988595
452 0.051864076 -0.7328259
411 0.35247734 -0.5845839
189 0.33749035 -0.59516686
136 0.3000895 -0.61250407
318 0.41846678 -0.55778456
213 0.1936395 -0.663998
55 0.37232637 -0.5746201
421 0.33909032 -0.59987354
588 0.26027733 -0.630199
244 0.2893367 -0.61404324
535 0.220628 -0.6550036
104 0.42422414 -0.5514448
463 0.17070891 -0.67533964
437 0.11863145 -0.69794005
149 0.15217948 -0.68467605
488 0.3261872 -0.594119
18 0.3278795 -0.601596
290 0.3228172 -0.6004986
376 0.24384236 -0.64002407
534 0.1033864 -0.70962423
572 0.5175967 -0.504623
26 0.32714173 -0.59970415
218 0.2673142 -0.62311906
383 0.30700773 -0.60778767
556 0.46667868 -0.5227009
190 0.5160226 -0.5075589
418 0.40328443 -0.5582498
431 0.23494625 -0.64279556
12 0.424415 -0.54990256
301 0.23912352 -0.6394112
165 0.3557005 -0.5767452
79 0.43356067 -0.5530097
447 0.06589238 -0.7263498
185 0.19709808 -0.66052586
224 0.29611427 -0.6118277
296 0.3327061 -0.5925153
207 0.1453372 -0.6894547
5 0.2856079 -0.6136563
587 0.17375404 -0.66915727
128 0.5570426 -0.48744616
308 0.2476704 -0.63757527
219 0.37578204 -0.57528985
483 0.31909946 -0.6023874
229 0.21731004 -0.65315866
502 0.27942264 -0.62309825
101 0.47841716 -0.5294905
179 0.32274622 -0.596884
320 0.15268956 -0.6787066
434 0.11145322 -0.69857293
4 0.47436017 -0.52524495
97 0.20665078 -0.65146106
338 0.66965216 -0.4306581
68 0.30171517 -0.6102086
340 0.118064076 -0.69283
456 0.28809282 -0.6176381
438 0.15213914 -0.680328
180 0.17069899 -0.6751882
28 0.11319526 -0.7041077
344 0.18972157 -0.6653158
529 0.2718511 -0.6246877
473 0.32455286 -0.598028
151 0.4109527 -0.55543935
422 0.29411337 -0.6123131
152 0.45306888 -0.54020894
17 0.050054062 -0.7291613
312 0.25632042 -0.6338439
10 0.21983026 -0.6482479
342 0.11157159 -0.7003199
56 0.37673947 -0.5768613
90 0.5242562 -0.50260466
81 0.263874 -0.62875885
554 0.476732 -0.52828556
170 0.17654622 -0.6696756
423 0.119698845 -0.70216876
191 0.09020172 -0.7088834
86 0.26429954 -0.6265434
88 0.33051983 -0.5970716
364 0.33623087 -0.590033
156 0.26114264 -0.63500607
562 0.18541832 -0.66569936
147 0.27727747 -0.62204653
65 0.31120387 -0.6066484
489 0.24488689 -0.6357027
212 0.3299944 -0.59975326
297 0.057542894 -0.7267094
336 0.42178613 -0.5515163
87 0.17607147 -0.6692459
161 0.19039647 -0.6566186
184 0.50507855 -0.51725376
126 0.3048895 -0.6116558
293 0.43198884 -0.5472927
495 0.17563835 -0.6745026
475 0.2934528 -0.6093688
168 0.33765742 -0.59084386
543 0.34573108 -0.5888099
29 0.17471357 -0.6792656
384 0.11859879 -0.694238
328 0.22499125 -0.64488685
38 0.29672977 -0.61297435
32 0.33291748 -0.5941783
302 0.26461306 -0.6321174
15 0.24669161 -0.6362793
174 0.45403773 -0.53198916
116 0.25897667 -0.6305802
404 0.11198226 -0.70271254
559 0.40566295 -0.5600019
579 0.09108394 -0.71323943
354 0.2127936 -0.65188
350 0.62100244 -0.4536051
358 0.16663566 -0.67705
332 0.3715783 -0.5774645
450 0.4905285 -0.5177359
132 0.3655613 -0.5748719
570 0.27416188 -0.62613803
563 0.33003178 -0.5950035
441 0.21605697 -0.65428567
315 0.50428975 -0.51195145
553 0.50126934 -0.52142256
78 0.41736117 -0.5555976
230 0.25820342 -0.6253347
392 0.503737 -0.5129473
435 0.48138705 -0.51932573
119 0.19572033 -0.6636445
58 0.41303238 -0.55969113
237 0.5092013 -0.51106185
496 0.076388344 -0.7201676
505 0.34671146 -0.58496875
329 0.22901912 -0.6447132
408 0.3427715 -0.59153223
381 0.52426326 -0.50662386
577 0.41060388 -0.55710596
106 0.41135788 -0.5589061
464 0.16021627 -0.6770603
571 0.3764203 -0.5750432
531 0.3979835 -0.5642496
216 0.044021294 -0.7373088
9 0.4984251 -0.5143303
163 0.16033645 -0.67790264
399 0.1523444 -0.6840359
516 0.07691385 -0.71995646
231 0.19029306 -0.6718876
246 0.5008164 -0.515917
353 0.28846666 -0.62040704
92 0.21849959 -0.6495551
369 0.15662101 -0.6819936
242 0.34021628 -0.59000516
361 0.40167865 -0.56441104
111 0.5372985 -0.49771947
427 0.2891537 -0.6188299
166 0.30527538 -0.60749155
122 0.32916018 -0.6006928
359 0.17960402 -0.6717035
309 0.40374282 -0.5613747
492 0.46987417 -0.5317413
121 0.28868237 -0.6195828
387 0.383464 -0.5710243
289 0.5618859 -0.48306516
397 0.22502212 -0.64813894
326 0.2899298 -0.61022305
448 0.14823271 -0.68418604
214 0.28710458 -0.61576176
321 0.6656327 -0.434172
386 0.41805357 -0.5533149
114 0.34865624 -0.58709484
373 0.448363 -0.5403894
356 0.5186839 -0.50658
472 0.1743629 -0.6699115
471 0.35865048 -0.5838219
67 0.21208344 -0.65199256
37 0.15093775 -0.68295693
234 0.07142501 -0.71725124
19 0.41906792 -0.5536529
470 0.24287798 -0.63501334
77 0.42438737 -0.5509032
145 0.06528123 -0.7266222
367 0.25043693 -0.6289555
400 0.2897925 -0.62022334
40 0.34081283 -0.59122336
443 0.3929547 -0.56147206
60 0.07643746 -0.71946156
586 0.35363322 -0.58150566
59 0.5536415 -0.4862868
569 0.31893256 -0.5978408
539 0.3758795 -0.57637936
395 0.43829763 -0.54914755
420 0.16291125 -0.6784098
96 0.4184808 -0.55695516
585 0.14925657 -0.6813407
425 0.44164354 -0.5421924
108 0.12585166 -0.69237024
499 0.28207442 -0.62080055
339 0.20582879 -0.6545721
479 0.27742672 -0.6220795
313 0.26719514 -0.6260925
129 0.69615686 -0.42907605
13 0.30966103 -0.60367715
551 0.13357905 -0.6942504
334 0.3586815 -0.5880939
582 0.45414245 -0.5371202
35 0.4073249 -0.55602425
245 0.5178316 -0.50740767
578 0.2363676 -0.64246505
349 0.39967027 -0.56277895
44 0.2419223 -0.6364112
333 0.35429388 -0.57965493
62 0.5135892 -0.5107475
394 0.41182545 -0.5564514
478 0.14540347 -0.6850652
574 0.31470796 -0.6021852
500 0.24177228 -0.63754237
480 0.08417641 -0.7162735
172 0.19365627 -0.6618072
34 0.1928213 -0.66329247
240 0.5261636 -0.49978665
24 0.09970788 -0.7071555
113 0.31697112 -0.60505664
402 0.29390115 -0.6155469
307 0.13261817 -0.6858322
557 0.18323694 -0.66981715
227 0.3134575 -0.6006067
183 0.45531484 -0.53390163
150 0.48663172 -0.522975
305 0.34383228 -0.58590007
288 0.6509265 -0.44160596
323 0.37289867 -0.57596785
524 0.37759483 -0.57587767
378 0.17784294 -0.67165923
130 0.26416236 -0.62338346
469 0.21780126 -0.65119433
98 0.31499797 -0.6003394
61 0.3252262 -0.5958634
233 0.048153356 -0.734037
63 0.39762366 -0.5643517
286 0.5509874 -0.48863187
11 0.30034885 -0.6146066
181 0.48315188 -0.528923
223 0.264968 -0.62773174
20 0.17625122 -0.67139137
419 0.3810502 -0.5730967
43 0.02296939 -0.7445098
436 0.13469118 -0.6947377
335 0.6696587 -0.43621656
528 0.284361 -0.6160178
453 0.27026448 -0.62768495
558 0.3788738 -0.57222253
491 0.5173969 -0.50117
193 0.17865837 -0.66836226
360 0.18473561 -0.6749544
303 0.1274833 -0.69487673
167 0.35504025 -0.5879799
388 0.35618624 -0.58662695
48 0.32745826 -0.5973351
442 0.181462 -0.66661936
575 0.4535655 -0.53644156
64 0.2156004 -0.6509087
512 0.1956706 -0.6632699
154 0.36510825 -0.5807222
457 0.03953127 -0.73169607
414 0.4242451 -0.5533108
416 0.20299847 -0.65872276
115 0.44243407 -0.54587686
127 0.30942163 -0.60704005
80 -0.024505384 -0.77008575
520 0.21004826 -0.66055346
374 0.16764085 -0.6733433
299 0.34427226 -0.58941954
555 0.40025708 -0.5622025
316 0.4407038 -0.5434105
521 0.531814 -0.49980816
345 0.36745572 -0.5764611
538 0.31691477 -0.60744405
362 0.312435 -0.607726
509 0.33786017 -0.5950766
542 0.21359271 -0.6552387
485 0.3858682 -0.56925523
590 0.1301545 -0.6938775
560 0.41634354 -0.5516722
3 0.32690486 -0.6008448
91 0.13844888 -0.68959075
405 0.26073736 -0.63332117
291 0.14205222 -0.686853
21 0.4084168 -0.5592722
109 0.42733747 -0.5512162
343 0.29575062 -0.61198276
41 0.113460384 -0.70136964
474 0.29399112 -0.60942465
508 0.37298897 -0.57068634
459 0.40188774 -0.56131357
311 0.15359062 -0.67924666
137 0.3217338 -0.59646094
330 0.23842244 -0.63978654
467 0.1272919 -0.69721097
294 0.37015492 -0.57887304
581 0.20502375 -0.6592777
461 0.29677233 -0.6121456
530 0.4307658 -0.5444797
196 0.22003114 -0.65637666
235 0.19331239 -0.6661818
490 0.15950504 -0.6830191
157 0.36359134 -0.5754525
466 0.4353717 -0.5531587
158 0.19594344 -0.6591874
42 0.3827442 -0.5737526
148 0.5392344 -0.49774045
511 0.31235015 -0.6031058
71 0.37321246 -0.57492644
105 0.24109533 -0.64067894
93 0.30813882 -0.6078183
153 0.18566619 -0.66191566
36 0.38892287 -0.5664602
406 0.04147531 -0.7347172
306 0.22405253 -0.6493509
287 0.34306172 -0.58631396
99 0.15440123 -0.6790256
144 0.18339522 -0.6655132
536 0.43291703 -0.55192643
533 0.51969427 -0.50301677
393 0.3100567 -0.60605025
327 0.5921947 -0.47196314
278 0.36247632 -0.58213305
433 0.43078116 -0.546767
281 -0.017268218 -0.7664731
324 0.4451326 -0.5473165
222 0.17447487 -0.6687479
445 0.51313823 -0.5080257
372 0.47223714 -0.5232946
519 0.1274854 -0.6962923
140 0.36818954 -0.57955754
282 0.4588242 -0.53737503
348 0.07084925 -0.7224152
33 0.17108159 -0.67011285
52 0.20747885 -0.65827173
95 0.17187703 -0.6732041
238 0.4705055 -0.5261938
583 0.058301736 -0.7246579
476 0.25209966 -0.6326662
549 0.38938403 -0.5680726
280 0.2143857 -0.65712565
279 0.2077058 -0.65087086
295 0.38581643 -0.56960535
451 0.33324665 -0.5936891
314 0.20499401 -0.65387875
27 0.16527526 -0.6741751
74 0.21900462 -0.64655656
206 0.2741726 -0.62226003
1 0.6186068 -0.46390882
247 0.5887976 -0.46791238
