1553 2
48 -0.55295223 -0.3753069
1233 -0.5606252 -0.3660228
370 -0.64872515 -0.20670007
472 -0.7415559 -0.058965117
556 -0.70968276 -0.11009827
336 -0.6017566 -0.2924669
552 -0.61790407 -0.26969504
806 -0.61409456 -0.27574402
1032 -0.47220343 -0.525982
1128 -0.62221223 -0.26673946
252 -0.5596522 -0.3732365
880 -0.5092031 -0.46493998
1488 -0.48080483 -0.5099479
810 -0.5337135 -0.41369516
1384 -0.59521484 -0.31426904
1446 -0.66088134 -0.19101653
988 -0.5409243 -0.39615068
833 -0.64692324 -0.21740015
672 -0.5117504 -0.44529194
465 -0.64414334 -0.2229453
215 -0.6119608 -0.27082953
1275 -0.53768575 -0.402085
130 -0.69154817 -0.14729325
1368 -0.58405805 -0.33759713
644 -0.46676612 -0.53411317
1358 -0.44761315 -0.555828
1480 -0.58103967 -0.3333188
958 -0.534029 -0.40560186
757 -0.5666931 -0.35030174
980 -0.5492819 -0.36909837
1280 -0.66371983 -0.18778175
145 -0.5389137 -0.40955672
216 -0.6529177 -0.20104514
412 -0.6166822 -0.27376664
890 -0.63067377 -0.24405028
1271 -0.6080899 -0.2977658
1046 -0.6033983 -0.29573587
949 -0.4291886 -0.60796356
1522 -0.6259261 -0.24895237
1479 -0.5675425 -0.3658894
1510 -0.5749903 -0.34243402
294 -0.5820845 -0.32308197
717 -0.6060431 -0.28856602
987 -0.5006247 -0.4640457
970 -0.6218179 -0.25106356
411 -0.7381016 -0.06638412
673 -0.5517101 -0.38291925
399 -0.5054565 -0.47070038
1563 -0.6140926 -0.28000376
1126 -0.60609347 -0.28886956
836 -0.40826088 -0.62907356
349 -0.71112555 -0.10774442
204 -0.68018633 -0.16822103
665 -0.67887753 -0.16409515
351 -0.5716479 -0.3416864
542 -0.5554579 -0.3834979
967 -0.49228182 -0.49420843
1380 -0.58172846 -0.3247928
363 -0.43890497 -0.5817825
402 -0.7306388 -0.07106426
25 -0.60882413 -0.2914967
1395 -0.626651 -0.25405347
544 -0.44273615 -0.56545377
10 -0.6366005 -0.21532916
1330 -0.49426618 -0.4848069
1492 -0.4442997 -0.58018386
800 -0.49283797 -0.48314562
28 -0.51091 -0.4470295
1104 -0.6457223 -0.22358575
526 -0.47185183 -0.51157206
1503 -0.5528318 -0.37631533
1403 -0.6623118 -0.19142939
177 -0.72241133 -0.08099413
904 -0.6229829 -0.25654528
1580 -0.51398575 -0.444612
760 -0.59939384 -0.30862188
957 -0.5731325 -0.34956184
871 -0.6786607 -0.1617344
863 -0.57904404 -0.32550493
168 -0.60795784 -0.27990603
780 -0.53822845 -0.395386
128 -0.5976421 -0.31287578
1252 -0.5419276 -0.3989215
1254 -0.7301443 -0.080907635
1483 -0.8006704 0.058856793
384 -0.6810971 -0.16888337
1124 -0.5830112 -0.32237303
1149 -0.70090854 -0.12851
376 -0.62367773 -0.25517172
845 -0.56725836 -0.35291234
1401 -0.6643851 -0.19055815
1560 -0.6007348 -0.29764077
1179 -0.65730417 -0.200488
1420 -0.57610387 -0.33347914
427 -0.6289018 -0.2576133
1007 -0.50377864 -0.4550244
1412 -0.47440526 -0.51469594
86 -0.717742 -0.088268846
774 -0.520424 -0.4316062
821 -0.65277207 -0.20571542
825 -0.62090766 -0.2706555
282 -0.7485476 -0.033610553
913 -0.63996667 -0.22595969
974 -0.6004939 -0.28624016
471 -0.61461586 -0.26750487
159 -0.72318435 -0.09293675
656 -0.6186236 -0.2552844
278 -0.62265027 -0.266518
1419 -0.48544675 -0.48511773
1575 -0.5477372 -0.39153746
1332 -0.6441531 -0.21768858
1514 -0.5890208 -0.32502446
1156 -0.5125594 -0.44395655
1260 -0.5494403 -0.38724157
1010 -0.5101322 -0.45938328
847 -0.59366834 -0.31187356
1334 -0.53442657 -0.41442835
299 -0.6391261 -0.23243469
306 -0.41428903 -0.62869173
238 -0.6220394 -0.25608343
369 -0.6886178 -0.14473037
868 -0.7213979 -0.10226807
872 -0.73334885 -0.0667809
1167 -0.6318626 -0.2368973
498 -0.57379186 -0.33781248
210 -0.6581366 -0.19615003
453 -0.4785679 -0.5034446
1338 -0.5819475 -0.34111586
873 -0.55870014 -0.3649025
824 -0.63564163 -0.23969051
839 -0.50482 -0.4572494
932 -0.6349033 -0.2369336
53 -0.45954725 -0.5327141
311 -0.4697916 -0.52037144
840 -0.60471016 -0.29888624
734 -0.5012063 -0.4603985
309 -0.51452625 -0.4391309
157 -0.596485 -0.30789155
945 -0.7025775 -0.12829983
1357 -0.6466499 -0.22441486
865 -0.49117538 -0.48815826
181 -0.6427689 -0.23393013
1508 -0.5625806 -0.35398424
1261 -0.54344416 -0.39613116
196 -0.5910801 -0.30747572
690 -0.4963056 -0.48053038
954 -0.6022952 -0.304007
986 -0.52976644 -0.4311967
799 -0.49872625 -0.47345576
1146 -0.597054 -0.30305204
947 -0.57375324 -0.34545836
1329 -0.5304809 -0.41388476
702 -0.6791794 -0.16333303
643 -0.6107514 -0.27746782
124 -0.6358202 -0.23973604
83 -0.56691813 -0.35358772
355 -0.6390404 -0.24276416
241 -0.6555064 -0.20742007
430 -0.59878117 -0.30750498
184 -0.59535277 -0.32004294
761 -0.6611044 -0.18723588
1314 -0.583702 -0.32589594
1028 -0.617958 -0.26027054
638 -0.52095765 -0.44060734
286 -0.49732953 -0.46654797
27 -0.7172582 -0.10897729
1247 -0.45981938 -0.54756033
703 -0.6225495 -0.25781086
729 -0.43546733 -0.57355434
948 -0.6815764 -0.16485631
1551 -0.6681011 -0.18206775
1511 -0.68316835 -0.1583778
661 -0.5764864 -0.33279818
841 -0.44222677 -0.5691596
862 -0.51452667 -0.45093495
449 -0.55958503 -0.3585927
704 -0.58474404 -0.32173306
1077 -0.4854153 -0.4968892
1565 -0.47438282 -0.51680136
815 -0.67027664 -0.17264846
1416 -0.7020727 -0.12689146
805 -0.54338896 -0.3977704
1074 -0.5548074 -0.37498745
1410 -0.52732563 -0.408053
266 -0.5887372 -0.32129267
1086 -0.57863927 -0.33724892
759 -0.7148293 -0.10577874
393 -0.6526753 -0.21543908
636 -0.5311122 -0.4186478
776 -0.5261775 -0.42980254
568 -0.5640431 -0.35957634
541 -0.5450831 -0.39607647
483 -0.6020768 -0.29273346
1055 -0.6223373 -0.25664335
1528 -0.64607286 -0.21805927
1066 -0.6136248 -0.27015448
1216 -0.67125183 -0.17599238
386 -0.6031879 -0.29473534
699 -0.63961846 -0.22828741
1224 -0.5598633 -0.3697863
902 -0.57687795 -0.33187047
95 -0.6943777 -0.14033464
478 -0.49566707 -0.4698863
354 -0.6435723 -0.23100303
952 -0.6050856 -0.29213747
1172 -0.57288456 -0.3415329
898 -0.5630685 -0.34505564
261 -0.48529017 -0.50566787
996 -0.5512566 -0.38344193
420 -0.57182544 -0.3431437
221 -0.5009032 -0.47129032
1571 -0.6970917 -0.1298594
1437 -0.5811763 -0.32774356
887 -0.55491096 -0.37362555
318 -0.6416322 -0.23054779
1333 -0.46253657 -0.54622716
984 -0.72852474 -0.07561904
416 -0.71036303 -0.101828545
927 -0.5583318 -0.37977058
1328 -0.47640184 -0.51600105
1258 -0.59659946 -0.30124617
1349 -0.6311937 -0.24768038
1397 -0.5205567 -0.4370403
394 -0.5569024 -0.38661683
447 -0.5816408 -0.3260166
923 -0.5548808 -0.37862158
792 -0.6213749 -0.2577064
255 -0.5964607 -0.30900446
285 -0.5813529 -0.338091
404 -0.54928863 -0.37848872
359 -0.62153774 -0.25548208
358 -0.5601387 -0.3659688
1523 -0.7215601 -0.090726495
342 -0.6210275 -0.2661985
1424 -0.5417774 -0.39405778
33 -0.48146033 -0.5034951
1186 -0.6399781 -0.2398347
176 -0.6237803 -0.24183261
875 -0.70809054 -0.113558315
1210 -0.63052994 -0.2412976
156 -0.6320422 -0.24045822
335 -0.52416056 -0.43728954
548 -0.6277468 -0.24919784
1550 -0.6251639 -0.2523217
475 -0.5324012 -0.41067687
1578 -0.6629502 -0.19284841
38 -0.6396637 -0.2341316
979 -0.63030213 -0.24608292
1525 -0.5756948 -0.34048134
796 -0.55181015 -0.38828775
1040 -0.60879695 -0.28043395
1118 -0.6680917 -0.18615578
76 -0.5632387 -0.36881325
400 -0.4582488 -0.5426852
538 -0.5666046 -0.36078227
423 -0.63969415 -0.23218404
659 -0.57609814 -0.3345588
705 -0.51012987 -0.45573798
830 -0.4855876 -0.5041608
280 -0.4935348 -0.4870254
454 -0.7046794 -0.11743458
125 -0.6150318 -0.28455597
896 -0.61455894 -0.28451732
916 -0.424488 -0.60082924
914 -0.67226326 -0.1808243
382 -0.71669596 -0.100421585
895 -0.55620223 -0.38464978
410 -0.6267717 -0.25662896
17 -0.52717394 -0.41331697
15 -0.5389447 -0.4021366
397 -0.6377591 -0.22725911
550 -0.5326861 -0.4229529
709 -0.58366895 -0.3214026
57 -0.5088346 -0.450893
1542 -0.56325084 -0.3651939
258 -0.55833775 -0.37324387
798 -0.59575117 -0.3069643
273 -0.692339 -0.13959421
227 -0.61925983 -0.26860958
87 -0.5180524 -0.45059493
723 -0.545778 -0.39385915
1504 -0.60265225 -0.29307196
243 -0.5735513 -0.35069212
917 -0.5738783 -0.3564779
433 -0.6319034 -0.24663629
553 -0.6037605 -0.29777354
1039 -0.44630823 -0.55638206
1036 -0.6290446 -0.24150604
813 -0.63717765 -0.23370185
1581 -0.51958096 -0.43572247
1340 -0.5641987 -0.36042422
1122 -0.52061033 -0.42635477
626 -0.6467016 -0.21238439
495 -0.6378155 -0.23625547
995 -0.58903724 -0.32600397
941 -0.5989969 -0.30109966
314 -0.56611156 -0.35423365
894 -0.5246852 -0.41157225
915 -0.7037234 -0.109309934
1393 -0.47415504 -0.51768255
1257 -0.65118694 -0.21166404
797 -0.47841498 -0.5046522
779 -0.48477462 -0.48588407
936 -0.4591985 -0.553787
52 -0.5277363 -0.43314925
1269 -0.7976391 0.058081586
413 -0.43546912 -0.5922979
720 -0.5315927 -0.42846322
1415 -0.6508209 -0.21221888
1305 -0.5641473 -0.37068942
635 -0.56619465 -0.34998238
1427 -0.63380563 -0.23746581
99 -0.48349625 -0.5090856
1274 -0.6265771 -0.2579988
343 -0.5507419 -0.38321215
1554 -0.6950868 -0.14289793
777 -0.4927968 -0.48998034
237 -0.645744 -0.2222566
426 -0.53075606 -0.41913593
417 -0.64526194 -0.22933392
823 -0.712376 -0.104031116
1482 -0.6039926 -0.28880242
1123 -0.5170103 -0.43683082
1375 -0.640211 -0.22548164
1078 -0.6217289 -0.2648688
899 -0.68750405 -0.14906372
669 -0.5937356 -0.2993826
1037 -0.4641455 -0.5323293
905 -0.49675083 -0.48336738
390 -0.64076173 -0.23916046
667 -0.6075874 -0.28468338
224 -0.56477946 -0.36182788
1002 -0.5916421 -0.3153224
907 -0.57014143 -0.3486514
333 -0.6587759 -0.19710474
431 -0.5572661 -0.37844086
327 -0.56313777 -0.37069634
277 -0.63142097 -0.23883873
721 -0.5096052 -0.45844316
1381 -0.6934856 -0.12478717
508 -0.38319144 -0.67465305
439 -0.4901964 -0.47697988
645 -0.55368274 -0.35996586
340 -0.51840085 -0.43245777
1270 -0.47418782 -0.5195469
1487 -0.6349334 -0.23168236
795 -0.5535789 -0.38690832
1005 -0.5336294 -0.41736743
481 -0.57544196 -0.34739193
1203 -0.630669 -0.2427097
1263 -0.76528895 -0.018446993
1352 -0.5165239 -0.4448113
1327 -0.60921055 -0.274444
175 -0.6598032 -0.1917445
804 -0.5450679 -0.38330656
694 -0.5390837 -0.4093465
458 -0.540966 -0.40437555
270 -0.49406263 -0.48045307
771 -0.48890832 -0.49118567
463 -0.61073273 -0.27921385
245 -0.6135216 -0.2766428
681 -0.58626044 -0.32320446
528 -0.51168734 -0.45952713
1020 -0.60379535 -0.28999048
1353 -0.61717474 -0.27559212
381 -0.54254013 -0.39243788
334 -0.5465842 -0.39752963
1084 -0.55459875 -0.3748155
557 -0.6954111 -0.13820563
535 -0.48909426 -0.48781982
217 -0.63751656 -0.24141702
928 -0.53727275 -0.39321703
1516 -0.5318364 -0.4105093
219 -0.6353899 -0.23431614
866 -0.5396579 -0.4045626
1429 -0.61472946 -0.28105995
663 -0.54327124 -0.38480818
120 -0.6762313 -0.16474351
855 -0.66930777 -0.19064593
466 -0.5932237 -0.3126495
801 -0.47062838 -0.5288253
123 -0.5010496 -0.48342335
1212 -0.6056799 -0.28285974
1044 -0.53732026 -0.3994152
782 -0.4420522 -0.5720623
1407 -0.5124282 -0.4483951
658 -0.635686 -0.23204608
1404 -0.71721745 -0.09593007
1273 -0.66351086 -0.18228255
1051 -0.798968 0.04821864
368 -0.59707856 -0.30167657
675 -0.5250578 -0.43288672
254 -0.66449296 -0.19179073
679 -0.6874556 -0.14571945
1240 -0.59434444 -0.30538428
172 -0.70256793 -0.11932
387 -0.45513985 -0.5491666
1373 -0.572316 -0.35383615
315 -0.6286164 -0.25645784
1409 -0.66217166 -0.18973827
944 -0.5876954 -0.3187955
998 -0.6538513 -0.20945695
474 -0.44257572 -0.5722171
1069 -0.49737558 -0.4793591
497 -0.5647101 -0.3601621
1316 -0.54564023 -0.38522565
436 -0.6475223 -0.21022797
371 -0.5988901 -0.29377
877 -0.55428904 -0.3779811
79 -0.60108 -0.302587
1112 -0.47403014 -0.52118176
1234 -0.5735675 -0.3337341
1057 -0.595521 -0.30414066
244 -0.58477205 -0.32308614
1493 -0.53914326 -0.4108891
9 -0.43684804 -0.58040875
16 -0.65868586 -0.19145918
362 -0.5674987 -0.34994096
889 -0.5509362 -0.3793278
1121 -0.5821186 -0.32587427
1075 -0.59089285 -0.31279227
414 -0.6112889 -0.26404086
166 -0.6444506 -0.2044452
425 -0.5977516 -0.30166367
816 -0.5621733 -0.37351865
1125 -0.64691013 -0.22028251
976 -0.5055079 -0.45489666
684 -0.46329674 -0.53861135
484 -0.5723085 -0.33860207
1545 -0.51624864 -0.44478223
1361 -0.39695576 -0.6498673
1372 -0.61320657 -0.26592517
253 -0.39440113 -0.6536161
1573 -0.4802366 -0.5010557
781 -0.5728248 -0.3361704
740 -0.64525187 -0.21669601
117 -0.551346 -0.38385537
242 -0.6747271 -0.17602438
250 -0.69838053 -0.14836188
464 -0.5754966 -0.3539096
1090 -0.5278245 -0.4228813
1108 -0.53487736 -0.40447906
561 -0.56646234 -0.3462765
230 -0.59764993 -0.29845303
1400 -0.712003 -0.1077156
36 -0.5461255 -0.39179265
926 -0.5976314 -0.30016404
1344 -0.5466482 -0.38086325
1076 -0.6105661 -0.2759623
903 -0.6553065 -0.20307451
476 -0.57278097 -0.3400954
982 -0.6004636 -0.29401314
1506 -0.52063864 -0.4390941
1197 -0.5461191 -0.4046873
1244 -0.4879167 -0.49074537
259 -0.5055196 -0.46316895
682 -0.4805943 -0.5087852
7 -0.5530592 -0.38834876
920 -0.6170437 -0.27323207
554 -0.65171707 -0.20851962
1546 -0.6054589 -0.2903327
126 -0.6046151 -0.29466152
1533 -0.6936509 -0.14487043
1017 -0.71652365 -0.099858575
869 -0.60986537 -0.28242224
1323 -0.48722613 -0.49446157
272 -0.49644127 -0.48367003
809 -0.58252907 -0.31431904
960 -0.6376504 -0.23270401
655 -0.5423211 -0.39842036
304 -0.70559394 -0.1201478
1041 -0.6377147 -0.24877547
901 -0.66302055 -0.18521273
501 -0.58854157 -0.31958634
1004 -0.65733176 -0.19133796
710 -0.5248201 -0.42260495
1555 -0.5929304 -0.30530533
857 -0.6150971 -0.27456322
133 -0.6361803 -0.23235057
965 -0.6796039 -0.16457598
989 -0.5266598 -0.40999687
1317 -0.6032184 -0.29443035
829 -0.5918271 -0.3109336
1318 -0.59607095 -0.30791023
1564 -0.6326988 -0.25204718
339 -0.6234242 -0.2537988
348 -0.54728496 -0.39798722
527 -0.559298 -0.36677635
716 -0.6304306 -0.24322067
975 -0.5272603 -0.42934942
939 -0.7290707 -0.077689394
1505 -0.65099007 -0.22159714
322 -0.5773425 -0.3246727
846 -0.64412594 -0.21926932
366 -0.56268215 -0.36428797
494 -0.6840293 -0.15142442
1556 -0.5587776 -0.3720629
1445 -0.5817199 -0.3271537
858 -0.5915352 -0.3049068
264 -0.61048126 -0.2880732
812 -0.5434167 -0.40202966
1494 -0.5592006 -0.36883494
1070 -0.5760307 -0.3354822
1345 -0.58684313 -0.31888258
22 -0.6323095 -0.2514339
546 -0.5719183 -0.3453594
1351 -0.62446135 -0.25789684
1171 -0.5785146 -0.34418115
1119 -0.4316999 -0.59452087
924 -0.4922326 -0.4901012
482 -0.76736283 0.006880939
1114 -0.59067273 -0.29958877
950 -0.44571146 -0.5656401
963 -0.5682658 -0.35142675
274 -0.63751805 -0.22914547
158 -0.5398963 -0.41686094
854 -0.5795137 -0.33301374
874 -0.58441174 -0.34493184
445 -0.49715197 -0.4803006
1562 -0.62107056 -0.2702007
1430 -0.6746248 -0.16513233
1311 -0.6070289 -0.2819022
479 -0.6582891 -0.20283829
1331 -0.72618407 -0.0809874
688 -0.47042882 -0.5225561
361 -0.56359416 -0.36429933
32 -0.63443637 -0.2389928
683 -0.5191641 -0.44386703
864 -0.58677864 -0.31127203
77 -0.46199477 -0.5377792
507 -0.624557 -0.25399125
338 -0.5820982 -0.32804105
1513 -0.45823026 -0.54323435
912 -0.623142 -0.25886235
693 -0.56945163 -0.35381067
1071 -0.6966683 -0.13286288
246 -0.69955677 -0.1171229
1570 -0.6341878 -0.24353072
1443 -0.60214275 -0.28656268
1080 -0.53159994 -0.4173314
1067 -0.59587693 -0.30643487
380 -0.5701038 -0.3505683
1411 -0.59581065 -0.30993932
1574 -0.7066447 -0.12866656
23 -0.61250263 -0.28726882
1129 -0.35720667 -0.7264719
969 -0.5562173 -0.36561772
1364 -0.7105403 -0.0942875
446 -0.57433295 -0.34823436
375 -0.62782437 -0.24746023
921 -0.62032974 -0.26473638
200 -0.66597134 -0.18221703
934 -0.593502 -0.3133844
1370 -0.45353228 -0.55593026
1098 -0.42649296 -0.60219663
933 -0.5964408 -0.3103907
794 -0.4147402 -0.6144288
347 -0.65009505 -0.21760562
878 -0.49093738 -0.49699497
972 -0.48355117 -0.49838412
1532 -0.47872975 -0.51497567
856 -0.73638546 -0.05697401
718 -0.4836397 -0.5004295
1501 -0.58923197 -0.32180163
891 -0.6180508 -0.26385123
291 -0.547736 -0.39485902
502 -0.5405019 -0.4047609
946 -0.634753 -0.24575117
1587 -0.61034644 -0.28419548
71 -0.56138134 -0.36806473
418 -0.5854635 -0.32528254
220 -0.5637965 -0.35614496
1229 -0.6245062 -0.2589104
1322 -0.6036845 -0.29199338
118 -0.5019672 -0.46899155
82 -0.537886 -0.39420915
625 -0.545135 -0.39119804
714 -0.5879023 -0.31245825
662 -0.50186855 -0.4691165
1264 -0.6903824 -0.1431423
1295 -0.6295971 -0.25498542
674 -0.5407671 -0.40226126
671 -0.6186912 -0.27349302
1588 -0.45817274 -0.55844253
1021 -0.55477864 -0.3715938
653 -0.53618085 -0.4094308
74 -0.5894213 -0.30877423
499 -0.5145921 -0.45555735
935 -0.52530295 -0.42891675
415 -0.5528826 -0.38093266
753 -0.5471989 -0.40089804
1035 -0.48783368 -0.5028087
485 -0.62891793 -0.24910432
146 -0.6121902 -0.28187656
547 -0.5451485 -0.39170095
434 -0.5128895 -0.4563023
284 -0.58482397 -0.3342026
906 -0.5086211 -0.45220333
715 -0.5311034 -0.42565104
1085 -0.61154366 -0.28437322
531 -0.49441734 -0.47526067
1342 -0.63459563 -0.2351232
396 -0.5027876 -0.47261927
232 -0.6252686 -0.25668466
460 -0.41929656 -0.6096069
212 -0.55978686 -0.3700378
31 -0.5462813 -0.39869648
440 -0.50612015 -0.45287395
817 -0.5000287 -0.46454832
1061 -0.62955457 -0.2479044
722 -0.48084065 -0.51181704
536 -0.46721342 -0.53627664
419 -0.6382905 -0.22819501
1540 -0.48856735 -0.4955189
888 -0.4977841 -0.4813333
1439 -0.56721926 -0.35468093
171 -0.46564513 -0.53144115
785 -0.5998761 -0.30284607
1062 -0.5851121 -0.32357085
1014 -0.5174503 -0.44255957
835 -0.60849124 -0.27745214
1038 -0.5811277 -0.3327902
1099 -0.5495878 -0.37553653
1325 -0.5698536 -0.35705128
1092 -0.60231996 -0.28464144
1165 -0.57665986 -0.3308904
971 -0.54628086 -0.40239897
325 -0.4916944 -0.48162875
377 -0.56104046 -0.36554742
1107 -0.45778227 -0.54466665
403 -0.68032724 -0.16025773
1315 -0.51611537 -0.4560893
1139 -0.42778337 -0.61397654
1292 -0.4698621 -0.5281521
691 -0.5404181 -0.40311682
525 -0.54832613 -0.38445872
707 -0.58227164 -0.33165854
803 -0.53803205 -0.416265
1386 -0.6241003 -0.2537282
818 -0.5908023 -0.3095476
398 -0.6447869 -0.23655796
330 -0.6508211 -0.22345886
392 -0.5609597 -0.36461818
401 -0.6610559 -0.19687885
670 -0.6384073 -0.24177508
697 -0.37709296 -0.6893622
1559 -0.54179543 -0.40117306
480 -0.7118494 -0.10903209
4 -0.55943304 -0.37747866
802 -0.4404292 -0.5823938
456 -0.64516664 -0.22162865
470 -0.5546089 -0.36854824
1093 -0.5255156 -0.42558667
968 -0.4480226 -0.5607963
1198 -0.55211073 -0.37976024
1366 -0.61199814 -0.27627674
1259 -0.4823166 -0.5137784
378 -0.52063036 -0.45130262
29 -0.5902549 -0.31696784
664 -0.53595793 -0.4026525
1572 -0.664454 -0.18456267
1059 -0.62422085 -0.25144312
167 -0.6871412 -0.14613469
668 -0.57341534 -0.34889883
1431 -0.7811102 0.017850144
908 -0.6728368 -0.15795465
1346 -0.6336896 -0.24537839
1151 -0.61849964 -0.26202855
6 -0.693654 -0.14719103
959 -0.55468416 -0.37927747
735 -0.591343 -0.30008957
1265 -0.5924978 -0.31351724
1296 -0.59749514 -0.30954096
1056 -0.54013747 -0.40794456
708 -0.5789567 -0.32840392
1169 -0.54259837 -0.4031782
42 -0.5616592 -0.36937743
1213 -0.6135141 -0.2838003
1277 -0.51789284 -0.43724993
1371 -0.5212688 -0.423567
1177 -0.54642 -0.39227754
39 -0.6004161 -0.3106442
1009 -0.54929215 -0.37954196
1447 -0.57591975 -0.3399783
731 -0.55986124 -0.36537272
1221 -0.50053805 -0.46667746
961 -0.67992246 -0.15724468
634 -0.5648552 -0.3604612
80 -0.5937098 -0.31802246
148 -0.64346343 -0.23350324
787 -0.6128347 -0.27342606
489 -0.5277356 -0.43348733
849 -0.6253472 -0.24750182
151 -0.71335495 -0.09291631
1025 -0.5378532 -0.39858252
319 -0.61447996 -0.28431952
837 -0.52645326 -0.43954065
1585 -0.67742515 -0.15617391
1360 -0.5685432 -0.33974916
1231 -0.55815166 -0.362695
910 -0.5703931 -0.34619454
295 -0.51081234 -0.4437834
1524 -0.5934436 -0.30623588
811 -0.5611251 -0.37473533
239 -0.55043507 -0.38898245
1300 -0.66858023 -0.18355493
503 -0.63147 -0.24742234
136 -0.68559706 -0.15229872
1015 -0.5404062 -0.41651765
468 -0.6684202 -0.17491257
521 -0.49116138 -0.48572573
1530 -0.66028124 -0.18966424
346 -0.5429018 -0.3909053
1307 -0.53239125 -0.41587442
1385 -0.6463603 -0.2177161
1388 -0.52810585 -0.420583
1034 -0.7154353 -0.094704755
1183 -0.59204876 -0.30192444
185 -0.78276724 0.01720134
1158 -0.6198883 -0.26052615
1590 -0.58359426 -0.32806042
1548 -0.61790013 -0.27510646
1402 -0.45868194 -0.5414678
1054 -0.60370165 -0.29588252
1072 -0.6296362 -0.25073352
822 -0.64905953 -0.22241507
1355 -0.50712085 -0.46568438
966 -0.54546255 -0.3971371
1135 -0.6103402 -0.2806184
1190 -0.6014108 -0.28889292
1170 -0.6149315 -0.29147586
408 -0.4974429 -0.47726768
676 -0.5149503 -0.43575475
321 -0.50111854 -0.47992003
307 -0.6372492 -0.23919067
783 -0.41377944 -0.62332714
1306 -0.52232045 -0.41633618
1230 -0.6229915 -0.25591227
1576 -0.6069251 -0.29728845
78 -0.4518969 -0.56225
755 -0.586613 -0.3253521
345 -0.60900956 -0.27905473
1163 -0.5238205 -0.4358754
462 -0.6669165 -0.18259656
477 -0.62946075 -0.25012356
1477 -0.59178406 -0.30693436
121 -0.45347515 -0.5439981
1591 -0.69360065 -0.13740933
1106 -0.6084208 -0.27439758
775 -0.5921175 -0.31549108
1278 -0.59447014 -0.30731547
437 -0.44866103 -0.56720996
1175 -0.6971641 -0.13248163
180 -0.5916489 -0.29537138
178 -0.6440557 -0.22310777
660 -0.4960988 -0.46853146
85 -0.7120156 -0.10853404
316 -0.5203353 -0.43710285
324 -0.59183556 -0.31029707
127 -0.57354534 -0.33284697
1309 -0.61019117 -0.26768675
1184 -0.6518998 -0.20734929
473 -0.7253935 -0.08419248
1541 -0.7501761 -0.041882444
1205 -0.4448735 -0.5755834
35 -0.6010468 -0.30141506
518 -0.66117257 -0.19319226
962 -0.48641735 -0.4913661
1180 -0.5992093 -0.29446074
1176 -0.5431019 -0.40191585
814 -0.5862764 -0.32274848
192 -0.6462538 -0.22437969
1496 -0.58966196 -0.32034454
1558 -0.60490745 -0.27691728
1189 -0.589874 -0.33454984
1324 -0.5972051 -0.31159613
1583 -0.6751543 -0.17569253
233 -0.62179804 -0.2515262
993 -0.5377213 -0.4020997
452 -0.62310475 -0.26347315
64 -0.44815478 -0.5628574
67 -0.66296697 -0.19580245
649 -0.51462525 -0.44466707
559 -0.64551044 -0.21050437
1347 -0.6713325 -0.17657319
47 -0.7671505 -0.01602441
1312 -0.61975855 -0.26896635
1159 -0.41761386 -0.61893123
162 -0.6163775 -0.2703061
784 -0.5191454 -0.42898187
161 -0.5675953 -0.35671327
1053 -0.5813393 -0.32393017
49 -0.6184989 -0.26066664
395 -0.6081902 -0.28926054
1001 -0.48282555 -0.50029695
45 -0.58471054 -0.3290785
831 -0.6457475 -0.21879765
1000 -0.5320878 -0.41727003
356 -0.4185163 -0.61885035
955 -0.63434535 -0.22813597
1567 -0.5726426 -0.33983195
367 -0.6476885 -0.21869951
678 -0.56229347 -0.3486977
129 -0.500281 -0.47682068
1011 -0.64019626 -0.23164493
1235 -0.5444628 -0.39824644
43 -0.554082 -0.38603944
292 -0.60599416 -0.29538825
135 -0.6506195 -0.21405226
1298 -0.62023056 -0.25177473
1217 -0.4593165 -0.5384267
1414 -0.6233605 -0.26237237
555 -0.49626473 -0.47103408
1160 -0.5642242 -0.36473784
754 -0.56912327 -0.3420994
337 -0.500035 -0.4729345
186 -0.6474751 -0.2135558
1589 -0.6114877 -0.27982453
990 -0.44803455 -0.56850815
320 -0.48735124 -0.49664062
1161 -0.66797644 -0.18553579
1211 -0.6450257 -0.21738245
1584 -0.56626916 -0.3651814
838 -0.44089147 -0.5738613
1374 -0.4954083 -0.47844172
1130 -0.554718 -0.3747643
539 -0.5776791 -0.33661383
859 -0.5817779 -0.31815895
918 -0.5944665 -0.31705922
288 -0.54338366 -0.3904295
1209 -0.6710607 -0.17890736
1206 -0.58299136 -0.32595593
13 -0.5937937 -0.30773017
323 -0.6227782 -0.25693485
529 -0.48582444 -0.5072
1529 -0.5224977 -0.44277778
1223 -0.64229494 -0.23163523
96 -0.5875866 -0.3192055
983 -0.41250837 -0.6250083
1027 -0.6175752 -0.266934
826 -0.5875899 -0.32815412
514 -0.55654246 -0.35999796
107 -0.6203616 -0.26652762
297 -0.46977702 -0.5183918
1250 -0.7258924 -0.08316333
62 -0.6864002 -0.14969529
197 -0.506562 -0.46848398
1392 -0.5651351 -0.34913898
1472 -0.56807625 -0.3512717
549 -0.57748985 -0.35243925
1284 -0.6426699 -0.2237967
1050 -0.6409869 -0.22833477
281 -0.6113024 -0.290569
834 -0.61102664 -0.27848786
523 -0.5713778 -0.35811383
886 -0.53127027 -0.43248755
283 -0.6469133 -0.2161216
1109 -0.5992313 -0.30121145
1228 -0.6292823 -0.24547376
1481 -0.6571464 -0.19185118
692 -0.58564633 -0.328833
442 -0.63285863 -0.24272907
506 -0.5585263 -0.37702012
563 -0.5508641 -0.39101097
1369 -0.59721017 -0.30272365
1148 -0.53156096 -0.41438106
737 -0.62255263 -0.25720397
1065 -0.63697135 -0.23234177
20 -0.4769931 -0.5081111
1304 -0.7031702 -0.12538692
650 -0.6659663 -0.17885536
1337 -0.5924564 -0.3109855
930 -0.67180574 -0.17217411
733 -0.7708303 -0.0005699513
1012 -0.5292045 -0.4311895
1116 -0.72952086 -0.084647276
1561 -0.5808555 -0.33521786
788 -0.56053185 -0.3574234
365 -0.72824097 -0.06283795
695 -0.5045634 -0.4653227
786 -0.59422195 -0.31252444
234 -0.5027906 -0.46342123
1359 -0.74570304 -0.05314805
1335 -0.60768163 -0.29166695
1031 -0.52779984 -0.42076525
1534 -0.58979607 -0.32332876
1193 -0.6563938 -0.19802254
1310 -0.5924145 -0.30145702
861 -0.64030254 -0.22207677
657 -0.46385202 -0.5270485
30 -0.5213904 -0.44550306
713 -0.5513301 -0.38609174
344 -0.6788825 -0.17546688
545 -0.5917326 -0.3219912
680 -0.50126994 -0.46754262
1319 -0.6922905 -0.13019702
229 -0.59054667 -0.31376332
1052 -0.4244616 -0.6144849
701 -0.5637917 -0.370437
1239 -0.51986116 -0.43925658
108 -0.63203233 -0.23742728
251 -0.49225235 -0.4766005
1018 -0.53835887 -0.40751493
1536 -0.48330653 -0.507317
1568 -0.5171645 -0.44425893
1520 -0.57524765 -0.3445154
537 -0.66355014 -0.1965116
65 -0.6014347 -0.28913474
383 -0.71987426 -0.090133674
432 -0.5608544 -0.3580918
808 -0.5981138 -0.28880778
719 -0.5947726 -0.30586645
26 -0.6572438 -0.19342513
1268 -0.5591316 -0.36347327
1207 -0.57074434 -0.33457708
769 -0.5160334 -0.4418786
881 -0.4749632 -0.5049784
991 -0.53559303 -0.40475997
308 -0.45905435 -0.53997725
696 -0.555482 -0.37397406
1088 -0.5785888 -0.34919214
1423 -0.53109306 -0.41012168
1586 -0.5348674 -0.4157838
332 -0.5192592 -0.44126052
706 -0.63196874 -0.24680129
303 -0.5097941 -0.45074335
698 -0.511326 -0.46686828
68 -0.47723177 -0.5175397
1157 -0.61281043 -0.28743175
379 -0.492329 -0.49075857
1208 -0.64620996 -0.21144815
564 -0.5786531 -0.33795246
58 -0.45429438 -0.54996836
1144 -0.47633684 -0.5156836
153 -0.60323197 -0.28955302
884 -0.61852837 -0.26929054
155 -0.6517143 -0.2125847
469 -0.5772358 -0.3275708
391 -0.5902782 -0.32123816
1272 -0.4937404 -0.48817584
832 -0.5297759 -0.4276683
883 -0.57653433 -0.3489465
374 -0.6834196 -0.16029169
911 -0.4579725 -0.54968876
104 -0.6164704 -0.27226228
389 -0.5998168 -0.30576658
1285 -0.47350082 -0.5170078
551 -0.5058785 -0.45622054
222 -0.625049 -0.24593171
567 -0.5649181 -0.36292526
110 -0.6821476 -0.16130863
897 -0.70401615 -0.11024794
1079 -0.58498013 -0.32792217
929 -0.5627148 -0.36442375
290 -0.5908699 -0.31054556
364 -0.5627193 -0.35786995
46 -0.47525075 -0.52563995
72 -0.62406766 -0.253605
1117 -0.8054581 0.05368116
198 -0.7150264 -0.09922977
1013 -0.535673 -0.4171109
1133 -0.621752 -0.26024038
981 -0.60751367 -0.29594597
1143 -0.68966883 -0.15036532
1185 -0.62920415 -0.2483518
985 -0.5942165 -0.3033158
34 -0.5069492 -0.45194644
1552 -0.5625999 -0.36597717
438 -0.54892504 -0.38590336
627 -0.46902537 -0.53053313
249 -0.61284566 -0.27005348
486 -0.6981523 -0.12100179
152 -0.58194673 -0.32408383
1063 -0.46612296 -0.5321072
922 -0.54552776 -0.3830289
300 -0.5399962 -0.40652147
240 -0.6032244 -0.28861704
360 -0.65046823 -0.22357038
1204 -0.49984136 -0.45561618
428 -0.52438265 -0.42684475
92 -0.5039777 -0.46381184
1048 -0.63291484 -0.25554058
1348 -0.6726144 -0.1675019
372 -0.5881987 -0.31011063
1413 -0.66766936 -0.1756277
892 -0.47789612 -0.50670844
1120 -0.5384238 -0.40694326
1426 -0.5756869 -0.32993796
256 -0.4822365 -0.5083529
1432 -0.60285956 -0.28537327
112 -0.5470162 -0.39599654
194 -0.6086142 -0.272458
50 -0.3948463 -0.6634109
820 -0.61923677 -0.25680798
1045 -0.5050805 -0.4609291
385 -0.45532054 -0.55297595
1132 -0.59379655 -0.31020194
1276 -0.60073084 -0.29017976
444 -0.46025196 -0.5438036
1153 -0.6317004 -0.24092712
509 -0.6175731 -0.27136928
1138 -0.554438 -0.37889767
850 -0.50186604 -0.474685
646 -0.51836634 -0.4436935
738 -0.57296884 -0.34830904
1220 -0.5224679 -0.44084358
827 -0.720316 -0.10414962
90 -0.55868983 -0.38047326
1178 -0.5411844 -0.40808275
562 -0.5833321 -0.32717583
223 -0.48810002 -0.5068126
666 -0.54147696 -0.3997866
1150 -0.6188575 -0.26547727
1232 -0.57036257 -0.35174885
187 -0.5927115 -0.29529965
575 -0.50838524 -0.44969103
98 -0.69348836 -0.14752294
424 -0.5171232 -0.44457632
373 -0.39603698 -0.6509684
357 -0.5320206 -0.41479102
1376 -0.72555494 -0.084840074
533 -0.5454588 -0.39941704
461 -0.6197329 -0.26539102
1365 -0.55462307 -0.3662564
1218 -0.5901292 -0.3156711
879 -0.5195899 -0.4321192
1155 -0.63059694 -0.24817295
842 -0.7710873 -0.006922226
1495 -0.6709172 -0.17800765
1058 -0.6072115 -0.28849268
1083 -0.53260684 -0.41418728
882 -0.6046023 -0.28158242
296 -0.6430532 -0.23229949
247 -0.55700284 -0.37538072
218 -0.47231686 -0.526854
1100 -0.7595157 -0.021774465
1339 -0.48899326 -0.48236483
977 -0.80928844 0.06417347
199 -0.61891204 -0.26507482
267 -0.5451132 -0.38920984
1517 -0.46181393 -0.5319957
789 -0.5435436 -0.39380717
654 -0.48477387 -0.5012214
66 -0.41847175 -0.6183433
1476 -0.6663159 -0.19668666
1103 -0.57377034 -0.35269266
1382 -0.47275093 -0.5265497
169 -0.53395396 -0.42319325
1019 -0.63438785 -0.23520218
207 -0.60976183 -0.2862794
55 -0.5214408 -0.4320662
225 -0.5307966 -0.41257223
937 -0.5787143 -0.34199682
1199 -0.5682369 -0.34941867
269 -0.64518815 -0.22145839
1362 -0.48230737 -0.5047899
1089 -0.58123094 -0.34058145
1582 -0.8250232 0.09306003
195 -0.500022 -0.48633656
94 -0.56828433 -0.35501614
1111 -0.61695063 -0.26103967
1115 -0.5540326 -0.38549662
1486 -0.4750822 -0.50593394
1187 -0.6356006 -0.2324033
964 -0.58715 -0.32715103
637 -0.55657953 -0.36993283
451 -0.62446 -0.2532621
275 -0.64973706 -0.22839522
312 -0.5802772 -0.33483958
778 -0.48774534 -0.48909962
1422 -0.6115612 -0.28293264
1237 -0.6006938 -0.31423333
1399 -0.53858346 -0.40866876
752 -0.6147343 -0.280772
997 -0.5776315 -0.3363276
150 -0.6125492 -0.28076547
1553 -0.5786481 -0.34369218
1527 -0.6636111 -0.17677568
1238 -0.6778178 -0.16099311
496 -0.6074007 -0.28324342
1389 -0.70319873 -0.123662874
160 -0.6072719 -0.2921606
1047 -0.5405219 -0.3993504
14 -0.68885624 -0.14580952
1387 -0.578172 -0.33350056
1566 -0.45190048 -0.5568608
302 -0.54698133 -0.3950357
687 -0.64366 -0.23300304
532 -0.56906664 -0.3470993
1438 -0.6630214 -0.19224545
1222 -0.5885976 -0.32231894
1253 -0.5181839 -0.43886203
909 -0.6219586 -0.26306653
263 -0.6140611 -0.28258392
530 -0.53044635 -0.41674426
435 -0.5811441 -0.33261824
931 -0.5506231 -0.3899101
116 -0.54320276 -0.38949034
40 -0.6840164 -0.156542
1255 -0.46782377 -0.5247509
301 -0.53782576 -0.40159556
790 -0.58626443 -0.33003736
455 -0.67295045 -0.16867241
279 -0.58652127 -0.3282725
641 -0.55392915 -0.37644118
1136 -0.42918214 -0.6034637
516 -0.6324086 -0.22765082
18 -0.60569936 -0.29602537
942 -0.5948276 -0.29000846
843 -0.51105756 -0.4498443
1354 -0.572251 -0.3425619
1363 -0.5978653 -0.311285
37 -0.6670367 -0.17193215
1082 -0.76377803 -0.019273775
1173 -0.54614246 -0.3903365
711 -0.6630576 -0.19267467
772 -0.75719714 -0.024788301
1262 -0.617797 -0.27510735
1478 -0.5343833 -0.41928878
505 -0.62009466 -0.26984677
951 -0.54657394 -0.37960824
1134 -0.4835911 -0.4980353
1215 -0.6357541 -0.22482216
712 -0.47191176 -0.51482844
1291 -0.59467524 -0.31953797
140 -0.6465061 -0.21707241
407 -0.5742484 -0.3473972
1141 -0.7282544 -0.076572515
1450 -0.6395064 -0.22716282
807 -0.55991197 -0.36761686
1289 -0.59491754 -0.3129013
1502 -0.51293993 -0.4471528
1087 -0.5685174 -0.35353988
756 -0.5817955 -0.33220682
1336 -0.45860457 -0.55327874
1105 -0.5619463 -0.34969506
1154 -0.49335206 -0.47584492
639 -0.6133681 -0.27831736
1301 -0.5418472 -0.407524
1049 -0.5828432 -0.32820928
293 -0.59262776 -0.31075704
1341 -0.51241916 -0.4566761
409 -0.5977003 -0.29921234
994 -0.4966272 -0.4742307
511 -0.55797946 -0.36730915
328 -0.51084805 -0.44917426
1191 -0.67873347 -0.15643764
421 -0.6455557 -0.21519859
1521 -0.5143974 -0.44459644
1060 -0.5685392 -0.3552128
1227 -0.5250257 -0.42075083
1281 -0.55287653 -0.3930398
1140 -0.4342102 -0.58188593
1201 -0.56313497 -0.3660626
1391 -0.4622976 -0.53185874
493 -0.3791989 -0.6795275
642 -0.52874136 -0.42216656
93 -0.65259176 -0.21506019
213 -0.53994566 -0.40364194
467 -0.61374736 -0.26822746
170 -0.6165112 -0.27044788
1321 -0.60117626 -0.30223817
226 -0.6003087 -0.30042472
1379 -0.44415656 -0.5797207
1236 -0.6106379 -0.27808854
1417 -0.7059488 -0.110697284
1377 -0.7108716 -0.09867461
1425 -0.5577985 -0.38035083
1491 -0.6255767 -0.26656005
1428 -0.32989812 -0.7718736
973 -0.6431762 -0.22439627
1436 -0.537973 -0.4021227
647 -0.43083528 -0.5854298
84 -0.51660395 -0.44530037
1343 -0.6745721 -0.17315754
566 -0.62012446 -0.2604223
510 -0.63402516 -0.24062543
1519 -0.6423283 -0.22337985
122 -0.54390013 -0.39616537
310 -0.67565364 -0.17107372
143 -0.56587225 -0.35393834
248 -0.497881 -0.47982395
214 -0.55076784 -0.38609064
1246 -0.5985052 -0.31432363
54 -0.55617267 -0.379958
1202 -0.66688895 -0.18821849
1226 -0.65918493 -0.19477865
1137 -0.6565694 -0.20876583
1326 -0.60076135 -0.3051306
848 -0.5784265 -0.33636773
491 -0.46920428 -0.5334215
1267 -0.5353293 -0.39820892
1396 -0.63211423 -0.24273014
1449 -0.5278931 -0.41790342
513 -0.6031719 -0.29775155
1294 -0.6509749 -0.22018062
81 -0.6606232 -0.20216024
443 -0.68120176 -0.1646889
1378 -0.61039513 -0.2811622
686 -0.5578334 -0.36760643
201 -0.5143189 -0.45324752
448 -0.5363718 -0.40088758
115 -0.4793997 -0.50852615
8 -0.69189924 -0.13524811
75 -0.51658535 -0.44469166
5 -0.46349823 -0.5228006
520 -0.6256966 -0.25525904
943 -0.603463 -0.29028496
70 -0.6030344 -0.29851192
1313 -0.47467336 -0.5297214
2 -0.5691827 -0.3492049
1456 -0.52288145 -0.42124575
732 -0.6536808 -0.20649986
648 -0.60550565 -0.28470203
329 -0.5418527 -0.39236233
876 -0.63410014 -0.23879114
1455 -0.61755127 -0.26239455
134 -0.5960185 -0.3110449
450 -0.6529574 -0.19169836
1195 -0.6459484 -0.22840504
73 -0.58998686 -0.32053122
1102 -0.62404007 -0.25986353
1033 -0.5636011 -0.36440513
573 -0.6448262 -0.2028108
1350 -0.66282904 -0.1962519
560 -0.54504806 -0.3898526
97 -0.52789897 -0.42664284
1408 -0.68017906 -0.16145761
685 -0.5282373 -0.42256084
111 -0.75593036 -0.021306297
741 -0.5028994 -0.46198362
1474 -0.40597394 -0.6253559
1383 -0.5775915 -0.34024167
925 -0.65040714 -0.2121728
1302 -0.5232045 -0.43151832
999 -0.50349516 -0.45870918
1421 -0.65365577 -0.21264991
1248 -0.4926501 -0.48224792
88 -0.6235241 -0.26203278
21 -0.56892014 -0.35213593
1164 -0.5927887 -0.3156737
103 -0.55575454 -0.38429102
492 -0.7084021 -0.1178351
689 -0.49230954 -0.47494677
179 -0.716218 -0.098288074
938 -0.51324457 -0.44216067
331 -0.6173387 -0.25802934
208 -0.5143665 -0.44007596
1200 -0.45035324 -0.5584849
885 -0.55453783 -0.3774154
51 -0.53760433 -0.41574764
1299 -0.61053586 -0.27709445
893 -0.5471643 -0.38412967
276 -0.6070429 -0.28225887
1219 -0.54931813 -0.3847641
793 -0.66994905 -0.18502732
1256 -0.6052125 -0.2892571
828 -0.5051728 -0.4712281
1073 -0.6060467 -0.27928653
1485 -0.45747095 -0.5457488
350 -0.7232201 -0.07795262
265 -0.58611405 -0.32012913
202 -0.45539397 -0.5472723
1507 -0.6230317 -0.25741535
341 -0.56625473 -0.3633486
978 -0.62056035 -0.26497996
183 -0.561446 -0.36340025
940 -0.6881913 -0.14015447
137 -0.7002581 -0.13809775
457 -0.4490377 -0.55269974
770 -0.57399607 -0.35352084
574 -0.49003497 -0.49316338
504 -0.40709934 -0.63686395
1356 -0.41641065 -0.6162037
154 -0.553975 -0.36522195
1030 -0.63022155 -0.24280007
1194 -0.62963897 -0.25863278
1214 -0.47592887 -0.5108613
144 -0.5968575 -0.29879227
141 -0.65542156 -0.21176828
851 -0.64641964 -0.22598203
500 -0.51632035 -0.4470301
730 -0.5343016 -0.41360816
1266 -0.5655893 -0.35766497
139 -0.6548988 -0.20042157
182 -0.482479 -0.5075043
524 -0.5476794 -0.39537054
1225 -0.67432666 -0.15296665
736 -0.5906715 -0.30523366
1460 -0.59002006 -0.3327154
174 -0.4953476 -0.48478764
1026 -0.49726126 -0.4727186
326 -0.74519503 -0.04403885
235 -0.61289495 -0.2759907
1113 -0.66898495 -0.1731225
1287 -0.63531834 -0.22453116
1192 -0.53372127 -0.40315607
919 -0.57033855 -0.34609002
1463 -0.5348677 -0.42497483
700 -0.5379087 -0.41425624
1543 -0.65601206 -0.18901734
1081 -0.6207475 -0.25937393
1241 -0.47939417 -0.4925292
313 -0.63680017 -0.24267545
138 -0.56156427 -0.36251992
228 -0.6909702 -0.14754374
1462 -0.526087 -0.42262515
106 -0.51747394 -0.43769267
287 -0.5733004 -0.34349847
1518 -0.6482208 -0.2034504
773 -0.58266795 -0.3300393
1286 -0.4793547 -0.49825487
1188 -0.59347165 -0.31305328
1293 -0.6612055 -0.19305117
1279 -0.53737867 -0.40544075
131 -0.5850665 -0.32777622
163 -0.585757 -0.32993397
953 -0.6104287 -0.2792768
11 -0.4625682 -0.53703046
1003 -0.58075565 -0.32464576
1577 -0.49126014 -0.4832577
1539 -0.65135247 -0.2188084
1451 -0.7270603 -0.074702844
1008 -0.5663464 -0.35721892
298 -0.7244091 -0.085900314
724 -0.58100784 -0.3369947
305 -0.5751183 -0.3417715
1196 -0.48574725 -0.5061231
791 -0.5877978 -0.30731145
1442 -0.6247663 -0.25474983
1484 -0.56190675 -0.36452278
1016 -0.65634406 -0.20547262
206 -0.66097826 -0.19238111
1242 -0.64131945 -0.22898522
1166 -0.60501564 -0.289746
63 -0.46436834 -0.5436257
819 -0.5619483 -0.36669013
1110 -0.52506065 -0.42715856
257 -0.6126435 -0.28161484
271 -0.7212517 -0.08553824
540 -0.50651175 -0.46229506
852 -0.72670937 -0.08149957
1320 -0.5404717 -0.39997452
900 -0.56101966 -0.36938226
1405 -0.57939076 -0.32682434
1251 -0.53836316 -0.4061892
188 -0.5420137 -0.39677668
1145 -0.49592203 -0.4722003
956 -0.5044841 -0.47223496
490 -0.7067573 -0.11624061
1182 -0.54409885 -0.39762968
268 -0.5752146 -0.33630767
422 -0.56054556 -0.36757624
1064 -0.5798054 -0.33252922
1547 -0.59813285 -0.3049983
209 -0.45610833 -0.54425955
1569 -0.53902286 -0.3980393
860 -0.43477976 -0.5928123
236 -0.67674345 -0.1618393
406 -0.6435557 -0.22455806
289 -0.51769614 -0.45642185
1537 -0.49732447 -0.47275004
1489 -0.5259718 -0.42184693
1042 -0.47884065 -0.50265193
1162 -0.67372227 -0.16865091
1466 -0.51194423 -0.4534172
1181 -0.5710685 -0.35004026
1142 -0.6081878 -0.27725926
1526 -0.61093634 -0.28368235
867 -0.55648726 -0.38519633
1308 -0.67996 -0.16644542
165 -0.6118337 -0.27082533
353 -0.67043513 -0.1710034
1152 -0.5575091 -0.36836338
1094 -0.5359789 -0.40104318
1390 -0.814539 0.080638446
1288 -0.64777714 -0.21701948
260 -0.5088763 -0.45743924
853 -0.5794726 -0.33695355
211 -0.6232464 -0.270509
992 -0.56850123 -0.35180947
515 -0.51508844 -0.4501201
870 -0.48649272 -0.50339955
89 -0.6758747 -0.16587606
142 -0.658046 -0.19506966
190 -0.55789405 -0.37096122
1068 -0.48385367 -0.49134234
189 -0.5268444 -0.43606982
105 -0.5460956 -0.3995168
1448 -0.53407776 -0.40528226
1531 -0.6766726 -0.17153975
1043 -0.40965748 -0.6434304
558 -0.5844527 -0.31784064
1096 -0.5559111 -0.37100267
109 -0.5563248 -0.3720672
1459 -0.70549184 -0.11553061
1131 -0.57536787 -0.33507696
1458 -0.61268735 -0.27388296
758 -0.62797445 -0.24904832
119 -0.6086202 -0.28313804
578 -0.41663408 -0.62191
742 -0.5113512 -0.4504074
317 -0.48150206 -0.49625874
459 -0.6358481 -0.23679319
1394 -0.706168 -0.122058004
577 -0.55358624 -0.38153663
579 -0.6155942 -0.27305222
203 -0.6414722 -0.23184551
12 -0.5713437 -0.35809478
231 -0.42363128 -0.58779126
100 -0.5006182 -0.46653166
512 -0.599822 -0.29953805
1453 -0.56851953 -0.35796025
405 -0.5442881 -0.40016028
488 -0.61740386 -0.27751008
1475 -0.6647731 -0.18811628
191 -0.563491 -0.3486787
113 -0.66382575 -0.19230157
41 -0.6445319 -0.22160304
517 -0.5218781 -0.4211553
164 -0.5985189 -0.3022663
519 -0.7110073 -0.10968134
1174 -0.5920742 -0.32025632
1406 -0.61250675 -0.28078255
132 -0.5604765 -0.37428018
205 -0.5659321 -0.35027844
388 -0.33946946 -0.76076
1549 -0.656472 -0.19490685
429 -0.6266959 -0.25132775
1367 -0.5568325 -0.3761233
1097 -0.54897803 -0.38441554
101 -0.605156 -0.30994675
1512 -0.6171848 -0.27718386
114 -0.8333264 0.10030767
1249 -0.60968554 -0.2839511
1091 -0.44165263 -0.57605606
1469 -0.519339 -0.43782324
1 -0.46224365 -0.54800004
1490 -0.59801686 -0.30776897
1418 -0.57855916 -0.33993328
1147 -0.6152237 -0.28546387
44 -0.5837279 -0.32731706
1579 -0.505704 -0.4729016
534 -0.68899715 -0.14165217
1303 -0.46420205 -0.5322998
59 -0.61620843 -0.27137762
193 -0.6600884 -0.19788437
1471 -0.7709203 -0.0035298837
1468 -0.5243936 -0.42388812
1470 -0.57558334 -0.3482934
1029 -0.6057139 -0.27836245
576 -0.6545093 -0.20637724
91 -0.60341966 -0.30402032
1006 -0.59012157 -0.3220943
844 -0.5669361 -0.35843414
728 -0.5739249 -0.33513415
1515 -0.5381973 -0.4103193
543 -0.4846741 -0.49788633
149 -0.500728 -0.47810256
1509 -0.7212632 -0.09343719
768 -0.49902934 -0.4746029
56 -0.49659967 -0.49482298
739 -0.60273343 -0.29723343
1457 -0.6560693 -0.20025638
1243 -0.63708174 -0.23387773
1245 -0.64505625 -0.21438292
677 -0.57873446 -0.32829565
147 -0.6723708 -0.16871268
262 -0.66132486 -0.18540335
1473 -0.53247744 -0.41666052
762 -0.5528179 -0.37250993
1290 -0.4548808 -0.5492974
651 -0.54253393 -0.39589944
618 -0.60391796 -0.28885004
24 -0.66352105 -0.18005016
1282 -0.7221491 -0.08676529
1398 -0.5015878 -0.46529937
1557 -0.5516529 -0.37963971
1127 -0.5069048 -0.45707065
441 -0.65148 -0.2090485
487 -0.59420365 -0.31682053
764 -0.45567912 -0.5530497
19 -0.6728942 -0.18631212
1095 -0.488693 -0.49184644
102 -0.6916949 -0.13515075
1297 -0.59184057 -0.3184989
1465 -0.629222 -0.24363291
1444 -0.49347255 -0.48339483
623 -0.45798066 -0.5508956
61 -0.69656605 -0.13118829
173 -0.51398194 -0.4438518
522 -0.51245046 -0.45672396
1168 -0.71261823 -0.09880012
763 -0.5553521 -0.37594664
766 -0.40740332 -0.6347482
1454 -0.63170147 -0.23526591
1467 -0.48253474 -0.4919382
1544 -0.62538993 -0.24695343
3 -0.71277916 -0.11238905
640 -0.46063265 -0.5467752
1499 -0.5610608 -0.35579208
652 -0.5795434 -0.32351446
1441 -0.58931273 -0.31928167
1461 -0.5579419 -0.37084597
60 -0.5685814 -0.36617026
1452 -0.6642914 -0.17830442
1464 -0.5831263 -0.3343516
1101 -0.63392746 -0.2491189
1433 -0.75639796 -0.02321063
1283 -0.6181567 -0.27664098
565 -0.5054389 -0.45271787
619 -0.43603644 -0.58358276
352 -0.57496583 -0.33404684
620 -0.6037409 -0.2880129
1592 -0.67199355 -0.18054299
1497 -0.5398016 -0.40286285
621 -0.6062297 -0.27414647
765 -0.46188518 -0.5298766
69 -0.73359025 -0.069935896
624 -0.50925994 -0.44605753
1500 -0.47395512 -0.5115414
1498 -0.743533 -0.033978112
1024 -0.5321951 -0.42551067
616 -0.5913857 -0.30745536
1435 -0.6146698 -0.26228675
580 -0.71082556 -0.109474145
1538 -0.57863915 -0.34088817
751 -0.5259138 -0.41214088
622 -0.4085643 -0.63268703
1022 -0.50576854 -0.45842093
767 -0.52143836 -0.42818674
629 -0.66695994 -0.18517381
1535 -0.56851745 -0.34774852
633 -0.5370069 -0.41041967
630 -0.48645914 -0.5019242
569 -0.5927975 -0.32863456
611 -0.5652426 -0.35438204
745 -0.44901454 -0.56147575
572 -0.48201084 -0.5076301
581 -0.6153445 -0.27966097
628 -0.5105222 -0.45784885
631 -0.5525501 -0.3760981
725 -0.5196835 -0.4372765
744 -0.64726543 -0.22292078
570 -0.612111 -0.28598487
632 -0.48603177 -0.50370526
1023 -0.57621783 -0.33979362
727 -0.53231096 -0.40238222
1440 -0.50423074 -0.46548533
617 -0.28748682 -0.83812505
571 -0.43181163 -0.59133077
746 -0.6136558 -0.2731963
743 -0.5360088 -0.4110671
