12 130260000 12 130500000
5 98780000 5 99740000
16 34540000 16 34300000
6 57820000 6 58460000
1 89300000 1 89660000
12 130260000 12 130540000
9 40500000 9 43780000
2 61900000 2 63820000
1 17140000 1 16700000
22 22660000 22 22740000
23 52820000 23 48140000
11 49860000 11 54820000
1 159740000 1 159820000
14 101020000 14 100340000
9 138500000 9 138420000
17 23100000 17 18340000
23 21620000 23 20460000
15 22140000 15 21940000
23 101500000 23 100980000
7 142940000 7 143140000
23 34860000 23 36940000
14 106260000 14 105780000
23 140740000 23 143300000
24 8380000 24 8300000
1 147900000 1 147500000
12 37140000 12 34140000
6 29900000 6 30100000
11 51260000 11 54940000
23 11140000 23 8940000
17 21700000 17 22500000
2 110500000 2 110140000
10 96740000 10 96580000
23 65940000 23 66660000
1 2540000 1 2860000
1 25500000 1 25580000
7 51420000 7 55780000
16 18500000 16 16780000
23 110340000 23 110260000
16 68700000 16 73020000
19 22980000 19 22220000
20 25820000 20 26180000
16 30540000 16 34620000
11 55060000 11 51220000
17 18340000 17 20300000
24 6420000 24 8420000
8 48100000 8 43340000
15 73900000 15 76780000
6 62140000 6 58740000
19 56620000 19 55180000
2 89060000 2 89740000
9 66260000 9 67860000
23 148860000 23 148420000
19 23460000 19 23900000
23 55220000 23 55700000
10 42260000 10 38500000
4 70340000 4 69900000
23 53020000 23 52100000
17 20340000 17 23100000
17 20300000 17 22980000
12 126500000 12 124500000
22 21140000 22 21060000
11 54940000 11 51260000
19 23300000 19 24140000
8 43380000 8 48060000
2 108500000 2 112820000
7 149500000 7 153140000
23 72020000 23 71940000
24 6420000 24 8180000
23 31700000 23 30820000
24 7620000 24 10340000
17 20860000 17 16780000
9 43780000 9 40500000
11 18140000 11 18940000
1 29980000 1 30740000
11 48380000 11 49980000
23 48020000 23 52660000
13 110460000 13 112180000
2 131820000 2 130500000
23 134660000 23 134540000
2 130940000 2 132100000
23 70820000 23 70980000
19 48100000 19 48340000
2 96060000 2 95420000
19 48180000 19 48340000
23 103220000 23 103060000
19 2060000 19 2180000
7 72100000 7 74860000
24 8180000 24 10460000
24 8820000 24 9220000
13 112180000 13 110460000
4 260000 4 420000
5 180020000 5 175540000
2 130580000 2 131100000
23 148580000 23 148660000
23 34140000 23 31580000
1 16700000 1 17100000
19 46900000 19 48540000
15 28780000 15 29820000
17 18980000 17 18860000
11 48420000 11 49940000
23 48020000 23 52820000
1 47100000 1 47340000
23 35820000 23 36500000
19 14340000 19 14740000
14 105620000 14 106020000
3 184380000 3 188020000
6 150420000 6 150340000
5 98820000 5 99460000
9 96100000 9 98740000
5 260000 5 1660000
19 44780000 19 44900000
24 10060000 24 7620000
16 32620000 16 34620000
20 46460000 20 46020000
9 40500000 9 43740000
9 89740000 9 89940000
23 52660000 23 48140000
23 142620000 23 141940000
23 29220000 23 30180000
11 51260000 11 48580000
11 89180000 11 89380000
16 68700000 16 73140000
23 48180000 23 52660000
12 27660000 12 27140000
17 16580000 17 18460000
19 22940000 19 22140000
11 49980000 11 48340000
23 103620000 23 104260000
10 38420000 10 42340000
24 6180000 24 9980000
17 16740000 17 15660000
19 46140000 19 46220000
1 159780000 1 159860000
6 58540000 6 57940000
10 27260000 10 26980000
17 63740000 17 63300000
16 68660000 16 73140000
16 34300000 16 34540000
7 157820000 7 157460000
6 3020000 6 2860000
15 43180000 15 42900000
17 18340000 17 23020000
15 30580000 15 28580000
13 18700000 13 19220000
24 7900000 24 8420000
15 26820000 15 28580000
15 42900000 15 43140000
7 35140000 7 32700000
8 7300000 8 7780000
10 4980000 10 5060000
17 27340000 17 26100000
17 15380000 17 18660000
2 131780000 2 130500000
12 34660000 12 34420000
21 44860000 21 44780000
2 96060000 2 97100000
10 51340000 10 51020000
10 47180000 10 45500000
17 41740000 17 41980000
6 26820000 6 26900000
1 16740000 1 17060000
15 21980000 15 22380000
24 17020000 24 16820000
17 15500000 17 18540000
23 52660000 23 47900000
8 43260000 8 48180000
23 8940000 23 8100000
24 6180000 24 10380000
24 9180000 24 7580000
19 47980000 19 48220000
7 149540000 7 153060000
11 50980000 11 48660000
23 20460000 23 21660000
10 38060000 10 42780000
11 50060000 11 50260000
7 143060000 7 143140000
16 34620000 16 34340000
23 148460000 23 148780000
1 12780000 1 12860000
12 130540000 12 130220000
7 29700000 7 30300000
9 96180000 9 98780000
13 23860000 13 18940000
19 34140000 19 33220000
2 131780000 2 131180000
19 48380000 19 48220000
23 47900000 23 48020000
23 11540000 23 8500000
6 150340000 6 150420000
15 26740000 15 26100000
3 10060000 3 11900000
15 30620000 15 28540000
16 14820000 16 16460000
2 89660000 2 89260000
17 41260000 17 41060000
1 246220000 1 246300000
14 106140000 14 106340000
24 8180000 24 7580000
1 1380000 1 1460000
23 31700000 23 32020000
1 30380000 1 29900000
10 38380000 10 42380000
12 62420000 12 62220000
17 22340000 17 21300000
3 125220000 3 127140000
2 131860000 2 130740000
12 130220000 12 130540000
24 9220000 24 7620000
11 54900000 11 51260000
23 48620000 23 47060000
19 41500000 19 42500000
24 10340000 24 9980000
17 21380000 17 21860000
16 34380000 16 34660000
10 56180000 10 52140000
7 149220000 7 152100000
1 12900000 1 13100000
24 10500000 24 6220000
2 95500000 2 97060000
17 22500000 17 22100000
23 134660000 23 134580000
23 140620000 23 142460000
23 57940000 23 57620000
1 2980000 1 2860000
1 17060000 1 21620000
24 8420000 24 8860000
7 57500000 7 62420000
23 37300000 23 34860000
3 14140000 3 11260000
14 105700000 14 105900000
19 48140000 19 48300000
23 142620000 23 144140000
23 134580000 23 134860000
3 196820000 3 198820000
19 15660000 19 15740000
9 43700000 9 40540000
10 28300000 10 27620000
2 108660000 2 110620000
24 26860000 24 23940000
7 62460000 7 63020000
12 36940000 12 34020000
2 131180000 2 130900000
19 20700000 19 20580000
19 56660000 19 56340000
19 59780000 19 59500000
9 135100000 9 137580000
23 47940000 23 47860000
22 24180000 22 23940000
2 87020000 2 88060000
19 55140000 19 56620000
15 26780000 15 30620000
2 131820000 2 130460000
1 47180000 1 47380000
2 89820000 2 89100000
17 74700000 17 74900000
15 28580000 15 30580000
15 26780000 15 28540000
19 11700000 19 12340000
2 97500000 2 95860000
3 10020000 3 9900000
7 149540000 7 153100000
17 15460000 17 18580000
11 18140000 11 18900000
12 126420000 12 124580000
2 95420000 2 96060000
10 96540000 10 96700000
24 10460000 24 8180000
2 209700000 2 208700000
9 44140000 9 46740000
8 7820000 8 7260000
15 28900000 15 26740000
23 52100000 23 53020000
12 27100000 12 27620000
4 145060000 4 145180000
1 144540000 1 145860000
7 153380000 7 149380000
23 17660000 23 18140000
11 58540000 11 58380000
1 246340000 1 246500000
15 29700000 15 28860000
16 25020000 16 24900000
7 5140000 7 5820000
23 144140000 23 142420000
6 52860000 6 52780000
1 205940000 1 205740000
7 5860000 7 5140000
10 51300000 10 51020000
16 87940000 16 87580000
19 21940000 19 22140000
10 29740000 10 27820000
1 143580000 1 147300000
9 98940000 9 94700000
17 2900000 17 3100000
23 15620000 23 15700000
7 74860000 7 72380000
9 67860000 9 66260000
8 7700000 8 7380000
9 98700000 9 96180000
17 21900000 17 21300000
22 18500000 22 22060000
10 31020000 10 29820000
16 34660000 16 34380000
19 23300000 19 23420000
12 34300000 12 36780000
15 72180000 15 70740000
15 22260000 15 22100000
1 205740000 1 205900000
15 22100000 15 22260000
17 18860000 17 18980000
2 89740000 2 89220000
22 22740000 22 22660000
17 23060000 17 25860000
16 34540000 16 32580000
1 143580000 1 147340000
19 22100000 19 22900000
23 47860000 23 47940000
12 21100000 12 20940000
17 21300000 17 21900000
7 65580000 7 65700000
7 4980000 7 5740000
5 175260000 5 177260000
6 31580000 6 30060000
19 48140000 19 48420000
23 141140000 23 140780000
24 7620000 24 10380000
19 48340000 19 48100000
7 57460000 7 62180000
19 48340000 19 48180000
23 144140000 23 142460000
19 59580000 19 59700000
17 18540000 17 15540000
15 32500000 15 32660000
12 34100000 12 37020000
5 178100000 5 178220000
8 47460000 8 47140000
2 109860000 2 106180000
19 15660000 19 15900000
2 97220000 2 97540000
6 57820000 6 58420000
16 31700000 16 31500000
23 72100000 23 71900000
15 70700000 15 73340000
12 36900000 12 33980000
7 63020000 7 62460000
17 21340000 17 21900000
5 177020000 5 175580000
17 21340000 17 21860000
19 47460000 19 47100000
9 85700000 9 87660000
23 55700000 23 55220000
15 22100000 15 22340000
10 37940000 10 36260000
1 2860000 1 2980000
23 24220000 23 24300000
19 21980000 19 22180000
7 72100000 7 72420000
15 22100000 15 22300000
12 62220000 12 62420000
24 16780000 24 17020000
10 50260000 10 50660000
2 106260000 2 107900000
18 10900000 18 12060000
24 8860000 24 7580000
15 28300000 15 30380000
2 89860000 2 89100000
15 22100000 15 21940000
9 99020000 9 94620000
23 103060000 23 103260000
17 20300000 17 18340000
1 150460000 1 150980000
2 95620000 2 95500000
24 8180000 24 10500000
19 56380000 19 56660000
23 47940000 23 52820000
2 97540000 2 97260000
23 134820000 23 134660000
23 48060000 23 47900000
7 62620000 7 62300000
19 58580000 19 57820000
2 131100000 2 130980000
12 131380000 12 131180000
7 65980000 7 64900000
16 31780000 16 31620000
19 46300000 19 46100000
9 87620000 9 85740000
19 48020000 19 48580000
10 27020000 10 26940000
7 30300000 7 32740000
23 134580000 23 134820000
20 25780000 20 25980000
2 108660000 2 109900000
12 131180000 12 131380000
1 2860000 1 2540000
7 101820000 7 99620000
23 110260000 23 110340000
2 95860000 2 97500000
8 73260000 8 73380000
2 97060000 2 95660000
11 89380000 11 89180000
16 18540000 16 16740000
16 34500000 16 34340000
5 99740000 5 98740000
8 47180000 8 47460000
7 149500000 7 153100000
16 14940000 16 16380000
2 130900000 2 131780000
11 71140000 11 67380000
9 94660000 9 89700000
1 159900000 1 159820000
13 112100000 13 110420000
19 55260000 19 55820000
11 67540000 11 67260000
19 15620000 19 15860000
2 87420000 2 89020000
1 29740000 1 30900000
8 47660000 8 47860000
9 98740000 9 96100000
14 100500000 14 100340000
23 52660000 23 48060000
23 70900000 23 71020000
2 89180000 2 89860000
24 8180000 24 6420000
19 48140000 19 48260000
17 21300000 17 22340000
2 87140000 2 86820000
5 176980000 5 175660000
11 4220000 11 4300000
22 19060000 22 17020000
23 52700000 23 48140000
15 75940000 15 73820000
9 34820000 9 34700000
19 15900000 19 15660000
2 137460000 2 134940000
11 54980000 11 51300000
17 42500000 17 41980000
15 43140000 15 42940000
23 47900000 23 52700000
11 48500000 11 51260000
11 59700000 11 59860000
24 6180000 24 10020000
10 36260000 10 37940000
5 180540000 5 180460000
19 21900000 19 22100000
19 48220000 19 48020000
7 153100000 7 149540000
19 22780000 19 21900000
8 47740000 8 47580000
17 15500000 17 18580000
9 92540000 9 92020000
9 89740000 9 94700000
24 26380000 24 24420000
19 39740000 19 39940000
20 23660000 20 23740000
16 73020000 16 68700000
7 64820000 7 64340000
1 144980000 1 143620000
19 21940000 19 22900000
2 110620000 2 110060000
1 246380000 1 246540000
7 67060000 7 62940000
10 27780000 10 29780000
13 52060000 13 51700000
19 48100000 19 48380000
9 95300000 9 95140000
24 8820000 24 10380000
23 143300000 23 140740000
16 14820000 16 18460000
9 87620000 9 85620000
23 140380000 23 140020000
17 42460000 17 41740000
16 72940000 16 68740000
7 65500000 7 65980000
7 32860000 7 34940000
17 27460000 17 26380000
11 70980000 11 67260000
9 94700000 9 98940000
15 22140000 15 22300000
6 58140000 6 58820000
2 97540000 2 97180000
13 110420000 13 112100000
15 22060000 15 22260000
3 126900000 3 124900000
19 21940000 19 22940000
23 154220000 23 154380000
2 97180000 2 97540000
17 55420000 17 55020000
14 106260000 14 105620000
19 48020000 19 48340000
19 47740000 19 46900000
6 26900000 6 26820000
24 23940000 24 26820000
11 89260000 11 89340000
5 99700000 5 98780000
14 69780000 14 69980000
15 42940000 15 43140000
23 101660000 23 103100000
7 63300000 7 63100000
21 45180000 21 43140000
15 22340000 15 22140000
19 23500000 19 23860000
7 149460000 7 153140000
1 142220000 1 142060000
2 108620000 2 110660000
16 21740000 16 21300000
17 10300000 17 10380000
4 145220000 4 145100000
7 156140000 7 154700000
15 28260000 15 30420000
16 34420000 16 34580000
3 10100000 3 11900000
19 56620000 19 55140000
17 55660000 17 57740000
9 43740000 9 40540000
11 49860000 11 54780000
24 6180000 24 10340000
14 105740000 14 105980000
19 20020000 19 19740000
14 106340000 14 106100000
23 24220000 23 21300000
5 179020000 5 178900000
24 6220000 24 10020000
23 101340000 23 101620000
2 89260000 2 89660000
6 27900000 6 26220000
16 31620000 16 31780000
7 152100000 7 149260000
1 150860000 1 150780000
1 29540000 1 30700000
1 12820000 1 13220000
2 88060000 2 87020000
11 51260000 11 54900000
9 46740000 9 41900000
24 8820000 24 10460000
16 73140000 16 68660000
23 12980000 23 8740000
17 74620000 17 74900000
23 151500000 23 150860000
11 54780000 11 49820000
9 98780000 9 96180000
20 46620000 20 46300000
5 98860000 5 99460000
2 89580000 2 89340000
8 7260000 8 7820000
19 24100000 19 23460000
20 26020000 20 25700000
22 24180000 22 23980000
11 55300000 11 51380000
15 30220000 15 28460000
16 14820000 16 18300000
19 23420000 19 23300000
24 18940000 24 18180000
2 131180000 2 131780000
5 175340000 5 177220000
15 43140000 15 42900000
9 46060000 9 44740000
6 31580000 6 29820000
23 47940000 23 52700000
22 21060000 22 21140000
11 48860000 11 48940000
19 22900000 19 21860000
15 30380000 15 28300000
23 52700000 23 47940000
17 22340000 17 19300000
10 47940000 10 51180000
2 89700000 2 89220000
2 131180000 2 130500000
16 18300000 16 16420000
8 145300000 8 142180000
9 137300000 9 136300000
10 42380000 10 38420000
17 34460000 17 31300000
10 26980000 10 27260000
9 44140000 9 41940000
10 42300000 10 38460000
11 48940000 11 49820000
23 73620000 23 73460000
1 246300000 1 246220000
23 134860000 23 134540000
7 5980000 7 6740000
20 25740000 20 25980000
2 110180000 2 110500000
8 43420000 8 48060000
4 144980000 4 145100000
6 58180000 6 58780000
24 18380000 24 18740000
22 30940000 22 28180000
20 46660000 20 46260000
1 104020000 1 103900000
22 21580000 22 22260000
7 5900000 7 6860000
22 23940000 22 24180000
14 105900000 14 106340000
5 180460000 5 180540000
23 48020000 23 47900000
8 6900000 8 11820000
2 87180000 2 86780000
14 23500000 14 23580000
19 14740000 19 14340000
15 73300000 15 72180000
15 73580000 15 70740000
14 106140000 14 105900000
21 17860000 21 13980000
1 108740000 1 105220000
9 89940000 9 89740000
16 32820000 16 31860000
19 47100000 19 47460000
11 48460000 11 49940000
9 66220000 9 67860000
23 102660000 23 102020000
15 30260000 15 28420000
16 18500000 16 14820000
7 67220000 7 62620000
23 52660000 23 48180000
15 43100000 15 42940000
6 58460000 6 57860000
7 56540000 7 57500000
2 130900000 2 131180000
16 16420000 16 14820000
15 28740000 15 29820000
9 98740000 9 96220000
17 63740000 17 60420000
4 70140000 4 70260000
6 161020000 6 161260000
1 153900000 1 154020000
8 47740000 8 47620000
16 2540000 16 2660000
7 149420000 7 153300000
12 11140000 12 11060000
12 34260000 12 36820000
17 19300000 17 22340000
16 32820000 16 33660000
13 51660000 13 52100000
11 51380000 11 48380000
17 20740000 17 18660000
11 49820000 11 48980000
7 32740000 7 29700000
20 25980000 20 25780000
19 48540000 19 48020000
3 95100000 3 90380000
23 49020000 23 52100000
9 105500000 9 104140000
24 10460000 24 9220000
23 102100000 23 102660000
15 30620000 15 26780000
16 34580000 16 34420000
10 38460000 10 42300000
11 49940000 11 48460000
8 12020000 8 7180000
19 48420000 19 47980000
24 8860000 24 8180000
19 15940000 19 15700000
23 101780000 23 101860000
2 95820000 2 97340000
24 10340000 24 7620000
13 19180000 13 24060000
10 29860000 10 30980000
13 24460000 13 25540000
19 48460000 19 48220000
15 80380000 15 76900000
23 8940000 23 6460000
17 25860000 17 23060000
4 76500000 4 72420000
2 110140000 2 110540000
19 22980000 19 21980000
17 21740000 17 21460000
23 51060000 23 51300000
9 89700000 9 94660000
24 26820000 24 23940000
8 7220000 8 12020000
19 15740000 19 15660000
11 54500000 11 51020000
4 72420000 4 76500000
5 860000 5 780000
8 43580000 8 47100000
10 38540000 10 42220000
11 51260000 11 48620000
19 34100000 19 33180000
23 47900000 23 47740000
16 18500000 16 16220000
15 26220000 15 26660000
23 30180000 23 29220000
24 10380000 24 8140000
16 31460000 16 31740000
24 12900000 24 17260000
11 48500000 11 49860000
24 10340000 24 6220000
23 93020000 23 93420000
22 28180000 22 30940000
23 47860000 23 52660000
23 48060000 23 52820000
23 139980000 23 140460000
17 60180000 17 63460000
9 41900000 9 44140000
9 135780000 9 136260000
4 144980000 4 145220000
9 95140000 9 95300000
15 22340000 15 22100000
23 8100000 23 8940000
11 54820000 11 49820000
14 105580000 14 106260000
23 142220000 23 140900000
12 36740000 12 34300000
16 2660000 16 2580000
24 13740000 24 12940000
19 16020000 19 19740000
6 4980000 6 3860000
3 11260000 3 14140000
5 1700000 5 340000
17 18580000 17 15500000
23 30820000 23 31700000
17 20820000 17 16780000
17 39380000 17 42300000
14 105540000 14 105860000
15 43060000 15 42980000
11 58380000 11 58540000
23 101500000 23 102220000
2 89220000 2 89700000
7 143020000 7 143180000
10 37980000 10 42740000
2 95500000 2 95580000
11 54460000 11 51060000
17 26380000 17 27380000
4 116220000 4 119180000
19 22980000 19 22020000
21 10140000 21 13660000
23 53020000 23 49020000
15 30420000 15 28300000
20 23660000 20 23580000
15 26740000 15 28900000
23 20500000 23 21580000
10 29740000 10 30900000
15 26060000 15 28900000
15 22140000 15 22380000
19 48420000 19 48140000
7 32740000 7 29660000
1 147340000 1 143540000
16 18660000 16 16620000
17 21860000 17 21340000
9 96180000 9 98820000
23 47740000 23 47900000
22 22260000 22 24140000
10 42500000 10 44940000
14 106260000 14 105580000
22 30900000 22 28140000
4 145220000 4 145020000
8 12380000 8 8060000
6 57860000 6 58460000
23 8700000 23 8940000
2 130700000 2 131900000
7 6780000 7 5980000
15 41700000 15 41820000
19 23460000 19 24100000
16 28300000 16 28660000
24 7580000 24 8140000
11 51300000 11 48460000
7 32660000 7 35020000
23 57620000 23 57940000
6 58460000 6 57820000
19 23380000 19 21460000
23 139140000 23 138940000
15 26060000 15 28940000
23 6460000 23 8940000
23 104260000 23 103620000
11 48860000 11 49860000
4 145260000 4 145020000
7 34980000 7 32660000
23 12860000 23 8780000
7 64900000 7 65980000
23 42500000 23 47020000
19 12340000 19 11700000
15 22020000 15 21940000
21 43140000 21 45180000
10 38020000 10 42740000
16 68740000 16 72940000
14 105780000 14 106060000
6 52780000 6 52860000
13 22420000 13 23860000
15 28460000 15 30220000
19 48220000 19 48460000
10 42700000 10 37980000
21 44180000 21 42820000
18 12060000 18 10900000
19 48380000 19 48100000
19 48140000 19 48500000
15 22100000 15 22020000
17 63740000 17 60380000
19 22220000 19 22780000
6 26220000 6 27900000
10 42220000 10 38540000
9 94700000 9 89940000
16 16380000 16 14940000
24 7580000 24 9180000
6 31340000 6 30500000
12 34140000 12 37060000
7 74140000 7 73900000
2 107900000 2 106260000
2 130500000 2 131180000
9 43740000 9 40500000
5 99460000 5 98860000
23 151940000 23 152300000
7 149260000 7 153460000
24 26060000 24 24780000
10 26900000 10 27260000
17 23020000 17 20300000
20 46420000 20 46060000
11 18940000 11 18140000
8 48180000 8 43260000
11 55620000 11 55820000
2 132020000 2 130620000
12 20940000 12 21100000
23 148660000 23 148580000
15 26140000 15 26700000
23 70780000 23 71020000
19 47740000 19 46780000
23 109580000 23 111380000
15 29780000 15 28780000
16 14820000 16 18500000
8 47140000 8 47460000
23 119060000 23 119220000
2 165700000 2 166860000
5 68780000 5 70380000
16 33660000 16 31860000
9 87620000 9 85700000
10 30900000 10 29700000
11 51060000 11 54460000
12 124580000 12 126420000
4 70060000 4 70220000
19 57820000 19 58580000
2 131900000 2 130700000
23 132620000 23 132180000
11 51380000 11 55300000
4 420000 4 260000
7 64820000 7 64100000
19 46060000 19 46300000
1 30700000 1 29540000
5 177340000 5 179020000
23 48020000 23 52700000
23 74900000 23 75140000
16 18620000 16 16660000
8 11820000 8 6940000
24 7580000 24 9220000
11 48580000 11 51300000
12 34220000 12 36860000
10 36740000 10 37940000
24 18740000 24 18420000
7 143140000 7 143060000
5 780000 5 860000
15 18420000 15 19980000
1 29580000 1 30660000
15 29740000 15 28820000
17 27380000 17 26380000
19 51340000 19 51460000
7 6820000 7 5900000
23 70900000 23 70780000
14 23580000 14 23500000
5 175660000 5 176980000
16 2540000 16 2620000
17 20300000 17 23020000
23 147020000 23 145500000
24 9220000 24 8820000
14 100340000 14 100500000
23 12980000 23 8700000
23 47860000 23 48060000
23 11180000 23 7900000
6 62020000 6 58860000
23 101460000 23 100940000
23 103260000 23 103060000
4 145060000 4 144940000
16 16660000 16 18620000
23 144140000 23 141940000
23 151700000 23 151620000
23 50780000 23 50900000
1 147300000 1 143580000
7 30300000 7 29700000
4 145180000 4 144940000
10 51180000 10 47940000
17 23100000 17 23020000
7 65140000 7 65220000
1 21620000 1 16700000
2 95820000 2 96060000
2 96060000 2 95820000
17 16780000 17 20820000
14 103700000 14 104300000
1 47380000 1 47180000
19 48020000 19 48420000
7 34980000 7 32620000
11 51340000 11 49940000
19 22260000 19 22740000
23 55700000 23 53020000
23 52820000 23 48060000
1 205820000 1 205940000
23 8700000 23 8100000
16 87580000 16 87940000
14 105580000 14 106060000
19 24060000 19 23340000
1 30740000 1 29980000
1 13220000 1 12820000
7 149340000 7 153420000
3 173860000 3 176580000
23 49060000 23 49340000
4 145140000 4 145020000
23 71020000 23 70780000
5 175580000 5 177060000
7 149620000 7 152140000
12 3500000 12 100000
1 108620000 1 108740000
24 24780000 24 26060000
23 140500000 23 140140000
13 20780000 13 23340000
23 116700000 23 115540000
11 50260000 11 50060000
6 3860000 6 4980000
19 48380000 19 48020000
9 85660000 9 87540000
13 19020000 13 20740000
23 7900000 23 11180000
6 58580000 6 57940000
16 31500000 16 31700000
23 152060000 23 152180000
11 49940000 11 48420000
1 108780000 1 108620000
8 47460000 8 47260000
2 97100000 2 95420000
1 12860000 1 13220000
10 96660000 10 96420000
19 58660000 19 57780000
1 246500000 1 246300000
4 70300000 4 70100000
5 98780000 5 99700000
23 8940000 23 12980000
2 110660000 2 108580000
4 100000 4 300000
15 73300000 15 70740000
22 30860000 22 28140000
1 142060000 1 142220000
5 175300000 5 177260000
7 29700000 7 32700000
7 34900000 7 32860000
16 34580000 16 32580000
16 68700000 16 72940000
2 239500000 2 240140000
10 96580000 10 96740000
23 47940000 23 48140000
17 3140000 17 3260000
24 10340000 24 6180000
23 144140000 23 142620000
2 95980000 2 97180000
3 90340000 3 95100000
7 101820000 7 101740000
9 44180000 9 41940000
13 24460000 13 24060000
15 23740000 15 26780000
22 19340000 22 23620000
11 54860000 11 51260000
7 6740000 7 5060000
15 70700000 15 73820000
23 49020000 23 53020000
15 22340000 15 22020000
23 47060000 23 48620000
18 25700000 18 27820000
3 95140000 3 90380000
23 142420000 23 144140000
2 89620000 2 89340000
5 175500000 5 177060000
2 89100000 2 89900000
3 13380000 3 9860000
17 23020000 17 23100000
4 70180000 4 70300000
10 27620000 10 28300000
2 97260000 2 97540000
23 134580000 23 134660000
1 30620000 1 29660000
23 37300000 23 36900000
17 26100000 17 27340000
17 18580000 17 15460000
5 175540000 5 180020000
16 16700000 16 18580000
19 22140000 19 21940000
7 65460000 7 62900000
24 8180000 24 8860000
16 16580000 16 18660000
19 47980000 19 48420000
24 10460000 24 8820000
10 38340000 10 42420000
7 30300000 7 29660000
11 51260000 11 54820000
23 52700000 23 48060000
23 52700000 23 48180000
1 29660000 1 30620000
2 89900000 2 89020000
12 27700000 12 27180000
1 205740000 1 205940000
2 110660000 2 108660000
2 89140000 2 89780000
7 56500000 7 57340000
22 24060000 22 22260000
11 48620000 11 51260000
2 97340000 2 95820000
17 18460000 17 20140000
7 32700000 7 35140000
9 135060000 9 137580000
17 22500000 17 21700000
6 58860000 6 62020000
15 22060000 15 22300000
6 32540000 6 32620000
14 105700000 14 106140000
2 89180000 2 89780000
12 37020000 12 34060000
24 8420000 24 10060000
7 143100000 7 142980000
14 105780000 14 105580000
2 112980000 2 109980000
11 67380000 11 71140000
16 2660000 16 2540000
15 28780000 15 29780000
1 25580000 1 25500000
5 175300000 5 177300000
7 62340000 7 62620000
19 22180000 19 22980000
6 57980000 6 58580000
1 47340000 1 47100000
19 48460000 19 48380000
15 73820000 15 70700000
1 21620000 1 17060000
23 37300000 23 36940000
6 58860000 6 61980000
22 22060000 22 18500000
8 8060000 8 12380000
16 34620000 16 30540000
17 18500000 17 15540000
5 1660000 5 340000
11 58420000 11 58620000
16 33580000 16 31860000
10 42260000 10 38540000
2 73700000 2 73780000
1 246900000 1 246660000
7 5980000 7 6780000
22 28140000 22 30900000
5 17660000 5 17540000
12 34020000 12 36940000
16 16460000 16 14820000
2 89740000 2 89060000
16 22380000 16 18740000
5 177260000 5 175260000
16 34460000 16 34380000
16 32580000 16 34580000
14 105900000 14 106180000
20 45940000 20 46580000
24 10380000 24 6420000
10 42780000 10 38020000
11 49900000 11 48460000
4 119180000 4 116220000
15 28580000 15 26820000
23 93420000 23 93020000
7 99620000 7 101740000
15 70740000 15 73300000
17 18260000 17 20380000
23 45940000 23 45540000
8 7780000 8 7260000
9 136300000 9 137300000
5 820000 5 900000
17 41740000 17 42460000
6 57940000 6 58540000
24 17260000 24 12900000
2 112940000 2 109980000
2 130580000 2 130980000
11 50980000 11 54500000
17 18300000 17 22780000
23 147020000 23 147700000
23 140020000 23 140380000
3 90380000 3 95100000
11 58460000 11 58620000
17 18540000 17 15500000
7 5060000 7 6740000
23 50820000 23 50900000
1 89660000 1 89300000
7 74940000 7 72020000
9 96180000 9 98700000
10 51300000 10 51060000
1 179300000 1 179220000
23 36700000 23 35860000
15 28420000 15 30260000
2 108580000 2 110660000
5 340000 5 1700000
7 29660000 7 32740000
13 19180000 13 18660000
23 140460000 23 139980000
7 63020000 7 62500000
17 42300000 17 39380000
10 42300000 10 38500000
1 145020000 1 147420000
10 38540000 10 42260000
19 48300000 19 47980000
7 65580000 7 65860000
16 18780000 16 22420000
23 151500000 23 150700000
5 17540000 5 17660000
16 31660000 16 31540000
9 85700000 9 87540000
22 23420000 22 22020000
22 37700000 22 37820000
24 10460000 24 8860000
17 15700000 17 20100000
12 130340000 12 130700000
15 22020000 15 22100000
10 27260000 10 26900000
17 18420000 17 20220000
1 39980000 1 39780000
11 48660000 11 50980000
9 87580000 9 85660000
10 44980000 10 42500000
10 135260000 10 135100000
15 22300000 15 22100000
6 29820000 6 31580000
24 24420000 24 26380000
19 48460000 19 48100000
24 9220000 24 10500000
17 21700000 17 22540000
9 5300000 9 5380000
16 20340000 16 20500000
24 17020000 24 16780000
7 64900000 7 65500000
2 89380000 2 89580000
20 46020000 20 46460000
20 46540000 20 45980000
23 36940000 23 37260000
23 18140000 23 17660000
23 43220000 23 47460000
7 32620000 7 34980000
20 45980000 20 46540000
8 43340000 8 48100000
15 41820000 15 41700000
13 22380000 13 23780000
19 48580000 19 48020000
12 130460000 12 130300000
19 22020000 19 22980000
17 26100000 17 27300000
15 28900000 15 26100000
13 24060000 13 19180000
12 37060000 12 34140000
10 47060000 10 47180000
17 15660000 17 20460000
15 72180000 15 73340000
18 10620000 18 12220000
10 35580000 10 33380000
24 10060000 24 6420000
2 95620000 2 97060000
2 233020000 2 232900000
2 87420000 2 89900000
2 131620000 2 130860000
23 6460000 23 8380000
23 47780000 23 47700000
9 33580000 9 38540000
11 89420000 11 89180000
7 62180000 7 57340000
7 142980000 7 143100000
23 103100000 23 103220000
11 49820000 11 48940000
13 23460000 13 24500000
23 47940000 23 48020000
4 145100000 4 145220000
23 48140000 23 52700000
10 44940000 10 42500000
7 5820000 7 5140000
17 74900000 17 74700000
23 138940000 23 139140000
12 34420000 12 34660000
8 7340000 8 7700000
10 36700000 10 37900000
1 30900000 1 29740000
19 23020000 19 21820000
23 17700000 23 18180000
2 97140000 2 96020000
3 176580000 3 173860000
20 46060000 20 46420000
23 134300000 23 131940000
14 105820000 14 105660000
21 44780000 21 44860000
23 119500000 23 119380000
1 153980000 1 153860000
5 177260000 5 175340000
11 49900000 11 51300000
8 7740000 8 7300000
23 154260000 23 154340000
23 145500000 23 147020000
23 150700000 23 151500000
5 70420000 5 68860000
17 18500000 17 15580000
23 8100000 23 6460000
12 100000 12 3500000
6 32660000 6 32540000
1 143620000 1 144980000
9 44740000 9 46060000
1 143540000 1 147340000
12 130300000 12 130460000
23 140020000 23 140420000
23 53020000 23 55700000
24 6180000 24 10500000
23 50780000 23 50940000
2 130660000 2 131940000
5 179020000 5 177340000
22 23980000 22 24180000
12 27180000 12 27700000
23 47860000 23 52820000
9 104140000 9 105500000
23 148660000 23 148500000
16 54340000 16 54420000
17 26140000 17 27340000
19 22380000 19 22620000
9 89940000 9 94700000
2 109900000 2 108660000
23 70980000 23 70780000
17 20220000 17 16580000
1 147420000 1 145020000
15 96460000 15 97380000
23 11940000 23 8940000
16 86540000 16 87020000
17 60180000 17 63340000
17 6700000 17 4460000
7 149420000 7 153340000
12 130340000 12 130740000
22 19060000 22 16860000
8 47860000 8 47660000
7 65900000 7 65540000
23 140500000 23 142460000
15 73340000 15 72180000
2 130860000 2 131620000
7 153100000 7 149500000
22 21340000 22 21500000
23 70820000 23 70940000
23 8780000 23 12860000
19 22620000 19 22380000
23 71900000 23 72100000
5 178900000 5 179020000
1 120340000 1 120220000
23 8380000 23 6460000
11 48420000 11 51340000
19 57780000 19 58660000
12 27620000 12 27100000
6 29260000 6 29180000
23 48140000 23 47900000
2 100060000 2 96860000
17 60340000 17 63380000
2 108660000 2 110660000
4 180000 4 300000
12 36860000 12 34220000
15 73340000 15 70740000
10 5060000 10 4980000
20 26180000 20 25820000
23 20460000 23 21620000
6 29780000 6 31500000
23 47900000 23 52660000
10 29780000 10 31060000
19 48020000 19 48380000
11 49820000 11 48860000
22 24300000 22 24020000
19 15700000 19 15940000
19 24140000 19 23300000
14 105780000 14 106260000
2 89860000 2 89180000
23 54900000 23 54820000
2 110500000 2 110180000
1 108620000 1 108780000
16 32620000 16 34500000
10 27820000 10 29740000
23 142460000 23 140620000
17 55460000 17 55540000
5 70700000 5 69980000
22 24140000 22 22260000
23 140500000 23 144140000
23 154500000 23 154220000
2 89780000 2 89140000
2 131780000 2 130900000
18 12180000 18 10620000
8 8100000 8 12380000
10 51020000 10 51340000
14 105580000 14 105780000
17 63300000 17 63740000
10 36300000 10 37740000
23 6460000 23 8100000
23 34740000 23 35340000
24 10020000 24 6220000
19 22980000 19 22180000
19 48300000 19 48420000
15 21940000 15 22020000
22 37820000 22 37700000
15 26660000 15 26220000
14 106020000 14 105620000
17 16580000 17 20220000
23 11140000 23 12980000
17 20340000 17 18300000
15 73340000 15 70700000
10 37780000 10 36340000
7 65540000 7 65900000
23 120500000 23 121740000
3 126940000 3 131220000
15 30420000 15 28260000
10 29700000 10 30900000
14 106340000 14 106140000
19 23420000 19 24140000
8 47220000 8 47460000
2 130700000 2 131860000
17 15540000 17 18540000
19 21980000 19 22980000
23 115500000 23 115700000
11 50980000 11 54540000
23 48180000 23 52700000
23 57980000 23 57620000
16 87020000 16 86540000
23 11140000 23 8700000
9 137580000 9 135060000
10 52180000 10 56180000
10 29780000 10 27780000
15 22020000 15 22140000
17 10380000 17 10300000
11 4300000 11 4220000
24 7620000 24 10060000
19 33220000 19 34140000
1 47140000 1 47300000
14 69980000 14 69780000
4 145220000 4 144980000
5 113900000 5 117180000
23 140500000 23 142620000
17 21820000 17 21420000
7 62340000 7 62580000
2 230900000 2 230980000
10 29820000 10 31020000
17 18660000 17 20740000
24 8140000 24 7580000
5 117180000 5 113900000
10 44940000 10 42540000
7 149300000 7 153420000
16 22340000 16 18860000
13 25540000 13 24460000
19 23860000 19 23500000
23 52900000 23 55700000
8 7740000 8 7340000
16 24900000 16 25020000
23 114780000 23 117540000
2 131940000 2 130660000
12 34260000 12 36860000
1 246660000 1 246900000
19 22500000 19 22580000
4 69900000 4 70340000
19 23340000 19 24060000
24 19340000 24 19220000
10 38500000 10 42300000
6 58420000 6 57780000
15 30340000 15 28340000
4 145020000 4 145140000
24 18380000 24 18780000
15 80380000 15 82500000
15 26700000 15 26140000
7 62580000 7 62340000
11 48380000 11 51380000
22 21100000 22 21020000
9 67900000 9 66220000
13 18940000 13 23860000
8 11820000 8 6900000
15 28740000 15 30700000
17 22580000 17 26420000
19 12300000 19 11740000
23 134540000 23 134860000
2 73780000 2 73700000
19 23940000 19 23300000
1 30020000 1 30620000
24 9980000 24 6220000
7 30420000 7 26580000
5 177300000 5 175260000
11 49820000 11 54820000
1 12820000 1 13100000
23 58100000 23 61940000
17 16780000 17 20860000
6 32620000 6 32540000
17 16740000 17 20860000
23 148260000 23 145060000
6 167540000 6 167620000
1 16740000 1 21620000
14 106180000 14 105900000
17 20820000 17 20100000
10 26940000 10 27660000
23 21580000 23 20500000
7 6860000 7 5900000
1 25460000 1 25620000
19 46300000 19 46060000
23 100940000 23 101460000
23 100980000 23 101500000
23 50940000 23 50780000
23 12980000 23 11140000
17 40900000 17 42500000
11 54500000 11 50980000
12 36980000 12 34060000
17 21860000 17 21380000
17 41540000 17 42500000
4 144940000 4 145180000
2 97100000 2 96060000
19 56660000 19 56380000
17 3060000 17 2940000
14 105900000 14 106140000
7 153300000 7 149420000
7 153460000 7 149260000
19 46260000 19 46100000
2 95460000 2 95660000
23 147020000 23 148300000
10 42500000 10 44980000
4 260000 4 460000
23 100940000 23 101500000
16 32580000 16 34300000
7 57900000 7 57700000
11 51220000 11 55060000
2 130500000 2 130900000
7 74860000 7 72100000
16 16740000 16 18540000
17 18300000 17 20340000
24 10060000 24 8860000
24 10460000 24 10060000
16 31860000 16 33660000
13 23780000 13 23380000
11 55020000 11 54900000
10 26940000 10 27020000
2 97060000 2 95500000
23 46300000 23 46180000
3 11900000 3 10060000
22 24020000 22 24300000
2 89860000 2 89140000
19 48420000 19 48020000
19 48100000 19 48460000
23 154380000 23 154220000
23 101460000 23 100980000
23 52700000 23 48020000
19 11740000 19 12300000
17 41980000 17 41740000
9 12100000 9 11180000
14 106340000 14 105860000
16 73140000 16 68700000
23 37260000 23 36980000
23 148500000 23 148660000
10 51020000 10 51300000
1 150980000 1 150460000
11 51300000 11 48580000
11 51340000 11 48460000
2 130500000 2 131780000
14 106060000 14 105580000
2 96860000 2 100060000
5 177060000 5 175500000
2 89780000 2 89860000
17 16500000 17 15620000
11 51380000 11 48420000
2 89620000 2 89300000
17 22980000 17 20300000
7 35020000 7 32700000
7 6820000 7 5940000
22 21460000 22 21380000
23 134660000 23 134820000
15 76900000 15 80380000
11 48580000 11 51260000
23 103220000 23 103100000
8 7780000 8 7300000
17 21180000 17 22380000
11 89180000 11 89420000
11 51260000 11 54980000
9 38540000 9 33580000
2 89140000 2 89860000
1 104100000 1 104020000
11 89140000 11 89460000
24 10060000 24 10460000
23 34860000 23 37300000
7 153340000 7 149420000
15 100140000 15 98140000
22 24180000 22 22260000
10 30940000 10 29660000
16 16220000 16 14820000
18 12220000 18 10620000
9 85700000 9 87620000
1 205940000 1 205820000
12 34060000 12 36980000
15 22260000 15 22060000
7 57500000 7 62180000
13 20740000 13 19020000
15 29740000 15 28860000
24 25700000 24 24420000
23 134060000 23 134380000
24 6220000 24 10500000
23 75140000 23 74900000
22 28100000 22 30860000
23 152180000 23 152060000
9 87540000 9 85660000
1 25620000 1 25460000
17 26380000 17 27460000
7 26580000 7 30420000
19 20580000 19 20700000
23 32020000 23 31700000
1 39780000 1 39980000
1 30500000 1 30100000
3 80780000 3 84380000
16 34620000 16 32620000
1 29900000 1 30380000
11 48500000 11 51300000
2 89100000 2 89820000
17 42460000 17 41980000
24 12940000 24 13740000
5 175260000 5 177300000
9 136260000 9 135780000
7 101740000 7 99620000
17 27300000 17 26100000
11 54820000 11 49860000
9 138420000 9 138500000
7 62420000 7 63300000
15 70740000 15 72180000
13 25540000 13 24500000
23 120500000 23 120260000
1 147340000 1 143580000
19 22940000 19 21940000
12 130340000 12 130460000
15 28820000 15 29740000
9 96260000 9 98740000
2 89300000 2 89620000
6 58580000 6 57980000
2 109980000 2 108500000
2 95580000 2 95500000
23 102020000 23 102660000
24 6420000 24 8860000
15 28460000 15 30500000
9 34700000 9 34820000
4 145220000 4 145140000
16 18700000 16 16580000
7 62420000 7 62500000
23 148780000 23 148460000
19 48500000 19 48140000
1 147420000 1 146260000
1 1460000 1 1380000
12 11060000 12 11140000
7 63300000 7 62420000
13 51980000 13 51780000
11 55820000 11 55620000
24 10500000 24 9980000
12 36780000 12 34300000
23 134220000 23 134100000
17 20820000 17 16820000
11 89420000 11 89260000
24 7420000 24 8020000
1 17100000 1 16740000
7 29700000 7 32740000
1 119940000 1 119820000
11 51300000 11 54980000
7 149460000 7 153300000
23 52820000 23 48020000
19 19740000 19 16020000
1 13220000 1 12860000
20 46540000 20 45900000
11 51260000 11 48500000
17 10220000 17 10380000
13 18900000 13 23900000
7 99620000 7 101820000
1 16740000 1 17100000
2 134940000 2 137460000
6 30500000 6 31580000
10 42740000 10 38020000
24 9980000 24 10340000
23 147700000 23 147020000
23 52820000 23 47900000
24 8860000 24 6420000
7 143660000 7 143540000
24 7580000 24 8180000
23 51300000 23 51060000
2 112820000 2 108500000
5 177300000 5 175300000
19 42500000 19 41500000
2 232900000 2 233020000
7 29660000 7 30300000
7 143180000 7 143020000
16 72940000 16 68700000
12 37020000 12 34100000
7 153060000 7 149540000
19 21820000 19 23020000
11 67540000 11 67180000
19 46900000 19 47740000
23 140420000 23 139980000
7 63100000 7 63300000
13 24060000 13 24460000
23 140780000 23 141140000
7 32820000 7 34940000
11 49980000 11 48380000
3 9860000 3 13380000
17 3100000 17 2900000
9 98700000 9 96140000
2 97540000 2 95980000
11 18900000 11 18140000
9 40540000 9 43700000
7 62900000 7 65460000
5 99740000 5 98780000
23 139980000 23 140420000
2 109980000 2 112820000
9 94700000 9 89740000
16 31860000 16 33580000
21 13980000 21 17860000
17 15580000 17 16500000
2 95660000 2 95460000
23 52700000 23 47900000
17 57740000 17 55660000
1 145020000 1 146220000
24 6420000 24 10060000
1 2980000 1 3220000
23 105820000 23 105100000
5 175580000 5 177020000
2 89900000 2 89180000
12 48660000 12 43740000
19 22900000 19 21940000
7 5820000 7 5180000
23 31580000 23 34140000
13 23340000 13 20780000
19 21900000 19 22780000
10 36740000 10 37900000
6 32540000 6 32660000
2 86780000 2 87180000
6 58780000 6 58180000
23 134380000 23 134060000
10 29900000 10 30980000
4 70220000 4 70060000
19 23900000 19 23460000
11 49780000 11 54780000
11 51140000 11 54460000
22 21380000 22 21460000
1 13220000 1 13140000
10 42780000 10 38060000
15 28860000 15 29740000
16 34300000 16 32580000
23 151620000 23 151700000
7 34940000 7 32860000
23 48020000 23 47940000
2 96020000 2 97140000
12 51420000 12 47500000
23 134860000 23 134580000
4 70100000 4 70300000
13 52100000 13 51660000
19 46100000 19 46260000
7 5900000 7 6820000
16 2620000 16 2540000
24 19420000 24 19140000
24 24420000 24 25700000
9 41900000 9 46740000
2 95420000 2 97100000
6 58740000 6 62140000
24 21620000 24 22300000
17 4460000 17 6700000
19 59700000 19 59580000
2 97140000 2 95420000
17 21740000 17 21420000
23 37340000 23 36900000
4 145180000 4 145060000
11 54780000 11 49860000
16 34300000 16 34580000
4 70300000 4 70180000
24 10500000 24 6180000
16 16780000 16 18500000
16 18300000 16 14820000
1 159820000 1 159900000
17 22540000 17 26420000
15 22020000 15 22340000
15 21940000 15 22100000
19 48540000 19 46900000
19 55820000 19 55260000
15 22260000 15 22140000
2 110060000 2 110620000
2 130500000 2 131820000
9 98740000 9 96260000
5 177300000 5 178860000
2 95860000 2 97300000
10 28340000 10 27580000
12 43740000 12 48700000
24 10380000 24 8820000
1 30100000 1 30500000
9 11180000 9 12100000
9 96220000 9 98740000
2 89700000 2 89260000
24 18420000 24 18740000
19 48260000 19 48140000
19 57700000 19 57980000
23 130540000 23 130260000
17 18300000 17 20300000
24 10060000 24 8420000
16 16420000 16 18300000
12 130740000 12 130340000
19 48460000 19 47980000
15 28380000 15 30340000
19 47980000 19 48300000
22 30860000 22 28100000
15 30260000 15 28460000
3 11900000 3 13420000
5 340000 5 1660000
15 28380000 15 30300000
23 148860000 23 148460000
15 30500000 15 28740000
17 16580000 17 18420000
5 175620000 5 177020000
1 104020000 1 104100000
6 57780000 6 58420000
1 195100000 1 194940000
10 50660000 10 50260000
1 150780000 1 150860000
15 32660000 15 32500000
7 32700000 7 35020000
23 55580000 23 55500000
24 19060000 24 18100000
2 230980000 2 230860000
15 21980000 15 22140000
15 28540000 15 30620000
1 2860000 1 3180000
20 46260000 20 46660000
23 55700000 23 52900000
7 6740000 7 5980000
24 7580000 24 8860000
17 18620000 17 15380000
16 34420000 16 34340000
16 32580000 16 34540000
19 56340000 19 56660000
3 124900000 3 126900000
1 246700000 1 246820000
11 59900000 11 59780000
7 154700000 7 156140000
23 118060000 23 117500000
7 143140000 7 142940000
23 70980000 23 70820000
19 57980000 19 57700000
2 130980000 2 131100000
24 9220000 24 7580000
23 47860000 23 48140000
12 34220000 12 36900000
15 22380000 15 21980000
1 3180000 1 2860000
23 148300000 23 147020000
23 27900000 23 27660000
1 21620000 1 16740000
1 246500000 1 246340000
19 48020000 19 48180000
19 56700000 19 56340000
11 58620000 11 58460000
13 24500000 13 25540000
7 34940000 7 32820000
24 9220000 24 8180000
17 23100000 17 25860000
23 52660000 23 47940000
16 18660000 16 16580000
19 48020000 19 48220000
8 12020000 8 7220000
9 96140000 9 98740000
11 48460000 11 49900000
23 130260000 23 130540000
5 900000 5 780000
2 109980000 2 112940000
16 16220000 16 18460000
23 11140000 23 8740000
7 5140000 7 5860000
23 105100000 23 105820000
23 146060000 23 145860000
15 19980000 15 18420000
6 58820000 6 58140000
3 130700000 3 130580000
23 144700000 23 146620000
7 65540000 7 65660000
13 24500000 13 23460000
23 36940000 23 37300000
6 30060000 6 31580000
10 30940000 10 29620000
7 65660000 7 65540000
3 11940000 3 13420000
19 47740000 19 46820000
23 48140000 23 47860000
20 25700000 20 26020000
15 82580000 15 80300000
23 152300000 23 151940000
1 30660000 1 29580000
15 29820000 15 28780000
11 49860000 11 48940000
15 22300000 15 22140000
3 11940000 3 10020000
23 119380000 23 119500000
14 106140000 14 105700000
15 22140000 15 22340000
12 130380000 12 130700000
24 18100000 24 19060000
7 101740000 7 101820000
24 6220000 24 9980000
23 47940000 23 48060000
12 34020000 12 36980000
6 30100000 6 29900000
19 48260000 19 48380000
13 23380000 13 23780000
24 9220000 24 10460000
23 36940000 23 34860000
7 32740000 7 30300000
16 18460000 16 16220000
9 94620000 9 99020000
16 31860000 16 32820000
20 23740000 20 23660000
15 82500000 15 80380000
11 48460000 11 51300000
7 62620000 7 67220000
1 16700000 1 21620000
2 240140000 2 239500000
9 87580000 9 85620000
3 127140000 3 125220000
10 135220000 10 135100000
23 73460000 23 73620000
10 37740000 10 36300000
7 32660000 7 34980000
23 142460000 23 144140000
1 17060000 1 16740000
3 10020000 3 11900000
1 13100000 1 12820000
2 89060000 2 89900000
2 110660000 2 108620000
4 300000 4 180000
20 45900000 20 46540000
15 22140000 15 22260000
7 149380000 7 153380000
24 10340000 24 10020000
19 22260000 19 22780000
11 49900000 11 51340000
17 20300000 17 23100000
10 135100000 10 135260000
11 51260000 11 54860000
24 18740000 24 18380000
24 10020000 24 6180000
15 42980000 15 43060000
20 25980000 20 25740000
15 80300000 15 82580000
22 21340000 22 21420000
2 89900000 2 89100000
6 58140000 6 58780000
16 22420000 16 18780000
19 57700000 19 58580000
17 23100000 17 20300000
24 18300000 24 18860000
17 15380000 17 18620000
19 22180000 19 21980000
24 7620000 24 6180000
7 5940000 7 6780000
10 38420000 10 42380000
11 58620000 11 58420000
7 62300000 7 67220000
1 25460000 1 25540000
19 22900000 19 21900000
24 16820000 24 17020000
6 161260000 6 161020000
7 32860000 7 34900000
2 89100000 2 89860000
9 136620000 9 134580000
7 62180000 7 57500000
11 49860000 11 48860000
23 141940000 23 142620000
5 175340000 5 177260000
24 10060000 24 9220000
15 42900000 15 43180000
11 54540000 11 50980000
1 159820000 1 159740000
9 98740000 9 96140000
8 47260000 8 47460000
17 27340000 17 26140000
16 16220000 16 18500000
24 9980000 24 6180000
17 55540000 17 55460000
2 89900000 2 89060000
23 55500000 23 55580000
19 22220000 19 22980000
23 36980000 23 37260000
19 21900000 19 22900000
8 7820000 8 7220000
19 48220000 19 48380000
5 900000 5 820000
10 38020000 10 42780000
8 47620000 8 47740000
15 28860000 15 29700000
7 62620000 7 62340000
12 130660000 12 130380000
2 89660000 2 89300000
4 70260000 4 70140000
12 36820000 12 34260000
14 105620000 14 106260000
14 106100000 14 106340000
22 21020000 22 21100000
23 134180000 23 134100000
11 59860000 11 59700000
2 89140000 2 89820000
1 30580000 1 29740000
6 29180000 6 29260000
23 7900000 23 8700000
15 73820000 15 75940000
10 30900000 10 29740000
24 6420000 24 10380000
22 23620000 22 19340000
1 154020000 1 153900000
23 125260000 23 128020000
2 89580000 2 89380000
18 11900000 18 10580000
13 19220000 13 18700000
23 71020000 23 70900000
11 54980000 11 51260000
16 14820000 16 16220000
1 179220000 1 179300000
7 143540000 7 143660000
11 89460000 11 89140000
23 66660000 23 65940000
23 121740000 23 120500000
16 54420000 16 54340000
9 85620000 9 87620000
24 7620000 24 10500000
23 146620000 23 144700000
9 85620000 9 87580000
12 43740000 12 48660000
7 65500000 7 64900000
19 48380000 19 48460000
9 44780000 9 46060000
1 159860000 1 159780000
10 38500000 10 42260000
10 42460000 10 38340000
5 178140000 5 175380000
15 28740000 15 30500000
12 36980000 12 34020000
17 18660000 17 15380000
15 85220000 15 83620000
19 22140000 19 22940000
17 60380000 17 63740000
17 18460000 17 16580000
11 89340000 11 89260000
24 18980000 24 18180000
6 167660000 6 167540000
24 9220000 24 10060000
11 54460000 11 51020000
23 134620000 23 134820000
16 18580000 16 16700000
3 188020000 3 184380000
19 22340000 19 22660000
24 8420000 24 6420000
10 38460000 10 42340000
19 22220000 19 22020000
19 48420000 19 48300000
6 31500000 6 29780000
17 20860000 17 16740000
4 145100000 4 144980000
16 31540000 16 31660000
23 47900000 23 48060000
11 48940000 11 49860000
12 33980000 12 36900000
16 34500000 16 32620000
9 85660000 9 87580000
6 161260000 6 160940000
17 42500000 17 40900000
24 19220000 24 19340000
8 73300000 8 73140000
7 62980000 7 62180000
24 10380000 24 6180000
23 8700000 23 12980000
16 34340000 16 32620000
10 42740000 10 37980000
16 34380000 16 34460000
8 47460000 8 47220000
23 146500000 23 145860000
17 41980000 17 42460000
7 153140000 7 149460000
23 140140000 23 140500000
23 21300000 23 24220000
19 33180000 19 34100000
23 8500000 23 11540000
24 19220000 24 21460000
17 60420000 17 63740000
15 28940000 15 26060000
6 62020000 6 58820000
23 8940000 23 11940000
7 153460000 7 149300000
11 49940000 11 51380000
9 87660000 9 85700000
15 26780000 15 23740000
15 22340000 15 21980000
7 32700000 7 29700000
10 36340000 10 37780000
17 21300000 17 22380000
15 30380000 15 28340000
9 134580000 9 136620000
19 15860000 19 15620000
23 101900000 23 101780000
7 153420000 7 149300000
16 20500000 16 20340000
2 97540000 2 97220000
12 130460000 12 130340000
23 57620000 23 57980000
17 41060000 17 41260000
15 28900000 15 26060000
2 110540000 2 110140000
9 44140000 9 41900000
16 16580000 16 18700000
19 24180000 19 23300000
11 48980000 11 49820000
15 22180000 15 21980000
7 5940000 7 6820000
17 22380000 17 21300000
11 89220000 11 89380000
12 34060000 12 37020000
2 89060000 2 89860000
14 106340000 14 105900000
1 108740000 1 108620000
17 23020000 17 18340000
23 145860000 23 146060000
1 147500000 1 147900000
7 57340000 7 56500000
14 105860000 14 105540000
19 46820000 19 47740000
15 22380000 15 22140000
11 51340000 11 49900000
3 11900000 3 10020000
11 51300000 11 48500000
15 42940000 15 43100000
24 18860000 24 18300000
4 144940000 4 145060000
17 20060000 17 15660000
24 10380000 24 7620000
11 49940000 11 51340000
9 66220000 9 67900000
17 21460000 17 21740000
19 22900000 19 22100000
8 7300000 8 7740000
2 97340000 2 97100000
17 25860000 17 23100000
11 54460000 11 51140000
11 49860000 11 48500000
19 48340000 19 48020000
23 36500000 23 35820000
10 38380000 10 42420000
8 47580000 8 47740000
9 40540000 9 43740000
3 10020000 3 11940000
2 97180000 2 95980000
6 160940000 6 161260000
11 51300000 11 49900000
17 10380000 17 10220000
24 8300000 24 8380000
23 8100000 23 8700000
7 62300000 7 62620000
14 105900000 14 105700000
11 48340000 11 49980000
9 98820000 9 96180000
15 26820000 15 30620000
23 46180000 23 46300000
22 28140000 22 30860000
24 7620000 24 9220000
23 8740000 23 11140000
18 10580000 18 11900000
2 131860000 2 130700000
15 26100000 15 28900000
7 57340000 7 62180000
5 99460000 5 98820000
7 65700000 7 65580000
5 68860000 5 70420000
22 22260000 22 21580000
17 18980000 17 18900000
17 41980000 17 42500000
24 8020000 24 7420000
15 21980000 15 22340000
22 22020000 22 23420000
24 18780000 24 18380000
23 148420000 23 148860000
7 65220000 7 65140000
23 8700000 23 11140000
23 49660000 23 48340000
2 89100000 2 89780000
17 21900000 17 21340000
12 130380000 12 130660000
2 89340000 2 89620000
22 21500000 22 21340000
23 61940000 23 58100000
2 112820000 2 109980000
14 105660000 14 106140000
17 15620000 17 16500000
10 51060000 10 51300000
2 131940000 2 130700000
19 20540000 19 19940000
15 28340000 15 30340000
15 97380000 15 96460000
19 22580000 19 22500000
2 132100000 2 130940000
23 134820000 23 134620000
19 15700000 19 15900000
18 10620000 18 12180000
23 12980000 23 8940000
1 13100000 1 12900000
2 97540000 2 96020000
16 34340000 16 34500000
2 97060000 2 95620000
23 145060000 23 148260000
17 31300000 17 34460000
23 134540000 23 134660000
24 9980000 24 10500000
13 20780000 13 18740000
2 86820000 2 87140000
19 48220000 19 47980000
10 96740000 10 96620000
10 42380000 10 38380000
15 28340000 15 30380000
23 71940000 23 72020000
3 90380000 3 95140000
16 18460000 16 14820000
9 46060000 9 44780000
17 18420000 17 16580000
23 134100000 23 134220000
20 23580000 20 23660000
5 178220000 5 178100000
23 47700000 23 47780000
19 22100000 19 21900000
10 47180000 10 47060000
2 89340000 2 89580000
17 20300000 17 18300000
16 34620000 16 34300000
10 37900000 10 36740000
23 119220000 23 119060000
5 177260000 5 175300000
3 13420000 3 11940000
17 42500000 17 41540000
17 18900000 17 18980000
10 31060000 10 29780000
17 22100000 17 22500000
8 142180000 8 145300000
24 8860000 24 8420000
1 29700000 1 30580000
7 5180000 7 5820000
23 101620000 23 101340000
1 120220000 1 120340000
10 96700000 10 96540000
17 26420000 17 22580000
15 22260000 15 21940000
19 22740000 19 22260000
15 70740000 15 73340000
23 47860000 23 52700000
24 8140000 24 10380000
2 89860000 2 89780000
10 42340000 10 38460000
1 153860000 1 153980000
5 177220000 5 175340000
10 33380000 10 35580000
11 49820000 11 54780000
2 89020000 2 87420000
10 27660000 10 26940000
13 18660000 13 20660000
15 76780000 15 73900000
6 58420000 6 57820000
19 59500000 19 59780000
5 177020000 5 175620000
7 153140000 7 149500000
12 36860000 12 34260000
7 62940000 7 67060000
20 46300000 20 46620000
2 89260000 2 89700000
7 62180000 7 62980000
10 45500000 10 42260000
1 194940000 1 195100000
7 143700000 7 143620000
7 62500000 7 62420000
23 144140000 23 140500000
2 230860000 2 230980000
24 10020000 24 10340000
9 96220000 9 98780000
23 50900000 23 50820000
23 34220000 23 33700000
7 73780000 7 74260000
5 69980000 5 70700000
2 130700000 2 131940000
9 5380000 9 5300000
23 134820000 23 134580000
17 16820000 17 20820000
19 46220000 19 46140000
3 196980000 3 196820000
19 48380000 19 48260000
18 27820000 18 25700000
15 22140000 15 21980000
5 177060000 5 175580000
2 130460000 2 131820000
24 6220000 24 10340000
23 151620000 23 148660000
2 130900000 2 130500000
23 115700000 23 115500000
23 148460000 23 148860000
23 48140000 23 52820000
3 196820000 3 196980000
17 22780000 17 18300000
23 128020000 23 125260000
17 74900000 17 74620000
17 63340000 17 60180000
23 47020000 23 42500000
19 58580000 19 57700000
19 15900000 19 15700000
7 152100000 7 149220000
17 60380000 17 63780000
17 16500000 17 15580000
23 35860000 23 36700000
1 146220000 1 147420000
2 89180000 2 89900000
7 5740000 7 4980000
23 117540000 23 114780000
7 149380000 7 153340000
10 27580000 10 28340000
10 30980000 10 29860000
7 62500000 7 63020000
1 47300000 1 47140000
15 98140000 15 100140000
2 110620000 2 108660000
15 30620000 15 26820000
17 23100000 17 20340000
23 48140000 23 47940000
1 246540000 1 246380000
7 64340000 7 64820000
1 12860000 1 12780000
7 74260000 7 73780000
19 39940000 19 39740000
23 134100000 23 134180000
2 130980000 2 130580000
9 87540000 9 85700000
17 15580000 17 18500000
23 148660000 23 151620000
4 145260000 4 145140000
23 145860000 23 146500000
1 3220000 1 2980000
7 65860000 7 65580000
7 143620000 7 143700000
10 30980000 10 29900000
23 35340000 23 34740000
1 13140000 1 13220000
7 72020000 7 74940000
15 22140000 15 22020000
23 111380000 23 109580000
15 72180000 15 73300000
23 50900000 23 50780000
7 72380000 7 74860000
15 22300000 15 22060000
23 70940000 23 70820000
24 10500000 24 7620000
15 28300000 15 30420000
10 37940000 10 36740000
10 37980000 10 42700000
15 30700000 15 28740000
24 18180000 24 18980000
2 89900000 2 87420000
6 58820000 6 62020000
22 17020000 22 19060000
23 45540000 23 45940000
16 34340000 16 34620000
1 205900000 1 205740000
8 7220000 8 7820000
13 18660000 13 19180000
22 23020000 22 22020000
11 48940000 11 48860000
6 2860000 6 3020000
7 63260000 7 66980000
13 20660000 13 18660000
1 145860000 1 144540000
24 23940000 24 26860000
19 46100000 19 46300000
1 105220000 1 108740000
23 21660000 23 20460000
23 117500000 23 118060000
2 106180000 2 109860000
2 97300000 2 95860000
8 47460000 8 47180000
15 70700000 15 72180000
10 37900000 10 36700000
13 18740000 13 20780000
7 153340000 7 149380000
23 70780000 23 70980000
5 780000 5 900000
13 23860000 13 22420000
23 102660000 23 102100000
21 13660000 21 10140000
3 11900000 3 10100000
11 49980000 11 51380000
19 23300000 19 24180000
19 61060000 19 61980000
7 64100000 7 64820000
9 98780000 9 96220000
3 10100000 3 10300000
23 8700000 23 7900000
5 70380000 5 68780000
23 48340000 23 49660000
3 130580000 3 130700000
19 55180000 19 56620000
9 137580000 9 135100000
7 64100000 7 65460000
15 21980000 15 22180000
24 10500000 24 8180000
23 141940000 23 145300000
17 15740000 17 20140000
1 103900000 1 104020000
4 460000 4 260000
24 8180000 24 9220000
3 125180000 3 127180000
3 95100000 3 90340000
7 35020000 7 32660000
11 54900000 11 55020000
3 127180000 3 125180000
22 16860000 22 19060000
23 142460000 23 140500000
7 67220000 7 62300000
1 146260000 1 147420000
15 30340000 15 28380000
10 52140000 10 56180000
11 54820000 11 51260000
10 42340000 10 38420000
10 42420000 10 38340000
16 16620000 16 18660000
10 135100000 10 135220000
11 71300000 11 67260000
2 89020000 2 89900000
9 92020000 9 92540000
10 96620000 10 96740000
23 52820000 23 47940000
23 48060000 23 47940000
1 25540000 1 25460000
6 167540000 6 167660000
9 41940000 9 44180000
23 101500000 23 100940000
19 22780000 19 22220000
23 48060000 23 47860000
2 110580000 2 110100000
1 29740000 1 30580000
2 230980000 2 230900000
10 42420000 10 38380000
7 65460000 7 64100000
14 106140000 14 105660000
12 34140000 12 37140000
24 8860000 24 10060000
2 95500000 2 95620000
11 51020000 11 54460000
23 33700000 23 34220000
1 17100000 1 16700000
19 23300000 19 23940000
1 246820000 1 246700000
4 145020000 4 145260000
3 84380000 3 80780000
12 48700000 12 43740000
23 8940000 23 11140000
2 89220000 2 89740000
16 18620000 16 16620000
7 62180000 7 57460000
19 21860000 19 22900000
15 21940000 15 22140000
23 18180000 23 17700000
15 28540000 15 26780000
24 8860000 24 10460000
23 48060000 23 52700000
14 105620000 14 105980000
6 58780000 6 58140000
3 198820000 3 196820000
3 13420000 3 11900000
9 41940000 9 44140000
2 109980000 2 112980000
15 72180000 15 70700000
19 48020000 19 48540000
17 63460000 17 60180000
24 10500000 24 9220000
16 34580000 16 34300000
23 18140000 23 17700000
23 70780000 23 70900000
11 67260000 11 71300000
16 2580000 16 2660000
23 52660000 23 48020000
12 27140000 12 27660000
8 47100000 8 43580000
8 73140000 8 73300000
24 22300000 24 21620000
23 52700000 23 47860000
8 48060000 8 43380000
15 30500000 15 28460000
23 68020000 23 68420000
16 34300000 16 34620000
19 44900000 19 44780000
11 67180000 11 67540000
16 18740000 16 22380000
22 22020000 22 23020000
23 8740000 23 12980000
2 89300000 2 89660000
6 61980000 6 58860000
12 130700000 12 130380000
23 101860000 23 101780000
7 153500000 7 149260000
23 68420000 23 68020000
7 149260000 7 152100000
9 46740000 9 44140000
7 72420000 7 72100000
7 149300000 7 153460000
17 15660000 17 20060000
8 12380000 8 8100000
16 16620000 16 18620000
1 16700000 1 17140000
23 70900000 23 70820000
6 57940000 6 58580000
7 149260000 7 153500000
5 1660000 5 260000
1 146220000 1 145020000
11 48860000 11 49820000
22 22260000 22 24180000
19 47980000 19 48460000
19 24140000 19 23420000
17 16740000 17 20460000
17 21420000 17 21740000
13 51700000 13 52060000
12 130700000 12 130340000
17 21420000 17 21860000
23 27660000 23 27900000
19 21460000 19 23380000
23 140900000 23 142220000
23 115540000 23 116700000
23 141940000 23 144140000
11 54780000 11 49780000
2 96020000 2 97540000
23 70820000 23 70900000
5 175380000 5 178140000
14 105980000 14 105620000
10 38340000 10 42460000
23 49340000 23 49060000
10 29660000 10 30940000
15 30300000 15 28380000
19 19740000 19 20020000
2 89820000 2 89140000
22 22260000 22 24060000
13 23780000 13 22380000
6 30500000 6 31340000
11 51380000 11 49940000
3 131220000 3 126940000
7 57700000 7 57900000
23 120260000 23 120500000
14 100340000 14 101020000
16 33660000 16 32820000
23 48060000 23 52660000
11 67260000 11 70980000
11 59780000 11 59900000
17 20220000 17 18420000
17 55020000 17 55420000
19 22780000 19 22260000
19 22660000 19 22340000
15 28460000 15 30260000
16 18860000 16 22340000
23 52820000 23 47860000
4 145020000 4 145220000
15 21940000 15 22260000
8 7340000 8 7740000
19 61980000 19 61060000
1 119820000 1 119940000
17 15540000 17 18500000
7 153300000 7 149460000
20 46580000 20 45940000
23 15700000 23 15620000
4 145140000 4 145260000
3 10300000 3 10100000
17 20140000 17 18460000
11 89380000 11 89220000
11 48460000 11 51340000
23 24300000 23 24220000
2 97100000 2 97340000
10 29620000 10 30940000
13 23900000 13 18900000
16 34340000 16 34420000
22 21420000 22 21340000
23 52660000 23 47860000
8 48060000 8 43420000
8 73380000 8 73260000
5 177180000 5 175380000
15 26100000 15 26740000
14 105980000 14 105740000
2 95420000 2 97140000
12 124500000 12 126500000
2 131100000 2 130580000
17 63380000 17 60340000
9 96140000 9 98700000
17 20100000 17 20820000
23 132180000 23 132620000
10 42260000 10 45500000
2 95980000 2 97540000
23 36900000 23 37340000
23 154220000 23 154500000
5 178860000 5 177300000
16 32620000 16 34340000
11 67260000 11 67540000
10 56180000 10 52180000
17 20460000 17 16740000
8 6940000 8 11820000
19 51460000 19 51340000
23 47900000 23 52820000
2 110100000 2 110580000
5 98740000 5 99740000
17 21420000 17 21820000
16 34540000 16 34900000
24 18180000 24 18940000
8 7700000 8 7340000
9 85740000 9 87620000
23 103060000 23 103220000
2 95660000 2 97060000
19 46780000 19 47740000
17 21860000 17 21420000
2 108500000 2 109980000
16 28660000 16 28300000
7 65980000 7 65500000
14 105860000 14 106340000
23 37260000 23 36940000
23 145300000 23 141940000
17 20460000 17 15660000
17 2940000 17 3060000
14 105660000 14 105820000
17 18340000 17 23100000
2 130620000 2 132020000
12 36900000 12 34220000
10 42540000 10 44940000
14 106060000 14 105780000
24 21460000 24 19220000
23 103100000 23 101660000
23 100980000 23 101460000
19 22020000 19 22220000
2 208700000 2 209700000
1 147420000 1 146220000
7 153420000 7 149340000
2 166860000 2 165700000
17 63780000 17 60380000
23 142620000 23 140500000
23 140420000 23 140020000
8 7380000 8 7700000
23 131940000 23 134300000
2 89780000 2 89180000
24 6180000 24 7620000
12 47500000 12 51420000
2 110140000 2 110500000
23 150860000 23 151500000
7 66980000 7 63260000
4 145140000 4 145220000
7 55780000 7 51420000
17 20140000 17 15740000
3 9900000 3 10020000
7 62420000 7 57500000
1 30620000 1 30020000
23 8940000 23 8700000
16 31740000 16 31460000
23 52100000 23 49020000
7 73900000 7 74140000
13 51780000 13 51980000
14 104300000 14 103700000
12 130500000 12 130260000
23 101780000 23 101900000
7 6780000 7 5940000
23 54820000 23 54900000
23 36900000 23 37300000
23 48140000 23 52660000
17 3260000 17 3140000
17 22380000 17 21180000
11 51380000 11 49980000
8 7260000 8 7780000
23 47900000 23 48140000
1 246300000 1 246500000
11 51340000 11 48420000
6 167620000 6 167540000
15 29820000 15 28740000
7 157460000 7 157820000
2 89780000 2 89100000
11 48420000 11 51380000
11 51020000 11 54500000
17 20380000 17 18260000
20 28180000 20 25740000
19 48180000 19 48020000
23 47940000 23 52660000
19 48300000 19 48140000
9 67860000 9 66220000
19 56340000 19 56700000
19 2180000 19 2060000
23 17700000 23 18140000
2 89860000 2 89060000
16 14820000 16 16420000
23 102220000 23 101500000
15 70740000 15 73580000
19 19940000 19 20540000
21 42820000 21 44180000
20 25740000 20 28180000
23 47460000 23 43220000
12 34300000 12 36740000
17 20100000 17 15700000
2 63820000 2 61900000
8 7180000 8 12020000
7 152140000 7 149620000
17 22540000 17 21700000
6 31580000 6 30500000
1 30580000 1 29700000
15 83620000 15 85220000
2 130740000 2 131860000
10 45500000 10 47180000
12 130540000 12 130260000
17 15660000 17 16740000
10 96420000 10 96660000
16 21300000 16 21740000
11 89260000 11 89420000
5 175380000 5 177180000
17 26420000 17 22540000
23 154340000 23 154260000
7 57500000 7 56540000
24 8420000 24 7900000
24 19140000 24 19420000
4 300000 4 100000
16 34900000 16 34540000
