6 31100000 6 31020000
23 111060000 23 113340000
5 68860000 5 68780000
8 43420000 8 43220000
1 27500000 1 27300000
22 34300000 22 34140000
14 19700000 14 19540000
7 152460000 7 152220000
6 31980000 6 31780000
23 142940000 23 144140000
23 117260000 23 115620000
23 71860000 23 71740000
16 66220000 16 66140000
6 61940000 6 62300000
19 60380000 19 60540000
7 69980000 7 70100000
24 21220000 24 20060000
1 20180000 1 20340000
12 37060000 12 37780000
23 45900000 23 46060000
11 50340000 11 48300000
10 33140000 10 33460000
7 56660000 7 61540000
19 49340000 19 49660000
6 30540000 6 30620000
10 102420000 10 102500000
9 130620000 9 130540000
6 57700000 6 62540000
1 208660000 1 209380000
16 31300000 16 30980000
23 26660000 23 27260000
10 96500000 10 96820000
23 77420000 23 78140000
7 63540000 7 61860000
23 78700000 23 79340000
24 13580000 24 13900000
23 6420000 23 7500000
24 17860000 24 17940000
23 113940000 23 114940000
1 45260000 1 45540000
23 58420000 23 58500000
23 142980000 23 142700000
23 56340000 23 58380000
23 30460000 23 30180000
19 58500000 19 58380000
23 102340000 23 102420000
2 86100000 2 86020000
11 56780000 11 56660000
14 19700000 14 19460000
21 44100000 21 44180000
23 134300000 23 134380000
23 41540000 23 41900000
16 85580000 16 85500000
1 50220000 1 50060000
14 103780000 14 104140000
19 39820000 19 39740000
21 32700000 21 32900000
8 43700000 8 47900000
22 43380000 22 42780000
24 20300000 24 20060000
20 43820000 20 43540000
12 131180000 12 131700000
8 43740000 8 47900000
10 42420000 10 45260000
17 73700000 17 73620000
17 25140000 17 25380000
16 83500000 16 83580000
22 44660000 22 44420000
4 52780000 4 54780000
22 44780000 22 44660000
17 38180000 17 38100000
23 108060000 23 108540000
6 28940000 6 26300000
7 62020000 7 63500000
23 82580000 23 81220000
12 30580000 12 30660000
23 116460000 23 116300000
6 62260000 6 57740000
23 147020000 23 147740000
17 24460000 17 24300000
3 142660000 3 142500000
23 63900000 23 63100000
19 46940000 19 46860000
20 60820000 20 60580000
9 131020000 9 131420000
6 43860000 6 44100000
2 38700000 2 38780000
17 32060000 17 32220000
23 34220000 23 32380000
3 140300000 3 140460000
23 136860000 23 136060000
15 73580000 15 73700000
11 59860000 11 60140000
23 146220000 23 146020000
23 78660000 23 78900000
7 72420000 7 72500000
5 940000 5 700000
15 52420000 15 52980000
11 48300000 11 48220000
22 21660000 22 21780000
24 15660000 24 16220000
24 15780000 24 16300000
7 69940000 7 70260000
8 125100000 8 125500000
14 76580000 14 76460000
23 145300000 23 146020000
23 18260000 23 17700000
23 63140000 23 63220000
8 47420000 8 48100000
8 58340000 8 57740000
6 34140000 6 34060000
12 34020000 12 33540000
15 19420000 15 21700000
23 68060000 23 67980000
7 75500000 7 75300000
23 57940000 23 57020000
1 25660000 1 25540000
5 131420000 5 130980000
10 37260000 10 38140000
9 135420000 9 135540000
16 31460000 16 31380000
19 21460000 19 21740000
21 32860000 21 32700000
20 47980000 20 47620000
11 48300000 11 50380000
2 113180000 2 113100000
23 41900000 23 43380000
1 111340000 1 111140000
6 34060000 6 33860000
23 107300000 23 108100000
16 31340000 16 31180000
9 34380000 9 34580000
19 61220000 19 61900000
23 83900000 23 83380000
23 148940000 23 149140000
4 91460000 4 93300000
6 44100000 6 43820000
15 21260000 15 20420000
10 38260000 10 37340000
23 143580000 23 143500000
7 61860000 7 63540000
24 20180000 24 21340000
8 29220000 8 30020000
15 48220000 15 47300000
19 23340000 19 23660000
23 79620000 23 79700000
23 81300000 23 82940000
15 22820000 15 21700000
1 20060000 1 19980000
22 48540000 22 48860000
11 60140000 11 59860000
23 71740000 23 71860000
19 51420000 19 51300000
11 2860000 11 2500000
23 67980000 23 68540000
10 134340000 10 134420000
15 62700000 15 62620000
9 34580000 9 34420000
23 148380000 23 147260000
24 18020000 24 17260000
8 43700000 8 43220000
17 57260000 17 57180000
7 1620000 7 2060000
22 21700000 22 21140000
12 34500000 12 36700000
23 17700000 23 18260000
4 3220000 4 3420000
6 31980000 6 31740000
2 201500000 2 201660000
2 63180000 2 63620000
23 115780000 23 116460000
19 44860000 19 44940000
6 31300000 6 31420000
17 72580000 17 72380000
7 1180000 7 1100000
7 63620000 7 63540000
16 31340000 16 30980000
23 119620000 23 121180000
24 17140000 24 14820000
10 38260000 10 37260000
19 22100000 19 22820000
8 43620000 8 43140000
12 130500000 12 130420000
21 44500000 21 44620000
14 19460000 14 19540000
23 105060000 23 105220000
12 130460000 12 130260000
23 140860000 23 143900000
23 35860000 23 36460000
14 106220000 14 106300000
9 38660000 9 38740000
23 82140000 23 80780000
6 30620000 6 30540000
23 51100000 23 55020000
5 174300000 5 174780000
23 40260000 23 40100000
7 68340000 7 67860000
23 140940000 23 141380000
1 113500000 1 114060000
4 145300000 4 145860000
7 70260000 7 69940000
7 99140000 7 99500000
24 17260000 24 17420000
23 142740000 23 143620000
1 151060000 1 150860000
7 157700000 7 157460000
17 7900000 17 7700000
2 232460000 2 232900000
23 68540000 23 67980000
10 37220000 10 38180000
15 29820000 15 29940000
23 45300000 23 45740000
23 57780000 23 58380000
17 72380000 17 72500000
23 5820000 23 5260000
17 78140000 17 77900000
6 31900000 6 31740000
4 37180000 4 37260000
24 16300000 24 15460000
7 128980000 7 129260000
2 160700000 2 161580000
24 20180000 24 19940000
5 180340000 5 180260000
23 55020000 23 55620000
6 62300000 6 57700000
23 134420000 23 134540000
7 70860000 7 71580000
15 73580000 15 73660000
19 46980000 19 46900000
7 23580000 7 23700000
19 57860000 19 57620000
24 16300000 24 15220000
1 111140000 1 111340000
20 45780000 20 46580000
1 201740000 1 201860000
4 97620000 4 98860000
24 20060000 24 20180000
8 980000 8 1340000
5 34940000 5 34500000
1 226260000 1 226340000
8 47580000 8 47100000
23 62540000 23 62660000
11 61940000 11 62020000
5 34500000 5 34940000
17 2780000 17 2700000
14 23380000 14 23300000
5 79740000 5 79820000
23 64020000 23 61980000
14 38180000 14 38460000
23 117260000 23 115260000
6 30100000 6 29940000
23 140940000 23 141500000
23 49780000 23 50100000
23 84780000 23 84980000
23 146380000 23 145180000
23 57940000 23 58460000
20 46500000 20 45940000
15 22420000 15 21420000
7 97300000 7 97060000
6 159700000 6 160940000
23 143140000 23 143740000
15 21700000 15 22580000
23 38820000 23 38500000
23 148940000 23 149060000
23 57180000 23 56860000
4 77060000 4 77260000
11 51140000 11 54700000
7 102820000 7 102740000
6 42740000 6 42940000
24 20020000 24 19940000
7 83380000 7 84460000
22 39380000 22 39460000
11 122260000 11 122380000
23 32380000 23 33500000
23 94540000 23 95300000
23 131500000 23 130820000
24 20300000 24 19780000
9 130740000 9 130620000
23 136060000 23 136860000
11 56100000 11 51180000
1 50060000 1 50220000
9 137380000 9 137140000
24 21220000 24 21100000
24 13700000 24 13900000
1 200660000 1 200780000
16 31660000 16 31340000
23 7500000 23 6420000
12 7700000 12 7260000
15 21700000 15 21460000
11 63540000 11 63620000
23 46020000 23 45860000
23 143140000 23 142940000
23 149060000 23 148940000
23 74260000 23 74940000
8 43580000 8 47580000
11 48300000 11 50460000
6 44100000 6 43740000
1 111220000 1 111340000
10 101780000 10 101660000
17 35180000 17 35300000
11 50340000 11 54860000
11 64220000 11 63900000
16 11540000 16 11460000
6 62260000 6 61940000
19 57420000 19 57260000
24 19780000 24 20020000
24 13380000 24 13500000
19 32620000 19 33020000
17 7860000 17 7700000
23 82580000 23 81580000
2 184700000 2 183820000
2 95220000 2 95060000
6 57700000 6 61980000
21 42860000 21 43100000
6 31020000 6 31100000
17 12580000 17 12180000
6 32860000 6 32300000
24 15700000 24 16300000
8 143060000 8 142860000
11 63620000 11 63540000
23 104860000 23 104380000
24 13420000 24 13340000
23 93060000 23 92820000
1 224380000 1 224500000
1 144300000 1 144220000
11 4460000 11 4340000
23 126300000 23 125780000
6 31740000 6 31980000
23 56140000 23 56340000
11 75580000 11 75260000
7 61300000 7 61500000
23 151260000 23 151180000
6 62300000 6 61940000
6 29940000 6 30060000
19 5100000 19 5220000
5 175100000 5 175700000
7 67860000 7 68340000
20 61300000 20 61380000
23 80060000 23 80300000
16 61220000 16 61820000
12 52660000 12 52900000
23 72540000 23 72820000
1 26500000 1 26620000
8 37820000 8 37980000
7 61900000 7 63540000
19 56140000 19 56060000
14 22300000 14 22220000
6 27220000 6 27860000
23 29140000 23 29700000
23 115500000 23 116580000
11 900000 11 1460000
19 57260000 19 57420000
23 117020000 23 117260000
22 26340000 22 26140000
23 114980000 23 117260000
1 3900000 1 4420000
23 141180000 23 141900000
13 40940000 13 41020000
22 17620000 22 17700000
23 68140000 23 68220000
23 134380000 23 134300000
23 78620000 23 79380000
16 32540000 16 32420000
7 98300000 7 97780000
7 157460000 7 157700000
23 68180000 23 67980000
11 63900000 11 64220000
1 177660000 1 177820000
8 47900000 8 47300000
23 62540000 23 62980000
3 9300000 3 9140000
23 144500000 23 144620000
4 93300000 4 91460000
19 11660000 19 11860000
8 43220000 8 43420000
16 19300000 16 19100000
4 98860000 4 97620000
3 13700000 3 13780000
24 21220000 24 20220000
7 66500000 7 67740000
2 96140000 2 96220000
1 45300000 1 45540000
1 13860000 1 13780000
11 50380000 11 48180000
1 246940000 1 246660000
19 23820000 19 24260000
2 27380000 2 27260000
17 6740000 17 6820000
23 82180000 23 81580000
12 47300000 12 47220000
4 88580000 4 88500000
20 32180000 20 31940000
23 67980000 23 68220000
16 11460000 16 11540000
7 70780000 7 69940000
23 105580000 23 105820000
23 136900000 23 136340000
7 97060000 7 97300000
23 38740000 23 38540000
23 141340000 23 140060000
15 75700000 15 75940000
19 21740000 19 21460000
23 39380000 23 40060000
19 47780000 19 48500000
11 48300000 11 50340000
23 74940000 23 74260000
21 45580000 21 45260000
11 30340000 11 30900000
23 147260000 23 148380000
22 43140000 22 42780000
5 178860000 5 178540000
23 139740000 23 141260000
11 50420000 11 48220000
23 105780000 23 105580000
7 148660000 7 148980000
19 58380000 19 58220000
7 220000 7 140000
23 138540000 23 137860000
20 51620000 20 51980000
6 29940000 6 30100000
22 15940000 22 16380000
9 131260000 9 131020000
7 99500000 7 99140000
18 220000 18 140000
23 120020000 23 120300000
11 44980000 11 45060000
1 229660000 1 229780000
23 125060000 23 124980000
10 37180000 10 35940000
17 71580000 17 71420000
7 142140000 7 141980000
14 103980000 14 103900000
19 46980000 19 46820000
11 54700000 11 51100000
23 36740000 23 36060000
5 79820000 5 79740000
8 180000 8 620000
15 73660000 15 73460000
10 38460000 10 38180000
7 75300000 7 75500000
7 67820000 7 67260000
23 93860000 23 92700000
1 201420000 1 201340000
8 142660000 8 142780000
23 5220000 23 4500000
10 49540000 10 50140000
1 20860000 1 20740000
13 113900000 13 113500000
17 75580000 17 75340000
3 142500000 3 142660000
15 22700000 15 21380000
6 31740000 6 32020000
10 102860000 10 102780000
10 105420000 10 105340000
15 20420000 15 21380000
23 5180000 23 5700000
23 144060000 23 143580000
8 22500000 8 22340000
23 8940000 23 9260000
23 45020000 23 46100000
17 16500000 17 16420000
15 20460000 15 20540000
21 17220000 21 17580000
3 185260000 3 185340000
23 57340000 23 57580000
19 47220000 19 47380000
23 27260000 23 26380000
5 107820000 5 108900000
11 18900000 11 18980000
7 45100000 7 44980000
10 50140000 10 49540000
2 129220000 2 130380000
17 54180000 17 54500000
5 98180000 5 96900000
3 179500000 3 177780000
17 72940000 17 72820000
8 42420000 8 42620000
3 140380000 3 140300000
18 68380000 18 66340000
8 143060000 8 142700000
4 100420000 4 99140000
23 66060000 23 66820000
23 79340000 23 78620000
23 153980000 23 154540000
10 37220000 10 37900000
20 60860000 20 60580000
4 97660000 4 99140000
24 17940000 24 17180000
4 54220000 4 54780000
23 33380000 23 32380000
20 61180000 20 61300000
23 80780000 23 82140000
1 22340000 1 22820000
15 32420000 15 32180000
7 157300000 7 157180000
23 20180000 23 21740000
2 88980000 2 89380000
1 145580000 1 145860000
5 70820000 5 70900000
1 23860000 1 23620000
20 47620000 20 47940000
23 151580000 23 151260000
4 166500000 4 166260000
3 51780000 3 51900000
24 20300000 24 21100000
23 136340000 23 136460000
23 74060000 23 75980000
1 4420000 1 3820000
5 112380000 5 112700000
24 17420000 24 18020000
6 31420000 6 31300000
9 135540000 9 135380000
1 40180000 1 40100000
15 21620000 15 22380000
12 7780000 12 7860000
23 46060000 23 45140000
1 204140000 1 204060000
19 44780000 19 44940000
20 5700000 20 5540000
23 63860000 23 63140000
4 146180000 4 145300000
1 3820000 1 4100000
4 146060000 4 145260000
7 39940000 7 40020000
2 38780000 2 38620000
23 143740000 23 143140000
3 14100000 3 13980000
7 61700000 7 61780000
11 47900000 11 48180000
23 108820000 23 109020000
4 139180000 4 140020000
23 68580000 23 69100000
7 54860000 7 55300000
10 37900000 10 37220000
11 58820000 11 58940000
23 29700000 23 29140000
23 45860000 23 46060000
23 34140000 23 32380000
7 1980000 7 2060000
4 54780000 4 54700000
7 150420000 7 150500000
4 44180000 4 42700000
24 13540000 24 13860000
7 66500000 7 68060000
19 9300000 19 9420000
7 68060000 7 66660000
4 44180000 4 42860000
24 17900000 24 17140000
12 132220000 12 132100000
21 45260000 21 45580000
17 63060000 17 62860000
3 13900000 3 13700000
16 15980000 16 15780000
11 55460000 11 51180000
4 84220000 4 84380000
24 18020000 24 17180000
10 27900000 10 28700000
23 62580000 23 62060000
16 3340000 16 3420000
23 33700000 23 32380000
1 110140000 1 109980000
20 1260000 20 1340000
6 62300000 6 63940000
7 157460000 7 157860000
15 21500000 15 21700000
11 55900000 11 51060000
23 81740000 23 81220000
8 47420000 8 47340000
15 19420000 15 20620000
17 7700000 17 7820000
1 4260000 1 3820000
10 37060000 10 35980000
23 136340000 23 136900000
15 20420000 15 21260000
11 63140000 11 62780000
9 138260000 9 138180000
23 101020000 23 101220000
16 31660000 16 31460000
23 125780000 23 126300000
21 46820000 21 46660000
23 7260000 23 7460000
11 4460000 11 4380000
1 209300000 1 208940000
23 44140000 23 44700000
4 42860000 4 44180000
24 20180000 24 20100000
1 152100000 1 152020000
13 113500000 13 113900000
22 48380000 22 48020000
23 144140000 23 142940000
7 157180000 7 157300000
23 33420000 23 32380000
9 136860000 9 137380000
1 153380000 1 153300000
1 27220000 1 27300000
24 17140000 24 15620000
7 56260000 7 56660000
24 19780000 24 20300000
19 9260000 19 9380000
23 45860000 23 45620000
19 37860000 19 38140000
15 36460000 15 36060000
17 35420000 17 35300000
23 108180000 23 108540000
3 51900000 3 51740000
10 96860000 10 96700000
11 50460000 11 50340000
19 11860000 19 12100000
24 17140000 24 17460000
10 45260000 10 45100000
17 40820000 17 40740000
17 30660000 17 30860000
17 41180000 17 41060000
16 10260000 16 10500000
19 46940000 19 46820000
1 209380000 1 208660000
3 14100000 3 13940000
1 145180000 1 145060000
15 75940000 15 75660000
23 127060000 23 126860000
6 57660000 6 61980000
23 141260000 23 140380000
10 38180000 10 38460000
19 20340000 19 20180000
2 26020000 2 26220000
9 95540000 9 95620000
23 120500000 23 121340000
11 51180000 11 54700000
6 57740000 6 62260000
10 96540000 10 96820000
20 61380000 20 61180000
17 41060000 17 41180000
1 246660000 1 246860000
24 14500000 24 16060000
23 56140000 23 56060000
17 15820000 17 15740000
19 56140000 19 55900000
20 23580000 20 23340000
19 60540000 19 60380000
17 9940000 17 9820000
22 18300000 22 18180000
9 103580000 9 104860000
10 38260000 10 38180000
12 49180000 12 49340000
7 142380000 7 142500000
23 132980000 23 133260000
7 45940000 7 46340000
7 69140000 7 67340000
9 130620000 9 130740000
4 54700000 4 54780000
23 37060000 23 37500000
23 149140000 23 149060000
23 142940000 23 143660000
16 3340000 16 3260000
16 73380000 16 73460000
17 63180000 17 63340000
6 86460000 6 87660000
19 11820000 19 12220000
23 5780000 23 4420000
2 232500000 2 232700000
23 136340000 23 136860000
23 56820000 23 57220000
2 240580000 2 239660000
7 75300000 7 75380000
13 28260000 13 28820000
23 25900000 23 25780000
17 2700000 17 2820000
23 56820000 23 57580000
8 41660000 8 41820000
15 21380000 15 20420000
2 41460000 2 40060000
6 43540000 6 43380000
6 61940000 6 62260000
23 20180000 23 20380000
23 56860000 23 57180000
24 13380000 24 13460000
14 19820000 14 19620000
24 21220000 24 21340000
5 173780000 5 174140000
17 77900000 17 78140000
23 132980000 23 132780000
11 48300000 11 48180000
8 42700000 8 42780000
12 7860000 12 7780000
23 136340000 23 136940000
6 34060000 6 34140000
7 67260000 7 67820000
12 123580000 12 123780000
15 99940000 15 99660000
4 113780000 4 113900000
17 36700000 17 36460000
6 33100000 6 33220000
1 3340000 1 3540000
9 38740000 9 38660000
11 2260000 11 2140000
7 62060000 7 61740000
5 34500000 5 34020000
11 48180000 11 50380000
23 27260000 23 26660000
9 135620000 9 135820000
24 13780000 24 13700000
11 64220000 11 63940000
17 72380000 17 72580000
8 30020000 8 29220000
23 26780000 23 27260000
19 43540000 19 43460000
6 30060000 6 29940000
6 61940000 6 57660000
24 13900000 24 13540000
2 161580000 2 160700000
1 116500000 1 116820000
12 130260000 12 130180000
16 76180000 16 75860000
3 185340000 3 185260000
16 46500000 16 45780000
19 55260000 19 55460000
7 142500000 7 142380000
23 140140000 23 139740000
8 80620000 8 79940000
7 56660000 7 61300000
16 34740000 16 34220000
1 50500000 1 48340000
3 48660000 3 49020000
16 18060000 16 17580000
23 72860000 23 72340000
7 63820000 7 61740000
8 48100000 8 43700000
15 21660000 15 21500000
7 26660000 7 26380000
23 151300000 23 151420000
23 17540000 23 17100000
2 106660000 2 107900000
19 40380000 19 40300000
11 51180000 11 55500000
23 108540000 23 108060000
2 95180000 2 91700000
23 126820000 23 125820000
23 77420000 23 78540000
23 81220000 23 81740000
9 138180000 9 138260000
15 74900000 15 74700000
23 120060000 23 119860000
23 87820000 23 88100000
17 75340000 17 75580000
10 38460000 10 37540000
7 61780000 7 61700000
3 140300000 3 140380000
23 107940000 23 108540000
6 33220000 6 33100000
11 69940000 11 70940000
5 137660000 5 137580000
4 166100000 4 166180000
19 44940000 19 44780000
23 152340000 23 151860000
4 54780000 4 54060000
12 117740000 12 117380000
9 135660000 9 135820000
17 75260000 17 74740000
17 16980000 17 16780000
14 19580000 14 19700000
23 102540000 23 102420000
15 21420000 15 21580000
10 45260000 10 42420000
23 57940000 23 55780000
19 47780000 19 47620000
24 15700000 24 16100000
10 102180000 10 102260000
15 21500000 15 22380000
8 143060000 8 142980000
11 63940000 11 64220000
7 140000 7 220000
23 82380000 23 81100000
10 37620000 10 41780000
11 48220000 11 50580000
23 102300000 23 102220000
15 73660000 15 73580000
23 152100000 23 151940000
12 8860000 12 8740000
1 40260000 1 40100000
1 204140000 1 204420000
23 101220000 23 100780000
23 116100000 23 117260000
23 142980000 23 142780000
23 109620000 23 109780000
9 103780000 9 104860000
24 17900000 24 17180000
7 71580000 7 70860000
10 38140000 10 38460000
23 17100000 23 17540000
24 20300000 24 21220000
12 49180000 12 49380000
11 61620000 11 61460000
23 149060000 23 149140000
1 168340000 1 168620000
23 32380000 23 33420000
15 20380000 15 22380000
23 66820000 23 66060000
17 77900000 17 78180000
23 35860000 23 36540000
5 176260000 5 176060000
12 123780000 12 123580000
11 55500000 11 51140000
9 135540000 9 135420000
15 22380000 15 21620000
17 73140000 17 73340000
24 16300000 24 15780000
7 36300000 7 35980000
23 46100000 23 45860000
12 12060000 12 11580000
17 22580000 17 22980000
1 150860000 1 150940000
17 35300000 17 35180000
11 56140000 11 55500000
7 64500000 7 64060000
7 69940000 7 70860000
23 151380000 23 151180000
23 62980000 23 62540000
23 32380000 23 33740000
6 160940000 6 159660000
23 7460000 23 7260000
23 63220000 23 63660000
19 47620000 19 47780000
22 40740000 22 40820000
22 47740000 22 48340000
3 51740000 3 51900000
23 56820000 23 55180000
10 46540000 10 49220000
1 20700000 1 20420000
12 49380000 12 49180000
14 100460000 14 100980000
23 4380000 23 5820000
10 55860000 10 54260000
8 47460000 8 47900000
14 19700000 14 19580000
15 28140000 15 27780000
23 8140000 23 8460000
12 49340000 12 49180000
23 140100000 23 141340000
11 96740000 11 97820000
20 2780000 20 2700000
9 137100000 9 136860000
23 105220000 23 105460000
23 45220000 23 45100000
8 58420000 8 57700000
24 17180000 24 17900000
23 151180000 23 151380000
22 26340000 22 26220000
15 75940000 15 75700000
23 63820000 23 65780000
1 3540000 1 3340000
8 143060000 8 142900000
4 145300000 4 146180000
11 55340000 11 51100000
17 12180000 17 12580000
23 141340000 23 140940000
24 13940000 24 13780000
11 50340000 11 50580000
6 159660000 6 160940000
12 140000 12 60000
16 34500000 16 34740000
11 50540000 11 48220000
23 57020000 23 57220000
22 15860000 22 15780000
19 56900000 19 56980000
1 226540000 1 226340000
13 110460000 13 110380000
11 18980000 11 18900000
7 70060000 7 69980000
23 79380000 23 78620000
1 108660000 1 108980000
1 145860000 1 145660000
16 19140000 16 19300000
3 128700000 3 127940000
24 17900000 24 17260000
23 79700000 23 79500000
23 108340000 23 107980000
16 84540000 16 84420000
1 3660000 1 3540000
14 100620000 14 101180000
1 209940000 1 210180000
23 136820000 23 136340000
6 160940000 6 159700000
23 81580000 23 82580000
23 73060000 23 72580000
17 72820000 17 72940000
21 10100000 21 10180000
24 21340000 24 20100000
2 40060000 2 41460000
1 223740000 1 224100000
8 47340000 8 47100000
8 47580000 8 47380000
1 55180000 1 55260000
7 55980000 7 55900000
23 88100000 23 87820000
11 77260000 11 77140000
16 19420000 16 19300000
23 130820000 23 131500000
19 20940000 19 20700000
7 63540000 7 61900000
22 21100000 22 21500000
23 46020000 23 45380000
20 25420000 20 25580000
11 2140000 11 1700000
24 15740000 24 16180000
23 33900000 23 32540000
8 620000 8 180000
23 72260000 23 72340000
23 116580000 23 115500000
14 41780000 14 44380000
17 75260000 17 74940000
23 140620000 23 141820000
2 77380000 2 78060000
13 57300000 13 57980000
23 108180000 23 107940000
19 56980000 19 56900000
16 17580000 16 18060000
23 32380000 23 33980000
23 68620000 23 69140000
17 57180000 17 57260000
19 20700000 19 20940000
11 54700000 11 51060000
7 1100000 7 1180000
15 35380000 15 35860000
19 20220000 19 20300000
24 13940000 24 13860000
1 50140000 1 49260000
10 38140000 10 37260000
1 200780000 1 200660000
23 152340000 23 152260000
1 4100000 1 3900000
23 25580000 23 26700000
16 32540000 16 31660000
23 69100000 23 68580000
23 32380000 23 34900000
2 232500000 2 232860000
15 21860000 15 21700000
11 67580000 11 67660000
17 40740000 17 40820000
15 21420000 15 22420000
10 55420000 10 54260000
22 34180000 22 34300000
23 64860000 23 62140000
22 44660000 22 44380000
1 149540000 1 149620000
1 238980000 1 239500000
15 21380000 15 21300000
7 61540000 7 56660000
23 41900000 23 41540000
7 141300000 7 141540000
17 48420000 17 50300000
23 62060000 23 62580000
10 37260000 10 38260000
24 15460000 24 14700000
10 38180000 10 37220000
24 16220000 24 15780000
23 115300000 23 116580000
7 157620000 7 157860000
1 22820000 1 22740000
23 108100000 23 107300000
24 20340000 24 20220000
17 74940000 17 75340000
19 12220000 19 11820000
14 100980000 14 101060000
11 2500000 11 2140000
11 48300000 11 50420000
16 19300000 16 19140000
4 140020000 4 139180000
17 46740000 17 50380000
10 102780000 10 102860000
23 109980000 23 109620000
23 78900000 23 78660000
12 51860000 12 51940000
23 4900000 23 5660000
17 40180000 17 40300000
19 41020000 19 41180000
12 102340000 12 102420000
23 4500000 23 4180000
23 78140000 23 77420000
10 37340000 10 38260000
24 20180000 24 20060000
11 47300000 11 47220000
4 99140000 4 100420000
7 40020000 7 39940000
22 47620000 22 47740000
2 70140000 2 69980000
8 47900000 8 43740000
11 62180000 11 62340000
2 88260000 2 88140000
6 57460000 6 61980000
17 54300000 17 54180000
12 32980000 12 33340000
23 93020000 23 93420000
15 22380000 15 22460000
23 92700000 23 93660000
20 25260000 20 25340000
6 27260000 6 27660000
9 124380000 9 124220000
3 49020000 3 48740000
23 117260000 23 117020000
11 2860000 11 2660000
23 92300000 23 92420000
12 32980000 12 34020000
16 15980000 16 16140000
19 23900000 19 24140000
6 57700000 6 62300000
22 44420000 22 44660000
12 68540000 12 69140000
23 38900000 23 38500000
4 145260000 4 146060000
1 233220000 1 232700000
2 183820000 2 184700000
15 20620000 15 19420000
15 36060000 15 36460000
23 68060000 23 68220000
17 9820000 17 9940000
19 22060000 19 20820000
7 71260000 7 71620000
23 108540000 23 107780000
8 43220000 8 43740000
6 87620000 6 87060000
13 28700000 13 28500000
10 56500000 10 54220000
19 59660000 19 63460000
23 140300000 23 141380000
23 109020000 23 108820000
12 74300000 12 74700000
6 143900000 6 144380000
3 96060000 3 97500000
11 70860000 11 70940000
23 14900000 23 14020000
3 51260000 3 51020000
19 22060000 19 22420000
23 56300000 23 55180000
12 130260000 12 130460000
24 13700000 24 13540000
24 17940000 24 18020000
23 4140000 23 5060000
8 142980000 8 143060000
15 43100000 15 43180000
15 38340000 15 38140000
6 34140000 6 33820000
7 70580000 7 69940000
23 40100000 23 40260000
1 92180000 1 91620000
24 16180000 24 15700000
23 108420000 23 108060000
23 68220000 23 68140000
2 86020000 2 86100000
19 44940000 19 44860000
23 57220000 23 56820000
16 19300000 16 19420000
1 49260000 1 50180000
10 42620000 10 42420000
23 5820000 23 4380000
23 151420000 23 151300000
23 68460000 23 67980000
24 17140000 24 15460000
8 144300000 8 143940000
6 33820000 6 33980000
1 50060000 1 50180000
1 108980000 1 108660000
20 54620000 20 54900000
16 85660000 16 85500000
23 72700000 23 72940000
23 63100000 23 63660000
1 239700000 1 239220000
2 232700000 2 232500000
19 55460000 19 55260000
11 55500000 11 56140000
10 104140000 10 103940000
7 3260000 7 4260000
23 27260000 23 26620000
6 27660000 6 27260000
5 112700000 5 112380000
19 51260000 19 51380000
17 32380000 17 32060000
11 2140000 11 2500000
14 103900000 14 104060000
23 58380000 23 58500000
11 66620000 11 66740000
23 101660000 23 101980000
23 67980000 23 68060000
23 117260000 23 114980000
2 96180000 2 96300000
8 47180000 8 47420000
23 146380000 23 146740000
8 123300000 8 122740000
19 56140000 19 56260000
7 35980000 7 36140000
23 144620000 23 144500000
11 51060000 11 54700000
17 68940000 17 69020000
23 126860000 23 127060000
23 108060000 23 107940000
11 48220000 11 50420000
23 38500000 23 38660000
19 54580000 19 54500000
2 239820000 2 240740000
1 20420000 1 20700000
19 12100000 19 11820000
7 69140000 7 68220000
23 101220000 23 101020000
17 20980000 17 21100000
14 43100000 14 44380000
10 96700000 10 96860000
23 55180000 23 56340000
22 15780000 22 15660000
20 61380000 20 61300000
4 42820000 4 44180000
6 62260000 6 57780000
8 47900000 8 43620000
23 49340000 23 51220000
23 105460000 23 105220000
2 96180000 2 95100000
11 50460000 11 48180000
14 19420000 14 19700000
24 18020000 24 17940000
1 51260000 1 51420000
23 7500000 23 7780000
11 4340000 11 4460000
21 44860000 21 44940000
7 152620000 7 153020000
14 19420000 14 19540000
4 116300000 4 117340000
17 63780000 17 63900000
17 6500000 17 6740000
22 48020000 22 48380000
22 19460000 22 19300000
21 46500000 21 46660000
6 33980000 6 33820000
23 49740000 23 50260000
19 20180000 19 20340000
6 63940000 6 61980000
23 72580000 23 72940000
23 108460000 23 107300000
11 67660000 11 67580000
11 48180000 11 50460000
6 34060000 6 33820000
1 48340000 1 50500000
14 76460000 14 76580000
12 132220000 12 132020000
23 32380000 23 33660000
23 39180000 23 40220000
23 6140000 23 7020000
23 125820000 23 126820000
1 204420000 1 204140000
3 48420000 3 48220000
23 44700000 23 44260000
23 102580000 23 102420000
2 107900000 2 106660000
7 14660000 7 13340000
9 89700000 9 89620000
11 50500000 11 48300000
8 380000 8 540000
24 13500000 24 17860000
2 161580000 2 160620000
23 104380000 23 104860000
23 16900000 23 16820000
23 65740000 23 65500000
22 15780000 22 15860000
4 146700000 4 146380000
3 139860000 3 140100000
10 56500000 10 54260000
1 51420000 1 51260000
1 26220000 1 26020000
23 84700000 23 84540000
15 73460000 15 73660000
2 95100000 2 91700000
23 109780000 23 109660000
23 57580000 23 56820000
23 62540000 23 62700000
3 13780000 3 13700000
24 16020000 24 16180000
1 246900000 1 247060000
20 60580000 20 60980000
8 142900000 8 143060000
1 13700000 1 13780000
23 95460000 23 93860000
24 17940000 24 17860000
11 51060000 11 55900000
24 16180000 24 16100000
15 52300000 15 53140000
7 35980000 7 36300000
10 35260000 10 35180000
24 17940000 24 17260000
23 139700000 23 141260000
12 51740000 12 51860000
7 63500000 7 63820000
19 16180000 19 16020000
2 109780000 2 109660000
9 105820000 9 103620000
16 68380000 16 68500000
12 9100000 12 8620000
12 36460000 12 36660000
24 14500000 24 14700000
23 43100000 23 41900000
7 67740000 7 66500000
24 18020000 24 17220000
19 46980000 19 46860000
23 5260000 23 5820000
7 96580000 7 97300000
1 31780000 1 31700000
1 3820000 1 4140000
3 33140000 3 33380000
11 51060000 11 51180000
23 120020000 23 120140000
15 52540000 15 53220000
23 88300000 23 87860000
23 57780000 23 57940000
7 97580000 7 97500000
3 13700000 3 13820000
23 80300000 23 80060000
17 15740000 17 15820000
2 89380000 2 88940000
23 109660000 23 109780000
1 40180000 1 40260000
12 78420000 12 79060000
5 34020000 5 34500000
16 32420000 16 32500000
10 73460000 10 73740000
10 12380000 10 12700000
22 21500000 22 21140000
10 103940000 10 104140000
1 111340000 1 111180000
2 121660000 2 121580000
6 42780000 6 42980000
4 145900000 4 145260000
23 109020000 23 108860000
21 10180000 21 10100000
23 65780000 23 63820000
23 17180000 23 17500000
24 21220000 24 19980000
12 123580000 12 123700000
10 38220000 10 38460000
24 15220000 24 16300000
11 50460000 11 48300000
22 26220000 22 26340000
2 95100000 2 96180000
23 45420000 23 46100000
23 83380000 23 83900000
10 38260000 10 38460000
21 46660000 21 46500000
23 56860000 23 56340000
1 3820000 1 4420000
23 136940000 23 136340000
11 118020000 11 117940000
19 46500000 19 46260000
3 47220000 3 47380000
1 23620000 1 23860000
16 84500000 16 84420000
16 31300000 16 31380000
16 34740000 16 34420000
24 15460000 24 16220000
1 3660000 1 2140000
23 82860000 23 81260000
23 140100000 23 143500000
23 58380000 23 56340000
16 84260000 16 83980000
15 22420000 15 21460000
23 116300000 23 116460000
10 37740000 10 37340000
1 3540000 1 3660000
23 63100000 23 63220000
17 37940000 17 37860000
17 41060000 17 41380000
7 63540000 7 61820000
14 19420000 14 19820000
11 50580000 11 48220000
23 152100000 23 151860000
23 113340000 23 111060000
24 18020000 24 14180000
8 1340000 8 980000
6 61980000 6 57700000
6 74740000 6 75980000
23 137860000 23 138540000
8 57700000 8 58180000
23 146460000 23 145220000
11 97820000 11 96740000
6 57660000 6 62380000
2 88980000 2 91140000
16 68500000 16 68380000
23 145220000 23 146460000
23 5220000 23 6460000
21 18860000 21 20340000
11 48220000 11 50540000
19 23900000 19 23820000
7 102740000 7 102820000
23 116340000 23 115580000
14 20660000 14 20540000
23 141820000 23 140620000
7 68580000 7 66500000
8 1540000 8 180000
9 131020000 9 131140000
23 33460000 23 32380000
23 68220000 23 68020000
16 15780000 16 15980000
23 114460000 23 114780000
2 160660000 2 161580000
23 15580000 23 15500000
21 43220000 21 43380000
23 140380000 23 141260000
14 20140000 14 19980000
12 7940000 12 7860000
23 99020000 23 98420000
23 142740000 23 142980000
24 17260000 24 17140000
23 108780000 23 109020000
23 58420000 23 57580000
12 7700000 12 7860000
21 43380000 21 43220000
2 25940000 2 26020000
15 21500000 15 22420000
4 100500000 4 100260000
4 53820000 4 54780000
23 132980000 23 132660000
23 72580000 23 72820000
8 47380000 8 47580000
24 13900000 24 13780000
6 31180000 6 31020000
5 169620000 5 169740000
7 63500000 7 61740000
23 58460000 23 55620000
7 157860000 7 157460000
19 11740000 19 11820000
19 47660000 19 47780000
16 19100000 16 19300000
1 224020000 1 223740000
6 31740000 6 31900000
11 1620000 11 2140000
22 15860000 22 15660000
17 7740000 17 7900000
23 63100000 23 63180000
23 50620000 23 50500000
23 75980000 23 74060000
24 21340000 24 21220000
17 6820000 17 6500000
3 36140000 3 36700000
23 26700000 23 25580000
6 31980000 6 31820000
24 14020000 24 14500000
13 113500000 13 114100000
1 201860000 1 201740000
11 4380000 11 4460000
19 56260000 19 55900000
1 49260000 1 50140000
6 31620000 6 31740000
8 47340000 8 43140000
23 32380000 23 33380000
19 39780000 19 39860000
19 15060000 19 16020000
7 45180000 7 44980000
24 17260000 24 17940000
23 149140000 23 148940000
9 135820000 9 135620000
1 210180000 1 209940000
9 95620000 9 95540000
19 21460000 19 21540000
15 22460000 15 22380000
12 132140000 12 132220000
16 85500000 16 85620000
10 96820000 10 96660000
23 49540000 23 51220000
2 95060000 2 95180000
9 118340000 9 117780000
14 104140000 14 103780000
23 109020000 23 108780000
15 21340000 15 22820000
24 13580000 24 13700000
16 31660000 16 31380000
24 19940000 24 20180000
11 9540000 11 9740000
15 88820000 15 88660000
8 57740000 8 58180000
23 46060000 23 45860000
5 180260000 5 180340000
23 6420000 23 7020000
23 150380000 23 150060000
9 135540000 9 135460000
23 120060000 23 119820000
23 78740000 23 79340000
3 33380000 3 33140000
17 78180000 17 77900000
14 104020000 14 103860000
5 79620000 5 79420000
1 111340000 1 111220000
16 21100000 16 21260000
10 42900000 10 42740000
10 43340000 10 42420000
23 108140000 23 107940000
23 40500000 23 40660000
20 31140000 20 31060000
16 9820000 16 9980000
23 134460000 23 134380000
24 17460000 24 17180000
11 2140000 11 2260000
23 7900000 23 8300000
14 38020000 14 37820000
6 43380000 6 43540000
23 79340000 23 78740000
7 500000 7 780000
10 94180000 10 94060000
23 45900000 23 45020000
11 51100000 11 54700000
20 31060000 20 31140000
17 75340000 17 75460000
23 72940000 23 72860000
17 30860000 17 30660000
19 49660000 19 49340000
3 177780000 3 179500000
23 65500000 23 65740000
9 131420000 9 131020000
18 75260000 18 75420000
1 22580000 1 22340000
7 72420000 7 72540000
24 13540000 24 13900000
7 68260000 7 66660000
20 25540000 20 25620000
7 70860000 7 71620000
17 62700000 17 62780000
23 143900000 23 140860000
23 131260000 23 131540000
24 13700000 24 13580000
8 43700000 8 48100000
4 54660000 4 54780000
17 18780000 17 18700000
3 48300000 3 48420000
1 110780000 1 110540000
23 109620000 23 109980000
8 43220000 8 43460000
10 134300000 10 134460000
23 92420000 23 92300000
23 143140000 23 142700000
23 151860000 23 152100000
24 19980000 24 19700000
24 20100000 24 20180000
23 34900000 23 32380000
23 137860000 23 138660000
10 37340000 10 37540000
9 1380000 9 1620000
15 22580000 15 21700000
1 3820000 1 4260000
23 62580000 23 62660000
4 179780000 4 180900000
17 6820000 17 6740000
21 41900000 21 42100000
12 68540000 12 69060000
9 130740000 9 130540000
1 224100000 1 223740000
10 38060000 10 37220000
9 89620000 9 89700000
12 3140000 12 3260000
24 13500000 24 13860000
15 21700000 15 21500000
10 80420000 10 79540000
24 17140000 24 17900000
7 142020000 7 142180000
23 62540000 23 62780000
20 31060000 20 30940000
23 93420000 23 93020000
23 120220000 23 120020000
23 71340000 23 71140000
22 38140000 22 38060000
5 68740000 5 68860000
5 104900000 5 105980000
24 17260000 24 17900000
7 63820000 7 63500000
23 57820000 23 57220000
23 101980000 23 101660000
6 27260000 6 27820000
12 36540000 12 36460000
23 145140000 23 145220000
24 14700000 24 14780000
6 83060000 6 83780000
1 239100000 1 239700000
20 23540000 20 23380000
23 40620000 23 40460000
12 78420000 12 78660000
9 1620000 9 1380000
1 22340000 1 22580000
2 88940000 2 89380000
17 37860000 17 37940000
23 40580000 23 40660000
15 22820000 15 21340000
1 40260000 1 40180000
6 33820000 6 34060000
8 47100000 8 47340000
24 15620000 24 17140000
23 27260000 23 22580000
12 123700000 12 123580000
11 62220000 11 62140000
19 9420000 19 9260000
23 108060000 23 108420000
11 64220000 11 64020000
2 38620000 2 38780000
17 54180000 17 54300000
22 34300000 22 34180000
10 102260000 10 102180000
23 79220000 23 79340000
3 13700000 3 13900000
1 145660000 1 145860000
15 22700000 15 21460000
23 148380000 23 147740000
22 17700000 22 17580000
4 146740000 4 146380000
23 55620000 23 55180000
1 25420000 1 25340000
1 208940000 1 209300000
2 63540000 2 63180000
23 13980000 23 15060000
14 103900000 14 103980000
3 138020000 3 138100000
14 39060000 14 40700000
23 58380000 23 58460000
1 246860000 1 247060000
20 51980000 20 51620000
23 63220000 23 63060000
10 134500000 10 134300000
22 47740000 22 47620000
23 140860000 23 140620000
22 15780000 22 15940000
7 66580000 7 67860000
23 72340000 23 72860000
24 13900000 24 13580000
23 5740000 23 6540000
4 84380000 4 84220000
10 27060000 10 27220000
23 33660000 23 32380000
15 21580000 15 21700000
9 130740000 9 130580000
2 240740000 2 239820000
1 150780000 1 151060000
23 17500000 23 17180000
10 38460000 10 37900000
1 247060000 1 246500000
6 32300000 6 32860000
10 38260000 10 38140000
8 540000 8 380000
21 46660000 21 46820000
23 6140000 23 6780000
17 6500000 17 6820000
18 12860000 18 12740000
17 75260000 17 74980000
6 34180000 6 33860000
15 21460000 15 21700000
22 19540000 22 19460000
5 500000 5 980000
15 21260000 15 21620000
23 85980000 23 84780000
23 120140000 23 119860000
15 76780000 15 76420000
6 64700000 6 65100000
1 22340000 1 22500000
24 20020000 24 19780000
13 28820000 13 28260000
22 21620000 22 21500000
20 43540000 20 43820000
6 49620000 6 49940000
16 32420000 16 32540000
23 135500000 23 135300000
17 2820000 17 2700000
9 34180000 9 34100000
11 95340000 11 95780000
23 105220000 23 105060000
8 220000 8 1180000
22 16380000 22 15940000
10 41780000 10 38460000
23 38500000 23 38740000
19 9260000 19 9420000
23 130660000 23 133820000
24 14180000 24 18020000
8 47100000 8 47820000
2 201660000 2 201500000
16 83980000 16 84260000
7 71180000 7 71620000
17 75460000 17 75340000
1 117380000 1 116940000
6 34140000 6 34020000
23 72940000 23 72700000
23 71260000 23 71140000
18 75420000 18 75340000
12 119700000 12 119780000
4 100260000 4 100500000
23 107980000 23 108060000
19 63460000 19 59660000
8 48220000 8 47100000
24 17180000 24 18020000
10 42420000 10 43340000
21 41980000 21 42100000
17 35300000 17 35420000
23 63220000 23 63100000
23 92700000 23 93860000
17 4580000 17 4700000
2 128940000 2 130300000
7 71620000 7 71260000
23 102220000 23 102300000
8 42620000 8 42420000
8 47300000 8 47900000
11 56140000 11 51140000
23 7820000 23 7500000
6 62340000 6 57420000
11 75700000 11 75580000
19 60420000 19 59660000
23 64060000 23 62500000
3 36140000 3 36660000
6 57460000 6 62300000
12 36700000 12 34500000
2 95220000 2 95100000
23 153860000 23 154540000
16 85620000 16 85500000
23 72820000 23 71860000
23 140780000 23 139700000
12 3260000 12 3100000
10 28700000 10 27900000
15 21460000 15 22700000
23 19420000 23 19340000
3 140100000 3 139860000
23 115580000 23 116340000
20 29620000 20 25540000
5 176060000 5 176260000
23 84980000 23 86380000
15 89580000 15 89380000
3 187980000 3 187780000
2 89380000 2 91140000
19 22100000 19 22420000
23 32540000 23 33900000
23 141820000 23 142300000
1 204020000 1 204140000
16 75860000 16 76180000
16 80220000 16 83100000
17 60660000 17 61500000
23 85900000 23 85260000
23 143460000 23 142380000
23 36540000 23 35860000
11 62020000 11 61940000
8 47100000 8 47180000
21 43020000 21 43100000
7 68180000 7 66540000
10 49220000 10 46540000
23 50100000 23 49780000
7 70100000 7 69980000
19 53980000 19 54180000
7 153020000 7 152620000
23 62820000 23 62580000
24 13860000 24 13500000
23 120300000 23 120020000
9 70380000 9 70820000
1 50180000 1 49260000
24 15780000 24 16180000
7 97780000 7 98300000
15 22460000 15 21780000
16 73540000 16 73460000
7 44980000 7 45100000
23 142300000 23 141820000
7 69940000 7 70780000
18 75260000 18 75460000
19 56060000 19 56140000
23 5020000 23 4180000
23 81220000 23 81660000
15 89380000 15 89580000
10 73460000 10 73780000
15 21620000 15 21260000
12 60000 12 140000
22 42780000 22 43140000
23 40460000 23 40580000
23 46020000 23 45140000
15 88860000 15 88660000
6 33820000 6 34020000
24 19900000 24 20220000
24 17460000 24 17260000
1 12660000 1 14060000
22 34300000 22 34060000
24 15780000 24 16220000
1 204060000 1 204140000
5 169780000 5 169620000
21 42100000 21 41980000
7 97300000 7 96580000
11 50500000 11 48180000
9 117780000 9 118340000
23 57660000 23 56860000
19 23180000 19 21300000
23 20180000 23 21140000
23 58500000 23 57940000
23 141180000 23 141540000
8 180000 8 1540000
24 20220000 24 20060000
24 20300000 24 20180000
1 40100000 1 40180000
1 239220000 1 239700000
23 21740000 23 20180000
4 146380000 4 146740000
7 97780000 7 97860000
23 107940000 23 108180000
23 154540000 23 153860000
20 60980000 20 60580000
23 8820000 23 9420000
23 7020000 23 6420000
23 32380000 23 33460000
1 31980000 1 31900000
23 51100000 23 50940000
12 119780000 12 119700000
16 3220000 16 3340000
2 96340000 2 96220000
23 43380000 23 41900000
23 40060000 23 39380000
24 14500000 24 14020000
1 45540000 1 45260000
7 61780000 7 63500000
23 102420000 23 102580000
23 45380000 23 46020000
16 83100000 16 80220000
23 82180000 23 81100000
12 54300000 12 54100000
4 165180000 4 164780000
23 143620000 23 143540000
20 61180000 20 61380000
14 19820000 14 19420000
14 104660000 14 106260000
17 32060000 17 32380000
16 3340000 16 3220000
12 7860000 12 7940000
24 20180000 24 21100000
5 500000 5 700000
14 19620000 14 19420000
22 48340000 22 47740000
9 135460000 9 135540000
23 146700000 23 145140000
6 74260000 6 74060000
2 69980000 2 70140000
20 23380000 20 23540000
3 97500000 3 96060000
24 19700000 24 20020000
23 143260000 23 143940000
19 11860000 19 11660000
23 40660000 23 40500000
7 63540000 7 63620000
10 30900000 10 30740000
7 128340000 7 128500000
11 56340000 11 55500000
7 46340000 7 45940000
11 54860000 11 50340000
23 140380000 23 141580000
20 25580000 20 25420000
18 66340000 18 68380000
23 57660000 23 62580000
24 14060000 24 14500000
7 4500000 7 4260000
23 46020000 23 45060000
23 62140000 23 64860000
17 74940000 17 75260000
23 127060000 23 127940000
19 41180000 19 41020000
23 45500000 23 46100000
15 53220000 15 52980000
16 61820000 16 61220000
16 21060000 16 21260000
7 150500000 7 150420000
16 32540000 16 31340000
2 26220000 2 26020000
9 135820000 9 135660000
23 45100000 23 45220000
2 121580000 2 121660000
5 70900000 5 70820000
23 141900000 23 141180000
19 15980000 19 14820000
17 32060000 17 32460000
23 71860000 23 72820000
11 55500000 11 56780000
1 231620000 1 231980000
23 93860000 23 95460000
23 55620000 23 55020000
23 140060000 23 141340000
11 1620000 11 1500000
15 53220000 15 51940000
17 74940000 17 74740000
1 239500000 1 238980000
19 20820000 19 22060000
19 57620000 19 57260000
7 68060000 7 66500000
10 35980000 10 37220000
17 62780000 17 62700000
23 7460000 23 7780000
6 57660000 6 61940000
15 21380000 15 21660000
2 233460000 2 233620000
23 140060000 23 140380000
8 146140000 8 146060000
7 76740000 7 76660000
1 25340000 1 25420000
12 132020000 12 132220000
23 57020000 23 57940000
4 42820000 4 44300000
22 34100000 22 34180000
6 27260000 6 27700000
15 22460000 15 21580000
4 145900000 4 145300000
22 48100000 22 48380000
1 45540000 1 45300000
22 48180000 22 48380000
23 150060000 23 150380000
22 48380000 22 47740000
4 1860000 4 1940000
7 71620000 7 71180000
23 58380000 23 57780000
5 130980000 5 131420000
19 11820000 19 12100000
8 43140000 8 43620000
1 23820000 1 23620000
23 22580000 23 27260000
23 63060000 23 63220000
23 122140000 23 122380000
7 69940000 7 70580000
19 22820000 19 22100000
6 42940000 6 42740000
1 239700000 1 239100000
7 99100000 7 99180000
15 19420000 15 21260000
11 48220000 11 50340000
11 51100000 11 55340000
19 55900000 19 56060000
16 31340000 16 31660000
14 101060000 14 100980000
2 95060000 2 95220000
23 63660000 23 63100000
23 66300000 23 67140000
23 45740000 23 45300000
14 101860000 14 101780000
15 22380000 15 22820000
1 6740000 1 7420000
15 21780000 15 21700000
17 74820000 17 74740000
23 51220000 23 49340000
2 96300000 2 96180000
1 14060000 1 12660000
7 97620000 7 97500000
17 4580000 17 4380000
11 54860000 11 50540000
23 37580000 23 37060000
12 52660000 12 52740000
6 27860000 6 27260000
7 63500000 7 62020000
1 144220000 1 144300000
19 23820000 19 23900000
24 16580000 24 17860000
23 37980000 23 33740000
23 62500000 23 62660000
8 47460000 8 47380000
19 22900000 19 22420000
23 134460000 23 134540000
16 9980000 16 9820000
15 35860000 15 35380000
24 13860000 24 13940000
8 42780000 8 42660000
19 58220000 19 58380000
10 38140000 10 38260000
19 5220000 19 5100000
20 47940000 20 47620000
23 32380000 23 33700000
23 56860000 23 57660000
15 21340000 15 20380000
23 44980000 23 45300000
10 54220000 10 56500000
19 47380000 19 47220000
21 32660000 21 32900000
1 168620000 1 168340000
23 38740000 23 38500000
23 4180000 23 5020000
5 174140000 5 173780000
19 47780000 19 47660000
23 40340000 23 41140000
4 52780000 4 53380000
11 54700000 11 51180000
11 75580000 11 75700000
23 4180000 23 4500000
10 35940000 10 37180000
15 88660000 15 88860000
19 48500000 19 47860000
4 34660000 4 32940000
17 73340000 17 73140000
23 139700000 23 140780000
1 201340000 1 201420000
8 47100000 8 47380000
17 1340000 17 1220000
4 54780000 4 54220000
12 55540000 12 55460000
22 19300000 22 19460000
23 71140000 23 71340000
23 25780000 23 25900000
19 15220000 19 15060000
1 229780000 1 229660000
15 22420000 15 21700000
19 21300000 19 23180000
2 233620000 2 233460000
23 114780000 23 114460000
6 31740000 6 31620000
23 134380000 23 134460000
23 45940000 23 46100000
23 120140000 23 120020000
21 32900000 21 32660000
23 69140000 23 68820000
23 124980000 23 125060000
14 44220000 14 41700000
20 47620000 20 47980000
12 51940000 12 51860000
24 14500000 24 14780000
1 22340000 1 22740000
4 113900000 4 113780000
24 17260000 24 18020000
14 103980000 14 103780000
16 73700000 16 73580000
1 49220000 1 50180000
5 175700000 5 175100000
15 21700000 15 22420000
23 140540000 23 140860000
23 46100000 23 45020000
19 46260000 19 46500000
23 78620000 23 79020000
7 67340000 7 69140000
23 45860000 23 46020000
1 27100000 1 26780000
2 239820000 2 239980000
1 150860000 1 151060000
17 41300000 17 41060000
23 143540000 23 143740000
23 62580000 23 62820000
1 22740000 1 22820000
22 49420000 22 49500000
23 7020000 23 6460000
7 61940000 7 63540000
23 84100000 23 83820000
11 75260000 11 75580000
7 55700000 7 56100000
2 232740000 2 232500000
23 63180000 23 63100000
15 20540000 15 20620000
23 118620000 23 118700000
23 81100000 23 82380000
23 46100000 23 45140000
1 20500000 1 20700000
23 81660000 23 81220000
19 40300000 19 40380000
24 15620000 24 15460000
11 48180000 11 50540000
17 5580000 17 5420000
23 79700000 23 79460000
5 980000 5 500000
24 17460000 24 17140000
10 73740000 10 73460000
23 143740000 23 143540000
4 42700000 4 44180000
24 16180000 24 15740000
22 19460000 22 19540000
22 21140000 22 21660000
23 15060000 23 13980000
19 38140000 19 37860000
11 4500000 11 4180000
8 47420000 8 47180000
7 67460000 7 66660000
19 51300000 19 51380000
23 115300000 23 117260000
24 21100000 24 20180000
7 142020000 7 142140000
12 7860000 12 7700000
2 232900000 2 232500000
23 46100000 23 45940000
23 120020000 23 120220000
23 38940000 23 38500000
1 116940000 1 117380000
2 109660000 2 109780000
1 145860000 1 145580000
10 38260000 10 37540000
16 85980000 16 85900000
23 143940000 23 143260000
1 25540000 1 25620000
10 37540000 10 38140000
15 22380000 15 20380000
5 104900000 5 106980000
15 53220000 15 52540000
7 780000 7 500000
5 700000 5 940000
14 40700000 14 39060000
23 142780000 23 142980000
23 100260000 23 100060000
9 132500000 9 132340000
6 87060000 6 87620000
12 11580000 12 12060000
23 55620000 23 58380000
23 56060000 23 56140000
23 26620000 23 27260000
23 37500000 23 37060000
17 37740000 17 37940000
19 60540000 19 60420000
4 166260000 4 166500000
23 108060000 23 108140000
23 141380000 23 140940000
16 31380000 16 31460000
15 21700000 15 22460000
13 112100000 13 111060000
19 56060000 19 55900000
23 26700000 23 27580000
8 142540000 8 142780000
11 50540000 11 48180000
19 46820000 19 46980000
23 92340000 23 92420000
1 119820000 1 119900000
6 87660000 6 86460000
6 31020000 6 31180000
20 2900000 20 2780000
23 108860000 23 109020000
5 68780000 5 68860000
17 54500000 17 54180000
17 74940000 17 74700000
4 166180000 4 166100000
8 43140000 8 47340000
24 14100000 24 14500000
3 13980000 3 14100000
17 7820000 17 7700000
23 80700000 23 82260000
23 37340000 23 37220000
1 226340000 1 226540000
24 16060000 24 14500000
7 44220000 7 44100000
14 106260000 14 104660000
16 31460000 16 31660000
23 105620000 23 105820000
23 134540000 23 134420000
11 51140000 11 51060000
23 108060000 23 108460000
6 32300000 6 32660000
7 138140000 7 137380000
24 20020000 24 19700000
23 55180000 23 56820000
24 13780000 24 13860000
23 50100000 23 49660000
23 132980000 23 132740000
17 61500000 17 60660000
23 82140000 23 82500000
1 40260000 1 40060000
13 57980000 13 57300000
23 86380000 23 84980000
9 92460000 9 92060000
7 97500000 7 97620000
1 108860000 1 108660000
20 30980000 20 31060000
6 42980000 6 42740000
23 57820000 23 57180000
3 48220000 3 48300000
20 31940000 20 32180000
1 19140000 1 19220000
7 137380000 7 138140000
23 64060000 23 64180000
8 87380000 8 87260000
23 83820000 23 84100000
10 49060000 10 46500000
23 62500000 23 64060000
1 51420000 1 50980000
19 16020000 19 16180000
2 91140000 2 88980000
15 29940000 15 29820000
1 78740000 1 78380000
23 151300000 23 150700000
16 73580000 16 73700000
15 21700000 15 21580000
23 40220000 23 39180000
18 75420000 18 75260000
1 45500000 1 45260000
6 34220000 6 34060000
23 33740000 23 32380000
15 52740000 15 53220000
23 37340000 23 37460000
7 63540000 7 63820000
10 88460000 10 88660000
19 51300000 19 51420000
10 33460000 10 33140000
9 136860000 9 137100000
1 198500000 1 198740000
1 13780000 1 13700000
1 43140000 1 43340000
22 47140000 22 47020000
7 13340000 7 14660000
22 21140000 22 21700000
23 141180000 23 140300000
23 100060000 23 100340000
11 61820000 11 61700000
2 95100000 2 95220000
17 7700000 17 7780000
7 55900000 7 55980000
1 144300000 1 144140000
6 44020000 6 44100000
17 36700000 17 36500000
6 62540000 6 57700000
14 106300000 14 106220000
10 30740000 10 30860000
19 60420000 19 60540000
23 37460000 23 37340000
10 37340000 10 37740000
4 54060000 4 54780000
15 21700000 15 19420000
24 13940000 24 13700000
9 117500000 9 117940000
23 121180000 23 119620000
11 1500000 11 1620000
17 74740000 17 74820000
10 37540000 10 38260000
22 36140000 22 36060000
1 246900000 1 246140000
23 7500000 23 7820000
10 94060000 10 94180000
10 101780000 10 101860000
17 5420000 17 5580000
19 6220000 19 6020000
10 101860000 10 101780000
11 50420000 11 48180000
23 6500000 23 6780000
1 150940000 1 150860000
15 20380000 15 21380000
2 240900000 2 241020000
1 31900000 1 31980000
3 48740000 3 49020000
17 71540000 17 71420000
11 50380000 11 48300000
1 223740000 1 224020000
1 108660000 1 108860000
6 43740000 6 44100000
10 37260000 10 38220000
11 2660000 11 2860000
7 141980000 7 142140000
23 152340000 23 151940000
23 49380000 23 50620000
15 75660000 15 75940000
23 46100000 23 45500000
23 15500000 23 15580000
8 142780000 8 142700000
5 55020000 5 54940000
23 55780000 23 57940000
11 117940000 11 118020000
16 84180000 16 84060000
23 4860000 23 5020000
2 4660000 2 3980000
2 113100000 2 113180000
20 25540000 20 29620000
15 20380000 15 20540000
1 109980000 1 110340000
20 5540000 20 5700000
8 1180000 8 220000
23 85260000 23 85900000
11 69980000 11 70940000
23 102620000 23 102420000
17 75340000 17 74580000
10 79540000 10 80420000
23 140860000 23 140540000
4 164780000 4 165180000
23 81220000 23 82580000
23 33740000 23 37980000
1 119900000 1 119820000
7 142140000 7 142060000
7 71300000 7 71620000
16 16140000 16 15980000
23 55020000 23 51100000
3 49020000 3 49100000
23 143540000 23 143620000
23 141540000 23 141180000
23 102460000 23 102540000
23 27580000 23 26700000
23 27260000 23 26140000
23 50940000 23 51060000
1 204140000 1 204020000
23 116580000 23 115300000
2 89380000 2 88980000
23 62660000 23 62580000
23 83900000 23 84060000
4 146100000 4 145300000
8 73380000 8 73940000
22 34140000 22 34300000
14 19540000 14 19700000
10 96820000 10 96700000
23 72540000 23 73060000
8 47100000 8 47580000
9 116260000 9 116460000
23 38460000 23 38940000
23 133260000 23 132980000
3 49020000 3 48660000
1 30380000 1 29620000
6 44100000 6 43860000
23 140940000 23 141340000
19 6020000 19 6220000
23 72340000 23 72260000
1 157420000 1 158060000
23 119860000 23 120060000
24 19700000 24 19780000
23 45140000 23 46060000
23 151860000 23 152340000
2 161580000 2 160660000
4 117340000 4 116300000
11 122380000 11 122260000
2 108180000 2 107900000
17 16420000 17 16500000
24 13860000 24 13540000
7 63540000 7 61940000
3 49100000 3 49020000
12 69140000 12 68540000
24 13860000 24 13700000
23 58380000 23 55620000
10 100860000 10 100540000
11 1700000 11 2140000
24 16180000 24 16020000
2 96220000 2 96140000
3 13940000 3 14100000
1 50180000 1 49220000
2 236740000 2 236540000
1 226660000 1 226540000
14 19420000 14 19620000
15 21700000 15 21780000
6 110900000 6 111460000
17 76420000 17 74940000
1 150900000 1 150780000
3 138100000 3 138020000
23 39020000 23 39180000
23 95300000 23 94540000
11 62100000 11 61940000
2 78060000 2 77380000
21 20340000 21 18860000
22 17580000 22 17700000
10 102340000 10 102420000
17 41380000 17 41060000
22 21780000 22 21660000
22 48860000 22 48540000
24 20060000 24 20220000
23 136460000 23 136340000
23 140380000 23 140300000
19 58380000 19 58500000
23 145140000 23 146700000
1 50180000 1 50060000
14 19540000 14 19420000
1 7420000 1 6740000
23 93020000 23 93260000
15 22620000 15 22420000
23 72820000 23 72580000
24 13700000 24 13780000
23 84060000 23 83900000
23 8300000 23 7900000
6 57700000 6 62460000
7 56660000 7 56260000
23 57580000 23 57220000
21 43100000 21 43020000
16 73460000 16 73540000
10 104580000 10 104980000
15 21580000 15 21500000
23 7020000 23 6140000
15 51940000 15 53220000
7 61500000 7 56660000
23 136860000 23 136340000
15 20620000 15 20540000
23 84420000 23 84700000
5 176060000 5 176180000
8 48100000 8 47420000
10 42420000 10 42620000
14 41700000 14 44220000
23 55180000 23 55620000
17 39180000 17 39100000
23 139740000 23 140140000
23 105580000 23 105780000
19 47860000 19 48500000
7 61740000 7 62060000
23 38940000 23 38460000
2 154260000 2 153740000
6 57740000 6 62740000
23 64180000 23 64060000
11 4180000 11 4500000
1 111180000 1 111340000
6 111460000 6 110900000
1 27300000 1 27220000
8 47900000 8 47460000
15 43180000 15 43100000
11 77140000 11 77260000
23 39180000 23 39020000
24 15460000 24 17940000
6 61980000 6 63940000
1 246500000 1 246900000
23 3100000 23 3340000
23 140300000 23 140380000
1 145060000 1 145180000
23 62780000 23 62540000
16 84420000 16 84540000
20 1340000 20 1260000
1 204140000 1 204460000
23 100340000 23 100060000
23 147740000 23 147020000
23 102580000 23 102460000
20 25620000 20 25540000
23 108060000 23 107980000
23 46100000 23 45420000
1 204460000 1 204140000
23 5740000 23 4100000
10 30860000 10 30740000
23 115620000 23 115300000
17 74580000 17 74940000
24 18020000 24 17140000
23 4500000 23 5220000
23 21140000 23 20180000
10 30740000 10 30900000
10 35180000 10 35260000
19 48500000 19 47780000
23 72940000 23 72580000
10 54260000 10 55420000
21 44180000 21 44100000
7 68580000 7 66540000
23 26140000 23 27260000
23 107300000 23 108460000
20 25620000 20 25380000
23 5700000 23 5020000
5 700000 5 500000
23 149060000 23 148980000
3 180140000 3 179660000
23 5620000 23 5740000
23 68220000 23 68060000
5 1620000 5 1460000
23 65860000 23 63220000
12 78660000 12 78420000
23 4100000 23 5740000
7 129260000 7 128980000
2 3980000 2 4660000
11 48180000 11 47900000
23 88100000 23 87940000
24 17140000 24 17860000
13 41020000 13 40940000
7 2060000 7 1980000
8 142700000 8 142780000
15 21700000 15 21860000
10 96820000 10 96540000
7 99180000 7 99100000
23 57940000 23 58500000
24 17420000 24 15780000
23 115700000 23 116460000
24 16100000 24 15700000
4 145860000 4 145300000
15 88660000 15 88820000
23 37060000 23 37340000
7 61540000 7 61300000
19 15060000 19 15220000
23 63140000 23 63860000
24 14780000 24 14500000
23 5500000 23 4140000
14 103780000 14 104060000
23 14580000 23 13980000
1 8980000 1 9060000
23 101660000 23 101740000
6 62300000 6 57420000
23 136860000 23 136580000
10 46500000 10 49060000
19 22060000 19 22460000
22 21500000 22 21260000
9 130540000 9 130620000
23 32380000 23 34140000
7 61820000 7 63540000
1 3900000 1 3820000
23 79460000 23 79700000
20 46580000 20 45780000
21 17580000 21 17220000
7 157180000 7 157460000
23 132900000 23 132980000
4 1940000 4 1860000
24 16220000 24 15660000
8 48180000 8 43580000
11 55620000 11 51060000
23 49540000 23 50100000
2 239660000 2 240580000
19 22060000 19 22900000
5 98140000 5 96700000
23 145180000 23 146380000
15 22580000 15 21820000
23 108460000 23 108060000
11 61620000 11 61500000
8 143100000 8 142780000
15 53140000 15 52300000
4 170220000 4 170660000
12 117380000 12 117740000
2 76420000 2 77740000
12 3260000 12 3140000
17 25380000 17 25140000
17 71420000 17 71540000
24 13500000 24 13700000
3 9140000 3 9300000
11 2860000 11 2260000
8 58180000 8 57700000
7 71620000 7 71300000
15 29220000 15 28980000
23 81060000 23 80300000
11 2700000 11 2860000
11 48220000 11 48300000
2 88140000 2 88260000
6 26300000 6 28940000
23 82940000 23 81300000
9 117940000 9 117500000
22 21260000 22 21500000
16 68340000 16 68460000
23 92420000 23 92340000
23 146020000 23 146460000
16 34740000 16 34500000
12 132100000 12 132220000
8 540000 8 220000
9 104860000 9 103580000
23 3140000 23 3340000
14 101780000 14 101860000
23 80780000 23 80060000
4 1860000 4 2020000
1 22820000 1 22340000
5 68860000 5 68740000
23 86340000 23 84980000
23 150700000 23 151300000
12 37780000 12 37060000
12 131180000 12 131100000
17 63780000 17 63940000
1 231980000 1 231620000
3 3260000 3 3980000
1 31700000 1 31780000
15 29820000 15 29980000
7 63500000 7 61780000
11 63660000 11 63540000
9 70820000 9 70380000
7 44980000 7 45180000
19 22420000 19 22900000
23 7780000 23 7500000
7 2060000 7 1620000
1 151060000 1 150780000
8 22340000 8 22500000
17 77980000 17 77900000
23 144980000 23 146780000
11 48180000 11 48300000
17 2100000 17 1900000
2 2100000 2 1860000
23 151260000 23 151580000
15 21780000 15 22460000
7 23700000 7 23580000
1 22500000 1 22340000
6 23380000 6 22620000
15 22460000 15 21700000
17 50300000 17 48420000
8 43220000 8 43700000
23 84700000 23 84420000
23 141580000 23 140380000
23 142700000 23 143140000
24 17260000 24 17460000
15 21300000 15 21380000
23 133860000 23 133780000
10 100540000 10 100860000
2 95220000 2 91700000
23 63660000 23 63540000
15 22380000 15 21500000
19 62860000 19 60380000
7 66660000 7 67460000
16 3260000 16 3340000
22 17700000 22 17620000
23 147740000 23 146940000
23 50500000 23 50620000
8 142780000 8 142540000
14 19980000 14 20140000
8 41820000 8 41660000
11 2140000 11 1620000
23 40580000 23 40460000
23 132060000 23 132980000
23 86100000 23 84980000
6 57420000 6 62300000
16 83580000 16 83500000
22 21660000 22 21140000
11 50340000 11 50420000
17 41060000 17 41300000
23 58420000 23 57940000
12 130260000 12 130580000
23 5740000 23 5620000
19 39860000 19 39780000
14 23300000 14 23380000
19 55900000 19 56260000
23 154100000 23 154020000
4 44300000 4 42820000
22 44660000 22 44780000
8 47900000 8 43700000
23 36460000 23 35860000
9 132340000 9 132500000
2 160620000 2 161580000
23 33500000 23 32380000
6 74060000 6 74260000
23 6420000 23 6340000
6 27700000 6 27260000
23 146940000 23 147740000
23 100060000 23 100260000
14 103900000 14 103780000
23 36140000 23 36060000
23 27260000 23 26780000
15 21460000 15 22420000
20 23340000 20 23580000
10 96660000 10 96540000
15 28980000 15 29220000
23 132980000 23 132900000
17 63340000 17 63180000
12 30580000 12 29420000
12 62540000 12 62900000
12 69060000 12 68540000
10 54260000 10 56500000
10 133860000 10 134020000
22 40820000 22 40740000
17 38940000 17 39100000
23 79340000 23 78700000
1 153300000 1 153380000
1 26780000 1 27100000
24 20060000 24 21220000
23 101740000 23 101660000
22 18180000 22 18300000
17 74740000 17 75260000
1 26020000 1 26220000
23 38500000 23 38860000
19 9660000 19 9100000
21 44940000 21 44860000
1 50980000 1 51420000
14 20540000 14 20660000
14 19540000 14 19460000
17 72500000 17 72380000
23 72860000 23 72940000
3 48220000 3 48420000
12 51860000 12 51780000
2 91140000 2 88940000
1 23700000 1 23620000
11 51060000 11 55620000
19 20820000 19 20460000
11 50340000 11 50460000
3 52060000 3 52220000
23 15700000 23 16220000
7 152220000 7 152460000
15 73700000 15 73580000
7 61940000 7 61700000
12 30660000 12 30580000
16 34420000 16 34740000
24 17420000 24 17900000
24 21100000 24 20300000
14 19700000 14 19420000
11 56660000 11 56780000
19 11820000 19 11740000
23 20380000 23 20180000
23 98420000 23 99020000
4 145300000 4 145900000
24 17940000 24 17460000
11 63700000 11 63540000
23 143500000 23 143580000
4 99140000 4 97660000
22 21100000 22 21660000
11 62780000 11 63140000
15 47300000 15 48220000
8 143940000 8 144300000
2 91140000 2 89380000
19 24260000 19 23820000
10 101620000 10 101780000
1 145100000 1 145180000
6 43820000 6 44100000
23 57580000 23 57340000
23 35820000 23 36460000
19 20820000 19 20580000
22 48660000 22 48860000
6 61980000 6 57460000
15 21380000 15 21260000
2 241020000 2 240900000
1 232700000 1 233220000
16 84420000 16 84580000
23 55180000 23 56300000
7 84460000 7 83380000
23 36060000 23 36740000
6 62740000 6 57740000
23 82500000 23 82140000
11 61940000 11 62060000
16 21260000 16 21100000
23 146460000 23 146020000
8 142780000 8 143260000
11 50540000 11 54860000
12 131700000 12 131180000
24 14500000 24 14100000
23 102420000 23 102620000
24 16380000 24 16300000
12 102420000 12 102340000
17 1220000 17 1340000
22 48860000 22 48660000
23 141300000 23 140620000
4 145300000 4 146100000
23 45620000 23 45860000
11 50420000 11 55060000
8 43820000 8 43220000
23 51540000 23 51620000
23 117260000 23 115820000
23 61980000 23 64020000
7 72540000 7 72420000
20 25380000 20 25620000
2 232860000 2 232500000
23 5660000 23 4900000
12 34540000 12 34660000
17 74660000 17 74940000
20 29900000 20 30100000
19 46820000 19 46940000
23 84980000 23 86340000
11 61700000 11 61820000
21 44180000 21 44020000
8 58180000 8 57740000
23 139100000 23 139420000
17 7700000 17 7860000
2 239980000 2 239820000
19 51380000 19 51300000
1 246900000 1 246500000
23 37060000 23 37580000
23 45940000 23 46020000
24 16580000 24 16380000
23 146020000 23 146220000
19 47860000 19 47780000
5 178540000 5 178860000
13 110380000 13 110460000
24 17860000 24 17140000
19 46860000 19 46940000
17 18700000 17 18780000
15 73460000 15 73580000
21 36300000 21 35020000
19 22420000 19 22060000
7 148980000 7 148660000
16 31660000 16 32540000
23 57940000 23 58380000
9 131020000 9 131260000
16 85900000 16 85980000
10 37220000 10 35980000
7 66500000 7 68580000
23 45140000 23 46020000
2 130380000 2 129220000
23 6460000 23 7020000
23 5700000 23 5180000
23 57220000 23 57820000
19 46900000 19 46980000
6 57540000 6 61980000
6 49940000 6 49620000
2 236340000 2 236740000
24 16380000 24 16580000
15 38140000 15 38340000
6 65100000 6 64700000
23 63220000 23 65860000
17 54100000 17 54180000
11 50420000 11 50340000
1 246860000 1 246660000
10 36180000 10 37140000
23 69260000 23 68580000
1 22740000 1 22340000
10 105340000 10 105420000
15 20380000 15 22900000
16 31380000 16 31300000
22 34180000 22 34100000
23 68220000 23 67980000
23 102420000 23 102540000
12 52740000 12 52660000
8 57740000 8 58220000
13 112100000 13 111980000
12 79060000 12 78420000
23 8460000 23 8140000
23 36460000 23 35820000
10 134020000 10 133860000
1 247060000 1 246860000
1 110340000 1 109980000
23 84540000 23 84700000
23 7100000 23 7780000
12 34020000 12 33020000
19 61900000 19 61220000
24 17220000 24 18020000
23 148980000 23 149060000
12 52900000 12 52660000
7 56100000 7 55700000
23 145140000 23 145740000
24 13540000 24 13700000
7 36140000 7 35980000
16 30980000 16 31300000
23 32380000 23 34220000
17 36460000 17 36700000
8 143300000 8 143100000
17 16780000 17 16980000
6 63940000 6 62300000
17 39460000 17 39540000
14 22220000 14 22300000
23 115940000 23 117260000
11 51100000 11 54660000
3 127940000 3 128700000
8 143100000 8 143300000
12 82620000 12 82460000
19 47420000 19 47340000
10 38140000 10 37540000
23 115300000 23 116300000
23 115620000 23 117260000
11 61940000 11 62100000
8 220000 8 540000
11 48180000 11 50420000
11 51060000 11 51140000
12 100380000 12 100580000
23 37220000 23 37340000
6 31820000 6 31980000
23 45020000 23 46020000
16 22620000 16 21500000
11 65660000 11 65580000
23 6340000 23 6420000
23 116820000 23 115700000
23 135300000 23 135500000
7 97500000 7 97580000
4 54780000 4 53820000
23 57220000 23 57580000
10 37540000 10 37340000
19 60380000 19 62860000
15 52980000 15 52420000
19 21540000 19 21460000
19 60820000 19 59660000
24 13700000 24 13860000
10 38460000 10 38220000
5 1460000 5 1620000
23 45300000 23 44980000
21 44620000 21 44500000
15 21580000 15 21420000
23 57180000 23 57820000
23 108140000 23 108060000
1 4420000 1 3900000
15 52980000 15 53220000
3 47380000 3 47220000
4 146380000 4 146700000
7 75140000 7 75300000
17 4380000 17 4580000
6 83780000 6 83060000
23 136860000 23 136380000
15 53220000 15 52820000
14 19460000 14 19700000
2 153740000 2 154260000
17 71420000 17 71580000
4 170660000 4 170220000
19 51380000 19 51260000
24 17460000 24 17940000
2 88940000 2 91140000
1 78380000 1 78740000
11 70940000 11 69980000
19 47340000 19 47420000
9 135380000 9 135540000
10 38460000 10 38260000
16 84180000 16 83980000
5 96700000 5 98140000
20 2700000 20 2780000
23 14020000 23 14900000
9 34500000 9 34580000
17 41140000 17 41060000
23 72820000 23 72540000
23 62580000 23 57660000
10 103620000 10 103780000
3 51900000 3 51780000
17 40300000 17 40180000
23 40460000 23 40620000
12 132220000 12 132140000
10 103780000 10 103620000
16 85500000 16 85660000
21 32700000 21 32860000
23 107780000 23 108540000
2 1860000 2 2100000
5 79420000 5 79620000
23 131540000 23 131260000
19 12100000 19 11860000
9 130580000 9 130740000
23 50100000 23 49540000
23 57940000 23 58420000
11 51180000 11 55540000
7 69940000 7 70620000
15 32180000 15 32420000
23 108540000 23 107940000
24 17180000 24 17940000
9 116460000 9 116260000
10 36180000 10 38140000
23 56340000 23 55180000
23 40660000 23 40580000
1 26620000 1 26500000
6 34020000 6 33820000
23 145740000 23 145140000
23 57220000 23 57020000
16 31380000 16 31660000
23 136580000 23 136860000
23 114940000 23 113940000
23 105620000 23 105900000
14 20380000 14 20260000
7 129020000 7 129220000
23 21140000 23 21020000
7 70620000 7 69940000
23 80300000 23 81060000
23 45060000 23 46020000
7 61740000 7 63820000
7 61820000 7 61740000
15 52740000 15 53180000
14 44380000 14 43100000
7 67860000 7 66580000
24 14780000 24 14700000
24 13460000 24 13380000
16 30980000 16 31340000
19 51140000 19 51260000
7 66660000 7 68260000
6 61980000 6 57660000
15 21660000 15 21380000
23 68820000 23 69140000
13 19140000 13 19220000
14 104060000 14 103780000
7 76660000 7 76740000
17 54460000 17 54180000
19 16020000 19 15060000
23 37340000 23 37060000
23 9260000 23 8940000
23 132740000 23 132980000
21 32900000 21 32700000
2 95180000 2 95060000
8 143140000 8 142780000
3 36660000 3 36140000
17 50380000 17 46740000
12 33020000 12 34020000
11 30900000 11 30340000
22 47740000 22 48380000
6 33860000 6 34180000
2 91700000 2 95180000
23 65340000 23 65780000
23 32780000 23 33980000
4 2020000 4 1860000
8 47340000 8 47420000
20 2300000 20 2140000
23 133780000 23 133860000
18 75460000 18 75260000
23 5820000 23 6460000
11 2580000 11 2860000
23 103860000 23 104220000
23 132780000 23 132980000
5 180380000 5 180260000
23 143940000 23 144060000
12 33540000 12 34020000
23 81260000 23 82860000
23 115700000 23 116820000
1 29620000 1 30380000
2 26020000 2 25940000
23 58380000 23 57940000
17 74580000 17 75340000
17 69020000 17 68940000
9 124220000 9 124580000
23 58460000 23 57940000
15 21820000 15 22580000
23 6460000 23 5220000
11 4180000 11 4460000
8 125500000 8 125100000
23 63220000 23 63140000
14 20260000 14 20380000
17 32460000 17 32060000
16 21260000 16 21060000
7 69980000 7 70860000
10 37140000 10 36180000
24 17860000 24 13500000
1 114060000 1 113500000
24 17900000 24 17420000
7 157460000 7 157180000
11 51140000 11 55500000
8 58220000 8 57740000
11 50420000 11 48300000
15 76420000 15 76780000
23 6460000 23 5820000
8 43740000 8 43220000
23 7780000 23 7460000
24 13500000 24 13380000
23 73060000 23 72540000
23 6780000 23 6660000
1 225180000 1 225100000
2 99060000 2 98620000
10 37540000 10 38460000
11 61500000 11 61620000
7 97860000 7 97780000
8 47180000 8 47100000
1 246660000 1 246940000
17 6740000 17 6500000
23 93260000 23 93020000
9 92060000 9 92460000
5 176180000 5 176060000
11 70940000 11 69940000
23 49660000 23 50100000
22 34060000 22 34300000
11 64020000 11 64220000
23 100420000 23 100060000
16 84420000 16 84500000
17 22980000 17 22580000
15 75700000 15 75860000
23 84780000 23 85980000
23 56860000 23 56300000
7 142180000 7 142020000
23 62660000 23 62540000
23 5020000 23 5700000
11 65580000 11 65660000
10 45100000 10 45260000
9 137140000 9 137380000
23 122380000 23 122140000
17 63940000 17 63780000
11 2860000 11 2580000
12 3100000 12 3260000
2 130300000 2 128940000
19 51260000 19 51140000
12 130420000 12 130500000
23 68460000 23 68220000
3 48420000 3 48300000
23 87860000 23 88300000
1 55260000 1 55180000
15 29980000 15 29820000
10 96700000 10 96820000
20 3420000 20 3540000
6 160900000 6 159660000
23 67980000 23 68180000
7 68220000 7 69140000
23 4420000 23 5540000
23 116460000 23 115780000
9 34100000 9 34180000
23 63900000 23 63340000
14 19620000 14 19820000
6 27260000 6 27860000
17 1900000 17 2100000
11 70940000 11 70860000
10 41780000 10 37620000
16 21500000 16 22620000
16 84580000 16 84420000
17 63900000 17 63780000
10 38460000 10 38140000
7 26380000 7 26660000
4 88500000 4 88580000
17 39100000 17 39180000
22 44380000 22 44660000
23 84980000 23 84780000
11 55500000 11 51180000
23 101220000 23 100740000
24 21100000 24 21220000
9 131140000 9 131020000
17 74940000 17 74580000
23 136340000 23 136820000
24 13780000 24 13940000
8 57700000 8 58420000
20 23380000 20 23500000
23 58460000 23 58380000
8 36060000 8 35900000
11 51180000 11 55460000
23 142940000 23 143140000
24 16100000 24 16180000
17 4700000 17 4580000
24 21340000 24 20180000
24 17860000 24 17260000
6 34020000 6 34140000
16 3420000 16 3340000
23 134540000 23 134460000
23 13980000 23 14580000
19 47300000 19 47420000
23 142660000 23 142980000
11 62780000 11 62460000
23 118700000 23 118620000
16 83980000 16 83900000
17 7700000 17 7900000
23 6780000 23 6500000
23 80060000 23 80780000
9 130540000 9 130740000
6 144380000 6 143900000
23 146780000 23 144980000
23 4140000 23 5500000
7 61300000 7 56660000
11 50340000 11 48220000
23 140620000 23 141300000
12 55660000 12 55580000
23 38500000 23 38940000
24 14700000 24 14500000
2 232500000 2 232740000
23 45140000 23 46100000
23 132660000 23 132980000
8 87260000 8 87380000
7 75300000 7 75140000
16 68460000 16 68380000
18 12740000 18 12860000
24 20220000 24 21220000
2 88780000 2 91140000
24 16300000 24 16380000
24 13340000 24 13420000
11 50580000 11 50340000
12 36460000 12 36540000
23 132980000 23 132060000
11 2860000 11 2700000
12 36460000 12 36580000
12 100580000 12 100380000
22 38060000 22 38140000
12 51860000 12 51740000
15 20380000 15 21340000
23 37060000 23 37220000
16 68380000 16 68460000
23 84980000 23 86100000
24 17140000 24 18020000
10 102420000 10 102340000
11 58940000 11 58820000
23 143500000 23 140100000
23 107980000 23 108340000
17 38100000 17 38180000
23 108540000 23 108180000
9 34420000 9 34580000
2 96220000 2 96340000
23 62660000 23 62500000
23 115260000 23 117260000
23 46020000 23 45020000
1 2140000 1 1900000
24 15780000 24 17420000
23 105820000 23 105580000
1 26220000 1 26340000
14 19620000 14 19460000
15 52980000 15 51980000
1 176780000 1 177220000
23 109700000 23 109980000
11 62340000 11 62180000
24 17940000 24 15460000
6 42980000 6 42780000
23 41900000 23 43100000
1 40060000 1 40260000
11 62140000 11 62220000
5 180260000 5 180420000
23 50380000 23 50100000
12 131100000 12 131180000
23 116460000 23 115700000
20 3540000 20 3420000
23 141900000 23 140620000
15 22420000 15 21500000
19 33020000 19 32620000
18 75340000 18 75420000
8 73940000 8 73380000
7 71620000 7 70860000
17 36500000 17 36700000
1 26340000 1 26220000
11 34900000 11 35340000
23 136380000 23 136860000
16 31340000 16 32540000
10 35980000 10 37060000
8 79940000 8 80620000
23 84980000 23 85780000
1 236140000 1 238180000
23 117260000 23 115300000
12 92460000 12 93020000
17 5180000 17 5060000
12 34660000 12 34540000
24 15460000 24 15620000
23 133820000 23 130660000
11 61460000 11 61620000
11 48300000 11 50580000
7 61740000 7 63500000
6 44100000 6 44020000
24 13700000 24 13940000
7 75380000 7 75300000
23 5540000 23 4420000
16 83980000 16 84180000
24 15700000 24 16180000
17 2700000 17 2780000
23 4620000 23 5740000
5 169740000 5 169620000
15 73580000 15 73460000
20 45940000 20 46500000
2 63620000 2 63180000
1 246140000 1 246900000
1 20700000 1 20500000
6 32180000 6 31980000
3 13820000 3 13700000
23 26380000 23 27260000
11 62060000 11 61940000
6 75980000 6 74740000
19 11820000 19 12460000
24 17940000 24 17220000
22 21500000 22 21100000
24 17220000 24 17940000
4 145260000 4 145900000
23 136860000 23 136500000
23 56340000 23 56140000
14 103780000 14 103980000
1 4100000 1 3820000
4 100000 4 220000
1 4140000 1 3820000
24 20220000 24 19900000
19 40300000 19 40460000
23 81100000 23 82180000
9 136860000 9 137020000
20 60300000 20 60580000
16 10500000 16 10260000
11 55060000 11 50420000
19 57620000 19 57860000
10 54260000 10 55860000
2 91700000 2 95100000
15 21580000 15 22460000
2 88300000 2 88380000
1 150780000 1 150900000
23 56340000 23 56860000
24 19780000 24 19700000
14 104060000 14 103900000
17 74740000 17 74940000
23 107940000 23 108060000
16 34220000 16 34740000
24 19900000 24 20300000
20 25340000 20 25260000
11 54660000 11 51100000
7 67820000 7 66580000
23 142980000 23 142740000
3 57500000 3 57380000
5 79820000 5 79980000
23 79340000 23 79220000
23 9420000 23 8820000
22 15660000 22 15860000
3 52220000 3 52060000
5 180260000 5 180380000
15 21860000 15 22380000
23 78540000 23 77420000
2 91140000 2 88780000
21 35020000 21 36300000
17 73620000 17 73700000
19 39740000 19 39820000
17 75340000 17 74940000
14 19460000 14 19620000
23 3340000 23 3140000
10 37220000 10 38060000
10 96540000 10 96660000
17 940000 17 1100000
1 177820000 1 177660000
24 16220000 24 15460000
1 152020000 1 152100000
1 198740000 1 198500000
8 142700000 8 143060000
13 28500000 13 28700000
23 81580000 23 82180000
1 5900000 1 5060000
24 14500000 24 14060000
19 22060000 19 22820000
23 4460000 23 5020000
24 13860000 24 13780000
23 80620000 23 81020000
17 21100000 17 20980000
4 220000 4 100000
23 117260000 23 116100000
5 105980000 5 104900000
8 122740000 8 123300000
23 127940000 23 127060000
5 179060000 5 178980000
23 6660000 23 6780000
19 12460000 19 11820000
23 63100000 23 63900000
23 33980000 23 32380000
7 128500000 7 128340000
23 43100000 23 42180000
23 141260000 23 139700000
19 47780000 19 47860000
20 23500000 20 23380000
23 82380000 23 81580000
12 36580000 12 36460000
12 51780000 12 51860000
23 51220000 23 49540000
23 136500000 23 136860000
24 14700000 24 15460000
14 103900000 14 104020000
24 15460000 24 17140000
2 236740000 2 236340000
22 21140000 22 21500000
16 32500000 16 32420000
9 96020000 9 95820000
15 73460000 15 73700000
23 78620000 23 79340000
10 134300000 10 134500000
12 55460000 12 55540000
10 38460000 10 41780000
11 62460000 11 62780000
15 53180000 15 52740000
11 45060000 11 44980000
2 130380000 2 128940000
3 179660000 3 180140000
17 63060000 17 62780000
24 13700000 24 13500000
21 43100000 21 42860000
20 2780000 20 2900000
22 15660000 22 15780000
6 61980000 6 57540000
19 47420000 19 47300000
23 119860000 23 120140000
11 47220000 11 47300000
15 74700000 15 74900000
23 100060000 23 100420000
4 44180000 4 42820000
5 35020000 5 34500000
22 34100000 22 34300000
23 87940000 23 88100000
9 137020000 9 136860000
24 13780000 24 13900000
24 17940000 24 17140000
12 29420000 12 30580000
17 7900000 17 7740000
6 62300000 6 57460000
24 17260000 24 17860000
9 124220000 9 124380000
8 47380000 8 47100000
23 140380000 23 140060000
1 5060000 1 5900000
14 100980000 14 100460000
5 180420000 5 180260000
7 142140000 7 142020000
10 37260000 10 38060000
5 106980000 5 104900000
23 79020000 23 78620000
6 27860000 6 27220000
2 91700000 2 95220000
23 63540000 23 63660000
24 19940000 24 20020000
22 49500000 22 49420000
19 22420000 19 22100000
23 145220000 23 145140000
11 2260000 11 2860000
19 20580000 19 20820000
23 30180000 23 30460000
11 51180000 11 56100000
6 57660000 6 62260000
23 100740000 23 101220000
10 38180000 10 38260000
7 140000 7 260000
11 50580000 11 48180000
9 34460000 9 34580000
9 34580000 9 34380000
22 21500000 22 21620000
23 107940000 23 108140000
8 43620000 8 47900000
23 50100000 23 50380000
4 37260000 4 37180000
7 63820000 7 63540000
15 62620000 15 62700000
3 57380000 3 57500000
10 12700000 10 12380000
21 44020000 21 44180000
15 22420000 15 22620000
23 143620000 23 142740000
19 22820000 19 22060000
16 83900000 16 83980000
6 31780000 6 31980000
7 66580000 7 67820000
23 104220000 23 103860000
10 42740000 10 42900000
23 46020000 23 45940000
1 3900000 1 5860000
1 5860000 1 3900000
6 22620000 6 23380000
10 101780000 10 101620000
19 24140000 19 23900000
8 146060000 8 146140000
11 51180000 11 51060000
19 23660000 19 23340000
23 57580000 23 58500000
23 141500000 23 140940000
1 145180000 1 145100000
7 70860000 7 69940000
4 180900000 4 179780000
19 57260000 19 57620000
23 44260000 23 44700000
24 14820000 24 17140000
2 77740000 2 76420000
17 74700000 17 74940000
12 36660000 12 36460000
15 21380000 15 20380000
7 72500000 7 72420000
23 117260000 23 115940000
10 102500000 10 102420000
23 143580000 23 144060000
17 24300000 17 24460000
1 246500000 1 247060000
15 51980000 15 52980000
23 109980000 23 109700000
19 54180000 19 53980000
2 98620000 2 99060000
23 140620000 23 141900000
11 48180000 11 50580000
7 61740000 7 61820000
7 66540000 7 68580000
15 21700000 15 22820000
24 19700000 24 19980000
15 21260000 15 21380000
17 54180000 17 54100000
23 139260000 23 139100000
23 41140000 23 40340000
23 6540000 23 5740000
23 115300000 23 115620000
23 101740000 23 106740000
17 32220000 17 32060000
23 6780000 23 6140000
23 68220000 23 68460000
20 54900000 20 54620000
24 16180000 24 15780000
8 43580000 8 48180000
7 129220000 7 129020000
1 9060000 1 8980000
16 9980000 16 9380000
23 154540000 23 153980000
9 34580000 9 34460000
22 34300000 22 34100000
24 20180000 24 20300000
23 79500000 23 79700000
12 47220000 12 47300000
17 74980000 17 75260000
19 16020000 19 16100000
3 36700000 3 36140000
5 96900000 5 98180000
19 54500000 19 54580000
23 44260000 23 44060000
12 8740000 12 8860000
10 104980000 10 104580000
23 45020000 23 45900000
15 75860000 15 75700000
23 50620000 23 49380000
23 147740000 23 148380000
1 25620000 1 25540000
23 152260000 23 152340000
8 47100000 8 48220000
23 3340000 23 3100000
23 102420000 23 102340000
23 106740000 23 101740000
1 226540000 1 226660000
20 30100000 20 29900000
1 27300000 1 27500000
23 19340000 23 19420000
23 119820000 23 120060000
24 21220000 24 20300000
15 22380000 15 21860000
23 85780000 23 84980000
16 68460000 16 68340000
23 4100000 23 5660000
23 58500000 23 57580000
8 47580000 8 43580000
7 61700000 7 61940000
23 100780000 23 101220000
6 159660000 6 160900000
14 38460000 14 38180000
8 143260000 8 142780000
20 2140000 20 2300000
23 16820000 23 16900000
10 38260000 10 42500000
8 142860000 8 143060000
23 50940000 23 51100000
14 37820000 14 38020000
7 61500000 7 61300000
19 59660000 19 60420000
3 187980000 3 185340000
24 17860000 24 16580000
10 134420000 10 134340000
24 15460000 24 16300000
1 3820000 1 3900000
15 27780000 15 28140000
23 151940000 23 152340000
14 44380000 14 41780000
17 1900000 17 1780000
24 17140000 24 17260000
10 37900000 10 38460000
1 3900000 1 4100000
24 15780000 24 15700000
8 43220000 8 43820000
14 104020000 14 103900000
8 142780000 8 142660000
11 48180000 11 50500000
8 42780000 8 42700000
13 114100000 13 113500000
17 5060000 17 5180000
7 55300000 7 54860000
10 96820000 10 96500000
15 21700000 15 22740000
15 21380000 15 22700000
19 59660000 19 60820000
19 21460000 19 21660000
16 73460000 16 73380000
7 56660000 7 61500000
1 20740000 1 20860000
19 9380000 19 9260000
23 71140000 23 71260000
9 95820000 9 96020000
19 14820000 19 15980000
20 60580000 20 60820000
10 38060000 10 37260000
1 226340000 1 226260000
20 60580000 20 60860000
15 53220000 15 52740000
14 20980000 14 20900000
23 142980000 23 142660000
22 26140000 22 26340000
23 105820000 23 105620000
11 2500000 11 2860000
23 56300000 23 56860000
11 50580000 11 48300000
5 79980000 5 79820000
10 38140000 10 36180000
23 82260000 23 80700000
14 103780000 14 103900000
1 23620000 1 23700000
19 56620000 19 56900000
19 16100000 19 16020000
1 238180000 1 236140000
1 13780000 1 13860000
19 20300000 19 20820000
18 31580000 18 31820000
8 57740000 8 58340000
9 104860000 9 103780000
23 105900000 23 105620000
19 9420000 19 9300000
1 110540000 1 110780000
6 27820000 6 27260000
8 47380000 8 47460000
23 151180000 23 151260000
23 141340000 23 140100000
4 54780000 4 52780000
23 143660000 23 142940000
6 42740000 6 42980000
12 130580000 12 130260000
23 116300000 23 115300000
23 38500000 23 38820000
2 128940000 2 130380000
23 139420000 23 139100000
2 38780000 2 38700000
1 177220000 1 176780000
3 187780000 3 187980000
23 140620000 23 140860000
8 43460000 8 43220000
23 93660000 23 92700000
23 141260000 23 139740000
5 34500000 5 35020000
4 54780000 4 54660000
6 61980000 6 57620000
8 142780000 8 143140000
1 23620000 1 23820000
19 46860000 19 46980000
23 92820000 23 93060000
19 22460000 19 22060000
23 5660000 23 4100000
6 34060000 6 34220000
23 146020000 23 145300000
2 232900000 2 232460000
23 81020000 23 80620000
23 140300000 23 141180000
6 62460000 6 57700000
6 57420000 6 62340000
1 20340000 1 20180000
22 36060000 22 36140000
23 146740000 23 146380000
10 96660000 10 96820000
17 62780000 17 63060000
17 1100000 17 940000
24 15700000 24 15780000
23 5740000 23 4620000
5 169620000 5 169780000
23 7780000 23 7100000
4 77260000 4 77060000
19 56260000 19 56140000
9 34580000 9 34500000
15 22740000 15 21700000
23 102540000 23 102460000
23 58500000 23 58420000
12 54100000 12 54300000
23 93660000 23 92540000
3 9660000 3 9540000
23 38500000 23 38900000
19 20300000 19 20220000
23 42180000 23 43100000
19 9100000 19 9660000
7 260000 7 140000
23 16220000 23 15700000
20 30940000 20 31060000
10 88660000 10 88460000
11 51140000 11 56140000
6 62260000 6 57660000
23 55620000 23 55780000
22 15940000 22 15780000
23 58500000 23 58380000
23 68020000 23 68220000
23 63660000 23 63220000
16 9380000 16 9980000
23 65780000 23 65340000
7 142060000 7 142140000
1 45260000 1 45500000
1 149620000 1 149540000
8 35900000 8 36060000
23 63340000 23 63900000
23 69140000 23 68620000
1 17380000 1 17260000
23 32380000 23 34260000
24 20100000 24 21340000
19 56900000 19 56620000
18 140000 18 220000
15 20540000 15 20380000
7 4260000 7 3260000
23 121340000 23 120500000
6 57780000 6 62260000
24 17140000 24 17940000
12 74700000 12 74300000
23 92540000 23 93660000
6 57620000 6 61980000
23 115820000 23 117260000
24 13900000 24 13700000
1 109980000 1 110140000
2 63180000 2 63540000
20 61300000 20 61180000
1 1900000 1 2140000
15 52820000 15 53220000
5 174780000 5 174300000
23 44700000 23 44140000
20 31060000 20 30980000
19 43460000 19 43540000
16 31180000 16 31340000
24 17420000 24 17260000
10 101660000 10 101780000
23 138660000 23 137860000
7 69980000 7 70060000
15 21500000 15 21660000
12 51980000 12 51860000
5 54940000 5 55020000
8 42660000 8 42780000
7 141540000 7 141300000
7 64060000 7 64500000
8 47820000 8 47100000
23 34260000 23 32380000
11 55540000 11 51180000
23 36060000 23 36140000
23 44060000 23 44260000
17 74940000 17 74660000
11 48300000 11 50500000
23 5060000 23 4140000
22 39460000 22 39380000
24 18020000 24 17420000
12 51860000 12 51980000
17 1780000 17 1900000
16 85500000 16 85580000
23 38540000 23 38740000
23 139100000 23 139260000
23 142700000 23 142980000
12 7260000 12 7700000
23 142380000 23 143460000
24 17180000 24 17460000
17 41060000 17 41140000
6 33820000 6 34140000
1 158060000 1 157420000
17 62860000 17 63060000
1 247060000 1 246900000
17 37940000 17 37740000
3 185340000 3 187980000
23 107940000 23 108420000
15 20540000 15 20460000
1 144140000 1 144300000
23 68580000 23 69260000
11 55500000 11 56340000
11 35340000 11 34900000
23 37220000 23 37060000
5 137580000 5 137660000
19 55900000 19 56140000
23 72580000 23 73060000
6 62380000 6 57660000
1 19220000 1 19140000
13 19220000 13 19140000
24 20220000 24 20340000
12 55580000 12 55660000
23 109780000 23 109620000
10 73780000 10 73460000
22 42780000 22 43380000
3 3980000 3 3260000
6 32020000 6 31740000
15 21500000 15 21580000
23 33980000 23 32780000
1 116820000 1 116500000
24 20300000 24 19900000
15 22820000 15 22380000
3 9540000 3 9660000
14 101180000 14 100620000
15 99660000 15 99940000
2 232500000 2 232900000
10 134460000 10 134300000
7 44100000 7 44220000
11 63540000 11 63700000
23 38860000 23 38500000
1 40100000 1 40260000
16 56540000 16 56380000
3 48300000 3 48220000
9 137380000 9 136860000
16 45780000 16 46500000
23 55780000 23 55620000
5 178980000 5 179060000
16 56380000 16 56540000
4 32940000 4 34660000
23 21020000 23 21140000
4 53380000 4 52780000
22 47020000 22 47140000
1 2140000 1 3660000
7 4260000 7 4500000
18 31820000 18 31580000
13 111060000 13 112100000
11 66740000 11 66620000
1 225100000 1 225180000
8 142780000 8 143100000
21 42100000 21 41900000
11 95780000 11 95340000
23 102460000 23 102580000
20 60580000 20 60300000
2 107900000 2 108180000
23 67980000 23 68460000
1 91620000 1 92180000
23 57940000 23 57780000
19 21660000 19 21460000
4 3420000 4 3220000
7 70860000 7 69980000
15 73700000 15 73460000
11 63540000 11 63660000
23 154020000 23 154100000
23 144060000 23 143940000
24 16300000 24 15700000
14 20900000 14 20980000
24 20060000 24 20300000
23 46060000 23 45900000
6 32660000 6 32300000
23 5020000 23 4860000
24 19980000 24 21220000
23 50260000 23 49740000
10 27220000 10 27060000
12 93020000 12 92460000
15 22900000 15 20380000
17 7780000 17 7700000
5 108900000 5 107820000
23 62700000 23 62540000
17 39540000 17 39460000
2 88380000 2 88300000
1 224500000 1 224380000
11 9740000 11 9540000
19 40460000 19 40300000
23 81580000 23 82380000
7 61300000 7 61540000
19 20460000 19 20820000
7 157860000 7 157620000
10 42500000 10 38260000
2 27260000 2 27380000
9 103620000 9 105820000
17 54180000 17 54460000
2 236540000 2 236740000
3 51020000 3 51260000
23 51060000 23 50940000
23 38660000 23 38500000
12 33340000 12 32980000
22 48380000 22 48100000
22 48380000 22 48180000
23 108420000 23 107940000
23 79700000 23 79620000
11 56780000 11 55500000
16 84060000 16 84180000
9 124580000 9 124220000
11 1460000 11 900000
23 45860000 23 46100000
23 5020000 23 4460000
23 151940000 23 152100000
22 21660000 22 21100000
16 66140000 16 66220000
11 54700000 11 51140000
10 38220000 10 37260000
12 34020000 12 32980000
11 4460000 11 4180000
13 111980000 13 112100000
23 67140000 23 66300000
6 33860000 6 34060000
1 25540000 1 25660000
12 62900000 12 62540000
1 19980000 1 20060000
23 57580000 23 58420000
15 21260000 15 19420000
12 8620000 12 9100000
17 39100000 17 38940000
19 22900000 19 22060000
12 130180000 12 130260000
14 103860000 14 104020000
23 141380000 23 140300000
23 55620000 23 58460000
23 4420000 23 5780000
3 140460000 3 140300000
8 37980000 8 37820000
17 74940000 17 76420000
7 66660000 7 68060000
1 17260000 1 17380000
19 20820000 19 20300000
7 66540000 7 68180000
1 43340000 1 43140000
6 31980000 6 32180000
17 77900000 17 77980000
23 51620000 23 51540000
12 82460000 12 82620000
