12 121860000 12 122300000
6 31100000 6 31020000
5 68860000 5 68780000
19 5220000 19 5140000
12 109260000 12 109060000
19 58860000 19 58380000
2 101020000 2 101140000
22 42820000 22 43140000
11 2540000 11 2860000
9 114180000 9 113540000
5 178220000 5 178820000
19 60380000 19 60540000
9 71020000 9 70860000
20 34340000 20 34940000
12 87140000 12 88340000
11 118260000 11 118020000
19 49340000 19 49660000
12 109100000 12 109260000
11 129060000 11 128740000
9 130620000 9 130540000
13 113140000 13 112700000
5 175900000 5 175820000
1 227940000 1 228540000
2 174860000 2 174100000
3 48780000 3 48940000
10 104460000 10 104580000
17 45940000 17 46100000
15 75100000 15 75700000
9 129500000 9 129740000
6 169660000 6 169820000
1 45260000 1 45540000
23 53540000 23 53140000
11 61020000 11 61300000
2 86100000 2 86020000
19 34580000 19 33060000
22 36780000 22 37220000
3 52380000 3 52300000
21 42500000 21 42620000
1 9420000 1 9340000
6 30700000 6 30780000
15 72900000 15 73060000
17 72860000 17 73020000
22 43380000 22 42780000
11 9420000 11 9140000
4 7380000 4 7500000
3 48300000 3 48660000
11 70780000 11 70340000
12 121700000 12 121860000
16 10740000 16 9180000
5 1020000 5 1260000
22 43380000 22 42660000
7 1620000 7 2140000
3 50380000 3 52140000
18 9900000 18 9620000
7 67820000 7 71140000
17 24460000 17 24300000
22 36820000 22 36900000
9 114100000 9 113980000
4 3420000 4 3260000
3 9740000 3 10340000
16 15860000 16 15780000
12 110820000 12 111060000
6 57740000 6 62100000
15 73580000 15 73700000
2 241460000 2 241620000
12 109260000 12 109100000
11 2540000 11 2740000
11 47340000 11 47460000
8 139820000 8 141140000
7 129500000 7 130180000
16 66700000 16 66780000
6 34140000 6 33860000
15 23740000 15 23460000
3 125540000 3 125220000
9 135420000 9 135540000
9 135700000 9 135820000
7 70180000 7 66860000
7 156980000 7 158700000
10 31100000 10 31380000
1 10820000 1 10740000
11 68420000 11 68580000
21 43900000 21 43620000
16 31620000 16 31180000
1 2980000 1 3300000
9 34380000 9 34580000
9 139780000 9 139700000
11 76100000 11 76460000
11 2860000 11 2540000
2 74260000 2 73900000
9 113060000 9 112100000
21 43500000 21 43620000
23 53180000 23 48220000
8 142380000 8 142300000
3 52300000 3 52380000
12 121860000 12 121940000
16 27420000 16 25020000
4 3780000 4 3660000
19 48740000 19 48820000
19 49620000 19 49260000
19 51420000 19 51300000
23 148860000 23 149300000
11 2860000 11 2500000
2 73260000 2 73140000
15 69500000 15 69060000
9 34580000 9 34420000
11 900000 11 1420000
6 17980000 6 18180000
16 11540000 16 11700000
19 44860000 19 44940000
2 201500000 2 201660000
8 220000 8 1380000
17 72580000 17 72380000
7 1180000 7 1100000
16 15780000 16 15860000
6 143820000 6 142940000
23 149620000 23 148860000
2 218860000 2 219020000
14 70100000 14 69780000
17 46100000 17 45940000
9 131500000 9 130940000
15 29020000 15 29220000
19 9740000 19 9300000
6 169820000 6 169660000
6 134020000 6 134180000
1 25620000 1 25740000
12 540000 12 940000
20 35620000 20 36460000
23 8500000 23 4740000
3 45660000 3 45220000
16 73700000 16 74100000
19 60620000 19 60380000
1 45540000 1 45220000
2 160700000 2 161580000
15 73580000 15 73660000
1 224620000 1 224420000
1 210260000 1 209940000
3 196140000 3 195980000
22 19140000 22 19460000
20 45780000 20 46580000
17 53420000 17 53300000
5 34940000 5 34500000
3 177740000 3 174820000
5 34500000 5 34940000
11 72140000 11 72740000
5 25940000 5 29380000
9 126660000 9 126580000
9 137740000 9 137860000
5 33420000 5 32740000
4 6220000 4 6140000
10 73060000 10 73220000
8 38100000 8 37980000
6 30100000 6 29940000
1 10500000 1 10820000
4 2460000 4 2220000
1 9300000 1 9420000
9 114860000 9 114780000
22 35620000 22 35380000
20 61700000 20 61980000
15 72980000 15 72900000
19 12100000 19 11740000
17 72700000 17 72380000
9 93620000 9 92820000
1 17420000 1 17300000
6 149460000 6 149780000
1 31700000 1 31820000
16 66500000 16 66420000
9 130740000 9 130620000
17 41180000 17 41380000
19 47220000 19 47420000
22 47380000 22 45900000
1 9420000 1 9260000
22 48860000 22 48940000
3 47980000 3 48180000
17 17420000 17 17500000
17 73020000 17 73700000
2 219740000 2 219900000
12 940000 12 540000
14 22860000 14 22940000
22 43140000 22 42820000
7 101260000 7 101660000
15 22460000 15 21380000
17 35380000 17 35540000
22 45980000 22 46540000
14 22940000 14 22860000
1 204780000 1 204700000
22 37060000 22 36780000
16 11540000 16 11460000
11 64220000 11 63900000
1 158140000 1 158060000
16 15780000 16 15900000
17 76740000 17 76660000
17 73020000 17 73500000
6 31020000 6 31100000
7 71540000 7 67220000
19 9300000 19 9540000
7 99340000 7 99500000
10 103500000 10 102900000
20 61300000 20 61380000
11 77420000 11 77260000
17 140000 17 260000
5 1500000 5 1260000
9 130940000 9 131140000
17 77900000 17 78060000
17 78380000 17 78460000
19 41420000 19 41620000
21 42620000 21 42500000
23 76540000 23 79180000
17 17500000 17 17380000
3 45220000 3 45660000
7 98300000 7 97780000
11 63900000 11 64220000
16 19300000 16 19100000
17 50260000 17 47940000
20 51620000 20 51940000
16 25020000 16 27420000
19 55260000 19 59380000
11 9260000 11 9420000
1 15380000 1 15620000
17 73500000 17 73020000
17 1100000 17 1340000
16 11460000 16 11540000
15 75700000 15 75940000
11 70340000 11 70780000
16 65860000 16 65500000
16 83980000 16 83860000
19 41900000 19 41740000
6 34220000 6 34140000
18 11980000 18 11900000
22 43140000 22 42780000
22 37020000 22 36820000
7 220000 7 140000
22 35300000 22 35380000
8 60980000 8 59860000
6 29940000 6 30100000
17 12940000 17 14820000
16 49300000 16 50660000
22 43020000 22 42820000
8 38140000 8 38060000
9 113980000 9 114180000
19 53820000 19 53980000
2 85420000 2 85700000
5 29380000 5 25940000
1 201420000 1 201340000
13 113900000 13 113500000
10 102860000 10 102780000
10 105420000 10 105340000
17 4500000 17 4580000
9 34220000 9 34140000
4 2340000 4 2220000
16 11540000 16 11660000
15 20460000 15 20540000
7 300000 7 140000
8 42420000 8 42620000
22 36900000 22 36820000
7 73140000 7 72900000
22 42820000 22 42740000
20 61180000 20 61300000
5 70820000 5 70900000
4 1140000 4 1340000
6 169100000 6 169820000
1 10820000 1 10500000
4 1140000 4 1220000
22 21820000 22 21900000
19 9540000 19 9660000
1 55140000 1 55060000
4 1340000 4 1220000
9 135540000 9 135380000
1 12180000 1 12060000
19 47420000 19 47220000
2 26020000 2 26380000
1 148500000 1 149260000
22 43220000 22 42780000
7 1860000 7 2140000
1 204140000 1 204060000
1 45220000 1 45060000
20 5700000 20 5540000
3 45140000 3 45220000
11 34900000 11 35180000
4 170140000 4 170660000
2 38780000 2 38620000
19 12220000 19 11940000
19 2820000 19 2700000
7 54860000 7 55300000
6 33860000 6 34140000
21 45780000 21 46500000
4 54780000 4 54700000
5 177580000 5 178700000
4 1180000 4 1340000
15 65900000 15 65540000
2 187820000 2 187380000
2 131300000 2 136300000
16 3340000 16 3420000
1 110140000 1 109980000
1 31980000 1 31820000
21 46860000 21 46780000
6 33820000 6 33740000
4 111140000 4 111620000
17 1900000 17 1660000
1 149660000 1 149540000
12 55180000 12 52140000
22 36220000 22 36140000
16 68340000 16 67940000
1 152100000 1 152020000
13 113500000 13 113900000
1 22780000 1 23100000
14 100740000 14 101220000
7 99500000 7 99340000
19 51260000 19 51420000
11 2740000 11 2860000
7 6260000 7 6180000
20 34940000 20 34340000
1 45220000 1 45100000
2 202620000 2 202460000
2 28260000 2 27780000
11 61300000 11 61420000
17 46820000 17 50180000
2 62460000 2 62020000
11 1460000 11 1260000
7 54900000 7 55220000
15 74260000 15 74500000
6 57780000 6 62100000
20 61380000 20 61180000
3 195980000 3 196140000
3 102700000 3 102620000
17 15820000 17 15740000
1 205900000 1 209460000
19 60540000 19 60380000
2 241620000 2 241460000
22 18300000 22 18180000
17 1220000 17 1380000
2 239980000 2 239860000
9 134860000 9 135140000
6 2100000 6 1780000
3 198580000 3 198500000
9 130620000 9 130740000
1 33180000 1 33300000
4 54700000 4 54780000
17 78060000 17 78140000
8 77340000 8 78500000
22 42900000 22 42820000
8 23060000 8 23140000
18 8660000 18 8980000
9 94580000 9 94500000
11 2700000 11 2780000
16 3340000 16 3260000
11 61420000 11 61620000
16 73380000 16 73460000
19 11820000 19 12220000
11 1380000 11 1260000
17 41380000 17 41180000
15 89260000 15 88980000
12 109220000 12 108940000
17 72940000 17 73020000
20 31900000 20 32180000
10 55140000 10 58540000
22 43380000 22 42820000
19 51420000 19 51260000
11 66500000 11 66780000
1 220700000 1 219740000
18 62540000 18 66740000
17 39980000 17 40180000
8 42700000 8 42780000
1 3340000 1 2980000
13 114020000 13 113900000
17 1900000 17 2140000
22 42820000 22 43220000
7 6180000 7 6380000
17 1220000 17 1100000
2 236460000 2 236740000
2 241460000 2 241660000
17 40180000 17 39980000
5 34500000 5 34020000
18 7180000 18 8500000
3 48300000 3 48540000
1 200660000 1 201140000
2 72940000 2 73260000
7 44660000 7 44940000
11 66660000 11 66780000
5 78580000 5 79660000
17 72380000 17 72580000
19 43540000 19 43460000
2 161580000 2 160700000
3 57660000 3 57580000
21 45780000 21 46180000
19 5180000 19 5540000
7 66620000 7 68620000
18 9780000 18 9900000
21 45780000 21 46100000
20 31980000 20 32180000
17 46060000 17 45940000
2 153220000 2 152740000
11 2780000 11 2700000
10 13140000 10 12340000
1 219740000 1 220700000
7 101660000 7 100780000
4 127340000 4 128420000
3 52460000 3 52380000
1 45020000 1 45220000
2 174100000 2 174820000
2 26060000 2 26220000
8 146220000 8 146100000
13 109780000 13 109900000
7 140000 7 220000
12 115300000 12 115420000
15 73660000 15 73580000
7 142180000 7 141900000
1 204140000 1 204420000
17 47940000 17 50260000
16 31780000 16 30980000
7 157300000 7 158460000
14 101540000 14 101780000
12 121860000 12 121620000
9 139620000 9 139780000
1 17340000 1 17260000
3 48060000 3 48180000
7 141900000 7 142180000
21 43380000 21 44020000
11 1700000 11 1780000
9 139700000 9 139780000
7 6180000 7 6260000
6 42940000 6 42780000
1 144140000 1 144260000
9 135540000 9 135420000
10 36020000 10 36740000
16 73540000 16 73700000
11 109780000 11 109580000
7 66860000 7 70180000
1 202380000 1 202180000
15 72900000 15 72820000
22 42740000 22 42820000
1 204100000 1 204420000
2 232500000 2 233020000
17 74980000 17 74700000
22 40740000 22 40820000
20 44020000 20 43940000
15 73060000 15 72900000
6 43540000 6 43460000
16 87740000 16 87820000
12 49500000 12 50020000
11 2860000 11 2740000
23 79180000 23 76540000
2 236740000 2 236460000
8 146100000 8 146180000
23 51740000 23 47580000
15 88980000 15 89060000
2 238140000 2 238820000
15 75940000 15 75700000
17 39060000 17 38980000
9 138820000 9 139180000
19 57260000 19 57380000
17 40300000 17 40420000
17 16020000 17 15940000
4 2380000 4 2220000
1 53420000 1 53140000
3 171620000 3 172020000
7 1180000 7 980000
17 45940000 17 46140000
12 140000 12 60000
3 198580000 3 198740000
13 113900000 13 114020000
9 92820000 9 93620000
1 45060000 1 45220000
3 50180000 3 50260000
19 2700000 19 2860000
1 149620000 1 149500000
3 189580000 3 189060000
15 42540000 15 42340000
8 11580000 8 11900000
10 4820000 10 3220000
1 201060000 1 200580000
3 165780000 3 162860000
8 141140000 8 139820000
11 77260000 11 77140000
19 24140000 19 23340000
21 46100000 21 45780000
10 126580000 10 126180000
22 48180000 22 47340000
15 72980000 15 72460000
3 189060000 3 189580000
8 142660000 8 143780000
7 220000 7 300000
21 42100000 21 42180000
12 111060000 12 110820000
17 660000 17 780000
19 5140000 19 5540000
11 66620000 11 66780000
7 1100000 7 1180000
12 51660000 12 50780000
13 114100000 13 113940000
12 121860000 12 121700000
5 178820000 5 178220000
2 232500000 2 232860000
11 67580000 11 67660000
7 68460000 7 67260000
1 28340000 1 28060000
1 149540000 1 149620000
5 32660000 5 33460000
22 47380000 22 48540000
2 171940000 2 171540000
2 219900000 2 219740000
3 197060000 3 197140000
2 73260000 2 72940000
1 227980000 1 228540000
1 22620000 1 23100000
1 22820000 1 22740000
1 45900000 1 46340000
19 12220000 19 11820000
17 19820000 17 19980000
10 103340000 10 103500000
22 36060000 22 36220000
8 38060000 8 38140000
5 175740000 5 175900000
10 102780000 10 102860000
7 1620000 7 1900000
17 40180000 17 40300000
20 45780000 20 46260000
6 33980000 6 34140000
19 41020000 19 41180000
15 72460000 15 72980000
14 30860000 14 30740000
15 38380000 15 38140000
1 28300000 1 28060000
16 82540000 16 82620000
17 23380000 17 23660000
22 27780000 22 27580000
17 47860000 17 50300000
22 42780000 22 43460000
11 1500000 11 1380000
4 190820000 4 187540000
12 121620000 12 121860000
20 20000 20 100000
19 51740000 19 51660000
15 83300000 15 83060000
16 10900000 16 10740000
9 139780000 9 139620000
4 7500000 4 7380000
11 2860000 11 2660000
7 6420000 7 6100000
22 43340000 22 42780000
1 43700000 1 43860000
21 34140000 21 33940000
7 71140000 7 67820000
22 27580000 22 27900000
5 33420000 5 32660000
10 36740000 10 36020000
3 48180000 3 48060000
7 6700000 7 6580000
21 43620000 21 43900000
3 48660000 3 48300000
11 46380000 11 46540000
6 162580000 6 164740000
6 34140000 6 33820000
2 86020000 2 86100000
19 44940000 19 44860000
8 42780000 8 42420000
3 171380000 3 171580000
22 42820000 22 42900000
11 47220000 11 47340000
6 33260000 6 33180000
1 22820000 1 23180000
1 181860000 1 182900000
8 59860000 8 60980000
6 36860000 6 37140000
15 38380000 15 38620000
4 1220000 4 1340000
9 137860000 9 137740000
8 143940000 8 144140000
19 51260000 19 51380000
17 74820000 17 74980000
10 93780000 10 94180000
3 56060000 3 54500000
13 19100000 13 19340000
21 43940000 21 44020000
17 2020000 17 2140000
9 139700000 9 139620000
19 9540000 19 9300000
16 16020000 16 15780000
2 96180000 2 96300000
15 75700000 15 75100000
7 980000 7 1180000
8 145940000 8 145860000
1 10820000 1 10700000
6 30380000 6 30500000
19 54580000 19 54500000
1 5860000 1 3820000
16 31180000 16 31620000
13 41100000 13 40940000
15 99780000 15 99900000
20 61380000 20 61300000
11 109900000 11 110580000
20 34940000 20 34700000
1 233220000 1 233020000
8 138620000 8 136220000
7 71500000 7 67220000
16 11660000 16 11540000
7 157300000 7 157660000
11 64860000 11 64700000
17 73020000 17 72940000
12 122540000 12 122460000
17 2940000 17 3460000
17 63780000 17 63900000
22 19460000 22 19300000
3 51660000 3 51500000
11 67660000 11 67580000
7 140000 7 300000
2 108940000 2 109780000
1 23100000 1 22620000
1 25980000 1 25620000
22 27580000 22 27780000
7 27140000 7 26860000
8 142020000 8 142300000
17 73860000 17 73740000
16 83260000 16 83460000
5 34500000 5 34820000
3 171580000 3 171500000
1 22820000 1 23100000
1 204420000 1 204140000
7 1900000 7 2060000
17 46820000 17 50300000
17 1780000 17 2140000
22 36220000 22 36060000
17 40300000 17 40140000
9 6700000 9 6380000
11 35180000 11 34900000
17 16060000 17 15940000
14 100820000 14 100980000
6 18100000 6 17980000
22 27620000 22 27780000
11 118020000 11 118100000
1 9420000 1 9300000
9 114180000 9 113980000
17 53300000 17 53380000
7 1100000 7 980000
1 43860000 1 43700000
17 24820000 17 24700000
22 48540000 22 47380000
7 6100000 7 6180000
16 86140000 16 86060000
7 6100000 7 6420000
12 109260000 12 109180000
1 45100000 1 45220000
17 17500000 17 17700000
17 35540000 17 35620000
10 94180000 10 93780000
1 183460000 1 184460000
7 53100000 7 57340000
16 68380000 16 65500000
2 44180000 2 44340000
6 167020000 6 166780000
1 10340000 1 9980000
5 178700000 5 178500000
7 6380000 7 6180000
11 2740000 11 2540000
2 202420000 2 202620000
22 23220000 22 23100000
17 15740000 17 15820000
1 219980000 1 220300000
1 40180000 1 40260000
5 34020000 5 34500000
2 28300000 2 27780000
11 64220000 11 64060000
19 2700000 19 2820000
19 38820000 19 38500000
16 66420000 16 66500000
11 118020000 11 117940000
7 1980000 7 1900000
2 73260000 2 73060000
2 217420000 2 218300000
11 118100000 11 118020000
10 88540000 10 88420000
17 35540000 17 35380000
7 72900000 7 73140000
9 130940000 9 131500000
4 128420000 4 127340000
12 125860000 12 124220000
12 8060000 12 7940000
11 70780000 11 70020000
17 6300000 17 6500000
17 39100000 17 39020000
11 68580000 11 68420000
4 7580000 4 7500000
2 187380000 2 187820000
22 43460000 22 42780000
17 35620000 17 35540000
11 1420000 11 900000
17 76620000 17 76740000
19 9740000 19 9660000
21 43220000 21 43380000
2 241460000 2 241740000
17 50300000 17 47860000
10 30820000 10 30740000
16 84100000 16 83980000
17 39020000 17 39100000
7 130180000 7 129500000
12 112980000 12 114820000
21 43380000 21 43220000
22 45900000 22 47380000
1 15060000 1 15220000
1 22860000 1 23100000
2 27780000 2 28300000
1 193140000 1 194020000
15 20540000 15 20420000
22 47380000 22 46180000
19 47660000 19 47780000
16 19100000 16 19300000
15 72900000 15 72780000
7 67220000 7 71500000
1 236260000 1 237420000
2 86140000 2 85700000
17 4500000 17 4420000
10 14900000 10 13500000
6 30780000 6 30700000
3 45220000 3 45620000
8 146140000 8 146220000
12 7940000 12 8060000
16 9180000 16 10740000
3 174820000 3 177740000
19 46780000 19 46260000
12 115420000 12 115300000
1 9980000 1 10140000
14 37500000 14 38180000
1 226660000 1 226740000
15 88820000 15 88660000
22 27780000 22 27620000
1 15220000 1 15060000
9 135540000 9 135460000
1 8460000 1 8820000
3 56060000 3 54660000
23 145020000 23 141060000
22 21060000 22 21820000
20 55980000 20 55740000
11 1780000 11 1620000
17 78060000 17 77900000
10 43180000 10 43020000
5 178700000 5 177580000
17 78140000 17 78060000
1 22900000 1 23100000
17 40180000 17 39740000
22 47620000 22 47980000
3 142740000 3 142660000
15 20420000 15 20540000
17 6300000 17 5300000
19 49660000 19 49340000
18 66740000 18 62540000
4 940000 4 1180000
22 16860000 22 16940000
22 36820000 22 37020000
3 10060000 3 10180000
6 47620000 6 49660000
17 18780000 17 18700000
16 11540000 16 11420000
19 9660000 19 9740000
1 3180000 1 2980000
17 60000 17 140000
17 17700000 17 17500000
11 2180000 11 2260000
5 33460000 5 32660000
21 41900000 21 42100000
9 130740000 9 130540000
20 57380000 20 54540000
5 176620000 5 175900000
4 3380000 4 3260000
4 83580000 4 83940000
22 43220000 22 42820000
11 1500000 11 1260000
22 27900000 22 27580000
1 40260000 1 40180000
11 2260000 11 2180000
3 48940000 3 48740000
22 36780000 22 36900000
11 62220000 11 62140000
11 64220000 11 64020000
6 44060000 6 43940000
17 14820000 17 12940000
2 38620000 2 38780000
7 44660000 7 44860000
1 23100000 1 22980000
11 66580000 11 66780000
7 57340000 7 53100000
1 15620000 1 15340000
1 171620000 1 171100000
19 51660000 19 51740000
4 3660000 4 3780000
15 95660000 15 93060000
1 113420000 1 113100000
1 23100000 1 22820000
16 86900000 16 86660000
16 15780000 16 16140000
11 61300000 11 61020000
3 52380000 3 52260000
9 135260000 9 135540000
17 260000 17 140000
20 32180000 20 31900000
7 100780000 7 101660000
12 114820000 12 112980000
9 130740000 9 130580000
10 103780000 10 103500000
19 49260000 19 49620000
11 64220000 11 63980000
11 66780000 11 66660000
15 72460000 15 72660000
17 73860000 17 73780000
4 39340000 4 39180000
18 12860000 18 12740000
1 3820000 1 5860000
22 19540000 22 19460000
5 34500000 5 34860000
7 101300000 7 101660000
22 19580000 22 19460000
11 46500000 11 46380000
9 34140000 9 34220000
14 30740000 14 30860000
4 170660000 4 170140000
11 2180000 11 2540000
9 135900000 9 136460000
1 204700000 1 204780000
16 83980000 16 84140000
5 1260000 5 1540000
16 74100000 16 73700000
2 201660000 2 201500000
7 101660000 7 101260000
16 83980000 16 84100000
6 34140000 6 34020000
17 38980000 17 39100000
1 15620000 1 15380000
5 157060000 5 156860000
3 47020000 3 47100000
2 136300000 2 131300000
12 52140000 12 55180000
17 72380000 17 72180000
5 32660000 5 33420000
16 88100000 16 87820000
10 37060000 10 36180000
2 73060000 2 73260000
8 42620000 8 42420000
22 36820000 22 37300000
20 34100000 20 34220000
22 21540000 22 21820000
4 2220000 4 2380000
16 3540000 16 3340000
9 138940000 9 138820000
1 149220000 1 149100000
10 43020000 10 43180000
16 11420000 16 11540000
19 49460000 19 49660000
11 72740000 11 72140000
16 15900000 16 15780000
21 43620000 21 43500000
2 241740000 2 241460000
6 34220000 6 33820000
6 10900000 6 8260000
7 67340000 7 68340000
1 3300000 1 3180000
17 7340000 17 7180000
11 1620000 11 1780000
11 77260000 11 77420000
7 33100000 7 33020000
1 15940000 1 15780000
1 233020000 1 232700000
1 24100000 1 24180000
1 31660000 1 31980000
17 5420000 17 6500000
7 44860000 7 44660000
19 53980000 19 54180000
7 97780000 7 98300000
7 73140000 7 73220000
17 15940000 17 16020000
2 26180000 2 26060000
11 2660000 11 2780000
12 60000 12 140000
22 42780000 22 43140000
15 88860000 15 88660000
8 139740000 8 136820000
20 34740000 20 34940000
20 900000 20 700000
1 9180000 1 9420000
22 42780000 22 43340000
3 48180000 3 48020000
1 15940000 1 15820000
1 204060000 1 204140000
15 29220000 15 29580000
16 15780000 16 16020000
1 33540000 1 33460000
6 10900000 6 10580000
16 9980000 16 8540000
22 47980000 22 47620000
1 31980000 1 31900000
1 45540000 1 45260000
22 16780000 22 16940000
11 77940000 11 77420000
10 104580000 10 104820000
20 61180000 20 61380000
22 36140000 22 36220000
6 142940000 6 143820000
1 25740000 1 25620000
1 15340000 1 15620000
4 2220000 4 2460000
22 45740000 22 47340000
9 135460000 9 135540000
9 129580000 9 129740000
22 21820000 22 21060000
10 88420000 10 88540000
16 65500000 16 65700000
11 118020000 11 118260000
7 128340000 7 128500000
1 10180000 1 9980000
19 56900000 19 59380000
19 60380000 19 60620000
3 47220000 3 47020000
19 46260000 19 47060000
19 41180000 19 41020000
15 25340000 15 21380000
11 66500000 11 66020000
7 2140000 7 1620000
16 3340000 16 3540000
1 23180000 1 22820000
2 202620000 2 202780000
5 180460000 5 180140000
14 38180000 14 37500000
9 114180000 9 113580000
8 1380000 8 220000
23 141060000 23 145020000
19 53980000 19 53820000
5 70900000 5 70820000
13 109900000 13 109700000
11 2540000 11 2780000
1 200580000 1 200460000
18 8980000 18 8660000
5 980000 5 1260000
9 130940000 9 131580000
16 66620000 16 66420000
19 58380000 19 58860000
16 15060000 16 15900000
9 135820000 9 135700000
19 22140000 19 24100000
19 5300000 19 5140000
16 19620000 16 15900000
16 84180000 16 84100000
3 102620000 3 102700000
4 1340000 4 1180000
12 109260000 12 108980000
10 36180000 10 37060000
5 1260000 5 980000
15 23460000 15 21700000
9 138820000 9 138940000
22 46540000 22 45980000
19 5180000 19 5580000
9 130740000 9 130420000
21 32700000 21 32820000
17 1660000 17 1900000
4 83940000 4 83580000
7 73060000 7 73140000
1 200580000 1 200940000
22 37220000 22 36780000
21 36300000 21 34940000
22 16940000 22 16660000
17 72380000 17 72700000
2 96300000 2 96180000
23 67980000 23 68380000
15 72580000 15 72660000
17 26580000 17 26300000
6 167740000 6 168260000
22 42580000 22 41900000
7 65180000 7 65460000
1 15780000 1 15940000
6 34140000 6 34220000
19 23340000 19 24140000
9 113540000 9 114180000
1 22660000 1 22740000
11 1420000 11 1500000
5 64260000 5 64820000
9 90140000 9 90820000
20 34700000 20 34940000
9 135140000 9 134860000
8 42780000 8 42660000
11 76100000 11 75980000
17 76740000 17 76620000
4 1340000 4 900000
1 32500000 1 32420000
1 22740000 1 22660000
19 47780000 19 47660000
1 46340000 1 45900000
16 73700000 16 73540000
19 47060000 19 46260000
6 43540000 6 43420000
15 88660000 15 88860000
11 9420000 11 9260000
2 233020000 2 232500000
15 72900000 15 72980000
22 48940000 22 48860000
16 16140000 16 15780000
11 46380000 11 46460000
1 201340000 1 201420000
5 64820000 5 64260000
17 1340000 17 1220000
22 19300000 22 19460000
7 157300000 7 158420000
13 18620000 13 18500000
17 38980000 17 39060000
9 33260000 9 33460000
15 33020000 15 32700000
20 58340000 20 59060000
1 31820000 1 31980000
1 17340000 1 17540000
22 27700000 22 27580000
3 47380000 3 47020000
1 232700000 1 233020000
11 1380000 11 1460000
16 68740000 16 73180000
15 88980000 15 88660000
1 28060000 1 27900000
3 50180000 3 50100000
3 54660000 3 56060000
23 148860000 23 149620000
1 9980000 1 10180000
10 12820000 10 12420000
1 22740000 1 22820000
1 209460000 1 205900000
5 34540000 5 34820000
6 49660000 6 47620000
17 72180000 17 72380000
16 73300000 16 73460000
5 1260000 5 1020000
1 46340000 1 45860000
8 38980000 8 41220000
17 7180000 17 7340000
3 23060000 3 23740000
2 219620000 2 219900000
9 135340000 9 135260000
14 100980000 14 100820000
6 44020000 6 43940000
11 66780000 11 66540000
22 19460000 22 19540000
10 104580000 10 104460000
18 9620000 18 9900000
10 102900000 10 103500000
2 232900000 2 232500000
12 107940000 12 107820000
2 98020000 2 98100000
17 1380000 17 1220000
22 36780000 22 37060000
23 48220000 23 53180000
16 16180000 16 15780000
7 55220000 7 54900000
11 47460000 11 47340000
11 61620000 11 61420000
6 37140000 6 36860000
11 1860000 11 2140000
16 86660000 16 86900000
11 2780000 11 2660000
14 102860000 14 102740000
4 145300000 4 146220000
20 32180000 20 31980000
1 224420000 1 224620000
6 62100000 6 57740000
22 21900000 22 21820000
10 29700000 10 29060000
9 33300000 9 33460000
17 73700000 17 73020000
9 6380000 9 6700000
1 45860000 1 46340000
11 2540000 11 2180000
18 9900000 18 9780000
6 36860000 6 36940000
5 68780000 5 68860000
1 10700000 1 10820000
23 152300000 23 151980000
7 65460000 7 65180000
22 23020000 22 23220000
21 44020000 21 43940000
6 1780000 6 2100000
15 88660000 15 88980000
1 224620000 1 226060000
11 110580000 11 109900000
19 46260000 19 46780000
1 32500000 1 32740000
17 23660000 17 23380000
17 2140000 17 1900000
3 198500000 3 198580000
3 10460000 3 10340000
1 17260000 1 17340000
9 130940000 9 131540000
22 46180000 22 47380000
12 62540000 12 62820000
16 84100000 16 83900000
11 128740000 11 129060000
17 38980000 17 39180000
1 233020000 1 233220000
15 42340000 15 42540000
7 300000 7 220000
19 33060000 19 34580000
15 99900000 15 99780000
19 51300000 19 51420000
6 62100000 6 57780000
16 83460000 16 83260000
19 23820000 19 21300000
1 43140000 1 43340000
3 48020000 3 48180000
6 44100000 6 43940000
1 144300000 1 144140000
1 15820000 1 15940000
2 85700000 2 86140000
17 780000 17 660000
22 16940000 22 16780000
17 26780000 17 26900000
19 12100000 19 12220000
10 73220000 10 73060000
7 157660000 7 157300000
16 66420000 16 66260000
19 2860000 19 2700000
22 36140000 22 36060000
6 43940000 6 44020000
19 5140000 19 5220000
1 31900000 1 31980000
13 40940000 13 41100000
5 178500000 5 178700000
3 48180000 3 47900000
9 131140000 9 130940000
11 2660000 11 2860000
19 6900000 19 6580000
6 43940000 6 44140000
17 7860000 17 7940000
11 66420000 11 66580000
11 69260000 11 68580000
11 117940000 11 118020000
11 1780000 11 1700000
2 73060000 2 73220000
8 11900000 8 11580000
17 1100000 17 1220000
17 73020000 17 72780000
22 43340000 22 42820000
16 15900000 16 19620000
16 30980000 16 31780000
14 95060000 14 94980000
5 1260000 5 1500000
22 36820000 22 37060000
20 5540000 20 5700000
21 46180000 21 45780000
17 6500000 17 5420000
3 47020000 3 47380000
13 109660000 13 109900000
3 52140000 3 50380000
15 89060000 15 88980000
1 55260000 1 55060000
1 24180000 1 24100000
17 4380000 17 4500000
9 126420000 9 126660000
17 42780000 17 43060000
1 3300000 1 2980000
17 35540000 17 35460000
19 14740000 19 15900000
22 49140000 22 49460000
9 129460000 9 129580000
23 53140000 23 53540000
17 38980000 17 38900000
4 146220000 4 145300000
4 1180000 4 940000
6 31140000 6 31020000
21 42180000 21 42100000
9 131540000 9 130940000
17 6300000 17 5420000
19 11660000 19 11820000
16 10740000 16 10900000
3 52260000 3 52380000
9 114780000 9 114860000
19 51660000 19 50900000
3 48740000 3 48940000
17 53380000 17 53300000
6 43460000 6 43540000
16 84140000 16 83980000
16 4100000 16 3980000
11 62300000 11 62140000
5 1540000 5 1260000
17 39100000 17 38820000
3 45620000 3 45220000
15 88620000 15 88940000
15 93060000 15 95660000
6 43420000 6 43540000
2 241460000 2 241780000
3 197140000 3 197060000
1 7500000 1 7260000
19 5540000 19 5180000
17 7940000 17 7860000
3 52380000 3 52220000
17 5340000 17 6300000
7 101660000 7 101300000
17 39180000 17 39100000
19 47860000 19 48500000
6 36940000 6 36860000
22 42820000 22 43380000
16 73180000 16 68740000
17 46140000 17 45940000
17 72780000 17 72380000
6 42780000 6 42940000
7 65180000 7 65900000
9 33460000 9 33300000
2 120540000 2 120620000
8 124940000 8 125500000
11 77140000 11 77260000
9 109220000 9 110180000
15 69060000 15 69500000
1 25260000 1 25420000
1 204140000 1 204460000
22 47340000 22 47980000
17 76660000 17 76740000
11 66580000 11 66420000
22 41900000 22 42580000
1 204460000 1 204140000
1 31980000 1 31660000
4 1220000 4 1140000
15 88980000 15 89260000
1 55060000 1 55260000
17 74580000 17 74940000
11 62140000 11 62300000
3 11700000 3 11780000
9 113980000 9 114100000
1 12180000 1 12100000
20 43940000 20 44020000
15 72660000 15 72580000
1 12060000 1 12180000
11 27660000 11 29060000
1 55060000 1 55140000
8 37980000 8 38100000
3 48940000 3 48820000
15 46420000 15 43620000
5 32740000 5 33420000
1 182900000 1 181860000
12 122460000 12 122540000
23 47580000 23 51740000
11 1460000 11 1380000
15 88660000 15 88820000
17 35460000 17 35540000
11 46460000 11 46380000
20 59060000 20 58340000
20 700000 20 900000
13 19340000 13 19100000
16 65500000 16 65860000
9 130540000 9 130620000
2 26060000 2 26180000
1 32620000 1 32500000
22 42820000 22 43020000
20 46580000 20 45780000
8 97420000 8 98620000
9 110180000 9 109220000
8 146100000 8 146220000
7 980000 7 1100000
11 29060000 11 27660000
16 83900000 16 84100000
17 39740000 17 40060000
7 73220000 7 73140000
17 73940000 17 73860000
21 33940000 21 34140000
4 170220000 4 170660000
2 239860000 2 239980000
14 94980000 14 95060000
22 20300000 22 19460000
5 79660000 5 78580000
5 33180000 5 32660000
1 2980000 1 3180000
14 101220000 14 100740000
21 44020000 21 43380000
22 36780000 22 37300000
3 48820000 3 48940000
21 34940000 21 36300000
11 2700000 11 2860000
11 66020000 11 66500000
7 2140000 7 1860000
8 139340000 8 136220000
11 76460000 11 76100000
15 29580000 15 29220000
9 139620000 9 139700000
17 39180000 17 38980000
19 9300000 19 9740000
17 36580000 17 36660000
22 16820000 22 16940000
6 169820000 6 169100000
5 34820000 5 34500000
1 45220000 1 45020000
4 53380000 4 53060000
22 27580000 22 27700000
22 47980000 22 47340000
13 112700000 13 113140000
6 42940000 6 42700000
8 136220000 8 139340000
12 50780000 12 51660000
17 63780000 17 63940000
17 43060000 17 42780000
22 48140000 22 47340000
1 149260000 1 148500000
1 228540000 1 227940000
6 30500000 6 30380000
22 46780000 22 45740000
1 43780000 1 43860000
5 34820000 5 34540000
21 46500000 21 45780000
12 51420000 12 51500000
17 19980000 17 19820000
2 201820000 2 201500000
3 48940000 3 48780000
8 23140000 8 23060000
15 74980000 15 74260000
17 73860000 17 73940000
16 3260000 16 3340000
1 9340000 1 9420000
16 73340000 16 73460000
2 112180000 2 111580000
4 187540000 4 190820000
17 35540000 17 35420000
4 6140000 4 6220000
20 32700000 20 32620000
3 52220000 3 52380000
16 15780000 16 16180000
22 35380000 22 35620000
12 109180000 12 109260000
3 48540000 3 48300000
16 73460000 16 73300000
22 40820000 22 40740000
20 36460000 20 35660000
15 72660000 15 72460000
17 38940000 17 39100000
11 62140000 11 61940000
15 83060000 15 83300000
1 22980000 1 23100000
22 18180000 22 18300000
12 50020000 12 49500000
23 149300000 23 148860000
17 1980000 17 2140000
17 2140000 17 1940000
7 158700000 7 156980000
2 174100000 2 174860000
11 118460000 11 118700000
4 8740000 4 6140000
13 23380000 13 22860000
8 98620000 8 97420000
7 158460000 7 157100000
3 151180000 3 151700000
1 31820000 1 31700000
15 73700000 15 73580000
2 202460000 2 202620000
8 144140000 8 143940000
17 74980000 17 74820000
19 9660000 19 9540000
1 113100000 1 113420000
12 107820000 12 107940000
15 21700000 15 23460000
15 23460000 15 23740000
3 188980000 3 189060000
23 55100000 23 56780000
11 118700000 11 118460000
1 15540000 1 15620000
1 2980000 1 3340000
2 73260000 2 72980000
17 2140000 17 1780000
1 149100000 1 149220000
23 151980000 23 152300000
7 158460000 7 157700000
6 31020000 6 31140000
12 108940000 12 109260000
6 44140000 6 43940000
6 39380000 6 40900000
22 23260000 22 22820000
12 108940000 12 109220000
11 75980000 11 76100000
8 142780000 8 143260000
17 1220000 17 1340000
15 88980000 15 88900000
11 63980000 11 64220000
11 61300000 11 61380000
19 24100000 19 22140000
1 32740000 1 32500000
1 8820000 1 8460000
6 4180000 6 4100000
10 3220000 10 4820000
19 6580000 19 6900000
22 23220000 22 23020000
6 34540000 6 34620000
22 42780000 22 43220000
2 232860000 2 232500000
1 3340000 1 3180000
1 227900000 1 228540000
18 11900000 18 11980000
1 28060000 1 28180000
3 47020000 3 47220000
19 41740000 19 41900000
2 174820000 2 174100000
7 26860000 7 27140000
10 103500000 10 103780000
1 200460000 1 200580000
17 18700000 17 18780000
7 2060000 7 1900000
10 104820000 10 104580000
8 1660000 8 180000
19 49660000 19 49460000
6 166780000 6 167020000
8 180000 8 1660000
9 139180000 9 138820000
2 111580000 2 112180000
4 184540000 4 184220000
1 204420000 1 204100000
2 241780000 2 241460000
12 51500000 12 51420000
16 87820000 16 87740000
17 78060000 17 77980000
11 66780000 11 66580000
4 53060000 4 53380000
10 105340000 10 105420000
17 74780000 17 74940000
4 2220000 4 2340000
23 68380000 23 67980000
1 25420000 1 25260000
11 46380000 11 46500000
15 74500000 15 74260000
17 74940000 17 74780000
20 34940000 20 34740000
16 3980000 16 4100000
19 11820000 19 11660000
7 6580000 7 6700000
19 59380000 19 56900000
3 171500000 3 171580000
19 20220000 19 22140000
22 37060000 22 36820000
17 39460000 17 39540000
1 184460000 1 183460000
19 47420000 19 47340000
9 90820000 9 90140000
22 42660000 22 43380000
15 74260000 15 74980000
8 142300000 8 142020000
22 23100000 22 23220000
3 52380000 3 52460000
19 63340000 19 62500000
1 32420000 1 32500000
10 58540000 10 55140000
1 7260000 1 7500000
14 30700000 14 30820000
17 1340000 17 1100000
3 11780000 3 11700000
17 4420000 17 4500000
9 130420000 9 130740000
6 8260000 6 10900000
15 38140000 15 38380000
9 129580000 9 129380000
10 30820000 10 30900000
3 47100000 3 47020000
20 100000 20 20000
7 68620000 7 66580000
12 88340000 12 87140000
11 61940000 11 62140000
4 170660000 4 170220000
19 51380000 19 51260000
16 65700000 16 65500000
19 47340000 19 47420000
9 135380000 9 135540000
16 84180000 16 83980000
17 17500000 17 17140000
22 16940000 22 16820000
16 66260000 16 66420000
16 84100000 16 84180000
22 19460000 22 19580000
1 245260000 1 247060000
15 65540000 15 65900000
9 129580000 9 129420000
17 40300000 17 40180000
17 2140000 17 1980000
16 15900000 16 15060000
10 104620000 10 104980000
17 50260000 17 46820000
22 37300000 22 36820000
9 130580000 9 130740000
2 98100000 2 98020000
8 145860000 8 145940000
2 219020000 2 218860000
7 73140000 7 73060000
19 5140000 19 5300000
3 45220000 3 45500000
9 131260000 9 130940000
9 113060000 9 112380000
22 47340000 22 48180000
11 1260000 11 1500000
3 198740000 3 198580000
17 17500000 17 17420000
5 178860000 5 178700000
14 102740000 14 102860000
3 189060000 3 188980000
8 41220000 8 38980000
10 29060000 10 29700000
17 54460000 17 54180000
2 152740000 2 153220000
8 220000 8 1100000
1 3900000 1 4140000
11 2580000 11 2860000
3 172020000 3 171620000
7 6180000 7 6100000
22 36900000 22 36780000
9 135820000 9 135740000
17 72780000 17 73020000
8 146220000 8 146140000
17 38900000 17 38980000
11 1500000 11 1420000
17 1940000 17 2140000
6 40900000 6 39380000
17 140000 17 60000
11 70020000 11 70780000
12 109260000 12 108940000
7 1900000 7 2140000
22 19460000 22 19140000
1 144260000 1 144140000
12 122300000 12 121860000
13 109900000 13 109660000
1 144140000 1 144220000
1 200940000 1 200580000
22 49460000 22 49140000
6 164740000 6 162580000
3 57580000 3 57660000
11 64020000 11 64220000
11 68580000 11 69260000
15 75700000 15 75860000
2 202780000 2 202620000
1 201140000 1 200660000
19 23700000 19 22580000
1 45220000 1 45540000
17 63940000 17 63780000
11 2860000 11 2580000
19 5540000 19 5140000
17 53300000 17 53420000
17 50300000 17 46820000
1 23100000 1 22860000
11 66540000 11 66780000
19 11740000 19 12100000
19 5100000 19 5180000
5 175900000 5 175740000
11 47340000 11 47220000
7 158460000 7 157300000
3 50260000 3 50180000
1 12100000 1 12180000
3 10340000 3 10460000
1 25620000 1 25980000
9 129420000 9 129580000
19 22580000 19 23700000
22 31860000 22 33380000
17 77980000 17 78060000
2 202620000 2 202420000
17 63900000 17 63780000
3 45500000 3 45220000
15 22420000 15 19220000
17 39100000 17 39180000
2 238820000 2 238140000
2 73140000 2 73260000
1 53140000 1 53420000
1 10740000 1 10820000
1 209940000 1 210260000
2 73140000 2 73060000
17 74940000 17 74580000
21 42180000 21 42500000
15 88900000 15 88980000
15 38620000 15 38380000
7 66580000 7 68620000
7 68340000 7 67340000
2 73060000 2 73140000
8 1100000 8 220000
9 70860000 9 71020000
14 69780000 14 70100000
7 99540000 7 99860000
6 34020000 6 34140000
16 3420000 16 3340000
22 45740000 22 46780000
19 47300000 19 47420000
17 35420000 17 35540000
7 157100000 7 158460000
20 36460000 20 35620000
19 56540000 19 59380000
17 2140000 17 2020000
10 30900000 10 30820000
16 83980000 16 83900000
8 78500000 8 77340000
9 130540000 9 130740000
2 120620000 2 120540000
1 27900000 1 28060000
11 47980000 11 47860000
22 16740000 22 16940000
19 38500000 19 38820000
19 48820000 19 48740000
1 28060000 1 28300000
8 146180000 8 146100000
18 12740000 18 12860000
10 12420000 10 12820000
22 18500000 22 19300000
3 171580000 3 171380000
7 2060000 7 2140000
9 131580000 9 130940000
19 50900000 19 51660000
11 2860000 11 2700000
3 23740000 3 23060000
11 1420000 11 1260000
9 34420000 9 34580000
19 5180000 19 5100000
6 33820000 6 34220000
15 19220000 15 22420000
3 48180000 3 47980000
19 5180000 19 5300000
1 144220000 1 144140000
4 111620000 4 111140000
2 101140000 2 101020000
1 228540000 1 227900000
11 62140000 11 62220000
22 47340000 22 45740000
12 108980000 12 109260000
13 109700000 13 109900000
1 17300000 1 17540000
2 73220000 2 73060000
22 35660000 22 35380000
9 129380000 9 129580000
17 73780000 17 73860000
10 126180000 10 126580000
4 1340000 4 1100000
17 45940000 17 46060000
1 149540000 1 149660000
1 17300000 1 17420000
17 15940000 17 16060000
17 17140000 17 17500000
14 30820000 14 30700000
9 112100000 9 113060000
17 76660000 17 75340000
1 33460000 1 33540000
16 83980000 16 84180000
1 17460000 1 17300000
17 78460000 17 78380000
15 72820000 15 72900000
6 32180000 6 31980000
9 135260000 9 135340000
15 21380000 15 25340000
13 113940000 13 114100000
2 44340000 2 44180000
11 47860000 11 47980000
7 158420000 7 157300000
22 42820000 22 43340000
14 101780000 14 101540000
9 129740000 9 129500000
3 48180000 3 47940000
13 109740000 13 109900000
2 227620000 2 225300000
2 201500000 2 201820000
2 225300000 2 227620000
11 61420000 11 61300000
22 19300000 22 18500000
7 99860000 7 99540000
7 68620000 7 66620000
19 59380000 19 56540000
12 109060000 12 109260000
22 16660000 22 16940000
11 1380000 11 1500000
1 17540000 1 17300000
22 35380000 22 35300000
9 126660000 9 126420000
8 142300000 8 142380000
20 34220000 20 34100000
7 65900000 7 65180000
9 130940000 9 131420000
1 9420000 1 9180000
15 21380000 15 22460000
1 17540000 1 17340000
17 40060000 17 39740000
1 149500000 1 149620000
22 21820000 22 21540000
1 152020000 1 152100000
2 72980000 2 73260000
5 14100000 5 14500000
19 59380000 19 55260000
10 29700000 10 29620000
10 103500000 10 103340000
9 130420000 9 130620000
12 62820000 12 62540000
15 78980000 15 79060000
13 109900000 13 109740000
7 128500000 7 128340000
1 158060000 1 158140000
2 26220000 2 26060000
17 40420000 17 40300000
7 1900000 7 1620000
3 125220000 3 125540000
3 45100000 3 45220000
22 27780000 22 27980000
6 10580000 6 10900000
10 30740000 10 30820000
11 1780000 11 1380000
22 27980000 22 27780000
17 50180000 17 46820000
19 12460000 19 11860000
16 67940000 16 68340000
19 21300000 19 23820000
19 47420000 19 47300000
6 42700000 6 42940000
11 66780000 11 66500000
1 179420000 1 179180000
11 66780000 11 66620000
4 900000 4 1340000
16 8540000 16 9980000
12 121940000 12 121860000
2 241660000 2 241460000
3 45220000 3 45140000
19 11860000 19 12460000
19 62500000 19 63340000
17 74700000 17 74980000
22 37300000 22 36780000
6 18180000 6 17980000
11 1260000 11 1380000
22 19460000 22 20300000
3 10180000 3 10060000
15 21420000 15 24820000
19 41620000 19 41420000
22 47340000 22 48140000
9 33460000 9 33260000
4 39180000 4 39340000
5 14500000 5 14100000
7 140000 7 260000
9 34460000 9 34580000
9 34580000 9 34380000
10 31380000 10 31100000
18 8500000 18 7180000
8 136820000 8 139740000
13 18500000 13 18620000
4 184220000 4 184540000
15 79060000 15 78980000
23 3540000 23 2780000
19 57380000 19 57260000
16 83900000 16 83980000
11 1380000 11 1780000
1 17300000 1 17460000
4 3260000 4 3420000
1 112780000 1 113420000
17 6300000 17 5340000
1 220300000 1 219980000
6 43940000 6 44100000
17 26900000 17 26780000
9 126580000 9 126660000
6 34620000 6 34540000
9 129580000 9 129460000
3 151700000 3 151180000
2 171540000 2 171940000
15 32700000 15 33020000
17 24300000 17 24460000
6 17980000 6 18100000
17 5300000 17 6300000
3 172780000 3 172140000
19 54180000 19 53980000
1 3180000 1 3300000
17 6500000 17 6300000
9 136460000 9 135900000
17 3460000 17 2940000
9 131420000 9 130940000
22 22820000 22 23260000
9 34580000 9 34460000
21 46780000 21 46860000
19 54500000 19 54580000
15 75860000 15 75700000
16 83860000 16 83980000
8 143780000 8 142660000
1 9260000 1 9420000
1 43860000 1 43780000
5 156860000 5 157060000
3 47900000 3 48180000
8 143260000 8 142780000
10 102860000 10 103500000
9 113580000 9 114180000
3 50100000 3 50180000
1 15620000 1 15540000
17 5420000 17 6300000
4 1340000 4 1140000
3 45220000 3 45100000
17 36660000 17 36580000
22 16940000 22 16860000
8 42780000 8 42700000
7 55300000 7 54860000
4 6140000 4 8740000
16 73460000 16 73380000
17 4500000 17 4380000
17 17380000 17 17500000
2 27780000 2 28260000
7 2140000 7 2060000
11 2500000 11 2860000
7 1900000 7 1980000
3 172140000 3 172780000
16 73460000 16 73340000
1 202180000 1 202380000
1 200580000 1 201060000
15 29220000 15 29020000
23 2780000 23 3540000
3 9740000 3 10180000
5 180140000 5 180460000
8 125500000 8 124940000
22 35380000 22 35660000
23 4740000 23 8500000
8 42420000 8 42780000
1 28180000 1 28060000
15 72780000 15 72900000
2 218300000 2 217420000
19 41420000 19 41900000
20 51940000 20 51620000
9 129740000 9 129580000
6 149780000 6 149460000
17 73740000 17 73860000
10 12340000 10 13140000
6 134180000 6 134020000
9 94500000 9 94580000
16 86060000 16 86140000
17 4580000 17 4500000
1 247060000 1 245260000
22 36060000 22 36140000
20 35660000 20 36460000
1 9980000 1 10340000
17 72380000 17 72780000
6 33180000 6 33260000
4 3260000 4 3380000
5 175820000 5 175900000
23 56780000 23 55100000
3 47940000 3 48180000
5 32660000 5 33180000
3 142660000 3 142740000
11 9140000 11 9420000
17 24700000 17 24820000
22 16940000 22 16740000
7 260000 7 140000
6 4100000 6 4180000
1 23100000 1 22900000
17 75340000 17 76660000
11 46540000 11 46380000
13 109900000 13 109780000
20 32620000 20 32700000
9 112380000 9 113060000
3 54500000 3 56060000
1 149620000 1 149540000
1 28060000 1 28340000
3 10340000 3 9740000
1 226740000 1 226660000
10 13500000 10 14900000
19 41900000 19 41420000
11 61380000 11 61300000
10 104980000 10 104620000
16 50660000 16 49300000
3 162860000 3 165780000
2 109780000 2 108940000
1 3180000 1 3340000
7 33020000 7 33100000
16 11700000 16 11540000
1 109980000 1 110140000
3 51500000 3 51660000
20 61300000 20 61180000
11 64700000 11 64860000
10 29620000 10 29700000
6 168260000 6 167740000
15 24820000 15 21420000
16 82620000 16 82540000
5 34860000 5 34500000
19 43460000 19 43540000
11 2140000 11 1860000
11 1260000 11 1460000
1 171100000 1 171620000
16 66420000 16 66620000
1 10140000 1 9980000
9 130940000 9 131260000
8 42660000 8 42780000
1 33300000 1 33180000
2 73900000 2 74260000
1 96300000 1 99020000
11 64060000 11 64220000
16 65500000 16 68380000
2 219900000 2 219620000
20 61980000 20 61700000
2 85700000 2 85420000
6 33820000 6 34140000
1 194020000 1 193140000
19 12220000 19 12100000
16 87820000 16 88100000
15 20540000 15 20460000
1 144140000 1 144300000
19 11940000 19 12220000
19 5580000 19 5180000
11 77420000 11 77940000
12 121660000 12 121860000
13 22860000 13 23380000
20 46260000 20 45780000
15 88940000 15 88620000
22 42780000 22 43380000
1 179180000 1 179420000
12 121860000 12 121660000
21 42500000 21 42180000
19 5300000 19 5180000
5 175900000 5 176620000
6 43940000 6 44060000
2 62020000 2 62460000
2 232500000 2 232900000
17 40140000 17 40300000
16 66780000 16 66700000
1 113420000 1 112780000
11 2780000 11 2540000
22 33380000 22 31860000
21 32820000 21 32700000
7 2140000 7 1900000
19 15900000 19 14740000
2 26380000 2 26020000
5 178700000 5 178860000
10 103500000 10 102860000
9 135740000 9 135820000
7 67220000 7 71540000
3 10180000 3 9740000
21 42100000 21 41900000
7 44940000 7 44660000
1 23100000 1 22780000
8 136220000 8 138620000
20 54540000 20 57380000
1 237420000 1 236260000
6 34140000 6 33980000
9 135540000 9 135260000
7 67260000 7 68460000
12 124220000 12 125860000
1 99020000 1 96300000
1 32500000 1 32620000
17 39540000 17 39460000
17 73020000 17 72860000
17 54180000 17 54460000
20 55740000 20 55980000
1 4140000 1 3900000
1 226060000 1 224620000
6 33740000 6 33820000
17 39740000 17 40180000
11 109580000 11 109780000
1 228540000 1 227980000
4 1100000 4 1340000
17 39100000 17 38940000
19 22140000 19 20220000
4 7500000 4 7580000
17 38820000 17 39100000
17 46820000 17 50260000
9 130620000 9 130420000
15 43620000 15 46420000
7 157700000 7 158460000
17 26300000 17 26580000
17 39100000 17 38980000
11 1260000 11 1420000
1 43340000 1 43140000
6 31980000 6 32180000
19 48500000 19 47860000
