1 1.947953701019287 -1.0149186849594116
2 0.30020585656166077 -0.06530120223760605
3 0.30016040802001953 -0.06508484482765198
4 0.30025815963745117 -0.06506293267011642
5 0.300204336643219 -0.06508474797010422
6 0.3002540171146393 -0.06508488208055496
7 0.30019116401672363 -0.06506255269050598
8 0.3001810908317566 -0.06522814929485321
9 0.30025357007980347 -0.06512108445167542
10 0.30018100142478943 -0.06506280601024628
11 0.300161212682724 -0.06522823125123978
12 0.3001810908317566 -0.06508495658636093
13 0.30019116401672363 -0.06506256014108658
14 0.30025821924209595 -0.06506292521953583
15 0.30025821924209595 -0.06506290286779404
16 0.30018094182014465 -0.06506281346082687
17 0.3002866506576538 -0.06522829830646515
18 0.30025821924209595 -0.06522831320762634
19 0.3002539873123169 -0.06508487462997437
20 0.30028659105300903 -0.06522829085588455
21 0.30018100142478943 -0.06506280601024628
22 0.30016088485717773 -0.06522825360298157
23 0.30025410652160645 -0.06522826850414276
24 0.30025818943977356 -0.06506292521953583
25 0.300160676240921 -0.06522823870182037
26 0.30025821924209595 -0.06522832810878754
27 0.30025413632392883 -0.06522828340530396
28 0.3002866804599762 -0.06506306678056717
29 0.3001607358455658 -0.06522823870182037
30 0.3002866506576538 -0.06506305932998657
31 0.30018094182014465 -0.06506281346082687
32 0.3001810908317566 -0.06508495658636093
33 0.30025821924209595 -0.06506294757127762
34 0.3002583682537079 -0.06522829085588455
35 0.30018094182014465 -0.06506281346082687
36 0.3001810312271118 -0.06508494913578033
37 0.3002582788467407 -0.06506291776895523
38 0.30025824904441833 -0.06522832065820694
39 0.30025815963745117 -0.06506293267011642
40 0.3001810312271118 -0.06508493423461914
41 0.30025815963745117 -0.06506293267011642
42 0.3001607060432434 -0.06522823870182037
43 0.2996177673339844 -0.06471998989582062
44 0.30019116401672363 -0.06506253033876419
45 0.3002540171146393 -0.06508487462997437
46 0.3002539575099945 -0.06508487462997437
47 0.3002866804599762 -0.06506308168172836
48 0.3002539873123169 -0.06508486717939377
49 0.3002866804599762 -0.06506308168172836
50 0.3068937361240387 -0.0659671425819397
51 0.30020710825920105 -0.06537628918886185
52 0.30025818943977356 -0.06506294012069702
53 0.3001607358455658 -0.06522823870182037
54 0.30018091201782227 -0.06508494913578033
55 0.30025815963745117 -0.06506293267011642
56 0.3002539873123169 -0.06508487462997437
57 0.3001810908317566 -0.06506280601024628
58 0.30025821924209595 -0.06506292521953583
59 0.300181120634079 -0.06506280601024628
60 0.3001810312271118 -0.06508494168519974
61 0.30025410652160645 -0.06522827595472336
62 0.30018100142478943 -0.06506280601024628
63 0.30019110441207886 -0.06506253778934479
64 0.3002539873123169 -0.06508485972881317
65 0.30025815963745117 -0.06506293267011642
66 0.30018094182014465 -0.06506279855966568
67 0.30025815963745117 -0.06506294757127762
68 0.3002867102622986 -0.06506308168172836
69 0.3002866804599762 -0.06522829085588455
70 0.30025407671928406 -0.06522829085588455
71 0.30018100142478943 -0.06506282091140747
72 0.30018091201782227 -0.06508494913578033
73 0.3001810908317566 -0.06508494913578033
74 0.300181120634079 -0.06506280601024628
75 0.3002866506576538 -0.0650850459933281
76 0.3001611530780792 -0.06522823870182037
77 0.30016112327575684 -0.06522823125123978
78 0.30025815963745117 -0.06522832810878754
79 0.30025413632392883 -0.06522827595472336
80 0.30019116401672363 -0.06506254523992538
81 0.300181120634079 -0.06506279855966568
82 0.30025815963745117 -0.06506293267011642
83 0.3002539575099945 -0.06508487462997437
84 0.3001909852027893 -0.06506254523992538
85 0.3001912236213684 -0.06506256014108658
86 0.3002866804599762 -0.06506306678056717
87 0.3001810610294342 -0.06508494168519974
88 0.300181120634079 -0.06506280601024628
89 0.30025410652160645 -0.06522828340530396
90 1.0095789432525635 -0.2301444411277771
91 -1.4588757753372192 -0.3539627492427826
92 0.6723055839538574 0.007147118914872408
93 0.4336237609386444 0.20109158754348755
94 1.0245205163955688 1.5686218738555908
95 1.4732304811477661 0.4559093713760376
96 1.0755053758621216 -0.8423165678977966
97 0.49228253960609436 -0.3276469111442566
98 1.417962670326233 -0.5157560110092163
99 0.5493160486221313 0.02982676774263382
100 0.3836316466331482 -1.282912015914917
101 1.7876660823822021 -0.9630011320114136
102 0.47426292300224304 -0.33698469400405884
103 -0.13034845888614655 -0.21489682793617249
104 0.28176239132881165 1.176493525505066
105 -1.2979954481124878 -0.24310658872127533
106 0.018538925796747208 1.3667811155319214
107 0.4060455858707428 -0.6400254368782043
108 0.6355933547019958 -0.2823886573314667
109 -0.2175353467464447 -0.2679557502269745
110 0.01368502527475357 0.006452177185565233
111 0.4785705804824829 0.38615742325782776
112 -1.1339679956436157 0.5839357972145081
113 0.47169461846351624 -0.3616001605987549
114 1.9650298357009888 -0.6675477027893066
115 -0.12856164574623108 -0.2131175696849823
116 0.20147448778152466 -0.5011419653892517
117 0.6637320518493652 0.43858802318573
118 0.43547362089157104 -0.4379734992980957
119 0.49793335795402527 0.3144741356372833
120 1.5551869869232178 -1.1071140766143799
121 -0.19490061700344086 -0.4150020182132721
122 1.0812269449234009 1.539099097251892
123 -1.2081749439239502 0.15606087446212769
124 1.130629539489746 0.19880172610282898
125 1.462748646736145 1.3603196144104004
126 -1.2029309272766113 0.6275648474693298
127 0.04976210370659828 0.08980485051870346
128 0.6488274335861206 -0.25796768069267273
129 0.24918469786643982 1.2626194953918457
130 1.264407992362976 1.037319302558899
131 0.8618475198745728 1.6181745529174805
132 1.0134190320968628 0.04663160815834999
133 1.0029349327087402 -1.6634825468063354
134 -0.1842595487833023 -0.36598047614097595
135 1.214510440826416 -1.5485601425170898
136 -0.03243793547153473 1.3914769887924194
137 0.8994722366333008 0.1355011761188507
138 0.4473380744457245 -0.3269328474998474
139 -0.9607264995574951 1.0440945625305176
140 -0.38169726729393005 -1.6472392082214355
141 0.2671286463737488 1.2230812311172485
142 1.8453683853149414 0.7972336411476135
143 0.6391386389732361 -0.26395919919013977
144 0.7426630854606628 0.8592121005058289
145 -1.2569832801818848 0.6460988521575928
146 1.1306281089782715 0.1988009363412857
147 0.08003712445497513 0.750981330871582
148 -0.09964928776025772 -0.9312185049057007
149 0.01726275496184826 0.05879703164100647
150 -0.20574712753295898 0.8821212649345398
151 -1.0015857219696045 1.029221534729004
152 -0.4688238203525543 0.3725453019142151
153 0.2526327669620514 0.24192257225513458
154 1.1568840742111206 0.9830397963523865
155 -0.6104229688644409 1.035846471786499
156 1.419622778892517 -1.4002677202224731
157 -0.6357821226119995 0.10972659289836884
158 0.45694684982299805 1.6891981363296509
159 0.05878181755542755 -0.6871533393859863
160 -0.7989711761474609 -1.0893772840499878
161 1.695504069328308 0.41086387634277344
162 -0.026404915377497673 -1.274214267730713
163 1.8181896209716797 0.3061590790748596
164 0.9765453934669495 1.5811195373535156
165 0.8456868529319763 1.1963642835617065
166 0.04035719484090805 -0.8935461044311523
167 1.006701111793518 -0.4281104505062103
168 -1.0844550132751465 0.3070789873600006
169 0.008381558582186699 0.7590372562408447
170 -0.23067715764045715 -0.3137233257293701
171 -0.6422473192214966 1.3964049816131592
172 0.7368564605712891 -0.9905261993408203
173 1.3253649473190308 -0.5777524709701538
174 0.37828734517097473 1.1088606119155884
175 1.1406569480895996 -0.38848409056663513
176 -0.2097991704940796 0.7205193042755127
177 0.9581915140151978 -0.30127856135368347
178 0.9961951375007629 -0.9060559868812561
179 -1.1901333332061768 0.5979000329971313
180 -0.8055111765861511 -1.0291756391525269
181 0.12517514824867249 0.13691866397857666
182 0.8048755526542664 0.889011025428772
183 1.5650155544281006 1.275023341178894
184 0.30019116401672363 -0.06506254523992538
185 -0.28456544876098633 -0.6536664366722107
186 1.5968034267425537 0.6942852139472961
187 0.8066698312759399 0.8892918229103088
188 1.689476728439331 -1.0860670804977417
189 0.5573522448539734 0.032868392765522
190 1.8350743055343628 0.8167474865913391
191 -0.19798415899276733 -0.3719101846218109
192 0.40396061539649963 0.25072264671325684
193 -0.1736825853586197 -0.2581738531589508
194 0.014726204797625542 -0.9339706301689148
195 0.03479095175862312 0.10620139539241791
196 0.2600812017917633 -1.781631588935852
197 -1.4245821237564087 -0.45613428950309753
198 -0.08942219614982605 0.17500755190849304
199 0.35043105483055115 -1.2912445068359375
200 1.3366107940673828 -0.5716273784637451
201 0.7030708193778992 1.6577917337417603
202 -0.17009569704532623 -0.22839954495429993
203 -0.5056570172309875 0.6034797430038452
204 0.040372394025325775 0.0812644511461258
205 -0.2927277386188507 1.5892174243927002
206 -1.1278420686721802 -1.2436072826385498
207 1.1006542444229126 0.4457698166370392
208 -0.19975680112838745 -0.36083275079727173
209 -0.24583649635314941 -0.318054735660553
210 1.6977194547653198 1.008063554763794
211 0.6415257453918457 -0.2637128531932831
212 2.0404090881347656 -0.2942042350769043
213 -0.015558269806206226 0.16791370511054993
214 1.5557401180267334 -0.3363804519176483
215 1.6985772848129272 1.011177897453308
216 1.870408296585083 -0.8758440613746643
217 0.12416241317987442 -0.8910495042800903
218 1.9935554265975952 -0.04787767678499222
219 -0.8503153324127197 0.7573073506355286
220 2.0367591381073 -0.33080312609672546
221 -1.2980329990386963 -0.24311313033103943
222 1.5595605373382568 1.27983558177948
223 0.045884039252996445 -0.7851929664611816
224 0.018532954156398773 -0.8133110404014587
225 0.7028663158416748 0.8551197648048401
226 0.6865631341934204 -0.09201368689537048
227 0.6188680529594421 0.05890697240829468
228 0.8774560689926147 -0.37231704592704773
229 -0.6529784202575684 1.3803541660308838
230 1.2070261240005493 -1.2503738403320312
231 0.5158424973487854 1.6901928186416626
232 0.22344136238098145 1.2691335678100586
233 -0.29254254698753357 1.5893117189407349
234 1.5061311721801758 0.7533287405967712
235 0.022717731073498726 -1.2918816804885864
236 1.4299430847167969 -1.2075908184051514
237 1.299690842628479 -0.5964375734329224
238 0.6595112085342407 0.4490286111831665
239 0.4668786823749542 -0.4460623264312744
240 0.4991416931152344 0.387430340051651
241 0.004875383339822292 0.09446217119693756
242 0.9452074766159058 1.3734867572784424
243 0.6352941989898682 -0.28099238872528076
244 -0.3339942395687103 -1.0272325277328491
245 0.501885712146759 -0.3317117393016815
246 1.6854767799377441 -1.1001673936843872
247 -0.4166596829891205 0.38506242632865906
248 0.5252547264099121 -1.268380880355835
249 -0.21740984916687012 0.7195109128952026
250 0.6921793818473816 0.8655145764350891
251 0.8330808281898499 -1.7409768104553223
252 -0.5197402834892273 0.12581351399421692
253 0.6930118203163147 0.8683075308799744
254 1.0808157920837402 -0.8348020911216736
255 1.0855623483657837 -0.8191259503364563
256 -0.2678421139717102 -0.6005210876464844
257 -0.6566647291183472 1.375349521636963
258 0.2522806227207184 -0.7528303265571594
259 0.051690902560949326 0.0727575495839119
260 -1.4584910869598389 -0.3531058728694916
261 0.04329037666320801 0.7453522682189941
262 0.1148608848452568 0.7609975934028625
263 -1.301225185394287 -1.0432944297790527
264 0.6502978801727295 -0.24022150039672852
265 0.18359419703483582 -1.7989691495895386
266 -0.8428887128829956 -1.0076334476470947
267 -0.616836428642273 -1.5913946628570557
268 -1.4200843572616577 0.16991278529167175
269 1.3859988451004028 -1.4297453165054321
270 -1.426612377166748 -0.4322171211242676
271 0.39667579531669617 -0.09020166099071503
272 0.16218730807304382 -1.7955267429351807
273 1.5289533138275146 -1.1859484910964966
274 1.6307576894760132 -0.21313302218914032
275 0.44828081130981445 0.3892355263233185
276 -1.1784148216247559 0.3259775638580322
277 1.2485874891281128 0.051580946892499924
278 0.4230234622955322 0.38196754455566406
279 -1.4162882566452026 -0.4957050681114197
280 0.5891674757003784 0.8626344203948975
281 0.30838295817375183 1.6558533906936646
282 -0.06296154856681824 0.17632660269737244
283 0.2574714124202728 -0.5010466575622559
284 0.6202022433280945 0.44978418946266174
285 -0.18002638220787048 -0.3451276421546936
286 -1.0341274738311768 1.0121853351593018
287 0.435477077960968 -0.4378935992717743
288 0.142608180642128 -0.8539727330207825
289 1.5275532007217407 -0.3873961269855499
290 0.6203118562698364 0.4499574899673462
291 0.027345143258571625 0.11316660791635513
292 -0.13344524800777435 -0.1874811053276062
293 -0.6834155917167664 -0.9269963502883911
294 0.7181110382080078 0.8430086970329285
295 -1.288393259048462 0.16837584972381592
296 0.8323526382446289 -0.9445998668670654
297 -0.10423022508621216 -0.9410673379898071
298 -0.24770653247833252 -0.2931906580924988
299 2.0333571434020996 -0.3059365451335907
300 1.7181035280227661 0.08819115906953812
301 1.573039174079895 0.634785532951355
302 -0.8248999714851379 -0.9980298280715942
303 0.41652366518974304 0.32095593214035034
304 -0.529485821723938 0.3605538010597229
305 1.9961354732513428 -0.04823239520192146
306 -1.1884464025497437 0.625703752040863
307 1.27224862575531 -1.2512154579162598
308 0.5320250988006592 -0.8021776676177979
309 1.7378720045089722 0.3861798346042633
371 -0.8023301959037781 -0.41182032227516174
372 -0.46308577060699463 0.3851391077041626
373 -0.3650050461292267 0.39743390679359436
374 -0.8924700617790222 1.0557377338409424
375 2.016972064971924 -0.3328859806060791
376 0.441701203584671 -0.4387877285480499
377 -1.1255568265914917 -1.2461175918579102
378 -1.1782989501953125 0.3260040283203125
379 1.3803142309188843 -0.5185003280639648
380 0.7268738150596619 -0.9937204122543335
381 0.4337575435638428 0.3756498396396637
382 -0.8205147385597229 -1.0066596269607544
383 0.7458474636077881 -1.7717150449752808
384 0.6927139759063721 -0.15826255083084106
385 0.6601496338844299 -0.6426608562469482
386 0.7035077810287476 -1.0431569814682007
387 0.048600465059280396 0.08557748794555664
388 -0.1826615035533905 1.6488966941833496
389 1.0667375326156616 0.13912850618362427
390 -0.15930205583572388 -0.29665428400039673
391 -0.5567841529846191 -1.6049041748046875
392 -1.4200044870376587 0.16990038752555847
393 0.44637706875801086 -0.3451809883117676
394 -0.9558786749839783 1.0522277355194092
395 0.6982942819595337 0.8648640513420105
396 0.6289082169532776 0.443215012550354
397 1.0903453826904297 1.5300788879394531
398 0.004418291617184877 0.10635078698396683
399 1.0544517040252686 0.38566771149635315
400 -1.13693368434906 -1.2287131547927856
401 1.9087433815002441 -0.7673912048339844
402 -1.2657791376113892 -1.0978895425796509
403 -0.6231541037559509 -1.589139461517334
404 1.8651427030563354 -0.8867136240005493
405 0.6489561200141907 -0.5866091847419739
406 -0.8079124093055725 -0.5460875630378723
407 0.6939992904663086 0.43402099609375
408 -1.1785277128219604 0.3259492516517639
409 -1.43817937374115 0.12015528976917267
410 0.30169370770454407 0.24828387796878815
411 1.1408308744430542 -0.38850221037864685
412 0.5542123317718506 -0.29173022508621216
413 0.41659530997276306 -0.09911999851465225
414 1.6942530870437622 -1.0553338527679443
415 -1.3284099102020264 -0.045099034905433655
416 -1.1901592016220093 0.597662627696991
417 1.48997163772583 1.3425344228744507
418 -0.09764257073402405 -0.9262780547142029
419 0.7688413262367249 0.4493926167488098
420 1.0209810733795166 1.5703414678573608
421 0.670910120010376 0.8981701135635376
422 1.9345946311950684 -0.7105460166931152
423 -0.7975661754608154 -0.6233214735984802
424 -0.1673925817012787 -0.24943165481090546
425 -0.46660077571868896 0.3847975730895996
426 0.23768076300621033 -0.4806325137615204
427 0.26134616136550903 0.26523903012275696
428 1.5219393968582153 0.6913460493087769
429 0.45120710134506226 -0.3511371314525604
430 -0.5598083734512329 -1.593376874923706
431 -0.7044823169708252 0.018850501626729965
432 0.5048611760139465 -0.3320452868938446
433 0.30016088485717773 -0.06522825360298157
434 0.27849280834198 -0.4707726836204529
435 1.4480319023132324 -1.3640401363372803
436 0.6730344295501709 -0.7189922332763672
437 -0.8661216497421265 -1.021570086479187
438 0.26503169536590576 0.2730858325958252
439 0.6957643032073975 -0.9830535650253296
440 1.169235110282898 0.3488643169403076
441 -0.226523756980896 -0.3596265912055969
442 -0.1859416514635086 -0.2665790319442749
443 0.6255210638046265 -1.1226848363876343
444 0.7419238686561584 -1.7704066038131714
445 -1.0064455270767212 -0.05131126195192337
446 1.1317485570907593 0.1998216211795807
447 0.4320850968360901 -0.4610235095024109
448 0.44445928931236267 -0.32617896795272827
449 0.6737697720527649 0.8942781686782837
450 0.44557616114616394 -0.4775620102882385
451 0.009768594056367874 0.7125070691108704
452 0.5493249893188477 0.029827840626239777
453 1.63454270362854 -0.203593447804451
454 -0.7976704835891724 -0.6229366660118103
455 -0.18612894415855408 1.647274374961853
456 -0.1309560090303421 -0.18851003050804138
457 -1.2638673782348633 0.6377876400947571
458 -1.1065895557403564 -1.27140474319458
459 1.0071306228637695 -0.04880310595035553
460 0.48797184228897095 0.3810214400291443
461 1.1690137386322021 0.3481671214103699
462 1.2207145690917969 0.04757434502243996
463 -0.38158389925956726 -1.6468443870544434
464 -0.17801949381828308 1.6458388566970825
465 -0.052535053342580795 0.16847719252109528
466 -0.6157846450805664 0.06596128642559052
467 -1.1131892204284668 0.30858558416366577
468 0.4323819577693939 0.3795025050640106
469 -0.47533512115478516 0.3727331757545471
470 0.2402961105108261 -0.4817189872264862
471 1.2284889221191406 0.23217231035232544
472 -0.8114631772041321 -1.071077823638916
473 0.2814648449420929 1.1925586462020874
474 0.43999698758125305 0.23453709483146667
475 -0.6545948386192322 1.380051612854004
476 -1.5087286233901978 -0.08243922889232635
477 -0.45380106568336487 0.3768680691719055
478 -0.8205046057701111 -1.006665825843811
479 0.28271687030792236 1.6374664306640625
480 -0.07441147416830063 0.5491853356361389
481 0.8259027600288391 -1.7455991506576538
482 0.9696606397628784 -0.3820306658744812
483 1.1577850580215454 0.3197440803050995
484 1.1436325311660767 -0.38208672404289246
485 0.8348202109336853 0.9333892464637756
486 -0.19751305878162384 -1.7188608646392822
487 1.3625131845474243 1.1538857221603394
488 0.44753581285476685 -0.07203872501850128
489 0.44741135835647583 -0.08000443875789642
490 -1.1789298057556152 0.32588449120521545
491 -0.41205596923828125 0.36922621726989746
492 -0.2407318502664566 -0.3174201250076294
493 2.025728940963745 -0.3069821000099182
494 0.37188997864723206 1.6833065748214722
495 1.914406657218933 0.6243645548820496
496 -0.12209216505289078 -1.2897324562072754
497 -0.014047568663954735 -1.2905982732772827
498 0.9087072610855103 -0.012719697318971157
499 0.12289610505104065 0.07992736995220184
500 0.41894960403442383 0.30766358971595764
501 0.012480614706873894 0.7375903129577637
502 1.1304482221603394 0.19611819088459015
503 -1.3651256561279297 -0.7662609815597534
504 1.0194978713989258 0.39432966709136963
505 0.1815187633037567 -1.800512671470642
506 1.91045081615448 -0.7671540379524231
507 -1.3322972059249878 -0.9807819128036499
508 -1.4693466424942017 0.03417783975601196
509 1.1203004121780396 0.21639573574066162
510 0.7097997069358826 -1.0492709875106812
511 1.077954888343811 -0.8344632983207703
512 1.3549039363861084 1.1943942308425903
513 -0.7622424364089966 -0.6982435584068298
514 -0.14407482743263245 -0.24347342550754547
515 -0.16094046831130981 -0.2424132376909256
516 0.23152592778205872 -1.7899185419082642
517 1.0209896564483643 1.570340871810913
518 0.07186463475227356 0.16291123628616333
519 0.6536973714828491 -0.2596670389175415
520 0.6811087727546692 0.8834317922592163
521 -1.3257583379745483 -0.2972962260246277
522 -0.15649087727069855 -1.2900172472000122
523 -0.5697576403617859 -1.60469388961792
524 -0.10759291797876358 -1.0250921249389648
525 0.03394925594329834 0.16832220554351807
526 -0.2216186225414276 -0.2877267599105835
527 1.3181469440460205 -0.6047204732894897
528 0.459250271320343 -0.4328628480434418
529 -0.5767034292221069 -1.567475438117981
530 -0.2759166657924652 -1.6718764305114746
531 0.2634710967540741 -0.4820075035095215
532 -0.7599014639854431 -0.05132797732949257
533 -0.41237473487854004 1.1184552907943726
534 0.007073026616126299 0.7410361766815186
535 -0.6599386930465698 0.0037880255840718746
536 2.0163192749023438 0.28349560499191284
537 -1.2102906703948975 0.15775954723358154
538 -0.573835551738739 0.3150050938129425
539 2.0516111850738525 -0.43409264087677
540 2.0489728450775146 -0.4506526589393616
541 -0.16648472845554352 -0.25057995319366455
542 0.10793817788362503 0.1297423243522644
543 1.9264774322509766 -0.7463720440864563
544 0.4725642502307892 0.381369948387146
545 0.7683776617050171 -1.7623693943023682
546 0.41929781436920166 -0.4114784002304077
547 -0.03794650360941887 -1.2710798978805542
548 0.4307754337787628 -0.45402488112449646
549 -0.043248251080513 -1.2953317165374756
550 1.1451876163482666 -0.34304600954055786
551 1.5230004787445068 -1.1045002937316895
552 -1.3239836692810059 -0.31687748432159424
553 0.8479804992675781 1.6222351789474487
554 0.39109769463539124 -0.0208048727363348
555 -0.21741022169589996 0.7195115089416504
556 -1.3264938592910767 -0.2994841933250427
557 1.9892768859863281 0.443518728017807
558 0.5729897022247314 1.6469072103500366
559 -0.1019989475607872 -0.9532140493392944
560 -0.29304856061935425 -0.7490781545639038
561 -0.25934916734695435 -0.680282711982727
562 1.339972972869873 -0.5670070052146912
563 1.1316148042678833 0.20039533078670502
564 1.0879837274551392 -0.8163607716560364
565 0.8843024373054504 -0.41753914952278137
566 0.6203773021697998 0.4466630220413208
567 1.1810728311538696 0.18213821947574615
568 -0.02944943495094776 0.6769698858261108
569 0.45117494463920593 -0.46445193886756897
570 1.9800033569335938 -0.05217064917087555
571 -0.8374807238578796 -0.6380776762962341
572 0.416824609041214 0.3629908263683319
573 -0.9824809432029724 -0.056230101734399796
574 1.9985969066619873 -0.03482703119516373
575 1.459186315536499 -1.3465126752853394
576 0.046165309846401215 0.10682357847690582
577 0.6319750547409058 0.4472277760505676
578 1.2207367420196533 0.045755207538604736
579 1.4730439186096191 -1.3486565351486206
580 0.702864408493042 0.8551198244094849
581 -0.10214094817638397 -0.9371260404586792
582 -0.11450237780809402 1.6505645513534546
583 0.7545186281204224 -1.767940640449524
584 1.6923326253890991 0.06089387089014053
585 1.6646076440811157 1.182615041732788
586 1.0859928131103516 1.1808435916900635
587 -0.07055098563432693 0.17292946577072144
588 0.3116040825843811 1.6742262840270996
589 -0.7532355189323425 -0.2533712685108185
590 1.0245401859283447 1.568613886833191
591 0.035672876983881 0.014202194288372993
592 0.5932711362838745 0.4453875720500946
593 0.9282592535018921 -0.9920819997787476
594 0.5997750163078308 -1.1695892810821533
595 0.6483355760574341 -0.26139041781425476
596 0.8482670187950134 1.257159948348999
597 -0.8045225739479065 -0.5488730072975159
598 0.6243960857391357 0.44216689467430115
599 1.723567247390747 1.1145693063735962
600 1.564810037612915 1.275282621383667
601 0.7618581056594849 -1.7631139755249023
602 -1.4109785556793213 -0.5626345276832581
603 1.7168593406677246 0.9827274680137634
604 0.2669500708580017 1.2233041524887085
605 -1.420544147491455 -0.4891892075538635
606 0.6691572666168213 -0.6387614011764526
607 -0.21912741661071777 -0.35322263836860657
608 -0.23557192087173462 -1.6857131719589233
609 -0.09228287637233734 1.0412744283676147
610 1.0114699602127075 -0.27177268266677856
611 0.4218546748161316 -0.44334250688552856
612 -1.2218647003173828 0.1582847684621811
613 0.8423416018486023 1.113446831703186
614 -1.1899062395095825 0.5982170104980469
615 -0.964008629322052 1.0438134670257568
616 -0.29432249069213867 1.5888614654541016
617 0.4519422948360443 -0.38383179903030396
618 0.6588693261146545 -1.788233757019043
619 1.4594451189041138 -0.4461328685283661
620 -0.23173564672470093 -1.16566002368927
621 -1.4069784879684448 -0.555311918258667
622 -1.0341601371765137 -1.074083685874939
623 1.249503493309021 0.052907153964042664
624 1.3188682794570923 0.9092222452163696
625 -0.17898960411548615 -0.3689899444580078
626 -0.5704284906387329 -1.6430796384811401
627 0.9596540331840515 -0.30205321311950684
628 0.05212998390197754 -0.8113307952880859
629 -0.1095508262515068 -0.9346643090248108
630 0.4814523756504059 -0.33712077140808105
631 0.42371293902397156 0.865999698638916
632 1.8866022825241089 -0.88112872838974
633 1.1020580530166626 -0.3136105239391327
634 0.43337059020996094 0.2178429663181305
635 -0.1927519589662552 -0.3600902259349823
636 0.4734070301055908 -0.3367261588573456
637 1.2718641757965088 1.0412178039550781
638 0.4661724269390106 -0.33720171451568604
639 0.6439927220344543 -0.26114538311958313
640 0.053578175604343414 0.0844811350107193
641 -0.2648813724517822 -0.6561636328697205
642 0.9586939811706543 -0.2978491187095642
643 0.7088273167610168 0.437399297952652
644 0.6758466362953186 -1.054196834564209
645 -0.11684636026620865 -0.1942530870437622
646 -0.12209370732307434 -1.289730429649353
647 0.4770246744155884 1.6898733377456665
648 0.7626746296882629 0.4418090879917145
649 0.42276546359062195 -0.34579896926879883
650 -0.6559142470359802 1.3798974752426147
651 1.9125890731811523 0.6389458775520325
652 0.39997753500938416 1.1683441400527954
653 -1.2864007949829102 0.16843992471694946
654 0.2750532031059265 0.8305026888847351
655 -0.9260154366493225 1.0533409118652344
656 -0.8295626640319824 -1.0898717641830444
657 -0.09667718410491943 -0.9278324842453003
658 -0.03008013591170311 0.17115046083927155
659 -0.763067364692688 -0.6983943581581116
660 -1.3278223276138306 -0.30427002906799316
661 -0.9178656339645386 1.0615777969360352
662 0.5167787075042725 -0.7963101267814636
663 0.3629639744758606 -1.8031179904937744
664 1.823155164718628 -0.944277822971344
665 1.841616153717041 0.8046718835830688
666 0.5137033462524414 -1.2282676696777344
667 1.9932632446289062 0.4190729856491089
668 -1.2287815809249878 0.7535424828529358
669 0.44441893696784973 -0.4549786448478699
670 -0.21004390716552734 -0.2619514465332031
671 -0.5731292963027954 1.0349862575531006
672 0.826937735080719 -0.9677066802978516
673 0.6447433233261108 -0.2668991684913635
674 0.4294877350330353 0.19663631916046143
675 -0.896911084651947 0.7220202684402466
676 -0.1868009716272354 0.8918652534484863
677 0.3902912139892578 -1.2671164274215698
678 1.216098666191101 -1.5481170415878296
679 -1.1158998012542725 -1.2572944164276123
680 0.2526335120201111 0.24193739891052246
681 0.6446744799613953 1.1976057291030884
682 0.5997759699821472 -1.1695903539657593
683 -0.9333550930023193 1.052018165588379
684 1.8705629110336304 -0.8756205439567566
685 -0.7927570343017578 -0.6646596789360046
686 0.36611300706863403 -1.8000826835632324
687 0.6932042241096497 -1.7855926752090454
688 1.0852118730545044 1.5284614562988281
689 -0.21860000491142273 -0.27923715114593506
690 0.7055770754814148 -1.0516493320465088
691 1.000532865524292 -0.9069987535476685
692 -0.525691568851471 0.283809632062912
693 0.6054708957672119 -1.1807535886764526
694 0.3059423863887787 1.6560139656066895
695 0.8075514435768127 -0.9685858488082886
696 0.6259532570838928 -1.1263298988342285
697 -0.23495744168758392 -0.356143057346344
698 0.10363195836544037 0.14517280459403992
699 1.527518630027771 -0.40183934569358826
700 -0.17928242683410645 -0.3608359396457672
701 0.593488335609436 -1.1763501167297363
702 -0.7847042083740234 0.12076864391565323
703 0.38515838980674744 0.35136643052101135
704 0.4165944755077362 -0.09911970794200897
705 1.2548604011535645 0.05997740104794502
706 1.089685082435608 1.5303269624710083
707 0.05034128576517105 0.15149174630641937
708 0.0030307837296277285 0.7367631793022156
709 0.3094894587993622 1.679160714149475
710 -1.4266283512115479 0.13948258757591248
711 1.0296106338500977 0.3796765208244324
712 0.8076609969139099 0.8890885710716248
713 0.8745585680007935 1.2920135259628296
714 -0.03312651067972183 0.6574036478996277
715 1.1650292873382568 -1.5808974504470825
716 -0.654684841632843 0.0015245545655488968
717 0.7731987237930298 0.8529675602912903
718 0.07036326080560684 0.056852128356695175
719 1.3177481889724731 -0.6050286889076233
720 1.8517464399337769 0.7843948602676392
721 -0.09844670444726944 -0.9310154914855957
722 0.29328763484954834 1.6463388204574585
723 -0.19345106184482574 -0.2680596113204956
724 -0.2507908046245575 -1.6767168045043945
725 1.2024799585342407 -1.5576283931732178
726 -0.9275467395782471 1.0539212226867676
727 0.2779524028301239 -0.34344467520713806
728 -1.0062839984893799 1.0306355953216553
729 0.053725793957710266 0.0844661220908165
730 -0.19102458655834198 -1.7132459878921509
731 -0.031934238970279694 0.16964596509933472
732 -0.29172074794769287 1.0036041736602783
733 -0.004922624211758375 0.7306202054023743
734 0.26089367270469666 -0.4723724126815796
735 -0.3268192410469055 0.7156519889831543
736 -1.134171962738037 0.10188918560743332
737 -1.3688628673553467 -0.7996577024459839
738 -0.3418092727661133 0.5993845462799072
739 -0.07406288385391235 0.17690657079219818
740 0.2505156397819519 -0.4778939187526703
741 -1.3327828645706177 -0.30386367440223694
742 1.0791964530944824 0.5415680408477783
743 -0.424816370010376 0.46698880195617676
744 0.17243221402168274 0.22274692356586456
745 -0.3716537654399872 -1.0612772703170776
746 0.4658893346786499 -0.4907437562942505
747 0.692635715007782 0.8655891418457031
748 1.5447298288345337 -1.1515226364135742
749 -1.1785247325897217 0.3259516656398773
750 0.4366585910320282 -0.07931172102689743
751 2.033015727996826 0.07799180597066879
752 0.9453679919242859 0.010667674243450165
753 0.5949811339378357 -1.1797220706939697
754 0.9739442467689514 1.1715859174728394
755 0.601786732673645 0.039166878908872604
756 1.5568374395370483 -1.1713454723358154
757 1.5552690029144287 1.2837679386138916
758 0.7788479328155518 0.8494754433631897
759 1.9919188022613525 0.4250797629356384
760 0.07094985246658325 0.06685708463191986
761 -0.2787439823150635 1.600182056427002
762 -0.43946757912635803 -1.334970474243164
763 0.8076616525650024 0.8890885710716248
764 1.0157378911972046 -0.07251589745283127
765 -0.9591949582099915 1.0503417253494263
766 0.45435869693756104 0.24047300219535828
767 0.08768860250711441 0.12491603940725327
768 0.012127982452511787 -1.2754155397415161
769 0.06261838972568512 0.042821019887924194
770 0.18351778388023376 0.21041926741600037
771 0.41716092824935913 0.859560489654541
772 1.5780307054519653 0.4446212947368622
773 -0.9053769707679749 -0.0047006066888570786
774 1.5520734786987305 -1.1040371656417847
775 1.2133533954620361 -0.667744517326355
776 0.24715834856033325 0.25095075368881226
777 0.05134041979908943 -0.8899623155593872
778 0.9516990780830383 -0.31797340512275696
779 -0.4609731435775757 0.3738933503627777
780 -0.1188076063990593 -0.9855112433433533
781 1.998975396156311 -0.03334158658981323
782 0.0025911149568855762 0.6954792737960815
783 -1.127274990081787 -1.2438609600067139
784 -0.2055065780878067 -0.3747557997703552
785 0.4376767873764038 -0.47856980562210083
786 0.016518358141183853 0.09676375985145569
787 -0.8338382840156555 -0.6647939085960388
788 1.9311065673828125 -0.7432388067245483
789 0.4417291581630707 0.377004474401474
790 0.010372312739491463 0.7311344146728516
791 0.43706104159355164 -0.07947806268930435
792 -0.645392656326294 1.3974326848983765
793 1.3626619577407837 -0.5299990773200989
794 0.25269395112991333 1.6447581052780151
795 -0.2189173698425293 -0.2637248933315277
796 1.0066145658493042 1.5631651878356934
797 0.18434807658195496 -1.798772931098938
798 -0.9562025666236877 1.048646330833435
799 0.06348833441734314 0.806194543838501
800 1.0035589933395386 -0.05066671967506409
801 1.198805809020996 -1.5595543384552002
802 0.14077824354171753 0.7836524248123169
803 0.6806890964508057 -0.08452346920967102
804 0.10181039571762085 -1.342989444732666
805 0.38935384154319763 -0.5103140473365784
806 1.1331241130828857 0.20493121445178986
807 0.4392121136188507 -0.013098901137709618
808 1.4875191450119019 -0.7718993425369263
809 0.30025410652160645 -0.06522828340530396
810 -0.23076771199703217 -0.27747195959091187
811 0.4460717737674713 -0.32475095987319946
812 0.4303797483444214 -0.08757418394088745
813 -1.453102946281433 0.06756693124771118
814 1.3379428386688232 -1.2322180271148682
815 -0.783318042755127 -0.6463059186935425
816 0.8553289175033569 -0.0030306633561849594
817 -0.37360137701034546 0.9419776797294617
818 -0.9736239910125732 1.0415600538253784
819 -1.1149653196334839 -1.257521390914917
820 -0.8013460636138916 -0.6351420283317566
821 1.2732187509536743 0.9384976625442505
822 0.6467284560203552 -1.0939736366271973
823 2.003915548324585 -0.016131334006786346
824 0.43910539150238037 -0.47625014185905457
825 -0.7585044503211975 0.13006025552749634
826 0.42934298515319824 -0.08081325888633728
827 0.9555376768112183 -0.3073687255382538
828 -0.25696924328804016 -0.4630337655544281
829 1.195177674293518 -1.5639421939849854
830 0.5726091265678406 -1.2053699493408203
831 -0.14258061349391937 -0.21129783987998962
832 -0.28607815504074097 1.589953899383545
833 -1.203044056892395 0.774137556552887
834 -0.5230960845947266 -1.4126839637756348
835 0.42255496978759766 -0.0984404981136322
836 1.3623956441879272 0.34153294563293457
837 -1.1785935163497925 -1.2025927305221558
838 1.5090312957763672 -0.4207857549190521
839 0.7597051858901978 -1.766365647315979
840 1.0223256349563599 -0.08019214123487473
841 1.850783348083496 0.7842866778373718
842 0.6974916458129883 0.8501414060592651
843 0.6994927525520325 -0.15050481259822845
844 -0.7932791709899902 0.8055267333984375
845 -1.4246246814727783 -0.39642518758773804
846 0.28269487619400024 1.6374547481536865
847 0.7130126953125 0.34499481320381165
848 0.2526516318321228 0.2661525309085846
849 1.2671096324920654 -1.5172454118728638
850 -0.7997803688049316 -0.6472360491752625
851 1.2495875358581543 0.053089261054992676
852 -0.24996337294578552 -0.6062552332878113
853 1.0047463178634644 0.037946078926324844
854 -0.7724544405937195 -0.7182811498641968
855 0.6552034616470337 -0.25977760553359985
856 0.46808406710624695 0.9776363372802734
857 -0.12061651796102524 -1.0198458433151245
858 1.3988368511199951 -0.6824615597724915
859 -0.6055036783218384 1.049822211265564
860 2.032888412475586 -0.3125380575656891
861 0.7969394326210022 1.1904919147491455
862 0.4545557498931885 -0.34029969573020935
863 0.37561511993408203 0.3288300633430481
864 -0.2159474790096283 -0.2628229856491089
865 2.011995792388916 0.33613529801368713
866 -0.9970570206642151 -0.1605163812637329
867 1.5202223062515259 0.7463811635971069
868 1.2261606454849243 0.05842410773038864
869 1.1989353895187378 -1.5595093965530396
870 -1.219771146774292 0.1587352752685547
871 0.05534977465867996 0.08903753012418747
872 0.8287279009819031 0.044946834444999695
873 0.9412968754768372 -0.3356764614582062
874 -0.03892545402050018 0.6148319840431213
875 -0.8055098652839661 -1.0291836261749268
876 -0.46282660961151123 0.37460386753082275
877 -0.08938445150852203 0.17500333487987518
878 1.0095372200012207 -0.0716257393360138
879 -0.771513819694519 -0.07537088543176651
880 2.0262491703033447 0.23236815631389618
881 -0.4036978781223297 0.39581507444381714
882 -0.1354111284017563 -1.7319353818893433
883 0.24525485932826996 0.23138023912906647
884 0.44701337814331055 -0.4746948182582855
885 0.38766568899154663 -1.8045960664749146
886 -0.4446025788784027 -1.3192939758300781
887 0.7146097421646118 0.8543195128440857
888 0.5530946254730225 0.11276981234550476
889 0.4475732743740082 -0.479174941778183
890 0.9964286684989929 1.3402262926101685
891 2.033280372619629 -0.3843114972114563
892 0.6999198794364929 -0.8256626129150391
893 0.05966935306787491 0.07547884434461594
894 0.0988389402627945 -0.9011420607566833
895 1.3809161186218262 -0.681608259677887
896 -1.2205053567886353 0.28271785378456116
897 0.4629324674606323 0.3821920156478882
898 0.8614852428436279 1.6194169521331787
899 0.7788282036781311 0.8494757413864136
900 1.9805171489715576 -0.05243953689932823
901 -0.025609539821743965 -1.2827098369598389
902 -0.6167521476745605 -1.5914242267608643
903 0.06261485069990158 0.04282303526997566
904 0.4366677403450012 -0.07930822670459747
905 0.24080105125904083 0.23574066162109375
906 1.9841941595077515 0.45677319169044495
907 -0.3436529040336609 -1.0767015218734741
908 -0.2188197672367096 0.7272763848304749
909 -1.2860267162322998 0.16825871169567108
910 0.7909800410270691 1.6448777914047241
911 0.41774630546569824 -0.45908263325691223
912 -0.21200184524059296 -0.3418859541416168
913 -0.1021350771188736 -0.9371297359466553
914 0.4177955090999603 -0.07684117555618286
915 -1.4091732501983643 -0.6047097444534302
916 0.43625539541244507 -0.4701336920261383
917 0.6850509643554688 -1.0422269105911255
918 1.0992491245269775 -0.3076220452785492
919 1.5020524263381958 0.720757007598877
920 -0.5521671175956726 0.6243794560432434
921 0.8759710192680359 -0.02142418920993805
922 0.12143608927726746 -0.8916491866111755
923 -0.16192778944969177 -0.24937713146209717
924 0.05392760783433914 0.08798209577798843
925 0.7378844022750854 -1.0363895893096924
926 0.5997758507728577 -1.169590950012207
927 0.35397225618362427 1.1357444524765015
928 -0.019176729023456573 0.686039388179779
929 0.3163440227508545 1.670760154724121
930 0.4175006151199341 0.8594685792922974
931 -0.6665655374526978 -0.0006198347546160221
932 0.06223222613334656 0.7482489347457886
933 1.0487165451049805 0.38855427503585815
934 -0.423484742641449 0.38619014620780945
935 -0.8302174210548401 -0.7034534811973572
936 0.3416215777397156 0.32284489274024963
937 0.08002761006355286 0.7509756684303284
938 0.14584478735923767 -0.8957805633544922
939 -0.46883535385131836 0.37250474095344543
940 1.0811487436294556 -0.8235280513763428
941 0.6207643747329712 -0.2511709928512573
942 1.0251141786575317 -0.05765906721353531
943 1.9712705612182617 0.49871352314949036
944 -0.5445382595062256 0.2756446599960327
945 0.060446880757808685 0.08461955189704895
946 -0.029966747388243675 0.6837247014045715
947 0.5722467303276062 -1.1775494813919067
948 0.2968578040599823 1.6544994115829468
949 0.3154238164424896 -0.7645747661590576
950 1.354660987854004 1.1858986616134644
951 1.027862787246704 0.38220277428627014
952 0.7329186201095581 -0.9260762929916382
953 -0.15573401749134064 -0.2197016030550003
954 -1.119879126548767 -1.2531400918960571
955 0.7641360759735107 -1.7633991241455078
956 0.20157621800899506 0.21317420899868011
957 0.052486296743154526 0.08357600122690201
958 0.24474988877773285 0.2550860345363617
959 0.24858176708221436 -1.306442379951477
960 -0.6401132345199585 1.3987030982971191
961 -0.12362653017044067 -0.18214674293994904
962 1.1786586046218872 0.7864716053009033
963 0.9360703825950623 -0.3119667172431946
964 0.4444870948791504 -0.43576541543006897
965 -0.5511808395385742 0.6233989000320435
966 0.43489137291908264 0.21398352086544037
967 0.1590813398361206 -0.5101987719535828
968 -1.0637449026107788 1.002490520477295
969 -0.4200838804244995 0.5903118252754211
970 -0.008679335936903954 0.6862779259681702
971 -0.007582478225231171 0.7130020260810852
972 0.8463925123214722 0.0573909617960453
973 0.4473198354244232 -0.0777035504579544
974 0.10126900672912598 0.1181856021285057
975 0.7617900967597961 0.037753697484731674
976 0.4790779948234558 -0.4076874554157257
977 1.1364102363586426 0.8470653295516968
978 -1.3635551929473877 -0.7213087677955627
979 1.4128162860870361 1.4239815473556519
980 1.6127477884292603 -1.2045310735702515
981 -1.2878752946853638 0.16849642992019653
982 0.04269267991185188 0.10690499097108841
983 0.014981282874941826 0.10377722978591919
984 -0.8627570271492004 -0.1940990537405014
985 -0.17803609371185303 -0.27147582173347473
986 1.7013530731201172 -1.102940559387207
987 1.9989746809005737 -0.28297609090805054
988 -0.7561298608779907 -0.7738094925880432
989 0.9785391092300415 1.587106704711914
990 -0.8061253428459167 -0.10529675334692001
991 0.4592207968235016 0.37877506017684937
992 1.5687137842178345 0.6665366888046265
993 -0.4598173499107361 0.4569246470928192
994 0.2794853448867798 1.2350817918777466
995 0.42372968792915344 0.8660047650337219
996 -1.2189096212387085 0.7541635632514954
997 -0.1804957091808319 -0.23199261724948883
998 0.46964219212532043 0.2673472762107849
999 0.27325719594955444 -0.4695128798484802
1000 0.5659992694854736 0.025513174012303352
1001 0.05110754817724228 0.09991000592708588
1002 0.4941902160644531 -0.041469015181064606
1003 0.4408155083656311 -0.46723130345344543
1004 1.9848628044128418 -0.049839816987514496
1005 0.43734994530677795 0.38183754682540894
1006 1.1982696056365967 0.6467975378036499
1007 1.5045626163482666 -1.2138350009918213
1008 0.7921299338340759 -0.010297656990587711
1009 -0.3742351830005646 -1.4167379140853882
1010 -1.447365164756775 0.05089810490608215
1011 -0.29014861583709717 -0.7391912937164307
1012 1.199028491973877 0.47439345717430115
1013 0.45253241062164307 0.3819534182548523
1014 -0.6547011137008667 1.3800334930419922
1015 -0.8061068058013916 -0.10526920109987259
1016 1.1406594514846802 -0.38848355412483215
1017 -0.03127775341272354 1.3923848867416382
1018 -0.8579811453819275 -0.17939171195030212
1019 -0.9850972890853882 0.05592038482427597
1020 1.8342270851135254 0.8188225030899048
1021 -0.6188268065452576 -1.5906553268432617
1022 0.44288185238838196 -0.4657207727432251
1023 1.5685676336288452 1.27157461643219
1024 1.0415257215499878 0.4674846827983856
1025 1.9918091297149658 0.4283016622066498
1026 -0.28036314249038696 -0.7871919870376587
1027 2.0082597732543945 0.328436017036438
1028 -0.598169207572937 0.14382940530776978
1029 -0.19317549467086792 -0.26804596185684204
1030 0.7341063618659973 -0.9651868343353271
1031 0.6437776684761047 -0.2720848619937897
1032 0.7378289699554443 -0.025211932137608528
1033 -0.24787844717502594 -0.33132538199424744
1034 1.2884397506713867 1.41178297996521
1035 1.6543904542922974 -1.0853508710861206
1036 0.23437167704105377 -0.4771302342414856
1037 0.05062234029173851 -0.8665416836738586
1038 0.8704620003700256 -0.43498849868774414
1039 -0.6140607595443726 -1.5923691987991333
1040 0.7849240899085999 0.8485148549079895
1041 -0.24355681240558624 -0.49743205308914185
1042 -0.8110813498497009 -1.044189453125
1045 -0.6358117461204529 -1.5830211639404297
1046 0.2709869146347046 1.2266967296600342
1047 0.08796856552362442 -0.5956884622573853
1048 -0.8385033011436462 -1.0289151668548584
1049 -0.4014510214328766 0.431819885969162
1050 0.4328613579273224 0.38301533460617065
1051 -0.8307642936706543 -1.0865966081619263
1052 -1.4240347146987915 -0.46497857570648193
1053 1.393415927886963 -0.5157678127288818
1054 -1.1735504865646362 -1.207083821296692
1055 0.42998355627059937 0.20249594748020172
1056 -0.17543144524097443 -0.3526005148887634
1057 1.6910734176635742 1.0246549844741821
1058 -0.15064950287342072 -0.22871553897857666
1059 0.6391384601593018 -0.263958215713501
1060 0.8644091486930847 1.6165333986282349
1061 0.04722803458571434 0.10894327610731125
1062 -1.4218286275863647 0.15336458384990692
1063 -0.18657748401165009 -0.3880893588066101
1064 1.2557823657989502 0.3851333260536194
1065 0.09346272796392441 0.7205204963684082
1066 0.59074866771698 0.4477314352989197
1067 -0.4733966886997223 0.39002594351768494
1068 0.4386143684387207 0.37828800082206726
1069 0.8330524563789368 -1.741105318069458
1070 1.5292571783065796 -0.3842542767524719
1071 -0.1539257913827896 1.6409754753112793
1072 0.7534583806991577 -1.7697972059249878
1073 -0.4502052664756775 0.4281623065471649
1074 -0.10911789536476135 1.6547448635101318
1075 -0.1565648764371872 1.6395111083984375
1076 0.9473889470100403 -0.08259239792823792
1077 -0.9265586733818054 1.0524085760116577
1078 1.7190476655960083 0.991822361946106
1079 1.9692902565002441 -0.6583336591720581
1080 1.1416677236557007 -0.38753119111061096
1081 1.2075756788253784 -1.5530922412872314
1082 1.025630235671997 -0.07356738299131393
1083 0.3055771589279175 -0.46837279200553894
1084 -1.2256908416748047 0.6534244418144226
1085 0.4237489402294159 -1.8017492294311523
1086 -0.013491052202880383 0.12343814224004745
1087 0.44312840700149536 0.3726349174976349
1088 0.25821346044540405 0.23853085935115814
1089 0.405857115983963 -1.270526647567749
1090 1.9948339462280273 -0.04627033323049545
1091 -0.21043649315834045 -0.22910994291305542
1092 -0.38162463903427124 -1.6468374729156494
1093 0.39871060848236084 -0.13145038485527039
1094 -0.9541952013969421 1.0487700700759888
1095 0.6180961728096008 0.4376359283924103
1096 1.4143846035003662 -0.7153828144073486
1097 0.6801916360855103 -0.9929400682449341
1098 0.14505603909492493 -1.3227779865264893
1099 -0.2407425194978714 -0.2884412407875061
1100 0.28379902243614197 -0.7374093532562256
1101 1.0297566652297974 0.379970908164978
1102 0.35957086086273193 1.6812337636947632
1103 1.4955432415008545 0.7065367698669434
1104 1.0843967199325562 -0.8262650370597839
1105 0.48141995072364807 -0.37139979004859924
1106 0.8076977729797363 0.8890911936759949
1107 0.5982365608215332 -0.29174089431762695
1108 0.6521704196929932 -0.25854915380477905
1109 -0.14829222857952118 -1.7302820682525635
1110 1.5038249492645264 0.6999249458312988
1111 1.4053593873977661 -1.2000125646591187
1112 1.3091992139816284 1.389044165611267
1113 0.3910129964351654 -1.8030645847320557
1114 0.061396725475788116 0.8042048811912537
1115 0.96294105052948 -0.29851213097572327
1116 -0.19193178415298462 -0.26078349351882935
1117 0.7572528123855591 -1.7699401378631592
1118 -0.1143953874707222 1.6506175994873047
1119 -1.2282761335372925 0.6310176849365234
1120 1.0537915229797363 -1.6389459371566772
1121 -1.1273802518844604 -1.244201898574829
1122 0.25195881724357605 -0.47778353095054626
1123 0.42259737849235535 -0.4517582356929779
1124 0.017570490017533302 -0.8417559862136841
1125 0.8433709144592285 1.197614073753357
1126 0.7656236290931702 1.6486247777938843
1127 0.02677955850958824 0.7568451166152954
1128 0.6835272312164307 0.43928804993629456
1129 0.4474892020225525 -0.08022985607385635
1130 1.9174973964691162 0.6187364459037781
1131 -0.7853614687919617 0.7864229679107666
1132 0.03029876947402954 -0.8052971363067627
1133 -0.771513819694519 -0.0753718912601471
1134 0.7088205814361572 0.4373864233493805
1135 -0.08346211165189743 0.1748766452074051
1136 0.0065107448026537895 -1.7920732498168945
1137 0.04438558220863342 0.16985216736793518
1138 -0.6614808440208435 1.3740795850753784
1139 0.7341277003288269 -0.9651513695716858
1140 0.6464221477508545 -0.2539350390434265
1141 1.426584005355835 1.322770357131958
1142 1.5823251008987427 -0.2887001931667328
1143 1.12577486038208 -0.3686096966266632
1144 1.167972445487976 0.01724647916853428
1145 1.6007840633392334 1.239809513092041
1146 1.8342689275741577 0.8185112476348877
1147 1.9989697933197021 -0.032170236110687256
1148 -0.07983629405498505 0.6737803816795349
1149 0.6834378838539124 0.43921539187431335
1150 1.2407673597335815 -1.5272798538208008
1151 -0.6422186493873596 -1.579493761062622
1152 2.0011744499206543 0.35631927847862244
1153 1.3868056535720825 -0.5277351140975952
1154 -1.227466106414795 0.6492496728897095
1155 -0.523723840713501 0.27569177746772766
1156 -1.0220108032226562 0.004229261539876461
1157 0.1600576788187027 0.7569886445999146
1158 0.7023053169250488 -1.059884786605835
1159 -1.1677590608596802 0.1776767522096634
1160 1.6186400651931763 -0.008545465767383575
1161 -0.24609482288360596 -0.3254447281360626
1162 0.2674095928668976 -0.47196170687675476
1163 -0.05299865081906319 0.6267690658569336
1164 0.09640803933143616 0.12391704320907593
1165 -0.10738632827997208 0.728882372379303
1166 1.0705372095108032 -0.824051558971405
1167 0.5781877636909485 0.02604358270764351
1168 0.30820032954216003 1.6558623313903809
1169 -1.2738808393478394 -0.9032079577445984
1170 0.26216933131217957 1.2768197059631348
1171 -0.22054904699325562 0.7261860370635986
1172 1.7014522552490234 1.0041624307632446
1173 -1.4508835077285767 -0.40817368030548096
1174 -0.32089680433273315 0.723448634147644
1175 1.2669007778167725 0.4257124960422516
1176 1.1889433860778809 -1.5664516687393188
1177 0.24171829223632812 -1.783710241317749
1178 -0.23348288238048553 -0.31823334097862244
1179 1.9989089965820312 -0.03217820078134537
1180 -1.3234851360321045 -0.27520114183425903
1181 0.3781118392944336 -0.14214615523815155
1182 0.40587982535362244 -1.2705078125
1183 0.5154595971107483 -0.31700143218040466
1184 2.048973798751831 -0.4506547451019287
1185 -0.03193618357181549 0.1696450114250183
1186 -0.5989782214164734 0.11532219499349594
1187 0.35825443267822266 -1.3112850189208984
1188 1.3364704847335815 1.3719031810760498
1189 0.482648640871048 0.2897985875606537
1190 -0.22824203968048096 -0.2757139205932617
1191 -0.09101525694131851 0.17465989291667938
1192 1.1322007179260254 0.20402394235134125
1193 0.4574774503707886 0.3796211779117584
1194 1.3137339353561401 -0.5985023379325867
1195 0.639138400554657 -0.26395952701568604
1196 0.6934027075767517 0.867255449295044
1197 -0.1347292959690094 -0.21093329787254333
1198 0.4453490078449249 0.3765319287776947
1199 0.440635621547699 0.37628254294395447
1200 0.3907294273376465 -1.8029955625534058
1201 0.4300213158130646 -0.38374418020248413
1202 0.2486654818058014 0.2596011161804199
1203 0.23773570358753204 -0.4799553155899048
1204 1.0340453386306763 0.40472161769866943
1205 0.054729003459215164 0.09546848386526108
1206 1.3531702756881714 -1.2539185285568237
1207 -0.9263466596603394 1.0552268028259277
1208 -0.8345191478729248 -0.46733564138412476
1209 0.6021676659584045 -1.1657805442810059
1210 -0.6566534638404846 1.3830697536468506
1211 0.2702237665653229 1.2117027044296265
1212 0.6088638305664062 0.43377721309661865
1213 1.6336150169372559 0.4647923409938812
1214 -0.7922605276107788 -0.6925813555717468
1215 0.07718786597251892 0.7531547546386719
1216 -0.6599181890487671 1.3828634023666382
1217 0.37973552942276 -1.8030205965042114
1218 -0.18514329195022583 1.6469942331314087
1219 -0.40455561876296997 0.39510512351989746
1220 -1.1874884366989136 0.8843021988868713
1221 -0.8668966293334961 -0.21615037322044373
1222 1.0165375471115112 -0.07357700169086456
1223 -0.2190133035182953 -0.27904853224754333
1224 -0.7600542902946472 -0.8186964392662048
1225 -0.23223446309566498 -0.3564915359020233
1226 1.0965501070022583 1.3729465007781982
1227 1.0204328298568726 0.3867246210575104
1228 -0.36012256145477295 0.4012771546840668
1229 -0.6573267579078674 1.3758841753005981
1230 1.6367087364196777 -0.197731614112854
1231 2.0049326419830322 -0.028076963499188423
1232 1.532918930053711 -1.1936501264572144
1233 -1.1815263032913208 0.5983946919441223
1234 1.1969218254089355 -1.5635395050048828
1235 1.3412271738052368 -0.5634872913360596
1236 -0.0761425569653511 0.17435988783836365
1237 1.1878862380981445 -1.2249799966812134
1238 0.8075495958328247 -0.9685871601104736
1239 -1.4138591289520264 -0.5190434455871582
1240 1.07796049118042 -0.8344610333442688
1241 -1.3279086351394653 -0.3017711937427521
1242 2.036254644393921 -0.5035870671272278
1243 -0.17424236238002777 -0.3516319692134857
1244 1.213734745979309 -0.6673738360404968
1245 -1.1830323934555054 0.6330318450927734
1246 1.0257185697555542 0.387947678565979
1247 -0.7600530982017517 -0.8187015056610107
1248 0.4331448972225189 -0.07970686256885529
1249 1.4715166091918945 0.7388274669647217
1250 -0.8186896443367004 -0.6376667022705078
1251 -0.22394974529743195 -0.28858891129493713
1252 1.5822956562042236 -0.28876033425331116
1253 2.0158531665802 0.2727169990539551
1254 -1.1708190441131592 0.595271646976471
1255 -0.2478744238615036 -1.6786597967147827
1256 -0.11684364825487137 -0.1942356675863266
1257 -0.17563699185848236 -0.35264450311660767
1258 0.240043044090271 -0.48411232233047485
1259 1.9703470468521118 -0.6622595191001892
1260 -1.4323418140411377 -0.3544413447380066
1261 0.38778001070022583 -1.8046497106552124
1262 -1.2184388637542725 -0.04524929076433182
1263 0.016480106860399246 0.09678342938423157
1264 0.8255857825279236 -0.4124636948108673
1265 -1.1100934743881226 0.1333966851234436
1266 1.0808573961257935 -0.8347982168197632
1267 0.3376452624797821 -0.14596600830554962
1268 -0.30770766735076904 1.5773134231567383
1269 -0.24577166140079498 -0.31944218277931213
1270 -0.2892928123474121 1.5548697710037231
1271 -0.3632732927799225 0.42409852147102356
1272 0.4559062421321869 0.2400905340909958
1273 0.7856075763702393 1.6445856094360352
1274 0.7520630955696106 -1.768047571182251
1275 1.608253836631775 0.008733736351132393
1276 0.6439836025238037 -0.2722536325454712
1277 0.05046325549483299 0.08235222846269608
1278 2.007284641265869 0.3301945924758911
1279 1.090173602104187 0.43452125787734985
1280 1.1767016649246216 -1.5747343301773071
1281 1.7862108945846558 -0.9493151307106018
1282 1.567872166633606 1.2709856033325195
1283 0.6685295701026917 -0.21637064218521118
1284 0.4206995368003845 -0.45349884033203125
1285 -0.28330090641975403 -0.7715643048286438
1286 0.2518576979637146 0.26071619987487793
1287 0.0016712738433852792 0.7385743856430054
1288 -0.16881228983402252 0.7093187570571899
1289 0.8269431591033936 1.6279051303863525
1290 -0.656455397605896 0.05638362467288971
1291 0.12709935009479523 0.8284112811088562
1292 0.38350409269332886 -1.803008794784546
1293 0.9834665656089783 -1.6734381914138794
1294 0.3810807466506958 0.3553783893585205
1295 0.9585395455360413 -0.30843082070350647
1296 0.16402633488178253 -1.797614574432373
1297 0.42912134528160095 0.2153862714767456
1298 -0.025079350918531418 0.6815723180770874
1299 0.5018937587738037 1.682286262512207
1300 1.0238004922866821 0.38744497299194336
1301 -0.6625142693519592 0.003582913428544998
1302 -0.8961400985717773 -1.015748381614685
1303 0.6459554433822632 0.020141996443271637
1304 0.2784947454929352 -0.4707692265510559
1305 0.4530305862426758 -0.43019357323646545
1306 -0.7903110384941101 -0.05963331088423729
1307 -0.792090892791748 -0.09561923891305923
1308 0.6025879383087158 -1.1706264019012451
1309 0.3050287067890167 -1.227862000465393
1310 0.4628150165081024 -0.45279639959335327
1311 0.6174314022064209 0.446338951587677
1312 -0.05571470782160759 0.45761755108833313
1313 0.4475478231906891 -0.0720345750451088
1314 1.0251245498657227 -0.05765647441148758
1315 -0.21232785284519196 -0.41033419966697693
1316 -0.20531657338142395 -0.37489086389541626
1317 0.025451239198446274 -0.9031986594200134
1318 0.056102849543094635 0.10674769431352615
1319 1.3654240369796753 0.7041680216789246
1320 0.062482550740242004 0.7601665258407593
1321 1.7819552421569824 -0.9683014154434204
1322 0.4580051600933075 -0.05973546579480171
1323 -0.6014164090156555 0.10944187641143799
1324 0.25817036628723145 0.2712962031364441
1325 -0.8024298548698425 -0.4156896770000458
1326 -0.2006722241640091 -0.36683782935142517
1327 -0.32543402910232544 0.4350491166114807
1328 1.603941559791565 -0.22455760836601257
1329 -0.08424945920705795 1.0070513486862183
1330 -1.1899977922439575 0.5990028381347656
1331 0.4435366988182068 -0.43157893419265747
1332 0.24013195931911469 -0.4783913493156433
1333 0.27849113941192627 -0.4707787334918976
1334 -1.204864263534546 0.7870415449142456
1335 -0.43752095103263855 -1.3202182054519653
1336 0.41578367352485657 0.2760199010372162
1337 -0.34553229808807373 0.4073357880115509
1338 1.0328092575073242 0.38108107447624207
1339 1.1242122650146484 -1.604577660560608
1340 -0.20942947268486023 -0.276966392993927
1341 0.09026605635881424 1.31537926197052
1342 -0.12597084045410156 0.7260258793830872
1343 0.7932825088500977 0.8882798552513123
1344 -0.6473281383514404 1.3838435411453247
1345 -1.2644201517105103 0.6363312005996704
1346 -0.6384116411209106 -1.5741276741027832
1347 -0.6069086790084839 0.07094498723745346
1348 1.0383764505386353 -0.8999933004379272
1349 -1.1243422031402588 -1.2456680536270142
1350 1.2265266180038452 0.057963814586400986
1351 0.25204217433929443 -0.4782405495643616
1352 -1.3316807746887207 -0.3109835386276245
1353 0.4367412030696869 0.2119162678718567
1354 -0.4186926782131195 -1.4075076580047607
1355 0.24059955775737762 -0.47584354877471924
1356 0.9656870365142822 -0.9877448678016663
1357 -0.3964761197566986 0.3913474380970001
1358 0.23819372057914734 -1.784833550453186
1359 1.1975494623184204 1.0133848190307617
1360 1.869925856590271 -0.8811176419258118
1361 -1.1900328397750854 0.5987449884414673
1362 1.0137922763824463 -0.07626370340585709
1363 0.12318804860115051 0.8043119311332703
1364 0.07465896010398865 0.08752021938562393
1365 1.0799082517623901 -0.8251378536224365
1366 -0.2983629107475281 1.5855501890182495
1367 0.37084776163101196 0.31577268242836
1368 1.0167624950408936 0.04057173430919647
1369 -0.3556385934352875 0.4050278067588806
1370 -0.6166635751724243 -1.591457724571228
1371 0.26765012741088867 1.6409823894500732
1372 0.717709481716156 -1.0372868776321411
1373 1.0797265768051147 -0.8226222991943359
1374 0.705372154712677 -1.0466967821121216
1375 1.2809255123138428 -1.2393641471862793
1376 0.45541760325431824 -0.4602785110473633
1377 0.423126757144928 -0.4727831482887268
1378 0.343475341796875 -1.3048838376998901
1379 1.0490847826004028 0.38144731521606445
1380 -0.8018435835838318 -0.6390611529350281
1381 0.2700327932834625 1.2684144973754883
1382 -0.1487777978181839 -0.24495577812194824
1383 0.4072158634662628 0.22436754405498505
1384 1.1672435998916626 0.7010496854782104
1385 0.3093249797821045 -1.303860068321228
1386 -0.895928680896759 0.7915189266204834
1387 -0.08687993139028549 0.18977764248847961
1388 0.06535302102565765 -0.6690497398376465
1389 0.25703921914100647 -0.4911941587924957
1390 -0.19310608506202698 -0.3130049705505371
1391 -0.6541572213172913 1.3815473318099976
1392 -0.4032440483570099 1.1301965713500977
1393 1.3012219667434692 0.2415512502193451
1394 -0.16650719940662384 0.7186451554298401
1395 1.3336855173110962 -0.5753579139709473
1396 0.42714184522628784 -0.09703677892684937
1397 0.6779996156692505 -0.8061100244522095
1398 -0.21073408424854279 -0.22989033162593842
1399 1.9860351085662842 -0.6259130239486694
1400 1.4592596292495728 -1.3464584350585938
1401 0.27098768949508667 1.640164852142334
1402 -0.1798315793275833 0.892963171005249
1403 0.4272440969944 -0.09327138960361481
1404 0.95654296875 0.039769869297742844
1405 0.7376245856285095 0.8331249356269836
1406 0.021949108690023422 0.12675820291042328
1407 -0.17840740084648132 -0.3231571912765503
1408 -0.2959641218185425 1.587361216545105
1409 -0.45803382992744446 0.37403905391693115
1410 -0.18502198159694672 1.643668293952942
1411 0.4592489004135132 -0.4057621955871582
1412 1.392042875289917 0.2204788625240326
1413 0.7357651591300964 0.4404669404029846
1414 1.9918142557144165 0.4282814860343933
1415 -0.6543681025505066 -0.9576384425163269
1416 -0.15749825537204742 -0.19930437207221985
1417 -0.46306419372558594 0.36016932129859924
1418 0.6072210073471069 0.43204742670059204
1419 1.9918416738510132 0.42817044258117676
1420 0.10839411616325378 0.1730160266160965
1421 0.594362199306488 0.020116213709115982
1422 2.0490612983703613 -0.44108742475509644
1423 -0.9078513979911804 -0.4420705735683441
1424 -0.2221781462430954 0.7170312404632568
1425 0.7026243805885315 -1.093794822692871
1426 0.4410659074783325 -0.46845000982284546
1427 -0.03243555501103401 1.3922538757324219
1428 1.582817554473877 -0.2870103120803833
1429 -1.3640787601470947 -0.6889510750770569
1430 0.27849429845809937 -0.4707692265510559
1431 0.36087480187416077 1.1083208322525024
1432 0.45798608660697937 0.08286160230636597
1433 -0.6547264456748962 1.3800315856933594
1434 0.4555650055408478 0.07895620167255402
1435 0.021349530667066574 -0.8891937732696533
1436 0.44571205973625183 -0.4847445487976074
1437 0.7012510895729065 0.8510563969612122
1438 0.5943639874458313 0.020116273313760757
1439 -1.3818163871765137 -0.7844032645225525
1440 -0.867846667766571 -0.530044436454773
1441 0.5489324927330017 -1.2072100639343262
1442 -0.22149443626403809 -0.48833003640174866
1443 0.4369925558567047 0.2120954394340515
1444 -0.6039042472839355 1.0297274589538574
1445 -0.025082115083932877 0.681571364402771
1446 0.042842429131269455 -0.7660534381866455
1447 0.43160295486450195 0.1976405680179596
1448 0.41353821754455566 1.100516438484192
1449 -0.1795225441455841 -1.7179899215698242
1450 0.27101922035217285 1.227443814277649
1451 0.5909504294395447 1.1515228748321533
1452 0.4366687834262848 -0.0793091282248497
1453 0.3594062924385071 -1.7992393970489502
1454 -0.016318701207637787 0.6936947703361511
1455 1.2363172769546509 0.9513092637062073
1456 0.0021930024959146976 -0.9458598494529724
1457 1.619728684425354 -0.22808635234832764
1458 0.8150585293769836 -1.7493880987167358
1459 0.04056553170084953 -0.8935158252716064
1460 -0.09282112121582031 1.3566703796386719
1461 -0.22675928473472595 -1.6960177421569824
1462 -0.08435515314340591 0.1751384437084198
1463 1.4948225021362305 0.7157202959060669
1464 -0.8331512808799744 -1.338001012802124
1465 1.990691900253296 0.43256160616874695
1466 0.6564883589744568 0.8601394891738892
1467 0.2751936912536621 -0.4675928056240082
1468 1.0250624418258667 -0.05768394097685814
1469 -0.22021418809890747 -0.2636236846446991
1470 0.6567553281784058 0.4439601004123688
1471 0.6698057055473328 -0.7570897936820984
1472 0.02705639973282814 0.8379228711128235
1473 -0.8024297952651978 -0.41585785150527954
1474 -0.4464755654335022 -1.3155287504196167
1475 -0.19430874288082123 -1.7202540636062622
1476 1.999265193939209 -0.02435772307217121
1477 0.2870308458805084 -0.47937411069869995
1478 -0.3034396767616272 1.5831533670425415
1479 0.007907301187515259 0.7141515612602234
1480 -0.6535399556159973 1.3817323446273804
1481 -0.5513703227043152 0.26592981815338135
1482 1.9961200952529907 -0.048235706984996796
1483 1.5020548105239868 0.7207562923431396
1484 0.6680927872657776 0.9002041816711426
1485 0.5573611259460449 0.03287089988589287
1486 0.15712414681911469 -1.8008438348770142
1487 0.4070259630680084 -0.06730487197637558
1488 1.0763862133026123 -0.8419853448867798
1489 -1.447495460510254 0.051242560148239136
1490 -0.19244618713855743 0.7139421701431274
1491 -1.2317930459976196 0.7479956746101379
1492 0.5997750759124756 -1.169582486152649
1493 -0.6368208527565002 -0.9587428569793701
1494 1.1637433767318726 0.04164779186248779
1495 -0.06919044256210327 -1.2858339548110962
1496 -0.25245195627212524 0.7155604362487793
1497 0.4181699752807617 0.1885436326265335
1498 -0.032991923391819 0.127405047416687
1499 1.3885517120361328 0.2866068482398987
1500 0.4961279332637787 0.3880751132965088
1501 0.2652740478515625 0.2436804622411728
1502 0.4141029715538025 0.17559662461280823
1503 0.00018202140927314758 -1.7921557426452637
1504 -1.0341604948043823 -1.0740803480148315
1505 0.047325462102890015 -0.7954455018043518
1506 0.2781210243701935 -0.4724697172641754
1507 -0.17908433079719543 -1.7181599140167236
1508 -0.15926653146743774 -0.24912036955356598
1509 1.2486083507537842 0.0516546405851841
1510 1.586234211921692 -0.2914160192012787
1511 -0.19553904235363007 1.62453293800354
1512 -0.6074817776679993 -1.5540330410003662
1513 1.9918268918991089 0.428225576877594
1514 -0.30929669737815857 -0.7080515027046204
1515 0.6782488822937012 -0.8039642572402954
1516 -0.10345876961946487 -0.9533977508544922
1517 -1.005232334136963 1.0260839462280273
1518 0.4473004937171936 -0.32721269130706787
1519 1.2551945447921753 0.04044467210769653
1520 0.41975530982017517 -0.41217100620269775
1521 0.5108258128166199 -0.3331282436847687
1522 0.0412316620349884 0.1008639708161354
1523 -0.8310098052024841 0.7897006273269653
1524 1.289865255355835 0.26146331429481506
1525 0.16392205655574799 -1.7976033687591553
1526 1.9169560670852661 -0.7386615872383118
1527 -0.1278841495513916 -0.21410878002643585
1528 -0.34517040848731995 0.40733635425567627
1529 -0.8134458065032959 -0.6523621082305908
1530 1.512647032737732 0.6959109306335449
1531 0.6753189563751221 -0.09000749886035919
1532 0.6405162215232849 -0.2646178603172302
1533 -0.754138708114624 -0.7134333848953247
1534 -0.2491457164287567 -0.3635648488998413
1535 -0.23975007236003876 -0.2875346839427948
1536 -0.645383894443512 -1.5787632465362549
1537 -1.4022377729415894 -0.6205430030822754
1538 0.6839512586593628 0.8693931102752686
1539 -0.6502422094345093 1.3815345764160156
1540 1.0414550304412842 0.43886515498161316
1541 -0.10599672794342041 -0.9690004587173462
1542 1.4185162782669067 -1.2084591388702393
1543 0.6778466105461121 -0.8065863847732544
1544 -0.1724088191986084 -0.22931846976280212
1545 0.48055797815322876 1.6907448768615723
1546 -0.6069064736366272 0.07094766944646835
1547 -0.532166063785553 0.17723816633224487
1548 -0.5843515992164612 1.108678936958313
1549 -0.09580995887517929 -0.9421862363815308
1550 -0.653770923614502 1.3834925889968872
1551 0.47869041562080383 1.69003164768219
1552 0.08279046416282654 0.117791086435318
1553 0.8748948574066162 -0.41305840015411377
1554 -0.19404782354831696 -1.7203510999679565
1555 0.7526929378509521 -1.0257399082183838
1556 -0.18291635811328888 -0.3539382815361023
1557 1.1987922191619873 -1.5595591068267822
1558 -0.5945414900779724 0.2699691951274872
1559 0.1639968603849411 -1.7976136207580566
1560 0.6699656248092651 -0.00679372064769268
1561 0.3001810908317566 -0.06506281346082687
